0;30;993.78;0.0761108;1223.89;40;0;90
0.01;30;993.964;0.259888;1243.3;40;0;90
0.02;30;994.018;0.313904;1267.86;40;0;90
0.03;30;993.934;0.230103;1298;40;0;90
0.04;30;993.884;0.180298;1326.83;40;0;90
0.05;30;993.945;0.241089;1351.19;40;0;90
0.06;30;993.968;0.263855;1377.04;40;0;90
0.07;30;993.868;0.164001;1407.88;40;0;90
0.08;30;994.003;0.2995;1429.19;40;0;90
0.09;30;994.069;0.364685;1453.26;40;0;90
0.1;30;993.876;0.171997;1487.81;40;0;90
0.11;30;993.905;0.201355;1513.46;40;0;90
0.12;30;994.074;0.370056;1533.37;40;0;90
0.13;30;994.026;0.321899;1562.01;40;0;90
0.14;30;993.901;0.196655;1593.84;40;0;90
0.15;30;994.088;0.383606;1613.02;40;0;90
0.16;30;993.93;0.225952;1646.12;40;0;90
0.17;30;993.936;0.232056;1672.67;40;0;90
0.18;30;993.956;0.252502;1698.63;40;0;90
0.19;30;993.867;0.163452;1729.04;40;0;90
0.2;30;993.836;0.132568;1757.16;40;0;90
0.21;30;993.886;0.181702;1782.03;40;0;90
0.22;30;993.943;0.238708;1806.53;40;0;90
0.23;30;993.842;0.137756;1837.45;40;0;90
0.24;30;993.964;0.259766;1859.33;40;0;90
0.25;30;994.448;0.744568;1866.27;40;0;90
0.26;30;994.294;0.589905;1898.93;40;0;90
0.27;30;995.883;2.17896;1860.4;40;0;90
0.28;30;996.844;3.13995;1846.14;40;0;90
0.29;30;996.738;3.03375;1874.65;40;0;90
0.3;30;998.875;5.17157;1811.49;40;0;90
0.31;30;1000.36;6.65131;1773.31;40;0;90
0.32;30;1000.48;6.7738;1789.32;40;0;90
0.33;30;1002.63;8.93091;1721.99;40;0;90
0.34;30;1002.97;9.27075;1727.06;40;0;90
0.35;30;1004.04;10.3411;1701.94;40;0;90
0.36;30;1006.15;12.4503;1633.36;40;0;90
0.37;30;1006.53;12.8289;1633.67;40;0;90
0.38;30;1007.9;14.2007;1593.02;40;0;90
0.39;30;1009.83;16.1303;1528.32;40;0;90
0.4;30;1010.14;16.4331;1528.42;40;0;90
0.41;30;1012.22;18.519;1455.31;40;0;90
0.42;30;1013.83;20.1278;1399.85;40;0;90
0.43;30;1014.18;20.4761;1394.49;40;0;90
0.44;30;1016.59;22.8893;1304.36;40;0;90
0.45;30;1017.15;23.4412;1288.19;40;0;90
0.46;30;1016.95;23.2415;1302.26;40;0;90
0.47;30;1018.94;25.2365;1226.74;40;0;90
0.48;30;1019.09;25.3858;1224.92;40;0;90
0.49;30;1020.88;27.1798;1155.7;40;0;90
0.5;30;1022.57;28.8635;1089.38;40;0;90
0.51;30;1022.09;28.39;1109.77;40;0;90
0.52;30;1022.61;28.9098;1089.95;40;0;90
0.53;30;1022.9;29.1944;1079.3;40;0;90
0.54;30;1022.27;28.5659;1105.73;40;0;90
0.55;30;1023.08;29.376;1073.88;40;0;90
0.56;30;1023.19;29.4868;1069.92;40;0;90
0.57;30;1022.42;28.7122;1102.06;40;0;90
0.58;30;1023.29;29.5845;1067.54;40;0;90
0.59;30;1023.14;29.4356;1074;40;0;90
0.6;30;1022.66;28.9568;1094.09;40;0;90
0.61;30;1023.43;29.7235;1063.67;40;0;90
0.62;30;1023.01;29.3012;1081.19;40;0;90
0.63;30;1021.23;27.5274;1154.37;40;0;90
0.64;30;1020.24;26.5322;1197.3;40;0;90
0.65;30;1020.74;27.0357;1179.83;40;0;90
0.66;30;1019.83;26.1307;1219.51;40;0;90
0.67;30;1018.37;24.6648;1282.95;40;0;90
0.68;30;1018.09;24.3873;1299.1;40;0;90
0.69;30;1016.53;22.8214;1368.2;40;0;90
0.7;30;1016.97;23.2674;1356.42;40;0;90
0.71;30;1015.48;21.7724;1423.62;40;0;90
0.72;30;1014.71;21.0069;1462.34;40;0;90
0.73;30;1015.34;21.6405;1444.51;40;0;90
0.74;30;1013.48;19.7798;1528.14;40;0;90
0.75;30;1013.77;20.0678;1525.56;40;0;90
0.76;30;1013.78;20.073;1534.29;40;0;90
0.77;30;1012.25;18.5507;1605.48;40;0;90
0.78;30;1012.62;18.9201;1600.68;40;0;90
0.79;30;1011.52;17.8178;1655.73;40;0;90
0.8;30;1011.64;17.9324;1662.01;40;0;90
0.81;30;1012.44;18.7359;1640.01;40;0;90
0.82;30;1011.05;17.3419;1707.16;40;0;90
0.83;30;1011.36;17.6599;1705.55;40;0;90
0.839999;30;1012.91;19.2063;1653.41;40;0;90
0.849999;30;1012.3;18.5955;1688.1;40;0;90
0.859999;30;1012.79;19.0816;1678.48;40;0;90
0.869999;30;1012.78;19.0777;1688.47;40;0;90
0.879999;30;1012.93;19.2259;1692.24;40;0;90
0.889999;30;1014.12;20.4123;1653.41;40;0;90
0.899999;30;1015.03;21.3238;1624.76;40;0;90
0.909999;30;1015.36;21.6532;1619.1;40;0;90
0.919999;30;1016.77;23.0704;1568.65;40;0;90
0.929999;30;1016.81;23.1028;1573.56;40;0;90
0.939999;30;1017.49;23.7881;1551.74;40;0;90
0.949999;30;1018.38;24.675;1521.05;40;0;90
0.959999;30;1018.29;24.5901;1529.32;40;0;90
0.969999;30;1018.89;25.1909;1509.62;40;0;90
0.979999;30;1019.82;26.1141;1476.18;40;0;90
0.989999;30;1019.36;25.6546;1498.47;40;0;90
0.999999;30;1020.59;26.882;1452.19;40;0;90
1.01;30;1020.88;27.1754;1442.99;40;0;90
1.02;30;1020.33;26.6302;1467.83;40;0;90
1.03;30;1021.26;27.5564;1432.98;40;0;90
1.04;30;1021.55;27.8477;1423.27;40;0;90
1.05;30;1021.27;27.5616;1436.91;40;0;90
1.06;30;1022.33;28.6217;1395.74;40;0;90
1.07;30;1022.37;28.6635;1395.28;40;0;90
1.08;30;1021.54;27.838;1430.24;40;0;90
1.09;30;1022.41;28.7035;1396.79;40;0;90
1.1;30;1021.3;27.5988;1443.14;40;0;90
1.11;30;1020.56;26.855;1475.72;40;0;90
1.12;30;1020.48;26.7781;1481.69;40;0;90
1.13;30;1020.74;27.0336;1474.14;40;0;90
1.14;30;1020.93;27.2243;1469.01;40;0;90
1.15;30;1021.42;27.7113;1451.59;40;0;90
1.16;30;1019.98;26.2719;1512.52;40;0;90
1.17;30;1020.16;26.4558;1508.36;40;0;90
1.18;30;1019.55;25.8496;1536.34;40;0;90
1.19;30;1019.5;25.8003;1542.09;40;0;90
1.2;30;1020.52;26.8136;1504.43;40;0;90
1.21;30;1020.68;26.9774;1500.6;40;0;90
1.22;30;1019.9;26.1978;1535.21;40;0;90
1.23;30;1020.39;26.6814;1518.85;40;0;90
1.24;30;1019.52;25.8119;1557.4;40;0;90
1.25;30;1019.23;25.5276;1572.79;40;0;90
1.26;30;1019.74;26.0363;1556.01;40;0;90
1.27;30;1019.95;26.2459;1551.01;40;0;90
1.28;30;1020.23;26.5215;1543.11;40;0;90
1.29;30;1021.29;27.5822;1502.86;40;0;90
1.3;30;1020.78;27.0737;1525.84;40;0;90
1.31;30;1021.6;27.8945;1494.9;40;0;90
1.32;30;1021.74;28.0387;1490.9;40;0;90
1.33;30;1021.05;27.3469;1520.96;40;0;90
1.34;30;1021.53;27.826;1503.75;40;0;90
1.35;30;1020.9;27.195;1531.51;40;0;90
1.36;30;1019.92;26.2179;1574;40;0;90
1.37;30;1020.83;27.1261;1540.26;40;0;90
1.38;30;1020.71;27.0106;1547.57;40;0;90
1.39;30;1020.8;27.0937;1546.86;40;0;90
1.4;30;1022.1;28.3966;1496.19;40;0;90
1.41;30;1021.66;27.9529;1515.78;40;0;90
1.42;30;1021.84;28.1311;1510.33;40;0;90
1.43;30;1022.56;28.8571;1482.32;40;0;90
1.44;30;1021.59;27.8845;1523.13;40;0;90
1.45;30;1021.63;27.9281;1523.25;40;0;90
1.46;30;1021.54;27.8377;1528.81;40;0;90
1.47;30;1020.7;26.9934;1565.29;40;0;90
1.48;30;1020.93;27.2272;1558.43;40;0;90
1.49;30;1021.37;27.6696;1542.84;40;0;90
1.5;30;1021.38;27.6713;1544.86;40;0;90
1.51;30;1022.22;28.5204;1512.23;40;0;90
1.52;30;1022.21;28.5062;1514.14;40;0;90
1.53;30;1022.12;28.4186;1519.07;40;0;90
1.54;30;1023.06;29.3563;1482.14;40;0;90
1.55;30;1022.02;28.3178;1525.19;40;0;90
1.56;30;1022;28.3007;1527.41;40;0;90
1.57;30;1022.15;28.451;1522.79;40;0;90
1.58;30;1020.71;27.0011;1583.49;40;0;90
1.59;30;1020.8;27.0934;1582.41;40;0;90
1.6;30;1021.89;28.1886;1540.23;40;0;90
1.61;30;1021.42;27.7167;1561.16;40;0;90
1.62;30;1022.06;28.3522;1537.23;40;0;90
1.63;30;1022.81;29.1018;1508.05;40;0;90
1.64;30;1022.18;28.4809;1534.25;40;0;90
1.65;30;1023.11;29.4093;1497.65;40;0;90
1.66;30;1023.24;29.5375;1492.94;40;0;90
1.67;30;1022.52;28.8138;1522.95;40;0;90
1.68;30;1022.91;29.2101;1507.81;40;0;90
1.69;30;1022.1;28.3953;1541.85;40;0;90
1.7;30;1021.82;28.1128;1554.85;40;0;90
1.71;30;1021.75;28.0503;1559.1;40;0;90
1.72;30;1021.3;27.6009;1579.24;40;0;90
1.73;30;1021.66;27.9562;1566.87;40;0;90
1.74;30;1022.59;28.8868;1530.64;40;0;90
1.75;30;1022.1;28.3946;1551.78;40;0;90
1.76;30;1023.04;29.3391;1514.59;40;0;90
1.77;30;1023.35;29.6437;1502.73;40;0;90
1.78;30;1022.3;28.5945;1545.96;40;0;90
1.79;30;1022.88;29.1794;1523.3;40;0;90
1.8;30;1022.48;28.7733;1540.65;40;0;90
1.81;30;1021.7;27.9922;1573.7;40;0;90
1.82;30;1021.9;28.1945;1567.24;40;0;90
1.83;30;1021.59;27.8827;1581.61;40;0;90
1.84;30;1021.46;27.7559;1588.7;40;0;90
1.85;30;1022.28;28.5742;1557.26;40;0;90
1.86;30;1022.28;28.5736;1558.56;40;0;90
1.87;30;1022.53;28.8283;1549.43;40;0;90
1.88;30;1023.33;29.6234;1517.97;40;0;90
1.89;30;1022.71;29.0059;1543.56;40;0;90
1.9;30;1023.2;29.4975;1524.35;40;0;90
1.91;30;1023.2;29.501;1524.66;40;0;90
1.92;30;1022.29;28.5896;1562.38;40;0;90
1.93;30;1023.13;29.4237;1529.54;40;0;90
1.94;30;1022.2;28.4985;1567.9;40;0;90
1.95;30;1021.6;27.8939;1593.98;40;0;90
1.96;30;1022.39;28.6827;1563.61;40;0;90
1.97;30;1021.99;28.2898;1580.86;40;0;90
1.98;30;1021.8;28.0918;1590.5;40;0;90
1.99;30;1022.91;29.2097;1546.5;40;0;90
2;30;1022.63;28.9302;1558.64;40;0;90
2.01;30;1022.78;29.0753;1553.67;40;0;90
2.02;30;1023.98;30.2742;1505.47;40;0;90
2.03;30;1023.04;29.3405;1543.41;40;0;90
2.04;30;1023.17;29.4671;1538.82;40;0;90
2.05;30;1023.54;29.8343;1524.28;40;0;90
2.06;30;1022.7;28.9993;1558.58;40;0;90
2.07;30;1022.75;29.044;1557.66;40;0;90
2.08;30;1022.19;28.4901;1581.17;40;0;90
2.09;30;1021.97;28.2626;1591.84;40;0;90
2.1;30;1022.33;28.6241;1578.61;40;0;90
2.11;30;1022.31;28.6096;1580.45;40;0;90
2.12;30;1022.34;28.6327;1580.75;40;0;90
2.13;30;1023.39;29.6881;1538.82;40;0;90
2.14;30;1022.88;29.1792;1559.91;40;0;90
2.15;30;1023.25;29.5509;1545.45;40;0;90
2.16;30;1024.16;30.4606;1508.64;40;0;90
2.17;30;1023.05;29.3452;1553.85;40;0;90
2.18;30;1023.66;29.9596;1529.31;40;0;90
2.19;30;1023.83;30.1245;1522.6;40;0;90
2.2;30;1022.62;28.9138;1572.01;40;0;90
2.21;30;1022.96;29.2564;1558.97;40;0;90
2.22;30;1022.72;29.0186;1569.37;40;0;90
2.23;30;1021.61;27.9058;1615.77;40;0;90
2.24;30;1022.09;28.383;1598.13;40;0;90
2.25;30;1022.72;29.0163;1573.69;40;0;90
2.26;30;1022.58;28.8728;1580.44;40;0;90
2.27;30;1023.39;29.6831;1548.31;40;0;90
2.28;30;1023.5;29.7971;1543.94;40;0;90
2.29;30;1023.41;29.7049;1547.89;40;0;90
2.3;30;1024.22;30.5165;1514.96;40;0;90
2.31;30;1023.73;30.0233;1534.67;40;0;90
2.32;30;1023.89;30.1864;1527.98;40;0;90
2.33;30;1024.08;30.3764;1520.04;40;0;90
2.34;30;1023.36;29.6551;1549.2;40;0;90
2.35;30;1023.64;29.9385;1537.92;40;0;90
2.36;30;1023.14;29.435;1558.57;40;0;90
2.37;30;1022;28.2912;1605.86;40;0;90
2.38;30;1022.74;29.0403;1576.76;40;0;90
2.39;30;1022.57;28.8705;1584.57;40;0;90
2.4;30;1022.35;28.6483;1594.67;40;0;90
2.41;30;1023.6;29.8918;1545.03;40;0;90
2.42;30;1023.54;29.8354;1547.43;40;0;90
2.43;30;1023.27;29.5632;1558.71;40;0;90
2.44;30;1024.45;30.7482;1510.64;40;0;90
2.45;30;1023.6;29.8972;1544.77;40;0;90
2.46;30;1023.46;29.7523;1550.79;40;0;90
2.47;30;1024.18;30.4724;1521.56;40;0;90
2.48;30;1023.15;29.4424;1563.26;40;0;90
2.49;30;1023.23;29.5296;1560.2;40;0;90
2.5;30;1022.74;29.037;1580.77;40;0;90
2.51;30;1021.93;28.228;1614.73;40;0;90
2.52;30;1022.24;28.5361;1603.72;40;0;90
2.53;30;1022.54;28.8347;1592.82;40;0;90
2.54;30;1022.59;28.8861;1591.77;40;0;90
2.55;30;1023.54;29.835;1553.96;40;0;90
2.56;30;1023.45;29.745;1557.79;40;0;90
2.57;30;1023.58;29.8725;1552.81;40;0;90
2.58;30;1024.27;30.5662;1524.55;40;0;90
2.59;30;1023.57;29.8624;1552.83;40;0;90
2.6;30;1023.96;30.2528;1536.98;40;0;90
2.61;30;1024.53;30.8256;1513.32;40;0;90
2.62;30;1023.4;29.6982;1558.69;40;0;90
2.63;30;1023.73;30.0294;1545.42;40;0;90
2.64;30;1023.8;30.0981;1542.58;40;0;90
2.65;30;1022.34;28.6336;1602.39;40;0;90
2.66;30;1022.56;28.8603;1594.35;40;0;90
2.67;30;1022.69;28.984;1590.32;40;0;90
2.68;30;1022.35;28.6496;1604.91;40;0;90
2.69;30;1023.02;29.314;1578.95;40;0;90
2.7;30;1023.53;29.83;1558.46;40;0;90
2.71;30;1023.34;29.6368;1566.52;40;0;90
2.72;30;1024.27;30.5641;1528.92;40;0;90
2.73;30;1023.91;30.205;1543.1;40;0;90
2.74;30;1024.01;30.303;1538.9;40;0;90
2.75;30;1024.67;30.9694;1511.38;40;0;90
2.76;30;1023.84;30.1336;1544.69;40;0;90
2.77;30;1024.13;30.4213;1532.8;40;0;90
2.78;30;1024.07;30.3692;1534.55;40;0;90
2.79;30;1023.03;29.3288;1576.77;40;0;90
2.8;30;1023.66;29.9596;1551.58;40;0;90
2.81;30;1022.86;29.1585;1584.38;40;0;90
2.82;30;1021.89;28.19;1624.75;40;0;90
2.83;30;1022.73;29.0296;1592.04;40;0;90
2.84;30;1023.27;29.5639;1571.06;40;0;90
2.85;30;1022.99;29.2861;1582.81;40;0;90
2.86;30;1024.26;30.553;1531.64;40;0;90
2.87;30;1023.9;30.1971;1545.7;40;0;90
2.88;30;1023.58;29.877;1558.61;40;0;90
2.89;30;1024.69;30.9904;1513.18;40;0;90
2.9;30;1023.79;30.0898;1549.13;40;0;90
2.91;30;1023.77;30.062;1550.18;40;0;90
2.92;30;1024.13;30.4302;1535.07;40;0;90
2.93;30;1023.2;29.4934;1573;40;0;90
2.94;30;1022.97;29.263;1582.87;40;0;90
2.95;30;1022.58;28.8717;1599.54;40;0;90
2.96;30;1022.1;28.3923;1620.17;40;0;90
2.97;30;1022.68;28.9766;1597.72;40;0;90
2.98;30;1023.22;29.5198;1576.42;40;0;90
2.99;30;1023.02;29.3208;1584.99;40;0;90
3;30;1023.81;30.1055;1553.51;40;0;90
3.01;30;1023.76;30.053;1555.56;40;0;90
3.02;30;1023.69;29.9896;1558.11;40;0;90
3.03;30;1024.63;30.9219;1519.98;40;0;90
3.04;30;1023.75;30.0474;1554.92;40;0;90
3.05;30;1024.1;30.3992;1540.49;40;0;90
3.06;30;1024.68;30.9804;1516.36;40;0;90
3.07;30;1023.43;29.7218;1566.95;40;0;90
3.08;30;1023.93;30.224;1546.66;40;0;90
3.09;30;1023.81;30.1092;1551.16;40;0;90
3.1;30;1022.5;28.7957;1604.78;40;0;90
3.11;30;1022.51;28.808;1605.36;40;0;90
3.12;30;1022.97;29.2668;1587.67;40;0;90
3.13;30;1022.51;28.8109;1606.98;40;0;90
3.14;30;1023.31;29.606;1575.53;40;0;90
3.15;30;1023.58;29.8744;1564.9;40;0;90
3.16;30;1023.47;29.7629;1569.58;40;0;90
3.17;30;1024.29;30.5856;1536.14;40;0;90
3.18;30;1023.94;30.2381;1549.83;40;0;90
3.19;30;1024.11;30.4066;1542.72;40;0;90
3.2;30;1024.62;30.9112;1521.72;40;0;90
3.21;30;1024.07;30.3669;1543.16;40;0;90
3.22;30;1024.41;30.7029;1529.09;40;0;90
3.23;30;1024.28;30.5718;1533.81;40;0;90
3.24;30;1023.16;29.458;1578.86;40;0;90
3.25;30;1023.61;29.9029;1561.15;40;0;90
3.26;30;1022.92;29.219;1589.21;40;0;90
3.27;30;1022.02;28.3128;1626.97;40;0;90
3.28;30;1022.92;29.214;1591.63;40;0;90
3.29;30;1023.21;29.5037;1580.49;40;0;90
3.3;30;1023;29.2923;1589.58;40;0;90
3.31;30;1024.29;30.5861;1537.3;40;0;90
3.32;30;1023.73;30.0227;1559.82;40;0;90
3.33;30;1023.67;29.963;1562.24;40;0;90
3.34;30;1024.67;30.9684;1521.15;40;0;90
3.35;30;1023.88;30.1734;1552.8;40;0;90
3.36;30;1023.74;30.038;1558.18;40;0;90
3.37;30;1024.29;30.5895;1535.59;40;0;90
3.38;30;1023.3;29.5937;1575.79;40;0;90
3.39;30;1023.44;29.732;1570.5;40;0;90
3.4;30;1022.94;29.2343;1591.09;40;0;90
3.41;30;1022.3;28.5955;1617.91;40;0;90
3.42;30;1022.64;28.9311;1605.45;40;0;90
3.43;30;1022.94;29.2337;1594.03;40;0;90
3.44;30;1023.05;29.3432;1590.24;40;0;90
3.45;30;1023.82;30.1176;1559.16;40;0;90
3.46;30;1023.64;29.9355;1566.5;40;0;90
3.47;30;1023.79;30.0875;1560.35;40;0;90
3.48;30;1024.6;30.8998;1527.04;40;0;90
3.49;30;1023.8;30.1004;1558.93;40;0;90
3.5;30;1024.32;30.6204;1537.57;40;0;90
3.51;30;1024.84;31.1337;1516.02;40;0;90
3.52;30;1023.4;29.6989;1573.68;40;0;90
3.53;30;1023.9;30.1997;1553.47;40;0;90
3.54;30;1023.83;30.1289;1556.19;40;0;90
3.55;30;1022.64;28.9339;1604.95;40;0;90
3.56;30;1022.85;29.1466;1597.21;40;0;90
3.57;30;1022.93;29.2247;1594.78;40;0;90
3.58;30;1022.46;28.7534;1614.75;40;0;90
3.59;30;1023.19;29.4832;1586.03;40;0;90
3.6;30;1023.54;29.836;1572.06;40;0;90
3.61;30;1023.35;29.651;1579.78;40;0;90
3.62;30;1024.33;30.6276;1540.15;40;0;90
3.63;30;1024;30.2936;1553.24;40;0;90
3.64;30;1024.19;30.4899;1544.95;40;0;90
3.65;30;1024.74;31.0324;1522.32;40;0;90
3.66;30;1024.12;30.413;1546.72;40;0;90
3.67;30;1024.37;30.6697;1535.85;40;0;90
3.68;30;1024.46;30.7536;1531.82;40;0;90
3.69;30;1023.33;29.6233;1577.37;40;0;90
3.7;30;1023.93;30.2291;1552.93;40;0;90
3.71;30;1023.24;29.5396;1580.93;40;0;90
3.72;30;1022.35;28.6472;1617.84;40;0;90
3.73;30;1023.11;29.4086;1587.92;40;0;90
3.74;30;1023.11;29.403;1588.68;40;0;90
3.75;30;1022.92;29.2196;1596.72;40;0;90
3.76;30;1024.06;30.3583;1550.84;40;0;90
3.77;30;1023.79;30.0852;1561.69;40;0;90
3.78;30;1023.72;30.0119;1564.61;40;0;90
3.79;30;1024.71;31.0074;1523.89;40;0;90
3.8;30;1023.77;30.0615;1561.67;40;0;90
3.81;30;1023.92;30.2127;1555.43;40;0;90
3.82;30;1024.16;30.46;1545.12;40;0;90
3.83;30;1023.44;29.7403;1574.15;40;0;90
3.84;30;1023.54;29.8343;1570.53;40;0;90
3.85;30;1023.27;29.5642;1581.73;40;0;90
3.86;30;1022.56;28.8541;1611.17;40;0;90
3.87;30;1022.87;29.1633;1599.55;40;0;90
3.88;30;1022.69;28.9902;1607.38;40;0;90
3.89;30;1022.79;29.088;1604.29;40;0;90
3.9;30;1023.68;29.9783;1568.7;40;0;90
3.91;30;1023.49;29.7852;1576.62;40;0;90
3.92;30;1023.69;29.9889;1568.48;40;0;90
3.93;30;1024.79;31.0825;1523.76;40;0;90
3.94;30;1023.77;30.0675;1564.3;40;0;90
3.95;30;1024.23;30.5214;1545.67;40;0;90
3.96;30;1024.71;31.0099;1525.22;40;0;90
3.97;30;1023.45;29.7509;1575.81;40;0;90
3.98;30;1023.96;30.2528;1555.51;40;0;90
3.99;30;1024.04;30.3395;1551.73;40;0;90
4;30;1023.02;29.3129;1593.42;40;0;90
4.01;30;1023.39;29.6874;1578.72;40;0;90
4.02;30;1023.14;29.4401;1589.11;40;0;90
4.03;30;1022.4;28.6988;1619.94;40;0;90
4.04;30;1022.89;29.1843;1601.25;40;0;90
4.05;30;1023.37;29.6678;1582.21;40;0;90
4.06;30;1023.21;29.5071;1589.08;40;0;90
4.07;30;1024.13;30.423;1552.06;40;0;90
4.08;30;1023.92;30.2184;1560.05;40;0;90
4.09;30;1024.07;30.3618;1553.99;40;0;90
4.1;30;1024.53;30.8284;1534.58;40;0;90
4.11;30;1023.89;30.1909;1559.91;40;0;90
4.12;30;1024.31;30.605;1542.8;40;0;90
4.13;30;1024.16;30.454;1548.43;40;0;90
4.14;30;1023.46;29.7523;1576.72;40;0;90
4.15;30;1024.09;30.3819;1551.2;40;0;90
4.16;30;1023.25;29.543;1585.16;40;0;90
4.17;30;1022.51;28.8017;1615.89;40;0;90
4.18;30;1023.37;29.6707;1581.43;40;0;90
4.19;30;1022.87;29.1676;1602.3;40;0;90
4.2;30;1022.79;29.0814;1606.58;40;0;90
4.21;30;1023.97;30.2683;1558.86;40;0;90
4.22;30;1023.51;29.8034;1577.63;40;0;90
4.23;30;1023.66;29.9562;1571.56;40;0;90
4.24;30;1024.66;30.9549;1530.75;40;0;90
4.25;30;1023.82;30.121;1564;40;0;90
4.26;30;1023.93;30.2256;1559.61;40;0;90
4.27;30;1024.37;30.6703;1541.22;40;0;90
4.28;30;1023.57;29.8668;1573.48;40;0;90
4.29;30;1023.57;29.8705;1573.45;40;0;90
4.3;30;1023.43;29.7212;1579.67;40;0;90
4.31;30;1022.96;29.2533;1599.06;40;0;90
4.32;30;1023.19;29.4878;1590.14;40;0;90
4.33;30;1022.59;28.8911;1615.01;40;0;90
4.34;30;1022.45;28.7464;1621.92;40;0;90
4.35;30;1023.31;29.606;1587.9;40;0;90
4.36;30;1023.35;29.6469;1586.58;40;0;90
4.37001;30;1023.57;29.8612;1578.13;40;0;90
4.38001;30;1024.47;30.7637;1541.34;40;0;90
4.39001;30;1023.71;30.0092;1571.52;40;0;90
4.40001;30;1024.19;30.4882;1551.91;40;0;90
4.41001;30;1024.79;31.0856;1527.04;40;0;90
4.42001;30;1023.56;29.8584;1576.26;40;0;90
4.43001;30;1024.03;30.3301;1557.09;40;0;90
4.44001;30;1024.06;30.3583;1555.64;40;0;90
4.45001;30;1023.11;29.4092;1594.14;40;0;90
4.46001;30;1023.5;29.7978;1578.78;40;0;90
4.47001;30;1023.19;29.4899;1591.55;40;0;90
4.48001;30;1022.54;28.8368;1618.72;40;0;90
4.49001;30;1023.06;29.3602;1598.36;40;0;90
4.50001;30;1023.06;29.3539;1599.19;40;0;90
4.51001;30;1022.92;29.2151;1605.45;40;0;90
4.52001;30;1023.75;30.0428;1572.31;40;0;90
4.53001;30;1023.67;29.9653;1575.44;40;0;90
4.54001;30;1023.92;30.2178;1565.14;40;0;90
4.55001;30;1024.54;30.8371;1539.62;40;0;90
4.56001;30;1023.84;30.1346;1567.6;40;0;90
4.57001;30;1024.18;30.4799;1553.35;40;0;90
4.58001;30;1024.27;30.571;1549.19;40;0;90
4.59001;30;1023.55;29.8434;1578.44;40;0;90
4.60001;30;1024.17;30.4623;1553.26;40;0;90
4.61001;30;1023.54;29.8327;1578.6;40;0;90
4.62001;30;1022.85;29.1432;1606.95;40;0;90
4.63001;30;1023.65;29.9428;1575.02;40;0;90
4.64001;30;1022.93;29.229;1604.26;40;0;90
4.65001;30;1022.36;28.6557;1628.41;40;0;90
4.66001;30;1023.61;29.9056;1578.5;40;0;90
4.67001;30;1023.16;29.4554;1596.99;40;0;90
4.68001;30;1023.37;29.6648;1588.92;40;0;90
4.69001;30;1024.43;30.7216;1546;40;0;90
4.70001;30;1023.68;29.9804;1575.66;40;0;90
4.71001;30;1023.93;30.2229;1565.76;40;0;90
4.72001;30;1024.85;31.1472;1527.76;40;0;90
4.73001;30;1023.84;30.1329;1568.21;40;0;90
4.74001;30;1024.19;30.4844;1553.71;40;0;90
4.75001;30;1024.08;30.3769;1557.68;40;0;90
4.76001;30;1023.43;29.7285;1583.86;40;0;90
4.77001;30;1023.5;29.7978;1581.27;40;0;90
4.78001;30;1022.58;28.875;1619.19;40;0;90
4.79001;30;1022.8;29.0998;1611.01;40;0;90
4.80001;30;1023.14;29.4327;1598.2;40;0;90
4.81002;30;1022.76;29.0594;1613.98;40;0;90
4.82002;30;1022.98;29.2731;1606.09;40;0;90
4.83002;30;1023.57;29.8692;1582.36;40;0;90
4.84002;30;1023.34;29.6368;1591.99;40;0;90
4.85002;30;1024.01;30.3061;1564.94;40;0;90
4.86002;30;1024.62;30.9179;1539.64;40;0;90
4.87002;30;1023.61;29.909;1580.08;40;0;90
4.88002;30;1024.54;30.8387;1542.14;40;0;90
4.89002;30;1024.7;31.0005;1534.76;40;0;90
4.90002;30;1023.52;29.815;1582.35;40;0;90
4.91002;30;1023.99;30.2898;1563.1;40;0;90
4.92002;30;1023.49;29.782;1583.6;40;0;90
4.93002;30;1022.82;29.1151;1611.08;40;0;90
4.94002;30;1023.05;29.3478;1602.36;40;0;90
4.95002;30;1022.77;29.0614;1614.66;40;0;90
4.96002;30;1022.63;28.9221;1621.2;40;0;90
4.97002;30;1023.22;29.5204;1597.7;40;0;90
4.98002;30;1023.13;29.422;1602.15;40;0;90
4.99002;30;1023.11;29.4097;1603.18;40;0;90
5.00002;30;1023.84;30.1356;1574.02;40;0;90
5.01002;30;1023.67;29.9669;1580.8;40;0;90
5.02002;30;1024.05;30.3426;1565.46;40;0;90
5.03002;30;1024.41;30.7065;1550.27;40;0;90
5.04002;30;1024.03;30.3218;1565.37;40;0;90
5.05002;30;1024.89;31.1826;1529.87;40;0;90
5.06002;30;1024.85;31.1465;1530.28;40;0;90
5.07002;30;1024.39;30.6907;1547.89;40;0;90
5.08002;30;1025.29;31.5818;1510.82;40;0;90
5.09002;30;1024.55;30.8493;1539.36;40;0;90
5.10002;30;1024.31;30.6107;1548.36;40;0;90
5.11002;30;1024.39;30.684;1544.81;40;0;90
5.12002;30;1022.86;29.1532;1606.8;40;0;90
5.13002;30;1022.66;28.9553;1615.66;40;0;90
5.14002;30;1023.19;29.4889;1594.78;40;0;90
5.15002;30;1022.86;29.1521;1609.01;40;0;90
5.16002;30;1023.22;29.5138;1594.98;40;0;90
5.17002;30;1024.14;30.4366;1557.68;40;0;90
5.18002;30;1023.52;29.8157;1582.68;40;0;90
5.19002;30;1024.1;30.3953;1559.14;40;0;90
5.20002;30;1024.62;30.9123;1537.64;40;0;90
5.21002;30;1024.02;30.3201;1561.03;40;0;90
5.22002;30;1024.88;31.1789;1525.62;40;0;90
5.23002;30;1025.02;31.3124;1519.1;40;0;90
5.24003;30;1024.59;30.8865;1535.34;40;0;90
5.25003;30;1024.93;31.225;1520.7;40;0;90
5.26003;30;1024.34;30.6363;1543.67;40;0;90
5.27003;30;1024.28;30.5799;1545.41;40;0;90
5.28003;30;1023.83;30.1289;1563.33;40;0;90
5.29003;30;1022.34;28.6347;1624.33;40;0;90
5.30003;30;1022.93;29.2297;1601.22;40;0;90
5.31003;30;1023.13;29.4287;1593.77;40;0;90
5.32003;30;1022.89;29.1813;1604.41;40;0;90
5.33003;30;1023.65;29.9472;1573.82;40;0;90
5.34003;30;1024.18;30.4804;1552.06;40;0;90
5.35003;30;1023.49;29.7813;1580.22;40;0;90
5.36003;30;1024.65;30.9455;1532.8;40;0;90
5.37003;30;1024.36;30.6564;1543.77;40;0;90
5.38003;30;1024.02;30.3134;1557.21;40;0;90
5.39003;30;1025.05;31.3428;1514.83;40;0;90
5.40003;30;1024.55;30.8504;1533.76;40;0;90
5.41003;30;1024.2;30.496;1547.49;40;0;90
5.42003;30;1024.73;31.0264;1525.35;40;0;90
5.43003;30;1023.69;29.9816;1567.16;40;0;90
5.44003;30;1023.29;29.5891;1583.23;40;0;90
5.45003;30;1022.96;29.254;1597.3;40;0;90
5.46003;30;1022.42;28.7168;1619.94;40;0;90
5.47003;30;1022.8;29.0914;1605.78;40;0;90
5.48003;30;1023.31;29.6049;1585.6;40;0;90
5.49003;30;1023.28;29.5767;1587.1;40;0;90
5.50003;30;1023.95;30.247;1560.07;40;0;90
5.51003;30;1024.13;30.4291;1552.4;40;0;90
5.52003;30;1023.95;30.2494;1559.36;40;0;90
5.53003;30;1024.81;31.1044;1524.17;40;0;90
5.54003;30;1024.31;30.6103;1543.38;40;0;90
5.55003;30;1024.42;30.7189;1538.39;40;0;90
5.56003;30;1025.01;31.3041;1513.81;40;0;90
5.57003;30;1023.95;30.2448;1555.96;40;0;90
5.58003;30;1024.12;30.413;1548.86;40;0;90
5.59003;30;1023.97;30.2678;1554.43;40;0;90
5.60003;30;1022.56;28.8544;1612;40;0;90
5.61003;30;1022.53;28.822;1614.35;40;0;90
5.62003;30;1023.08;29.3809;1592.55;40;0;90
5.63003;30;1022.77;29.067;1605.95;40;0;90
5.64003;30;1023.37;29.6667;1582.26;40;0;90
5.65003;30;1023.97;30.2617;1558.23;40;0;90
5.66003;30;1023.58;29.8765;1573.75;40;0;90
5.67003;30;1024.36;30.6546;1542.03;40;0;90
5.68004;30;1024.55;30.8427;1533.75;40;0;90
5.69004;30;1024.19;30.4849;1547.62;40;0;90
5.70004;30;1024.89;31.1895;1518.37;40;0;90
5.71004;30;1024.45;30.7498;1535.28;40;0;90
5.72004;30;1024.5;30.7919;1532.88;40;0;90
5.73004;30;1024.81;31.1061;1519.32;40;0;90
5.74004;30;1023.94;30.2357;1553.93;40;0;90
5.75004;30;1024.16;30.4573;1544.65;40;0;90
5.76004;30;1023.64;29.9405;1565.38;40;0;90
5.77004;30;1022.26;28.5522;1622.21;40;0;90
5.78004;30;1022.9;29.2;1597.02;40;0;90
5.79004;30;1023.14;29.4355;1588.11;40;0;90
5.80004;30;1022.77;29.0688;1603.61;40;0;90
5.81004;30;1023.87;30.1622;1559.73;40;0;90
5.82004;30;1023.89;30.188;1558.53;40;0;90
5.83004;30;1023.61;29.9084;1569.8;40;0;90
5.84004;30;1024.8;31.0983;1521.21;40;0;90
5.85004;30;1024.23;30.5242;1543.7;40;0;90
5.86004;30;1024.1;30.3914;1548.66;40;0;90
5.87004;30;1025.08;31.3755;1508.06;40;0;90
5.88004;30;1024.02;30.3201;1549.99;40;0;90
5.89004;30;1024;30.2991;1550.56;40;0;90
5.90004;30;1023.96;30.2571;1552.01;40;0;90
5.91004;30;1023.02;29.3196;1590.12;40;0;90
5.92004;30;1023.03;29.3247;1590.53;40;0;90
5.93004;30;1022.62;28.9115;1608.03;40;0;90
5.94004;30;1022.61;28.9085;1609.14;40;0;90
5.95004;30;1023.38;29.6751;1578.76;40;0;90
5.96004;30;1023.56;29.8578;1571.58;40;0;90
5.97004;30;1023.45;29.7436;1576.38;40;0;90
5.98004;30;1024.47;30.7687;1534.69;40;0;90
5.99004;30;1023.96;30.2555;1554.99;40;0;90
6.00004;30;1024.08;30.3752;1549.86;40;0;90
6.01004;30;1024.8;31.0938;1520.13;40;0;90
6.02004;30;1023.77;30.0705;1561;40;0;90
6.03004;30;1024.41;30.7012;1535.14;40;0;90
6.04004;30;1024.63;30.9246;1525.37;40;0;90
6.05004;30;1023.15;29.4478;1584.94;40;0;90
6.06004;30;1023.18;29.4805;1584.1;40;0;90
6.07004;30;1023.03;29.3302;1590.72;40;0;90
6.08004;30;1022.41;28.7099;1616.69;40;0;90
6.09004;30;1022.8;29.0987;1601.95;40;0;90
6.10004;30;1023.46;29.7533;1575.99;40;0;90
6.11004;30;1023.2;29.4912;1586.93;40;0;90
6.12005;30;1024.15;30.4416;1548.52;40;0;90
6.13005;30;1024.06;30.3516;1551.8;40;0;90
6.14005;30;1024.02;30.3128;1553.07;40;0;90
6.15005;30;1024.72;31.013;1524.15;40;0;90
6.16005;30;1024.26;30.554;1542.01;40;0;90
6.17005;30;1024.41;30.7047;1535.35;40;0;90
6.18005;30;1024.66;30.9522;1524.59;40;0;90
6.19005;30;1023.85;30.1423;1556.86;40;0;90
6.20005;30;1024.17;30.4673;1543.44;40;0;90
6.21005;30;1023.68;29.9743;1563.18;40;0;90
6.22005;30;1022.59;28.8904;1607.54;40;0;90
6.23005;30;1023.22;29.5208;1582.75;40;0;90
6.24005;30;1022.88;29.1773;1597.23;40;0;90
6.25005;30;1022.76;29.0603;1602.76;40;0;90
6.26005;30;1023.66;29.9607;1566.78;40;0;90
6.27005;30;1023.65;29.9496;1567.27;40;0;90
6.28005;30;1023.39;29.6897;1577.94;40;0;90
6.29005;30;1024.64;30.9313;1527.44;40;0;90
6.30005;30;1024.11;30.4077;1548.02;40;0;90
6.31005;30;1023.86;30.1542;1558.02;40;0;90
6.32005;30;1024.66;30.9606;1524.9;40;0;90
6.33005;30;1023.86;30.1572;1556.89;40;0;90
6.34005;30;1023.77;30.0699;1560.32;40;0;90
6.35005;30;1024.06;30.3583;1548.46;40;0;90
6.36005;30;1023.08;29.3786;1588.21;40;0;90
6.37005;30;1023.01;29.3051;1591.78;40;0;90
6.38005;30;1022.62;28.9204;1608.13;40;0;90
6.39005;30;1022.5;28.799;1614.07;40;0;90
6.40005;30;1023.17;29.4682;1587.78;40;0;90
6.41005;30;1023.49;29.7887;1575.15;40;0;90
6.42005;30;1023.52;29.8174;1574.17;40;0;90
6.43005;30;1024.37;30.6703;1539.45;40;0;90
6.44005;30;1023.77;30.0692;1563.43;40;0;90
6.45005;30;1024.12;30.4146;1549.24;40;0;90
6.46005;30;1024.8;31.0955;1521.02;40;0;90
6.47005;30;1023.85;30.1492;1558.74;40;0;90
6.48005;30;1024.26;30.5534;1542.07;40;0;90
6.49005;30;1024.58;30.8763;1528.37;40;0;90
6.50005;30;1023.2;29.5001;1583.87;40;0;90
6.51005;30;1023.62;29.9135;1567.41;40;0;90
6.52005;30;1023.2;29.4934;1584.67;40;0;90
6.53005;30;1022.26;28.5522;1623.62;40;0;90
6.54005;30;1022.63;28.9221;1609.79;40;0;90
6.55006;30;1023.14;29.4401;1589.58;40;0;90
6.56006;30;1023.05;29.3505;1593.75;40;0;90
6.57006;30;1023.86;30.1576;1561.32;40;0;90
6.58006;30;1023.92;30.2178;1558.72;40;0;90
6.59006;30;1023.84;30.1339;1561.95;40;0;90
6.60006;30;1024.63;30.9223;1529.58;40;0;90
6.61006;30;1024.23;30.5242;1545.04;40;0;90
6.62006;30;1024.44;30.7322;1536.06;40;0;90
6.63006;30;1024.79;31.0866;1520.9;40;0;90
6.64006;30;1023.95;30.2452;1554.34;40;0;90
6.65006;30;1024.2;30.4932;1543.97;40;0;90
6.66006;30;1023.82;30.1165;1558.94;40;0;90
6.67006;30;1022.77;29.0642;1601.87;40;0;90
6.68006;30;1023.33;29.6273;1579.69;40;0;90
6.69006;30;1022.79;29.0847;1602.21;40;0;90
6.70006;30;1022.62;28.9192;1609.8;40;0;90
6.71006;30;1023.52;29.8161;1574.09;40;0;90
6.72006;30;1023.6;29.8988;1570.88;40;0;90
6.73006;30;1023.39;29.6834;1579.78;40;0;90
6.74006;30;1024.59;30.8904;1530.69;40;0;90
6.75006;30;1023.87;30.166;1559.53;40;0;90
6.76006;30;1023.89;30.1884;1558.46;40;0;90
6.77006;30;1024.73;31.0297;1523.88;40;0;90
6.78006;30;1023.86;30.1606;1558.5;40;0;90
6.79006;30;1023.89;30.1873;1557.26;40;0;90
6.80006;30;1024;30.2919;1552.82;40;0;90
6.81006;30;1023.14;29.4368;1587.53;40;0;90
6.82006;30;1023.29;29.5862;1581.92;40;0;90
6.83006;30;1022.59;28.8839;1611.02;40;0;90
6.84006;30;1022.4;28.6955;1619.73;40;0;90
6.85006;30;1023.09;29.3827;1592.8;40;0;90
6.86006;30;1023.35;29.6425;1582.73;40;0;90
6.87006;30;1023.44;29.7387;1579.11;40;0;90
6.88006;30;1024.31;30.6028;1544.01;40;0;90
6.89006;30;1023.72;30.0188;1567.35;40;0;90
6.90006;30;1024.09;30.3842;1552.39;40;0;90
6.91006;30;1024.78;31.0788;1523.63;40;0;90
6.92006;30;1023.63;29.9212;1570.01;40;0;90
6.93006;30;1024.21;30.5085;1546.06;40;0;90
6.94006;30;1024.46;30.7587;1535.37;40;0;90
6.95006;30;1023.24;29.5407;1584.5;40;0;90
6.96006;30;1023.72;30.0181;1565.39;40;0;90
6.97006;30;1023.47;29.7699;1575.52;40;0;90
6.98006;30;1022.44;28.7318;1618.19;40;0;90
6.99007;30;1022.65;28.9489;1610.45;40;0;90
7.00007;30;1023.09;29.39;1593.36;40;0;90
7.01007;30;1023.09;29.3846;1594.13;40;0;90
7.02007;30;1023.89;30.1828;1562.03;40;0;90
7.03007;30;1023.96;30.2581;1558.79;40;0;90
7.04007;30;1023.99;30.2886;1557.31;40;0;90
7.05007;30;1024.59;30.8898;1532.46;40;0;90
7.06007;30;1024.04;30.3351;1554.35;40;0;90
7.07007;30;1024.24;30.5362;1545.82;40;0;90
7.08007;30;1024.56;30.8566;1532.23;40;0;90
7.09007;30;1023.63;29.9236;1569.62;40;0;90
7.10007;30;1024.12;30.4169;1549.51;40;0;90
7.11007;30;1023.65;29.9416;1568.58;40;0;90
7.12007;30;1022.59;28.8872;1611.76;40;0;90
7.13007;30;1023.16;29.458;1589.41;40;0;90
7.14007;30;1022.78;29.0778;1605.45;40;0;90
7.15007;30;1022.56;28.8578;1615.28;40;0;90
7.16007;30;1023.62;29.9113;1573.22;40;0;90
7.17007;30;1023.66;29.9602;1571.3;40;0;90
7.18007;30;1023.53;29.8251;1576.86;40;0;90
7.19007;30;1024.63;30.9296;1531.84;40;0;90
7.20007;30;1023.83;30.1256;1563.89;40;0;90
7.21007;30;1023.93;30.224;1559.75;40;0;90
7.22007;30;1024.75;31.0501;1525.76;40;0;90
7.23007;30;1023.87;30.1649;1561.03;40;0;90
7.24007;30;1023.86;30.1572;1561.19;40;0;90
7.25007;30;1023.88;30.1761;1560.28;40;0;90
7.26007;30;1023.21;29.5099;1587.37;40;0;90
7.27007;30;1023.27;29.5639;1585.6;40;0;90
7.28007;30;1022.65;28.943;1611.38;40;0;90
7.29007;30;1022.37;28.664;1623.75;40;0;90
7.30007;30;1023.02;29.3128;1598.41;40;0;90
7.31007;30;1023.21;29.5035;1591.23;40;0;90
7.32007;30;1023.42;29.7185;1582.89;40;0;90
7.33007;30;1024.3;30.5967;1547.22;40;0;90
7.34007;30;1023.84;30.1356;1565.54;40;0;90
7.35007;30;1024.22;30.5181;1549.78;40;0;90
7.36007;30;1024.93;31.2233;1520.47;40;0;90
7.37007;30;1023.75;30.0428;1567.65;40;0;90
7.38007;30;1024.16;30.4511;1550.91;40;0;90
7.39007;30;1024.45;30.7459;1538.45;40;0;90
7.40007;30;1023.25;29.543;1586.98;40;0;90
7.41007;30;1023.65;29.9462;1570.9;40;0;90
7.42007;30;1023.3;29.5973;1585.21;40;0;90
7.43008;30;1022.45;28.742;1620.56;40;0;90
7.44008;30;1022.68;28.9738;1612.21;40;0;90
7.45008;30;1023.14;29.4388;1594.12;40;0;90
7.46008;30;1022.89;29.1836;1605.06;40;0;90
7.47008;30;1023.78;30.0795;1569.15;40;0;90
7.48008;30;1023.89;30.1823;1564.87;40;0;90
7.49008;30;1023.95;30.2431;1562.22;40;0;90
7.50008;30;1024.59;30.8904;1535.53;40;0;90
7.51008;30;1023.92;30.2117;1562.49;40;0;90
7.52008;30;1024.32;30.6161;1545.75;40;0;90
7.53008;30;1024.54;30.8347;1536.26;40;0;90
7.54008;30;1023.8;30.0928;1565.85;40;0;90
7.55008;30;1024.38;30.6719;1542.08;40;0;90
7.56008;30;1023.72;30.0191;1568.18;40;0;90
7.57008;30;1022.83;29.1256;1604.71;40;0;90
7.58008;30;1023.53;29.8234;1576.96;40;0;90
7.59008;30;1022.87;29.1676;1603.93;40;0;90
7.60008;30;1022.55;28.8416;1618.02;40;0;90
7.61008;30;1023.55;29.8443;1578.05;40;0;90
7.62008;30;1023.58;29.8798;1576.74;40;0;90
7.63008;30;1023.44;29.7403;1582.55;40;0;90
7.64008;30;1024.53;30.8273;1538.33;40;0;90
7.65008;30;1023.84;30.1346;1565.91;40;0;90
7.66008;30;1023.82;30.1131;1566.67;40;0;90
7.67008;30;1024.8;31.0961;1526.36;40;0;90
7.68008;30;1023.66;29.9562;1572;40;0;90
7.69008;30;1023.87;30.1639;1563.55;40;0;90
7.70008;30;1023.81;30.1065;1565.75;40;0;90
7.71008;30;1023.22;29.5146;1589.86;40;0;90
7.72008;30;1023.32;29.6137;1586.24;40;0;90
7.73008;30;1022.62;28.9138;1615.22;40;0;90
7.74008;30;1022.54;28.8382;1619.29;40;0;90
7.75008;30;1023.05;29.3488;1599.45;40;0;90
7.76008;30;1023.08;29.3781;1598.84;40;0;90
7.77008;30;1023.45;29.7425;1584.49;40;0;90
7.78008;30;1024.4;30.6945;1545.79;40;0;90
7.79008;30;1023.85;30.151;1567.39;40;0;90
7.80008;30;1024.12;30.4206;1556.23;40;0;90
7.81008;30;1024.75;31.0453;1530.3;40;0;90
7.82008;30;1023.64;29.9405;1574.54;40;0;90
7.83008;30;1024.23;30.5281;1550.56;40;0;90
7.84008;30;1024.47;30.7692;1540.23;40;0;90
7.85008;30;1023.26;29.5512;1589.35;40;0;90
7.86009;30;1023.58;29.8788;1576.36;40;0;90
7.87009;30;1023.37;29.6615;1585.35;40;0;90
7.88009;30;1022.61;28.9066;1616.54;40;0;90
7.89009;30;1022.83;29.1242;1608.62;40;0;90
7.90009;30;1022.94;29.2404;1604.66;40;0;90
7.91009;30;1023.03;29.3286;1601.73;40;0;90
7.92009;30;1023.9;30.1934;1566.97;40;0;90
7.93009;30;1023.71;30.0019;1574.62;40;0;90
7.94009;30;1023.93;30.2299;1565.3;40;0;90
7.95009;30;1024.59;30.8889;1538.14;40;0;90
7.96009;30;1024.08;30.3736;1558.41;40;0;90
7.97009;30;1024.5;30.7923;1540.95;40;0;90
7.98009;30;1024.62;30.9195;1535.04;40;0;90
7.99009;30;1023.66;29.9535;1573.72;40;0;90
8.00009;30;1024.23;30.5275;1550.28;40;0;90
8.01009;30;1023.65;29.9428;1573.72;40;0;90
8.02009;30;1022.86;29.1541;1606.03;40;0;90
8.03009;30;1023.5;29.7932;1580.66;40;0;90
8.04009;30;1022.83;29.1272;1608.08;40;0;90
8.05009;30;1022.35;28.6504;1628.37;40;0;90
8.06009;30;1023.49;29.7813;1583.33;40;0;90
8.07009;30;1023.34;29.6346;1589.52;40;0;90
8.08009;30;1023.39;29.6836;1587.85;40;0;90
8.09009;30;1024.69;30.9843;1534.93;40;0;90
8.10009;30;1023.84;30.1316;1568.92;40;0;90
8.11009;30;1023.98;30.2733;1563.01;40;0;90
8.12009;30;1024.78;31.0714;1530.12;40;0;90
8.13009;30;1023.89;30.1889;1565.25;40;0;90
8.14009;30;1024.04;30.3369;1559.03;40;0;90
8.15009;30;1024.07;30.3629;1557.66;40;0;90
8.16009;30;1023.25;29.5479;1590.67;40;0;90
8.17009;30;1023.5;29.7979;1580.85;40;0;90
8.18009;30;1022.92;29.2133;1604.94;40;0;90
8.19009;30;1022.76;29.0528;1612.22;40;0;90
8.20009;30;1023.17;29.4631;1596.29;40;0;90
8.21009;30;1023;29.2968;1603.57;40;0;90
8.22009;30;1023.23;29.5254;1594.85;40;0;90
8.23009;30;1024.1;30.4001;1559.51;40;0;90
8.24009;30;1023.48;29.7796;1584.52;40;0;90
8.25009;30;1023.98;30.2713;1564.61;40;0;90
8.26009;30;1024.7;30.9932;1534.84;40;0;90
8.27009;30;1023.64;29.9315;1577.37;40;0;90
8.28009;30;1024.37;30.6686;1547.29;40;0;90
8.29009;30;1024.58;30.8808;1538.01;40;0;90
8.30009;30;1023.33;29.622;1588.7;40;0;90
8.31009;30;1023.91;30.2051;1565.19;40;0;90
8.3201;30;1023.56;29.8604;1579.11;40;0;90
8.3301;30;1022.65;28.9423;1616.78;40;0;90
8.3401;30;1022.98;29.2774;1604.03;40;0;90
8.3501;30;1023.06;29.3566;1601.44;40;0;90
8.3601;30;1022.86;29.1565;1610.2;40;0;90
8.3701;30;1023.71;30.0036;1576.31;40;0;90
8.3801;30;1023.54;29.8347;1583.22;40;0;90
8.3901;30;1023.78;30.0753;1573.53;40;0;90
8.4001;30;1024.51;30.8015;1543.76;40;0;90
8.4101;30;1023.91;30.2108;1567.2;40;0;90
8.4201;30;1024.38;30.6752;1548.01;40;0;90
8.4301;30;1024.37;30.6614;1547.97;40;0;90
8.4401;30;1023.61;29.9023;1578.42;40;0;90
8.4501;30;1024.31;30.6078;1549.65;40;0;90
8.4601;30;1023.57;29.8635;1579.55;40;0;90
8.4701;30;1022.76;29.0592;1612.57;40;0;90
8.4801;30;1023.49;29.7852;1583.72;40;0;90
8.4901;30;1022.82;29.1165;1611.26;40;0;90
8.5001;30;1022.38;28.6729;1630.2;40;0;90
8.5101;30;1023.49;29.7882;1585.78;40;0;90
8.5201;30;1023.39;29.6811;1590.35;40;0;90
8.5301;30;1023.35;29.6485;1591.97;40;0;90
8.5401;30;1024.59;30.8904;1541.49;40;0;90
8.5501;30;1023.78;30.0738;1574.09;40;0;90
8.5601;30;1023.98;30.2811;1565.55;40;0;90
8.5701;30;1025.01;31.3046;1523.43;40;0;90
8.5801;30;1023.84;30.1407;1569.86;40;0;90
8.5901;30;1024.13;30.4285;1557.96;40;0;90
8.6001;30;1024.06;30.3588;1560.43;40;0;90
8.6101;30;1023.35;29.6452;1589.29;40;0;90
8.6201;30;1023.51;29.8067;1583.01;40;0;90
8.6301;30;1022.92;29.2124;1607.49;40;0;90
8.6401;30;1022.78;29.0782;1613.69;40;0;90
8.6501;30;1023.23;29.5221;1596.36;40;0;90
8.6601;30;1022.74;29.0316;1616.85;40;0;90
8.6701;30;1023.05;29.3452;1604.9;40;0;90
8.6801;30;1023.87;30.1639;1572;40;0;90
8.6901;30;1023.33;29.6302;1593.68;40;0;90
8.7001;30;1023.92;30.2167;1570.03;40;0;90
8.7101;30;1024.81;31.1042;1533.53;40;0;90
8.7201;30;1023.72;30.013;1577.17;40;0;90
8.7301;30;1024.33;30.6304;1551.9;40;0;90
8.7401;30;1024.55;30.843;1542.64;40;0;90
8.7501;30;1023.43;29.7279;1587.49;40;0;90
8.76011;30;1023.97;30.2611;1565.93;40;0;90
8.77011;30;1023.4;29.6975;1588.74;40;0;90
8.78011;30;1022.82;29.1199;1612.64;40;0;90
8.79011;30;1023.15;29.445;1600.14;40;0;90
8.80011;30;1022.94;29.2314;1609.37;40;0;90
8.81011;30;1022.51;28.8103;1627.29;40;0;90
8.82011;30;1023.29;29.5874;1596.57;40;0;90
8.83011;30;1023.39;29.6857;1592.93;40;0;90
8.84011;30;1023.51;29.8067;1588.26;40;0;90
8.85011;30;1024.34;30.6397;1554.36;40;0;90
8.86011;30;1023.86;30.1526;1573.71;40;0;90
8.87011;30;1024.34;30.6324;1553.95;40;0;90
8.88011;30;1024.54;30.8347;1545.11;40;0;90
8.89011;30;1023.91;30.203;1570.19;40;0;90
8.90011;30;1024.32;30.6171;1553.07;40;0;90
8.91011;30;1023.75;30.0451;1575.91;40;0;90
8.92011;30;1023.19;29.4841;1598.82;40;0;90
8.93011;30;1023.76;30.059;1575.77;40;0;90
8.94011;30;1022.91;29.2076;1610.54;40;0;90
8.95011;30;1022.44;28.7336;1630.64;40;0;90
8.96011;30;1023.37;29.666;1593.64;40;0;90
8.97011;30;1022.99;29.2885;1609.38;40;0;90
8.98011;30;1023.03;29.3263;1608.47;40;0;90
8.99011;30;1023.99;30.2865;1569.81;40;0;90
9.00011;30;1023.63;29.927;1584.25;40;0;90
9.01011;30;1023.89;30.1907;1573.54;40;0;90
9.02011;30;1024.97;31.2631;1529.5;40;0;90
9.03011;30;1023.96;30.2578;1569.48;40;0;90
9.04011;30;1024.38;30.6761;1552.14;40;0;90
9.05011;30;1024.83;31.1275;1533.07;40;0;90
9.06011;30;1023.9;30.1993;1570.02;40;0;90
9.07011;30;1024.04;30.3315;1564.43;40;0;90
9.08011;30;1023.16;29.4562;1599.94;40;0;90
9.09011;30;1023.1;29.3919;1603.05;40;0;90
9.10011;30;1023.25;29.5471;1597.26;40;0;90
9.11011;30;1022.56;28.8567;1625.9;40;0;90
9.12011;30;1023.05;29.3425;1607.06;40;0;90
9.13011;30;1023.7;30.001;1580.72;40;0;90
9.14011;30;1023.29;29.5882;1597.6;40;0;90
9.15011;30;1023.74;30.0321;1579.81;40;0;90
9.16011;30;1024.57;30.8677;1545.61;40;0;90
9.17011;30;1023.48;29.7796;1589.33;40;0;90
9.18011;30;1024.4;30.7006;1551.86;40;0;90
9.19011;30;1024.69;30.9857;1539.57;40;0;90
9.20012;30;1023.49;29.7843;1587.82;40;0;90
9.21012;30;1024.23;30.5229;1557.81;40;0;90
9.22012;30;1023.74;30.0347;1577.3;40;0;90
9.23012;30;1022.95;29.2484;1609.43;40;0;90
9.24012;30;1023.29;29.5866;1596.28;40;0;90
9.25012;30;1022.67;28.9669;1622;40;0;90
9.26012;30;1022.71;29.0047;1621.38;40;0;90
9.27012;30;1023.15;29.4418;1604.4;40;0;90
9.28012;30;1023.1;29.3933;1606.88;40;0;90
9.29012;30;1023.26;29.5569;1600.74;40;0;90
9.30012;30;1023.94;30.2375;1573.3;40;0;90
9.31012;30;1023.84;30.1396;1577.09;40;0;90
9.32012;30;1024.1;30.3936;1566.57;40;0;90
9.33012;30;1024.67;30.9628;1542.94;40;0;90
9.34012;30;1024.22;30.5142;1560.42;40;0;90
9.35012;30;1024.93;31.2255;1530.87;40;0;90
9.36012;30;1024.92;31.2115;1530.34;40;0;90
9.37012;30;1024.45;30.7419;1548.45;40;0;90
9.38012;30;1025.16;31.4516;1518.76;40;0;90
9.39012;30;1024.32;30.6166;1551.6;40;0;90
9.40012;30;1023.87;30.1642;1569.55;40;0;90
9.41012;30;1023.8;30.0948;1572.24;40;0;90
9.42012;30;1022.62;28.9194;1620.23;40;0;90
9.43012;30;1022.46;28.7592;1627.76;40;0;90
9.44012;30;1023.53;29.8233;1585.35;40;0;90
9.45012;30;1023.1;29.3942;1603.06;40;0;90
9.46012;30;1023.33;29.622;1594.29;40;0;90
9.47012;30;1024.51;30.8058;1546.21;40;0;90
9.48012;30;1023.78;30.0776;1575.27;40;0;90
9.49012;30;1024.23;30.5214;1557.05;40;0;90
9.50012;30;1025.02;31.3183;1523.98;40;0;90
9.51012;30;1024.17;30.4632;1557.77;40;0;90
9.52012;30;1024.88;31.1746;1528.26;40;0;90
9.53012;30;1024.88;31.18;1526.98;40;0;90
9.54012;30;1024.54;30.8389;1539.87;40;0;90
9.55012;30;1024.84;31.1325;1527.11;40;0;90
9.56012;30;1023.77;30.0681;1569.62;40;0;90
9.57012;30;1023.58;29.8762;1577.41;40;0;90
9.58012;30;1023.24;29.5389;1591.32;40;0;90
9.59012;30;1022.29;28.5845;1630.77;40;0;90
9.60012;30;1022.9;29.1994;1606.89;40;0;90
9.61012;30;1023.69;29.988;1575.36;40;0;90
9.62012;30;1023.09;29.3877;1599.92;40;0;90
9.63013;30;1024.01;30.3018;1563.08;40;0;90
9.64013;30;1024.39;30.6834;1547.21;40;0;90
9.65013;30;1023.78;30.0797;1571.28;40;0;90
9.66013;30;1024.81;31.1033;1529.34;40;0;90
9.67013;30;1024.89;31.1859;1524.98;40;0;90
9.68013;30;1024.14;30.4379;1554.5;40;0;90
9.69013;30;1025.07;31.3699;1515.99;40;0;90
9.70013;30;1024.26;30.5513;1548.23;40;0;90
9.71013;30;1023.78;30.0774;1567.12;40;0;90
9.72013;30;1023.71;30.0033;1570.08;40;0;90
9.73013;30;1022.52;28.8123;1618.79;40;0;90
9.74013;30;1022.65;28.9482;1614.3;40;0;90
9.75013;30;1022.94;29.2354;1603.5;40;0;90
9.76013;30;1022.91;29.209;1605.27;40;0;90
9.77013;30;1023.37;29.6621;1587.45;40;0;90
9.78013;30;1023.97;30.2644;1563.12;40;0;90
9.79013;30;1023.78;30.0781;1570.5;40;0;90
9.80013;30;1024.32;30.6187;1548.32;40;0;90
9.81013;30;1024.34;30.6324;1547.2;40;0;90
9.82013;30;1024.2;30.4914;1552.4;40;0;90
9.83013;30;1024.89;31.1826;1523.69;40;0;90
9.84013;30;1024.37;30.6636;1543.85;40;0;90
9.85013;30;1024.25;30.5474;1548.01;40;0;90
9.86013;30;1024.62;30.9173;1532.39;40;0;90
9.87013;30;1023.09;29.382;1594.36;40;0;90
9.88013;30;1022.95;29.2439;1600.56;40;0;90
9.89013;30;1023.12;29.4188;1594.09;40;0;90
9.90013;30;1022.52;28.8174;1619.21;40;0;90
9.91013;30;1022.8;29.0957;1608.89;40;0;90
9.92013;30;1023.77;30.0631;1570.13;40;0;90
9.93013;30;1023.29;29.5872;1589.54;40;0;90
9.94013;30;1023.86;30.1606;1566.46;40;0;90
9.95013;30;1024.38;30.6761;1545.23;40;0;90
9.96013;30;1023.8;30.1001;1568.18;40;0;90
9.97013;30;1024.79;31.0898;1527.61;40;0;90
9.98013;30;1024.72;31.0124;1529.8;40;0;90
9.99013;30;1024.4;30.6946;1541.88;40;0;90
