0;30;993.942;-0.00640869;3024.65;100;0;80
0.01;30;993.918;-0.0302124;3051.05;100;0;80
0.02;30;993.879;-0.069397;3079.02;100;0;80
0.03;30;993.977;0.0286865;3093.19;100;0;80
0.04;30;993.915;-0.0335083;3123.44;100;0;80
0.05;30;993.893;-0.0552368;3149.66;100;0;80
0.06;30;993.985;0.0369873;3164.4;100;0;80
0.07;30;993.977;0.0281982;3189.26;100;0;80
0.08;30;994.003;0.0549927;3210.54;100;0;80
0.09;30;994.034;0.0856934;3231.4;100;0;80
0.1;30;994.058;0.109985;3252.88;100;0;80
0.11;30;993.935;-0.0130005;3289.19;100;0;80
0.12;30;993.98;0.0316772;3308.7;100;0;80
0.13;30;993.988;0.039978;3331.84;100;0;80
0.14;30;994.019;0.0709839;3352.68;100;0;80
0.15;30;994.199;0.250977;3358.48;100;0;80
0.16;30;993.938;-0.010498;3408.63;100;0;80
0.17;30;994.041;0.0921021;3422.3;100;0;80
0.18;30;993.904;-0.0447388;3460.02;100;0;80
0.19;30;994.039;0.0906982;3470.4;100;0;80
0.2;30;993.949;0.000854492;3503.39;100;0;80
0.21;30;993.946;-0.00231934;3527.71;100;0;80
0.22;30;994.028;0.0791016;3543.5;100;0;80
0.23;30;993.975;0.0262451;3572.77;100;0;80
0.24;30;994.037;0.0887451;3590.45;100;0;80
0.25;30;993.993;0.0448608;3618.8;100;0;80
0.26;30;993.971;0.0227051;3644.99;100;0;80
0.27;30;993.931;-0.0171509;3672.99;100;0;80
0.28;30;994.53;0.581787;3636.64;100;0;80
0.29;30;997.291;3.34265;3381.87;100;0;80
0.3;30;1001.69;7.74475;2959.47;100;0;80
0.31;30;1005.21;11.2662;2622.31;100;0;80
0.32;30;1010.63;16.6865;2090.94;100;0;80
0.33;30;1014.2;20.2565;1741.73;100;0;80
0.34;30;1017.83;23.8865;1383.62;100;0;80
0.35;30;1022.34;28.3943;934.117;100;0;80
0.36;30;1025.8;31.8472;587.351;100;0;80
0.37;30;1028.82;34.8677;281.406;100;0;80
0.38;30;1033.18;39.2293;0;100;0;80
0.39;30;1036.56;42.6087;0;100;0;80
0.4;30;1039.69;45.7375;0;100;0;80
0.41;30;1042.51;48.5596;0;100;0;80
0.42;30;1044.99;51.0406;0;100;0;80
0.43;30;1048.19;54.2453;0;100;0;80
0.44;30;1051.01;57.0634;0;100;0;80
0.45;30;1053.57;59.6202;0;100;0;80
0.46;30;1055.97;62.0182;0;100;0;80
0.47;30;1058.48;64.5352;0;100;0;80
0.48;30;1060.69;66.7414;0;100;0;80
0.49;30;1062.32;68.3748;0;100;0;80
0.5;30;1064.41;70.4609;0;100;0;80
0.51;30;1067.15;73.1979;0;100;0;80
0.52;30;1068.56;74.6136;0;100;0;80
0.53;30;1069.06;75.1099;0;100;0;80
0.54;30;1069.12;75.168;0;100;0;80
0.55;30;1068.33;74.3848;0;100;0;80
0.56;30;1067.07;73.1182;0;100;0;80
0.57;30;1063.39;69.4385;0;100;0;80
0.58;30;1058.42;64.4724;0;100;0;80
0.59;30;1054.14;60.1924;0;100;0;80
0.6;30;1049.42;55.475;0;100;0;80
0.61;30;1045.2;51.2542;0;100;0;80
0.62;30;1041.24;47.2919;0;100;0;80
0.63;30;1037.66;43.71;0;100;0;80
0.64;30;1034.21;40.2603;0;100;0;80
0.65;30;1031.14;37.1951;0;100;0;80
0.66;30;1028.46;34.5098;0;100;0;80
0.67;30;1026.02;32.0734;0;100;0;80
0.68;30;1023.69;29.7455;144.474;100;0;80
0.69;30;1021.44;27.4955;371.472;100;0;80
0.7;30;1019.44;25.494;575.235;100;0;80
0.71;30;1017.54;23.5906;770.701;100;0;80
0.72;30;1015.81;21.8649;949.78;100;0;80
0.73;30;1014.31;20.3575;1108.23;100;0;80
0.74;30;1012.61;18.6576;1287.3;100;0;80
0.75;30;1011.44;17.4908;1413.98;100;0;80
0.76;30;1010.04;16.0885;1565.34;100;0;80
0.77;30;1008.72;14.7726;1709.11;100;0;80
0.78;30;1007.67;13.7261;1826.79;100;0;80
0.79;30;1006.48;12.5273;1960.64;100;0;80
0.8;30;1005.63;11.6779;2060.24;100;0;80
0.81;30;1004.57;10.6224;2181.29;100;0;80
0.82;30;1003.85;9.9007;2269.54;100;0;80
0.83;30;1003.04;9.09406;2366.93;100;0;80
0.839999;30;1002.29;8.34515;2459.14;100;0;80
0.849999;30;1001.52;7.57318;2554.28;100;0;80
0.859999;30;1000.82;6.86737;2643.37;100;0;80
0.869999;30;1000.5;6.55505;2693.36;100;0;80
0.879999;30;1000.45;6.50378;2717.28;100;0;80
0.889999;30;1001.17;7.22388;2663.49;100;0;80
0.899999;30;1002.64;8.68781;2534.15;100;0;80
0.909999;30;1003.39;9.43719;2475.66;100;0;80
0.919999;30;1004.76;10.8155;2353.18;100;0;80
0.929999;30;1005.7;11.7497;2274.36;100;0;80
0.939999;30;1008.55;14.6;2001.65;100;0;80
0.949999;30;1010.82;16.8754;1784.61;100;0;80
0.959999;30;1012.27;18.3246;1649.02;100;0;80
0.969999;30;1014.61;20.6572;1423.25;100;0;80
0.979999;30;1017.55;23.5991;1134.18;100;0;80
0.989999;30;1018.76;24.8145;1016.79;100;0;80
0.999999;30;1022.88;28.9347;605.614;100;0;80
1.01;30;1024.2;30.2493;473.951;100;0;80
1.02;30;1026.63;32.6797;228.765;100;0;80
1.03;30;1029.56;35.6127;0;100;0;80
1.04;30;1031.35;37.4031;0;100;0;80
1.05;30;1031.82;37.8714;0;100;0;80
1.06;30;1035.24;41.2897;0;100;0;80
1.07;30;1033.11;39.1595;0;100;0;80
1.08;30;1034.81;40.8609;0;100;0;80
1.09;30;1034.37;40.4224;0;100;0;80
1.1;30;1032.23;38.2863;0;100;0;80
1.11;30;1030.03;36.0828;0;100;0;80
1.12;30;1027.45;33.5026;82.0845;100;0;80
1.13;30;1024.99;31.0413;327.382;100;0;80
1.14;30;1022.38;28.4335;589.42;100;0;80
1.15;30;1020.49;26.5391;781.63;100;0;80
1.16;30;1018.34;24.3921;1000.81;100;0;80
1.17;30;1016.23;22.2834;1217.86;100;0;80
1.18;30;1014.4;20.4469;1409.15;100;0;80
1.19;30;1012.7;18.7519;1587.65;100;0;80
1.2;30;1011.48;17.5359;1719.22;100;0;80
1.21;30;1010.19;16.2373;1860.09;100;0;80
1.22;30;1008.73;14.7852;2017.47;100;0;80
1.23;30;1007.97;14.0243;2106.34;100;0;80
1.24;30;1006.63;12.6853;2254.09;100;0;80
1.25;30;1006.84;12.8957;2246.74;100;0;80
1.26;30;1006.87;12.9223;2257.74;100;0;80
1.27;30;1007.53;13.5815;2204.95;100;0;80
1.28;30;1009.46;15.5135;2023.34;100;0;80
1.29;30;1010.84;16.8893;1896.25;100;0;80
1.3;30;1011.84;17.8932;1805.55;100;0;80
1.31;30;1013.84;19.8916;1613.79;100;0;80
1.32;30;1014.95;21.0058;1509.57;100;0;80
1.33;30;1018.25;24.3039;1184.32;100;0;80
1.34;30;1019.27;25.3265;1085.8;100;0;80
1.35;30;1020.76;26.8144;939.553;100;0;80
1.36;30;1022.02;28.0683;815.708;100;0;80
1.37;30;1023.24;29.2903;694.071;100;0;80
1.38;30;1022.52;28.5681;767.445;100;0;80
1.39;30;1022.16;28.2068;805.006;100;0;80
1.4;30;1022.23;28.2821;798.849;100;0;80
1.41;30;1019.56;25.6097;1069.6;100;0;80
1.42;30;1019.03;25.0815;1126.36;100;0;80
1.43;30;1017.08;23.1362;1326.38;100;0;80
1.44;30;1016.35;22.4065;1405.42;100;0;80
1.45;30;1015.03;21.0823;1544.98;100;0;80
1.46;30;1015.27;21.3221;1527.94;100;0;80
1.47;30;1013.41;19.4658;1722;100;0;80
1.48;30;1014.5;20.5531;1620.82;100;0;80
1.49;30;1015.11;21.1622;1566.99;100;0;80
1.5;30;1015.7;21.748;1515;100;0;80
1.51;30;1016.83;22.8857;1406.93;100;0;80
1.52;30;1016.41;22.4593;1455.6;100;0;80
1.53;30;1017.18;23.2323;1383.71;100;0;80
1.54;30;1017.72;23.7677;1335.16;100;0;80
1.55;30;1016.64;22.6913;1448.64;100;0;80
1.56;30;1016.52;22.5729;1466.43;100;0;80
1.57;30;1017.92;23.9681;1331.74;100;0;80
1.58;30;1017.61;23.6661;1367;100;0;80
1.59;30;1018.41;24.4626;1291.78;100;0;80
1.6;30;1018.92;24.9709;1244.98;100;0;80
1.61;30;1017.83;23.8811;1358.85;100;0;80
1.62;30;1017.57;23.6202;1390.05;100;0;80
1.63;30;1017.45;23.5041;1406.85;100;0;80
1.64;30;1017.7;23.7556;1386.7;100;0;80
1.65;30;1018.48;24.5325;1313.38;100;0;80
1.66;30;1017.39;23.4455;1427.32;100;0;80
1.67;30;1016.45;22.5052;1527.35;100;0;80
1.68;30;1017.6;23.6534;1417.61;100;0;80
1.69;30;1017.53;23.5863;1429.45;100;0;80
1.7;30;1018.08;24.1292;1379.86;100;0;80
1.71;30;1019.07;25.1223;1284.45;100;0;80
1.72;30;1017.78;23.8268;1418.94;100;0;80
1.73;30;1017.83;23.8834;1418.17;100;0;80
1.74;30;1017.54;23.5876;1452.88;100;0;80
1.75;30;1017.75;23.8036;1436.24;100;0;80
1.76;30;1018.67;24.7234;1348.48;100;0;80
1.77;30;1018.75;24.7997;1345.01;100;0;80
1.78;30;1018.12;24.1714;1412.5;100;0;80
1.79;30;1018.09;24.1409;1420.24;100;0;80
1.8;30;1017.62;23.6747;1471.92;100;0;80
1.81;30;1017.87;23.925;1451.74;100;0;80
1.82;30;1018.98;25.0327;1344.96;100;0;80
1.83;30;1018.39;24.4377;1408.9;100;0;80
1.84;30;1018.19;24.2391;1433.37;100;0;80
1.85;30;1017.69;23.7392;1488.37;100;0;80
1.86;30;1017.38;23.4288;1524.67;100;0;80
1.87;30;1018.13;24.1841;1453.79;100;0;80
1.88;30;1019.12;25.1684;1359.22;100;0;80
1.89;30;1018.62;24.6732;1413.01;100;0;80
1.9;30;1019.14;25.1957;1364.6;100;0;80
1.91;30;1018.7;24.75;1413.37;100;0;80
1.92;30;1017.64;23.6927;1524.14;100;0;80
1.93;30;1018.22;24.2704;1470.96;100;0;80
1.94;30;1018.71;24.7649;1425.7;100;0;80
1.95;30;1018.76;24.8139;1424.94;100;0;80
1.96;30;1020.01;26.0628;1303.2;100;0;80
1.97;30;1019.23;25.2823;1385.03;100;0;80
1.98;30;1018.86;24.9089;1426.44;100;0;80
1.99;30;1018.44;24.4921;1472.53;100;0;80
2;30;1018.31;24.3599;1490.26;100;0;80
2.01;30;1018.82;24.8667;1443.69;100;0;80
2.02;30;1019.66;25.7113;1362.66;100;0;80
2.03;30;1018.89;24.9413;1443.7;100;0;80
2.04;30;1019.37;25.4254;1398.96;100;0;80
2.05;30;1018.76;24.8108;1464.57;100;0;80
2.06;30;1017.86;23.9149;1559.03;100;0;80
2.07;30;1018.91;24.9656;1457.98;100;0;80
2.08;30;1019.4;25.4527;1412.91;100;0;80
2.09;30;1019.32;25.3711;1424.77;100;0;80
2.1;30;1020.39;26.4462;1320.11;100;0;80
2.11;30;1019.52;25.5741;1410.86;100;0;80
2.12;30;1019;25.0515;1467.08;100;0;80
2.13;30;1018.69;24.7402;1502.42;100;0;80
2.14;30;1018.81;24.8647;1494.07;100;0;80
2.15;30;1019.42;25.472;1436.96;100;0;80
2.16;30;1020.24;26.2953;1357.6;100;0;80
2.17;30;1019.63;25.6848;1422.1;100;0;80
2.18;30;1019.97;26.0264;1391.12;100;0;80
2.19;30;1019.51;25.5652;1440.79;100;0;80
2.2;30;1018.12;24.1669;1585.29;100;0;80
2.21;30;1019.01;25.0647;1499.45;100;0;80
2.22;30;1019.69;25.7444;1434.89;100;0;80
2.23;30;1019.58;25.6365;1449.17;100;0;80
2.24;30;1020.78;26.8318;1332.17;100;0;80
2.25;30;1020.15;26.2;1398.4;100;0;80
2.26;30;1019.7;25.7516;1446.62;100;0;80
2.27;30;1019.24;25.2917;1496.38;100;0;80
2.28;30;1018.79;24.8462;1545.06;100;0;80
2.29;30;1019.37;25.4178;1491.57;100;0;80
2.3;30;1020.3;26.3521;1401.06;100;0;80
2.31;30;1019.73;25.7776;1461.88;100;0;80
2.32;30;1020.33;26.3818;1404.36;100;0;80
2.33;30;1020.04;26.0919;1436.48;100;0;80
2.34;30;1018.72;24.7759;1572.25;100;0;80
2.35;30;1019.11;25.1629;1537.42;100;0;80
2.36;30;1019.65;25.6976;1487.4;100;0;80
2.37;30;1019.66;25.7068;1489.9;100;0;80
2.38;30;1020.98;27.0341;1359.55;100;0;80
2.39;30;1020.91;26.9644;1368.95;100;0;80
2.4;30;1020.4;26.4494;1423.29;100;0;80
2.41;30;1021.06;27.1083;1359.71;100;0;80
2.42;30;1019.74;25.7942;1494.49;100;0;80
2.43;30;1019.13;25.1774;1560.03;100;0;80
2.44;30;1019.78;25.8284;1498.27;100;0;80
2.45;30;1019.69;25.7394;1510.57;100;0;80
2.46;30;1020.46;26.5157;1435.72;100;0;80
2.47;30;1020.6;26.6468;1425.3;100;0;80
2.48;30;1019.75;25.7989;1513.45;100;0;80
2.49;30;1020.04;26.0871;1487.76;100;0;80
2.5;30;1019.54;25.5944;1540.56;100;0;80
2.51;30;1019.08;25.1295;1590.95;100;0;80
2.52;30;1020.38;26.4323;1463.52;100;0;80
2.53;30;1020.72;26.7682;1432.51;100;0;80
2.54;30;1020.65;26.6977;1442.21;100;0;80
2.55;30;1021.68;27.73;1340.79;100;0;80
2.56;30;1020.96;27.0118;1415;100;0;80
2.57;30;1020.54;26.5903;1459.88;100;0;80
2.58;30;1020.19;26.2447;1497.44;100;0;80
2.59;30;1019.45;25.5012;1575.4;100;0;80
2.6;30;1019.86;25.9109;1537.69;100;0;80
2.61;30;1021.07;27.1254;1418.55;100;0;80
2.62;30;1020.59;26.6449;1469.28;100;0;80
2.63;30;1021.3;27.3555;1400.34;100;0;80
2.64;30;1021.19;27.2385;1414.25;100;0;80
2.65;30;1020.3;26.3469;1506.33;100;0;80
2.66;30;1020.54;26.5868;1485.07;100;0;80
2.67;30;1019.86;25.9163;1555.39;100;0;80
2.68;30;1019.76;25.8165;1568.71;100;0;80
2.69;30;1020.87;26.9183;1461;100;0;80
2.7;30;1020.94;26.9884;1456.39;100;0;80
2.71;30;1020.88;26.9286;1464.83;100;0;80
2.72;30;1021.91;27.9635;1362.97;100;0;80
2.73;30;1020.76;26.8151;1480.36;100;0;80
2.74;30;1020.54;26.5895;1505.65;100;0;80
2.75;30;1020.11;26.1592;1551.75;100;0;80
2.76;30;1019.85;25.8997;1580.98;100;0;80
2.77;30;1020.31;26.3583;1538.04;100;0;80
2.78;30;1021.3;27.3478;1441.21;100;0;80
2.79;30;1020.92;26.9681;1481.6;100;0;80
2.8;30;1021.78;27.8332;1396.82;100;0;80
2.81;30;1021.6;27.654;1416.62;100;0;80
2.82;30;1021.32;27.3705;1447.07;100;0;80
2.83;30;1021.33;27.3811;1448.11;100;0;80
2.84;30;1020.08;26.127;1576.62;100;0;80
2.85;30;1019.83;25.8835;1604.26;100;0;80
2.86;30;1021.04;27.0962;1485.31;100;0;80
2.87;30;1020.78;26.8307;1514.4;100;0;80
2.88;30;1021.04;27.0966;1490.14;100;0;80
2.89;30;1021.99;28.0373;1397.63;100;0;80
2.9;30;1020.97;27.0218;1501.57;100;0;80
2.91;30;1021.09;27.1366;1492.38;100;0;80
2.92;30;1020.66;26.7162;1537.04;100;0;80
2.93;30;1019.93;25.9853;1613.35;100;0;80
2.94;30;1020.44;26.4936;1565.32;100;0;80
2.95;30;1021.15;27.2038;1496.54;100;0;80
2.96;30;1021.28;27.3357;1485.48;100;0;80
2.97;30;1022.24;28.2951;1390.9;100;0;80
2.98;30;1022.11;28.1581;1406.08;100;0;80
2.99;30;1022.03;28.0827;1415.15;100;0;80
3;30;1022.59;28.6446;1360.04;100;0;80
3.01;30;1021.2;27.2542;1501.28;100;0;80
3.02;30;1020.58;26.6332;1566.08;100;0;80
3.03;30;1020.73;26.7821;1553.76;100;0;80
3.04;30;1020.65;26.703;1564.31;100;0;80
3.05;30;1021.22;27.2734;1509.45;100;0;80
3.06;30;1022.13;28.1847;1419.77;100;0;80
3.07;30;1021.28;27.3295;1507.43;100;0;80
3.08;30;1021.7;27.7488;1467.3;100;0;80
3.09;30;1021.91;27.9654;1447.26;100;0;80
3.1;30;1021.21;27.2632;1519.67;100;0;80
3.11;30;1021.22;27.2692;1521.26;100;0;80
3.12;30;1020.52;26.5691;1594.01;100;0;80
3.13;30;1020.61;26.6589;1587.71;100;0;80
3.14;30;1021.5;27.5524;1500.32;100;0;80
3.15;30;1021.53;27.5804;1499.45;100;0;80
3.16;30;1021.91;27.9588;1463.24;100;0;80
3.17;30;1022.84;28.8866;1371.35;100;0;80
3.18;30;1021.65;27.7;1491.86;100;0;80
3.19;30;1021.92;27.9677;1466.71;100;0;80
3.2;30;1021.76;27.8161;1483.62;100;0;80
3.21;30;1020.46;26.514;1616.62;100;0;80
3.22;30;1020.42;26.4723;1623.61;100;0;80
3.23;30;1021.34;27.3939;1533.54;100;0;80
3.24;30;1021.15;27.1974;1555.43;100;0;80
3.25;30;1022.16;28.2147;1455.13;100;0;80
3.26;30;1022.64;28.6941;1408.23;100;0;80
3.27;30;1022.43;28.479;1430.95;100;0;80
3.28;30;1023.01;29.0641;1373.19;100;0;80
3.29;30;1022.8;28.8495;1395.57;100;0;80
3.3;30;1022.56;28.6108;1420.56;100;0;80
3.31;30;1022.36;28.4078;1442.13;100;0;80
3.32;30;1020.58;26.6332;1622.28;100;0;80
3.33;30;1020.75;26.7998;1608.18;100;0;80
3.34;30;1021.89;27.9402;1495.78;100;0;80
3.35;30;1021.33;27.3802;1553.89;100;0;80
3.36;30;1022.24;28.2881;1464.46;100;0;80
3.37;30;1022.65;28.6994;1424.38;100;0;80
3.38;30;1021.63;27.6843;1527.74;100;0;80
3.39;30;1022.07;28.1227;1485.4;100;0;80
3.4;30;1021.53;27.5814;1541.47;100;0;80
3.41;30;1020.75;26.8005;1622.12;100;0;80
3.42;30;1020.84;26.8912;1615.53;100;0;80
3.43;30;1021.28;27.3299;1573.8;100;0;80
3.44;30;1021.47;27.5167;1557.11;100;0;80
3.45;30;1022.45;28.505;1459.47;100;0;80
3.46;30;1022.15;28.2024;1491.17;100;0;80
3.47;30;1022.54;28.5946;1453.07;100;0;80
3.48;30;1023.11;29.1658;1396.62;100;0;80
3.49;30;1022.48;28.5282;1461.56;100;0;80
3.5;30;1022.8;28.8558;1429.72;100;0;80
3.51;30;1022.25;28.2984;1486.81;100;0;80
3.52;30;1020.71;26.7644;1642.8;100;0;80
3.53;30;1021.01;27.0639;1615.2;100;0;80
3.54;30;1021.59;27.6399;1559.49;100;0;80
3.55;30;1021.47;27.5179;1573.68;100;0;80
3.56;30;1022.78;28.8285;1443.55;100;0;80
3.57;30;1022.88;28.9291;1434.35;100;0;80
3.58;30;1022.29;28.3457;1494.01;100;0;80
3.59;30;1023.28;29.3304;1396.08;100;0;80
3.6;30;1022.48;28.5361;1476.68;100;0;80
3.61;30;1022.08;28.1304;1518.75;100;0;80
3.62;30;1021.98;28.0298;1530.38;100;0;80
3.63;30;1021.04;27.087;1626.99;100;0;80
3.64;30;1021.27;27.3238;1605.45;100;0;80
3.65;30;1022.11;28.1568;1523.63;100;0;80
3.66;30;1021.81;27.8606;1554.96;100;0;80
3.67;30;1022.65;28.7001;1472.05;100;0;80
3.68;30;1023.05;29.098;1432.98;100;0;80
3.69;30;1022.46;28.5121;1492.76;100;0;80
3.7;30;1023.35;29.3992;1404.53;100;0;80
3.71;30;1022.74;28.7878;1466.64;100;0;80
3.72;30;1021.96;28.0152;1545.49;100;0;80
3.73;30;1021.93;27.9854;1550.09;100;0;80
3.74;30;1021.22;27.2685;1623.96;100;0;80
3.75;30;1021.23;27.2836;1624.62;100;0;80
3.76;30;1022.39;28.4443;1509.8;100;0;80
3.77;30;1022.03;28.0829;1547.46;100;0;80
3.78;30;1022.32;28.3725;1519.81;100;0;80
3.79;30;1023.26;29.311;1426.51;100;0;80
3.8;30;1022.39;28.4375;1515.11;100;0;80
3.81;30;1022.47;28.525;1507.54;100;0;80
3.82;30;1022.56;28.6135;1499.8;100;0;80
3.83;30;1021.66;27.7137;1591.61;100;0;80
3.84;30;1021.75;27.8019;1584.55;100;0;80
3.85;30;1021.42;27.4684;1619.92;100;0;80
3.86;30;1021.62;27.6725;1601.37;100;0;80
3.87;30;1022.51;28.5568;1514.1;100;0;80
3.88;30;1022.49;28.537;1517.25;100;0;80
3.89;30;1022.68;28.729;1499.07;100;0;80
3.9;30;1023.62;29.6736;1404.86;100;0;80
3.91;30;1022.78;28.8302;1490.14;100;0;80
3.92;30;1022.95;28.9994;1474.02;100;0;80
3.93;30;1023.31;29.3634;1438.13;100;0;80
3.94;30;1021.74;27.7896;1597.29;100;0;80
3.95;30;1021.6;27.6505;1613.08;100;0;80
3.96;30;1021.82;27.8677;1593.06;100;0;80
3.97;30;1021.53;27.5859;1623.17;100;0;80
3.98;30;1022.18;28.2348;1559.69;100;0;80
3.99;30;1022.89;28.9389;1490.13;100;0;80
4;30;1022.72;28.7738;1507.62;100;0;80
4.01;30;1023.4;29.4563;1439.81;100;0;80
4.02;30;1023.63;29.6806;1417.63;100;0;80
4.03;30;1023.31;29.3644;1449.76;100;0;80
4.04;30;1023.91;29.9606;1390.17;100;0;80
4.05;30;1023.23;29.2801;1458.8;100;0;80
4.06;30;1023.12;29.172;1470.27;100;0;80
4.07;30;1022.35;28.4032;1548.43;100;0;80
4.08;30;1021.19;27.2458;1666.36;100;0;80
4.09;30;1021.7;27.7474;1618.01;100;0;80
4.1;30;1022.65;28.6973;1524.07;100;0;80
4.11;30;1021.81;27.8603;1609.48;100;0;80
4.12;30;1022.86;28.9109;1505.28;100;0;80
4.13;30;1023.02;29.0674;1490.38;100;0;80
4.14;30;1022.28;28.3277;1565.69;100;0;80
4.15;30;1022.86;28.912;1508.13;100;0;80
4.16;30;1022.26;28.313;1569.38;100;0;80
4.17;30;1021.81;27.857;1616.7;100;0;80
4.18;30;1022.09;28.1465;1589.22;100;0;80
4.19;30;1021.77;27.8215;1623.47;100;0;80
4.2;30;1021.87;27.9213;1615.16;100;0;80
4.21;30;1022.52;28.5731;1551.12;100;0;80
4.22;30;1022.54;28.5876;1550.8;100;0;80
4.23;30;1022.86;28.9124;1519.19;100;0;80
4.24;30;1023.67;29.7171;1438.94;100;0;80
4.25;30;1023.06;29.1141;1499.95;100;0;80
4.26;30;1023.72;29.774;1434.14;100;0;80
4.27;30;1023.71;29.7651;1435.22;100;0;80
4.28;30;1022.97;29.0211;1510.41;100;0;80
4.29;30;1023.21;29.2663;1486.47;100;0;80
4.3;30;1022.01;28.0628;1608.37;100;0;80
4.31;30;1021.27;27.3249;1684.3;100;0;80
4.32;30;1022.13;28.1828;1599.96;100;0;80
4.33;30;1022.21;28.2615;1593.49;100;0;80
4.34;30;1022.36;28.4156;1579.34;100;0;80
4.35;30;1023.58;29.6353;1457.67;100;0;80
4.36;30;1022.92;28.9718;1524.84;100;0;80
4.37001;30;1023.17;29.2237;1500.27;100;0;80
4.38001;30;1024;30.05;1417.59;100;0;80
4.39001;30;1023.11;29.1641;1506.86;100;0;80
4.40001;30;1023.17;29.2226;1501.63;100;0;80
4.41001;30;1022.9;28.9494;1529.79;100;0;80
4.42001;30;1022.02;28.0674;1619.54;100;0;80
4.43001;30;1021.98;28.0352;1624.33;100;0;80
4.44001;30;1021.94;27.9964;1629.81;100;0;80
4.45001;30;1022.07;28.1172;1619.23;100;0;80
4.46001;30;1023.16;29.2076;1510.83;100;0;80
4.47001;30;1023.08;29.1345;1518.84;100;0;80
4.48001;30;1023.36;29.4133;1491.42;100;0;80
4.49001;30;1023.99;30.0427;1428.45;100;0;80
4.50001;30;1023.19;29.2436;1508.96;100;0;80
4.51001;30;1023.45;29.4967;1484.05;100;0;80
4.52001;30;1023.87;29.9241;1441.38;100;0;80
4.53001;30;1022.36;28.414;1593.65;100;0;80
4.54001;30;1022.21;28.2654;1609.9;100;0;80
4.55001;30;1022.16;28.2136;1616.51;100;0;80
4.56001;30;1021.73;27.7817;1661.48;100;0;80
4.57001;30;1022.22;28.2765;1613.38;100;0;80
4.58001;30;1023.06;29.1151;1530.23;100;0;80
4.59001;30;1022.74;28.7889;1563.81;100;0;80
4.60001;30;1023.52;29.5754;1485.5;100;0;80
4.61001;30;1023.81;29.858;1457.36;100;0;80
4.62001;30;1023.54;29.5882;1484.66;100;0;80
4.63001;30;1024.21;30.2642;1416.85;100;0;80
4.64001;30;1023.94;29.9939;1443.89;100;0;80
4.65001;30;1023.75;29.8047;1462.96;100;0;80
4.66001;30;1023.95;29.9995;1443.49;100;0;80
4.67001;30;1022.3;28.3505;1609.71;100;0;80
4.68001;30;1022.36;28.4109;1604.94;100;0;80
4.69001;30;1022.31;28.3587;1611.47;100;0;80
4.70001;30;1022.06;28.11;1637.85;100;0;80
4.71001;30;1022.96;29.0119;1548.45;100;0;80
4.72001;30;1023.44;29.49;1501.05;100;0;80
4.73001;30;1022.76;28.8086;1570.14;100;0;80
4.74001;30;1024.16;30.213;1429.54;100;0;80
4.75001;30;1023.98;30.03;1447.81;100;0;80
4.76001;30;1023.45;29.498;1501.4;100;0;80
4.77001;30;1024.32;30.3732;1413.59;100;0;80
4.78001;30;1023.34;29.3918;1512.22;100;0;80
4.79001;30;1022.76;28.8139;1570.96;100;0;80
4.80001;30;1022.29;28.3375;1619.93;100;0;80
4.81002;30;1021.78;27.8363;1671.78;100;0;80
4.82002;30;1022.03;28.0814;1648.81;100;0;80
4.83002;30;1023;29.0556;1552.14;100;0;80
4.84002;30;1022.73;28.7818;1580.49;100;0;80
4.85002;30;1023.29;29.3389;1525.31;100;0;80
4.86002;30;1023.52;29.5685;1502.7;100;0;80
4.87002;30;1023.4;29.4485;1515.14;100;0;80
4.88002;30;1024.22;30.2766;1432.11;100;0;80
4.89002;30;1024.22;30.2714;1432.41;100;0;80
4.90002;30;1023.88;29.9275;1466.86;100;0;80
4.91002;30;1024.53;30.5804;1401.1;100;0;80
4.92002;30;1023.4;29.4471;1514.88;100;0;80
4.93002;30;1022.88;28.9274;1567.71;100;0;80
4.94002;30;1022.65;28.7041;1591.07;100;0;80
4.95002;30;1021.98;28.0309;1659.97;100;0;80
4.96002;30;1022.08;28.1344;1651.11;100;0;80
4.97002;30;1023.42;29.4734;1517.62;100;0;80
4.98002;30;1022.88;28.9281;1573.02;100;0;80
4.99002;30;1023.38;29.4307;1523.21;100;0;80
5.00002;30;1024.16;30.2099;1445.12;100;0;80
5.01002;30;1023.27;29.3213;1534.53;100;0;80
5.02002;30;1023.85;29.9062;1476.11;100;0;80
5.03002;30;1023.72;29.7676;1490.16;100;0;80
5.04002;30;1023.06;29.1097;1556.66;100;0;80
5.05002;30;1022.85;28.901;1578.41;100;0;80
5.06002;30;1021.79;27.8446;1685.77;100;0;80
5.07002;30;1021.89;27.9427;1677.61;100;0;80
5.08002;30;1022.52;28.5754;1615.48;100;0;80
5.09002;30;1022.51;28.5572;1618.45;100;0;80
5.10002;30;1023.19;29.2453;1550.25;100;0;80
5.11002;30;1023.85;29.897;1485.16;100;0;80
5.12002;30;1023.15;29.2002;1555.48;100;0;80
5.13002;30;1023.76;29.8133;1494.32;100;0;80
5.14002;30;1024.19;30.238;1451.66;100;0;80
5.15002;30;1023.14;29.1956;1556.55;100;0;80
5.16002;30;1023.55;29.5976;1516.66;100;0;80
5.17002;30;1023.06;29.108;1566.34;100;0;80
5.18002;30;1022.08;28.1347;1665.16;100;0;80
5.19002;30;1022.49;28.5381;1625.99;100;0;80
5.20002;30;1022.24;28.2913;1652.04;100;0;80
5.21002;30;1022.23;28.2817;1654.37;100;0;80
5.22002;30;1023.23;29.285;1554.62;100;0;80
5.23002;30;1023.2;29.2519;1558.52;100;0;80
5.24003;30;1023.39;29.4402;1540.13;100;0;80
5.25003;30;1024.13;30.1822;1465.79;100;0;80
5.26003;30;1023.65;29.7007;1514.18;100;0;80
5.27003;30;1024.12;30.1685;1467.27;100;0;80
5.28003;30;1024.23;30.277;1456.19;100;0;80
5.29003;30;1023.51;29.5628;1527.97;100;0;80
5.30003;30;1023.74;29.7896;1505.46;100;0;80
5.31003;30;1022.94;28.9938;1585.84;100;0;80
5.32003;30;1021.71;27.7578;1711.24;100;0;80
5.33003;30;1022.53;28.5775;1630.41;100;0;80
5.34003;30;1022.51;28.5641;1632.89;100;0;80
5.35003;30;1022.46;28.5157;1638.91;100;0;80
5.36003;30;1023.64;29.6918;1521.56;100;0;80
5.37003;30;1023.48;29.5343;1537.68;100;0;80
5.38003;30;1023.46;29.5084;1540.66;100;0;80
5.39003;30;1024.68;30.7344;1417.47;100;0;80
5.40003;30;1023.87;29.9258;1498.39;100;0;80
5.41003;30;1023.87;29.9201;1499.02;100;0;80
5.42003;30;1024.45;30.5041;1440.22;100;0;80
5.43003;30;1023.36;29.4156;1549.54;100;0;80
5.44003;30;1023.37;29.4167;1549.89;100;0;80
5.45003;30;1022.84;28.8929;1603.16;100;0;80
5.46003;30;1021.95;28.0016;1693.89;100;0;80
5.47003;30;1022.34;28.3922;1656.12;100;0;80
5.48003;30;1022.77;28.8233;1613.95;100;0;80
5.49003;30;1022.84;28.8882;1608.35;100;0;80
5.50003;30;1023.86;29.9071;1506.53;100;0;80
5.51003;30;1023.42;29.4688;1550.79;100;0;80
5.52003;30;1023.81;29.8594;1511.84;100;0;80
5.53003;30;1024.56;30.6136;1435.93;100;0;80
5.54003;30;1023.81;29.8627;1511.13;100;0;80
5.55003;30;1024.06;30.1158;1485.73;100;0;80
5.56003;30;1024.5;30.5545;1441.41;100;0;80
5.57003;30;1023.05;29.1057;1587.01;100;0;80
5.58003;30;1023.11;29.1614;1582.11;100;0;80
5.59003;30;1022.7;28.7552;1623.73;100;0;80
5.60003;30;1021.87;27.9224;1708.67;100;0;80
5.61003;30;1022.47;28.5179;1650.3;100;0;80
5.62003;30;1023.18;29.229;1579.81;100;0;80
5.63003;30;1023.03;29.0804;1595.41;100;0;80
5.64003;30;1023.81;29.8654;1517.02;100;0;80
5.65003;30;1023.89;29.9437;1509.23;100;0;80
5.66003;30;1023.94;29.9897;1504.63;100;0;80
5.67003;30;1024.45;30.5035;1452.85;100;0;80
5.68004;30;1024.03;30.0843;1494.71;100;0;80
5.69004;30;1024.25;30.2969;1473.2;100;0;80
5.70004;30;1024.66;30.7128;1431.04;100;0;80
5.71004;30;1023.75;29.797;1522.79;100;0;80
5.72004;30;1023.75;29.8053;1522.12;100;0;80
5.73004;30;1023.1;29.1474;1588.59;100;0;80
5.74004;30;1021.85;27.9003;1714.98;100;0;80
5.75004;30;1022.47;28.5179;1654.4;100;0;80
5.76004;30;1022.91;28.9665;1610.37;100;0;80
5.77004;30;1022.79;28.838;1624.15;100;0;80
5.78004;30;1023.97;30.0168;1506.25;100;0;80
5.79004;30;1023.96;30.0074;1507.19;100;0;80
5.80004;30;1023.58;29.6272;1545.51;100;0;80
5.81004;30;1024.58;30.6343;1444.29;100;0;80
5.82004;30;1024.23;30.2787;1479.62;100;0;80
5.83004;30;1024.04;30.0927;1498.15;100;0;80
5.84004;30;1024.77;30.8256;1424.2;100;0;80
5.85004;30;1023.72;29.7715;1529.79;100;0;80
5.86004;30;1023.6;29.6484;1542.39;100;0;80
5.87004;30;1023.08;29.1298;1594.95;100;0;80
5.88004;30;1022.03;28.086;1700.86;100;0;80
5.89004;30;1022.29;28.3457;1676.21;100;0;80
5.90004;30;1022.76;28.8116;1630.57;100;0;80
5.91004;30;1022.84;28.8937;1623.25;100;0;80
5.92004;30;1023.8;29.8481;1527.93;100;0;80
5.93004;30;1023.79;29.838;1529.07;100;0;80
5.94004;30;1023.89;29.9437;1518.54;100;0;80
5.95004;30;1024.51;30.5651;1455.95;100;0;80
5.96004;30;1024.02;30.0714;1505.27;100;0;80
5.97004;30;1024.27;30.3183;1480.32;100;0;80
5.98004;30;1024.86;30.9101;1420.41;100;0;80
5.99004;30;1023.8;29.8498;1526.56;100;0;80
6.00004;30;1023.91;29.9662;1514.94;100;0;80
6.01004;30;1023.4;29.454;1566.6;100;0;80
6.02004;30;1022.04;28.0876;1704.77;100;0;80
6.03004;30;1022.06;28.1158;1703.46;100;0;80
6.04004;30;1023.02;29.0724;1608.54;100;0;80
6.05004;30;1022.8;28.8558;1631.12;100;0;80
6.06004;30;1023.53;29.5791;1559.12;100;0;80
6.07004;30;1023.86;29.9128;1525.83;100;0;80
6.08004;30;1023.52;29.5712;1560.33;100;0;80
6.09004;30;1024.06;30.11;1506.35;100;0;80
6.10004;30;1024.36;30.4088;1476.16;100;0;80
6.11004;30;1024.22;30.2714;1489.67;100;0;80
6.12005;30;1024.91;30.9617;1419.87;100;0;80
6.13005;30;1024.54;30.5883;1456.74;100;0;80
6.14005;30;1024.66;30.709;1444.1;100;0;80
6.15005;30;1024.53;30.585;1456.04;100;0;80
6.16005;30;1023;29.0522;1610.07;100;0;80
6.17005;30;1022.96;29.0073;1615.37;100;0;80
6.18005;30;1022.51;28.563;1660.94;100;0;80
6.19005;30;1022.33;28.3846;1680.08;100;0;80
6.20005;30;1023.37;29.4206;1576.94;100;0;80
6.21005;30;1023.77;29.8263;1536.51;100;0;80
6.22005;30;1023.4;29.448;1574.78;100;0;80
6.23005;30;1024.42;30.4753;1471.67;100;0;80
6.24005;30;1024.1;30.1468;1504.4;100;0;80
6.25005;30;1023.75;29.8019;1539.05;100;0;80
6.26005;30;1024.86;30.9135;1427.16;100;0;80
6.27005;30;1024.15;30.2057;1497.77;100;0;80
6.28005;30;1023.99;30.0428;1514.02;100;0;80
6.29005;30;1024.32;30.371;1480.91;100;0;80
6.30005;30;1023.13;29.1849;1600.18;100;0;80
6.31005;30;1022.92;28.9679;1622.7;100;0;80
6.32005;30;1022.5;28.5522;1665.43;100;0;80
6.33005;30;1022.35;28.4005;1681.88;100;0;80
6.34005;30;1023.06;29.1073;1611.91;100;0;80
6.35005;30;1023.55;29.5983;1563.14;100;0;80
6.36005;30;1023.5;29.5533;1567.99;100;0;80
6.37005;30;1024.26;30.3066;1492.42;100;0;80
6.38005;30;1024.06;30.1072;1512.27;100;0;80
6.39005;30;1024.09;30.1403;1508.85;100;0;80
6.40005;30;1024.78;30.8359;1438.62;100;0;80
6.41005;30;1024.11;30.1624;1505.84;100;0;80
6.42005;30;1024.26;30.3077;1491.06;100;0;80
6.43005;30;1024.39;30.4366;1477.82;100;0;80
6.44005;30;1022.74;28.7884;1643.61;100;0;80
6.45005;30;1022.11;28.1605;1707.88;100;0;80
6.46005;30;1022.62;28.6739;1657.6;100;0;80
6.47005;30;1022.42;28.4736;1678.85;100;0;80
6.48005;30;1023.13;29.1808;1608.78;100;0;80
6.49005;30;1023.61;29.6664;1560.49;100;0;80
6.50005;30;1023.31;29.3651;1591.13;100;0;80
6.51005;30;1023.78;29.8346;1544.31;100;0;80
6.52005;30;1024.08;30.1293;1514.73;100;0;80
6.53005;30;1023.76;29.8105;1546.76;100;0;80
6.54005;30;1024.44;30.4898;1478.44;100;0;80
6.55006;30;1024.57;30.6265;1464.27;100;0;80
6.56006;30;1024.51;30.5578;1470.7;100;0;80
6.57006;30;1025.05;31.0978;1415.82;100;0;80
6.58006;30;1024.31;30.3605;1489.26;100;0;80
6.59006;30;1024.29;30.3373;1491.31;100;0;80
6.60006;30;1023.85;29.9048;1534.64;100;0;80
6.61006;30;1022.32;28.3754;1688.88;100;0;80
6.62006;30;1022.62;28.6743;1660.05;100;0;80
6.63006;30;1022.9;28.9554;1632.77;100;0;80
6.64006;30;1022.74;28.7942;1649.86;100;0;80
6.65006;30;1023.86;29.9112;1538.23;100;0;80
6.66006;30;1023.98;30.028;1526.53;100;0;80
6.67006;30;1023.57;29.6238;1567.25;100;0;80
6.68006;30;1024.72;30.7718;1451.83;100;0;80
6.69006;30;1024.26;30.3117;1497.59;100;0;80
6.70006;30;1024.13;30.1808;1510.53;100;0;80
6.71006;30;1025.17;31.2176;1405.88;100;0;80
6.72006;30;1024.11;30.1597;1511.54;100;0;80
6.73006;30;1023.91;29.9583;1531.72;100;0;80
6.74006;30;1023.67;29.7204;1555.73;100;0;80
6.75006;30;1022.43;28.4813;1680.86;100;0;80
6.76006;30;1022.38;28.4312;1687.13;100;0;80
6.77006;30;1022.71;28.7638;1654.85;100;0;80
6.78006;30;1022.7;28.7501;1657.22;100;0;80
6.79006;30;1023.56;29.6086;1571.68;100;0;80
6.80006;30;1023.69;29.7374;1559.02;100;0;80
6.81006;30;1023.53;29.5802;1575.07;100;0;80
6.82006;30;1024.27;30.3172;1501.12;100;0;80
6.83006;30;1024.18;30.231;1509.55;100;0;80
6.84006;30;1024.18;30.2321;1509.25;100;0;80
6.85006;30;1025.01;31.0613;1425.48;100;0;80
6.86006;30;1024.18;30.2349;1507.94;100;0;80
6.87006;30;1024.44;30.4888;1482.15;100;0;80
6.88006;30;1024.74;30.793;1451.1;100;0;80
6.89006;30;1023.13;29.1849;1612.57;100;0;80
6.90006;30;1022.84;28.8953;1642.41;100;0;80
6.91006;30;1022.79;28.8386;1649.01;100;0;80
6.92006;30;1022.34;28.3869;1695.47;100;0;80
6.93006;30;1022.94;28.9938;1635.59;100;0;80
6.94006;30;1023.69;29.7435;1560.82;100;0;80
6.95006;30;1023.38;29.4279;1592.84;100;0;80
6.96006;30;1023.96;30.0153;1534.09;100;0;80
6.97006;30;1024.2;30.2559;1509.82;100;0;80
6.98006;30;1024.03;30.0818;1527.16;100;0;80
6.99007;30;1024.69;30.7375;1461;100;0;80
7.00007;30;1024.59;30.6411;1470.14;100;0;80
7.01007;30;1024.5;30.5495;1478.85;100;0;80
7.02007;30;1024.93;30.9805;1434.96;100;0;80
7.03007;30;1024.09;30.1451;1518.39;100;0;80
7.04007;30;1024.07;30.1225;1520.55;100;0;80
7.05007;30;1023.5;29.5522;1577.94;100;0;80
7.06007;30;1022.12;28.1689;1717.73;100;0;80
7.07007;30;1022.67;28.7198;1663.66;100;0;80
7.08007;30;1023.1;29.1517;1621.16;100;0;80
7.09007;30;1022.86;28.912;1645.99;100;0;80
7.10007;30;1024.07;30.1208;1525.02;100;0;80
7.11007;30;1024.04;30.0955;1527.47;100;0;80
7.12007;30;1023.65;29.7019;1567.07;100;0;80
7.13007;30;1024.82;30.8716;1449.4;100;0;80
7.14007;30;1024.34;30.3964;1496.61;100;0;80
7.15007;30;1024.19;30.2394;1512.11;100;0;80
7.16007;30;1025.27;31.3228;1402.72;100;0;80
7.17007;30;1024.19;30.2414;1510.67;100;0;80
7.18007;30;1023.97;30.0247;1532.32;100;0;80
7.19007;30;1024.02;30.0696;1527.77;100;0;80
7.20007;30;1022.68;28.7271;1663.04;100;0;80
7.21007;30;1022.59;28.6388;1672.96;100;0;80
7.22007;30;1022.78;28.8339;1654.39;100;0;80
7.23007;30;1022.95;28.9998;1638.6;100;0;80
7.24007;30;1023.49;29.5398;1584.96;100;0;80
7.25007;30;1023.71;29.7649;1562.64;100;0;80
7.26007;30;1023.77;29.8263;1556.64;100;0;80
7.27007;30;1024.5;30.5501;1483.82;100;0;80
7.28007;30;1024.12;30.1735;1521.34;100;0;80
7.29007;30;1024.32;30.3672;1501.67;100;0;80
7.30007;30;1025.1;31.1508;1422.39;100;0;80
7.31007;30;1024.23;30.2809;1509.15;100;0;80
7.32007;30;1024.34;30.387;1498.24;100;0;80
7.33007;30;1024.53;30.581;1478.38;100;0;80
7.34007;30;1022.87;28.9172;1645.62;100;0;80
7.35007;30;1022.63;28.6861;1669.78;100;0;80
7.36007;30;1022.7;28.7499;1664.4;100;0;80
7.37007;30;1022.47;28.5217;1688.41;100;0;80
7.38007;30;1023.17;29.2215;1619.05;100;0;80
7.39007;30;1023.75;29.797;1561.66;100;0;80
7.40007;30;1023.47;29.5201;1589.74;100;0;80
7.41007;30;1023.98;30.03;1538.72;100;0;80
7.42007;30;1024.26;30.3133;1510.14;100;0;80
7.43008;30;1024.13;30.1829;1523.03;100;0;80
7.44008;30;1024.83;30.8807;1452.55;100;0;80
7.45008;30;1024.55;30.6055;1479.58;100;0;80
7.46008;30;1024.74;30.7935;1460.15;100;0;80
7.47008;30;1024.95;31.0046;1438.24;100;0;80
7.48008;30;1024.02;30.0684;1531.8;100;0;80
7.49008;30;1024.11;30.1613;1522.38;100;0;80
7.50008;30;1023.22;29.271;1612;100;0;80
7.51008;30;1021.97;28.0242;1738.26;100;0;80
7.52008;30;1022.78;28.8318;1658.43;100;0;80
7.53008;30;1023.28;29.3304;1609.1;100;0;80
7.54008;30;1023.04;29.0871;1634.17;100;0;80
7.55008;30;1024.2;30.2474;1517.94;100;0;80
7.56008;30;1024.07;30.1198;1530.6;100;0;80
7.57008;30;1023.77;29.8246;1560.26;100;0;80
7.58008;30;1024.79;30.8384;1458.21;100;0;80
7.59008;30;1024.22;30.2736;1514.47;100;0;80
7.60008;30;1024.16;30.213;1520.37;100;0;80
7.61008;30;1025.15;31.1982;1420.89;100;0;80
7.62008;30;1024.25;30.3002;1510.44;100;0;80
7.63008;30;1024.01;30.064;1534.01;100;0;80
7.64008;30;1023.95;29.9995;1540.47;100;0;80
7.65008;30;1022.56;28.6076;1680.77;100;0;80
7.66008;30;1022.63;28.6783;1674.76;100;0;80
7.67008;30;1022.62;28.6729;1676.36;100;0;80
7.68008;30;1022.72;28.7699;1667.64;100;0;80
7.69008;30;1023.67;29.7171;1573.15;100;0;80
7.70008;30;1023.69;29.7457;1570.49;100;0;80
7.71008;30;1023.81;29.8636;1558.8;100;0;80
7.72008;30;1024.48;30.533;1491.44;100;0;80
7.73008;30;1024.04;30.0916;1535.51;100;0;80
7.74008;30;1024.3;30.3505;1509.34;100;0;80
7.75008;30;1025.17;31.2176;1421.66;100;0;80
7.76008;30;1024.18;30.227;1520.53;100;0;80
7.77008;30;1024.47;30.5231;1490.5;100;0;80
7.78008;30;1024.55;30.5972;1482.61;100;0;80
7.79008;30;1023.16;29.2154;1621.43;100;0;80
7.80008;30;1022.93;28.9832;1645.46;100;0;80
7.81008;30;1022.7;28.7512;1669.66;100;0;80
7.82008;30;1022.34;28.3918;1706.88;100;0;80
7.83008;30;1022.97;29.0266;1644.19;100;0;80
7.84008;30;1023.63;29.6789;1579.21;100;0;80
7.85008;30;1023.5;29.5498;1592.48;100;0;80
7.86009;30;1024.23;30.2795;1519.29;100;0;80
7.87009;30;1024.31;30.3599;1510.96;100;0;80
7.88009;30;1023.98;30.03;1543.93;100;0;80
7.89009;30;1024.82;30.8755;1458.67;100;0;80
7.90009;30;1024.47;30.5208;1493.73;100;0;80
7.91009;30;1024.69;30.7444;1470.77;100;0;80
7.92009;30;1025.06;31.1083;1433.49;100;0;80
7.93009;30;1024.07;30.1175;1532.48;100;0;80
7.94009;30;1024.2;30.2548;1518.54;100;0;80
7.95009;30;1023.34;29.3954;1604.97;100;0;80
7.96009;30;1022.16;28.2118;1724.76;100;0;80
7.97009;30;1022.79;28.8409;1662.78;100;0;80
7.98009;30;1022.95;28.9985;1647.82;100;0;80
7.99009;30;1023.03;29.0813;1640.27;100;0;80
8.00009;30;1024.08;30.1353;1534.76;100;0;80
8.01009;30;1023.91;29.9599;1552.34;100;0;80
8.02009;30;1023.66;29.7124;1577.32;100;0;80
8.03009;30;1024.91;30.9639;1451.39;100;0;80
8.04009;30;1024.16;30.213;1526.32;100;0;80
8.05009;30;1024.23;30.2841;1518.98;100;0;80
8.06009;30;1025.16;31.2127;1425.15;100;0;80
8.07009;30;1024.19;30.2432;1521.9;100;0;80
8.08009;30;1024.06;30.1081;1535.33;100;0;80
8.09009;30;1024.04;30.095;1536.56;100;0;80
8.10009;30;1023.01;29.0651;1640.3;100;0;80
8.11009;30;1022.8;28.8484;1662.89;100;0;80
8.12009;30;1022.41;28.4626;1702.7;100;0;80
8.13009;30;1022.67;28.7217;1677.82;100;0;80
8.14009;30;1023.58;29.6277;1587.51;100;0;80
8.15009;30;1023.53;29.5865;1591.96;100;0;80
8.16009;30;1023.73;29.7829;1572.5;100;0;80
8.17009;30;1024.49;30.5402;1496.33;100;0;80
8.18009;30;1023.94;29.9916;1551.2;100;0;80
8.19009;30;1024.29;30.3367;1516.42;100;0;80
8.20009;30;1025.15;31.1974;1429.39;100;0;80
8.21009;30;1024.05;30.0995;1539.1;100;0;80
8.22009;30;1024.55;30.5994;1488.63;100;0;80
8.23009;30;1024.72;30.7714;1470.81;100;0;80
8.24009;30;1023.32;29.3761;1610.85;100;0;80
8.25009;30;1023.44;29.492;1599.66;100;0;80
8.26009;30;1022.87;28.9186;1657.87;100;0;80
8.27009;30;1022.27;28.3221;1718.86;100;0;80
8.28009;30;1022.86;28.9161;1660.33;100;0;80
8.29009;30;1023.43;29.4803;1604.32;100;0;80
8.30009;30;1023.38;29.428;1610.01;100;0;80
8.31009;30;1024.19;30.243;1528.32;100;0;80
8.3201;30;1024.24;30.2891;1523.47;100;0;80
8.3301;30;1024.08;30.1353;1538.75;100;0;80
8.3401;30;1024.77;30.8183;1469.79;100;0;80
8.3501;30;1024.35;30.4056;1510.74;100;0;80
8.3601;30;1024.56;30.6136;1489.45;100;0;80
8.3701;30;1024.95;31.0065;1449.35;100;0;80
8.3801;30;1024.06;30.1068;1539.24;100;0;80
8.3901;30;1024.31;30.3621;1513.41;100;0;80
8.4001;30;1023.61;29.6653;1583.36;100;0;80
8.4101;30;1022.3;28.3537;1715.84;100;0;80
8.4201;30;1022.85;28.8988;1662.21;100;0;80
8.4301;30;1022.9;28.9554;1657.39;100;0;80
8.4401;30;1022.85;28.9065;1663.15;100;0;80
8.4501;30;1024.11;30.1652;1537.15;100;0;80
8.4601;30;1023.88;29.933;1560.42;100;0;80
8.4701;30;1023.73;29.7802;1575.88;100;0;80
8.4801;30;1024.99;31.0439;1448.68;100;0;80
8.4901;30;1024.12;30.175;1535.43;100;0;80
8.5001;30;1024.27;30.32;1520.67;100;0;80
8.5101;30;1025.24;31.2874;1422.9;100;0;80
8.5201;30;1024.16;30.2101;1530.46;100;0;80
8.5301;30;1024.31;30.3649;1514.69;100;0;80
8.5401;30;1024.32;30.3688;1514;100;0;80
8.5501;30;1023.19;29.24;1627.49;100;0;80
8.5601;30;1023.13;29.1782;1634.33;100;0;80
8.5701;30;1022.53;28.5838;1694.9;100;0;80
8.5801;30;1022.65;28.698;1684.52;100;0;80
8.5901;30;1023.32;29.3678;1618.05;100;0;80
8.6001;30;1023.52;29.5702;1598.15;100;0;80
8.6101;30;1023.73;29.7795;1577.4;100;0;80
8.6201;30;1024.54;30.5961;1495.26;100;0;80
8.6301;30;1023.87;29.9186;1563.08;100;0;80
8.6401;30;1024.28;30.3317;1521.5;100;0;80
8.6501;30;1025.12;31.1739;1436.34;100;0;80
8.6601;30;1024;30.0473;1548.97;100;0;80
8.6701;30;1024.6;30.6524;1487.93;100;0;80
8.6801;30;1024.68;30.7299;1479.6;100;0;80
8.6901;30;1023.37;29.4247;1610.58;100;0;80
8.7001;30;1023.47;29.5237;1601.06;100;0;80
8.7101;30;1023.01;29.0613;1648.05;100;0;80
8.7201;30;1022.28;28.3293;1722.58;100;0;80
8.7301;30;1022.87;28.9172;1664.67;100;0;80
8.7401;30;1023.46;29.5146;1605.31;100;0;80
8.7501;30;1023.42;29.4713;1610.07;100;0;80
8.76011;30;1024.03;30.0833;1548.8;100;0;80
8.77011;30;1024.12;30.1756;1539.43;100;0;80
8.78011;30;1024.12;30.1766;1539.19;100;0;80
8.79011;30;1024.82;30.8763;1468.52;100;0;80
8.80011;30;1024.32;30.3688;1518.97;100;0;80
8.81011;30;1024.69;30.7427;1480.98;100;0;80
8.82011;30;1024.71;30.7587;1478.78;100;0;80
8.83011;30;1023.98;30.03;1551.63;100;0;80
8.84011;30;1024.26;30.3088;1523.5;100;0;80
8.85011;30;1023.29;29.3384;1621.07;100;0;80
8.86011;30;1022.04;28.0907;1747.37;100;0;80
8.87011;30;1022.81;28.8617;1671.18;100;0;80
8.88011;30;1022.97;29.0207;1656.06;100;0;80
8.89011;30;1022.83;28.882;1670.83;100;0;80
8.90011;30;1024.07;30.1242;1546.5;100;0;80
8.91011;30;1023.86;29.9128;1567.72;100;0;80
8.92011;30;1023.75;29.8014;1579.02;100;0;80
8.93011;30;1024.75;30.798;1478.71;100;0;80
8.94011;30;1024.13;30.1776;1540.62;100;0;80
8.95011;30;1024.29;30.34;1524.1;100;0;80
8.96011;30;1025.2;31.2487;1432.23;100;0;80
8.97011;30;1024.27;30.3183;1525.02;100;0;80
8.98011;30;1024.23;30.2807;1528.55;100;0;80
8.99011;30;1024.41;30.4655;1509.7;100;0;80
9.00011;30;1023.34;29.3909;1617.65;100;0;80
9.01011;30;1023.33;29.3798;1619.26;100;0;80
9.02011;30;1022.73;28.7807;1680.14;100;0;80
9.03011;30;1022.47;28.524;1706.99;100;0;80
9.04011;30;1023.22;29.271;1632.87;100;0;80
9.05011;30;1023.35;29.4005;1620.41;100;0;80
9.06011;30;1023.56;29.6078;1599.98;100;0;80
9.07011;30;1024.49;30.5464;1505.69;100;0;80
9.08011;30;1023.72;29.7693;1583.58;100;0;80
9.09011;30;1024.37;30.4252;1517.65;100;0;80
9.10011;30;1024.91;30.9648;1462.92;100;0;80
9.11011;30;1023.82;29.8765;1571.86;100;0;80
9.12011;30;1024.67;30.7178;1487.14;100;0;80
9.13011;30;1024.76;30.8083;1477.45;100;0;80
9.14011;30;1023.54;29.5882;1599.79;100;0;80
9.15011;30;1023.82;29.8672;1571.99;100;0;80
9.16011;30;1023.33;29.3823;1620.98;100;0;80
9.17011;30;1022.24;28.2928;1731.29;100;0;80
9.18011;30;1022.79;28.8426;1677.24;100;0;80
9.19011;30;1023.14;29.1902;1643.13;100;0;80
9.20012;30;1023.17;29.222;1640.57;100;0;80
9.21012;30;1023.9;29.9505;1567.76;100;0;80
9.22012;30;1023.94;29.9944;1563.37;100;0;80
9.23012;30;1024;30.0473;1558.05;100;0;80
9.24012;30;1024.74;30.7908;1483.06;100;0;80
9.25012;30;1024.05;30.1014;1551.93;100;0;80
9.26012;30;1024.55;30.6028;1501.3;100;0;80
9.27012;30;1024.95;30.9982;1460.96;100;0;80
9.28012;30;1024.21;30.2609;1534.48;100;0;80
9.29012;30;1024.42;30.4742;1512.78;100;0;80
9.30012;30;1023.86;29.9112;1569.15;100;0;80
9.31012;30;1022.91;28.9662;1664.48;100;0;80
9.32012;30;1023.37;29.4219;1619.37;100;0;80
9.33012;30;1022.89;28.9421;1668.2;100;0;80
9.34012;30;1022.61;28.6573;1697.74;100;0;80
9.35012;30;1023.63;29.6776;1595.98;100;0;80
9.36012;30;1023.62;29.6687;1597.13;100;0;80
9.37012;30;1023.58;29.6294;1601.36;100;0;80
9.38012;30;1024.74;30.7935;1484.31;100;0;80
9.39012;30;1024.03;30.0854;1555.05;100;0;80
9.40012;30;1024.3;30.3492;1528.4;100;0;80
9.41012;30;1025.25;31.2978;1432.5;100;0;80
9.42012;30;1024.15;30.2026;1541.86;100;0;80
9.43012;30;1024.36;30.4078;1521.01;100;0;80
9.44012;30;1024.29;30.3439;1527.12;100;0;80
9.45012;30;1023.54;29.5932;1602.52;100;0;80
9.46012;30;1023.48;29.5309;1609.12;100;0;80
9.47012;30;1022.72;28.7755;1685.65;100;0;80
9.48012;30;1022.59;28.64;1700.29;100;0;80
9.49012;30;1023.14;29.1958;1645.34;100;0;80
9.50012;30;1023.02;29.0763;1658.03;100;0;80
9.51012;30;1023.55;29.6013;1605.86;100;0;80
9.52012;30;1024.31;30.3649;1529.2;100;0;80
9.53012;30;1023.66;29.7098;1594.94;100;0;80
9.54012;30;1024.2;30.2495;1540.78;100;0;80
9.55012;30;1025;31.0496;1459.92;100;0;80
9.56012;30;1023.98;30.0327;1561.59;100;0;80
9.57012;30;1024.69;30.7444;1489.82;100;0;80
9.58012;30;1024.77;30.8256;1481.04;100;0;80
9.59012;30;1023.58;29.6339;1600.51;100;0;80
9.60012;30;1023.9;29.9543;1568.5;100;0;80
9.61012;30;1023.29;29.3465;1629.8;100;0;80
9.62012;30;1022.68;28.7278;1692.69;100;0;80
9.63013;30;1022.92;28.9762;1668.67;100;0;80
9.64013;30;1023.03;29.078;1659.23;100;0;80
9.65013;30;1022.98;29.0363;1664.17;100;0;80
9.66013;30;1023.84;29.8896;1578.92;100;0;80
9.67013;30;1023.97;30.019;1565.97;100;0;80
9.68013;30;1023.98;30.0327;1564.58;100;0;80
9.69013;30;1024.68;30.7327;1493.99;100;0;80
9.70013;30;1024.11;30.1663;1550.49;100;0;80
9.71013;30;1024.64;30.689;1497.67;100;0;80
9.72013;30;1024.87;30.9191;1473.93;100;0;80
9.73013;30;1024.07;30.1202;1553.73;100;0;80
9.74013;30;1024.46;30.514;1513.93;100;0;80
9.75013;30;1023.81;29.8576;1579.69;100;0;80
9.76013;30;1022.75;28.8011;1686.29;100;0;80
9.77013;30;1023.36;29.4089;1625.99;100;0;80
9.78013;30;1022.7;28.7524;1692.64;100;0;80
9.79013;30;1022.47;28.5182;1717.24;100;0;80
9.80013;30;1023.7;29.7509;1594.18;100;0;80
9.81013;30;1023.42;29.4679;1622.9;100;0;80
9.82013;30;1023.66;29.7158;1598.34;100;0;80
9.83013;30;1024.76;30.8123;1488.03;100;0;80
9.84013;30;1023.95;30.0012;1569.15;100;0;80
9.85013;30;1024.21;30.2631;1542.74;100;0;80
9.86013;30;1025.11;31.162;1451.92;100;0;80
9.87013;30;1024.21;30.2637;1541.54;100;0;80
9.88013;30;1024.4;30.4555;1522;100;0;80
9.89013;30;1024.47;30.5213;1515;100;0;80
9.90013;30;1023.62;29.667;1600.7;100;0;80
9.91013;30;1023.5;29.5522;1612.54;100;0;80
9.92013;30;1022.85;28.8987;1678.77;100;0;80
9.93013;30;1022.79;28.8379;1685.78;100;0;80
9.94013;30;1023.3;29.3525;1634.84;100;0;80
9.95013;30;1022.97;29.0249;1668.37;100;0;80
9.96013;30;1023.44;29.4961;1621.66;100;0;80
9.97013;30;1024.26;30.3069;1540.33;100;0;80
9.98013;30;1023.74;29.7935;1591.84;100;0;80
9.99013;30;1024.45;30.501;1520.68;100;0;80
