0;30;993.944;0.0271606;4096;30;15;125
0.01;30;994.076;0.158691;772.711;30;15;125
0.02;30;993.859;-0.0581055;1339.28;30;15;125
0.03;30;993.862;-0.0546875;1046.42;30;15;125
0.04;30;993.868;-0.0494995;1081.17;30;15;125
0.05;30;993.938;0.0205078;1019.32;30;15;125
0.06;30;994.01;0.0927124;1051.24;30;15;125
0.07;30;994.013;0.0961914;1191.6;30;15;125
0.08;30;993.921;0.00421143;1375.05;30;15;125
0.09;30;994.154;0.236511;918.863;30;15;125
0.1;30;993.931;0.0137939;1645.55;30;15;125
0.11;30;994.016;0.0990601;1218.4;30;15;125
0.12;30;993.997;0.0802612;1412.46;30;15;125
0.13;30;994.101;0.183594;1263.43;30;15;125
0.14;30;993.964;0.046875;1665.05;30;15;125
0.15;30;994.093;0.175903;1299.84;30;15;125
0.16;30;994.039;0.121704;1613.65;30;15;125
0.17;30;993.854;-0.0635376;1853.35;30;15;125
0.18;30;993.998;0.0809937;1391.76;30;15;125
0.19;30;994.029;0.111389;1599.41;30;15;125
0.2;30;993.996;0.0791016;1731.8;30;15;125
0.21;30;994.058;0.141357;1625.45;30;15;125
0.22;30;994.123;0.205811;1657.46;30;15;125
0.23;30;994.093;0.175659;1837.55;30;15;125
0.24;30;993.941;0.0235596;2062.51;30;15;125
0.25;30;993.923;0.00549316;1899.49;30;15;125
0.26;30;994.048;0.131287;1717.26;30;15;125
0.27;30;994.002;0.0846558;2014.69;30;15;125
0.28;30;994.121;0.204163;1799.15;30;15;125
0.29;30;993.937;0.0195923;2298.27;30;15;125
0.3;30;994.102;0.184875;1805.8;30;15;125
0.31;30;995.571;1.65399;0;30;15;125
0.32;30;994.923;1.00586;3072.97;30;15;125
0.33;30;996.926;3.00891;0;30;15;125
0.34;30;997.574;3.65649;1116.55;30;15;125
0.35;30;997.761;3.84351;1834.49;30;15;125
0.36;30;999.918;6.00079;0;30;15;125
0.37;30;1001.32;7.40509;0;30;15;125
0.38;30;1002.63;8.71539;88.2474;30;15;125
0.39;30;1004.74;10.8271;0;30;15;125
0.4;30;1005.37;11.4574;1073.12;30;15;125
0.41;30;1007.07;13.1533;0;30;15;125
0.42;30;1008.65;14.7279;0;30;15;125
0.43;30;1008.53;14.6087;2162.24;30;15;125
0.44;30;1010.6;16.6834;0;30;15;125
0.45;30;1011.49;17.5742;590.528;30;15;125
0.46;30;1011.71;17.7912;1609.84;30;15;125
0.47;30;1013.78;19.8654;0;30;15;125
0.48;30;1014.33;20.4164;1054.75;30;15;125
0.49;30;1014.31;20.3949;1926.17;30;15;125
0.5;30;1017;23.0873;0;30;15;125
0.51;30;1017.7;23.7809;768.372;30;15;125
0.52;30;1020.53;26.6113;0;30;15;125
0.53;30;1018.97;25.0528;4096;30;15;125
0.54;30;1017.19;23.2731;4096;30;15;125
0.55;30;1015.12;21.2014;4096;30;15;125
0.56;30;1014.42;20.5073;2989.91;30;15;125
0.57;30;1013.94;20.0241;2700.37;30;15;125
0.58;30;1012.16;18.2398;4096;30;15;125
0.59;30;1010.72;16.8039;4096;30;15;125
0.6;30;1008.87;14.9491;4096;30;15;125
0.61;30;1008.11;14.1901;3358.99;30;15;125
0.62;30;1006.61;12.6909;4096;30;15;125
0.63;30;1005.68;11.7586;3736.19;30;15;125
0.64;30;1004.68;10.7667;3879.53;30;15;125
0.65;30;1003.96;10.038;3531.48;30;15;125
0.66;30;1003.76;9.83856;2768.72;30;15;125
0.67;30;1004.75;10.8373;965.529;30;15;125
0.68;30;1003.53;9.61078;4096;30;15;125
0.69;30;1002.7;8.78632;3813.83;30;15;125
0.7;30;1002.32;8.40546;3186.85;30;15;125
0.71;30;1001.31;7.39581;4096;30;15;125
0.72;30;1004.8;10.8875;0;30;15;125
0.73;30;1009.5;15.5791;0;30;15;125
0.74;30;1015.23;21.3126;0;30;15;125
0.75;30;1021.49;27.5736;0;30;15;125
0.76;30;1023.35;29.4293;0;30;15;125
0.77;30;1027.14;33.2212;0;30;15;125
0.78;30;1032.32;38.4072;0;30;15;125
0.79;30;1036.64;42.7252;0;30;15;125
0.8;30;1040.71;46.7939;0;30;15;125
0.81;30;1044.67;50.7502;0;30;15;125
0.82;30;1047.59;53.6705;0;30;15;125
0.83;30;1051.48;57.5582;0;30;15;125
0.839999;30;1052.87;58.9519;0;30;15;125
0.849999;30;1055.16;61.2382;0;30;15;125
0.859999;30;1058.19;64.2712;0;30;15;125
0.869999;30;1058.18;64.2614;737.179;30;15;125
0.879999;30;1056.07;62.149;3913.99;30;15;125
0.889999;30;1051.17;57.2501;4096;30;15;125
0.899999;30;1046.66;52.7473;4096;30;15;125
0.909999;30;1042.51;48.593;4096;30;15;125
0.919999;30;1038.89;44.9703;4096;30;15;125
0.929999;30;1035.45;41.5352;4096;30;15;125
0.939999;30;1032.48;38.561;4096;30;15;125
0.949999;30;1029.33;35.4155;4096;30;15;125
0.959999;30;1026.48;32.566;4096;30;15;125
0.969999;30;1023.84;29.927;4096;30;15;125
0.979999;30;1021.64;27.7197;4096;30;15;125
0.989999;30;1019.67;25.7495;4096;30;15;125
0.999999;30;1017.92;24.0069;4096;30;15;125
1.01;30;1017.16;23.2393;2948.93;30;15;125
1.02;30;1020.25;26.3346;0;30;15;125
1.03;30;1024.09;30.1732;0;30;15;125
1.04;30;1029.62;35.7072;0;30;15;125
1.05;30;1034.67;40.7509;0;30;15;125
1.06;30;1038.65;44.7354;0;30;15;125
1.07;30;1043.79;49.868;0;30;15;125
1.08;30;1048.49;54.5693;0;30;15;125
1.09;30;1052.57;58.6567;0;30;15;125
1.1;30;1057.09;63.1685;0;30;15;125
1.11;30;1060.88;66.9603;0;30;15;125
1.12;30;1061.38;67.4672;0;30;15;125
1.13;30;1057.83;63.9159;4096;30;15;125
1.14;30;1053.52;59.6074;4096;30;15;125
1.15;30;1049.75;55.828;4096;30;15;125
1.16;30;1045.62;51.7074;4096;30;15;125
1.17;30;1041.95;48.0345;4096;30;15;125
1.18;30;1038.42;44.5048;4096;30;15;125
1.19;30;1034.91;40.9968;4096;30;15;125
1.2;30;1031.47;37.5511;4096;30;15;125
1.21;30;1028.3;34.3877;4096;30;15;125
1.22;30;1030.39;36.474;0;30;15;125
1.23;30;1031.88;37.9626;0;30;15;125
1.24;30;1036.84;42.9211;0;30;15;125
1.25;30;1042.18;48.2667;0;30;15;125
1.26;30;1045.82;51.9043;0;30;15;125
1.27;30;1049.87;55.955;0;30;15;125
1.28;30;1053.04;59.1193;0;30;15;125
1.29;30;1055.03;61.1147;0;30;15;125
1.3;30;1053.19;59.2716;2783.82;30;15;125
1.31;30;1050.42;56.5055;4096;30;15;125
1.32;30;1045.98;52.0626;4096;30;15;125
1.33;30;1042.23;48.3125;4096;30;15;125
1.34;30;1038.33;44.4131;4096;30;15;125
1.35;30;1035.36;41.4458;4096;30;15;125
1.36;30;1035.19;41.2712;690.948;30;15;125
1.37;30;1036.46;42.5446;0;30;15;125
1.38;30;1038.06;44.1443;0;30;15;125
1.39;30;1042.24;48.3252;0;30;15;125
1.4;30;1047.11;53.1925;0;30;15;125
1.41;30;1049.58;55.6622;0;30;15;125
1.42;30;1049.12;55.2031;550.97;30;15;125
1.43;30;1046.51;52.5912;3830.34;30;15;125
1.44;30;1042.67;48.7487;4096;30;15;125
1.45;30;1039.11;45.196;4096;30;15;125
1.46;30;1036.67;42.7506;3817.43;30;15;125
1.47;30;1037.95;44.0348;0;30;15;125
1.48;30;1039.45;45.5333;0;30;15;125
1.49;30;1040.42;46.5074;0;30;15;125
1.5;30;1039.29;45.3735;1694.65;30;15;125
1.51;30;1035.91;41.9935;4096;30;15;125
1.52;30;1033.94;40.0228;3082.83;30;15;125
1.53;30;1032.09;38.1681;2954.32;30;15;125
1.54;30;1032.61;38.6974;0;30;15;125
1.55;30;1037.06;43.1394;0;30;15;125
1.56;30;1040.45;46.5284;0;30;15;125
1.57;30;1037.46;43.5394;4096;30;15;125
1.58;30;1035.42;41.4991;3053.45;30;15;125
1.59;30;1032.54;38.6198;4096;30;15;125
1.6;30;1031.56;37.6439;1552.1;30;15;125
1.61;30;1032.12;38.1982;0;30;15;125
1.62;30;1034.53;40.6093;0;30;15;125
1.63;30;1036.75;42.8309;0;30;15;125
1.64;30;1033.98;40.0627;4096;30;15;125
1.65;30;1031.84;37.9277;3220.32;30;15;125
1.66;30;1028.69;34.7776;4096;30;15;125
1.67;30;1029.89;35.9707;0;30;15;125
1.68;30;1035.05;41.1342;0;30;15;125
1.69;30;1038.32;44.4011;0;30;15;125
1.7;30;1036.22;42.3033;2972.47;30;15;125
1.71;30;1033.02;39.1051;4096;30;15;125
1.72;30;1029.2;35.2876;4096;30;15;125
1.73;30;1030.49;36.5715;0;30;15;125
1.74;30;1031.21;37.2905;0;30;15;125
1.75;30;1035.04;41.125;0;30;15;125
1.76;30;1034.59;40.67;494.671;30;15;125
1.77;30;1032.43;38.509;3107.95;30;15;125
1.78;30;1028.43;34.5125;4096;30;15;125
1.79;30;1025.79;31.8695;4022.06;30;15;125
1.8;30;1024.24;30.3199;2428.07;30;15;125
1.81;30;1027.03;33.1118;0;30;15;125
1.82;30;1029.65;35.7358;0;30;15;125
1.83;30;1033.48;39.5601;0;30;15;125
1.84;30;1033.01;39.0962;501.859;30;15;125
1.85;30;1030.08;36.1604;4096;30;15;125
1.86;30;1026.88;32.9626;4096;30;15;125
1.87;30;1024.22;30.302;4049.07;30;15;125
1.88;30;1025.05;31.1313;0;30;15;125
1.89;30;1028.04;34.1274;0;30;15;125
1.9;30;1032.32;38.4067;0;30;15;125
1.91;30;1034.84;40.9277;0;30;15;125
1.92;30;1031.73;37.8169;4096;30;15;125
1.93;30;1029.16;35.2384;3730.69;30;15;125
1.94;30;1027.08;33.1667;3028.62;30;15;125
1.95;30;1029.25;35.3286;0;30;15;125
1.96;30;1034.01;40.0946;0;30;15;125
1.97;30;1037.07;43.15;0;30;15;125
1.98;30;1035.8;41.8781;1517.2;30;15;125
1.99;30;1032.94;39.019;3972.25;30;15;125
2;30;1029.93;36.0081;4096;30;15;125
2.01;30;1027.43;33.5128;3579.88;30;15;125
2.02;30;1028.38;34.4677;0;30;15;125
2.03;30;1031.58;37.6646;0;30;15;125
2.04;30;1036.41;42.4902;0;30;15;125
2.05;30;1036.84;42.9183;0;30;15;125
2.06;30;1034.46;40.5466;3123.45;30;15;125
2.07;30;1032.15;38.2291;3101.39;30;15;125
2.08;30;1029.14;35.2258;4096;30;15;125
2.09;30;1030.89;36.9718;0;30;15;125
2.1;30;1034.32;40.4067;0;30;15;125
2.11;30;1034.8;40.8787;0;30;15;125
2.12;30;1032.37;38.4569;3198.51;30;15;125
2.13;30;1030.28;36.3647;2758.93;30;15;125
2.14;30;1026.61;32.6976;4096;30;15;125
2.15;30;1028;34.082;0;30;15;125
2.16;30;1029.03;35.1174;0;30;15;125
2.17;30;1033.98;40.0623;0;30;15;125
2.18;30;1032.73;38.8147;1380.06;30;15;125
2.19;30;1030.68;36.7672;2632.91;30;15;125
2.2;30;1027.47;33.551;4096;30;15;125
2.21;30;1025.47;31.5504;2712.73;30;15;125
2.22;30;1026.16;32.2412;0;30;15;125
2.23;30;1028.87;34.9576;0;30;15;125
2.24;30;1033.52;39.5992;0;30;15;125
2.25;30;1033.81;39.8932;0;30;15;125
2.26;30;1031.68;37.7618;2679.42;30;15;125
2.27;30;1028.33;34.4171;4096;30;15;125
2.28;30;1024.91;30.9961;4096;30;15;125
2.29;30;1025.61;31.6938;0;30;15;125
2.3;30;1026.9;32.9847;0;30;15;125
2.31;30;1032.79;38.8687;0;30;15;125
2.32;30;1029.66;35.7478;4096;30;15;125
2.33;30;1028.62;34.6982;1111.89;30;15;125
2.34;30;1024.3;30.379;4096;30;15;125
2.35;30;1025.39;31.4679;0;30;15;125
2.36;30;1029.1;35.1859;0;30;15;125
2.37;30;1033.62;39.7039;0;30;15;125
2.38;30;1034.54;40.6267;0;30;15;125
2.39;30;1031.68;37.7618;3699.04;30;15;125
2.4;30;1029.5;35.5786;2735.1;30;15;125
2.41;30;1025.81;31.8973;4096;30;15;125
2.42;30;1023.49;29.5758;3120.8;30;15;125
2.43;30;1025.17;31.2552;0;30;15;125
2.44;30;1026.71;32.7955;0;30;15;125
2.45;30;1030.56;36.6449;0;30;15;125
2.46;30;1029.17;35.2507;1539.57;30;15;125
2.47;30;1026.53;32.6139;3479.42;30;15;125
2.48;30;1023.18;29.267;4096;30;15;125
2.49;30;1023.41;29.4886;0;30;15;125
2.5;30;1023.17;29.2506;0;30;15;125
2.51;30;1027.37;33.4576;0;30;15;125
2.52;30;1027.21;33.2911;0;30;15;125
2.53;30;1025.32;31.4043;2383.01;30;15;125
2.54;30;1021.92;28.0014;4096;30;15;125
2.55;30;1019.03;25.1157;4078.63;30;15;125
2.56;30;1017.27;23.3512;2457.96;30;15;125
2.57;30;1019.01;25.0898;0;30;15;125
2.58;30;1025.28;31.3619;0;30;15;125
2.59;30;1028.92;35.0074;0;30;15;125
2.6;30;1027.25;33.3331;2017.28;30;15;125
2.61;30;1024.97;31.0555;2989.2;30;15;125
2.62;30;1022.38;28.4586;3548.13;30;15;125
2.63;30;1022.72;28.8003;0;30;15;125
2.64;30;1023.24;29.3193;0;30;15;125
2.65;30;1027.79;33.8711;0;30;15;125
2.66;30;1027.73;33.8176;0;30;15;125
2.67;30;1024.19;30.2705;4096;30;15;125
2.68;30;1021.63;27.7088;3512.97;30;15;125
2.69;30;1018.32;24.399;4096;30;15;125
2.7;30;1016.87;22.9528;1998.25;30;15;125
2.71;30;1019.82;25.9047;0;30;15;125
2.72;30;1022.75;28.8337;0;30;15;125
2.73;30;1027.18;33.2618;0;30;15;125
2.74;30;1024.79;30.8746;3173.47;30;15;125
2.75;30;1022.96;29.0402;2400.6;30;15;125
2.76;30;1019.97;26.0561;4096;30;15;125
2.77;30;1021.87;27.956;0;30;15;125
2.78;30;1024.96;31.0437;0;30;15;125
2.79;30;1029.79;35.8685;0;30;15;125
2.8;30;1030.02;36.1056;0;30;15;125
2.81;30;1027.81;33.8923;2809.56;30;15;125
2.82;30;1023.74;29.8252;4096;30;15;125
2.83;30;1021.11;27.1932;3642.4;30;15;125
2.84;30;1019.99;26.0708;1416.52;30;15;125
2.85;30;1022.66;28.7457;0;30;15;125
2.86;30;1026.88;32.9644;0;30;15;125
2.87;30;1029.87;35.9514;0;30;15;125
2.88;30;1028.38;34.4662;1693.78;30;15;125
2.89;30;1025.36;31.4465;4084.2;30;15;125
2.9;30;1023.15;29.2355;2938.59;30;15;125
2.91;30;1022.47;28.5484;675.039;30;15;125
2.92;30;1023.55;29.6336;0;30;15;125
2.93;30;1025.77;31.8553;0;30;15;125
2.94;30;1025.86;31.9392;0;30;15;125
2.95;30;1023.82;29.9003;2658.12;30;15;125
2.96;30;1020.37;26.4511;4096;30;15;125
2.97;30;1017.79;23.8704;3663.83;30;15;125
2.98;30;1016.48;22.5638;1801.07;30;15;125
2.99;30;1019.78;25.8675;0;30;15;125
3;30;1024.29;30.3746;0;30;15;125
3.01;30;1027.26;33.3385;0;30;15;125
3.02;30;1026.08;32.1635;1313.6;30;15;125
3.03;30;1023.16;29.2389;4026.56;30;15;125
3.04;30;1021.4;27.4788;2335.87;30;15;125
3.05;30;1020.04;26.1202;1779.15;30;15;125
3.06;30;1022.01;28.0937;0;30;15;125
3.07;30;1023.22;29.303;0;30;15;125
3.08;30;1023.82;29.9053;0;30;15;125
3.09;30;1022.76;28.8455;1254.06;30;15;125
3.1;30;1019.83;25.9112;4096;30;15;125
3.11;30;1017.23;23.3087;3747.63;30;15;125
3.12;30;1015.69;21.7685;2210.75;30;15;125
3.13;30;1019.54;25.6216;0;30;15;125
3.14;30;1023.65;29.7281;0;30;15;125
3.15;30;1026.62;32.6997;0;30;15;125
3.16;30;1026;32.0864;510.627;30;15;125
3.17;30;1022.31;28.3891;4096;30;15;125
3.18;30;1020.44;26.5204;2567.12;30;15;125
3.19;30;1018.68;24.7668;2453.6;30;15;125
3.2;30;1019.25;25.3335;0;30;15;125
3.21;30;1020.49;26.5754;0;30;15;125
3.22;30;1023.46;29.5426;0;30;15;125
3.23;30;1022.08;28.1604;1807.68;30;15;125
3.24;30;1018.54;24.6266;4096;30;15;125
3.25;30;1016.24;22.3277;3374;30;15;125
3.26;30;1015.58;21.6631;952.941;30;15;125
3.27;30;1018.83;24.9087;0;30;15;125
3.28;30;1023.51;29.5978;0;30;15;125
3.29;30;1025.54;31.6196;0;30;15;125
3.3;30;1024.6;30.6847;1091.77;30;15;125
3.31;30;1021.67;27.7526;4096;30;15;125
3.32;30;1019.6;25.6855;2948.16;30;15;125
3.33;30;1018.48;24.5638;1570.54;30;15;125
3.34;30;1019.9;25.9799;0;30;15;125
3.35;30;1023.84;29.919;0;30;15;125
3.36;30;1026.52;32.6062;0;30;15;125
3.37;30;1025.36;31.4425;1427.23;30;15;125
3.38;30;1021.3;27.38;4096;30;15;125
3.39;30;1018.58;24.6604;3974.51;30;15;125
3.4;30;1017.62;23.7055;1363.96;30;15;125
3.41;30;1020.98;27.0604;0;30;15;125
3.42;30;1025.22;31.3029;0;30;15;125
3.43;30;1029.43;35.5156;0;30;15;125
3.44;30;1027.78;33.8608;2099.46;30;15;125
3.45;30;1025.28;31.358;3444.88;30;15;125
3.46;30;1022.41;28.4956;4072.06;30;15;125
3.47;30;1022.99;29.0702;0;30;15;125
3.48;30;1024.6;30.6829;0;30;15;125
3.49;30;1026.73;32.8136;0;30;15;125
3.5;30;1025.93;32.0172;861.626;30;15;125
3.51;30;1024.04;30.124;2563.47;30;15;125
3.52;30;1020.58;26.6618;4096;30;15;125
3.53;30;1018.8;24.8865;2554.37;30;15;125
3.54;30;1018.19;24.2721;838.538;30;15;125
3.55;30;1021.11;27.1903;0;30;15;125
3.56;30;1026.5;32.5837;0;30;15;125
3.57;30;1025.83;31.911;694.789;30;15;125
3.58;30;1023.35;29.4334;3477.13;30;15;125
3.59;30;1021.63;27.7172;2389.44;30;15;125
3.6;30;1019.44;25.5215;3180.06;30;15;125
3.61;30;1022.01;28.0966;0;30;15;125
3.62;30;1023.94;30.0202;0;30;15;125
3.63;30;1026.86;32.9406;0;30;15;125
3.64;30;1024.53;30.6163;3217.93;30;15;125
3.65;30;1021.58;27.6588;4096;30;15;125
3.66;30;1018.35;24.4356;4096;30;15;125
3.67;30;1020.16;26.2415;0;30;15;125
3.68;30;1021.34;27.4231;0;30;15;125
3.69;30;1027.17;33.2534;0;30;15;125
3.7;30;1026.69;32.7738;396.567;30;15;125
3.71;30;1024.15;30.2378;3556.95;30;15;125
3.72;30;1022.56;28.6409;2197.92;30;15;125
3.73;30;1019.66;25.7416;4096;30;15;125
3.74;30;1018.2;24.2784;2140.68;30;15;125
3.75;30;1019.1;25.1793;0;30;15;125
3.76;30;1021.34;27.423;0;30;15;125
3.77;30;1024.86;30.9417;0;30;15;125
3.78;30;1023.41;29.4969;1965.17;30;15;125
3.79;30;1020.22;26.3006;4096;30;15;125
3.8;30;1018.35;24.4351;2759.77;30;15;125
3.81;30;1019.05;25.1345;0;30;15;125
3.82;30;1019.16;25.2473;0;30;15;125
3.83;30;1022.21;28.2945;0;30;15;125
3.84;30;1020.61;26.6965;2308.94;30;15;125
3.85;30;1019.12;25.2003;2207.12;30;15;125
3.86;30;1016.14;22.2191;4096;30;15;125
3.87;30;1016.27;22.3488;0;30;15;125
3.88;30;1016.03;22.1156;434.301;30;15;125
3.89;30;1021.34;27.4259;0;30;15;125
3.9;30;1021.52;27.6067;0;30;15;125
3.91;30;1020.69;26.7736;1204.68;30;15;125
3.92;30;1018.78;24.8606;2888.24;30;15;125
3.93;30;1017.43;23.5167;2083.12;30;15;125
3.94;30;1016.21;22.2927;1949.57;30;15;125
3.95;30;1018.71;24.7903;0;30;15;125
3.96;30;1021.67;27.7512;0;30;15;125
3.97;30;1021.58;27.6654;93.2613;30;15;125
3.98;30;1020.07;26.1519;2285.17;30;15;125
3.99;30;1017.4;23.4827;4096;30;15;125
4;30;1015.14;21.2201;3575.78;30;15;125
4.01;30;1016.32;22.4005;0;30;15;125
4.02;30;1017.02;23.101;0;30;15;125
4.03;30;1020.83;26.9112;0;30;15;125
4.04;30;1019.91;25.9884;1450.06;30;15;125
4.05;30;1018.48;24.5679;2246.07;30;15;125
4.06;30;1015.63;21.7124;4096;30;15;125
4.07;30;1015.95;22.0282;0;30;15;125
4.08;30;1015.07;21.1501;1566.37;30;15;125
4.09;30;1018.48;24.5638;0;30;15;125
4.1;30;1022.9;28.9779;0;30;15;125
4.11;30;1023.37;29.4535;0;30;15;125
4.12;30;1021.53;27.6131;2827.64;30;15;125
4.13;30;1018.33;24.4096;4096;30;15;125
4.14;30;1016.15;22.2293;3515.71;30;15;125
4.15;30;1018.08;24.1601;0;30;15;125
4.16;30;1019.38;25.4633;0;30;15;125
4.17;30;1023.02;29.107;0;30;15;125
4.18;30;1022.94;29.0225;183.576;30;15;125
4.19;30;1020.07;26.1519;4096;30;15;125
4.2;30;1017.69;23.7708;3798.49;30;15;125
4.21;30;1015.35;21.4371;3808.25;30;15;125
4.22;30;1014.39;20.4742;1792.77;30;15;125
4.23;30;1017.51;23.5882;0;30;15;125
4.24;30;1020.18;26.2611;0;30;15;125
4.25;30;1021.71;27.791;0;30;15;125
4.26;30;1019.08;25.1651;4096;30;15;125
4.27;30;1016.1;22.1802;4096;30;15;125
4.28;30;1013.62;19.701;4096;30;15;125
4.29;30;1016.42;22.502;0;30;15;125
4.3;30;1019.76;25.8427;0;30;15;125
4.31;30;1025.77;31.8541;0;30;15;125
4.32;30;1027.17;33.2567;0;30;15;125
4.33;30;1024.66;30.7435;3861.52;30;15;125
4.34;30;1021.77;27.8528;4096;30;15;125
4.35;30;1020.88;26.959;1552.46;30;15;125
4.36;30;1024.83;30.9087;0;30;15;125
4.37001;30;1029.6;35.6854;0;30;15;125
4.38001;30;1032.35;38.4305;0;30;15;125
4.39001;30;1030.33;36.4138;2926.41;30;15;125
4.40001;30;1027.55;33.634;4096;30;15;125
4.41001;30;1026.12;32.2053;2163.34;30;15;125
4.42001;30;1027.31;33.3964;0;30;15;125
4.43001;30;1028.98;35.0604;0;30;15;125
4.44001;30;1033.81;39.8885;0;30;15;125
4.45001;30;1031.54;37.6185;3230.46;30;15;125
4.46001;30;1029.46;35.5426;2994.67;30;15;125
4.47001;30;1026.39;32.4724;4096;30;15;125
4.48001;30;1027.47;33.556;0;30;15;125
4.49001;30;1028.32;34.4045;0;30;15;125
4.50001;30;1031.95;38.0378;0;30;15;125
4.51001;30;1029.96;36.0477;2820.14;30;15;125
4.52001;30;1026.92;33.0073;4096;30;15;125
4.53001;30;1024.34;30.4238;3874.65;30;15;125
4.54001;30;1024.89;30.9701;0;30;15;125
4.55001;30;1025.48;31.5616;0;30;15;125
4.56001;30;1029.47;35.5547;0;30;15;125
4.57001;30;1028.52;34.6024;1286.59;30;15;125
4.58001;30;1026.59;32.6735;2806.14;30;15;125
4.59001;30;1024.21;30.2977;3547.21;30;15;125
4.60001;30;1022.94;29.0192;1941.04;30;15;125
4.61001;30;1022.67;28.748;439.663;30;15;125
4.62001;30;1025.53;31.6106;0;30;15;125
4.63001;30;1027.51;33.5898;0;30;15;125
4.64001;30;1027.85;33.937;0;30;15;125
4.65001;30;1024.66;30.7457;4096;30;15;125
4.66001;30;1022.48;28.5628;3302.28;30;15;125
4.67001;30;1019.81;25.8964;4096;30;15;125
4.68001;30;1022.65;28.7331;0;30;15;125
4.69001;30;1025.1;31.1831;0;30;15;125
4.70001;30;1030.34;36.426;0;30;15;125
4.71001;30;1030.91;36.9941;0;30;15;125
4.72001;30;1028.48;34.5658;3473.07;30;15;125
4.73001;30;1024.48;30.5654;4096;30;15;125
4.74001;30;1022.05;28.1286;3680.55;30;15;125
4.75001;30;1021.09;27.1693;1496.55;30;15;125
4.76001;30;1024.48;30.5649;0;30;15;125
4.77001;30;1027.93;34.0112;0;30;15;125
4.78001;30;1030.81;36.8978;0;30;15;125
4.79001;30;1028.96;35.0394;2588.47;30;15;125
4.80001;30;1025.16;31.2423;4096;30;15;125
4.81002;30;1024.07;30.1523;1580.69;30;15;125
4.82002;30;1025.69;31.7725;0;30;15;125
4.83002;30;1027.05;33.1344;0;30;15;125
4.84002;30;1027.39;33.474;0;30;15;125
4.85002;30;1024.16;30.2439;4096;30;15;125
4.86002;30;1021.39;27.4726;4096;30;15;125
4.87002;30;1018.38;24.4621;4096;30;15;125
4.88002;30;1018.38;24.4591;127.253;30;15;125
4.89002;30;1022.36;28.4385;0;30;15;125
4.90002;30;1027.49;33.5706;0;30;15;125
4.91002;30;1029.23;35.3137;0;30;15;125
4.92002;30;1026.95;33.0361;3268.89;30;15;125
4.93002;30;1024.86;30.941;3056.82;30;15;125
4.94002;30;1021.6;27.6795;4096;30;15;125
4.95002;30;1019.77;25.8558;2810.42;30;15;125
4.96002;30;1021.4;27.4852;0;30;15;125
4.97002;30;1023.23;29.3101;0;30;15;125
4.98002;30;1026.06;32.1405;0;30;15;125
4.99002;30;1024.03;30.1163;2984.45;30;15;125
5.00002;30;1021.03;27.1086;4096;30;15;125
5.01002;30;1018.02;24.0981;4096;30;15;125
5.02002;30;1019.66;25.7416;0;30;15;125
5.03002;30;1021.12;27.2068;0;30;15;125
5.04002;30;1026.2;32.2856;0;30;15;125
5.05002;30;1026.33;32.4161;0;30;15;125
5.06002;30;1024.36;30.441;2914.47;30;15;125
5.07002;30;1021.64;27.7202;4096;30;15;125
5.08002;30;1018.65;24.7368;4096;30;15;125
5.09002;30;1016.99;23.0683;2693.79;30;15;125
5.10002;30;1020.04;26.1251;0;30;15;125
5.11002;30;1023.72;29.8037;0;30;15;125
5.12002;30;1026.6;32.681;0;30;15;125
5.13002;30;1024.39;30.4698;3286.98;30;15;125
5.14002;30;1021.02;27.1076;4096;30;15;125
5.15002;30;1018.4;24.4831;4096;30;15;125
5.16002;30;1019.68;25.7618;0;30;15;125
5.17002;30;1023.2;29.2826;0;30;15;125
5.18002;30;1026.72;32.8044;0;30;15;125
5.19002;30;1028.66;34.7384;0;30;15;125
5.20002;30;1025.63;31.7147;4096;30;15;125
5.21002;30;1021.97;28.0499;4096;30;15;125
5.22002;30;1019.22;25.3018;4096;30;15;125
5.23002;30;1017.82;23.8994;2291.91;30;15;125
5.24003;30;1020.81;26.8956;0;30;15;125
5.25003;30;1024.78;30.8632;0;30;15;125
5.26003;30;1026.42;32.4983;0;30;15;125
5.27003;30;1023.9;29.9791;3784.55;30;15;125
5.28003;30;1020.51;26.5932;4096;30;15;125
5.29003;30;1017.61;23.6891;4096;30;15;125
5.30003;30;1019.81;25.8925;0;30;15;125
5.31003;30;1022.64;28.7224;0;30;15;125
5.32003;30;1028.47;34.5555;0;30;15;125
5.33003;30;1029.53;35.6086;0;30;15;125
5.34003;30;1027.04;33.123;3642.05;30;15;125
5.35003;30;1022.98;29.0599;4096;30;15;125
5.36003;30;1020.45;26.5333;3906.78;30;15;125
5.37003;30;1018.97;25.0514;2390.31;30;15;125
5.38003;30;1021.72;27.8011;0;30;15;125
5.39003;30;1026.27;32.348;0;30;15;125
5.40003;30;1029.5;35.5789;0;30;15;125
5.41003;30;1028.51;34.5916;1349.35;30;15;125
5.42003;30;1024.66;30.7384;4096;30;15;125
5.43003;30;1022.9;28.9828;2670.43;30;15;125
5.44003;30;1021.99;28.0708;1434.76;30;15;125
5.45003;30;1022.99;29.0752;0;30;15;125
5.46003;30;1024.39;30.4746;0;30;15;125
5.47003;30;1024.83;30.9116;0;30;15;125
5.48003;30;1023.73;29.8098;1666.98;30;15;125
5.49003;30;1020.63;26.7122;4096;30;15;125
5.50003;30;1017.86;23.9384;4096;30;15;125
5.51003;30;1016;22.0872;3044.41;30;15;125
5.52003;30;1019.22;25.3021;0;30;15;125
5.53003;30;1023.3;29.3801;0;30;15;125
5.54003;30;1027.56;33.6421;0;30;15;125
5.55003;30;1027.33;33.4121;270.578;30;15;125
5.56003;30;1024.53;30.6151;4096;30;15;125
5.57003;30;1021.48;27.5626;4096;30;15;125
5.58003;30;1019.32;25.3979;3421.07;30;15;125
5.59003;30;1019.66;25.7459;0;30;15;125
5.60003;30;1023.75;29.8322;0;30;15;125
5.61003;30;1027.17;33.2567;0;30;15;125
5.62003;30;1028.41;34.4919;0;30;15;125
5.63003;30;1025.44;31.5194;4096;30;15;125
5.64003;30;1023.5;29.5834;2947.02;30;15;125
5.65003;30;1021.42;27.5006;3232.72;30;15;125
5.66003;30;1023.91;29.9903;0;30;15;125
5.67003;30;1029.02;35.1058;0;30;15;125
5.68004;30;1031.85;37.9304;0;30;15;125
5.69004;30;1030.2;36.2845;2289.72;30;15;125
5.70004;30;1027.05;33.1333;4096;30;15;125
5.71004;30;1023.63;29.7102;4096;30;15;125
5.72004;30;1023.74;29.8193;0;30;15;125
5.73004;30;1024.21;30.2928;0;30;15;125
5.74004;30;1028.85;34.9344;0;30;15;125
5.75004;30;1027.42;33.5067;2031.6;30;15;125
5.76004;30;1026.6;32.6832;1146.58;30;15;125
5.77004;30;1022.86;28.94;4096;30;15;125
5.78004;30;1022.72;28.7995;241.445;30;15;125
5.79004;30;1022.54;28.6254;298.833;30;15;125
5.80004;30;1025.92;32.0005;0;30;15;125
5.81004;30;1028.1;34.1838;0;30;15;125
5.82004;30;1027.1;33.1804;1394.4;30;15;125
5.83004;30;1023.76;29.8419;4096;30;15;125
5.84004;30;1020.65;26.7335;4096;30;15;125
5.85004;30;1018.55;24.6307;3310.93;30;15;125
5.86004;30;1019.4;25.4821;0;30;15;125
5.87004;30;1024.99;31.0686;0;30;15;125
5.88004;30;1028.47;34.5555;0;30;15;125
5.89004;30;1027.92;34.0074;691.208;30;15;125
5.90004;30;1025.35;31.4338;3804.89;30;15;125
5.91004;30;1021.97;28.0499;4096;30;15;125
5.92004;30;1020.23;26.3169;2704.49;30;15;125
5.93004;30;1019.8;25.8822;775.257;30;15;125
5.94004;30;1023.23;29.3147;0;30;15;125
5.95004;30;1026.82;32.9055;0;30;15;125
5.96004;30;1027.15;33.2332;0;30;15;125
5.97004;30;1024.78;30.8658;3516.77;30;15;125
5.98004;30;1022.6;28.6836;3306.3;30;15;125
5.99004;30;1020.31;26.39;3546.61;30;15;125
6.00004;30;1023.02;29.0994;0;30;15;125
6.01004;30;1025.27;31.353;0;30;15;125
6.02004;30;1029.59;35.6738;0;30;15;125
6.03004;30;1027.22;33.3053;3439.79;30;15;125
6.04004;30;1025.28;31.3672;2850.6;30;15;125
6.05004;30;1021.59;27.674;4096;30;15;125
6.06004;30;1022.66;28.7427;0;30;15;125
6.07004;30;1024.31;30.3929;0;30;15;125
6.08004;30;1030.02;36.1056;0;30;15;125
6.09004;30;1031.3;37.3794;0;30;15;125
6.10004;30;1029.28;35.3636;2827.58;30;15;125
6.11004;30;1025.65;31.7369;4096;30;15;125
6.12005;30;1022.25;28.33;4096;30;15;125
6.13005;30;1020.52;26.6034;2660.78;30;15;125
6.14005;30;1021.96;28.043;0;30;15;125
6.15005;30;1027.8;33.8801;0;30;15;125
6.16005;30;1029.18;35.2657;0;30;15;125
6.17005;30;1027.77;33.853;1958.72;30;15;125
6.18005;30;1023.53;29.6161;4096;30;15;125
6.19005;30;1020.98;27.0677;3869.95;30;15;125
6.20005;30;1020.81;26.8916;320.645;30;15;125
6.21005;30;1021.99;28.0763;0;30;15;125
6.22005;30;1025.84;31.9227;0;30;15;125
6.23005;30;1026.89;32.9708;0;30;15;125
6.24005;30;1024.7;30.7872;3210.34;30;15;125
6.25005;30;1021.37;27.4535;4096;30;15;125
6.26005;30;1018.41;24.4937;4096;30;15;125
6.27005;30;1016.83;22.9154;2557.49;30;15;125
6.28005;30;1019.27;25.3567;0;30;15;125
6.29005;30;1023.69;29.7751;0;30;15;125
6.30005;30;1025.37;31.4543;0;30;15;125
6.31005;30;1022.95;29.0357;3639.85;30;15;125
6.32005;30;1020.92;27.0001;3130.18;30;15;125
6.33005;30;1018.08;24.1615;4096;30;15;125
6.34005;30;1020.49;26.57;0;30;15;125
6.35005;30;1022.69;28.768;0;30;15;125
6.36005;30;1028.87;34.9565;0;30;15;125
6.37005;30;1028.78;34.8593;0;30;15;125
6.38005;30;1026.79;32.8717;2879.15;30;15;125
6.39005;30;1023.55;29.6343;4096;30;15;125
6.40005;30;1020.65;26.7286;4096;30;15;125
6.41005;30;1019.15;25.2367;2375.2;30;15;125
6.42005;30;1020.56;26.6385;0;30;15;125
6.43005;30;1026.77;32.8564;0;30;15;125
6.44005;30;1026.02;32.101;1062.69;30;15;125
6.45005;30;1024.13;30.2089;2824.09;30;15;125
6.46005;30;1023.51;29.5905;932.539;30;15;125
6.47005;30;1021.25;27.3333;3461.87;30;15;125
6.48005;30;1023.71;29.7921;0;30;15;125
6.49005;30;1026.19;32.2717;0;30;15;125
6.50005;30;1029.07;35.1556;0;30;15;125
6.51005;30;1029.49;35.5686;0;30;15;125
6.52005;30;1026.17;32.2517;4096;30;15;125
6.53005;30;1022.69;28.7771;4096;30;15;125
6.54005;30;1019.82;25.9001;4096;30;15;125
6.55006;30;1018.24;24.3235;2526.21;30;15;125
6.56006;30;1021.49;27.5732;0;30;15;125
6.57006;30;1025.34;31.4215;0;30;15;125
6.58006;30;1026.56;32.6427;0;30;15;125
6.59006;30;1024.28;30.358;3404.78;30;15;125
6.60006;30;1021.66;27.7403;3985.74;30;15;125
6.61006;30;1018.97;25.054;4096;30;15;125
6.62006;30;1021.52;27.6054;0;30;15;125
6.63006;30;1024.2;30.2839;0;30;15;125
6.64006;30;1028.98;35.0648;0;30;15;125
6.65006;30;1028.11;34.1882;1177.83;30;15;125
6.66006;30;1025.38;31.4677;4023.61;30;15;125
6.67006;30;1023.19;29.2732;3301.17;30;15;125
6.68006;30;1021.08;27.1626;3242.24;30;15;125
6.69006;30;1021.79;27.8708;0;30;15;125
6.70006;30;1024.62;30.701;0;30;15;125
6.71006;30;1024.58;30.6617;31.2878;30;15;125
6.72006;30;1022.13;28.2118;3722.99;30;15;125
6.73006;30;1019.22;25.2992;4096;30;15;125
6.74006;30;1017.84;23.9242;2252.66;30;15;125
6.75006;30;1019.3;25.3791;0;30;15;125
6.76006;30;1025.05;31.1335;0;30;15;125
6.77006;30;1027.98;34.066;0;30;15;125
6.78006;30;1027.4;33.4871;766.661;30;15;125
6.79006;30;1024.61;30.6915;4096;30;15;125
6.80006;30;1022.53;28.6161;3158.35;30;15;125
6.81006;30;1019.35;25.432;4096;30;15;125
6.82006;30;1021;27.0824;0;30;15;125
6.83006;30;1024.3;30.38;0;30;15;125
6.84006;30;1029.63;35.7108;0;30;15;125
6.85006;30;1030.13;36.2098;0;30;15;125
6.86006;30;1028.05;34.1301;2988.15;30;15;125
6.87006;30;1026.11;32.1971;2823.3;30;15;125
6.88006;30;1025.68;31.7675;579.04;30;15;125
6.89006;30;1027.74;33.8226;0;30;15;125
6.90006;30;1029.79;35.8757;0;30;15;125
6.91006;30;1030.48;36.5676;0;30;15;125
6.92006;30;1027.53;33.6086;4096;30;15;125
6.93006;30;1024.97;31.0526;3763.84;30;15;125
6.94006;30;1023.15;29.2371;2708.54;30;15;125
6.95006;30;1025.09;31.1715;0;30;15;125
6.96006;30;1029.15;35.2374;0;30;15;125
6.97006;30;1031.68;37.7595;0;30;15;125
6.98006;30;1031.87;37.9517;0;30;15;125
6.99007;30;1028.01;34.0887;4096;30;15;125
7.00007;30;1024.9;30.9841;4096;30;15;125
7.01007;30;1022.15;28.2357;4096;30;15;125
7.02007;30;1021.22;27.3028;1414.12;30;15;125
7.03007;30;1024.61;30.6882;0;30;15;125
7.04007;30;1028.81;34.8912;0;30;15;125
7.05007;30;1031.94;38.0255;0;30;15;125
7.06007;30;1028.17;34.252;4096;30;15;125
7.07007;30;1026.68;32.7607;2062.13;30;15;125
7.08007;30;1024.88;30.962;2576.14;30;15;125
7.09007;30;1028.23;34.3088;0;30;15;125
7.10007;30;1031.56;37.6473;0;30;15;125
7.11007;30;1032.51;38.5947;0;30;15;125
7.12007;30;1029.74;35.8243;3854.82;30;15;125
7.13007;30;1026.46;32.5432;4096;30;15;125
7.14007;30;1023.17;29.255;4096;30;15;125
7.15007;30;1025.08;31.1611;0;30;15;125
7.16007;30;1028.25;34.3307;0;30;15;125
7.17007;30;1032.74;38.8199;0;30;15;125
7.18007;30;1033.02;39.1006;0;30;15;125
7.19007;30;1030.64;36.722;3200.2;30;15;125
7.20007;30;1026.52;32.604;4096;30;15;125
7.21007;30;1023.89;29.97;3782.79;30;15;125
7.22007;30;1023.19;29.272;900.584;30;15;125
7.23007;30;1026.37;32.4576;0;30;15;125
7.24007;30;1029.72;35.8071;0;30;15;125
7.25007;30;1032.34;38.4199;0;30;15;125
7.26007;30;1030.8;36.88;1905.77;30;15;125
7.27007;30;1026.64;32.7214;4096;30;15;125
7.28007;30;1025.84;31.9233;935.927;30;15;125
7.29007;30;1025.68;31.7653;0;30;15;125
7.30007;30;1026.51;32.5925;0;30;15;125
7.31007;30;1031.09;37.1744;0;30;15;125
7.32007;30;1028.98;35.0643;2788.97;30;15;125
7.33007;30;1026.7;32.7833;3110.27;30;15;125
7.34007;30;1023.09;29.1764;4096;30;15;125
7.35007;30;1024.82;30.8986;0;30;15;125
7.36007;30;1025.26;31.3407;0;30;15;125
7.37007;30;1029.53;35.613;0;30;15;125
7.38007;30;1030.02;36.1019;0;30;15;125
7.39007;30;1027.85;33.9375;2879.44;30;15;125
7.40007;30;1024.14;30.226;4096;30;15;125
7.41007;30;1021.25;27.3322;4096;30;15;125
7.42007;30;1019.68;25.7674;2233.47;30;15;125
7.43008;30;1022.64;28.724;0;30;15;125
7.44008;30;1025.93;32.0129;0;30;15;125
7.45008;30;1030.53;36.611;0;30;15;125
7.46008;30;1029.98;36.0638;381.266;30;15;125
7.47008;30;1027.43;33.5118;3460.76;30;15;125
7.48008;30;1024.55;30.6292;4042.49;30;15;125
7.49008;30;1022;28.0875;3609.62;30;15;125
7.50008;30;1022.65;28.7375;0;30;15;125
7.51008;30;1026.14;32.2231;0;30;15;125
7.52008;30;1029.75;35.8311;0;30;15;125
7.53008;30;1031.11;37.1969;0;30;15;125
7.54008;30;1029.02;35.1025;2704.32;30;15;125
7.55008;30;1025.34;31.4189;4096;30;15;125
7.56008;30;1024.64;30.7264;730.135;30;15;125
7.57008;30;1026.59;32.6704;0;30;15;125
7.58008;30;1028.74;34.8258;0;30;15;125
7.59008;30;1032.51;38.5955;0;30;15;125
7.60008;30;1030.72;36.8073;2162.64;30;15;125
7.61008;30;1027.92;34.0062;3760.89;30;15;125
7.62008;30;1024.76;30.8446;4096;30;15;125
7.63008;30;1025.45;31.528;0;30;15;125
7.64008;30;1025.68;31.7614;0;30;15;125
7.65008;30;1029.84;35.921;0;30;15;125
7.66008;30;1028.59;34.6688;1399.37;30;15;125
7.67008;30;1027.04;33.1204;1886.32;30;15;125
7.68008;30;1023.36;29.4466;4096;30;15;125
7.69008;30;1022.54;28.6245;934.034;30;15;125
7.70008;30;1022.34;28.4204;15.16;30;15;125
7.71008;30;1025.65;31.7286;0;30;15;125
7.72008;30;1027.82;33.906;0;30;15;125
7.73008;30;1027.14;33.2238;577.211;30;15;125
7.74008;30;1024.16;30.2422;4096;30;15;125
7.75008;30;1021.97;28.0572;2988.45;30;15;125
7.76008;30;1019.8;25.8787;3049.26;30;15;125
7.77008;30;1022.25;28.3289;0;30;15;125
7.78008;30;1025.16;31.245;0;30;15;125
7.79008;30;1029.17;35.248;0;30;15;125
7.80008;30;1026.79;32.8693;3130.31;30;15;125
7.81008;30;1025.37;31.457;1721.03;30;15;125
7.82008;30;1022.03;28.1156;4096;30;15;125
7.83008;30;1022.8;28.8848;0;30;15;125
7.84008;30;1023.63;29.7143;0;30;15;125
7.85008;30;1029.78;35.8657;0;30;15;125
7.86009;30;1029.56;35.6444;0;30;15;125
7.87009;30;1027.87;33.9531;2049.5;30;15;125
7.88009;30;1025.25;31.3307;3523.24;30;15;125
7.89009;30;1022.02;28.1039;4096;30;15;125
7.90009;30;1020.12;26.2053;2598.39;30;15;125
7.91009;30;1022.02;28.103;0;30;15;125
7.92009;30;1025.01;31.0936;0;30;15;125
7.93009;30;1027.25;33.3368;0;30;15;125
7.94009;30;1025.29;31.3707;2539.71;30;15;125
7.95009;30;1021.48;27.5594;4096;30;15;125
7.96009;30;1018.97;25.0503;3553.11;30;15;125
7.97009;30;1019.5;25.5816;0;30;15;125
7.98009;30;1020.53;26.6153;0;30;15;125
7.99009;30;1026.07;32.1528;0;30;15;125
8.00009;30;1025.16;31.2452;970.513;30;15;125
8.01009;30;1023.14;29.2265;2698.76;30;15;125
8.02009;30;1019.65;25.7348;4096;30;15;125
8.03009;30;1017.86;23.9408;2533.14;30;15;125
8.04009;30;1017.83;23.9104;0;30;15;125
8.05009;30;1020.58;26.6659;0;30;15;125
8.06009;30;1022.22;28.2995;0;30;15;125
8.07009;30;1021.01;27.0896;1580.06;30;15;125
8.08009;30;1018.14;24.2239;4096;30;15;125
8.09009;30;1017.41;23.4956;980.786;30;15;125
8.10009;30;1015.01;21.0943;3573.51;30;15;125
8.11009;30;1017.73;23.8099;0;30;15;125
8.12009;30;1023.41;29.4976;0;30;15;125
8.13009;30;1028.43;34.5178;0;30;15;125
8.14009;30;1027.53;33.6158;947.069;30;15;125
8.15009;30;1025.31;31.3932;2993.03;30;15;125
8.16009;30;1022.88;28.9594;3384.02;30;15;125
8.17009;30;1021.55;27.6312;1768.53;30;15;125
8.18009;30;1020.96;27.0444;677.65;30;15;125
8.19009;30;1023.9;29.9795;0;30;15;125
8.20009;30;1023.97;30.052;0;30;15;125
8.21009;30;1022.65;28.736;1722.31;30;15;125
8.22009;30;1019.45;25.5312;4096;30;15;125
8.23009;30;1019.24;25.3258;170.063;30;15;125
8.24009;30;1017.91;23.9959;1904.23;30;15;125
8.25009;30;1020.79;26.8697;0;30;15;125
8.26009;30;1025.52;31.6001;0;30;15;125
8.27009;30;1027.24;33.3243;0;30;15;125
8.28009;30;1025.67;31.7518;2031.04;30;15;125
8.29009;30;1022.66;28.7443;4096;30;15;125
8.30009;30;1019.72;25.8067;4096;30;15;125
8.31009;30;1018.97;25.0517;1018.79;30;15;125
8.3201;30;1020;26.0857;0;30;15;125
8.3301;30;1023.06;29.1425;0;30;15;125
8.3401;30;1026.91;32.9902;0;30;15;125
8.3501;30;1024.76;30.8412;2937.34;30;15;125
8.3601;30;1023.05;29.1355;2324.56;30;15;125
8.3701;30;1021.61;27.688;1983.6;30;15;125
8.3801;30;1023.45;29.5303;0;30;15;125
8.3901;30;1026.53;32.6102;0;30;15;125
8.4001;30;1025.98;32.0597;501.743;30;15;125
8.4101;30;1024.84;30.9249;1410.97;30;15;125
8.4201;30;1021.81;27.896;4096;30;15;125
8.4301;30;1019.05;25.1362;4030.94;30;15;125
8.4401;30;1018.36;24.4439;957.3;30;15;125
8.4501;30;1019.68;25.7612;0;30;15;125
8.4601;30;1023.94;30.0261;0;30;15;125
8.4701;30;1023.3;29.3795;746.794;30;15;125
8.4801;30;1021.59;27.6695;2396.04;30;15;125
8.4901;30;1020.52;26.5995;1472.46;30;15;125
8.5001;30;1018.1;24.1856;3567.95;30;15;125
8.5101;30;1019.08;25.1601;0;30;15;125
8.5201;30;1019.53;25.6159;0;30;15;125
8.5301;30;1022.87;28.9514;0;30;15;125
8.5401;30;1023.26;29.343;0;30;15;125
8.5501;30;1020.73;26.8134;3680.25;30;15;125
8.5601;30;1019.72;25.8012;1439.87;30;15;125
8.5701;30;1017.91;23.9883;2702.85;30;15;125
8.5801;30;1020.29;26.3736;0;30;15;125
8.5901;30;1022.61;28.6976;0;30;15;125
8.6001;30;1022.96;29.0419;0;30;15;125
8.6101;30;1020.71;26.7967;3278.34;30;15;125
8.6201;30;1017.95;24.0351;4096;30;15;125
8.6301;30;1015.73;21.8096;3416.17;30;15;125
8.6401;30;1017.4;23.4863;0;30;15;125
8.6501;30;1021.34;27.4268;0;30;15;125
8.6601;30;1023.5;29.5808;0;30;15;125
8.6701;30;1023.64;29.7258;0;30;15;125
8.6801;30;1020.72;26.8023;4096;30;15;125
8.6901;30;1018.44;24.523;3438.49;30;15;125
8.7001;30;1016.1;22.1831;3609.37;30;15;125
8.7101;30;1015.63;21.7143;827.15;30;15;125
8.7201;30;1018.59;24.6697;0;30;15;125
8.7301;30;1021.1;27.179;0;30;15;125
8.7401;30;1024.41;30.4891;0;30;15;125
8.7501;30;1022.23;28.3147;3199.26;30;15;125
8.76011;30;1019.74;25.818;3762.79;30;15;125
8.77011;30;1017.88;23.9585;2870.32;30;15;125
8.78011;30;1020.75;26.8292;0;30;15;125
8.79011;30;1022.44;28.5207;0;30;15;125
8.80011;30;1025.79;31.8751;0;30;15;125
8.81011;30;1024.35;30.4351;2049.79;30;15;125
8.82011;30;1020.86;26.9436;4096;30;15;125
8.83011;30;1018.15;24.2307;4096;30;15;125
8.84011;30;1017.9;23.9815;475.671;30;15;125
8.85011;30;1019.74;25.819;0;30;15;125
8.86011;30;1023.31;29.3942;0;30;15;125
8.87011;30;1025.91;31.9922;0;30;15;125
8.88011;30;1023.98;30.0645;2814.29;30;15;125
8.89011;30;1020.52;26.6014;4096;30;15;125
8.90011;30;1017.87;23.951;4093.58;30;15;125
8.91011;30;1016.12;22.1985;2809.08;30;15;125
8.92011;30;1019.33;25.4145;0;30;15;125
8.93011;30;1023.09;29.1704;0;30;15;125
8.94011;30;1027.93;34.0123;0;30;15;125
8.95011;30;1026.89;32.9745;1411.84;30;15;125
8.96011;30;1024.11;30.1926;4096;30;15;125
8.97011;30;1022.02;28.103;3137.85;30;15;125
8.98011;30;1021.76;27.8389;410.13;30;15;125
8.99011;30;1021.62;27.7022;225.94;30;15;125
9.00011;30;1025.07;31.1482;0;30;15;125
9.01011;30;1025.47;31.5499;0;30;15;125
9.02011;30;1022.18;28.2633;4096;30;15;125
9.03011;30;1019.24;25.3272;4096;30;15;125
9.04011;30;1016.37;22.45;4096;30;15;125
9.05011;30;1015.04;21.1233;2233.58;30;15;125
9.06011;30;1018.37;24.453;0;30;15;125
9.07011;30;1022.3;28.3854;0;30;15;125
9.08011;30;1026.97;33.0507;0;30;15;125
9.09011;30;1025.82;31.905;1641.24;30;15;125
9.10011;30;1022.96;29.0476;4096;30;15;125
9.11011;30;1021.11;27.1969;2844.8;30;15;125
9.12011;30;1021.6;27.6789;0;30;15;125
9.13011;30;1021.91;27.9941;0;30;15;125
9.14011;30;1024.74;30.8221;0;30;15;125
9.15011;30;1023.37;29.4532;2059.55;30;15;125
9.16011;30;1020.92;27.0018;3760.53;30;15;125
9.17011;30;1017.51;23.5968;4096;30;15;125
9.18011;30;1017.83;23.9109;0;30;15;125
9.19011;30;1016.83;22.9146;1724.91;30;15;125
9.20012;30;1021.89;27.9766;0;30;15;125
9.21012;30;1022.18;28.2622;0;30;15;125
9.22012;30;1021.54;27.6219;1057.43;30;15;125
9.23012;30;1018.7;24.7816;4096;30;15;125
9.24012;30;1015.77;21.8523;4096;30;15;125
9.25012;30;1014.08;20.1677;2876.52;30;15;125
9.26012;30;1015.6;21.6827;0;30;15;125
9.27012;30;1021.13;27.2104;0;30;15;125
9.28012;30;1023.75;29.8359;0;30;15;125
9.29012;30;1023.27;29.353;813.275;30;15;125
9.30012;30;1020.43;26.5099;4096;30;15;125
9.31012;30;1017.63;23.7131;4096;30;15;125
9.32012;30;1016.01;22.0901;2763.38;30;15;125
9.33012;30;1015.89;21.9701;522.534;30;15;125
9.34012;30;1019.22;25.3028;0;30;15;125
9.35012;30;1023.56;29.6442;0;30;15;125
9.36012;30;1025.51;31.5903;0;30;15;125
9.37012;30;1022.94;29.0185;3994.4;30;15;125
9.38012;30;1020.02;26.0982;4096;30;15;125
9.39012;30;1018.16;24.2379;3082.58;30;15;125
9.40012;30;1020.84;26.9222;0;30;15;125
9.41012;30;1024.43;30.5178;0;30;15;125
9.42012;30;1028.66;34.7468;0;30;15;125
9.43012;30;1026.11;32.1949;3875.77;30;15;125
9.44012;30;1023.94;30.0245;3368.74;30;15;125
9.45012;30;1020.6;26.685;4096;30;15;125
9.46012;30;1021.96;28.0476;0;30;15;125
9.47012;30;1024.26;30.3414;0;30;15;125
9.48012;30;1029.86;35.9388;0;30;15;125
9.49012;30;1031.87;37.9564;0;30;15;125
9.50012;30;1029.46;35.5428;3549.71;30;15;125
9.51012;30;1026.15;32.2318;4096;30;15;125
9.52012;30;1022.67;28.7569;4096;30;15;125
9.53012;30;1020.84;26.9215;2943.68;30;15;125
9.54012;30;1022.69;28.7697;0;30;15;125
9.55012;30;1026.99;33.0736;0;30;15;125
9.56012;30;1029.59;35.6766;0;30;15;125
9.57012;30;1027.87;33.9509;2553.94;30;15;125
9.58012;30;1024.59;30.674;4096;30;15;125
9.59012;30;1021.37;27.4547;4096;30;15;125
9.60012;30;1022.6;28.679;0;30;15;125
9.61012;30;1023.7;29.7849;0;30;15;125
9.62012;30;1027.94;34.0271;0;30;15;125
9.63013;30;1027.97;34.049;0;30;15;125
9.64013;30;1025.42;31.5066;3844.53;30;15;125
9.65013;30;1023.15;29.2325;3511.33;30;15;125
9.66013;30;1019.79;25.8748;4096;30;15;125
9.67013;30;1018.36;24.4423;2404.72;30;15;125
9.68013;30;1021;27.0855;0;30;15;125
9.69013;30;1023.72;29.8001;0;30;15;125
9.70013;30;1025.45;31.5356;0;30;15;125
9.71013;30;1023.34;29.4229;3278.35;30;15;125
9.72013;30;1020.04;26.1238;4096;30;15;125
9.73013;30;1017.22;23.2994;4096;30;15;125
9.74013;30;1019.18;25.2613;0;30;15;125
9.75013;30;1020.66;26.7435;0;30;15;125
9.76013;30;1026.95;33.0295;0;30;15;125
9.77013;30;1026.04;32.1184;1411.87;30;15;125
9.78013;30;1024.26;30.343;2761.09;30;15;125
9.79013;30;1021.99;28.0705;3577.38;30;15;125
9.80013;30;1020.45;26.5337;2524.24;30;15;125
9.81013;30;1020.3;26.383;454.115;30;15;125
9.82013;30;1023.41;29.488;0;30;15;125
9.83013;30;1024.4;30.4852;0;30;15;125
9.84013;30;1022.75;28.8288;2640.84;30;15;125
9.85013;30;1021.03;27.1163;2779.96;30;15;125
9.86013;30;1019.11;25.1964;3154.57;30;15;125
9.87013;30;1019.38;25.4668;0;30;15;125
9.88013;30;1021.68;27.7617;0;30;15;125
9.89013;30;1023.51;29.5892;0;30;15;125
9.90013;30;1021.5;27.5788;3230.87;30;15;125
9.91013;30;1019.58;25.665;3148.87;30;15;125
9.92013;30;1017.96;24.0456;2763.24;30;15;125
9.93013;30;1019.72;25.8061;0;30;15;125
9.94013;30;1021.56;27.6411;0;30;15;125
9.95013;30;1024.17;30.2523;0;30;15;125
9.96013;30;1023.28;29.3665;1511.91;30;15;125
9.97013;30;1020.76;26.8382;4055.49;30;15;125
9.98013;30;1018.43;24.5138;3826.2;30;15;125
9.99013;30;1017.95;24.0323;1083.76;30;15;125
