0;30;993.839;0.045105;1506.73;50;0;30
0.01;30;993.993;0.198792;1507.99;50;0;30
0.02;30;993.908;0.114014;1521.19;50;0;30
0.03;30;993.913;0.119324;1529.89;50;0;30
0.04;30;993.927;0.133118;1538.16;50;0;30
0.05;30;993.93;0.136414;1546.96;50;0;30
0.06;30;993.84;0.0457153;1560.48;50;0;30
0.07;30;994.037;0.243469;1559.52;50;0;30
0.08;30;993.887;0.0933228;1576;50;0;30
0.09;30;993.98;0.185974;1580.31;50;0;30
0.1;30;993.859;0.0648193;1595.35;50;0;30
0.11;30;993.915;0.120911;1601.5;50;0;30
0.12;30;993.831;0.0368042;1614.7;50;0;30
0.13;30;993.991;0.197021;1615.63;50;0;30
0.14;30;993.976;0.182312;1625.31;50;0;30
0.15;30;994.042;0.247498;1630.98;50;0;30
0.16;30;993.898;0.103516;1647.14;50;0;30
0.17;30;994.085;0.291321;1646.67;50;0;30
0.18;30;993.996;0.202393;1660.05;50;0;30
0.19;30;993.938;0.143921;1671.93;50;0;30
0.2;30;993.862;0.0678711;1684.71;50;0;30
0.21;30;994.03;0.235718;1685.25;50;0;30
0.22;30;993.991;0.196716;1696.14;50;0;30
0.23;30;993.947;0.15332;1707.27;50;0;30
0.24;30;993.932;0.138;1716.99;50;0;30
0.25;30;993.954;0.1604;1724.82;50;0;30
0.26;30;994.028;0.23407;1730.07;50;0;30
0.27;30;993.937;0.1427;1743.59;50;0;30
0.28;30;994.55;0.756409;1721.68;50;0;30
0.29;30;994.3;0.505981;1743.05;50;0;30
0.3;30;996.302;2.50757;1651.22;50;0;30
0.31;30;997.316;3.52209;1608.44;50;0;30
0.32;30;998.203;4.40869;1571.78;50;0;30
0.33;30;1000.76;6.9613;1451.07;50;0;30
0.34;30;1002.04;8.24451;1393.43;50;0;30
0.35;30;1003.25;9.45898;1338.87;50;0;30
0.36;30;1005.46;11.6613;1234.26;50;0;30
0.37;30;1006.14;12.3458;1205.33;50;0;30
0.38;30;1007.23;13.44;1155.59;50;0;30
0.39;30;1009.38;15.59;1052.41;50;0;30
0.4;30;1009.24;15.4474;1063.91;50;0;30
0.41;30;1010.26;16.47;1016.84;50;0;30
0.42;30;1012.04;18.2506;931.328;50;0;30
0.43;30;1011.92;18.1247;941.186;50;0;30
0.44;30;1013.24;19.4411;878.534;50;0;30
0.45;30;1014.46;20.6697;819.904;50;0;30
0.46;30;1014.72;20.9237;809.925;50;0;30
0.47;30;1016.11;22.315;742.666;50;0;30
0.48;30;1016.82;23.0233;709.343;50;0;30
0.49;30;1017.47;23.6782;678.495;50;0;30
0.5;30;1019.33;25.5393;586.779;50;0;30
0.51;30;1019.57;25.7728;576.374;50;0;30
0.52;30;1019.99;26.201;556.102;50;0;30
0.53;30;1021.53;27.7392;479.87;50;0;30
0.54;30;1020.9;27.1079;512.302;50;0;30
0.55;30;1020.98;27.1889;509.096;50;0;30
0.56;30;1021.78;27.9843;469.93;50;0;30
0.57;30;1020.43;26.6333;538.491;50;0;30
0.58;30;1019.86;26.0696;567.856;50;0;30
0.59;30;1019.14;25.3483;605.317;50;0;30
0.6;30;1018.82;25.0269;622.876;50;0;30
0.61;30;1018.58;24.7838;636.596;50;0;30
0.62;30;1017.42;23.6281;696.293;50;0;30
0.63;30;1015.96;22.1666;771.721;50;0;30
0.64;30;1015.01;21.2186;821.755;50;0;30
0.65;30;1014.63;20.832;843.835;50;0;30
0.66;30;1013.25;19.457;915.748;50;0;30
0.67;30;1012.35;18.554;964.329;50;0;30
0.68;30;1011.63;17.8373;1003.82;50;0;30
0.69;30;1009.58;15.7832;1110.78;50;0;30
0.7;30;1009.19;15.3978;1134.44;50;0;30
0.71;30;1007.88;14.088;1204.7;50;0;30
0.72;30;1006.78;12.9832;1265.04;50;0;30
0.73;30;1005.58;11.7816;1330.59;50;0;30
0.74;30;1004.68;10.8837;1381.22;50;0;30
0.75;30;1003.59;9.79382;1441.77;50;0;30
0.76;30;1002.94;9.14801;1480.32;50;0;30
0.77;30;1001.96;8.16901;1535.82;50;0;30
0.78;30;1001.27;7.47888;1577.08;50;0;30
0.79;30;1001.38;7.58301;1578.6;50;0;30
0.8;30;1000.57;6.77698;1625.87;50;0;30
0.81;30;1000.59;6.79266;1632.05;50;0;30
0.82;30;1001.38;7.58691;1599.06;50;0;30
0.83;30;1000.36;6.56769;1657.05;50;0;30
0.839999;30;1001.58;7.784;1602.9;50;0;30
0.849999;30;1000.73;6.9339;1652.32;50;0;30
0.859999;30;1001.82;8.03082;1604.07;50;0;30
0.869999;30;1002.74;8.9494;1564.46;50;0;30
0.879999;30;1002.48;8.68427;1584.11;50;0;30
0.889999;30;1004.27;10.4766;1500.35;50;0;30
0.899999;30;1005.5;11.7077;1444.28;50;0;30
0.909999;30;1005.42;11.63;1453.68;50;0;30
0.919999;30;1006.86;13.0627;1387.12;50;0;30
0.929999;30;1007.58;13.7857;1355.84;50;0;30
0.939999;30;1008.31;14.5155;1323.99;50;0;30
0.949999;30;1009.81;16.0172;1253.1;50;0;30
0.959999;30;1010.3;16.5042;1232.8;50;0;30
0.969999;30;1011.4;17.6041;1181.53;50;0;30
0.979999;30;1012.87;19.0727;1111.37;50;0;30
0.989999;30;1013.22;19.4263;1096.87;50;0;30
0.999999;30;1014.53;20.7392;1034;50;0;30
1.01;30;1015.08;21.2842;1009.36;50;0;30
1.02;30;1014.91;21.1159;1020.44;50;0;30
1.03;30;1015.62;21.8255;987.415;50;0;30
1.04;30;1015.91;22.1199;975.06;50;0;30
1.05;30;1016.33;22.533;956.643;50;0;30
1.06;30;1017.09;23.2944;920.587;50;0;30
1.07;30;1016.93;23.133;930.716;50;0;30
1.08;30;1015.48;21.6837;1005.67;50;0;30
1.09;30;1015.31;21.5125;1016.78;50;0;30
1.1;30;1015.86;22.0656;991.507;50;0;30
1.11;30;1014.85;21.0601;1044.46;50;0;30
1.12;30;1014.1;20.3047;1085.14;50;0;30
1.13;30;1013.84;20.0449;1101.12;50;0;30
1.14;30;1012.77;18.9782;1157.76;50;0;30
1.15;30;1013.29;19.4998;1134.83;50;0;30
1.16;30;1011.67;17.8796;1219.48;50;0;30
1.17;30;1011.41;17.62;1236.17;50;0;30
1.18;30;1010.86;17.0653;1267.79;50;0;30
1.19;30;1010.18;16.3871;1305.78;50;0;30
1.2;30;1010.32;16.5271;1302.82;50;0;30
1.21;30;1010.02;16.2218;1322.22;50;0;30
1.22;30;1009.32;15.5303;1361.14;50;0;30
1.23;30;1008.9;15.1059;1386.82;50;0;30
1.24;30;1009.83;16.0398;1344.32;50;0;30
1.25;30;1009.42;15.6229;1369.48;50;0;30
1.26;30;1009.37;15.5744;1376.23;50;0;30
1.27;30;1009.97;16.1714;1350.53;50;0;30
1.28;30;1010.34;16.5424;1336.01;50;0;30
1.29;30;1010.55;16.7567;1329.27;50;0;30
1.3;30;1010.1;16.3049;1355.97;50;0;30
1.31;30;1011.24;17.4506;1302.45;50;0;30
1.32;30;1012.52;18.7257;1242.08;50;0;30
1.33;30;1011.71;17.9113;1286.42;50;0;30
1.34;30;1011.94;18.1464;1278.22;50;0;30
1.35;30;1012.23;18.4356;1267.23;50;0;30
1.36;30;1012.62;18.8262;1251.06;50;0;30
1.37;30;1013.65;19.8524;1202.79;50;0;30
1.38;30;1013.12;19.3291;1232.16;50;0;30
1.39;30;1011.94;18.1433;1295;50;0;30
1.4;30;1013.43;19.6357;1223.5;50;0;30
1.41;30;1013.73;19.9315;1211.72;50;0;30
1.42;30;1012.96;19.1679;1253.15;50;0;30
1.43;30;1012.67;18.8711;1271.33;50;0;30
1.44;30;1012.95;19.1563;1260.33;50;0;30
1.45;30;1013.29;19.4954;1246.52;50;0;30
1.46;30;1013.15;19.3581;1256.58;50;0;30
1.47;30;1012.6;18.8078;1287.45;50;0;30
1.48;30;1013.57;19.7782;1242;50;0;30
1.49;30;1013.88;20.0858;1229.59;50;0;30
1.5;30;1012.11;18.3159;1321.59;50;0;30
1.51;30;1012.77;18.9729;1292.05;50;0;30
1.52;30;1013.77;19.971;1245.16;50;0;30
1.53;30;1013.24;19.4503;1274.35;50;0;30
1.54;30;1012.8;19.0033;1300;50;0;30
1.55;30;1013.25;19.4601;1280.33;50;0;30
1.56;30;1013.42;19.6214;1275.38;50;0;30
1.57;30;1014.02;20.2296;1247.9;50;0;30
1.58;30;1012.49;18.7004;1327.75;50;0;30
1.59;30;1013.12;19.3262;1299.66;50;0;30
1.6;30;1014.54;20.7421;1231.64;50;0;30
1.61;30;1013.43;19.6373;1289.99;50;0;30
1.62;30;1013.4;19.6043;1294.76;50;0;30
1.63;30;1013.66;19.8691;1284.56;50;0;30
1.64;30;1013.56;19.7705;1292.56;50;0;30
1.65;30;1014.51;20.7198;1247.88;50;0;30
1.66;30;1013.84;20.0499;1284.36;50;0;30
1.67;30;1013.19;19.3976;1320.15;50;0;30
1.68;30;1014.41;20.6204;1261.82;50;0;30
1.69;30;1014.18;20.3848;1276.49;50;0;30
1.7;30;1013.27;19.4716;1325.31;50;0;30
1.71;30;1013.46;19.6613;1318.92;50;0;30
1.72;30;1013.98;20.1843;1295.72;50;0;30
1.73;30;1014.26;20.4688;1284.35;50;0;30
1.74;30;1013.91;20.1206;1304.73;50;0;30
1.75;30;1013.28;19.481;1339.86;50;0;30
1.76;30;1014.32;20.528;1290.35;50;0;30
1.77;30;1014.93;21.1339;1262.72;50;0;30
1.78;30;1013.31;19.5175;1346.68;50;0;30
1.79;30;1013.31;19.5205;1349.68;50;0;30
1.8;30;1014.65;20.8544;1285.73;50;0;30
1.81;30;1014.23;20.4341;1309.61;50;0;30
1.82;30;1014.43;20.636;1302.33;50;0;30
1.83;30;1013.65;19.8596;1344.19;50;0;30
1.84;30;1014;20.2079;1329.71;50;0;30
1.85;30;1015.19;21.3997;1272.7;50;0;30
1.86;30;1014.72;20.9287;1298.97;50;0;30
1.87;30;1014.27;20.4783;1324.35;50;0;30
1.88;30;1014.33;20.5387;1324.17;50;0;30
1.89;30;1014.63;20.838;1311.95;50;0;30
1.9;30;1014.97;21.1776;1297.62;50;0;30
1.91;30;1014.91;21.1175;1303.29;50;0;30
1.92;30;1013.75;19.9536;1364.5;50;0;30
1.93;30;1014.61;20.8136;1324.25;50;0;30
1.94;30;1015.35;21.5593;1289.5;50;0;30
1.95;30;1014.51;20.7169;1334.4;50;0;30
1.96;30;1014.49;20.696;1338.24;50;0;30
1.97;30;1014.6;20.8106;1335.27;50;0;30
1.98;30;1014.81;21.0159;1327.7;50;0;30
1.99;30;1015.85;22.0586;1277.94;50;0;30
2;30;1014.59;20.7935;1343.96;50;0;30
2.01;30;1013.94;20.1475;1379.22;50;0;30
2.02;30;1015.34;21.546;1311.83;50;0;30
2.03;30;1015.15;21.3559;1323.93;50;0;30
2.04;30;1015.44;21.6485;1311.8;50;0;30
2.05;30;1015.22;21.4244;1325.58;50;0;30
2.06;30;1014.54;20.7428;1362.44;50;0;30
2.07;30;1015.49;21.6911;1317.51;50;0;30
2.08;30;1016.01;22.2125;1293.78;50;0;30
2.09;30;1014.65;20.8557;1364.36;50;0;30
2.1;30;1014.62;20.8287;1368.47;50;0;30
2.11;30;1015.45;21.6524;1329.78;50;0;30
2.12;30;1015.42;21.629;1333.47;50;0;30
2.13;30;1016.21;22.4162;1296.38;50;0;30
2.14;30;1015.2;21.4061;1349.47;50;0;30
2.15;30;1014.58;20.7816;1383.45;50;0;30
2.16;30;1015.97;22.1746;1316.15;50;0;30
2.17;30;1015.77;21.9759;1328.5;50;0;30
2.18;30;1016.15;22.3527;1311.95;50;0;30
2.19;30;1016.05;22.2599;1318.91;50;0;30
2.2;30;1014.92;21.1279;1378.17;50;0;30
2.21;30;1015.62;21.8225;1345.9;50;0;30
2.22;30;1016.69;22.8958;1294.36;50;0;30
2.23;30;1015.72;21.9232;1345.41;50;0;30
2.24;30;1015.61;21.8202;1353.02;50;0;30
2.25;30;1015.62;21.8307;1354.95;50;0;30
2.26;30;1015.8;22.0043;1348.67;50;0;30
2.27;30;1016.68;22.8823;1306.9;50;0;30
2.28;30;1015.78;21.9853;1354.15;50;0;30
2.29;30;1014.71;20.9159;1410.35;50;0;30
2.3;30;1015.87;22.0784;1354.6;50;0;30
2.31;30;1016.23;22.4407;1338.75;50;0;30
2.32;30;1016.3;22.5059;1337.74;50;0;30
2.33;30;1016.4;22.608;1334.86;50;0;30
2.34;30;1014.93;21.1397;1410.93;50;0;30
2.35;30;1015.39;21.5983;1390.52;50;0;30
2.36;30;1016.72;22.9266;1326.23;50;0;30
2.37;30;1016.22;22.4275;1353.45;50;0;30
2.38;30;1016.5;22.7097;1341.53;50;0;30
2.39;30;1015.99;22.198;1369.45;50;0;30
2.4;30;1015.63;21.8314;1390.23;50;0;30
2.41;30;1016.71;22.9177;1338.05;50;0;30
2.42;30;1017;23.2028;1325.83;50;0;30
2.43;30;1016.29;22.4992;1363.26;50;0;30
2.44;30;1016.16;22.3678;1372.12;50;0;30
2.45;30;1016.17;22.3759;1374;50;0;30
2.46;30;1016.51;22.7209;1358.93;50;0;30
2.47;30;1017.37;23.5808;1317.86;50;0;30
2.48;30;1016.26;22.4686;1375.74;50;0;30
2.49;30;1016.29;22.4989;1376.47;50;0;30
2.5;30;1016.2;22.402;1383.6;50;0;30
2.51;30;1016.27;22.4763;1382.14;50;0;30
2.52;30;1017.34;23.5444;1330.67;50;0;30
2.53;30;1017.44;23.6479;1327.4;50;0;30
2.54;30;1016.25;22.4525;1389.43;50;0;30
2.55;30;1015.92;22.1247;1408.19;50;0;30
2.56;30;1016.88;23.0874;1362.12;50;0;30
2.57;30;1016.74;22.9466;1371.28;50;0;30
2.58;30;1017.54;23.7465;1333.16;50;0;30
2.59;30;1016.58;22.785;1383.4;50;0;30
2.6;30;1016.31;22.5156;1399.12;50;0;30
2.61;30;1016.67;22.8806;1383;50;0;30
2.62;30;1016.78;22.9878;1379.75;50;0;30
2.63;30;1017.37;23.5753;1352.3;50;0;30
2.64;30;1017.71;23.9166;1337.06;50;0;30
2.65;30;1015.97;22.1777;1426.35;50;0;30
2.66;30;1016.17;22.3727;1418.89;50;0;30
2.67;30;1017.62;23.8268;1348.04;50;0;30
2.68;30;1016.95;23.16;1383.43;50;0;30
2.69;30;1017.45;23.6565;1360.51;50;0;30
2.7;30;1016.71;22.9152;1399.69;50;0;30
2.71;30;1016.1;22.304;1432.56;50;0;30
2.72;30;1017.09;23.2944;1385.06;50;0;30
2.73;30;1017.32;23.5253;1375.45;50;0;30
2.74;30;1017.31;23.5125;1378.04;50;0;30
2.75;30;1017.5;23.7055;1370.28;50;0;30
2.76;30;1016.2;22.41;1437.33;50;0;30
2.77;30;1016.71;22.9186;1414.03;50;0;30
2.78;30;1018.02;24.2305;1350.16;50;0;30
2.79;30;1017.33;23.5407;1386.59;50;0;30
2.8;30;1017.48;23.6815;1381.44;50;0;30
2.81;30;1017.18;23.3889;1398.06;50;0;30
2.82;30;1016.38;22.5826;1440.6;50;0;30
2.83;30;1017.16;23.3661;1403.41;50;0;30
2.84;30;1017.91;24.112;1367.88;50;0;30
2.85;30;1017.58;23.7844;1386.13;50;0;30
2.86;30;1017.9;24.1063;1371.8;50;0;30
2.87;30;1016.95;23.1536;1421.49;50;0;30
2.88;30;1016.63;22.8392;1439.36;50;0;30
2.89;30;1018.07;24.2742;1369.33;50;0;30
2.9;30;1017.86;24.0615;1381.74;50;0;30
2.91;30;1017.78;23.9858;1387.33;50;0;30
2.92;30;1017.5;23.7097;1403.02;50;0;30
2.93;30;1016.59;22.7944;1450.95;50;0;30
2.94;30;1017.07;23.2755;1428.91;50;0;30
2.95;30;1018.34;24.5418;1367.24;50;0;30
2.96;30;1017.63;23.8374;1404.3;50;0;30
2.97;30;1018.1;24.309;1382.43;50;0;30
2.98;30;1017.49;23.7001;1414.77;50;0;30
2.99;30;1016.62;22.8307;1460.39;50;0;30
3;30;1017.77;23.9807;1404.69;50;0;30
3.01;30;1018.33;24.5348;1378.63;50;0;30
3.02;30;1017.79;24.0001;1407.16;50;0;30
3.03;30;1018.49;24.6951;1374.01;50;0;30
3.04;30;1017.47;23.6762;1426.85;50;0;30
3.05;30;1016.93;23.1373;1455.85;50;0;30
3.06;30;1018.14;24.344;1397.21;50;0;30
3.07;30;1017.93;24.1314;1409.6;50;0;30
3.08;30;1018.48;24.6843;1383.55;50;0;30
3.09;30;1018.68;24.8899;1374.81;50;0;30
3.1;30;1017.21;23.4151;1450.52;50;0;30
3.11;30;1017.36;23.5677;1444.82;50;0;30
3.12;30;1018.18;24.3814;1405.82;50;0;30
3.13;30;1017.79;23.9944;1426.97;50;0;30
3.14;30;1019.01;25.2182;1367.22;50;0;30
3.15;30;1018.65;24.8525;1387.05;50;0;30
3.16;30;1017.53;23.7376;1444.67;50;0;30
3.17;30;1017.47;23.6798;1449.46;50;0;30
3.18;30;1017.99;24.1978;1425.3;50;0;30
3.19;30;1018.32;24.5217;1410.75;50;0;30
3.2;30;1019.12;25.326;1371.93;50;0;30
3.21;30;1018.16;24.3673;1421.56;50;0;30
3.22;30;1018.08;24.2836;1427.46;50;0;30
3.23;30;1017.95;24.1525;1435.77;50;0;30
3.24;30;1017.74;23.9494;1447.74;50;0;30
3.25;30;1018.65;24.8579;1403.85;50;0;30
3.26;30;1019.06;25.2627;1385.04;50;0;30
3.27;30;1018.01;24.2188;1438.96;50;0;30
3.28;30;1018.16;24.3709;1433.05;50;0;30
3.29;30;1017.77;23.9734;1454.73;50;0;30
3.3;30;1017.8;24.01;1454.7;50;0;30
3.31;30;1018.77;24.9785;1407.78;50;0;30
3.32;30;1019.01;25.2205;1397.11;50;0;30
3.33;30;1018.78;24.9909;1410.1;50;0;30
3.34;30;1018.94;25.1411;1404.04;50;0;30
3.35;30;1017.43;23.6358;1481.22;50;0;30
3.36;30;1017.76;23.9705;1466.29;50;0;30
3.37;30;1019.03;25.2326;1404.62;50;0;30
3.38;30;1018.53;24.7318;1431.24;50;0;30
3.39;30;1019.23;25.4323;1397.58;50;0;30
3.4;30;1019.29;25.4961;1395.75;50;0;30
3.41;30;1017.84;24.0465;1470.01;50;0;30
3.42;30;1017.63;23.838;1482.28;50;0;30
3.43;30;1018.81;25.0145;1424.96;50;0;30
3.44;30;1018.45;24.6572;1444.42;50;0;30
3.45;30;1019.41;25.6179;1397.7;50;0;30
3.46;30;1019.24;25.4446;1407.74;50;0;30
3.47;30;1018.71;24.9204;1435.47;50;0;30
3.48;30;1018.48;24.6862;1448.77;50;0;30
3.49;30;1018.19;24.4008;1464.72;50;0;30
3.5;30;1018.73;24.9341;1439.58;50;0;30
3.51;30;1019.71;25.9166;1391.68;50;0;30
3.52;30;1018.85;25.0607;1435.96;50;0;30
3.53;30;1019.13;25.3344;1423.67;50;0;30
3.54;30;1018.88;25.0839;1437.67;50;0;30
3.55;30;1017.77;23.9716;1495.09;50;0;30
3.56;30;1018.46;24.6612;1462.21;50;0;30
3.57;30;1019.67;25.8743;1402.8;50;0;30
3.58;30;1018.97;25.1743;1439.24;50;0;30
3.59;30;1019.77;25.9734;1400.5;50;0;30
3.6;30;1019.28;25.4812;1426.46;50;0;30
3.61;30;1018.63;24.8373;1460.21;50;0;30
3.62;30;1018.55;24.7536;1465.96;50;0;30
3.63;30;1018.78;24.9825;1456.03;50;0;30
3.64;30;1019.16;25.3612;1438.48;50;0;30
3.65;30;1020.19;26.396;1387.82;50;0;30
3.66;30;1019.09;25.2977;1444.15;50;0;30
3.67;30;1019.06;25.268;1447.05;50;0;30
3.68;30;1018.92;25.1308;1455.37;50;0;30
3.69;30;1018.36;24.5665;1485.22;50;0;30
3.7;30;1018.82;25.0238;1463.85;50;0;30
3.71;30;1020.01;26.214;1405.47;50;0;30
3.72;30;1019.22;25.4225;1446.42;50;0;30
3.73;30;1019.71;25.92;1422.77;50;0;30
3.74;30;1019.15;25.3579;1452.27;50;0;30
3.75;30;1018.39;24.5974;1491.91;50;0;30
3.76;30;1018.87;25.0732;1469.6;50;0;30
3.77;30;1019.32;25.526;1448.3;50;0;30
3.78;30;1019.5;25.71;1440.39;50;0;30
3.79;30;1020.44;26.647;1394.55;50;0;30
3.8;30;1019.14;25.3411;1461.24;50;0;30
3.81;30;1018.92;25.1234;1473.59;50;0;30
3.82;30;1018.92;25.1254;1474.95;50;0;30
3.83;30;1018.68;24.8877;1488.37;50;0;30
3.84;30;1019.43;25.6366;1452.23;50;0;30
3.85;30;1020.33;26.5389;1408.16;50;0;30
3.86;30;1019.54;25.7465;1449.05;50;0;30
3.87;30;1019.79;25.9945;1437.85;50;0;30
3.88;30;1019.17;25.375;1470.22;50;0;30
3.89;30;1018.23;24.4392;1518.67;50;0;30
3.9;30;1019.05;25.2526;1479.43;50;0;30
3.91;30;1019.54;25.7475;1455.96;50;0;30
3.92;30;1019.68;25.8855;1450.29;50;0;30
3.93;30;1020.51;26.7163;1409.74;50;0;30
3.94;30;1019.34;25.5421;1469.79;50;0;30
3.95;30;1019.06;25.2691;1484.86;50;0;30
3.96;30;1019.25;25.4538;1476.98;50;0;30
3.97;30;1018.9;25.1054;1495.87;50;0;30
3.98;30;1019.49;25.6967;1467.6;50;0;30
3.99;30;1020.54;26.7498;1415.92;50;0;30
4;30;1019.66;25.8682;1461.24;50;0;30
4.01;30;1020.1;26.3079;1440.36;50;0;30
4.02;30;1019.73;25.9374;1460.11;50;0;30
4.03;30;1018.82;25.0305;1506.94;50;0;30
4.04;30;1018.99;25.1919;1500.31;50;0;30
4.05;30;1019.5;25.7106;1475.67;50;0;30
4.06;30;1019.85;26.0513;1459.82;50;0;30
4.07;30;1020.81;27.0172;1412.41;50;0;30
4.08;30;1019.95;26.1511;1456.87;50;0;30
4.09;30;1019.78;25.9862;1466.32;50;0;30
4.1;30;1019.69;25.8944;1472.14;50;0;30
4.11;30;1018.94;25.1464;1511;50;0;30
4.12;30;1019.25;25.4593;1496.72;50;0;30
4.13;30;1020.64;26.8461;1428.33;50;0;30
4.14;30;1019.94;26.1508;1464.24;50;0;30
4.15;30;1020.38;26.5815;1443.74;50;0;30
4.16;30;1020.64;26.8463;1431.44;50;0;30
4.17;30;1019.48;25.6843;1490.84;50;0;30
4.18;30;1019.66;25.8673;1482.92;50;0;30
4.19;30;1019.46;25.6656;1494.31;50;0;30
4.2;30;1019.69;25.9004;1483.8;50;0;30
4.21;30;1020.63;26.8316;1438.19;50;0;30
4.22;30;1020.39;26.5959;1451;50;0;30
4.23;30;1020.35;26.5595;1453.85;50;0;30
4.24;30;1020.53;26.7338;1446.12;50;0;30
4.25;30;1019.18;25.3869;1514.84;50;0;30
4.26;30;1018.95;25.1557;1527.86;50;0;30
4.27;30;1020.08;26.2864;1472.44;50;0;30
4.28;30;1019.82;26.0296;1486.47;50;0;30
4.29;30;1020.63;26.8327;1447.26;50;0;30
4.3;30;1021.32;27.5296;1413.16;50;0;30
4.31;30;1020.37;26.5761;1461.86;50;0;30
4.32;30;1020.57;26.7746;1452.9;50;0;30
4.33;30;1019.78;25.9862;1493.53;50;0;30
4.34;30;1019.08;25.2857;1529.97;50;0;30
4.35;30;1019.94;26.1426;1488.28;50;0;30
4.36;30;1020.36;26.5631;1468.28;50;0;30
4.37001;30;1020.32;26.5264;1471.16;50;0;30
4.38001;30;1021.26;27.4703;1424.73;50;0;30
4.39001;30;1020;26.2017;1489.29;50;0;30
4.40001;30;1019.77;25.9748;1501.85;50;0;30
4.41001;30;1019.72;25.9227;1505.68;50;0;30
4.42001;30;1019.49;25.6954;1518.33;50;0;30
4.43001;30;1020.04;26.2442;1492.02;50;0;30
4.44001;30;1021.22;27.431;1433.45;50;0;30
4.45001;30;1020.42;26.6234;1474.84;50;0;30
4.46001;30;1020.73;26.9375;1460.06;50;0;30
4.47001;30;1020.82;27.0271;1456.47;50;0;30
4.48001;30;1019.91;26.1167;1503.15;50;0;30
4.49001;30;1020.12;26.3212;1494.03;50;0;30
4.50001;30;1019.6;25.8109;1520.8;50;0;30
4.51001;30;1020.09;26.2912;1497.9;50;0;30
4.52001;30;1021.05;27.2533;1450.62;50;0;30
4.53001;30;1020.53;26.7328;1477.63;50;0;30
4.54001;30;1020.75;26.9544;1467.46;50;0;30
4.55001;30;1021.1;27.304;1450.79;50;0;30
4.56001;30;1019.75;25.9601;1519.2;50;0;30
4.57001;30;1019.52;25.7287;1532.05;50;0;30
4.58001;30;1020.13;26.3378;1502.69;50;0;30
4.59001;30;1019.89;26.0977;1515.86;50;0;30
4.60001;30;1020.79;26.9965;1471.83;50;0;30
4.61001;30;1021.65;27.8571;1429.44;50;0;30
4.62001;30;1020.77;26.9771;1474.35;50;0;30
4.63001;30;1021.35;27.5579;1446.04;50;0;30
4.64001;30;1020.72;26.9231;1478.7;50;0;30
4.65001;30;1020.2;26.4056;1505.66;50;0;30
4.66001;30;1020.08;26.283;1512.9;50;0;30
4.67001;30;1019.89;26.0957;1523.44;50;0;30
4.68001;30;1020.47;26.6756;1495.44;50;0;30
4.69001;30;1021.39;27.5999;1449.94;50;0;30
4.70001;30;1020.62;26.8275;1489.51;50;0;30
4.71001;30;1021.13;27.3385;1464.76;50;0;30
4.72001;30;1021.28;27.4874;1458.07;50;0;30
4.73001;30;1019.7;25.9074;1538.3;50;0;30
4.74001;30;1019.72;25.9304;1538.37;50;0;30
4.75001;30;1020.42;26.6295;1504.43;50;0;30
4.76001;30;1020.32;26.5272;1510.58;50;0;30
4.77001;30;1021.14;27.3508;1470.2;50;0;30
4.78001;30;1021.8;28.0029;1438.19;50;0;30
4.79001;30;1021.19;27.3929;1469.48;50;0;30
4.80001;30;1021.61;27.8147;1449.04;50;0;30
4.81002;30;1020.68;26.885;1496.46;50;0;30
4.82002;30;1020.49;26.6913;1507.14;50;0;30
4.83002;30;1020.38;26.5899;1513.23;50;0;30
4.84002;30;1020.25;26.4609;1520.74;50;0;30
4.85002;30;1020.79;26.9963;1494.88;50;0;30
4.86002;30;1021.66;27.869;1451.88;50;0;30
4.87002;30;1020.84;27.0484;1493.79;50;0;30
4.88002;30;1021.18;27.3853;1477.73;50;0;30
4.89002;30;1021.18;27.3856;1478.5;50;0;30
4.90002;30;1019.71;25.9205;1552.98;50;0;30
4.91002;30;1019.9;26.1011;1545.12;50;0;30
4.92002;30;1020.63;26.8326;1509.5;50;0;30
4.93002;30;1020.56;26.7702;1513.59;50;0;30
4.94002;30;1021.61;27.8194;1461.78;50;0;30
4.95002;30;1021.65;27.8566;1460.56;50;0;30
4.96002;30;1021.47;27.6807;1470.06;50;0;30
4.97002;30;1021.88;28.0874;1450.29;50;0;30
4.98002;30;1021.1;27.3038;1490.28;50;0;30
4.99002;30;1020.98;27.188;1496.92;50;0;30
5.00002;30;1020.63;26.8386;1515.33;50;0;30
5.01002;30;1020.24;26.4456;1536.05;50;0;30
5.02002;30;1020.95;27.1593;1501.22;50;0;30
5.03002;30;1021.91;28.1125;1454.12;50;0;30
5.04002;30;1020.99;27.1926;1500.96;50;0;30
5.05002;30;1021.83;28.0317;1459.6;50;0;30
5.06002;30;1021.47;27.6778;1477.99;50;0;30
5.07002;30;1020.27;26.4773;1539.07;50;0;30
5.08002;30;1020.32;26.5262;1537.67;50;0;30
5.09002;30;1020.35;26.5598;1537.02;50;0;30
5.10002;30;1020.57;26.7787;1527.04;50;0;30
5.11002;30;1021.5;27.7061;1481.36;50;0;30
5.12002;30;1021.58;27.7871;1477.97;50;0;30
5.13002;30;1021.56;27.7702;1479.49;50;0;30
5.14002;30;1022.11;28.3184;1452.58;50;0;30
5.15002;30;1021.12;27.3274;1502.93;50;0;30
5.16002;30;1021.25;27.4524;1497.45;50;0;30
5.17002;30;1020.7;26.9033;1525.83;50;0;30
5.18002;30;1019.96;26.1689;1563.7;50;0;30
5.19002;30;1020.79;26.9951;1523.29;50;0;30
5.20002;30;1021.68;27.8875;1479.3;50;0;30
5.21002;30;1020.95;27.1566;1516.7;50;0;30
5.22002;30;1022.15;28.3606;1456.99;50;0;30
5.23002;30;1021.88;28.0891;1471.14;50;0;30
5.24003;30;1021.2;27.408;1505.97;50;0;30
5.25003;30;1021.34;27.5412;1500.05;50;0;30
5.26003;30;1020.39;26.5923;1548.52;50;0;30
5.27003;30;1020.35;26.5561;1551.36;50;0;30
5.28003;30;1021.23;27.4323;1508.32;50;0;30
5.29003;30;1021.12;27.3269;1514.4;50;0;30
5.30003;30;1021.61;27.8143;1490.68;50;0;30
5.31003;30;1022.08;28.2865;1467.59;50;0;30
5.32003;30;1021.3;27.5054;1507.39;50;0;30
5.33003;30;1021.83;28.034;1481.55;50;0;30
5.34003;30;1021.47;27.673;1500.3;50;0;30
5.35003;30;1020.18;26.3908;1565.49;50;0;30
5.36003;30;1020.79;26.9963;1536.12;50;0;30
5.37003;30;1020.98;27.1897;1527.29;50;0;30
5.38003;30;1020.98;27.185;1528.37;50;0;30
5.39003;30;1022.19;28.3987;1468.16;50;0;30
5.40003;30;1022.1;28.3039;1473.41;50;0;30
5.41003;30;1021.7;27.9027;1494.1;50;0;30
5.42003;30;1022.6;28.8093;1449.13;50;0;30
5.43003;30;1021.33;27.536;1513.53;50;0;30
5.44003;30;1021.04;27.251;1528.61;50;0;30
5.45003;30;1020.63;26.832;1550.51;50;0;30
5.46003;30;1020.77;26.9728;1544.38;50;0;30
5.47003;30;1021.2;27.404;1523.6;50;0;30
5.48003;30;1021.99;28.1993;1484.37;50;0;30
5.49003;30;1021.38;27.5907;1515.52;50;0;30
5.50003;30;1022.1;28.3051;1480.31;50;0;30
5.51003;30;1021.8;28.0031;1496.01;50;0;30
5.52003;30;1021.23;27.4364;1525.11;50;0;30
5.53003;30;1021.56;27.7656;1509.33;50;0;30
5.54003;30;1020.61;26.8198;1557.57;50;0;30
5.55003;30;1020.29;26.5001;1574.6;50;0;30
5.56003;30;1021.52;27.7268;1513.95;50;0;30
5.57003;30;1021.43;27.6397;1519.01;50;0;30
5.58003;30;1021.67;27.8748;1507.9;50;0;30
5.59003;30;1022.6;28.8051;1461.74;50;0;30
5.60003;30;1021.82;28.0231;1501.43;50;0;30
5.61003;30;1021.72;27.9278;1506.82;50;0;30
5.62003;30;1021.79;27.9929;1504.17;50;0;30
5.63003;30;1020.74;26.9451;1557.48;50;0;30
5.64003;30;1020.9;27.103;1550.45;50;0;30
5.65003;30;1021.2;27.4045;1536.15;50;0;30
5.66003;30;1021.22;27.4304;1535.63;50;0;30
5.67003;30;1022.26;28.4705;1484.08;50;0;30
5.68004;30;1022.21;28.4173;1487.22;50;0;30
5.69004;30;1022.03;28.2389;1496.66;50;0;30
5.70004;30;1022.8;29.0056;1458.63;50;0;30
5.71004;30;1021.57;27.7739;1520.88;50;0;30
5.72004;30;1021.37;27.5757;1531.52;50;0;30
5.73004;30;1021.4;27.6103;1530.5;50;0;30
5.74004;30;1020.64;26.8443;1569.75;50;0;30
5.75004;30;1020.92;27.1245;1556.6;50;0;30
5.76004;30;1022.33;28.5403;1486.25;50;0;30
5.77004;30;1021.53;27.7365;1527.12;50;0;30
5.78004;30;1022.2;28.402;1494.33;50;0;30
5.79004;30;1022.62;28.822;1473.68;50;0;30
5.80004;30;1021.85;28.054;1512.66;50;0;30
5.81004;30;1021.86;28.0698;1512.45;50;0;30
5.82004;30;1021.03;27.2403;1554.75;50;0;30
5.83004;30;1020.72;26.9294;1571.22;50;0;30
5.84004;30;1021.24;27.4484;1546.04;50;0;30
5.85004;30;1021.37;27.5806;1540.15;50;0;30
5.86004;30;1021.67;27.8757;1526.04;50;0;30
5.87004;30;1022.73;28.9339;1473.44;50;0;30
5.88004;30;1021.78;27.9867;1521.41;50;0;30
5.89004;30;1022.19;28.3937;1501.54;50;0;30
5.90004;30;1022.58;28.7903;1482.07;50;0;30
5.91004;30;1021.03;27.2367;1560.58;50;0;30
5.92004;30;1021.15;27.3518;1555.62;50;0;30
5.93004;30;1021.1;27.3108;1558.48;50;0;30
5.94004;30;1021;27.2067;1564.52;50;0;30
5.95004;30;1021.59;27.7977;1535.63;50;0;30
5.96004;30;1022.45;28.6558;1493.13;50;0;30
5.97004;30;1022.02;28.2303;1514.94;50;0;30
5.98004;30;1022.89;29.0979;1471.83;50;0;30
5.99004;30;1022.92;29.1226;1470.85;50;0;30
6.00004;30;1022.65;28.8554;1484.56;50;0;30
6.01004;30;1022.93;29.1392;1470.63;50;0;30
6.02004;30;1021.71;27.9206;1532.18;50;0;30
6.03004;30;1021.71;27.9152;1533.07;50;0;30
6.04004;30;1021.52;27.7236;1543.34;50;0;30
6.05004;30;1021.3;27.5047;1555.03;50;0;30
6.06004;30;1022.08;28.2855;1516.51;50;0;30
6.07004;30;1022.52;28.7302;1494.65;50;0;30
6.08004;30;1021.74;27.9417;1534.69;50;0;30
6.09004;30;1022.66;28.8679;1488.72;50;0;30
6.10004;30;1022.32;28.5288;1506.12;50;0;30
6.11004;30;1021.48;27.6846;1549.03;50;0;30
6.12005;30;1021.59;27.7963;1544.1;50;0;30
6.13005;30;1021.01;27.2127;1574.12;50;0;30
6.14005;30;1020.8;27.004;1585.45;50;0;30
6.15005;30;1021.81;28.0141;1535.54;50;0;30
6.16005;30;1021.79;27.9996;1536.87;50;0;30
6.17005;30;1022.18;28.3844;1518.11;50;0;30
6.18005;30;1022.92;29.1212;1481.54;50;0;30
6.19005;30;1022.28;28.481;1514;50;0;30
6.20005;30;1022.71;28.9132;1492.72;50;0;30
6.21005;30;1022.36;28.5684;1510.39;50;0;30
6.22005;30;1021.36;27.5656;1561.26;50;0;30
6.23005;30;1021.86;28.0661;1536.81;50;0;30
6.24005;30;1021.31;27.5125;1565.24;50;0;30
6.25005;30;1021;27.2022;1581.59;50;0;30
6.26005;30;1022.15;28.3606;1524.17;50;0;30
6.27005;30;1022.33;28.5311;1516.08;50;0;30
6.28005;30;1022.09;28.3009;1528.1;50;0;30
6.29005;30;1023.32;29.53;1466.79;50;0;30
6.30005;30;1022.68;28.8878;1499.23;50;0;30
6.31005;30;1022.43;28.6383;1512.11;50;0;30
6.32005;30;1022.75;28.9516;1496.76;50;0;30
6.33005;30;1021.52;27.7275;1558.65;50;0;30
6.34005;30;1021.41;27.6193;1564.77;50;0;30
6.35005;30;1021.44;27.6429;1564.3;50;0;30
6.36005;30;1021.61;27.8203;1556.08;50;0;30
6.37005;30;1022.1;28.3091;1532.15;50;0;30
6.38005;30;1022.77;28.971;1499.37;50;0;30
6.39005;30;1022.3;28.5079;1522.97;50;0;30
6.40005;30;1023.14;29.3425;1481.44;50;0;30
6.41005;30;1022.85;29.0584;1495.92;50;0;30
6.42005;30;1022.42;28.6308;1517.71;50;0;30
6.43005;30;1022.67;28.8764;1505.77;50;0;30
6.44005;30;1021.54;27.7414;1563.2;50;0;30
6.45005;30;1020.98;27.1853;1591.85;50;0;30
6.46005;30;1022;28.2011;1541.6;50;0;30
6.47005;30;1021.69;27.8937;1557.6;50;0;30
6.48005;30;1022.1;28.3052;1537.53;50;0;30
6.49005;30;1023.29;29.4999;1477.95;50;0;30
6.50005;30;1022.36;28.57;1524.87;50;0;30
6.51005;30;1022.78;28.9856;1504.4;50;0;30
6.52005;30;1023.04;29.2458;1491.61;50;0;30
6.53005;30;1022.16;28.368;1535.99;50;0;30
6.54005;30;1022.08;28.2891;1540.45;50;0;30
6.55006;30;1021.45;27.6547;1572.87;50;0;30
6.56006;30;1021.09;27.2992;1591.46;50;0;30
6.57006;30;1021.72;27.9289;1560.6;50;0;30
6.58006;30;1021.95;28.1609;1549.55;50;0;30
6.59006;30;1022.27;28.4808;1534.01;50;0;30
6.60006;30;1023.25;29.4545;1485.49;50;0;30
6.61006;30;1022.49;28.6951;1523.85;50;0;30
6.62006;30;1022.69;28.8915;1514.36;50;0;30
6.63006;30;1023.33;29.5325;1482.45;50;0;30
6.64006;30;1021.95;28.1525;1552.01;50;0;30
6.65006;30;1022.01;28.2157;1549.38;50;0;30
6.66006;30;1021.75;27.9561;1562.97;50;0;30
6.67006;30;1021.08;27.2831;1597.44;50;0;30
6.68006;30;1021.71;27.9186;1566.29;50;0;30
6.69006;30;1022.68;28.8908;1518.01;50;0;30
6.70006;30;1022.14;28.3453;1545.78;50;0;30
6.71006;30;1023.24;29.4417;1491.13;50;0;30
6.72006;30;1023.22;29.4303;1491.87;50;0;30
6.73006;30;1022.87;29.0748;1509.93;50;0;30
6.74006;30;1023.48;29.6815;1479.68;50;0;30
6.75006;30;1022.87;29.0782;1510.13;50;0;30
6.76006;30;1022.9;29.1074;1508.93;50;0;30
6.77006;30;1022.35;28.5588;1536.8;50;0;30
6.78006;30;1021.17;27.3803;1596.51;50;0;30
6.79006;30;1021.67;27.8752;1572.4;50;0;30
6.80006;30;1022.41;28.6113;1536.01;50;0;30
6.81006;30;1022.11;28.3141;1551.38;50;0;30
6.82006;30;1023.07;29.2725;1503.67;50;0;30
6.83006;30;1023.39;29.5958;1487.63;50;0;30
6.84006;30;1022.52;28.7225;1531.68;50;0;30
6.85006;30;1023.16;29.3661;1499.69;50;0;30
6.86006;30;1022.59;28.7994;1528.39;50;0;30
6.87006;30;1021.78;27.9853;1569.69;50;0;30
6.88006;30;1021.7;27.9034;1574.42;50;0;30
6.89006;30;1021.42;27.6273;1588.93;50;0;30
6.90006;30;1021.59;27.7953;1581.2;50;0;30
6.91006;30;1022.41;28.6127;1540.74;50;0;30
6.92006;30;1022.29;28.4935;1547.16;50;0;30
6.93006;30;1022.79;28.9957;1522.35;50;0;30
6.94006;30;1023.31;29.5122;1496.67;50;0;30
6.95006;30;1022.61;28.8195;1531.66;50;0;30
6.96006;30;1023.17;29.3804;1503.8;50;0;30
6.97006;30;1022.89;29.0952;1518.33;50;0;30
6.98006;30;1022.01;28.2139;1562.93;50;0;30
6.99007;30;1022.54;28.7454;1536.73;50;0;30
7.00007;30;1021.77;27.9795;1575.63;50;0;30
7.01007;30;1021.32;27.5287;1598.91;50;0;30
7.02007;30;1022.48;28.6889;1541.3;50;0;30
7.03007;30;1022.54;28.7485;1538.69;50;0;30
7.04007;30;1022.53;28.7332;1539.84;50;0;30
7.05007;30;1023.78;29.9863;1477.19;50;0;30
7.06007;30;1022.97;29.1763;1517.93;50;0;30
7.07007;30;1022.97;29.1741;1518.29;50;0;30
7.08007;30;1023.26;29.4675;1503.78;50;0;30
7.09007;30;1022.16;28.3697;1559.16;50;0;30
7.10007;30;1022.22;28.4217;1557.03;50;0;30
7.11007;30;1021.74;27.9473;1581.37;50;0;30
7.12007;30;1021.53;27.7336;1592.74;50;0;30
7.13007;30;1022.16;28.3693;1561.44;50;0;30
7.14007;30;1022.64;28.8417;1538.17;50;0;30
7.15007;30;1022.56;28.7636;1542.44;50;0;30
7.16007;30;1023.5;29.7042;1495.5;50;0;30
7.17007;30;1023.16;29.3631;1512.75;50;0;30
7.18007;30;1022.93;29.134;1524.46;50;0;30
7.19007;30;1023.55;29.7609;1493.19;50;0;30
7.20007;30;1022.38;28.583;1552.51;50;0;30
7.21007;30;1022.06;28.2661;1568.87;50;0;30
7.22007;30;1022.2;28.401;1562.61;50;0;30
7.23007;30;1021.43;27.6327;1601.73;50;0;30
7.24007;30;1021.77;27.9793;1585.01;50;0;30
7.25007;30;1023;29.2064;1523.89;50;0;30
7.26007;30;1022.45;28.6547;1551.88;50;0;30
7.27007;30;1023.12;29.3291;1518.36;50;0;30
7.28007;30;1023.83;30.0376;1482.93;50;0;30
7.29007;30;1023.22;29.4294;1513.51;50;0;30
7.30007;30;1023.89;30.0927;1480.31;50;0;30
7.31007;30;1023.75;29.954;1487.26;50;0;30
7.32007;30;1023.29;29.4938;1510.43;50;0;30
7.33007;30;1023.03;29.2354;1523.57;50;0;30
7.34007;30;1021.77;27.9726;1587.32;50;0;30
7.35007;30;1021.86;28.0654;1583.26;50;0;30
7.36007;30;1022.33;28.5403;1559.96;50;0;30
7.37007;30;1022.11;28.3186;1571.55;50;0;30
7.38007;30;1022.79;28.9971;1537.92;50;0;30
7.39007;30;1023.5;29.7085;1502.44;50;0;30
7.40007;30;1022.56;28.7679;1549.84;50;0;30
7.41007;30;1023.36;29.57;1509.86;50;0;30
7.42007;30;1023.37;29.5786;1509.56;50;0;30
7.43008;30;1022.32;28.5245;1562.71;50;0;30
7.44008;30;1022.58;28.7904;1549.77;50;0;30
7.45008;30;1021.97;28.1793;1580.87;50;0;30
7.46008;30;1021.44;27.6447;1608.31;50;0;30
7.47008;30;1021.82;28.0294;1589.67;50;0;30
7.48008;30;1022.29;28.5004;1566.57;50;0;30
7.49008;30;1022.42;28.6275;1560.63;50;0;30
7.50008;30;1023.37;29.5743;1513.41;50;0;30
7.51008;30;1022.97;29.1746;1533.64;50;0;30
7.52008;30;1023.2;29.4072;1522.2;50;0;30
7.53008;30;1023.79;29.9931;1492.9;50;0;30
7.54008;30;1022.91;29.1136;1537.14;50;0;30
7.55008;30;1023.22;29.4237;1521.81;50;0;30
7.56008;30;1022.78;28.9837;1544.11;50;0;30
7.57008;30;1021.72;27.9212;1597.86;50;0;30
7.58008;30;1022.57;28.7763;1555.47;50;0;30
7.59008;30;1022.3;28.5088;1569.3;50;0;30
7.60008;30;1022.16;28.3654;1576.96;50;0;30
7.61008;30;1023.16;29.3616;1527.34;50;0;30
7.62008;30;1022.97;29.1772;1536.81;50;0;30
7.63008;30;1022.92;29.1279;1539.53;50;0;30
7.64008;30;1024.03;30.2322;1484.25;50;0;30
7.65008;30;1023.37;29.5756;1517.2;50;0;30
7.66008;30;1023.24;29.4476;1523.77;50;0;30
7.67008;30;1023.38;29.5877;1516.89;50;0;30
7.68008;30;1022.31;28.5154;1570.95;50;0;30
7.69008;30;1022.21;28.4204;1576.17;50;0;30
7.70008;30;1021.95;28.1536;1590.07;50;0;30
7.71008;30;1021.82;28.025;1597.09;50;0;30
7.72008;30;1022.52;28.7258;1562.43;50;0;30
7.73008;30;1022.95;29.1586;1541.05;50;0;30
7.74008;30;1022.91;29.111;1543.69;50;0;30
7.75008;30;1023.65;29.8545;1506.56;50;0;30
7.76008;30;1023.4;29.6091;1518.95;50;0;30
7.77008;30;1023.37;29.5746;1520.8;50;0;30
7.78008;30;1024.03;30.2377;1487.57;50;0;30
7.79008;30;1022.64;28.8421;1557.7;50;0;30
7.80008;30;1022.56;28.7682;1561.77;50;0;30
7.81008;30;1022.55;28.761;1562.5;50;0;30
7.82008;30;1021.62;27.8216;1610.12;50;0;30
7.83008;30;1021.91;28.1131;1596.11;50;0;30
7.84008;30;1023.05;29.2551;1539.24;50;0;30
7.85008;30;1022.62;28.8244;1561.12;50;0;30
7.86009;30;1023.18;29.386;1533.23;50;0;30
7.87009;30;1023.93;30.1313;1495.92;50;0;30
7.88009;30;1023.5;29.7062;1517.27;50;0;30
7.89009;30;1023.9;30.1056;1497.27;50;0;30
7.90009;30;1024.3;30.5089;1476.95;50;0;30
7.91009;30;1023.75;29.9556;1504.63;50;0;30
7.92009;30;1024.1;30.3041;1487.11;50;0;30
7.93009;30;1023.2;29.402;1532.39;50;0;30
7.94009;30;1022.92;29.1277;1546.37;50;0;30
7.95009;30;1022.56;28.7663;1564.81;50;0;30
7.96009;30;1021.79;27.9919;1604.13;50;0;30
7.97009;30;1022.4;28.6074;1573.77;50;0;30
7.98009;30;1023.18;29.3907;1534.79;50;0;30
7.99009;30;1022.69;28.8967;1559.83;50;0;30
8.00009;30;1023.61;29.8205;1513.69;50;0;30
8.01009;30;1023.82;30.0287;1503.27;50;0;30
8.02009;30;1023.01;29.2191;1543.98;50;0;30
8.03009;30;1023.61;29.8187;1514.06;50;0;30
8.04009;30;1022.9;29.1099;1549.77;50;0;30
8.05009;30;1022.18;28.3825;1586.62;50;0;30
8.06009;30;1022.17;28.3762;1587.42;50;0;30
8.07009;30;1021.99;28.1916;1597.2;50;0;30
8.08009;30;1021.97;28.1773;1598.46;50;0;30
8.09009;30;1022.71;28.9186;1561.72;50;0;30
8.10009;30;1022.58;28.7813;1568.95;50;0;30
8.11009;30;1023.11;29.312;1542.62;50;0;30
8.12009;30;1023.79;29.9992;1508.26;50;0;30
8.13009;30;1023;29.2086;1548.03;50;0;30
8.14009;30;1023.67;29.8757;1514.71;50;0;30
8.15009;30;1023.48;29.6906;1524.06;50;0;30
8.16009;30;1022.7;28.9075;1563.54;50;0;30
8.17009;30;1023.31;29.5131;1533.4;50;0;30
8.18009;30;1022.51;28.7161;1573.64;50;0;30
8.19009;30;1021.81;28.0177;1609.15;50;0;30
8.20009;30;1022.71;28.9132;1564.71;50;0;30
8.21009;30;1022.45;28.6561;1577.97;50;0;30
8.22009;30;1022.54;28.7452;1573.89;50;0;30
8.23009;30;1023.7;29.9038;1515.98;50;0;30
8.24009;30;1023.17;29.3753;1542.6;50;0;30
8.25009;30;1023.21;29.4168;1540.7;50;0;30
8.26009;30;1024.13;30.3318;1494.84;50;0;30
8.27009;30;1023.28;29.4888;1537.15;50;0;30
8.28009;30;1023.22;29.428;1540.36;50;0;30
8.29009;30;1023.44;29.644;1529.67;50;0;30
8.30009;30;1022.39;28.5997;1582.31;50;0;30
8.31009;30;1022.44;28.6446;1580.47;50;0;30
8.3201;30;1022.02;28.2307;1601.69;50;0;30
8.3301;30;1021.93;28.1372;1606.93;50;0;30
8.3401;30;1022.85;29.0541;1561.37;50;0;30
8.3501;30;1023.02;29.2257;1553.02;50;0;30
8.3601;30;1023.2;29.4098;1543.99;50;0;30
8.3701;30;1024.03;30.239;1502.46;50;0;30
8.3801;30;1023.24;29.4472;1542.21;50;0;30
8.3901;30;1023.64;29.8504;1522.1;50;0;30
8.4001;30;1024.04;30.2468;1502.21;50;0;30
8.4101;30;1022.89;29.0914;1560.25;50;0;30
8.4201;30;1022.9;29.1038;1559.89;50;0;30
8.4301;30;1022.7;28.9063;1570.1;50;0;30
8.4401;30;1021.69;27.8992;1621.08;50;0;30
8.4501;30;1022.14;28.346;1599.24;50;0;30
8.4601;30;1023.04;29.2461;1554.46;50;0;30
8.4701;30;1022.6;28.8016;1577.05;50;0;30
8.4801;30;1023.43;29.6344;1535.51;50;0;30
8.4901;30;1023.75;29.9563;1519.43;50;0;30
8.5001;30;1023.51;29.711;1531.78;50;0;30
8.5101;30;1024.33;30.5357;1490.39;50;0;30
8.5201;30;1023.99;30.1994;1507.14;50;0;30
8.5301;30;1024.05;30.2581;1504.13;50;0;30
8.5401;30;1024.29;30.4921;1492.28;50;0;30
8.5501;30;1023.24;29.4451;1544.8;50;0;30
8.5601;30;1023.31;29.5111;1541.65;50;0;30
8.5701;30;1022.62;28.828;1576.15;50;0;30
8.5801;30;1021.92;28.1221;1612.01;50;0;30
8.5901;30;1022.54;28.7497;1581.01;50;0;30
8.6001;30;1023.36;29.5622;1540.51;50;0;30
8.6101;30;1022.78;28.9839;1569.73;50;0;30
8.6201;30;1023.91;30.1203;1512.88;50;0;30
8.6301;30;1023.98;30.1844;1509.62;50;0;30
8.6401;30;1023.25;29.452;1546.4;50;0;30
8.6501;30;1024.28;30.4822;1494.74;50;0;30
8.6601;30;1023.58;29.7883;1529.51;50;0;30
8.6701;30;1022.89;29.0999;1564.19;50;0;30
8.6801;30;1022.91;29.1179;1563.56;50;0;30
8.6901;30;1021.88;28.0857;1615.74;50;0;30
8.7001;30;1022.02;28.2223;1609.45;50;0;30
8.7101;30;1022.58;28.7899;1581.43;50;0;30
8.7201;30;1022.59;28.8007;1581.25;50;0;30
8.7301;30;1023.17;29.376;1552.67;50;0;30
8.7401;30;1023.68;29.8886;1527.08;50;0;30
8.7501;30;1023.14;29.3454;1554.43;50;0;30
8.76011;30;1024;30.2064;1511.32;50;0;30
8.77011;30;1024.01;30.2141;1510.87;50;0;30
8.78011;30;1023.69;29.8952;1526.85;50;0;30
8.79011;30;1023.98;30.1895;1512.08;50;0;30
8.80011;30;1022.99;29.1933;1562.13;50;0;30
8.81011;30;1022.42;28.6257;1590.92;50;0;30
8.82011;30;1022.66;28.8671;1579.19;50;0;30
8.83011;30;1021.92;28.125;1616.86;50;0;30
8.84011;30;1022.17;28.3785;1604.67;50;0;30
8.85011;30;1023.48;29.6887;1539.25;50;0;30
8.86011;30;1022.79;29;1573.99;50;0;30
8.87011;30;1023.26;29.4675;1550.77;50;0;30
8.88011;30;1024.3;30.5053;1498.73;50;0;30
8.89011;30;1023.3;29.5032;1548.99;50;0;30
8.90011;30;1023.66;29.8661;1530.88;50;0;30
8.91011;30;1023.58;29.7897;1534.76;50;0;30
8.92011;30;1023.03;29.2362;1562.67;50;0;30
8.93011;30;1023.1;29.3045;1559.46;50;0;30
8.94011;30;1022.24;28.4478;1602.76;50;0;30
8.95011;30;1022.24;28.4503;1603.1;50;0;30
8.96011;30;1022.54;28.7487;1588.56;50;0;30
8.97011;30;1022.31;28.5125;1600.81;50;0;30
8.98011;30;1022.8;29.0023;1576.62;50;0;30
8.99011;30;1023.79;29.9963;1526.92;50;0;30
9.00011;30;1023.03;29.235;1565.22;50;0;30
9.01011;30;1023.8;30.0098;1526.48;50;0;30
9.02011;30;1024.17;30.374;1508.15;50;0;30
9.03011;30;1022.94;29.1463;1569.79;50;0;30
9.04011;30;1023.62;29.8221;1536.06;50;0;30
9.05011;30;1023.32;29.5269;1550.96;50;0;30
9.06011;30;1022.25;28.4538;1605.08;50;0;30
9.07011;30;1022.65;28.8575;1585.24;50;0;30
9.08011;30;1022.39;28.6008;1598.49;50;0;30
9.09011;30;1022.06;28.2628;1615.91;50;0;30
9.10011;30;1022.9;29.1088;1573.88;50;0;30
9.11011;30;1022.99;29.1949;1569.82;50;0;30
9.12011;30;1023.25;29.4598;1556.73;50;0;30
9.13011;30;1024.04;30.2451;1517.4;50;0;30
9.14011;30;1023.55;29.759;1541.77;50;0;30
9.15011;30;1023.94;30.1439;1522.48;50;0;30
9.16011;30;1024.03;30.2372;1517.74;50;0;30
9.17011;30;1023.42;29.6302;1548.21;50;0;30
9.18011;30;1023.83;30.0399;1527.71;50;0;30
9.19011;30;1023.25;29.456;1557.07;50;0;30
9.20012;30;1022.36;28.5639;1602.1;50;0;30
9.21012;30;1022.95;29.1577;1572.67;50;0;30
9.22012;30;1022.49;28.6968;1596.1;50;0;30
9.23012;30;1022.3;28.5108;1605.85;50;0;30
9.24012;30;1023.49;29.6919;1546.89;50;0;30
9.25012;30;1023.37;29.5773;1552.75;50;0;30
9.26012;30;1023.31;29.5112;1556.2;50;0;30
9.27012;30;1024.5;30.7083;1496.13;50;0;30
9.28012;30;1023.63;29.8355;1539.82;50;0;30
9.29012;30;1023.68;29.8895;1537.15;50;0;30
9.30012;30;1024.17;30.3748;1512.77;50;0;30
9.31012;30;1023.09;29.2922;1567.12;50;0;30
9.32012;30;1023.12;29.3268;1565.59;50;0;30
9.33012;30;1022.74;28.9489;1584.8;50;0;30
9.34012;30;1022.12;28.3286;1616.31;50;0;30
9.35012;30;1022.56;28.7702;1594.6;50;0;30
9.36012;30;1022.71;28.9115;1587.87;50;0;30
9.37012;30;1022.89;29.0988;1578.77;50;0;30
9.38012;30;1023.72;29.9235;1537.56;50;0;30
9.39012;30;1023.54;29.7476;1546.43;50;0;30
9.40012;30;1023.68;29.8895;1539.37;50;0;30
9.41012;30;1024.56;30.7689;1495.17;50;0;30
9.42012;30;1023.57;29.7716;1545.1;50;0;30
9.43012;30;1023.84;30.0442;1531.46;50;0;30
9.44012;30;1024.07;30.2746;1519.85;50;0;30
9.45012;30;1022.61;28.819;1592.99;50;0;30
9.46012;30;1022.55;28.76;1596.31;50;0;30
9.47012;30;1022.59;28.7942;1594.96;50;0;30
9.48012;30;1022.06;28.2617;1622.11;50;0;30
9.49012;30;1022.64;28.8488;1593.1;50;0;30
9.50012;30;1023.28;29.4888;1561.25;50;0;30
9.51012;30;1023.16;29.3666;1567.55;50;0;30
9.52012;30;1023.98;30.1831;1526.67;50;0;30
9.53012;30;1024.14;30.3428;1518.58;50;0;30
9.54012;30;1024;30.2095;1525.19;50;0;30
9.55012;30;1024.58;30.7841;1496.22;50;0;30
9.56012;30;1024.12;30.3262;1519.02;50;0;30
9.57012;30;1024.22;30.4271;1513.85;50;0;30
9.58012;30;1024.41;30.6111;1504.46;50;0;30
9.59012;30;1023.26;29.4695;1561.7;50;0;30
9.60012;30;1023.41;29.6157;1554.51;50;0;30
9.61012;30;1022.8;29.0104;1585.07;50;0;30
9.62012;30;1022.02;28.225;1624.87;50;0;30
9.63013;30;1022.84;29.0427;1584.28;50;0;30
9.64013;30;1023.38;29.5858;1557.24;50;0;30
9.65013;30;1023.06;29.2675;1573.38;50;0;30
9.66013;30;1024.23;30.4407;1514.58;50;0;30
9.67013;30;1024.1;30.3091;1521.07;50;0;30
9.68013;30;1023.57;29.7793;1547.63;50;0;30
9.69013;30;1024.57;30.7809;1497.31;50;0;30
9.70013;30;1023.85;30.0602;1533.33;50;0;30
9.71013;30;1023.41;29.6164;1555.64;50;0;30
9.72013;30;1023.34;29.5445;1559.37;50;0;30
9.73013;30;1022.29;28.4937;1612.36;50;0;30
9.74013;30;1022.22;28.4293;1616.05;50;0;30
9.75013;30;1022.45;28.6608;1604.88;50;0;30
9.76013;30;1022.55;28.7599;1600.3;50;0;30
9.77013;30;1023.06;29.2638;1575.32;50;0;30
9.78013;30;1023.6;29.8067;1548.23;50;0;30
9.79013;30;1023.21;29.4207;1567.71;50;0;30
9.80013;30;1024.03;30.2311;1527.12;50;0;30
9.81013;30;1024.17;30.3731;1519.91;50;0;30
9.82013;30;1023.86;30.0681;1535.14;50;0;30
9.83013;30;1024.83;31.0318;1486.64;50;0;30
9.84013;30;1023.77;29.9791;1539.28;50;0;30
9.85013;30;1023.73;29.9357;1541.47;50;0;30
9.86013;30;1023.59;29.7917;1548.74;50;0;30
9.87013;30;1022.34;28.5413;1611.69;50;0;30
9.88013;30;1022.13;28.3342;1622.55;50;0;30
9.89013;30;1022.83;29.0361;1587.74;50;0;30
9.90013;30;1022.49;28.6918;1605.35;50;0;30
9.91013;30;1023.04;29.2435;1577.99;50;0;30
9.92013;30;1023.86;30.0631;1536.99;50;0;30
9.93013;30;1023.23;29.4332;1568.66;50;0;30
9.94013;30;1023.97;30.173;1531.62;50;0;30
9.95013;30;1024.61;30.8157;1499.23;50;0;30
9.96013;30;1024.03;30.2387;1528.01;50;0;30
9.97013;30;1024.77;30.9738;1490.97;50;0;30
9.98013;30;1024.82;31.0261;1488.05;50;0;30
9.99013;30;1024.41;30.6166;1508.33;50;0;30
