0;1021.43;-0.0308618;1021.39;2048;0.3469;0.428801
0.01;1021.43;-0.0387964;1021.39;2048;0.4964;0.428801
0.02;1021.43;1.06655;1022.49;2048;1.3589;0.428801
0.03;1021.43;5.83449;1027.26;2048;3.1153;0.428801
0.04;1021.43;15.7195;1037.14;2048;3.8163;0.428801
0.05;1021.43;25.9851;1047.41;2048;3.9087;0.428801
0.06;1021.43;37.1138;1058.54;2048;1.7507;0.428801
0.07;1021.43;50.5048;1071.93;2048;1.0924;0.428801
0.08;1021.43;64.9407;1086.37;2048;2.7661;0.428801
0.09;1021.43;73.2083;1094.63;2048;4.0988;0.428801
0.1;1021.43;88.2122;1109.64;2048;5.4412;0.428801
0.11;1021.43;101.498;1122.92;2048;5.911;0.428801
0.12;1021.43;106.442;1127.87;2048;3.9451;0.428801
0.13;1021.43;116.793;1138.22;2048;4.2221;0.428801
0.14;1021.43;127.142;1148.57;2048;3.9732;0.428801
0.15;1021.43;138.352;1159.78;2048;8.86;0.428801
0.16;1021.43;144.342;1165.77;2048;11.1087;0.428801
0.17;1021.43;161.148;1182.57;2048;12.4678;0.428801
0.18;1021.43;167.718;1189.14;2048;13.3873;0.428801
0.19;1021.43;175.735;1197.16;2048;11.9494;0.428801
0.2;1021.43;178.527;1199.95;2048;11.4152;0.428801
0.21;1021.43;188.679;1210.1;2048;12.8907;0.428801
0.22;1021.43;197.184;1218.61;2048;12.8227;0.428801
0.23;1021.43;203.55;1224.98;2048;14.5635;0.428801
0.24;1021.43;210.669;1232.09;2048;14.3404;0.428801
0.25;1021.43;225.393;1246.82;2048;14.2896;0.428801
0.26;1021.43;230.358;1251.78;2048;14.3601;0.428801
0.27;1021.43;231.709;1253.13;2048;12.6572;0.428801
0.28;1021.43;238.576;1260;2048;14.4919;0.428801
0.29;1021.43;246.631;1268.06;2048;14.9559;0.428801
0.3;1021.43;256.54;1277.97;2048;18.9618;0.428801
0.31;1021.43;257.805;1279.23;2048;18.2144;0.428801
0.32;1021.43;266.389;1287.81;2048;17.1509;0.428801
0.33;1021.43;268.688;1290.11;2048;18.6318;0.428801
0.34;1021.43;271.973;1293.4;2048;22.1746;0.428801
0.35;1021.43;283.986;1305.41;2048;21.7914;0.428801
0.36;1021.43;285.777;1307.2;2048;23.4171;0.428801
0.37;1021.43;292.273;1313.7;2048;22.9985;0.428801
0.38;1021.43;301.386;1322.81;2048;21.1202;0.428801
0.39;1021.43;304.11;1325.54;2048;18.8583;0.428801
0.4;1021.43;307.65;1329.07;2048;22.3618;0.428801
0.41;1021.43;310.35;1331.78;2048;24.9083;0.428801
0.42;1021.43;317.148;1338.57;2048;24.8471;0.428801
0.43;1021.43;323.002;1344.43;2048;23.6268;0.428801
0.44;1021.43;330.813;1352.24;2048;24.1447;0.428801
0.45;1021.43;328.935;1350.36;2048;24.353;0.428801
0.46;1021.43;341.101;1362.53;2048;23.8646;0.428801
0.47;1021.43;340.143;1361.57;2048;22.8325;0.428801
0.48;1021.43;340.678;1362.1;2048;22.653;0.428801
0.49;1021.43;349.497;1370.92;2048;24.2738;0.428801
0.5;1021.43;356.165;1377.59;2048;22.9937;0.428801
0.51;1021.43;355.664;1377.09;2048;22.3141;0.428801
0.52;1021.43;359.717;1381.14;2048;25.5719;0.428801
0.53;1021.43;367.064;1388.49;2048;27.2838;0.428801
0.54;1021.43;369.35;1390.78;2048;27.4312;0.428801
0.55;1021.43;374.746;1396.17;2048;26.3843;0.428801
0.56;1021.43;379.114;1400.54;2048;26.6572;0.428801
0.57;1021.43;377.457;1398.88;2048;25.7045;0.428801
0.58;1021.43;390.532;1411.96;2048;24.8621;0.428801
0.59;1021.43;388.974;1410.4;2048;23.865;0.428801
0.6;1021.43;390.25;1411.68;2048;24.8363;0.428801
0.61;1021.43;399.602;1421.03;2048;27.9842;0.428801
0.62;1021.43;399.487;1420.91;2048;27.0606;0.428801
0.63;1021.43;403.323;1424.75;2048;27.1088;0.428801
0.64;1021.43;409.452;1430.88;2048;33.0611;0.428801
0.65;1021.43;412.51;1433.94;2048;33.2658;0.428801
0.66;1021.43;413.016;1434.44;2048;31.821;0.428801
0.67;1021.43;417.788;1439.21;2048;30.2161;0.428801
0.68;1021.43;422.76;1444.19;2048;29.325;0.428801
0.69;1021.43;420.682;1442.11;2048;28.1692;0.428801
0.7;1021.43;430.436;1451.86;2048;27.6481;0.428801
0.71;1021.43;429.611;1451.04;2048;26.4687;0.428801
0.72;1021.43;429.671;1451.1;2048;26.5114;0.428801
0.73;1021.43;439.326;1460.75;2048;30.7252;0.428801
0.74;1021.43;438.5;1459.93;2048;32.1723;0.428801
0.75;1021.43;446.805;1468.23;2048;32.6297;0.428801
0.76;1021.43;440.196;1461.62;2048;31.6168;0.428801
0.77;1021.43;442.767;1464.19;2048;30.5579;0.428801
0.78;1021.43;447.467;1468.89;2048;39.5166;0.428801
0.79;1021.43;445.895;1467.32;2048;39.6727;0.428801
0.8;1021.43;458.269;1479.69;2048;41.0215;0.428801
0.81;1021.43;451.926;1473.35;2048;38.3223;0.428801
0.82;1021.43;457.394;1478.82;2048;36.3404;0.428801
0.83;1021.43;454.6;1476.03;2048;37.3955;0.428801
0.839999;1021.43;463.149;1484.57;2048;42.232;0.428801
0.849999;1021.43;459.764;1481.19;2048;40.501;0.428801
0.859999;1021.43;465.584;1487.01;2048;39.2182;0.428801
0.869999;1021.43;466.105;1487.53;2048;36.8603;0.428801
0.879999;1021.43;470.782;1492.21;2048;36.0432;0.428801
0.889999;1021.43;475.614;1497.04;2048;38.0438;0.428801
0.899999;1021.43;483.125;1504.55;2048;42.0536;0.428801
0.909999;1021.43;481.647;1503.07;2048;40.2478;0.428801
0.919999;1021.43;478.621;1500.05;2048;37.4566;0.428801
0.929999;1021.43;481.094;1502.52;2048;34.8135;0.428801
0.939999;1021.43;478.043;1499.47;2048;34.7009;0.428801
0.949999;1021.43;489.778;1511.2;2048;38.6089;0.428801
0.959999;1021.43;481.801;1503.23;2048;37.1175;0.428801
0.969999;1021.43;491.983;1513.41;2048;35.8723;0.428801
0.979999;1021.43;489.226;1510.65;2048;33.2233;0.428801
0.989999;1021.43;493.76;1515.19;2048;31.47;0.428801
0.999999;1021.43;490.399;1511.82;2048;30.4546;0.428801
1.01;1021.43;502.194;1523.62;2048;31.5326;0.428801
1.02;1021.43;498.609;1520.03;2048;33.1604;0.428801
1.03;1021.43;494.249;1515.67;2048;31.7771;0.428801
1.04;1021.43;499.653;1521.08;2048;30.4813;0.428801
1.05;1021.43;503.992;1525.42;2048;29.3101;0.428801
1.06;1021.43;502.804;1524.23;2048;29.6836;0.428801
1.07;1021.43;509.718;1531.14;2048;30.8755;0.428801
1.08;1021.43;510.913;1532.34;2048;30.1101;0.428801
1.09;1021.43;511.388;1532.81;2048;30.3474;0.428801
1.1;1021.43;509.19;1530.62;2048;29.9457;0.428801
1.11;1021.43;514.344;1535.77;2048;29.4094;0.428801
1.12;1021.43;509.077;1530.5;2048;29.4232;0.428801
1.13;1021.43;516.897;1538.32;2048;33.9807;0.428801
1.14;1021.43;511.41;1532.83;2048;32.9989;0.428801
1.15;1021.43;516.183;1537.61;2048;33.2268;0.428801
1.16;1021.43;520.554;1541.98;2048;31.7116;0.428801
1.17;1021.43;522.482;1543.91;2048;30.5301;0.428801
1.18;1021.43;519.879;1541.3;2048;29.5975;0.428801
1.19;1021.43;524.654;1546.08;2048;31.9251;0.428801
1.2;1021.43;520.631;1542.06;2048;31.2808;0.428801
1.21;1021.43;519.438;1540.86;2048;30.2966;0.428801
1.22;1021.43;525.382;1546.81;2048;29.231;0.428801
1.23;1021.43;530.181;1551.61;2048;28.6555;0.428801
1.24;1021.43;528.677;1550.1;2048;27.9628;0.428801
1.25;1021.43;533.675;1555.1;2048;31.6413;0.428801
1.26;1021.43;530.313;1551.74;2048;30.7904;0.428801
1.27;1021.43;535.861;1557.29;2048;30.5996;0.428801
1.28;1021.43;533.459;1554.88;2048;29.8466;0.428801
1.29;1021.43;537.957;1559.38;2048;29.042;0.428801
1.3;1021.43;533.142;1554.57;2048;29.0341;0.428801
1.31;1021.43;536.178;1557.6;2048;30.4782;0.428801
1.32;1021.43;533.785;1555.21;2048;30.8941;0.428801
1.33;1021.43;538.711;1560.14;2048;31.2656;0.428801
1.34;1021.43;544.916;1566.34;2048;32.1758;0.428801
1.35;1021.43;544.477;1565.9;2048;30.8255;0.428801
1.36;1021.43;541.242;1562.67;2048;30.3864;0.428801
1.37;1021.43;544.762;1566.19;2048;35.5889;0.428801
1.38;1021.43;541.75;1563.18;2048;36.3935;0.428801
1.39;1021.43;542.389;1563.81;2048;36.3579;0.428801
1.4;1021.43;550.98;1572.41;2048;35.4035;0.428801
1.41;1021.43;551.132;1572.56;2048;33.9052;0.428801
1.42;1021.43;546.963;1568.39;2048;33.1192;0.428801
1.43;1021.43;550.742;1572.17;2048;39.9777;0.428801
1.44;1021.43;552.523;1573.95;2048;40.1478;0.428801
1.45;1021.43;557.38;1578.81;2048;41.6709;0.428801
1.46;1021.43;557.665;1579.09;2048;40.5337;0.428801
1.47;1021.43;552.441;1573.87;2048;37.865;0.428801
1.48;1021.43;553.651;1575.08;2048;36.0373;0.428801
1.49;1021.43;554.739;1576.16;2048;35.681;0.428801
1.5;1021.43;557.278;1578.7;2048;37.7667;0.428801
1.51;1021.43;562.822;1584.25;2048;39.9152;0.428801
1.52;1021.43;565.851;1587.28;2048;40.2085;0.428801
1.53;1021.43;561.342;1582.77;2048;38.5434;0.428801
1.54;1021.43;559.66;1581.09;2048;36.9468;0.428801
1.55;1021.43;558.198;1579.62;2048;38.6008;0.428801
1.56;1021.43;565.541;1586.97;2048;40.5295;0.428801
1.57;1021.43;560.078;1581.5;2048;39.5442;0.428801
1.58;1021.43;570.955;1592.38;2048;40.0843;0.428801
1.59;1021.43;564.315;1585.74;2048;38.3413;0.428801
1.6;1021.43;568.677;1590.1;2048;36.5824;0.428801
1.61;1021.43;565.721;1587.15;2048;36.6494;0.428801
1.62;1021.43;567.824;1589.25;2048;42.8109;0.428801
1.63;1021.43;569.42;1590.84;2048;44.8053;0.428801
1.64;1021.43;574.97;1596.4;2048;45.1892;0.428801
1.65;1021.43;575.937;1597.36;2048;44.4402;0.428801
1.66;1021.43;571.639;1593.06;2048;41.363;0.428801
1.67;1021.43;571.533;1592.96;2048;40.7199;0.428801
1.68;1021.43;577.606;1599.03;2048;43.8845;0.428801
1.69;1021.43;574.153;1595.58;2048;45.0866;0.428801
1.7;1021.43;579.781;1601.21;2048;46.1669;0.428801
1.71;1021.43;573.716;1595.14;2048;42.7551;0.428801
1.72;1021.43;577.519;1598.94;2048;40.233;0.428801
1.73;1021.43;572.624;1594.05;2048;38.0137;0.428801
1.74;1021.43;576.671;1598.1;2048;42.0381;0.428801
1.75;1021.43;579.658;1601.08;2048;42.2462;0.428801
1.76;1021.43;585.152;1606.58;2048;42.8147;0.428801
1.77;1021.43;579.776;1601.2;2048;41.3119;0.428801
1.78;1021.43;577.595;1599.02;2048;39.1289;0.428801
1.79;1021.43;578.137;1599.56;2048;39.0246;0.428801
1.8;1021.43;580.518;1601.94;2048;41.7263;0.428801
1.81;1021.43;580.471;1601.9;2048;42.8296;0.428801
1.82;1021.43;588.38;1609.81;2048;45.1475;0.428801
1.83;1021.43;589.169;1610.59;2048;43.4781;0.428801
1.84;1021.43;584.396;1605.82;2048;41.2029;0.428801
1.85;1021.43;581.533;1602.96;2048;39.3168;0.428801
1.86;1021.43;584.362;1605.79;2048;44.1191;0.428801
1.87;1021.43;586.116;1607.54;2048;43.9573;0.428801
1.88;1021.43;587.351;1608.78;2048;47.2361;0.428801
1.89;1021.43;588.441;1609.87;2048;44.8173;0.428801
1.9;1021.43;585.985;1607.41;2048;41.9183;0.428801
1.91;1021.43;588.642;1610.07;2048;40.0255;0.428801
1.92;1021.43;587.65;1609.07;2048;41.3886;0.428801
1.93;1021.43;587.352;1608.78;2048;46.8291;0.428801
1.94;1021.43;592.063;1613.49;2048;48.6225;0.428801
1.95;1021.43;591.92;1613.35;2048;47.7274;0.428801
1.96;1021.43;588.357;1609.78;2048;44.589;0.428801
1.97;1021.43;590.015;1611.44;2048;42.407;0.428801
1.98;1021.43;591.555;1612.98;2048;41.9102;0.428801
1.99;1021.43;596.942;1618.37;2048;48.4175;0.428801
2;1021.43;592.753;1614.18;2048;49.5108;0.428801
2.01;1021.43;598.863;1620.29;2048;48.5345;0.428801
2.02;1021.43;591.127;1612.55;2048;45.0546;0.428801
2.03;1021.43;594.78;1616.21;2048;42.4974;0.428801
2.04;1021.43;590.607;1612.03;2048;44.3128;0.428801
2.05;1021.43;595.218;1616.64;2048;48.5436;0.428801
2.06;1021.43;596.431;1617.86;2048;48.7904;0.428801
2.07;1021.43;598.67;1620.1;2048;48.5614;0.428801
2.08;1021.43;594.658;1616.08;2048;45.7924;0.428801
2.09;1021.43;593.481;1614.91;2048;43.2048;0.428801
2.1;1021.43;595.654;1617.08;2048;43.6342;0.428801
2.11;1021.43;596.301;1617.73;2048;48.3928;0.428801
2.12;1021.43;594.627;1616.05;2048;47.262;0.428801
2.13;1021.43;602.076;1623.5;2048;46.051;0.428801
2.14;1021.43;599.458;1620.88;2048;44.75;0.428801
2.15;1021.43;600.234;1621.66;2048;42.2937;0.428801
2.16;1021.43;596.739;1618.16;2048;40.9678;0.428801
2.17;1021.43;600.968;1622.39;2048;47.3876;0.428801
2.18;1021.43;603.667;1625.09;2048;49.7044;0.428801
2.19;1021.43;599.64;1621.07;2048;49.2074;0.428801
2.2;1021.43;598.727;1620.15;2048;46.2925;0.428801
2.21;1021.43;601.439;1622.86;2048;44.2809;0.428801
2.22;1021.43;602.356;1623.78;2048;43.2624;0.428801
2.23;1021.43;602.121;1623.55;2048;45.5003;0.428801
2.24;1021.43;604.618;1626.04;2048;50.3945;0.428801
2.25;1021.43;607.316;1628.74;2048;50.9343;0.428801
2.26;1021.43;602.561;1623.99;2048;47.6228;0.428801
2.27;1021.43;601.062;1622.49;2048;45.071;0.428801
2.28;1021.43;601.233;1622.66;2048;42.9932;0.428801
2.29;1021.43;604.673;1626.1;2048;45.9262;0.428801
2.3;1021.43;611.824;1633.25;2048;46.0368;0.428801
2.31;1021.43;606.85;1628.28;2048;47.2889;0.428801
2.32;1021.43;608.973;1630.4;2048;45.2754;0.428801
2.33;1021.43;604.95;1626.38;2048;42.8795;0.428801
2.34;1021.43;606.513;1627.94;2048;40.8479;0.428801
2.35;1021.43;603.516;1624.94;2048;42.6366;0.428801
2.36;1021.43;611.574;1633;2048;46.2239;0.428801
2.37;1021.43;608.62;1630.04;2048;44.1035;0.428801
2.38;1021.43;608.366;1629.79;2048;41.1734;0.428801
2.39;1021.43;607.448;1628.87;2048;38.8989;0.428801
2.4;1021.43;607.453;1628.88;2048;37.8751;0.428801
2.41;1021.43;607.471;1628.9;2048;41.0093;0.428801
2.42;1021.43;608.32;1629.75;2048;44.9746;0.428801
2.43;1021.43;607.402;1628.83;2048;44.6227;0.428801
2.44;1021.43;613.841;1635.27;2048;44.7574;0.428801
2.45;1021.43;607.193;1628.62;2048;41.6908;0.428801
2.46;1021.43;612.022;1633.45;2048;39.9259;0.428801
2.47;1021.43;607.183;1628.61;2048;38.527;0.428801
2.48;1021.43;615.664;1637.09;2048;43.7256;0.428801
2.49;1021.43;613.787;1635.21;2048;44.4408;0.428801
2.5;1021.43;608.433;1629.86;2048;43.5238;0.428801
2.51;1021.43;610.054;1631.48;2048;40.9153;0.428801
2.52;1021.43;613.258;1634.68;2048;39.9476;0.428801
2.53;1021.43;613.088;1634.51;2048;39.2349;0.428801
2.54;1021.43;616.843;1638.27;2048;40.3264;0.428801
2.55;1021.43;620.166;1641.59;2048;44.8056;0.428801
2.56;1021.43;617.58;1639.01;2048;45.7858;0.428801
2.57;1021.43;612.001;1633.43;2048;42.7298;0.428801
2.58;1021.43;611.217;1632.64;2048;40.2551;0.428801
2.59;1021.43;612.151;1633.58;2048;38.7811;0.428801
2.6;1021.43;615.988;1637.41;2048;42.2475;0.428801
2.61;1021.43;615.373;1636.8;2048;41.189;0.428801
2.62;1021.43;616.733;1638.16;2048;42.0128;0.428801
2.63;1021.43;614.537;1635.96;2048;38.9557;0.428801
2.64;1021.43;617.899;1639.32;2048;37.4224;0.428801
2.65;1021.43;613.791;1635.22;2048;35.8799;0.428801
2.66;1021.43;620.063;1641.49;2048;37.5702;0.428801
2.67;1021.43;617.623;1639.05;2048;36.699;0.428801
2.68;1021.43;613.741;1635.17;2048;35.9624;0.428801
2.69;1021.43;615.01;1636.44;2048;34.137;0.428801
2.7;1021.43;619.168;1640.59;2048;33.6558;0.428801
2.71;1021.43;618.233;1639.66;2048;32.9261;0.428801
2.72;1021.43;621.641;1643.07;2048;36.1206;0.428801
2.73;1021.43;623.97;1645.4;2048;37.6605;0.428801
2.74;1021.43;614.028;1635.45;2048;37.5733;0.428801
2.75;1021.43;617.192;1638.62;2048;35.8236;0.428801
2.76;1021.43;619.886;1641.31;2048;34.8867;0.428801
2.77;1021.43;614.969;1636.39;2048;34.1314;0.428801
2.78;1021.43;617.599;1639.02;2048;38.3704;0.428801
2.79;1021.43;615.835;1637.26;2048;37.5901;0.428801
2.8;1021.43;617.326;1638.75;2048;37.4343;0.428801
2.81;1021.43;623.021;1644.45;2048;36.953;0.428801
2.82;1021.43;621.375;1642.8;2048;35.9899;0.428801
2.83;1021.43;616.984;1638.41;2048;34.8798;0.428801
2.84;1021.43;619.902;1641.33;2048;36.9893;0.428801
2.85;1021.43;615.557;1636.98;2048;36.5706;0.428801
2.86;1021.43;612.598;1634.02;2048;35.645;0.428801
2.87;1021.43;619.434;1640.86;2048;34.8127;0.428801
2.88;1021.43;622.991;1644.42;2048;34.0415;0.428801
2.89;1021.43;620.775;1642.2;2048;33.1148;0.428801
2.9;1021.43;620.408;1641.83;2048;36.6744;0.428801
2.91;1021.43;620.269;1641.69;2048;36.1294;0.428801
2.92;1021.43;622.182;1643.61;2048;36.2719;0.428801
2.93;1021.43;621.798;1643.22;2048;36.0285;0.428801
2.94;1021.43;621.489;1642.91;2048;35.3569;0.428801
2.95;1021.43;617.205;1638.63;2048;34.8171;0.428801
2.96;1021.43;620.027;1641.45;2048;39.3625;0.428801
2.97;1021.43;617.256;1638.68;2048;39.0392;0.428801
2.98;1021.43;623.087;1644.51;2048;39.9131;0.428801
2.99;1021.43;626.909;1648.33;2048;40.7829;0.428801
3;1021.43;624.151;1645.58;2048;39.2988;0.428801
3.01;1021.43;619.594;1641.02;2048;38.3439;0.428801
3.02;1021.43;621.019;1642.44;2048;43.5642;0.428801
3.03;1021.43;618.382;1639.81;2048;43.5534;0.428801
3.04;1021.43;617.27;1638.69;2048;43.0525;0.428801
3.05;1021.43;627.696;1649.12;2048;42.284;0.428801
3.06;1021.43;625.054;1646.48;2048;40.7347;0.428801
3.07;1021.43;620.837;1642.26;2048;39.0729;0.428801
3.08;1021.43;622.589;1644.01;2048;43.3773;0.428801
3.09;1021.43;627.713;1649.14;2048;45.1095;0.428801
3.1;1021.43;626.973;1648.4;2048;46.0157;0.428801
3.11;1021.43;627.45;1648.88;2048;44.1486;0.428801
3.12;1021.43;621.215;1642.64;2048;42.0836;0.428801
3.13;1021.43;621.352;1642.78;2048;40.4869;0.428801
3.14;1021.43;623.073;1644.5;2048;41.1089;0.428801
3.15;1021.43;623.019;1644.44;2048;42.0598;0.428801
3.16;1021.43;630.464;1651.89;2048;42.912;0.428801
3.17;1021.43;631.767;1653.19;2048;43.6793;0.428801
3.18;1021.43;627.52;1648.95;2048;42.1335;0.428801
3.19;1021.43;623.331;1644.76;2048;41.7199;0.428801
3.2;1021.43;623.206;1644.63;2048;48.7424;0.428801
3.21;1021.43;623.859;1645.28;2048;48.1533;0.428801
3.22;1021.43;630.388;1651.81;2048;49.6889;0.428801
3.23;1021.43;624.812;1646.24;2048;46.5605;0.428801
3.24;1021.43;627.931;1649.36;2048;44.6183;0.428801
3.25;1021.43;622.854;1644.28;2048;42.7967;0.428801
3.26;1021.43;626.283;1647.71;2048;45.281;0.428801
3.27;1021.43;629.909;1651.33;2048;48.5028;0.428801
3.28;1021.43;632.034;1653.46;2048;50.3438;0.428801
3.29;1021.43;627.359;1648.78;2048;48.7211;0.428801
3.3;1021.43;623.433;1644.86;2048;45.3434;0.428801
3.31;1021.43;624.233;1645.66;2048;44.6704;0.428801
3.32;1021.43;626.873;1648.3;2048;47.3922;0.428801
3.33;1021.43;626.915;1648.34;2048;46.1363;0.428801
3.34;1021.43;632.864;1654.29;2048;48.0295;0.428801
3.35;1021.43;632.735;1654.16;2048;46.629;0.428801
3.36;1021.43;626.136;1647.56;2048;44.2639;0.428801
3.37;1021.43;624.448;1645.87;2048;43.8561;0.428801
3.38;1021.43;628.333;1649.76;2048;49.5467;0.428801
3.39;1021.43;627.572;1649;2048;48.4916;0.428801
3.4;1021.43;630.156;1651.58;2048;49.8043;0.428801
3.41;1021.43;625.244;1646.67;2048;46.5557;0.428801
3.42;1021.43;626.936;1648.36;2048;43.9991;0.428801
3.43;1021.43;628.304;1649.73;2048;43.3815;0.428801
3.44;1021.43;627.792;1649.22;2048;46.6944;0.428801
3.45;1021.43;629.024;1650.45;2048;51.8994;0.428801
3.46;1021.43;632.118;1653.54;2048;53.6141;0.428801
3.47;1021.43;626.717;1648.14;2048;50.709;0.428801
3.48;1021.43;624.07;1645.5;2048;47.9946;0.428801
3.49;1021.43;625.557;1646.98;2048;47.2374;0.428801
3.5;1021.43;628.584;1650.01;2048;48.6741;0.428801
3.51;1021.43;635.534;1656.96;2048;49.7966;0.428801
3.52;1021.43;632.247;1653.67;2048;50.7346;0.428801
3.53;1021.43;627.772;1649.2;2048;46.7517;0.428801
3.54;1021.43;630.372;1651.8;2048;44.9574;0.428801
3.55;1021.43;626.671;1648.1;2048;42.7348;0.428801
3.56;1021.43;630.72;1652.15;2048;48.1024;0.428801
3.57;1021.43;633.041;1654.47;2048;48.0158;0.428801
3.58;1021.43;624.719;1646.14;2048;45.8251;0.428801
3.59;1021.43;627.593;1649.02;2048;42.9864;0.428801
3.6;1021.43;630.63;1652.06;2048;41.9296;0.428801
3.61;1021.43;631.399;1652.82;2048;41.2548;0.428801
3.62;1021.43;633.746;1655.17;2048;45.0757;0.428801
3.63;1021.43;634.479;1655.9;2048;49.5665;0.428801
3.64;1021.43;631.475;1652.9;2048;48.9946;0.428801
3.65;1021.43;628.477;1649.9;2048;45.2608;0.428801
3.66;1021.43;626.495;1647.92;2048;42.5922;0.428801
3.67;1021.43;630.782;1652.21;2048;41.5513;0.428801
3.68;1021.43;630.384;1651.81;2048;44.3983;0.428801
3.69;1021.43;634.833;1656.26;2048;42.9984;0.428801
3.7;1021.43;628.536;1649.96;2048;43.023;0.428801
3.71;1021.43;634.278;1655.7;2048;41.6521;0.428801
3.72;1021.43;632.913;1654.34;2048;39.9515;0.428801
3.73;1021.43;630.098;1651.52;2048;38.6272;0.428801
3.74;1021.43;633.843;1655.27;2048;39.9294;0.428801
3.75;1021.43;633.23;1654.65;2048;40.3069;0.428801
3.76;1021.43;629.336;1650.76;2048;38.1986;0.428801
3.77;1021.43;629.892;1651.32;2048;36.1809;0.428801
3.78;1021.43;633.858;1655.28;2048;35.6066;0.428801
3.79;1021.43;633.297;1654.72;2048;35.3942;0.428801
3.8;1021.43;635.958;1657.38;2048;37.6962;0.428801
3.81;1021.43;637.759;1659.18;2048;37.9671;0.428801
3.82;1021.43;628.303;1649.73;2048;37.8417;0.428801
3.83;1021.43;631.033;1652.46;2048;36.5861;0.428801
3.84;1021.43;633.244;1654.67;2048;35.8229;0.428801
3.85;1021.43;628.937;1650.36;2048;35.1463;0.428801
3.86;1021.43;631.479;1652.9;2048;39.7044;0.428801
3.87;1021.43;629.542;1650.97;2048;38.7859;0.428801
3.88;1021.43;630.168;1651.59;2048;38.1824;0.428801
3.89;1021.43;635.933;1657.36;2048;37.3241;0.428801
3.9;1021.43;634.216;1655.64;2048;36.3028;0.428801
3.91;1021.43;629.322;1650.75;2048;35.1675;0.428801
3.92;1021.43;633.213;1654.64;2048;37.7599;0.428801
3.93;1021.43;627.652;1649.08;2048;37.5808;0.428801
3.94;1021.43;626.004;1647.43;2048;37.3454;0.428801
3.95;1021.43;630.507;1651.93;2048;35.9268;0.428801
3.96;1021.43;634.079;1655.5;2048;35.6797;0.428801
3.97;1021.43;630.839;1652.26;2048;34.8321;0.428801
3.98;1021.43;635.397;1656.82;2048;38.4528;0.428801
3.99;1021.43;630.108;1651.53;2048;37.7386;0.428801
4;1021.43;636.743;1658.17;2048;38.3996;0.428801
4.01;1021.43;631.024;1652.45;2048;37.2208;0.428801
4.02;1021.43;635.026;1656.45;2048;37.2409;0.428801
4.03;1021.43;628.584;1650.01;2048;37.7767;0.428801
4.04;1021.43;631.805;1653.23;2048;40.3288;0.428801
4.05;1021.43;630.703;1652.13;2048;40.9548;0.428801
4.06;1021.43;636.622;1658.05;2048;42.402;0.428801
4.07;1021.43;638.121;1659.55;2048;41.3586;0.428801
4.08;1021.43;633.899;1655.32;2048;39.6983;0.428801
4.09;1021.43;630.926;1652.35;2048;39.3887;0.428801
4.1;1021.43;637.315;1658.74;2048;43.9072;0.428801
4.11;1021.43;633.458;1654.88;2048;46.2102;0.428801
4.12;1021.43;635.086;1656.51;2048;45.3128;0.428801
4.13;1021.43;631.839;1653.26;2048;42.8694;0.428801
4.14;1021.43;635.092;1656.52;2048;41.6737;0.428801
4.15;1021.43;629.729;1651.15;2048;42.1894;0.428801
4.16;1021.43;636.176;1657.6;2048;46.8361;0.428801
4.17;1021.43;631.825;1653.25;2048;45.6063;0.428801
4.18;1021.43;639.55;1660.97;2048;46.1513;0.428801
4.19;1021.43;635.207;1656.63;2048;43.443;0.428801
4.2;1021.43;631.041;1652.47;2048;41.3127;0.428801
4.21;1021.43;631.053;1652.48;2048;41.42;0.428801
4.22;1021.43;633.063;1654.49;2048;43.521;0.428801
4.23;1021.43;630.952;1652.38;2048;44.4925;0.428801
4.24;1021.43;639.415;1660.84;2048;45.183;0.428801
4.25;1021.43;640.695;1662.12;2048;45.1847;0.428801
4.26;1021.43;636.078;1657.5;2048;43.1805;0.428801
4.27;1021.43;631.983;1653.41;2048;43.0226;0.428801
4.28;1021.43;632.27;1653.69;2048;45.3822;0.428801
4.29;1021.43;632.376;1653.8;2048;45.8259;0.428801
4.3;1021.43;638.623;1660.05;2048;48.7843;0.428801
4.31;1021.43;632.916;1654.34;2048;45.891;0.428801
4.32;1021.43;635.483;1656.91;2048;44.1305;0.428801
4.33;1021.43;631.311;1652.74;2048;42.8141;0.428801
4.34;1021.43;634.444;1655.87;2048;46.0343;0.428801
4.35;1021.43;637.799;1659.22;2048;48.5383;0.428801
4.36;1021.43;639.74;1661.17;2048;48.511;0.428801
4.37001;1021.43;634.209;1655.63;2048;46.4427;0.428801
4.38001;1021.43;630.334;1651.76;2048;43.6715;0.428801
4.39001;1021.43;631.842;1653.27;2048;44.7692;0.428801
4.40001;1021.43;633.945;1655.37;2048;48.7293;0.428801
4.41001;1021.43;634.363;1655.79;2048;48.0137;0.428801
4.42001;1021.43;639.997;1661.42;2048;49.6707;0.428801
4.43001;1021.43;639.735;1661.16;2048;47.6207;0.428801
4.44001;1021.43;632.928;1654.35;2048;44.9567;0.428801
4.45001;1021.43;631.562;1652.99;2048;43.5341;0.428801
4.46001;1021.43;635.195;1656.62;2048;50.5206;0.428801
4.47001;1021.43;635.517;1656.94;2048;49.2881;0.428801
4.48001;1021.43;635.503;1656.93;2048;49.9728;0.428801
4.49001;1021.43;631.669;1653.09;2048;47.2917;0.428801
4.50001;1021.43;633.635;1655.06;2048;45.1125;0.428801
4.51001;1021.43;634.891;1656.32;2048;44.6092;0.428801
4.52001;1021.43;634.333;1655.76;2048;47.6903;0.428801
4.53001;1021.43;635.318;1656.74;2048;52.0301;0.428801
4.54001;1021.43;638.177;1659.6;2048;53.3162;0.428801
4.55001;1021.43;632.818;1654.24;2048;49.8773;0.428801
4.56001;1021.43;629.964;1651.39;2048;47.0772;0.428801
4.57001;1021.43;632.126;1653.55;2048;44.6526;0.428801
4.58001;1021.43;635.089;1656.51;2048;46.2795;0.428801
4.59001;1021.43;641.605;1663.03;2048;48.5463;0.428801
4.60001;1021.43;635.947;1657.37;2048;49.5688;0.428801
4.61001;1021.43;637.125;1658.55;2048;49.3682;0.428801
4.62001;1021.43;633.706;1655.13;2048;46.5876;0.428801
4.63001;1021.43;634.366;1655.79;2048;44.7048;0.428801
4.64001;1021.43;632.335;1653.76;2048;48.9224;0.428801
4.65001;1021.43;639.355;1660.78;2048;52.6141;0.428801
4.66001;1021.43;633.277;1654.7;2048;49.7083;0.428801
4.67001;1021.43;633.927;1655.35;2048;45.7002;0.428801
4.68001;1021.43;634.363;1655.79;2048;44.0613;0.428801
4.69001;1021.43;634.656;1656.08;2048;42.798;0.428801
4.70001;1021.43;636.006;1657.43;2048;47.5913;0.428801
4.71001;1021.43;637.333;1658.76;2048;52.2101;0.428801
4.72001;1021.43;632.129;1653.55;2048;50.7055;0.428801
4.73001;1021.43;634.973;1656.4;2048;48.7148;0.428801
4.74001;1021.43;631.563;1652.99;2048;45.5692;0.428801
4.75001;1021.43;636.937;1658.36;2048;44.0334;0.428801
4.76001;1021.43;633.839;1655.26;2048;45.108;0.428801
4.77001;1021.43;641.585;1663.01;2048;50.6575;0.428801
4.78001;1021.43;634.334;1655.76;2048;49.2104;0.428801
4.79001;1021.43;637.535;1658.96;2048;48.0193;0.428801
4.80001;1021.43;634.275;1655.7;2048;45.9934;0.428801
4.81002;1021.43;636.349;1657.77;2048;44.8124;0.428801
4.82002;1021.43;633.912;1655.34;2048;44.6351;0.428801
4.83002;1021.43;638.861;1660.29;2048;46.6721;0.428801
4.84002;1021.43;642.246;1663.67;2048;47.3965;0.428801
4.85002;1021.43;639.693;1661.12;2048;44.7612;0.428801
4.86002;1021.43;635.171;1656.6;2048;42.7061;0.428801
4.87002;1021.43;634.605;1656.03;2048;41.9553;0.428801
4.88002;1021.43;632.415;1653.84;2048;42.0272;0.428801
4.89002;1021.43;636.729;1658.15;2048;45.248;0.428801
4.90002;1021.43;635.906;1657.33;2048;45.1082;0.428801
4.91002;1021.43;639.637;1661.06;2048;46.2833;0.428801
4.92002;1021.43;633.203;1654.63;2048;42.6639;0.428801
4.93002;1021.43;638.109;1659.53;2048;41.4943;0.428801
4.94002;1021.43;634.215;1655.64;2048;40.2168;0.428801
4.95002;1021.43;641.302;1662.73;2048;41.9642;0.428801
4.96002;1021.43;636.413;1657.84;2048;40.8699;0.428801
4.97002;1021.43;630.432;1651.86;2048;39.1171;0.428801
4.98002;1021.43;634.116;1655.54;2048;36.8083;0.428801
4.99002;1021.43;638.146;1659.57;2048;37.0953;0.428801
5.00002;1021.43;638.253;1659.68;2048;37.1379;0.428801
5.01002;1021.43;640.118;1661.54;2048;38.6417;0.428801
5.02002;1021.43;640.049;1661.47;2048;43.027;0.428801
5.03002;1021.43;630.564;1651.99;2048;41.4207;0.428801
5.04002;1021.43;635.965;1657.39;2048;39.2103;0.428801
5.05002;1021.43;636.411;1657.84;2048;38.5234;0.428801
5.06002;1021.43;634.453;1655.88;2048;38.6126;0.428801
5.07002;1021.43;636.348;1657.77;2048;41.4997;0.428801
5.08002;1021.43;637.843;1659.27;2048;40.7072;0.428801
5.09002;1021.43;633.028;1654.45;2048;40.8039;0.428801
5.10002;1021.43;640.362;1661.79;2048;40.5526;0.428801
5.11002;1021.43;638.955;1660.38;2048;39.3283;0.428801
5.12002;1021.43;635.047;1656.47;2048;38.0272;0.428801
5.13002;1021.43;635.96;1657.39;2048;40.5945;0.428801
5.14002;1021.43;636.234;1657.66;2048;40.2363;0.428801
5.15002;1021.43;633.849;1655.27;2048;38.3229;0.428801
5.16002;1021.43;637.663;1659.09;2048;36.7018;0.428801
5.17002;1021.43;639.246;1660.67;2048;35.7765;0.428801
5.18002;1021.43;638.438;1659.86;2048;35.7813;0.428801
5.19002;1021.43;634.305;1655.73;2048;38.1822;0.428801
5.20002;1021.43;642.052;1663.48;2048;38.5166;0.428801
5.21002;1021.43;634.285;1655.71;2048;38.3528;0.428801
5.22002;1021.43;638.281;1659.71;2048;38.2993;0.428801
5.23002;1021.43;635.633;1657.06;2048;36.5946;0.428801
5.24003;1021.43;634.115;1655.54;2048;35.8239;0.428801
5.25003;1021.43;633.864;1655.29;2048;37.3428;0.428801
5.26003;1021.43;634.759;1656.18;2048;37.9192;0.428801
5.27003;1021.43;634.265;1655.69;2048;37.3152;0.428801
5.28003;1021.43;636.079;1657.5;2048;38.3238;0.428801
5.29003;1021.43;637.657;1659.08;2048;37.7621;0.428801
5.30003;1021.43;635.023;1656.45;2048;37.2075;0.428801
5.31003;1021.43;632.363;1653.79;2048;36.9772;0.428801
5.32003;1021.43;637.394;1658.82;2048;37.5887;0.428801
5.33003;1021.43;635.891;1657.32;2048;36.6512;0.428801
5.34003;1021.43;640.794;1662.22;2048;37.4543;0.428801
5.35003;1021.43;635.135;1656.56;2048;36.6092;0.428801
5.36003;1021.43;638.451;1659.88;2048;36.2416;0.428801
5.37003;1021.43;633.171;1654.6;2048;36.8326;0.428801
5.38003;1021.43;639.197;1660.62;2048;40.798;0.428801
5.39003;1021.43;632.774;1654.2;2048;40.063;0.428801
5.40003;1021.43;640.557;1661.98;2048;40.4558;0.428801
5.41003;1021.43;636.61;1658.04;2048;38.8498;0.428801
5.42003;1021.43;635.724;1657.15;2048;37.8749;0.428801
5.43003;1021.43;634.205;1655.63;2048;37.4949;0.428801
5.44003;1021.43;640.036;1661.46;2048;40.4178;0.428801
5.45003;1021.43;636.683;1658.11;2048;41.2663;0.428801
5.46003;1021.43;637.923;1659.35;2048;42.056;0.428801
5.47003;1021.43;634.496;1655.92;2048;40.7969;0.428801
5.48003;1021.43;636.861;1658.29;2048;39.7751;0.428801
5.49003;1021.43;633.554;1654.98;2048;38.5383;0.428801
5.50003;1021.43;640.382;1661.81;2048;41.503;0.428801
5.51003;1021.43;633.719;1655.14;2048;39.9909;0.428801
5.52003;1021.43;642.53;1663.95;2048;40.8298;0.428801
5.53003;1021.43;636.711;1658.14;2048;39.636;0.428801
5.54003;1021.43;637.46;1658.89;2048;39.0769;0.428801
5.55003;1021.43;634.078;1655.5;2048;38.8077;0.428801
5.56003;1021.43;636.703;1658.13;2048;41.7979;0.428801
5.57003;1021.43;635.722;1657.15;2048;42.8868;0.428801
5.58003;1021.43;641.241;1662.67;2048;43.53;0.428801
5.59003;1021.43;643.464;1664.89;2048;44.4699;0.428801
5.60003;1021.43;638.517;1659.94;2048;42.9072;0.428801
5.61003;1021.43;636.315;1657.74;2048;42.8136;0.428801
5.62003;1021.43;640.422;1661.85;2048;48.8667;0.428801
5.63003;1021.43;634.942;1656.37;2048;47.6811;0.428801
5.64003;1021.43;638.335;1659.76;2048;46.3512;0.428801
5.65003;1021.43;638.334;1659.76;2048;44.1112;0.428801
5.66003;1021.43;639.932;1661.36;2048;43.4555;0.428801
5.67003;1021.43;633.964;1655.39;2048;42.16;0.428801
5.68004;1021.43;637.215;1658.64;2048;44.255;0.428801
5.69004;1021.43;640.407;1661.83;2048;45.2632;0.428801
5.70004;1021.43;642.818;1664.24;2048;45.1258;0.428801
5.71004;1021.43;638.706;1660.13;2048;43.7764;0.428801
5.72004;1021.43;634.029;1655.45;2048;42.6227;0.428801
5.73004;1021.43;634.628;1656.05;2048;42.9905;0.428801
5.74004;1021.43;637.133;1658.56;2048;45.2499;0.428801
5.75004;1021.43;637.705;1659.13;2048;44.8897;0.428801
5.76004;1021.43;643.121;1664.55;2048;45.3754;0.428801
5.77004;1021.43;643.901;1665.33;2048;43.9189;0.428801
5.78004;1021.43;638.209;1659.63;2048;42.3069;0.428801
5.79004;1021.43;635.051;1656.48;2048;42.4563;0.428801
5.80004;1021.43;636.983;1658.41;2048;46.7902;0.428801
5.81004;1021.43;636.746;1658.17;2048;46.0618;0.428801
5.82004;1021.43;640.687;1662.11;2048;48.3535;0.428801
5.83004;1021.43;636.821;1658.25;2048;45.0123;0.428801
5.84004;1021.43;636.418;1657.84;2048;43.0376;0.428801
5.85004;1021.43;637.493;1658.92;2048;42.3608;0.428801
5.86004;1021.43;637.814;1659.24;2048;46.1467;0.428801
5.87004;1021.43;640.469;1661.89;2048;48.376;0.428801
5.88004;1021.43;642.615;1664.04;2048;50.7237;0.428801
5.89004;1021.43;637.482;1658.91;2048;47.9619;0.428801
5.90004;1021.43;633.485;1654.91;2048;44.7651;0.428801
5.91004;1021.43;635.449;1656.87;2048;45.6962;0.428801
5.92004;1021.43;637.849;1659.27;2048;49.2537;0.428801
5.93004;1021.43;643.94;1665.37;2048;50.7401;0.428801
5.94004;1021.43;642.452;1663.88;2048;50.8019;0.428801
5.95004;1021.43;641.281;1662.71;2048;47.8087;0.428801
5.96004;1021.43;636.166;1657.59;2048;44.9862;0.428801
5.97004;1021.43;635.558;1656.98;2048;43.7418;0.428801
5.98004;1021.43;637.754;1659.18;2048;48.5095;0.428801
5.99004;1021.43;641.322;1662.75;2048;51.0122;0.428801
6.00004;1021.43;635.236;1656.66;2048;48.2345;0.428801
6.01004;1021.43;636.131;1657.56;2048;45.8604;0.428801
6.02004;1021.43;636.982;1658.41;2048;43.6677;0.428801
6.03004;1021.43;639.325;1660.75;2048;43.537;0.428801
6.04004;1021.43;638;1659.43;2048;46.7248;0.428801
6.05004;1021.43;637.804;1659.23;2048;50.6499;0.428801
6.06004;1021.43;637.338;1658.76;2048;50.4922;0.428801
6.07004;1021.43;637.02;1658.45;2048;47.7001;0.428801
6.08004;1021.43;633.819;1655.24;2048;45.1385;0.428801
6.09004;1021.43;639.334;1660.76;2048;43.982;0.428801
6.10004;1021.43;636.977;1658.4;2048;45.7276;0.428801
6.11004;1021.43;644.229;1665.65;2048;47.8288;0.428801
6.12005;1021.43;634.734;1656.16;2048;47.5026;0.428801
6.13005;1021.43;642.906;1664.33;2048;48.581;0.428801
6.14005;1021.43;635.518;1656.94;2048;45.5567;0.428801
6.15005;1021.43;638.541;1659.97;2048;44.0389;0.428801
6.16005;1021.43;635.592;1657.02;2048;45.4967;0.428801
6.17005;1021.43;641.097;1662.52;2048;48.0645;0.428801
6.18005;1021.43;643.946;1665.37;2048;52.1151;0.428801
6.19005;1021.43;640.634;1662.06;2048;49.5141;0.428801
6.20005;1021.43;636.812;1658.24;2048;46.7948;0.428801
6.21005;1021.43;635.988;1657.41;2048;45.3363;0.428801
6.22005;1021.43;634.977;1656.4;2048;46.02;0.428801
6.23005;1021.43;637.163;1658.59;2048;50.2654;0.428801
6.24005;1021.43;639.698;1661.12;2048;48.0542;0.428801
6.25005;1021.43;642.236;1663.66;2048;46.3831;0.428801
6.26005;1021.43;634.676;1656.1;2048;44.0089;0.428801
6.27005;1021.43;640.105;1661.53;2048;43.2019;0.428801
6.28005;1021.43;634.993;1656.42;2048;42.3904;0.428801
6.29005;1021.43;644.044;1665.47;2048;44.4315;0.428801
6.30005;1021.43;639.77;1661.19;2048;45.5359;0.428801
6.31005;1021.43;633.297;1654.72;2048;43.3774;0.428801
6.32005;1021.43;636.208;1657.63;2048;41.107;0.428801
6.33005;1021.43;639.178;1660.6;2048;40.6157;0.428801
6.34005;1021.43;640;1661.43;2048;40.3034;0.428801
6.35005;1021.43;642.745;1664.17;2048;42.6956;0.428801
6.36005;1021.43;643.135;1664.56;2048;45.0823;0.428801
6.37005;1021.43;637.376;1658.8;2048;44.858;0.428801
6.38005;1021.43;636.308;1657.73;2048;42.2242;0.428801
6.39005;1021.43;635;1656.43;2048;40.9017;0.428801
6.40005;1021.43;638.696;1660.12;2048;39.922;0.428801
6.41005;1021.43;637.428;1658.85;2048;43.5123;0.428801
6.42005;1021.43;644.406;1665.83;2048;46.7863;0.428801
6.43005;1021.43;635.583;1657.01;2048;45.3466;0.428801
6.44005;1021.43;640.711;1662.14;2048;44.0012;0.428801
6.45005;1021.43;638.705;1660.13;2048;43.3409;0.428801
6.46005;1021.43;638.899;1660.32;2048;42.4101;0.428801
6.47005;1021.43;635.979;1657.4;2048;42.6127;0.428801
6.48005;1021.43;642.277;1663.7;2048;43.5346;0.428801
6.49005;1021.43;646.04;1667.46;2048;42.4442;0.428801
6.50005;1021.43;642.391;1663.82;2048;43.562;0.428801
6.51005;1021.43;637.365;1658.79;2048;41.3539;0.428801
6.52005;1021.43;637.213;1658.64;2048;40.796;0.428801
6.53005;1021.43;635.514;1656.94;2048;40.1504;0.428801
6.54005;1021.43;640.179;1661.6;2048;43.9548;0.428801
6.55006;1021.43;638.029;1659.45;2048;43.4182;0.428801
6.56006;1021.43;639.856;1661.28;2048;44.2544;0.428801
6.57006;1021.43;636.985;1658.41;2048;40.8138;0.428801
6.58006;1021.43;640.449;1661.87;2048;40.4266;0.428801
6.59006;1021.43;636.893;1658.32;2048;39.3273;0.428801
6.60006;1021.43;639.494;1660.92;2048;41.9918;0.428801
6.61006;1021.43;641.317;1662.74;2048;41.4845;0.428801
6.62006;1021.43;638.35;1659.78;2048;39.1838;0.428801
6.63006;1021.43;638.019;1659.44;2048;37.3284;0.428801
6.64006;1021.43;640.201;1661.63;2048;37.3265;0.428801
6.65006;1021.43;640.218;1661.64;2048;37.5408;0.428801
6.66006;1021.43;637.562;1658.99;2048;40.3944;0.428801
6.67006;1021.43;639.931;1661.36;2048;44.3376;0.428801
6.68006;1021.43;633.339;1654.76;2048;42.8942;0.428801
6.69006;1021.43;641.621;1663.05;2048;41.9117;0.428801
6.70006;1021.43;634.401;1655.83;2048;39.7856;0.428801
6.71006;1021.43;639.73;1661.16;2048;40.0002;0.428801
6.72006;1021.43;635.404;1656.83;2048;38.5843;0.428801
6.73006;1021.43;643.697;1665.12;2048;40.7515;0.428801
6.74006;1021.43;638.803;1660.23;2048;39.7307;0.428801
6.75006;1021.43;632.967;1654.39;2048;38.1067;0.428801
6.76006;1021.43;635.748;1657.17;2048;36.1068;0.428801
6.77006;1021.43;639.606;1661.03;2048;36.8468;0.428801
6.78006;1021.43;639.975;1661.4;2048;36.6524;0.428801
6.79006;1021.43;640.396;1661.82;2048;40.8428;0.428801
6.80006;1021.43;640.161;1661.59;2048;44.6447;0.428801
6.81006;1021.43;632.002;1653.43;2048;43.0511;0.428801
6.82006;1021.43;639.997;1661.42;2048;41.0065;0.428801
6.83006;1021.43;635.43;1656.86;2048;39.6244;0.428801
6.84006;1021.43;638.429;1659.85;2048;39.7737;0.428801
6.85006;1021.43;634.67;1656.1;2048;39.393;0.428801
6.86006;1021.43;645.236;1666.66;2048;40.1795;0.428801
6.87006;1021.43;636.247;1657.67;2048;41.1127;0.428801
6.88006;1021.43;635.672;1657.1;2048;40.2295;0.428801
6.89006;1021.43;636.405;1657.83;2048;38.6273;0.428801
6.90006;1021.43;638.983;1660.41;2048;38.066;0.428801
6.91006;1021.43;638.925;1660.35;2048;37.7509;0.428801
6.92006;1021.43;643.535;1664.96;2048;39.6717;0.428801
6.93006;1021.43;645.35;1666.78;2048;40.4912;0.428801
6.94006;1021.43;639.358;1660.78;2048;41.0208;0.428801
6.95006;1021.43;635.574;1657;2048;39.2496;0.428801
6.96006;1021.43;636.305;1657.73;2048;38.6675;0.428801
6.97006;1021.43;636.904;1658.33;2048;38.1087;0.428801
6.98006;1021.43;637.15;1658.58;2048;41.2033;0.428801
6.99007;1021.43;643.655;1665.08;2048;44.3448;0.428801
7.00007;1021.43;634.917;1656.34;2048;43.7455;0.428801
7.01007;1021.43;639.76;1661.19;2048;42.8822;0.428801
7.02007;1021.43;638.584;1660.01;2048;41.6585;0.428801
7.03007;1021.43;638.107;1659.53;2048;41.1181;0.428801
7.04007;1021.43;635.628;1657.05;2048;41.531;0.428801
7.05007;1021.43;641.985;1663.41;2048;41.6753;0.428801
7.06007;1021.43;640.964;1662.39;2048;40.2389;0.428801
7.07007;1021.43;641.861;1663.29;2048;38.5505;0.428801
7.08007;1021.43;639.013;1660.44;2048;37.327;0.428801
7.09007;1021.43;639.978;1661.4;2048;37.3646;0.428801
7.10007;1021.43;633.825;1655.25;2048;38.1643;0.428801
7.11007;1021.43;641.357;1662.78;2048;42.491;0.428801
7.12007;1021.43;632.981;1654.41;2048;41.5576;0.428801
7.13007;1021.43;641.531;1662.96;2048;42.3343;0.428801
7.14007;1021.43;635.171;1656.6;2048;39.2939;0.428801
7.15007;1021.43;640.131;1661.56;2048;38.326;0.428801
7.16007;1021.43;635.502;1656.93;2048;37.4931;0.428801
7.17007;1021.43;641.474;1662.9;2048;40.2159;0.428801
7.18007;1021.43;638.759;1660.18;2048;39.3897;0.428801
7.19007;1021.43;635.343;1656.77;2048;37.6465;0.428801
7.20007;1021.43;636.702;1658.13;2048;35.8208;0.428801
7.21007;1021.43;640.224;1661.65;2048;35.7243;0.428801
7.22007;1021.43;639.406;1660.83;2048;35.4943;0.428801
7.23007;1021.43;639.876;1661.3;2048;38.3771;0.428801
7.24007;1021.43;641.361;1662.79;2048;42.1114;0.428801
7.25007;1021.43;631.471;1652.9;2048;41.2504;0.428801
7.26007;1021.43;640.755;1662.18;2048;40.1927;0.428801
7.27007;1021.43;634.649;1656.07;2048;38.3652;0.428801
7.28007;1021.43;638.719;1660.14;2048;38.3403;0.428801
7.29007;1021.43;634.691;1656.12;2048;37.2962;0.428801
7.30007;1021.43;643.043;1664.47;2048;38.3531;0.428801
7.31007;1021.43;634.213;1655.64;2048;37.5622;0.428801
7.32007;1021.43;633.631;1655.06;2048;36.4403;0.428801
7.33007;1021.43;636.715;1658.14;2048;35.1072;0.428801
7.34007;1021.43;638.928;1660.35;2048;35.3687;0.428801
7.35007;1021.43;638.255;1659.68;2048;35.2866;0.428801
7.36007;1021.43;642.998;1664.42;2048;38.3318;0.428801
7.37007;1021.43;644.446;1665.87;2048;40.4605;0.428801
7.38007;1021.43;633.902;1655.33;2048;39.9782;0.428801
7.39007;1021.43;636.923;1658.35;2048;38.0408;0.428801
7.40007;1021.43;638.152;1659.58;2048;37.606;0.428801
7.41007;1021.43;635.447;1656.87;2048;37.3182;0.428801
7.42007;1021.43;636.489;1657.91;2048;39.7074;0.428801
7.43008;1021.43;638.807;1660.23;2048;39.0986;0.428801
7.44008;1021.43;634.019;1655.44;2048;39.4905;0.428801
7.45008;1021.43;640.864;1662.29;2048;39.871;0.428801
7.46008;1021.43;639.454;1660.88;2048;38.6297;0.428801
7.47008;1021.43;637.293;1658.72;2048;37.1987;0.428801
7.48008;1021.43;635.139;1656.56;2048;39.5482;0.428801
7.49008;1021.43;637.991;1659.42;2048;39.3243;0.428801
7.50008;1021.43;636.259;1657.68;2048;37.869;0.428801
7.51008;1021.43;642.567;1663.99;2048;37.26;0.428801
7.52008;1021.43;638.46;1659.89;2048;36.1948;0.428801
7.53008;1021.43;639.896;1661.32;2048;36.2207;0.428801
7.54008;1021.43;633.333;1654.76;2048;36.2481;0.428801
7.55008;1021.43;640.584;1662.01;2048;40.1346;0.428801
7.56008;1021.43;634.584;1656.01;2048;39.0086;0.428801
7.57008;1021.43;636.373;1657.8;2048;39.1574;0.428801
7.58008;1021.43;640.662;1662.09;2048;38.0215;0.428801
7.59008;1021.43;639.735;1661.16;2048;36.8318;0.428801
7.60008;1021.43;635.439;1656.86;2048;36.1749;0.428801
7.61008;1021.43;637.779;1659.2;2048;39.1911;0.428801
7.62008;1021.43;637.719;1659.14;2048;39.1142;0.428801
7.63008;1021.43;635.975;1657.4;2048;37.3891;0.428801
7.64008;1021.43;639.692;1661.12;2048;35.9653;0.428801
7.65008;1021.43;639.723;1661.15;2048;35.0469;0.428801
7.66008;1021.43;639.69;1661.12;2048;35.0207;0.428801
7.67008;1021.43;633.433;1654.86;2048;36.7872;0.428801
7.68008;1021.43;641.427;1662.85;2048;38.4772;0.428801
7.69008;1021.43;631.063;1652.49;2048;37.9556;0.428801
7.70008;1021.43;641.103;1662.53;2048;38.684;0.428801
7.71008;1021.43;634.604;1656.03;2048;36.4684;0.428801
7.72008;1021.43;638.879;1660.3;2048;35.6946;0.428801
7.73008;1021.43;634.345;1655.77;2048;35.4393;0.428801
7.74008;1021.43;642.607;1664.03;2048;37.9812;0.428801
7.75008;1021.43;635.009;1656.43;2048;37.052;0.428801
7.76008;1021.43;630.891;1652.32;2048;36.0001;0.428801
7.77008;1021.43;636.212;1657.64;2048;34.5062;0.428801
7.78008;1021.43;639.134;1660.56;2048;34.5577;0.428801
7.79008;1021.43;637.035;1658.46;2048;33.9707;0.428801
7.80008;1021.43;642.162;1663.59;2048;36.225;0.428801
7.81008;1021.43;644.004;1665.43;2048;37.9564;0.428801
7.82008;1021.43;635.241;1656.67;2048;37.9631;0.428801
7.83008;1021.43;637.055;1658.48;2048;36.9435;0.428801
7.84008;1021.43;637.922;1659.35;2048;36.5303;0.428801
7.85008;1021.43;635.325;1656.75;2048;36.0295;0.428801
7.86009;1021.43;635.148;1656.57;2048;36.6372;0.428801
7.87009;1021.43;637.398;1658.82;2048;36.6725;0.428801
7.88009;1021.43;634.319;1655.74;2048;36.6856;0.428801
7.89009;1021.43;639.478;1660.9;2048;37.9005;0.428801
7.90009;1021.43;639.059;1660.48;2048;36.6784;0.428801
7.91009;1021.43;636.922;1658.35;2048;35.85;0.428801
7.92009;1021.43;634.477;1655.9;2048;37.3013;0.428801
7.93009;1021.43;638.835;1660.26;2048;37.9119;0.428801
7.94009;1021.43;637.362;1658.79;2048;37.0474;0.428801
7.95009;1021.43;640.718;1662.14;2048;38.1561;0.428801
7.96009;1021.43;635.999;1657.42;2048;36.9207;0.428801
7.97009;1021.43;640.135;1661.56;2048;35.969;0.428801
7.98009;1021.43;633.447;1654.87;2048;35.3457;0.428801
7.99009;1021.43;639.708;1661.13;2048;39.7351;0.428801
8.00009;1021.43;631.64;1653.07;2048;39.0685;0.428801
8.01009;1021.43;637.066;1658.49;2048;39.7122;0.428801
8.02009;1021.43;641.236;1662.66;2048;39.6679;0.428801
8.03009;1021.43;639.646;1661.07;2048;38.1806;0.428801
8.04009;1021.43;635.047;1656.47;2048;36.9127;0.428801
8.05009;1021.43;636.327;1657.75;2048;40.5349;0.428801
8.06009;1021.43;633.622;1655.05;2048;39.7504;0.428801
8.07009;1021.43;631.245;1652.67;2048;37.8255;0.428801
8.08009;1021.43;639.672;1661.1;2048;36.713;0.428801
8.09009;1021.43;639.967;1661.39;2048;36.2618;0.428801
8.10009;1021.43;639.118;1660.54;2048;35.845;0.428801
8.11009;1021.43;633.687;1655.11;2048;37.1216;0.428801
8.12009;1021.43;640.688;1662.11;2048;39.5174;0.428801
8.13009;1021.43;630.957;1652.38;2048;38.623;0.428801
8.14009;1021.43;637.874;1659.3;2048;39.0769;0.428801
8.15009;1021.43;638.958;1660.38;2048;37.773;0.428801
8.16009;1021.43;638.613;1660.04;2048;36.3517;0.428801
8.17009;1021.43;634.316;1655.74;2048;35.8315;0.428801
8.18009;1021.43;640.498;1661.92;2048;38.8849;0.428801
8.19009;1021.43;634.493;1655.92;2048;38.5684;0.428801
8.20009;1021.43;630.957;1652.38;2048;37.0774;0.428801
8.21009;1021.43;637.043;1658.47;2048;35.9044;0.428801
8.22009;1021.43;640.124;1661.55;2048;35.2306;0.428801
8.23009;1021.43;638.913;1660.34;2048;34.8251;0.428801
8.24009;1021.43;634.301;1655.73;2048;37.8733;0.428801
8.25009;1021.43;643.275;1664.7;2048;37.9824;0.428801
8.26009;1021.43;631.862;1653.29;2048;37.0624;0.428801
8.27009;1021.43;640.662;1662.09;2048;37.3822;0.428801
8.28009;1021.43;634.027;1655.45;2048;35.7359;0.428801
8.29009;1021.43;636.526;1657.95;2048;35.149;0.428801
8.30009;1021.43;634.228;1655.65;2048;35.19;0.428801
8.31009;1021.43;639.112;1660.54;2048;36.6081;0.428801
8.3201;1021.43;632.986;1654.41;2048;36.06;0.428801
8.3301;1021.43;632.56;1653.99;2048;36.6736;0.428801
8.3401;1021.43;636.691;1658.12;2048;35.4626;0.428801
8.3501;1021.43;636.527;1657.95;2048;35.0261;0.428801
8.3601;1021.43;633.957;1655.38;2048;34.9569;0.428801
8.3701;1021.43;641.761;1663.19;2048;36.5939;0.428801
8.3801;1021.43;637.696;1659.12;2048;36.7243;0.428801
8.3901;1021.43;638.935;1660.36;2048;37.5372;0.428801
8.4001;1021.43;635.356;1656.78;2048;36.4347;0.428801
8.4101;1021.43;639.484;1660.91;2048;36.3911;0.428801
8.4201;1021.43;633.609;1655.03;2048;35.4495;0.428801
8.4301;1021.43;635.064;1656.49;2048;36.8263;0.428801
8.4401;1021.43;634.183;1655.61;2048;36.9233;0.428801
8.4501;1021.43;635.252;1656.68;2048;37.4331;0.428801
8.4601;1021.43;639.355;1660.78;2048;37.092;0.428801
8.4701;1021.43;639.042;1660.47;2048;36.3356;0.428801
8.4801;1021.43;636.045;1657.47;2048;35.5206;0.428801
8.4901;1021.43;633.419;1654.84;2048;37.4803;0.428801
8.5001;1021.43;637.502;1658.93;2048;37.9473;0.428801
8.5101;1021.43;636.24;1657.67;2048;36.87;0.428801
8.5201;1021.43;641.101;1662.53;2048;37.9842;0.428801
8.5301;1021.43;635.707;1657.13;2048;36.9478;0.428801
8.5401;1021.43;639.238;1660.66;2048;36.3571;0.428801
8.5501;1021.43;633.29;1654.72;2048;35.4378;0.428801
8.5601;1021.43;639.98;1661.41;2048;39.9689;0.428801
8.5701;1021.43;630.073;1651.5;2048;39.8708;0.428801
8.5801;1021.43;638.704;1660.13;2048;40.133;0.428801
8.5901;1021.43;640.473;1661.9;2048;39.6063;0.428801
8.6001;1021.43;638.77;1660.19;2048;38.1316;0.428801
8.6101;1021.43;634.378;1655.8;2048;37.1499;0.428801
8.6201;1021.43;637.033;1658.46;2048;40.4199;0.428801
8.6301;1021.43;632.524;1653.95;2048;39.779;0.428801
8.6401;1021.43;630.271;1651.7;2048;38.1579;0.428801
8.6501;1021.43;637.037;1658.46;2048;37.1019;0.428801
8.6601;1021.43;639.974;1661.4;2048;36.7101;0.428801
8.6701;1021.43;637.812;1659.24;2048;36.0502;0.428801
8.6801;1021.43;634.181;1655.61;2048;38.0616;0.428801
8.6901;1021.43;640.908;1662.33;2048;39.8804;0.428801
8.7001;1021.43;630.773;1652.2;2048;39.6206;0.428801
8.7101;1021.43;638.942;1660.37;2048;39.9875;0.428801
8.7201;1021.43;637.507;1658.93;2048;38.2938;0.428801
8.7301;1021.43;637.314;1658.74;2048;36.7323;0.428801
8.7401;1021.43;634;1655.43;2048;36.6647;0.428801
8.7501;1021.43;640.89;1662.32;2048;39.9048;0.428801
8.76011;1021.43;632.741;1654.17;2048;39.539;0.428801
8.77011;1021.43;629.824;1651.25;2048;38.3991;0.428801
8.78011;1021.43;635.599;1657.02;2048;37.2925;0.428801
8.79011;1021.43;639.551;1660.98;2048;36.626;0.428801
8.80011;1021.43;637.336;1658.76;2048;35.6036;0.428801
8.81011;1021.43;636.154;1657.58;2048;39.3573;0.428801
8.82011;1021.43;640.013;1661.44;2048;38.7303;0.428801
8.83011;1021.43;635.594;1657.02;2048;37.6551;0.428801
8.84011;1021.43;640.014;1661.44;2048;37.345;0.428801
8.85011;1021.43;634.737;1656.16;2048;36.0903;0.428801
8.86011;1021.43;634.392;1655.82;2048;35.4317;0.428801
8.87011;1021.43;634.378;1655.8;2048;35.398;0.428801
8.88011;1021.43;636.901;1658.33;2048;36.5254;0.428801
8.89011;1021.43;634.005;1655.43;2048;36.2327;0.428801
8.90011;1021.43;634.685;1656.11;2048;37.1893;0.428801
8.91011;1021.43;636.578;1658;2048;36.6159;0.428801
8.92011;1021.43;635.77;1657.19;2048;35.9192;0.428801
8.93011;1021.43;633.125;1654.55;2048;35.4805;0.428801
8.94011;1021.43;641.732;1663.16;2048;37.5023;0.428801
8.95011;1021.43;636.47;1657.9;2048;36.9468;0.428801
8.96011;1021.43;638.917;1660.34;2048;37.4492;0.428801
8.97011;1021.43;635.329;1656.75;2048;36.1174;0.428801
8.98011;1021.43;638.485;1659.91;2048;36.5954;0.428801
8.99011;1021.43;633.677;1655.1;2048;35.7071;0.428801
9.00011;1021.43;634.351;1655.78;2048;36.1848;0.428801
9.01011;1021.43;636.06;1657.49;2048;36.7077;0.428801
9.02011;1021.43;633.661;1655.09;2048;36.479;0.428801
9.03011;1021.43;634.645;1656.07;2048;37.7676;0.428801
9.04011;1021.43;636.791;1658.22;2048;36.3806;0.428801
9.05011;1021.43;636.613;1658.04;2048;35.7241;0.428801
9.06011;1021.43;634.354;1655.78;2048;35.1497;0.428801
9.07011;1021.43;641.911;1663.34;2048;37.1033;0.428801
9.08011;1021.43;641.595;1663.02;2048;37.7492;0.428801
9.09011;1021.43;635.449;1656.87;2048;37.9025;0.428801
9.10011;1021.43;636.324;1657.75;2048;36.3236;0.428801
9.11011;1021.43;636.737;1658.16;2048;36.0857;0.428801
9.12011;1021.43;635.114;1656.54;2048;35.0124;0.428801
9.13011;1021.43;633.824;1655.25;2048;35.3456;0.428801
9.14011;1021.43;638.748;1660.17;2048;36.2403;0.428801
9.15011;1021.43;632.377;1653.8;2048;35.9954;0.428801
9.16011;1021.43;633.176;1654.6;2048;35.1432;0.428801
9.17011;1021.43;636.006;1657.43;2048;34.065;0.428801
9.18011;1021.43;637.61;1659.04;2048;34.0738;0.428801
9.19011;1021.43;635.894;1657.32;2048;33.9317;0.428801
9.20012;1021.43;641.93;1663.36;2048;36.7452;0.428801
9.21012;1021.43;643.755;1665.18;2048;37.693;0.428801
9.22012;1021.43;633.035;1654.46;2048;37.6528;0.428801
9.23012;1021.43;637.075;1658.5;2048;36.1002;0.428801
9.24012;1021.43;635.681;1657.11;2048;35.0012;0.428801
9.25012;1021.43;635.715;1657.14;2048;34.5427;0.428801
9.26012;1021.43;633.658;1655.08;2048;35.1217;0.428801
9.27012;1021.43;641.378;1662.8;2048;35.8819;0.428801
9.28012;1021.43;633.086;1654.51;2048;36.2032;0.428801
9.29012;1021.43;632.938;1654.36;2048;35.821;0.428801
9.30012;1021.43;635.379;1656.8;2048;34.6502;0.428801
9.31012;1021.43;638.054;1659.48;2048;34.6653;0.428801
9.32012;1021.43;637.282;1658.71;2048;34.7961;0.428801
9.33012;1021.43;642.016;1663.44;2048;37.8609;0.428801
9.34012;1021.43;642.506;1663.93;2048;39.2077;0.428801
9.35012;1021.43;631.875;1653.3;2048;38.6588;0.428801
9.36012;1021.43;636.563;1657.99;2048;37.989;0.428801
9.37012;1021.43;636.202;1657.63;2048;36.71;0.428801
9.38012;1021.43;635.689;1657.11;2048;36.134;0.428801
9.39012;1021.43;634.519;1655.94;2048;38.0843;0.428801
9.40012;1021.43;641.132;1662.56;2048;40.2234;0.428801
9.41012;1021.43;632.65;1654.08;2048;39.6236;0.428801
9.42012;1021.43;637.583;1659.01;2048;39.4816;0.428801
9.43012;1021.43;636.355;1657.78;2048;38.0831;0.428801
9.44012;1021.43;637.621;1659.05;2048;37.9453;0.428801
9.45012;1021.43;636.995;1658.42;2048;37.5689;0.428801
9.46012;1021.43;642.014;1663.44;2048;38.3231;0.428801
9.47012;1021.43;642.424;1663.85;2048;37.4619;0.428801
9.48012;1021.43;639.876;1661.3;2048;37.4347;0.428801
9.49012;1021.43;634.699;1656.12;2048;35.7899;0.428801
9.50012;1021.43;637.181;1658.61;2048;35.5212;0.428801
9.51012;1021.43;634.087;1655.51;2048;35.5444;0.428801
9.52012;1021.43;637.594;1659.02;2048;39.5845;0.428801
9.53012;1021.43;638.175;1659.6;2048;40.0485;0.428801
9.54012;1021.43;633.222;1654.65;2048;39.8341;0.428801
9.55012;1021.43;640.436;1661.86;2048;38.8824;0.428801
9.56012;1021.43;638.72;1660.15;2048;37.5691;0.428801
9.57012;1021.43;636.551;1657.98;2048;36.978;0.428801
9.58012;1021.43;634.26;1655.69;2048;38.4453;0.428801
9.59012;1021.43;640.501;1661.93;2048;38.5768;0.428801
9.60012;1021.43;639.377;1660.8;2048;37.2905;0.428801
9.61012;1021.43;641.523;1662.95;2048;37.7049;0.428801
9.62012;1021.43;637.099;1658.52;2048;36.3208;0.428801
9.63013;1021.43;637.61;1659.03;2048;36.1263;0.428801
9.64013;1021.43;633.322;1654.75;2048;36.6522;0.428801
9.65013;1021.43;639.554;1660.98;2048;40.9774;0.428801
9.66013;1021.43;635.383;1656.81;2048;40.199;0.428801
9.67013;1021.43;636.416;1657.84;2048;40.3836;0.428801
9.68013;1021.43;639.01;1660.44;2048;37.9381;0.428801
9.69013;1021.43;639.522;1660.95;2048;37.7957;0.428801
9.70013;1021.43;635.526;1656.95;2048;36.9647;0.428801
9.71013;1021.43;636.174;1657.6;2048;39.8864;0.428801
9.72013;1021.43;640.318;1661.74;2048;39.6977;0.428801
9.73013;1021.43;637.932;1659.36;2048;39.718;0.428801
9.74013;1021.43;638.839;1660.26;2048;38.1592;0.428801
9.75013;1021.43;639.097;1660.52;2048;37.1225;0.428801
9.76013;1021.43;639.446;1660.87;2048;36.4302;0.428801
9.77013;1021.43;633.677;1655.1;2048;37.1949;0.428801
9.78013;1021.43;640.067;1661.49;2048;40.9041;0.428801
9.79013;1021.43;631.244;1652.67;2048;39.9068;0.428801
9.80013;1021.43;640.893;1662.32;2048;39.1229;0.428801
9.81013;1021.43;633.546;1654.97;2048;37.1998;0.428801
9.82013;1021.43;638.157;1659.58;2048;36.9744;0.428801
9.83013;1021.43;634.017;1655.44;2048;36.6355;0.428801
9.84013;1021.43;641.379;1662.8;2048;37.0739;0.428801
9.85013;1021.43;633.491;1654.92;2048;37.1252;0.428801
9.86013;1021.43;632.005;1653.43;2048;35.9122;0.428801
9.87013;1021.43;636.108;1657.53;2048;34.7575;0.428801
9.88013;1021.43;638.308;1659.73;2048;34.4109;0.428801
9.89013;1021.43;636.761;1658.19;2048;34.5941;0.428801
9.90013;1021.43;642.909;1664.33;2048;36.2936;0.428801
9.91013;1021.43;643.472;1664.9;2048;36.3384;0.428801
9.92013;1021.43;636.247;1657.67;2048;37.477;0.428801
9.93013;1021.43;635.498;1656.92;2048;36.2145;0.428801
9.94013;1021.43;639.363;1660.79;2048;36.0449;0.428801
9.95013;1021.43;633.886;1655.31;2048;35.4304;0.428801
9.96013;1021.43;636.714;1658.14;2048;39.6569;0.428801
9.97013;1021.43;635.867;1657.29;2048;39.385;0.428801
9.98013;1021.43;634.365;1655.79;2048;39.3626;0.428801
9.99013;1021.43;641.04;1662.46;2048;39.5614;0.428801
10.0001;1021.43;639.3;1660.72;2048;38.2007;0.428801
10.0101;1021.43;636.469;1657.89;2048;37.2339;0.428801
10.0201;1021.43;634.205;1655.63;2048;37.9904;0.428801
10.0301;1021.43;637.657;1659.08;2048;37.9506;0.428801
10.0401;1021.43;636.246;1657.67;2048;36.4517;0.428801
10.0501;1021.43;642.652;1664.08;2048;37.0795;0.428801
10.0601;1021.43;637.246;1658.67;2048;35.512;0.428801
10.0701;1021.43;639.288;1660.71;2048;35.1271;0.428801
10.0801;1021.43;633.017;1654.44;2048;35.378;0.428801
10.0901;1021.43;639.51;1660.94;2048;39.4114;0.428801
10.1001;1021.43;635.155;1656.58;2048;39.0057;0.428801
10.1101;1021.43;634.941;1656.37;2048;39.2556;0.428801
10.1201;1021.43;640.886;1662.31;2048;38.0476;0.428801
10.1301;1021.43;639.498;1660.92;2048;37.5599;0.428801
10.1401;1021.43;635.073;1656.5;2048;36.4156;0.428801
10.1501;1021.43;637.021;1658.45;2048;39.1443;0.428801
10.1601;1021.43;636.796;1658.22;2048;38.828;0.428801
10.1701;1021.43;634.973;1656.4;2048;37.3611;0.428801
10.1801;1021.43;639.689;1661.11;2048;36.3269;0.428801
10.1901;1021.43;639.303;1660.73;2048;35.4554;0.428801
10.2001;1021.43;639.242;1660.67;2048;34.97;0.428801
10.2101;1021.43;632.889;1654.31;2048;37.3976;0.428801
10.2201;1021.43;641.11;1662.54;2048;41.0308;0.428801
10.2301;1021.43;630.627;1652.05;2048;39.6442;0.428801
10.2401;1021.43;640.433;1661.86;2048;39.5517;0.428801
10.2501;1021.43;634.944;1656.37;2048;37.2575;0.428801
10.2601;1021.43;638.493;1659.92;2048;36.652;0.428801
10.2701;1021.43;634.08;1655.51;2048;36.209;0.428801
10.2801;1021.43;642.045;1663.47;2048;37.8561;0.428801
10.2901;1021.43;634.602;1656.03;2048;36.9322;0.428801
10.3001;1021.43;630.266;1651.69;2048;35.2872;0.428801
10.3101;1021.43;635.67;1657.1;2048;34.0221;0.428801
10.3201;1021.43;638.852;1660.28;2048;33.9942;0.428801
10.3301;1021.43;636.864;1658.29;2048;33.5069;0.428801
10.3401;1021.43;641.226;1662.65;2048;36.8029;0.428801
10.3501;1021.43;642.902;1664.33;2048;37.3378;0.428801
10.3601;1021.43;634.55;1655.98;2048;37.9702;0.428801
10.3701;1021.43;637.331;1658.76;2048;36.7961;0.428801
10.3801;1021.43;637.15;1658.57;2048;35.9107;0.428801
10.3901;1021.43;635.522;1656.95;2048;35.1957;0.428801
10.4001;1021.43;634.367;1655.79;2048;36.3905;0.428801
10.4101;1021.43;637.612;1659.04;2048;36.6675;0.428801
10.4201;1021.43;633.643;1655.07;2048;36.4229;0.428801
10.4301;1021.43;637.062;1658.49;2048;36.5278;0.428801
10.4401;1021.43;638.022;1659.45;2048;35.7687;0.428801
10.4501;1021.43;637.073;1658.5;2048;35.1352;0.428801
10.4601;1021.43;634.805;1656.23;2048;34.823;0.428801
10.4701;1021.43;641.676;1663.1;2048;36.2479;0.428801
10.4801;1021.43;641.381;1662.81;2048;35.8929;0.428801
10.4901;1021.43;637.446;1658.87;2048;37.3589;0.428801
10.5001;1021.43;635.295;1656.72;2048;35.9072;0.428801
10.5101;1021.43;639.697;1661.12;2048;35.9467;0.428801
10.5201;1021.43;633.567;1654.99;2048;35.2184;0.428801
10.5301;1021.43;636.433;1657.86;2048;39.7877;0.428801
10.5401;1021.43;635.006;1656.43;2048;39.344;0.428801
10.5501;1021.43;634.98;1656.41;2048;39.3148;0.428801
10.5601;1021.43;641.395;1662.82;2048;39.9326;0.428801
10.5701;1021.43;639.392;1660.82;2048;38.3752;0.428801
10.5801;1021.43;636.583;1658.01;2048;37.1195;0.428801
10.5901;1021.43;634.32;1655.75;2048;37.5847;0.428801
10.6001;1021.43;637.641;1659.07;2048;37.8023;0.428801
10.6101;1021.43;636.101;1657.53;2048;36.3063;0.428801
10.6201;1021.43;642.532;1663.96;2048;36.9438;0.428801
10.6301;1021.43;636.833;1658.26;2048;35.3249;0.428801
10.6401;1021.43;639.485;1660.91;2048;35.2279;0.428801
10.6501;1021.43;632.964;1654.39;2048;35.6633;0.428801
10.6601;1021.43;639.778;1661.2;2048;39.6721;0.428801
10.6701;1021.43;634.265;1655.69;2048;39.0448;0.428801
10.6801;1021.43;635.254;1656.68;2048;39.4098;0.428801
10.6901;1021.43;640.88;1662.3;2048;38.584;0.428801
10.7001;1021.43;639.525;1660.95;2048;37.8774;0.428801
10.7101;1021.43;635.599;1657.02;2048;36.6731;0.428801
10.7201;1021.43;634.372;1655.8;2048;39.0871;0.428801
10.7302;1021.43;637.897;1659.32;2048;39.0454;0.428801
10.7402;1021.43;636.389;1657.81;2048;37.3046;0.428801
10.7502;1021.43;642.338;1663.76;2048;37.3416;0.428801
10.7602;1021.43;637.292;1658.72;2048;35.8003;0.428801
10.7702;1021.43;638.452;1659.88;2048;35.5501;0.428801
10.7802;1021.43;633.715;1655.14;2048;35.7257;0.428801
10.7902;1021.43;638.073;1659.5;2048;39.7473;0.428801
10.8002;1021.43;637.916;1659.34;2048;39.2866;0.428801
10.8102;1021.43;633.625;1655.05;2048;39.4008;0.428801
10.8202;1021.43;640.692;1662.12;2048;38.1135;0.428801
10.8302;1021.43;639.378;1660.8;2048;38.6032;0.428801
10.8402;1021.43;635.609;1657.03;2048;37.407;0.428801
10.8502;1021.43;635.53;1656.95;2048;40.3304;0.428801
10.8602;1021.43;639.261;1660.69;2048;39.6931;0.428801
10.8702;1021.43;637.569;1658.99;2048;39.0532;0.428801
10.8802;1021.43;640.962;1662.39;2048;37.7909;0.428801
10.8902;1021.43;638.17;1659.6;2048;36.4852;0.428801
10.9002;1021.43;638.918;1660.34;2048;35.9535;0.428801
10.9102;1021.43;633.192;1654.62;2048;35.7341;0.428801
10.9202;1021.43;640.383;1661.81;2048;40.243;0.428801
10.9302;1021.43;634.201;1655.63;2048;39.077;0.428801
10.9402;1021.43;638.193;1659.62;2048;39.5195;0.428801
10.9502;1021.43;636.426;1657.85;2048;37.6426;0.428801
10.9602;1021.43;639.67;1661.1;2048;37.3848;0.428801
10.9702;1021.43;634.723;1656.15;2048;36.6123;0.428801
10.9802;1021.43;640.108;1661.53;2048;38.8031;0.428801
10.9902;1021.43;638.464;1659.89;2048;39.8447;0.428801
11.0002;1021.43;635.601;1657.03;2048;37.84;0.428801
11.0102;1021.43;637.415;1658.84;2048;36.04;0.428801
11.0202;1021.43;639.526;1660.95;2048;35.7148;0.428801
11.0302;1021.43;639.294;1660.72;2048;36.1609;0.428801
11.0402;1021.43;634.03;1655.46;2048;37.6892;0.428801
11.0502;1021.43;639.373;1660.8;2048;40.8827;0.428801
11.0602;1021.43;633.729;1655.15;2048;40.0344;0.428801
11.0702;1021.43;641.012;1662.44;2048;41.6321;0.428801
11.0802;1021.43;634.483;1655.91;2048;39.0578;0.428801
11.0902;1021.43;638.924;1660.35;2048;38.1467;0.428801
11.1002;1021.43;635.863;1657.29;2048;37.2473;0.428801
11.1102;1021.43;634.545;1655.97;2048;40.0677;0.428801
11.1202;1021.43;640.474;1661.9;2048;43.8517;0.428801
11.1302;1021.43;643.469;1664.89;2048;43.5856;0.428801
11.1402;1021.43;640.209;1661.63;2048;41.3189;0.428801
11.1502;1021.43;636.365;1657.79;2048;40.0587;0.428801
11.1602;1021.43;635.621;1657.05;2048;39.6441;0.428801
11.1702;1021.43;632.845;1654.27;2048;39.1168;0.428801
11.1802;1021.43;636.39;1657.82;2048;43.451;0.428801
11.1902;1021.43;640.684;1662.11;2048;45.783;0.428801
11.2002;1021.43;636.694;1658.12;2048;46.1687;0.428801
11.2102;1021.43;639.683;1661.11;2048;43.9795;0.428801
11.2202;1021.43;635.151;1656.58;2048;41.8002;0.428801
11.2302;1021.43;636.65;1658.08;2048;40.8437;0.428801
11.2402;1021.43;633.253;1654.68;2048;42.0644;0.428801
11.2502;1021.43;638.09;1659.52;2048;46.8393;0.428801
11.2602;1021.43;640.837;1662.26;2048;47.8342;0.428801
11.2702;1021.43;639.881;1661.31;2048;49.2401;0.428801
11.2802;1021.43;634.584;1656.01;2048;46.6748;0.428801
11.2902;1021.43;632.876;1654.3;2048;44.5504;0.428801
11.3002;1021.43;633.112;1654.54;2048;43.6858;0.428801
11.3102;1021.43;636.071;1657.5;2048;45.0375;0.428801
11.3202;1021.43;642.378;1663.8;2048;48.5609;0.428801
11.3302;1021.43;634.56;1655.99;2048;48.6809;0.428801
11.3402;1021.43;640.882;1662.31;2048;46.7228;0.428801
11.3502;1021.43;632.721;1654.15;2048;43.7984;0.428801
11.3602;1021.43;636.02;1657.45;2048;42.6802;0.428801
11.3702;1021.43;633.658;1655.08;2048;43.6404;0.428801
11.3802;1021.43;635.88;1657.31;2048;49.0923;0.428801
11.3902;1021.43;638.393;1659.82;2048;54.8031;0.428801
11.4002;1021.43;639.532;1660.96;2048;55.0372;0.428801
11.4102;1021.43;633.603;1655.03;2048;51.6616;0.428801
11.4202;1021.43;630.921;1652.35;2048;47.8;0.428801
11.4302;1021.43;634.001;1655.43;2048;45.8696;0.428801
11.4402;1021.43;635.65;1657.07;2048;46.0174;0.428801
11.4502;1021.43;638.625;1660.05;2048;52.4021;0.428801
11.4602;1021.43;632.519;1653.94;2048;51.2454;0.428801
11.4702;1021.43;641.19;1662.62;2048;53.1026;0.428801
11.4802;1021.43;632.833;1654.26;2048;49.1711;0.428801
11.4902;1021.43;633.99;1655.42;2048;46.6448;0.428801
11.5002;1021.43;635.931;1657.36;2048;45.8574;0.428801
11.5102;1021.43;635.542;1656.97;2048;49.0471;0.428801
11.5202;1021.43;633.598;1655.02;2048;51.4082;0.428801
11.5302;1021.43;635.666;1657.09;2048;52.1733;0.428801
11.5402;1021.43;637.494;1658.92;2048;50.9034;0.428801
11.5502;1021.43;634.775;1656.2;2048;46.7929;0.428801
11.5602;1021.43;637.589;1659.01;2048;45.1756;0.428801
11.5702;1021.43;633.456;1654.88;2048;44.5009;0.428801
11.5802;1021.43;635.371;1656.8;2048;52.0872;0.428801
11.5902;1021.43;635.279;1656.7;2048;50.7528;0.428801
11.6002;1021.43;636.024;1657.45;2048;50.4634;0.428801
11.6102;1021.43;637.218;1658.64;2048;47.6542;0.428801
11.6202;1021.43;633.672;1655.1;2048;45.2237;0.428801
11.6302;1021.43;635.791;1657.22;2048;44.2811;0.428801
11.6402;1021.43;634.692;1656.12;2048;44.3175;0.428801
11.6502;1021.43;634.176;1655.6;2048;46.7031;0.428801
11.6602;1021.43;634.191;1655.62;2048;47.8707;0.428801
11.6702;1021.43;640.172;1661.6;2048;47.9267;0.428801
11.6802;1021.43;640.174;1661.6;2048;46.6375;0.428801
11.6902;1021.43;637.756;1659.18;2048;44.9234;0.428801
11.7002;1021.43;632.886;1654.31;2048;43.8647;0.428801
11.7102;1021.43;633.33;1654.76;2048;49.972;0.428801
11.7202;1021.43;638.6;1660.03;2048;51.3891;0.428801
11.7302;1021.43;631.338;1652.76;2048;49.6983;0.428801
11.7402;1021.43;640.683;1662.11;2048;47.8235;0.428801
11.7502;1021.43;634.637;1656.06;2048;45.1077;0.428801
11.7602;1021.43;633.907;1655.33;2048;42.6584;0.428801
11.7702;1021.43;632.846;1654.27;2048;42.4281;0.428801
11.7802;1021.43;634.439;1655.86;2048;43.9453;0.428801
11.7902;1021.43;632.838;1654.26;2048;44.3608;0.428801
11.8002;1021.43;640.212;1661.64;2048;45.2485;0.428801
11.8102;1021.43;641.681;1663.11;2048;45.3689;0.428801
11.8202;1021.43;634.474;1655.9;2048;44.1515;0.428801
11.8302;1021.43;632.904;1654.33;2048;42.4979;0.428801
11.8402;1021.43;630.694;1652.12;2048;41.0911;0.428801
11.8502;1021.43;637.555;1658.98;2048;45.8564;0.428801
11.8602;1021.43;632.812;1654.24;2048;44.5381;0.428801
11.8702;1021.43;637.868;1659.29;2048;44.8879;0.428801
11.8802;1021.43;638.431;1659.86;2048;44.0522;0.428801
11.8902;1021.43;632.301;1653.73;2048;41.407;0.428801
11.9002;1021.43;632.208;1653.63;2048;39.8786;0.428801
11.9102;1021.43;632.111;1653.54;2048;40.6945;0.428801
11.9202;1021.43;638.039;1659.46;2048;43.9288;0.428801
11.9302;1021.43;633.755;1655.18;2048;43.3934;0.428801
11.9402;1021.43;633.991;1655.42;2048;42.6876;0.428801
11.9502;1021.43;632.203;1653.63;2048;41.5789;0.428801
11.9602;1021.43;636.409;1657.83;2048;40.2065;0.428801
11.9702;1021.43;632.58;1654.01;2048;38.6832;0.428801
11.9802;1021.43;633.191;1654.62;2048;41.6758;0.428801
11.9902;1021.43;639.428;1660.85;2048;42.1786;0.428801
12.0002;1021.43;631.162;1652.59;2048;42.7539;0.428801
12.0102;1021.43;637.541;1658.97;2048;42.7467;0.428801
12.0202;1021.43;634.364;1655.79;2048;40.5156;0.428801
12.0302;1021.43;634.281;1655.71;2048;38.7162;0.428801
12.0402;1021.43;631.641;1653.07;2048;39.0605;0.428801
12.0502;1021.43;636.762;1658.19;2048;42.6819;0.428801
12.0602;1021.43;629.832;1651.26;2048;41.736;0.428801
12.0702;1021.43;627.444;1648.87;2048;40.1347;0.428801
12.0802;1021.43;634.803;1656.23;2048;38.8065;0.428801
12.0902;1021.43;637.298;1658.72;2048;37.4988;0.428801
12.1002;1021.43;636.041;1657.47;2048;36.8124;0.428801
12.1102;1021.43;630.832;1652.26;2048;38.0464;0.428801
12.1202;1021.43;637.787;1659.21;2048;40.5545;0.428801
12.1302;1021.43;629.034;1650.46;2048;39.2866;0.428801
12.1402;1021.43;634.416;1655.84;2048;39.6454;0.428801
12.1502;1021.43;638.11;1659.54;2048;38.5834;0.428801
12.1602;1021.43;636.916;1658.34;2048;36.9586;0.428801
12.1702;1021.43;632.255;1653.68;2048;35.9463;0.428801
12.1802;1021.43;633.709;1655.13;2048;39.2352;0.428801
12.1902;1021.43;633.128;1654.55;2048;38.9725;0.428801
12.2002;1021.43;631.115;1652.54;2048;37.5761;0.428801
12.2102;1021.43;638.221;1659.65;2048;36.8411;0.428801
12.2202;1021.43;636.734;1658.16;2048;35.7264;0.428801
12.2302;1021.43;637.08;1658.51;2048;35.3651;0.428801
12.2402;1021.43;630.827;1652.25;2048;36.5138;0.428801
12.2502;1021.43;637.449;1658.87;2048;40.642;0.428801
12.2602;1021.43;633.381;1654.81;2048;40.147;0.428801
12.2702;1021.43;632.328;1653.75;2048;40.105;0.428801
12.2802;1021.43;638.669;1660.09;2048;38.581;0.428801
12.2902;1021.43;637.171;1658.6;2048;38.7058;0.428801
12.3002;1021.43;634.045;1655.47;2048;37.3451;0.428801
12.3102;1021.43;632.299;1653.72;2048;39.2419;0.428801
12.3202;1021.43;638.155;1659.58;2048;39.3488;0.428801
12.3302;1021.43;637.44;1658.87;2048;40.6923;0.428801
12.3402;1021.43;640.203;1661.63;2048;40.4622;0.428801
12.3502;1021.43;633.895;1655.32;2048;38.3;0.428801
12.3602;1021.43;634.526;1655.95;2048;37.561;0.428801
12.3702;1021.43;632.431;1653.86;2048;36.896;0.428801
12.3802;1021.43;635.307;1656.73;2048;40.6293;0.428801
12.3902;1021.43;638.697;1660.12;2048;41.0593;0.428801
12.4002;1021.43;631.161;1652.59;2048;40.566;0.428801
12.4102;1021.43;638.222;1659.65;2048;39.8121;0.428801
12.4202;1021.43;635.136;1656.56;2048;39.9447;0.428801
12.4302;1021.43;635.479;1656.9;2048;38.8698;0.428801
12.4402;1021.43;633.413;1654.84;2048;40.065;0.428801
12.4502;1021.43;639.037;1660.46;2048;42.7944;0.428801
12.4602;1021.43;642.552;1663.98;2048;46.0528;0.428801
12.4702;1021.43;638.721;1660.15;2048;45.8782;0.428801
12.4802;1021.43;632.568;1653.99;2048;42.5744;0.428801
12.4902;1021.43;631.791;1653.22;2048;41.205;0.428801
12.5002;1021.43;634.467;1655.89;2048;39.7756;0.428801
12.5102;1021.43;633.946;1655.37;2048;42.3655;0.428801
12.5202;1021.43;640.393;1661.82;2048;44.6373;0.428801
12.5302;1021.43;633.877;1655.3;2048;43.7386;0.428801
12.5402;1021.43;635.792;1657.22;2048;43.2116;0.428801
12.5502;1021.43;632.27;1653.69;2048;42.1433;0.428801
12.5602;1021.43;635.328;1656.75;2048;41.336;0.428801
12.5702;1021.43;635.271;1656.7;2048;41.2525;0.428801
12.5802;1021.43;635.714;1657.14;2048;44.3825;0.428801
12.5902;1021.43;637.329;1658.75;2048;50.0143;0.428801
12.6002;1021.43;634.928;1656.35;2048;50.1488;0.428801
12.6102;1021.43;633.42;1654.85;2048;46.2742;0.428801
12.6202;1021.43;630.521;1651.95;2048;44.1181;0.428801
12.6302;1021.43;635.913;1657.34;2048;42.6015;0.428801
12.6402;1021.43;632.216;1653.64;2048;44.0548;0.428801
12.6502;1021.43;638.168;1659.59;2048;47.5863;0.428801
12.6602;1021.43;635.242;1656.67;2048;48.5484;0.428801
12.6702;1021.43;635.547;1656.97;2048;48.2966;0.428801
12.6802;1021.43;631.382;1652.81;2048;45.7562;0.428801
12.6902;1021.43;634.715;1656.14;2048;44.2427;0.428801
12.7002;1021.43;635.098;1656.52;2048;43.3199;0.428801
12.7102;1021.43;634.408;1655.83;2048;46.6309;0.428801
12.7202;1021.43;634.411;1655.84;2048;52.8503;0.428801
12.7302;1021.43;634.193;1655.62;2048;53.2079;0.428801
12.7402;1021.43;634.147;1655.57;2048;51.8431;0.428801
12.7502;1021.43;630.936;1652.36;2048;48.2454;0.428801
12.7602;1021.43;636.158;1657.58;2048;46.0478;0.428801
12.7702;1021.43;632.382;1653.81;2048;47.1282;0.428801
12.7802;1021.43;636.68;1658.1;2048;52.679;0.428801
12.7902;1021.43;633.651;1655.08;2048;51.4129;0.428801
12.8002;1021.43;636.87;1658.3;2048;52.0712;0.428801
12.8102;1021.43;631.089;1652.51;2048;48.5353;0.428801
12.8202;1021.43;633.678;1655.1;2048;45.8105;0.428801
12.8302;1021.43;635.057;1656.48;2048;45.0165;0.428801
12.8402;1021.43;634.305;1655.73;2048;47.6107;0.428801
12.8502;1021.43;632.777;1654.2;2048;53.9123;0.428801
12.8602;1021.43;633.917;1655.34;2048;54.2028;0.428801
12.8702;1021.43;634.595;1656.02;2048;52.8409;0.428801
12.8802;1021.43;631.028;1652.45;2048;48.5258;0.428801
12.8902;1021.43;636.13;1657.56;2048;46.5474;0.428801
12.9002;1021.43;633.434;1654.86;2048;47.8059;0.428801
12.9102;1021.43;636.439;1657.86;2048;53.7077;0.428801
12.9202;1021.43;632.131;1653.56;2048;51.8635;0.428801
12.9302;1021.43;639.062;1660.49;2048;53.2984;0.428801
12.9402;1021.43;631.558;1652.98;2048;49.3115;0.428801
12.9502;1021.43;633.046;1654.47;2048;46.459;0.428801
12.9602;1021.43;635.003;1656.43;2048;45.3568;0.428801
12.9702;1021.43;634.355;1655.78;2048;47.8008;0.428801
12.9802;1021.43;632.842;1654.27;2048;53.8361;0.428801
12.9902;1021.43;635.284;1656.71;2048;53.9985;0.428801
13.0002;1021.43;634.552;1655.98;2048;52.4569;0.428801
13.0102;1021.43;630.871;1652.3;2048;48.3148;0.428801
13.0202;1021.43;635.451;1656.88;2048;46.3998;0.428801
13.0302;1021.43;634.148;1655.57;2048;45.3059;0.428801
13.0402;1021.43;635.372;1656.8;2048;52.6999;0.428801
13.0502;1021.43;632.633;1654.06;2048;51.5919;0.428801
13.0602;1021.43;638.135;1659.56;2048;53.6216;0.428801
13.0702;1021.43;633.664;1655.09;2048;50.3299;0.428801
13.0802;1021.43;632.971;1654.4;2048;47.3116;0.428801
13.0902;1021.43;634.982;1656.41;2048;45.4632;0.428801
13.1002;1021.43;634.217;1655.64;2048;47.2996;0.428801
13.1102;1021.43;632.924;1654.35;2048;52.5968;0.428801
13.1202;1021.43;634.611;1656.04;2048;52.5513;0.428801
13.1302;1021.43;637.459;1658.88;2048;51.343;0.428801
13.1402;1021.43;634.702;1656.13;2048;47.6834;0.428801
13.1502;1021.43;636.927;1658.35;2048;45.3498;0.428801
13.1602;1021.43;632.677;1654.1;2048;44.2875;0.428801
13.1702;1021.43;633.597;1655.02;2048;49.171;0.428801
13.1802;1021.43;636.096;1657.52;2048;49.3735;0.428801
13.1902;1021.43;632.116;1653.54;2048;50.6335;0.428801
13.2002;1021.43;638.916;1660.34;2048;48.8633;0.428801
13.2102;1021.43;633.605;1655.03;2048;46.0141;0.428801
13.2202;1021.43;633.041;1654.47;2048;44.1389;0.428801
13.2302;1021.43;631.881;1653.31;2048;44.5487;0.428801
13.2402;1021.43;633.488;1654.91;2048;45.3237;0.428801
13.2502;1021.43;632.465;1653.89;2048;45.4697;0.428801
13.2602;1021.43;639.944;1661.37;2048;47.0553;0.428801
13.2702;1021.43;641.096;1662.52;2048;45.8329;0.428801
13.2802;1021.43;634.454;1655.88;2048;44.2444;0.428801
13.2902;1021.43;631.765;1653.19;2048;42.3866;0.428801
13.3002;1021.43;630.874;1652.3;2048;43.5449;0.428801
13.3102;1021.43;637.699;1659.12;2048;47.0809;0.428801
13.3202;1021.43;631.846;1653.27;2048;45.8135;0.428801
13.3302;1021.43;639.626;1661.05;2048;46.2714;0.428801
13.3402;1021.43;636.838;1658.26;2048;44.5757;0.428801
13.3502;1021.43;631.114;1652.54;2048;41.9176;0.428801
13.3602;1021.43;630.97;1652.4;2048;41.8782;0.428801
13.3702;1021.43;632.305;1653.73;2048;42.149;0.428801
13.3802;1021.43;635.674;1657.1;2048;43.6045;0.428801
13.3902;1021.43;636.602;1658.03;2048;44.956;0.428801
13.4002;1021.43;639.239;1660.66;2048;44.9503;0.428801
13.4102;1021.43;631.606;1653.03;2048;43.3964;0.428801
13.4202;1021.43;634.045;1655.47;2048;41.7116;0.428801
13.4302;1021.43;630.589;1652.01;2048;41.0223;0.428801
13.4402;1021.43;634.713;1656.14;2048;46.1315;0.428801
13.4502;1021.43;636.421;1657.85;2048;46.3189;0.428801
13.4602;1021.43;634.125;1655.55;2048;46.1317;0.428801
13.4702;1021.43;637.651;1659.08;2048;45.0324;0.428801
13.4802;1021.43;633.031;1654.46;2048;42.2014;0.428801
13.4902;1021.43;633.42;1654.85;2048;40.0953;0.428801
13.5002;1021.43;631.135;1652.56;2048;39.3287;0.428801
13.5102;1021.43;636.59;1658.02;2048;42.8041;0.428801
13.5202;1021.43;630.057;1651.48;2048;43.0497;0.428801
13.5302;1021.43;629.722;1651.15;2048;41.008;0.428801
13.5402;1021.43;633.603;1655.03;2048;39.4135;0.428801
13.5502;1021.43;636.777;1658.2;2048;38.5954;0.428801
13.5602;1021.43;634.502;1655.93;2048;37.4781;0.428801
13.5702;1021.43;630.844;1652.27;2048;37.5299;0.428801
13.5802;1021.43;636.906;1658.33;2048;41.4343;0.428801
13.5902;1021.43;627.396;1648.82;2048;40.7187;0.428801
13.6002;1021.43;634.384;1655.81;2048;41.0738;0.428801
13.6102;1021.43;637.451;1658.88;2048;39.9777;0.428801
13.6202;1021.43;636.472;1657.9;2048;38.3379;0.428801
13.6302;1021.43;631.877;1653.3;2048;36.7333;0.428801
13.6402;1021.43;631.442;1652.87;2048;40.551;0.428801
13.6502;1021.43;631.666;1653.09;2048;39.9662;0.428801
13.6602;1021.43;629.546;1650.97;2048;38.1738;0.428801
13.6702;1021.43;638.553;1659.98;2048;37.2417;0.428801
13.6802;1021.43;635.305;1656.73;2048;36.2996;0.428801
13.6902;1021.43;636.193;1657.62;2048;35.9399;0.428801
13.7002;1021.43;630.133;1651.56;2048;35.2815;0.428801
13.7102;1021.43;634.249;1655.67;2048;40.0472;0.428801
13.7202;1021.43;635.246;1656.67;2048;39.2503;0.428801
13.7302;1021.43;630.305;1651.73;2048;39.3536;0.428801
13.7402;1021.43;636.39;1657.82;2048;39.0723;0.428801
13.7502;1021.43;634.532;1655.96;2048;37.9396;0.428801
13.7602;1021.43;634.784;1656.21;2048;36.257;0.428801
13.7702;1021.43;633.478;1654.9;2048;36.3861;0.428801
13.7802;1021.43;639.271;1660.7;2048;37.4121;0.428801
13.7902;1021.43;639.325;1660.75;2048;37.2866;0.428801
13.8002;1021.43;638.15;1659.58;2048;37.28;0.428801
13.8102;1021.43;632.253;1653.68;2048;35.6326;0.428801
13.8202;1021.43;632.897;1654.32;2048;35.0336;0.428801
13.8302;1021.43;633.392;1654.82;2048;34.8646;0.428801
13.8402;1021.43;632.904;1654.33;2048;38.0005;0.428801
13.8502;1021.43;640.312;1661.74;2048;42.9069;0.428801
13.8602;1021.43;634.475;1655.9;2048;43.1202;0.428801
13.8702;1021.43;631.282;1652.71;2048;41.0871;0.428801
13.8802;1021.43;631.596;1653.02;2048;40.2228;0.428801
13.8902;1021.43;634.777;1656.2;2048;39.3506;0.428801
13.9002;1021.43;635.847;1657.27;2048;39.1668;0.428801
13.9102;1021.43;638.045;1659.47;2048;40.9499;0.428801
13.9202;1021.43;639.429;1660.85;2048;42.2024;0.428801
13.9302;1021.43;633.362;1654.79;2048;42.3854;0.428801
13.9402;1021.43;633.109;1654.53;2048;40.3061;0.428801
13.9502;1021.43;630.548;1651.97;2048;38.5756;0.428801
13.9602;1021.43;635.435;1656.86;2048;38.1003;0.428801
13.9702;1021.43;630.55;1651.98;2048;38.0454;0.428801
13.9802;1021.43;634.902;1656.33;2048;45.1689;0.428801
13.9902;1021.43;637.766;1659.19;2048;47.7323;0.428801
14.0002;1021.43;632.013;1653.44;2048;44.6359;0.428801
14.0102;1021.43;633.724;1655.15;2048;43.8494;0.428801
14.0202;1021.43;631.758;1653.18;2048;41.5518;0.428801
14.0302;1021.43;630.847;1652.27;2048;41.1007;0.428801
14.0402;1021.43;631.314;1652.74;2048;44.3733;0.428801
14.0502;1021.43;631.949;1653.37;2048;47.7182;0.428801
14.0602;1021.43;633.825;1655.25;2048;47.0505;0.428801
14.0702;1021.43;638.789;1660.21;2048;48.3943;0.428801
14.0802;1021.43;635.749;1657.17;2048;45.3754;0.428801
14.0902;1021.43;631.614;1653.04;2048;42.637;0.428801
14.1002;1021.43;632.461;1653.89;2048;41.5956;0.428801
14.1102;1021.43;630.832;1652.26;2048;44.3875;0.428801
14.1202;1021.43;632.544;1653.97;2048;50.454;0.428801
14.1302;1021.43;639.116;1660.54;2048;54.602;0.428801
14.1402;1021.43;639.149;1660.57;2048;55.4377;0.428801
14.1502;1021.43;633.588;1655.01;2048;50.9372;0.428801
14.1602;1021.43;629.521;1650.95;2048;47.5571;0.428801
14.1702;1021.43;631.08;1652.51;2048;47.197;0.428801
14.1802;1021.43;633.687;1655.11;2048;47.3022;0.428801
14.1902;1021.43;638.56;1659.98;2048;52.1121;0.428801
14.2002;1021.43;632.745;1654.17;2048;52.8153;0.428801
14.2102;1021.43;639.479;1660.9;2048;52.0862;0.428801
14.2202;1021.43;631.253;1652.68;2048;48.314;0.428801
14.2302;1021.43;634.91;1656.34;2048;46.9119;0.428801
14.2402;1021.43;630.641;1652.07;2048;44.8371;0.428801
14.2502;1021.43;633.308;1654.73;2048;48.9226;0.428801
14.2602;1021.43;634.402;1655.83;2048;53.4416;0.428801
14.2702;1021.43;636.075;1657.5;2048;55.2241;0.428801
14.2802;1021.43;637.471;1658.9;2048;52.8512;0.428801
14.2902;1021.43;636.963;1658.39;2048;48.7023;0.428801
14.3002;1021.43;634.146;1655.57;2048;45.6858;0.428801
14.3102;1021.43;632.525;1653.95;2048;45.2424;0.428801
14.3202;1021.43;633.115;1654.54;2048;52.9616;0.428801
14.3302;1021.43;630.146;1651.57;2048;52.4713;0.428801
14.3402;1021.43;636.071;1657.5;2048;51.3793;0.428801
14.3502;1021.43;634.952;1656.38;2048;48.5392;0.428801
14.3602;1021.43;633.747;1655.17;2048;46.902;0.428801
14.3702;1021.43;633.174;1654.6;2048;44.3417;0.428801
14.3802;1021.43;631.923;1653.35;2048;43.5538;0.428801
14.3902;1021.43;632.628;1654.05;2048;47.6607;0.428801
14.4002;1021.43;632.27;1653.7;2048;49.0207;0.428801
14.4102;1021.43;637.395;1658.82;2048;48.8919;0.428801
14.4202;1021.43;639.638;1661.06;2048;48.7088;0.428801
14.4302;1021.43;634.994;1656.42;2048;45.8305;0.428801
14.4402;1021.43;631.323;1652.75;2048;44.9861;0.428801
14.4502;1021.43;631.23;1652.66;2048;52.0694;0.428801
14.4602;1021.43;631.317;1652.74;2048;51.1479;0.428801
14.4702;1021.43;631.038;1652.46;2048;48.7536;0.428801
14.4802;1021.43;638.883;1660.31;2048;47.0145;0.428801
14.4902;1021.43;632.073;1653.5;2048;45.2343;0.428801
14.5002;1021.43;635.013;1656.44;2048;43.5702;0.428801
14.5102;1021.43;629.719;1651.14;2048;42.0051;0.428801
14.5202;1021.43;631.939;1653.36;2048;44.1203;0.428801
14.5302;1021.43;628.404;1649.83;2048;44.3438;0.428801
14.5402;1021.43;633.558;1654.98;2048;45.1914;0.428801
14.5502;1021.43;636.985;1658.41;2048;45.7073;0.428801
14.5602;1021.43;633.471;1654.9;2048;43.2388;0.428801
14.5702;1021.43;631.074;1652.5;2048;41.9438;0.428801
14.5802;1021.43;628.631;1650.06;2048;43.0664;0.428801
14.5902;1021.43;637.498;1658.92;2048;45.6227;0.428801
14.6002;1021.43;630.434;1651.86;2048;43.3404;0.428801
14.6102;1021.43;636.846;1658.27;2048;43.6242;0.428801
14.6202;1021.43;632.307;1653.73;2048;41.45;0.428801
14.6302;1021.43;633.363;1654.79;2048;39.7737;0.428801
14.6402;1021.43;629.734;1651.16;2048;38.3531;0.428801
14.6502;1021.43;630.389;1651.81;2048;39.0822;0.428801
14.6602;1021.43;633.894;1655.32;2048;39.4742;0.428801
14.6702;1021.43;629.498;1650.92;2048;38.2159;0.428801
14.6802;1021.43;629.383;1650.81;2048;38.1716;0.428801
14.6902;1021.43;631.601;1653.03;2048;36.9683;0.428801
14.7002;1021.43;633.631;1655.06;2048;36.5539;0.428801
14.7102;1021.43;630.746;1652.17;2048;35.2984;0.428801
14.7202;1021.43;637.043;1658.47;2048;39.5125;0.428801
14.7302;1021.43;634.511;1655.94;2048;38.8051;0.428801
14.7402;1021.43;632.674;1654.1;2048;39.3199;0.428801
14.7502;1021.43;634.858;1656.28;2048;38.3741;0.428801
14.7602;1021.43;631.8;1653.23;2048;36.6907;0.428801
14.7702;1021.43;632.237;1653.66;2048;35.8379;0.428801
14.7802;1021.43;630.121;1651.55;2048;36.3732;0.428801
14.7902;1021.43;638.032;1659.46;2048;39.1996;0.428801
14.8002;1021.43;630.673;1652.1;2048;38.3393;0.428801
14.8102;1021.43;626.073;1647.5;2048;37.3823;0.428801
14.8202;1021.43;631.694;1653.12;2048;35.8204;0.428801
14.8302;1021.43;635.611;1657.04;2048;35.8852;0.428801
14.8402;1021.43;633.444;1654.87;2048;34.9802;0.428801
14.8502;1021.43;636.096;1657.52;2048;38.8329;0.428801
14.8602;1021.43;639.84;1661.27;2048;39.3051;0.428801
14.8702;1021.43;627.738;1649.16;2048;39.0787;0.428801
14.8802;1021.43;637.297;1658.72;2048;38.9375;0.428801
14.8902;1021.43;630.368;1651.79;2048;36.6598;0.428801
14.9002;1021.43;635.284;1656.71;2048;35.7249;0.428801
14.9102;1021.43;631.438;1652.86;2048;35.3854;0.428801
14.9202;1021.43;635.468;1656.89;2048;39.2905;0.428801
14.9302;1021.43;636.386;1657.81;2048;40.3273;0.428801
14.9402;1021.43;633.544;1654.97;2048;38.3644;0.428801
14.9502;1021.43;635.161;1656.59;2048;36.2273;0.428801
14.9602;1021.43;635.501;1656.93;2048;35.5183;0.428801
14.9702;1021.43;635.798;1657.22;2048;35.3695;0.428801
14.9802;1021.43;629.836;1651.26;2048;36.6913;0.428801
14.9902;1021.43;634.969;1656.39;2048;40.8234;0.428801
