0;1027.28;-4.64472;1022.64;1024;2.6007;2.70869
0.01;1027.28;-4.57831;1022.71;1024;2.6446;2.70869
0.02;1027.28;-4.49225;1022.79;1024;2.8466;2.70869
0.03;1027.28;-3.85401;1023.43;1024;2.958;2.70869
0.04;1027.28;-0.683047;1026.6;1024;3.1669;2.70869
0.05;1027.28;1.55414;1028.84;1024;3.0774;2.70869
0.06;1027.28;6.27154;1033.56;1024;2.7862;2.70869
0.07;1027.28;9.14203;1036.43;1024;2.9722;2.70869
0.08;1027.28;11.965;1039.25;1024;3.583;2.70869
0.09;1027.28;14.0952;1041.38;1024;3.5698;2.70869
0.1;1027.28;18.2342;1045.52;1024;3.5597;2.70869
0.11;1027.28;22.959;1050.24;1024;3.0783;2.70869
0.12;1027.28;25.716;1053;1024;2.739;2.70869
0.13;1027.28;29.0742;1056.36;1024;2.9452;2.70869
0.14;1027.28;33.1327;1060.42;1024;4.626;2.70869
0.15;1027.28;34.043;1061.33;1024;5.8662;2.70869
0.16;1027.28;35.3998;1062.68;1024;5.7759;2.70869
0.17;1027.28;39.704;1066.99;1024;5.5562;2.70869
0.18;1027.28;44.4081;1071.69;1024;4.5734;2.70869
0.19;1027.28;46.3963;1073.68;1024;4.7951;2.70869
0.2;1027.28;48.0309;1075.32;1024;5.6198;2.70869
0.21;1027.28;49.5956;1076.88;1024;7.5416;2.70869
0.22;1027.28;49.369;1076.65;1024;7.571;2.70869
0.23;1027.28;53.7034;1080.99;1024;7.6214;2.70869
0.24;1027.28;55.9715;1083.26;1024;6.0701;2.70869
0.25;1027.28;57.5275;1084.81;1024;5.3219;2.70869
0.26;1027.28;61.158;1088.44;1024;5.5963;2.70869
0.27;1027.28;63.1824;1090.47;1024;8.8474;2.70869
0.28;1027.28;62.7565;1090.04;1024;9.3928;2.70869
0.29;1027.28;65.1093;1092.39;1024;10.1927;2.70869
0.3;1027.28;65.5082;1092.79;1024;9.0233;2.70869
0.31;1027.28;69.3687;1096.65;1024;7.6701;2.70869
0.32;1027.28;68.5656;1095.85;1024;7.8018;2.70869
0.33;1027.28;72.5038;1099.79;1024;7.8261;2.70869
0.34;1027.28;74.2084;1101.49;1024;9.3472;2.70869
0.35;1027.28;72.5115;1099.8;1024;9.5372;2.70869
0.36;1027.28;76.2687;1103.55;1024;9.4826;2.70869
0.37;1027.28;79.1386;1106.42;1024;8.7333;2.70869
0.38;1027.28;79.4472;1106.73;1024;8.1064;2.70869
0.39;1027.28;83.0844;1110.37;1024;9.1147;2.70869
0.4;1027.28;80.876;1108.16;1024;8.4591;2.70869
0.41;1027.28;83.4763;1110.76;1024;9.7909;2.70869
0.42;1027.28;82.027;1109.31;1024;10.3988;2.70869
0.43;1027.28;87.1472;1114.43;1024;10.1758;2.70869
0.44;1027.28;88.2609;1115.55;1024;10.2258;2.70869
0.45;1027.28;87.3838;1114.67;1024;8.8828;2.70869
0.46;1027.28;90.762;1118.05;1024;11.1224;2.70869
0.47;1027.28;90.003;1117.29;1024;10.8559;2.70869
0.48;1027.28;94.9462;1122.23;1024;12.7019;2.70869
0.49;1027.28;92.5745;1119.86;1024;12.3205;2.70869
0.5;1027.28;95.8205;1123.1;1024;11.7147;2.70869
0.51;1027.28;93.1609;1120.45;1024;11.2375;2.70869
0.52;1027.28;96.6;1123.88;1024;11.373;2.70869
0.53;1027.28;96.2394;1123.52;1024;14.6289;2.70869
0.54;1027.28;99.0367;1126.32;1024;13.8955;2.70869
0.55;1027.28;100.41;1127.69;1024;14.7444;2.70869
0.56;1027.28;98.6562;1125.94;1024;12.6281;2.70869
0.57;1027.28;100.347;1127.63;1024;13.2935;2.70869
0.58;1027.28;100.859;1128.14;1024;12.1706;2.70869
0.59;1027.28;106.067;1133.35;1024;15.4803;2.70869
0.6;1027.28;103.545;1130.83;1024;14.6014;2.70869
0.61;1027.28;106.651;1133.94;1024;13.9383;2.70869
0.62;1027.28;102.869;1130.15;1024;12.2097;2.70869
0.63;1027.28;108.879;1136.16;1024;12.0916;2.70869
0.64;1027.28;106.937;1134.22;1024;12.0374;2.70869
0.65;1027.28;111.356;1138.64;1024;12.5778;2.70869
0.66;1027.28;109.154;1136.44;1024;14.3471;2.70869
0.67;1027.28;110.469;1137.75;1024;13.0781;2.70869
0.68;1027.28;109.42;1136.7;1024;13.6192;2.70869
0.69;1027.28;112.489;1139.77;1024;12.3562;2.70869
0.7;1027.28;113.177;1140.46;1024;23.4579;2.70869
0.71;1027.28;113.601;1140.89;1024;20.8202;2.70869
0.72;1027.28;115.953;1143.24;1024;26.66;2.70869
0.73;1027.28;113.657;1140.94;1024;22.5684;2.70869
0.74;1027.28;117.883;1145.17;1024;25.0636;2.70869
0.75;1027.28;115.631;1142.92;1024;21.3895;2.70869
0.76;1027.28;121.265;1148.55;1024;33.4211;2.70869
0.77;1027.28;117.16;1144.44;1024;28.6957;2.70869
0.78;1027.28;120.775;1148.06;1024;34.411;2.70869
0.79;1027.28;117.283;1144.57;1024;29.1128;2.70869
0.8;1027.28;122.534;1149.82;1024;28.63;2.70869
0.81;1027.28;119.655;1146.94;1024;24.5004;2.70869
0.82;1027.28;126.799;1154.08;1024;27.0693;2.70869
0.83;1027.28;121.348;1148.63;1024;23.5006;2.70869
0.839999;1027.28;123.787;1151.07;1024;27.8225;2.70869
0.849999;1027.28;121.077;1148.36;1024;24.2188;2.70869
0.859999;1027.28;124.806;1152.09;1024;24.5201;2.70869
0.869999;1027.28;123.652;1150.94;1024;21.4583;2.70869
0.879999;1027.28;129.344;1156.63;1024;21.2247;2.70869
0.889999;1027.28;125.744;1153.03;1024;18.8952;2.70869
0.899999;1027.28;126.921;1154.2;1024;19.6438;2.70869
0.909999;1027.28;124.851;1152.14;1024;17.922;2.70869
0.919999;1027.28;126.061;1153.34;1024;18.2001;2.70869
0.929999;1027.28;126.865;1154.15;1024;16.9271;2.70869
0.939999;1027.28;133.25;1160.53;1024;19.5242;2.70869
0.949999;1027.28;129.901;1157.19;1024;17.459;2.70869
0.959999;1027.28;130.346;1157.63;1024;16.4885;2.70869
0.969999;1027.28;128.845;1156.13;1024;15.125;2.70869
0.979999;1027.28;129.564;1156.85;1024;16.1506;2.70869
0.989999;1027.28;129.045;1156.33;1024;15.9373;2.70869
0.999999;1027.28;131.315;1158.6;1024;16.4016;2.70869
1.01;1027.28;132.604;1159.89;1024;16.0214;2.70869
1.02;1027.28;131.698;1158.98;1024;14.5984;2.70869
1.03;1027.28;132.584;1159.87;1024;14.1842;2.70869
1.04;1027.28;131.445;1158.73;1024;13.9535;2.70869
1.05;1027.28;133.589;1160.87;1024;15.5881;2.70869
1.06;1027.28;133.93;1161.21;1024;15.8255;2.70869
1.07;1027.28;134.49;1161.77;1024;18.5054;2.70869
1.08;1027.28;133.82;1161.1;1024;16.5873;2.70869
1.09;1027.28;133.364;1160.65;1024;14.8823;2.70869
1.1;1027.28;131.981;1159.27;1024;14.1004;2.70869
1.11;1027.28;132.585;1159.87;1024;15.0596;2.70869
1.12;1027.28;132.597;1159.88;1024;15.7114;2.70869
1.13;1027.28;134.575;1161.86;1024;16.4164;2.70869
1.14;1027.28;132.804;1160.09;1024;16.2984;2.70869
1.15;1027.28;135.03;1162.31;1024;14.5322;2.70869
1.16;1027.28;133.89;1161.17;1024;13.3688;2.70869
1.17;1027.28;133.321;1160.61;1024;12.9757;2.70869
1.18;1027.28;133.568;1160.85;1024;14.5881;2.70869
1.19;1027.28;132.242;1159.53;1024;15.4488;2.70869
1.2;1027.28;135.501;1162.79;1024;16.4625;2.70869
1.21;1027.28;133.418;1160.7;1024;14.9531;2.70869
1.22;1027.28;134.612;1161.9;1024;13.6924;2.70869
1.23;1027.28;134.276;1161.56;1024;12.875;2.70869
1.24;1027.28;134.661;1161.95;1024;13.2601;2.70869
1.25;1027.28;134.346;1161.63;1024;13.3809;2.70869
1.26;1027.28;133.122;1160.41;1024;14.4602;2.70869
1.27;1027.28;135.523;1162.81;1024;14.3464;2.70869
1.28;1027.28;134.455;1161.74;1024;13.1733;2.70869
1.29;1027.28;136.104;1163.39;1024;12.3858;2.70869
1.3;1027.28;135.758;1163.04;1024;12.4892;2.70869
1.31;1027.28;135.971;1163.26;1024;13.1947;2.70869
1.32;1027.28;135.322;1162.61;1024;14.0245;2.70869
1.33;1027.28;133.808;1161.09;1024;14.3946;2.70869
1.34;1027.28;135.745;1163.03;1024;14.7186;2.70869
1.35;1027.28;135.566;1162.85;1024;13.8764;2.70869
1.36;1027.28;136.977;1164.26;1024;13.7038;2.70869
1.37;1027.28;136.46;1163.74;1024;13.5177;2.70869
1.38;1027.28;136.634;1163.92;1024;14.2161;2.70869
1.39;1027.28;136.054;1163.34;1024;14.3079;2.70869
1.4;1027.28;135.239;1162.52;1024;14.5044;2.70869
1.41;1027.28;136.494;1163.78;1024;15.2719;2.70869
1.42;1027.28;136.791;1164.07;1024;14.888;2.70869
1.43;1027.28;136.495;1163.78;1024;14.497;2.70869
1.44;1027.28;137.664;1164.95;1024;13.8931;2.70869
1.45;1027.28;137.765;1165.05;1024;14.496;2.70869
1.46;1027.28;137.022;1164.31;1024;14.3146;2.70869
1.47;1027.28;136.04;1163.32;1024;14.9099;2.70869
1.48;1027.28;136.105;1163.39;1024;15.8802;2.70869
1.49;1027.28;137.61;1164.89;1024;15.7229;2.70869
1.5;1027.28;140.425;1167.71;1024;15.8612;2.70869
1.51;1027.28;138.613;1165.9;1024;14.5386;2.70869
1.52;1027.28;138.247;1165.53;1024;14.6576;2.70869
1.53;1027.28;137.045;1164.33;1024;14.529;2.70869
1.54;1027.28;137.194;1164.48;1024;15.8264;2.70869
1.55;1027.28;137.391;1164.68;1024;16.6418;2.70869
1.56;1027.28;138.529;1165.81;1024;16.3553;2.70869
1.57;1027.28;134.939;1162.22;1024;15.6138;2.70869
1.58;1027.28;139.65;1166.93;1024;14.2734;2.70869
1.59;1027.28;139.073;1166.36;1024;14.2671;2.70869
1.6;1027.28;138.806;1166.09;1024;14.4879;2.70869
1.61;1027.28;138.37;1165.65;1024;16.308;2.70869
1.62;1027.28;136.221;1163.51;1024;16.3882;2.70869
1.63;1027.28;139.542;1166.83;1024;16.153;2.70869
1.64;1027.28;142.241;1169.52;1024;16.1829;2.70869
1.65;1027.28;140.363;1167.65;1024;14.7734;2.70869
1.66;1027.28;139.955;1167.24;1024;14.7734;2.70869
1.67;1027.28;139.107;1166.39;1024;15.063;2.70869
1.68;1027.28;139.106;1166.39;1024;16.4482;2.70869
1.69;1027.28;138.434;1165.72;1024;16.6189;2.70869
1.7;1027.28;140.404;1167.69;1024;16.3204;2.70869
1.71;1027.28;139.075;1166.36;1024;15.7903;2.70869
1.72;1027.28;141.642;1168.93;1024;14.8222;2.70869
1.73;1027.28;140.983;1168.27;1024;14.7789;2.70869
1.74;1027.28;140.185;1167.47;1024;14.6966;2.70869
1.75;1027.28;140.087;1167.37;1024;15.5858;2.70869
1.76;1027.28;138.322;1165.61;1024;15.9189;2.70869
1.77;1027.28;141.472;1168.76;1024;16.0725;2.70869
1.78;1027.28;140.13;1167.41;1024;15.0545;2.70869
1.79;1027.28;142.502;1169.79;1024;14.3645;2.70869
1.8;1027.28;141.699;1168.98;1024;14.071;2.70869
1.81;1027.28;141.088;1168.37;1024;13.9464;2.70869
1.82;1027.28;140.928;1168.21;1024;14.7998;2.70869
1.83;1027.28;139.402;1166.69;1024;15.0843;2.70869
1.84;1027.28;142.4;1169.68;1024;15.5039;2.70869
1.85;1027.28;141.43;1168.71;1024;14.6703;2.70869
1.86;1027.28;142.647;1169.93;1024;14.1892;2.70869
1.87;1027.28;142.808;1170.09;1024;13.8416;2.70869
1.88;1027.28;142.703;1169.99;1024;14.0351;2.70869
1.89;1027.28;142.067;1169.35;1024;14.6988;2.70869
1.9;1027.28;140.633;1167.92;1024;15.1415;2.70869
1.91;1027.28;143.02;1170.3;1024;15.68;2.70869
1.92;1027.28;142.654;1169.94;1024;14.9109;2.70869
1.93;1027.28;145.041;1172.33;1024;14.6769;2.70869
1.94;1027.28;143.489;1170.77;1024;14.1563;2.70869
1.95;1027.28;143.172;1170.46;1024;14.4633;2.70869
1.96;1027.28;142.736;1170.02;1024;15.0412;2.70869
1.97;1027.28;141.909;1169.19;1024;15.5523;2.70869
1.98;1027.28;143.254;1170.54;1024;16.3619;2.70869
1.99;1027.28;143.807;1171.09;1024;15.7213;2.70869
2;1027.28;142.656;1169.94;1024;15.2638;2.70869
2.01;1027.28;144.653;1171.94;1024;14.3224;2.70869
2.02;1027.28;144.576;1171.86;1024;14.9261;2.70869
2.03;1027.28;143.946;1171.23;1024;15.1768;2.70869
2.04;1027.28;143.253;1170.54;1024;15.8298;2.70869
2.05;1027.28;143.711;1171;1024;17.0598;2.70869
2.06;1027.28;144.698;1171.98;1024;16.5336;2.70869
2.07;1027.28;147.533;1174.82;1024;16.0695;2.70869
2.08;1027.28;145.367;1172.65;1024;14.8608;2.70869
2.09;1027.28;145.216;1172.5;1024;15.4443;2.70869
2.1;1027.28;144.828;1172.11;1024;15.417;2.70869
2.11;1027.28;144.333;1171.62;1024;16.4562;2.70869
2.12;1027.28;144.163;1171.45;1024;17.5177;2.70869
2.13;1027.28;145.367;1172.65;1024;17.1155;2.70869
2.14;1027.28;143.439;1170.72;1024;16.2955;2.70869
2.15;1027.28;146.594;1173.88;1024;15.0537;2.70869
2.16;1027.28;146.175;1173.46;1024;15.0585;2.70869
2.17;1027.28;145.129;1172.41;1024;15.0039;2.70869
2.18;1027.28;145.396;1172.68;1024;16.622;2.70869
2.19;1027.28;144.029;1171.31;1024;16.9774;2.70869
2.2;1027.28;146.586;1173.87;1024;16.7779;2.70869
2.21;1027.28;148.485;1175.77;1024;16.3308;2.70869
2.22;1027.28;147.76;1175.04;1024;15.1696;2.70869
2.23;1027.28;147.023;1174.31;1024;15.2683;2.70869
2.24;1027.28;146.728;1174.01;1024;15.5006;2.70869
2.25;1027.28;146.426;1173.71;1024;16.9936;2.70869
2.26;1027.28;144.566;1171.85;1024;17.5134;2.70869
2.27;1027.28;147.294;1174.58;1024;17.2851;2.70869
2.28;1027.28;146.317;1173.6;1024;17.679;2.70869
2.29;1027.28;148.439;1175.72;1024;16.1882;2.70869
2.3;1027.28;148.035;1175.32;1024;15.7904;2.70869
2.31;1027.28;147.115;1174.4;1024;15.5473;2.70869
2.32;1027.28;147.339;1174.62;1024;16.7302;2.70869
2.33;1027.28;145.26;1172.54;1024;16.811;2.70869
2.34;1027.28;148.66;1175.94;1024;16.7848;2.70869
2.35;1027.28;147.008;1174.29;1024;15.5649;2.70869
2.36;1027.28;150.082;1177.37;1024;14.6421;2.70869
2.37;1027.28;148.844;1176.13;1024;14.34;2.70869
2.38;1027.28;147.989;1175.27;1024;14.2551;2.70869
2.39;1027.28;148.215;1175.5;1024;15.4636;2.70869
2.4;1027.28;146.511;1173.8;1024;15.8595;2.70869
2.41;1027.28;149.132;1176.42;1024;16.1992;2.70869
2.42;1027.28;148.436;1175.72;1024;15.1933;2.70869
2.43;1027.28;149.398;1176.68;1024;14.396;2.70869
2.44;1027.28;149.81;1177.09;1024;13.9535;2.70869
2.45;1027.28;149.311;1176.59;1024;14.2069;2.70869
2.46;1027.28;148.865;1176.15;1024;15.1795;2.70869
2.47;1027.28;147.578;1174.86;1024;15.7301;2.70869
2.48;1027.28;150.372;1177.66;1024;16.2822;2.70869
2.49;1027.28;149.353;1176.64;1024;15.2928;2.70869
2.5;1027.28;152.198;1179.48;1024;14.9368;2.70869
2.51;1027.28;150.503;1177.79;1024;14.5854;2.70869
2.52;1027.28;150.081;1177.37;1024;14.8184;2.70869
2.53;1027.28;149.822;1177.11;1024;15.415;2.70869
2.54;1027.28;148.683;1175.97;1024;16.1088;2.70869
2.55;1027.28;150.194;1177.48;1024;16.7787;2.70869
2.56;1027.28;150.333;1177.62;1024;15.9353;2.70869
2.57;1027.28;150.398;1177.68;1024;15.5135;2.70869
2.58;1027.28;151.391;1178.68;1024;14.8969;2.70869
2.59;1027.28;151.128;1178.41;1024;15.4545;2.70869
2.6;1027.28;150.293;1177.58;1024;15.861;2.70869
2.61;1027.28;149.599;1176.88;1024;16.5979;2.70869
2.62;1027.28;151.159;1178.44;1024;17.4585;2.70869
2.63;1027.28;151.529;1178.81;1024;16.8668;2.70869
2.64;1027.28;153.424;1180.71;1024;16.3349;2.70869
2.65;1027.28;152.399;1179.68;1024;15.2957;2.70869
2.66;1027.28;151.729;1179.01;1024;15.7927;2.70869
2.67;1027.28;151.608;1178.89;1024;15.708;2.70869
2.68;1027.28;150.828;1178.11;1024;16.6664;2.70869
2.69;1027.28;150.48;1177.76;1024;17.6848;2.70869
2.7;1027.28;152.225;1179.51;1024;17.4287;2.70869
2.71;1027.28;151.637;1178.92;1024;17.0777;2.70869
2.72;1027.28;153.075;1180.36;1024;15.8095;2.70869
2.73;1027.28;152.713;1180;1024;16.016;2.70869
2.74;1027.28;151.966;1179.25;1024;15.8309;2.70869
2.75;1027.28;151.883;1179.17;1024;17.1713;2.70869
2.76;1027.28;151.072;1178.36;1024;17.8852;2.70869
2.77;1027.28;153.003;1180.29;1024;17.7211;2.70869
2.78;1027.28;153.909;1181.19;1024;16.9621;2.70869
2.79;1027.28;154.368;1181.65;1024;15.8398;2.70869
2.8;1027.28;153.565;1180.85;1024;15.977;2.70869
2.81;1027.28;152.681;1179.96;1024;15.9072;2.70869
2.82;1027.28;152.811;1180.09;1024;17.2748;2.70869
2.83;1027.28;151.037;1178.32;1024;17.7757;2.70869
2.84;1027.28;153.632;1180.92;1024;17.6253;2.70869
2.85;1027.28;153.088;1180.37;1024;18.8844;2.70869
2.86;1027.28;154.541;1181.83;1024;17.4241;2.70869
2.87;1027.28;154.134;1181.42;1024;16.9894;2.70869
2.88;1027.28;153.857;1181.14;1024;17.0654;2.70869
2.89;1027.28;153.566;1180.85;1024;18.0147;2.70869
2.9;1027.28;151.764;1179.05;1024;17.9889;2.70869
2.91;1027.28;154.604;1181.89;1024;17.7996;2.70869
2.92;1027.28;153.379;1180.66;1024;16.7466;2.70869
2.93;1027.28;156.386;1183.67;1024;15.5522;2.70869
2.94;1027.28;155.135;1182.42;1024;15.3346;2.70869
2.95;1027.28;154.123;1181.41;1024;15.4488;2.70869
2.96;1027.28;154.484;1181.77;1024;16.4474;2.70869
2.97;1027.28;152.545;1179.83;1024;16.6995;2.70869
2.98;1027.28;155.17;1182.45;1024;16.7801;2.70869
2.99;1027.28;154.155;1181.44;1024;15.6555;2.70869
3;1027.28;155.775;1183.06;1024;14.7736;2.70869
3.01;1027.28;155.978;1183.26;1024;14.4769;2.70869
3.02;1027.28;155.107;1182.39;1024;14.4421;2.70869
3.03;1027.28;155.009;1182.29;1024;15.4605;2.70869
3.04;1027.28;153.362;1180.65;1024;16.0837;2.70869
3.05;1027.28;156.131;1183.42;1024;16.4189;2.70869
3.06;1027.28;155.471;1182.75;1024;15.5383;2.70869
3.07;1027.28;157.651;1184.94;1024;14.9775;2.70869
3.08;1027.28;156.762;1184.05;1024;14.6448;2.70869
3.09;1027.28;155.808;1183.09;1024;14.9679;2.70869
3.1;1027.28;155.762;1183.05;1024;15.7158;2.70869
3.11;1027.28;154.409;1181.69;1024;16.4338;2.70869
3.12;1027.28;156.246;1183.53;1024;16.832;2.70869
3.13;1027.28;156.253;1183.54;1024;16.0631;2.70869
3.14;1027.28;157.238;1184.52;1024;15.9596;2.70869
3.15;1027.28;157.287;1184.57;1024;15.5001;2.70869
3.16;1027.28;156.953;1184.24;1024;15.8739;2.70869
3.17;1027.28;156.619;1183.9;1024;16.2782;2.70869
3.18;1027.28;155.449;1182.73;1024;16.9325;2.70869
3.19;1027.28;156.939;1184.22;1024;17.4861;2.70869
3.2;1027.28;157.198;1184.48;1024;16.8103;2.70869
3.21;1027.28;158.175;1185.46;1024;16.4726;2.70869
3.22;1027.28;158.229;1185.51;1024;15.6234;2.70869
3.23;1027.28;157.52;1184.8;1024;16.2325;2.70869
3.24;1027.28;156.939;1184.22;1024;16.4237;2.70869
3.25;1027.28;156.4;1183.68;1024;17.3245;2.70869
3.26;1027.28;156.597;1183.88;1024;18.1255;2.70869
3.27;1027.28;158.116;1185.4;1024;17.7054;2.70869
3.28;1027.28;159.445;1186.73;1024;17.5611;2.70869
3.29;1027.28;158.655;1185.94;1024;16.4474;2.70869
3.3;1027.28;158.256;1185.54;1024;16.7063;2.70869
3.31;1027.28;158.263;1185.55;1024;16.4083;2.70869
3.32;1027.28;157.383;1184.67;1024;17.3835;2.70869
3.33;1027.28;157.337;1184.62;1024;18.1572;2.70869
3.34;1027.28;158.593;1185.88;1024;18.0335;2.70869
3.35;1027.28;156.784;1184.07;1024;17.3645;2.70869
3.36;1027.28;159.875;1187.16;1024;16.2566;2.70869
3.37;1027.28;158.969;1186.25;1024;16.431;2.70869
3.38;1027.28;158.045;1185.33;1024;16.3124;2.70869
3.39;1027.28;158.324;1185.61;1024;17.5236;2.70869
3.4;1027.28;156.496;1183.78;1024;18.3375;2.70869
3.41;1027.28;159.217;1186.5;1024;18.1388;2.70869
3.42;1027.28;160.002;1187.29;1024;18.7225;2.70869
3.43;1027.28;160.13;1187.41;1024;17.4075;2.70869
3.44;1027.28;159.751;1187.04;1024;17.2079;2.70869
3.45;1027.28;159.536;1186.82;1024;16.9993;2.70869
3.46;1027.28;159.096;1186.38;1024;18.0609;2.70869
3.47;1027.28;156.867;1184.15;1024;17.8784;2.70869
3.48;1027.28;160.027;1187.31;1024;17.7088;2.70869
3.49;1027.28;158.676;1185.96;1024;17.5173;2.70869
3.5;1027.28;161.478;1188.76;1024;16.2559;2.70869
3.51;1027.28;160.529;1187.81;1024;16.1327;2.70869
3.52;1027.28;159.728;1187.01;1024;16.2684;2.70869
3.53;1027.28;159.723;1187.01;1024;17.3939;2.70869
3.54;1027.28;157.911;1185.19;1024;17.3391;2.70869
3.55;1027.28;160.617;1187.9;1024;17.3404;2.70869
3.56;1027.28;159.62;1186.9;1024;16.3182;2.70869
3.57;1027.28;161.794;1189.08;1024;15.4029;2.70869
3.58;1027.28;161.314;1188.6;1024;15.0672;2.70869
3.59;1027.28;160.251;1187.54;1024;15.0361;2.70869
3.6;1027.28;160.526;1187.81;1024;16.0385;2.70869
3.61;1027.28;158.742;1186.03;1024;16.5375;2.70869
3.62;1027.28;161.493;1188.78;1024;16.9854;2.70869
3.63;1027.28;160.652;1187.94;1024;16.0332;2.70869
3.64;1027.28;162.258;1189.54;1024;15.5224;2.70869
3.65;1027.28;162.09;1189.37;1024;15.0847;2.70869
3.66;1027.28;160.93;1188.21;1024;15.1225;2.70869
3.67;1027.28;160.736;1188.02;1024;16.0021;2.70869
3.68;1027.28;159.562;1186.85;1024;16.6723;2.70869
3.69;1027.28;161.432;1188.72;1024;17.1163;2.70869
3.7;1027.28;161.459;1188.74;1024;16.3492;2.70869
3.71;1027.28;163.346;1190.63;1024;16.2028;2.70869
3.72;1027.28;162.424;1189.71;1024;15.7219;2.70869
3.73;1027.28;161.925;1189.21;1024;16.09;2.70869
3.74;1027.28;161.777;1189.06;1024;16.563;2.70869
3.75;1027.28;160.633;1187.92;1024;17.4445;2.70869
3.76;1027.28;162.548;1189.83;1024;17.851;2.70869
3.77;1027.28;162.419;1189.7;1024;17.1543;2.70869
3.78;1027.28;162.253;1189.54;1024;16.7667;2.70869
3.79;1027.28;163.415;1190.7;1024;16.0355;2.70869
3.8;1027.28;162.632;1189.92;1024;16.5837;2.70869
3.81;1027.28;162.132;1189.42;1024;16.8981;2.70869
3.82;1027.28;161.413;1188.7;1024;17.7733;2.70869
3.83;1027.28;161.747;1189.03;1024;18.3766;2.70869
3.84;1027.28;163.209;1190.49;1024;17.7823;2.70869
3.85;1027.28;165.646;1192.93;1024;17.7905;2.70869
3.86;1027.28;163.609;1190.89;1024;16.7227;2.70869
3.87;1027.28;163.349;1190.63;1024;17.1454;2.70869
3.88;1027.28;163.043;1190.33;1024;17.0425;2.70869
3.89;1027.28;162.457;1189.74;1024;17.9203;2.70869
3.9;1027.28;162.691;1189.98;1024;18.7773;2.70869
3.91;1027.28;163.643;1190.93;1024;18.5751;2.70869
3.92;1027.28;159.982;1187.27;1024;17.9047;2.70869
3.93;1027.28;164.538;1191.82;1024;16.7366;2.70869
3.94;1027.28;163.972;1191.26;1024;17.1095;2.70869
3.95;1027.28;163.722;1191.01;1024;16.8696;2.70869
3.96;1027.28;163.068;1190.35;1024;17.8059;2.70869
3.97;1027.28;161.937;1189.22;1024;19.1383;2.70869
3.98;1027.28;163.875;1191.16;1024;18.9217;2.70869
3.99;1027.28;166.855;1194.14;1024;19.5707;2.70869
4;1027.28;165.119;1192.4;1024;18.1086;2.70869
4.01;1027.28;164.524;1191.81;1024;17.9675;2.70869
4.02;1027.28;163.664;1190.95;1024;17.5284;2.70869
4.03;1027.28;163.956;1191.24;1024;18.511;2.70869
4.04;1027.28;161.835;1189.12;1024;18.5569;2.70869
4.05;1027.28;164.82;1192.1;1024;18.4234;2.70869
4.06;1027.28;163.605;1190.89;1024;19.2239;2.70869
4.07;1027.28;165.847;1193.13;1024;17.7479;2.70869
4.08;1027.28;165.229;1192.51;1024;17.332;2.70869
4.09;1027.28;164.938;1192.22;1024;17.2935;2.70869
4.1;1027.28;164.625;1191.91;1024;18.2956;2.70869
4.11;1027.28;162.547;1189.83;1024;18.1852;2.70869
4.12;1027.28;165.167;1192.45;1024;18.0383;2.70869
4.13;1027.28;164.319;1191.6;1024;17.1639;2.70869
4.14;1027.28;166.97;1194.25;1024;15.9496;2.70869
4.15;1027.28;165.813;1193.1;1024;15.6888;2.70869
4.16;1027.28;164.823;1192.11;1024;15.6959;2.70869
4.17;1027.28;165.302;1192.59;1024;16.8857;2.70869
4.18;1027.28;163.539;1190.82;1024;17.2385;2.70869
4.19;1027.28;166.338;1193.62;1024;17.4382;2.70869
4.2;1027.28;165.035;1192.32;1024;16.3974;2.70869
4.21;1027.28;166.458;1193.74;1024;15.4701;2.70869
4.22;1027.28;166.487;1193.77;1024;15.1135;2.70869
4.23;1027.28;165.498;1192.78;1024;15.1536;2.70869
4.24;1027.28;165.879;1193.16;1024;16.2579;2.70869
4.25;1027.28;164.33;1191.61;1024;17.0603;2.70869
4.26;1027.28;166.564;1193.85;1024;17.5556;2.70869
4.27;1027.28;166.038;1193.32;1024;16.5563;2.70869
4.28;1027.28;168.788;1196.07;1024;15.893;2.70869
4.29;1027.28;167.366;1194.65;1024;15.5875;2.70869
4.3;1027.28;166.371;1193.65;1024;15.957;2.70869
4.31;1027.28;166.276;1193.56;1024;16.7548;2.70869
4.32;1027.28;165.04;1192.32;1024;17.5606;2.70869
4.33;1027.28;166.7;1193.98;1024;17.8376;2.70869
4.34;1027.28;166.755;1194.04;1024;16.9405;2.70869
4.35;1027.28;166.632;1193.92;1024;16.7795;2.70869
4.36;1027.28;167.973;1195.26;1024;16.2799;2.70869
4.37001;1027.28;167.258;1194.54;1024;16.9047;2.70869
4.38001;1027.28;167.132;1194.42;1024;17.3035;2.70869
4.39001;1027.28;165.716;1193;1024;18.0803;2.70869
4.40001;1027.28;167.472;1194.76;1024;18.5629;2.70869
4.41001;1027.28;167.51;1194.79;1024;17.9969;2.70869
4.42001;1027.28;170.078;1197.36;1024;17.9324;2.70869
4.43001;1027.28;168.391;1195.67;1024;17.0632;2.70869
4.44001;1027.28;167.726;1195.01;1024;17.5087;2.70869
4.45001;1027.28;167.103;1194.39;1024;17.7422;2.70869
4.46001;1027.28;166.723;1194.01;1024;18.5606;2.70869
4.47001;1027.28;165.216;1192.5;1024;18.8733;2.70869
4.48001;1027.28;168.181;1195.47;1024;18.5148;2.70869
4.49001;1027.28;166.603;1193.89;1024;18.5063;2.70869
4.50001;1027.28;168.76;1196.04;1024;17.3112;2.70869
4.51001;1027.28;168.356;1195.64;1024;17.6908;2.70869
4.52001;1027.28;168.494;1195.78;1024;17.3882;2.70869
4.53001;1027.28;167.539;1194.82;1024;18.2503;2.70869
4.54001;1027.28;168.336;1195.62;1024;19.6391;2.70869
4.55001;1027.28;168.419;1195.7;1024;19.4188;2.70869
4.56001;1027.28;169.262;1196.55;1024;18.7153;2.70869
4.57001;1027.28;169.599;1196.88;1024;17.4984;2.70869
4.58001;1027.28;168.839;1196.12;1024;17.9067;2.70869
4.59001;1027.28;167.696;1194.98;1024;17.62;2.70869
4.60001;1027.28;168.103;1195.39;1024;18.5855;2.70869
4.61001;1027.28;166.189;1193.47;1024;19.2308;2.70869
4.62001;1027.28;168.917;1196.2;1024;19.1001;2.70869
4.63001;1027.28;168.122;1195.41;1024;19.8361;2.70869
4.64001;1027.28;169.596;1196.88;1024;18.5394;2.70869
4.65001;1027.28;169.419;1196.7;1024;18.1998;2.70869
4.66001;1027.28;168.955;1196.24;1024;17.802;2.70869
4.67001;1027.28;168.927;1196.21;1024;18.5892;2.70869
4.68001;1027.28;166.557;1193.84;1024;18.2547;2.70869
4.69001;1027.28;169.435;1196.72;1024;18.0825;2.70869
4.70001;1027.28;168.378;1195.66;1024;17.556;2.70869
4.71001;1027.28;171.26;1198.54;1024;16.4454;2.70869
4.72001;1027.28;169.953;1197.24;1024;16.3091;2.70869
4.73001;1027.28;169.468;1196.75;1024;16.545;2.70869
4.74001;1027.28;169.002;1196.29;1024;17.6419;2.70869
4.75001;1027.28;167.261;1194.54;1024;17.628;2.70869
4.76001;1027.28;169.869;1197.15;1024;17.7728;2.70869
4.77001;1027.28;168.987;1196.27;1024;17.0019;2.70869
4.78001;1027.28;170.746;1198.03;1024;16.01;2.70869
4.79001;1027.28;170.646;1197.93;1024;15.6293;2.70869
4.80001;1027.28;169.449;1196.73;1024;15.5323;2.70869
4.81002;1027.28;169.885;1197.17;1024;16.6274;2.70869
4.82002;1027.28;168.131;1195.42;1024;17.2628;2.70869
4.83002;1027.28;170.936;1198.22;1024;17.7969;2.70869
4.84002;1027.28;169.779;1197.06;1024;16.9845;2.70869
4.85002;1027.28;172.432;1199.72;1024;16.3081;2.70869
4.86002;1027.28;171.216;1198.5;1024;15.9304;2.70869
4.87002;1027.28;170.05;1197.33;1024;15.8945;2.70869
4.88002;1027.28;170.018;1197.3;1024;16.7445;2.70869
4.89002;1027.28;168.798;1196.08;1024;17.6714;2.70869
4.90002;1027.28;170.231;1197.52;1024;18.1142;2.70869
4.91002;1027.28;170.716;1198;1024;17.2198;2.70869
4.92002;1027.28;171.187;1198.47;1024;16.8349;2.70869
4.93002;1027.28;171.481;1198.77;1024;16.2615;2.70869
4.94002;1027.28;170.789;1198.07;1024;16.689;2.70869
4.95002;1027.28;170.918;1198.2;1024;17.3103;2.70869
4.96002;1027.28;169.524;1196.81;1024;18.2975;2.70869
4.97002;1027.28;172.238;1199.52;1024;18.9311;2.70869
4.98002;1027.28;171.086;1198.37;1024;18.0355;2.70869
4.99002;1027.28;172.716;1200;1024;17.851;2.70869
5.00002;1027.28;172.117;1199.4;1024;17.1044;2.70869
5.01002;1027.28;171.28;1198.56;1024;17.6593;2.70869
5.02002;1027.28;170.969;1198.25;1024;17.9711;2.70869
5.03002;1027.28;170.192;1197.48;1024;18.7184;2.70869
5.04002;1027.28;169.087;1196.37;1024;18.9953;2.70869
5.05002;1027.28;171.993;1199.28;1024;18.6265;2.70869
5.06002;1027.28;172.254;1199.54;1024;18.6535;2.70869
5.07002;1027.28;172.353;1199.64;1024;17.6904;2.70869
5.08002;1027.28;171.724;1199.01;1024;18.2845;2.70869
5.09002;1027.28;171.565;1198.85;1024;18.3238;2.70869
5.10002;1027.28;171.043;1198.33;1024;19.0795;2.70869
5.11002;1027.28;172.377;1199.66;1024;19.8561;2.70869
5.12002;1027.28;172.363;1199.65;1024;19.6492;2.70869
5.13002;1027.28;171.953;1199.24;1024;18.9778;2.70869
5.14002;1027.28;173.159;1200.44;1024;17.8679;2.70869
5.15002;1027.28;172.423;1199.71;1024;18.4465;2.70869
5.16002;1027.28;172;1199.28;1024;18.1098;2.70869
5.17002;1027.28;171.59;1198.87;1024;18.7484;2.70869
5.18002;1027.28;169.616;1196.9;1024;19.1804;2.70869
5.19002;1027.28;172.168;1199.45;1024;19.1044;2.70869
5.20002;1027.28;172.072;1199.36;1024;20.2266;2.70869
5.21002;1027.28;173.244;1200.53;1024;18.897;2.70869
5.22002;1027.28;172.856;1200.14;1024;18.4388;2.70869
5.23002;1027.28;171.923;1199.21;1024;17.9176;2.70869
5.24003;1027.28;172.395;1199.68;1024;18.7245;2.70869
5.25003;1027.28;170.064;1197.35;1024;18.4553;2.70869
5.26003;1027.28;173.059;1200.34;1024;18.4634;2.70869
5.27003;1027.28;171.681;1198.96;1024;17.9506;2.70869
5.28003;1027.28;174.219;1201.5;1024;16.9538;2.70869
5.29003;1027.28;173.58;1200.86;1024;16.7292;2.70869
5.30003;1027.28;173.154;1200.44;1024;16.7343;2.70869
5.31003;1027.28;172.595;1199.88;1024;17.8084;2.70869
5.32003;1027.28;170.773;1198.06;1024;17.9037;2.70869
5.33003;1027.28;172.993;1200.28;1024;18.0261;2.70869
5.34003;1027.28;172.408;1199.69;1024;17.4073;2.70869
5.35003;1027.28;174.373;1201.66;1024;16.3325;2.70869
5.36003;1027.28;173.594;1200.88;1024;15.6966;2.70869
5.37003;1027.28;172.624;1199.91;1024;15.7525;2.70869
5.38003;1027.28;173.234;1200.52;1024;17.0274;2.70869
5.39003;1027.28;171.44;1198.72;1024;17.6414;2.70869
5.40003;1027.28;174.445;1201.73;1024;18.2681;2.70869
5.41003;1027.28;172.781;1200.07;1024;17.4118;2.70869
5.42003;1027.28;175.307;1202.59;1024;16.3885;2.70869
5.43003;1027.28;174.623;1201.91;1024;15.9614;2.70869
5.44003;1027.28;173.137;1200.42;1024;15.8864;2.70869
5.45003;1027.28;173.382;1200.67;1024;16.9801;2.70869
5.46003;1027.28;171.927;1199.21;1024;17.8696;2.70869
5.47003;1027.28;173.344;1200.63;1024;18.5972;2.70869
5.48003;1027.28;173.775;1201.06;1024;17.6494;2.70869
5.49003;1027.28;175.191;1202.47;1024;17.158;2.70869
5.50003;1027.28;174.761;1202.05;1024;16.6726;2.70869
5.51003;1027.28;173.837;1201.12;1024;16.8439;2.70869
5.52003;1027.28;173.767;1201.05;1024;17.4715;2.70869
5.53003;1027.28;172.747;1200.03;1024;18.4889;2.70869
5.54003;1027.28;175.134;1202.42;1024;18.6924;2.70869
5.55003;1027.28;174.24;1201.52;1024;17.7199;2.70869
5.56003;1027.28;174.284;1201.57;1024;17.4052;2.70869
5.57003;1027.28;175.288;1202.57;1024;16.7035;2.70869
5.58003;1027.28;174.735;1202.02;1024;17.348;2.70869
5.59003;1027.28;174.657;1201.94;1024;17.9007;2.70869
5.60003;1027.28;173.292;1200.58;1024;18.8991;2.70869
5.61003;1027.28;174.179;1201.46;1024;19.2116;2.70869
5.62003;1027.28;174.617;1201.9;1024;18.437;2.70869
5.63003;1027.28;177.258;1204.54;1024;18.7021;2.70869
5.64003;1027.28;175.414;1202.7;1024;17.9887;2.70869
5.65003;1027.28;174.937;1202.22;1024;18.5107;2.70869
5.66003;1027.28;173.974;1201.26;1024;18.6127;2.70869
5.67003;1027.28;173.822;1201.11;1024;19.2134;2.70869
5.68004;1027.28;173.532;1200.82;1024;19.2322;2.70869
5.69004;1027.28;175.454;1202.74;1024;18.9195;2.70869
5.70004;1027.28;171.923;1199.21;1024;18.6154;2.70869
5.71004;1027.28;176.08;1203.36;1024;17.7291;2.70869
5.72004;1027.28;175.548;1202.83;1024;18.285;2.70869
5.73004;1027.28;175.815;1203.1;1024;18.0867;2.70869
5.74004;1027.28;174.482;1201.77;1024;18.6495;2.70869
5.75004;1027.28;174.191;1201.47;1024;20.1488;2.70869
5.76004;1027.28;175.189;1202.47;1024;20.2843;2.70869
5.77004;1027.28;177.749;1205.03;1024;20.3435;2.70869
5.78004;1027.28;176.315;1203.6;1024;19.017;2.70869
5.79004;1027.28;175.546;1202.83;1024;19.0428;2.70869
5.80004;1027.28;174.258;1201.54;1024;18.3561;2.70869
5.81004;1027.28;175.015;1202.3;1024;19.0092;2.70869
5.82004;1027.28;172.846;1200.13;1024;18.7295;2.70869
5.83004;1027.28;175.791;1203.08;1024;18.8723;2.70869
5.84004;1027.28;174.374;1201.66;1024;19.16;2.70869
5.85004;1027.28;176.624;1203.91;1024;17.9703;2.70869
5.86004;1027.28;176.052;1203.34;1024;17.4102;2.70869
5.87004;1027.28;175.671;1202.95;1024;17.158;2.70869
5.88004;1027.28;175.673;1202.96;1024;18.214;2.70869
5.89004;1027.28;173.393;1200.68;1024;18.2889;2.70869
5.90004;1027.28;175.734;1203.02;1024;18.3636;2.70869
5.91004;1027.28;174.899;1202.18;1024;17.5571;2.70869
5.92004;1027.28;177.207;1204.49;1024;16.3881;2.70869
5.93004;1027.28;176.53;1203.81;1024;16.1058;2.70869
5.94004;1027.28;175.922;1203.21;1024;16.5617;2.70869
5.95004;1027.28;175.765;1203.05;1024;17.8989;2.70869
5.96004;1027.28;173.997;1201.28;1024;18.347;2.70869
5.97004;1027.28;176.593;1203.88;1024;18.3945;2.70869
5.98004;1027.28;175.449;1202.73;1024;17.5102;2.70869
5.99004;1027.28;177.494;1204.78;1024;16.5049;2.70869
6.00004;1027.28;177.051;1204.33;1024;16.2646;2.70869
6.01004;1027.28;175.786;1203.07;1024;16.3014;2.70869
6.02004;1027.28;176.54;1203.82;1024;17.4642;2.70869
6.03004;1027.28;174.506;1201.79;1024;18.161;2.70869
6.04004;1027.28;176.83;1204.11;1024;18.6049;2.70869
6.05004;1027.28;176.139;1203.42;1024;17.5839;2.70869
6.06004;1027.28;178.807;1206.09;1024;16.9598;2.70869
6.07004;1027.28;177.633;1204.92;1024;16.9339;2.70869
6.08004;1027.28;176.509;1203.79;1024;17.1236;2.70869
6.09004;1027.28;176.294;1203.58;1024;17.7167;2.70869
6.10004;1027.28;175.023;1202.31;1024;18.347;2.70869
6.11004;1027.28;176.19;1203.47;1024;18.6311;2.70869
6.12005;1027.28;176.801;1204.09;1024;17.8445;2.70869
6.13005;1027.28;177.093;1204.38;1024;17.7005;2.70869
6.14005;1027.28;177.985;1205.27;1024;17.25;2.70869
6.15005;1027.28;176.996;1204.28;1024;17.4767;2.70869
6.16005;1027.28;177.321;1204.6;1024;17.8489;2.70869
6.17005;1027.28;175.846;1203.13;1024;18.7087;2.70869
6.18005;1027.28;178.461;1205.74;1024;19.1943;2.70869
6.19005;1027.28;177.263;1204.55;1024;18.4165;2.70869
6.20005;1027.28;179.936;1207.22;1024;18.4675;2.70869
6.21005;1027.28;177.987;1205.27;1024;17.7093;2.70869
6.22005;1027.28;177.414;1204.7;1024;18.0612;2.70869
6.23005;1027.28;176.804;1204.09;1024;18.275;2.70869
6.24005;1027.28;176.375;1203.66;1024;19.184;2.70869
6.25005;1027.28;174.442;1201.73;1024;19.4045;2.70869
6.26005;1027.28;177.991;1205.27;1024;19.0828;2.70869
6.27005;1027.28;175.507;1202.79;1024;18.9553;2.70869
6.28005;1027.28;178.327;1205.61;1024;18.0145;2.70869
6.29005;1027.28;177.827;1205.11;1024;18.5295;2.70869
6.30005;1027.28;177.977;1205.26;1024;18.3719;2.70869
6.31005;1027.28;176.923;1204.21;1024;19.2251;2.70869
6.32005;1027.28;178.809;1206.09;1024;20.047;2.70869
6.33005;1027.28;178.138;1205.42;1024;20.1127;2.70869
6.34005;1027.28;179.551;1206.84;1024;20.3606;2.70869
6.35005;1027.28;178.701;1205.98;1024;19.0482;2.70869
6.36005;1027.28;178.271;1205.56;1024;19.4514;2.70869
6.37005;1027.28;177.844;1205.13;1024;18.9516;2.70869
6.38005;1027.28;177.355;1204.64;1024;19.415;2.70869
6.39005;1027.28;175.59;1202.87;1024;20.1635;2.70869
6.40005;1027.28;178.062;1205.35;1024;20.1551;2.70869
6.41005;1027.28;177.321;1204.6;1024;20.8793;2.70869
6.42005;1027.28;178.948;1206.23;1024;19.4572;2.70869
6.43005;1027.28;178.476;1205.76;1024;19.0252;2.70869
6.44005;1027.28;177.442;1204.73;1024;18.3369;2.70869
6.45005;1027.28;178.019;1205.3;1024;19.0593;2.70869
6.46005;1027.28;175.762;1203.05;1024;18.8674;2.70869
6.47005;1027.28;178.822;1206.11;1024;18.7046;2.70869
6.48005;1027.28;177.354;1204.64;1024;18.119;2.70869
6.49005;1027.28;179.851;1207.14;1024;17.125;2.70869
6.50005;1027.28;179.242;1206.53;1024;16.9277;2.70869
6.51005;1027.28;178.795;1206.08;1024;17.2324;2.70869
6.52005;1027.28;178.396;1205.68;1024;18.2177;2.70869
6.53005;1027.28;176.443;1203.73;1024;18.3102;2.70869
6.54005;1027.28;178.278;1205.56;1024;18.2454;2.70869
6.55006;1027.28;177.911;1205.2;1024;17.532;2.70869
6.56006;1027.28;179.822;1207.11;1024;16.5009;2.70869
6.57006;1027.28;179.338;1206.62;1024;16.1144;2.70869
6.58006;1027.28;178.278;1205.56;1024;16.4466;2.70869
6.59006;1027.28;178.651;1205.94;1024;17.5075;2.70869
6.60006;1027.28;176.936;1204.22;1024;18.0065;2.70869
6.61006;1027.28;179.98;1207.26;1024;18.4093;2.70869
6.62006;1027.28;178.228;1205.51;1024;17.616;2.70869
6.63006;1027.28;181.143;1208.43;1024;17.128;2.70869
6.64006;1027.28;180.155;1207.44;1024;17.0075;2.70869
6.65006;1027.28;178.659;1205.94;1024;16.869;2.70869
6.66006;1027.28;178.886;1206.17;1024;17.7039;2.70869
6.67006;1027.28;177.41;1204.69;1024;18.3371;2.70869
6.68006;1027.28;178.375;1205.66;1024;18.7916;2.70869
6.69006;1027.28;179.145;1206.43;1024;17.9802;2.70869
6.70006;1027.28;179.902;1207.19;1024;17.6376;2.70869
6.71006;1027.28;180.257;1207.54;1024;17.3669;2.70869
6.72006;1027.28;179.306;1206.59;1024;17.5833;2.70869
6.73006;1027.28;178.992;1206.28;1024;18.044;2.70869
6.74006;1027.28;178.15;1205.43;1024;18.8801;2.70869
6.75006;1027.28;180.898;1208.18;1024;19.1364;2.70869
6.76006;1027.28;179.585;1206.87;1024;18.3785;2.70869
6.77006;1027.28;181.495;1208.78;1024;18.5604;2.70869
6.78006;1027.28;180.472;1207.76;1024;17.6856;2.70869
6.79006;1027.28;179.77;1207.05;1024;18.0146;2.70869
6.80006;1027.28;179.787;1207.07;1024;18.3652;2.70869
6.81006;1027.28;178.343;1205.63;1024;19.3979;2.70869
6.82006;1027.28;178.317;1205.6;1024;19.6737;2.70869
6.83006;1027.28;179.767;1207.05;1024;18.9546;2.70869
6.84006;1027.28;180.722;1208.01;1024;19.171;2.70869
6.85006;1027.28;180.464;1207.75;1024;18.2072;2.70869
6.86006;1027.28;179.819;1207.1;1024;18.6739;2.70869
6.87006;1027.28;179.078;1206.36;1024;18.7712;2.70869
6.88006;1027.28;178.809;1206.09;1024;19.551;2.70869
6.89006;1027.28;178.864;1206.15;1024;19.9068;2.70869
6.90006;1027.28;180.589;1207.87;1024;19.7168;2.70869
6.91006;1027.28;179.652;1206.94;1024;19.3876;2.70869
6.92006;1027.28;181.026;1208.31;1024;18.3981;2.70869
6.93006;1027.28;180.328;1207.61;1024;19.0589;2.70869
6.94006;1027.28;180.837;1208.12;1024;18.787;2.70869
6.95006;1027.28;179.494;1206.78;1024;19.4011;2.70869
6.96006;1027.28;179.101;1206.39;1024;20.9265;2.70869
6.97006;1027.28;180.116;1207.4;1024;20.8679;2.70869
6.98006;1027.28;180.309;1207.59;1024;21.6721;2.70869
6.99007;1027.28;180.886;1208.17;1024;20.3067;2.70869
7.00007;1027.28;180.602;1207.89;1024;20.3321;2.70869
7.01007;1027.28;178.916;1206.2;1024;19.5596;2.70869
7.02007;1027.28;179.738;1207.02;1024;19.9295;2.70869
7.03007;1027.28;177.724;1205.01;1024;19.6502;2.70869
7.04007;1027.28;180.841;1208.12;1024;19.6978;2.70869
7.05007;1027.28;179.299;1206.58;1024;19.7741;2.70869
7.06007;1027.28;181.763;1209.05;1024;18.5177;2.70869
7.07007;1027.28;181.094;1208.38;1024;17.9588;2.70869
7.08007;1027.28;180.853;1208.14;1024;17.4425;2.70869
7.09007;1027.28;180.464;1207.75;1024;18.328;2.70869
7.10007;1027.28;178.398;1205.68;1024;18.3358;2.70869
7.11007;1027.28;180.526;1207.81;1024;18.4093;2.70869
7.12007;1027.28;179.752;1207.04;1024;17.85;2.70869
7.13007;1027.28;181.716;1209;1024;16.8418;2.70869
7.14007;1027.28;181.295;1208.58;1024;16.4375;2.70869
7.15007;1027.28;180.659;1207.94;1024;16.8039;2.70869
7.16007;1027.28;180.366;1207.65;1024;17.9732;2.70869
7.17007;1027.28;178.789;1206.07;1024;18.3149;2.70869
7.18007;1027.28;181.443;1208.73;1024;18.5249;2.70869
7.19007;1027.28;180.131;1207.42;1024;17.8273;2.70869
7.20007;1027.28;182.81;1210.09;1024;16.8313;2.70869
7.21007;1027.28;181.648;1208.93;1024;16.2846;2.70869
7.22007;1027.28;180.492;1207.78;1024;16.3807;2.70869
7.23007;1027.28;181.134;1208.42;1024;17.5051;2.70869
7.24007;1027.28;179.304;1206.59;1024;18.4124;2.70869
7.25007;1027.28;181.486;1208.77;1024;19.032;2.70869
7.26007;1027.28;180.558;1207.84;1024;18.1036;2.70869
7.27007;1027.28;182.414;1209.7;1024;17.5519;2.70869
7.28007;1027.28;182.185;1209.47;1024;17.3407;2.70869
7.29007;1027.28;180.903;1208.19;1024;17.3827;2.70869
7.30007;1027.28;180.772;1208.06;1024;18.1906;2.70869
7.31007;1027.28;179.882;1207.17;1024;19.0497;2.70869
7.32007;1027.28;180.776;1208.06;1024;19.2056;2.70869
7.33007;1027.28;181.447;1208.73;1024;18.358;2.70869
7.34007;1027.28;181.78;1209.06;1024;17.9185;2.70869
7.35007;1027.28;182.143;1209.43;1024;17.4864;2.70869
7.36007;1027.28;181.364;1208.65;1024;17.8002;2.70869
7.37007;1027.28;181.741;1209.02;1024;18.2574;2.70869
7.38007;1027.28;180.441;1207.72;1024;19.1584;2.70869
7.39007;1027.28;182.987;1210.27;1024;19.4388;2.70869
7.40007;1027.28;181.584;1208.87;1024;18.6918;2.70869
7.41007;1027.28;184.174;1211.46;1024;18.9415;2.70869
7.42007;1027.28;182.5;1209.78;1024;18.1558;2.70869
7.43008;1027.28;181.949;1209.23;1024;18.5792;2.70869
7.44008;1027.28;181.19;1208.47;1024;18.811;2.70869
7.45008;1027.28;180.581;1207.87;1024;19.6095;2.70869
7.46008;1027.28;178.942;1206.23;1024;19.6153;2.70869
7.47008;1027.28;182.219;1209.5;1024;19.1192;2.70869
7.48008;1027.28;179.646;1206.93;1024;19.1982;2.70869
7.49008;1027.28;182.905;1210.19;1024;18.2681;2.70869
7.50008;1027.28;182.279;1209.56;1024;18.909;2.70869
7.51008;1027.28;181.955;1209.24;1024;18.8742;2.70869
7.52008;1027.28;181.19;1208.47;1024;19.5825;2.70869
7.53008;1027.28;182.704;1209.99;1024;20.7721;2.70869
7.54008;1027.28;182.398;1209.68;1024;20.6807;2.70869
7.55008;1027.28;183.727;1211.01;1024;21.1438;2.70869
7.56008;1027.28;182.747;1210.03;1024;19.937;2.70869
7.57008;1027.28;182.45;1209.73;1024;20.2112;2.70869
7.58008;1027.28;182.281;1209.56;1024;19.5709;2.70869
7.59008;1027.28;181.479;1208.76;1024;19.8903;2.70869
7.60008;1027.28;179.647;1206.93;1024;20.9613;2.70869
7.61008;1027.28;182.222;1209.51;1024;21.0407;2.70869
7.62008;1027.28;181.216;1208.5;1024;20.8615;2.70869
7.63008;1027.28;183.344;1210.63;1024;19.59;2.70869
7.64008;1027.28;182.512;1209.8;1024;19.3742;2.70869
7.65008;1027.28;181.335;1208.62;1024;18.572;2.70869
7.66008;1027.28;182.059;1209.34;1024;19.2023;2.70869
7.67008;1027.28;179.885;1207.17;1024;18.9572;2.70869
7.68008;1027.28;182.839;1210.12;1024;19.0284;2.70869
7.69008;1027.28;181.282;1208.57;1024;18.6291;2.70869
7.70008;1027.28;183.708;1210.99;1024;17.5769;2.70869
7.71008;1027.28;183.094;1210.38;1024;17.2117;2.70869
7.72008;1027.28;183.079;1210.36;1024;17.2405;2.70869
7.73008;1027.28;182.28;1209.56;1024;18.1984;2.70869
7.74008;1027.28;180.41;1207.69;1024;18.4537;2.70869
7.75008;1027.28;182.247;1209.53;1024;18.5645;2.70869
7.76008;1027.28;181.852;1209.14;1024;17.8663;2.70869
7.77008;1027.28;183.655;1210.94;1024;16.8137;2.70869
7.78008;1027.28;183.31;1210.59;1024;16.3196;2.70869
7.79008;1027.28;182.042;1209.33;1024;16.4911;2.70869
7.80008;1027.28;182.594;1209.88;1024;17.7551;2.70869
7.81008;1027.28;180.905;1208.19;1024;18.3582;2.70869
7.82008;1027.28;183.768;1211.05;1024;18.7627;2.70869
7.83008;1027.28;182.247;1209.53;1024;18.0019;2.70869
7.84008;1027.28;184.933;1212.22;1024;17.2865;2.70869
7.85008;1027.28;183.722;1211.01;1024;16.9273;2.70869
7.86009;1027.28;182.472;1209.76;1024;16.9034;2.70869
7.87009;1027.28;183.044;1210.33;1024;17.7828;2.70869
7.88009;1027.28;181.379;1208.66;1024;18.6454;2.70869
7.89009;1027.28;182.229;1209.51;1024;19.1485;2.70869
7.90009;1027.28;182.763;1210.05;1024;18.1969;2.70869
7.91009;1027.28;183.391;1210.68;1024;17.7722;2.70869
7.92009;1027.28;184.152;1211.44;1024;17.5215;2.70869
7.93009;1027.28;182.882;1210.17;1024;17.8232;2.70869
7.94009;1027.28;182.567;1209.85;1024;18.362;2.70869
7.95009;1027.28;181.667;1208.95;1024;18.9969;2.70869
7.96009;1027.28;184.348;1211.63;1024;19.2507;2.70869
7.97009;1027.28;183.223;1210.51;1024;18.4249;2.70869
7.98009;1027.28;185.609;1212.89;1024;18.562;2.70869
7.99009;1027.28;184.027;1211.31;1024;17.9624;2.70869
8.00009;1027.28;183.361;1210.64;1024;18.4009;2.70869
8.01009;1027.28;183.576;1210.86;1024;18.6375;2.70869
8.02009;1027.28;182.145;1209.43;1024;19.5287;2.70869
8.03009;1027.28;181.914;1209.2;1024;19.7936;2.70869
8.04009;1027.28;183.396;1210.68;1024;19.2923;2.70869
8.05009;1027.28;183.01;1210.29;1024;19.4155;2.70869
8.06009;1027.28;184.172;1211.46;1024;18.6072;2.70869
8.07009;1027.28;183.596;1210.88;1024;19.0867;2.70869
8.08009;1027.28;182.378;1209.66;1024;19.0503;2.70869
8.09009;1027.28;182.361;1209.64;1024;19.7525;2.70869
8.10009;1027.28;182.671;1209.95;1024;20.0066;2.70869
8.11009;1027.28;184.171;1211.46;1024;19.8798;2.70869
8.12009;1027.28;183.536;1210.82;1024;19.7018;2.70869
8.13009;1027.28;184.497;1211.78;1024;18.6479;2.70869
8.14009;1027.28;183.536;1210.82;1024;19.1735;2.70869
8.15009;1027.28;184.369;1211.65;1024;18.8962;2.70869
8.16009;1027.28;182.844;1210.13;1024;19.596;2.70869
8.17009;1027.28;182.076;1209.36;1024;21.0733;2.70869
8.18009;1027.28;183.616;1210.9;1024;21.2218;2.70869
8.19009;1027.28;182.964;1210.25;1024;21.9331;2.70869
8.20009;1027.28;184.198;1211.48;1024;20.4571;2.70869
8.21009;1027.28;183.901;1211.18;1024;20.1398;2.70869
8.22009;1027.28;182.29;1209.57;1024;19.3462;2.70869
8.23009;1027.28;183.176;1210.46;1024;19.7443;2.70869
8.24009;1027.28;180.992;1208.28;1024;19.7665;2.70869
8.25009;1027.28;184.064;1211.35;1024;19.6988;2.70869
8.26009;1027.28;182.414;1209.7;1024;19.0251;2.70869
8.27009;1027.28;185.222;1212.51;1024;17.8926;2.70869
8.28009;1027.28;184.008;1211.29;1024;17.6897;2.70869
8.29009;1027.28;183.949;1211.23;1024;17.2511;2.70869
8.30009;1027.28;183.943;1211.23;1024;18.2418;2.70869
8.31009;1027.28;181.602;1208.89;1024;18.4085;2.70869
8.3201;1027.28;183.64;1210.92;1024;18.3905;2.70869
8.3301;1027.28;182.797;1210.08;1024;17.7874;2.70869
8.3401;1027.28;184.739;1212.02;1024;16.7362;2.70869
8.3501;1027.28;184.615;1211.9;1024;16.5242;2.70869
8.3601;1027.28;183.783;1211.07;1024;17.1729;2.70869
8.3701;1027.28;183.655;1210.94;1024;18.3069;2.70869
8.3801;1027.28;182.045;1209.33;1024;18.6701;2.70869
8.3901;1027.28;184.561;1211.84;1024;18.7442;2.70869
8.4001;1027.28;183.336;1210.62;1024;17.9755;2.70869
8.4101;1027.28;186.297;1213.58;1024;17.0621;2.70869
8.4201;1027.28;185.035;1212.32;1024;16.9226;2.70869
8.4301;1027.28;183.613;1210.9;1024;16.9757;2.70869
8.4401;1027.28;184.213;1211.5;1024;18.0233;2.70869
8.4501;1027.28;182.201;1209.49;1024;18.517;2.70869
8.4601;1027.28;184.071;1211.35;1024;18.8534;2.70869
8.4701;1027.28;183.703;1210.99;1024;18.0394;2.70869
8.4801;1027.28;185.126;1212.41;1024;17.7541;2.70869
8.4901;1027.28;185.299;1212.58;1024;17.6797;2.70869
8.5001;1027.28;184.228;1211.51;1024;17.525;2.70869
8.5101;1027.28;183.782;1211.07;1024;17.9531;2.70869
8.5201;1027.28;182.824;1210.11;1024;18.526;2.70869
8.5301;1027.28;184.217;1211.5;1024;18.8336;2.70869
8.5401;1027.28;184.522;1211.81;1024;18.1969;2.70869
8.5501;1027.28;186.295;1213.58;1024;18.5536;2.70869
8.5601;1027.28;185.483;1212.77;1024;17.9858;2.70869
8.5701;1027.28;184.47;1211.75;1024;18.1543;2.70869
8.5801;1027.28;184.57;1211.85;1024;18.3427;2.70869
8.5901;1027.28;183.161;1210.45;1024;19.3466;2.70869
8.6001;1027.28;185.744;1213.03;1024;19.9121;2.70869
8.6101;1027.28;184.718;1212;1024;19.2749;2.70869
8.6201;1027.28;185.51;1212.79;1024;19.6884;2.70869
8.6301;1027.28;185.317;1212.6;1024;18.6627;2.70869
8.6401;1027.28;184.796;1212.08;1024;18.941;2.70869
8.6501;1027.28;184.072;1211.36;1024;19.1135;2.70869
8.6601;1027.28;183.644;1210.93;1024;20.2125;2.70869
8.6701;1027.28;181.487;1208.77;1024;20.3817;2.70869
8.6801;1027.28;185.035;1212.32;1024;20.1158;2.70869
8.6901;1027.28;184.009;1211.29;1024;19.7228;2.70869
8.7001;1027.28;185.633;1212.92;1024;18.6108;2.70869
8.7101;1027.28;184.889;1212.17;1024;19.1327;2.70869
8.7201;1027.28;184.758;1212.04;1024;19.0853;2.70869
8.7301;1027.28;184.128;1211.41;1024;20.0138;2.70869
8.7401;1027.28;185.798;1213.08;1024;21.0647;2.70869
8.7501;1027.28;185.171;1212.45;1024;20.8983;2.70869
8.76011;1027.28;184.433;1211.72;1024;21.5717;2.70869
8.77011;1027.28;185.381;1212.67;1024;20.2125;2.70869
8.78011;1027.28;185.203;1212.49;1024;20.466;2.70869
8.79011;1027.28;185.36;1212.64;1024;19.966;2.70869
8.80011;1027.28;184.376;1211.66;1024;20.4856;2.70869
8.81011;1027.28;182.396;1209.68;1024;20.6348;2.70869
8.82011;1027.28;185.09;1212.37;1024;20.6021;2.70869
8.83011;1027.28;183.896;1211.18;1024;20.4832;2.70869
8.84011;1027.28;186.162;1213.45;1024;19.3381;2.70869
8.85011;1027.28;185.246;1212.53;1024;19.2174;2.70869
8.86011;1027.28;184.086;1211.37;1024;18.4763;2.70869
8.87011;1027.28;184.943;1212.23;1024;19.1211;2.70869
8.88011;1027.28;182.601;1209.89;1024;18.7404;2.70869
8.89011;1027.28;185.368;1212.65;1024;18.6914;2.70869
8.90011;1027.28;183.897;1211.18;1024;18.2133;2.70869
8.91011;1027.28;186.162;1213.45;1024;17.3765;2.70869
8.92011;1027.28;185.82;1213.1;1024;17.0818;2.70869
8.93011;1027.28;185.722;1213.01;1024;17.4672;2.70869
8.94011;1027.28;184.87;1212.15;1024;18.4734;2.70869
8.95011;1027.28;182.911;1210.2;1024;18.6811;2.70869
8.96011;1027.28;185.051;1212.34;1024;18.7464;2.70869
8.97011;1027.28;184.395;1211.68;1024;18.1296;2.70869
8.98011;1027.28;186.826;1214.11;1024;17.2279;2.70869
8.99011;1027.28;185.965;1213.25;1024;16.7274;2.70869
9.00011;1027.28;184.513;1211.8;1024;17.0288;2.70869
9.01011;1027.28;185.003;1212.29;1024;18.1814;2.70869
9.02011;1027.28;183.39;1210.67;1024;18.7663;2.70869
9.03011;1027.28;186.402;1213.69;1024;19.3528;2.70869
9.04011;1027.28;184.646;1211.93;1024;18.6306;2.70869
9.05011;1027.28;187.282;1214.57;1024;17.8299;2.70869
9.06011;1027.28;186.097;1213.38;1024;17.5936;2.70869
9.07011;1027.28;185.013;1212.3;1024;17.4116;2.70869
9.08011;1027.28;185.234;1212.52;1024;18.1788;2.70869
9.09011;1027.28;183.719;1211;1024;18.9385;2.70869
9.10011;1027.28;184.259;1211.54;1024;19.4485;2.70869
9.11011;1027.28;185.292;1212.58;1024;18.5988;2.70869
9.12011;1027.28;185.906;1213.19;1024;18.1656;2.70869
9.13011;1027.28;186.572;1213.86;1024;17.7918;2.70869
9.14011;1027.28;185.352;1212.64;1024;17.8591;2.70869
9.15011;1027.28;185.023;1212.31;1024;18.3101;2.70869
9.16011;1027.28;184.117;1211.4;1024;19.249;2.70869
9.17011;1027.28;187.219;1214.5;1024;19.6608;2.70869
9.18011;1027.28;185.537;1212.82;1024;18.8539;2.70869
9.19011;1027.28;188.012;1215.3;1024;19.2184;2.70869
9.20012;1027.28;186.438;1213.72;1024;18.3015;2.70869
9.21012;1027.28;185.638;1212.92;1024;18.5823;2.70869
9.22012;1027.28;185.828;1213.11;1024;18.82;2.70869
9.23012;1027.28;184.447;1211.73;1024;19.931;2.70869
9.24012;1027.28;183.681;1210.96;1024;20.0506;2.70869
9.25012;1027.28;185.727;1213.01;1024;19.4466;2.70869
9.26012;1027.28;184.894;1212.18;1024;19.5113;2.70869
9.27012;1027.28;186.439;1213.72;1024;18.6177;2.70869
9.28012;1027.28;185.827;1213.11;1024;19.1563;2.70869
9.29012;1027.28;184.638;1211.92;1024;19.2263;2.70869
9.30012;1027.28;184.813;1212.1;1024;20.1373;2.70869
9.31012;1027.28;184.919;1212.2;1024;20.107;2.70869
9.32012;1027.28;186.063;1213.35;1024;20.0891;2.70869
9.33012;1027.28;186.417;1213.7;1024;20.635;2.70869
9.34012;1027.28;186.409;1213.69;1024;19.5209;2.70869
9.35012;1027.28;186.033;1213.32;1024;20.1376;2.70869
9.36012;1027.28;186.594;1213.88;1024;19.6772;2.70869
9.37012;1027.28;185.013;1212.3;1024;20.1703;2.70869
9.38012;1027.28;184.172;1211.46;1024;21.7286;2.70869
9.39012;1027.28;185.677;1212.96;1024;21.7381;2.70869
9.40012;1027.28;184.671;1211.95;1024;21.4519;2.70869
9.41012;1027.28;186.745;1214.03;1024;20.1153;2.70869
9.42012;1027.28;186.14;1213.42;1024;20.1791;2.70869
9.43012;1027.28;185.006;1212.29;1024;19.4178;2.70869
9.44012;1027.28;185.521;1212.81;1024;19.6766;2.70869
9.45012;1027.28;183.34;1210.62;1024;19.3081;2.70869
9.46012;1027.28;186.354;1213.64;1024;19.4774;2.70869
9.47012;1027.28;184.775;1212.06;1024;19.0448;2.70869
9.48012;1027.28;187.319;1214.6;1024;18.1433;2.70869
9.49012;1027.28;186.307;1213.59;1024;17.7588;2.70869
9.50012;1027.28;185.909;1213.19;1024;17.3635;2.70869
9.51012;1027.28;185.912;1213.2;1024;18.2256;2.70869
9.52012;1027.28;183.689;1210.97;1024;18.2549;2.70869
9.53012;1027.28;185.712;1213;1024;18.3933;2.70869
9.54012;1027.28;184.992;1212.28;1024;17.8547;2.70869
9.55012;1027.28;187.065;1214.35;1024;16.9688;2.70869
9.56012;1027.28;186.82;1214.1;1024;16.5462;2.70869
9.57012;1027.28;186.505;1213.79;1024;16.9897;2.70869
9.58012;1027.28;185.642;1212.93;1024;18.2308;2.70869
9.59012;1027.28;184.21;1211.49;1024;18.6736;2.70869
9.60012;1027.28;186.679;1213.96;1024;18.9782;2.70869
9.61012;1027.28;185.402;1212.69;1024;18.3024;2.70869
9.62012;1027.28;188.406;1215.69;1024;17.5265;2.70869
9.63013;1027.28;186.823;1214.11;1024;16.9732;2.70869
9.64013;1027.28;185.72;1213;1024;16.9978;2.70869
9.65013;1027.28;186.353;1213.64;1024;18.1416;2.70869
9.66013;1027.28;184.395;1211.68;1024;18.8634;2.70869
9.67013;1027.28;186.297;1213.58;1024;19.4276;2.70869
9.68013;1027.28;185.748;1213.03;1024;18.6463;2.70869
9.69013;1027.28;186.922;1214.21;1024;18.0428;2.70869
9.70013;1027.28;187.341;1214.63;1024;17.8335;2.70869
9.71013;1027.28;186.121;1213.4;1024;17.9468;2.70869
9.72013;1027.28;185.758;1213.04;1024;18.5384;2.70869
9.73013;1027.28;184.893;1212.18;1024;19.2564;2.70869
9.74013;1027.28;186.017;1213.3;1024;19.6266;2.70869
9.75013;1027.28;186.482;1213.77;1024;18.7915;2.70869
9.76013;1027.28;188.353;1215.64;1024;18.6569;2.70869
9.77013;1027.28;187.544;1214.83;1024;18.1562;2.70869
9.78013;1027.28;186.424;1213.71;1024;18.3573;2.70869
9.79013;1027.28;186.459;1213.74;1024;18.5946;2.70869
9.80013;1027.28;185.26;1212.54;1024;19.5163;2.70869
9.81013;1027.28;187.578;1214.86;1024;19.751;2.70869
9.82013;1027.28;186.546;1213.83;1024;19.0157;2.70869
9.83013;1027.28;186.878;1214.16;1024;19.118;2.70869
9.84013;1027.28;187.267;1214.55;1024;18.3413;2.70869
9.85013;1027.28;186.787;1214.07;1024;18.8438;2.70869
9.86013;1027.28;185.968;1213.25;1024;19.0609;2.70869
9.87013;1027.28;185.522;1212.81;1024;20.1709;2.70869
9.88013;1027.28;183.149;1210.43;1024;20.1378;2.70869
9.89013;1027.28;187.034;1214.32;1024;19.7699;2.70869
9.90013;1027.28;187.044;1214.33;1024;19.6244;2.70869
9.91013;1027.28;187.534;1214.82;1024;18.7677;2.70869
9.92013;1027.28;186.578;1213.86;1024;19.5288;2.70869
9.93013;1027.28;186.432;1213.72;1024;19.4525;2.70869
9.94013;1027.28;185.813;1213.1;1024;20.2215;2.70869
9.95013;1027.28;187.547;1214.83;1024;20.98;2.70869
9.96013;1027.28;187.031;1214.32;1024;21.0797;2.70869
9.97013;1027.28;185.801;1213.08;1024;21.8542;2.70869
9.98013;1027.28;187.281;1214.57;1024;20.5351;2.70869
9.99013;1027.28;186.998;1214.28;1024;20.8324;2.70869
10.0001;1027.28;187.361;1214.64;1024;20.0502;2.70869
10.0101;1027.28;186.278;1213.56;1024;20.2321;2.70869
10.0201;1027.28;184.107;1211.39;1024;20.7483;2.70869
10.0301;1027.28;186.804;1214.09;1024;20.8889;2.70869
10.0401;1027.28;185.69;1212.97;1024;20.5908;2.70869
10.0501;1027.28;188.224;1215.51;1024;19.3909;2.70869
10.0601;1027.28;187.009;1214.29;1024;19.2382;2.70869
10.0701;1027.28;185.577;1212.86;1024;18.4842;2.70869
10.0801;1027.28;186.765;1214.05;1024;18.9724;2.70869
10.0901;1027.28;184.465;1211.75;1024;18.8136;2.70869
10.1001;1027.28;187.156;1214.44;1024;18.9106;2.70869
10.1101;1027.28;185.866;1213.15;1024;18.4713;2.70869
10.1201;1027.28;187.684;1214.97;1024;17.587;2.70869
10.1301;1027.28;187.473;1214.76;1024;17.1281;2.70869
10.1401;1027.28;187.648;1214.93;1024;17.3582;2.70869
10.1501;1027.28;186.698;1213.98;1024;18.2276;2.70869
10.1601;1027.28;184.797;1212.08;1024;18.5032;2.70869
10.1701;1027.28;186.712;1214;1024;18.7632;2.70869
10.1801;1027.28;186.21;1213.49;1024;18.1697;2.70869
10.1901;1027.28;189.014;1216.3;1024;17.2754;2.70869
10.2001;1027.28;187.726;1215.01;1024;16.8336;2.70869
10.2101;1027.28;186.396;1213.68;1024;17.3207;2.70869
10.2201;1027.28;186.795;1214.08;1024;18.4003;2.70869
10.2301;1027.28;185.329;1212.61;1024;19.0829;2.70869
10.2401;1027.28;188.196;1215.48;1024;19.5595;2.70869
10.2501;1027.28;186.394;1213.68;1024;18.8778;2.70869
10.2601;1027.28;188.837;1216.12;1024;18.242;2.70869
10.2701;1027.28;187.855;1215.14;1024;17.778;2.70869
10.2801;1027.28;186.805;1214.09;1024;17.4599;2.70869
10.2901;1027.28;186.943;1214.23;1024;18.2308;2.70869
10.3001;1027.28;185.623;1212.91;1024;18.9203;2.70869
10.3101;1027.28;186.198;1213.48;1024;19.4122;2.70869
10.3201;1027.28;187.193;1214.48;1024;18.5735;2.70869
10.3301;1027.28;188.042;1215.33;1024;18.0783;2.70869
10.3401;1027.28;188.384;1215.67;1024;17.6652;2.70869
10.3501;1027.28;187.155;1214.44;1024;17.9028;2.70869
10.3601;1027.28;186.782;1214.07;1024;18.3288;2.70869
10.3701;1027.28;185.947;1213.23;1024;19.1145;2.70869
10.3801;1027.28;188.915;1216.2;1024;19.4739;2.70869
10.3901;1027.28;187.374;1214.66;1024;18.8113;2.70869
10.4001;1027.28;189.344;1216.63;1024;19.1774;2.70869
10.4101;1027.28;188.115;1215.4;1024;18.3746;2.70869
10.4201;1027.28;187.497;1214.78;1024;18.7154;2.70869
10.4301;1027.28;187.701;1214.99;1024;18.9583;2.70869
10.4401;1027.28;186.315;1213.6;1024;20.0744;2.70869
10.4501;1027.28;185.37;1212.65;1024;20.1876;2.70869
10.4601;1027.28;187.572;1214.86;1024;19.4761;2.70869
10.4701;1027.28;186.006;1213.29;1024;19.4117;2.70869
10.4801;1027.28;188.412;1215.7;1024;18.5461;2.70869
10.4901;1027.28;187.644;1214.93;1024;19.2615;2.70869
10.5001;1027.28;186.609;1213.89;1024;19.4108;2.70869
10.5101;1027.28;186.664;1213.95;1024;20.4311;2.70869
10.5201;1027.28;186.736;1214.02;1024;20.7589;2.70869
10.5301;1027.28;188.107;1215.39;1024;20.5252;2.70869
10.5401;1027.28;189.138;1216.42;1024;20.8829;2.70869
10.5501;1027.28;188.251;1215.54;1024;19.7668;2.70869
10.5601;1027.28;187.763;1215.05;1024;20.3739;2.70869
10.5701;1027.28;188.613;1215.9;1024;20.0868;2.70869
10.5801;1027.28;186.873;1214.16;1024;20.7019;2.70869
10.5901;1027.28;185.967;1213.25;1024;22.1757;2.70869
10.6001;1027.28;187.647;1214.93;1024;22.0816;2.70869
10.6101;1027.28;186.563;1213.85;1024;22.078;2.70869
10.6201;1027.28;188.463;1215.75;1024;20.7136;2.70869
10.6301;1027.28;187.85;1215.13;1024;20.8043;2.70869
10.6401;1027.28;186.345;1213.63;1024;20.054;2.70869
10.6501;1027.28;187.244;1214.53;1024;20.1983;2.70869
10.6601;1027.28;185.144;1212.43;1024;19.8742;2.70869
10.6701;1027.28;188.111;1215.39;1024;20.0493;2.70869
10.6801;1027.28;186.567;1213.85;1024;19.6037;2.70869
10.6901;1027.28;188.943;1216.23;1024;18.5115;2.70869
10.7001;1027.28;188.118;1215.4;1024;18.1973;2.70869
10.7101;1027.28;187.935;1215.22;1024;17.6294;2.70869
10.7201;1027.28;187.712;1215;1024;18.4354;2.70869
10.7302;1027.28;185.394;1212.68;1024;18.6508;2.70869
10.7402;1027.28;187.466;1214.75;1024;18.7547;2.70869
10.7502;1027.28;186.831;1214.11;1024;18.3008;2.70869
10.7602;1027.28;188.647;1215.93;1024;17.3703;2.70869
10.7702;1027.28;188.616;1215.9;1024;16.9648;2.70869
10.7802;1027.28;187.732;1215.02;1024;17.4434;2.70869
10.7902;1027.28;187.357;1214.64;1024;18.5477;2.70869
10.8002;1027.28;185.869;1213.15;1024;18.9357;2.70869
10.8102;1027.28;188.334;1215.62;1024;19.1314;2.70869
10.8202;1027.28;187.144;1214.43;1024;18.5297;2.70869
10.8302;1027.28;190.128;1217.41;1024;17.6398;2.70869
10.8402;1027.28;188.473;1215.76;1024;17.1083;2.70869
10.8502;1027.28;187.232;1214.52;1024;17.209;2.70869
10.8602;1027.28;187.982;1215.27;1024;18.1601;2.70869
10.8702;1027.28;186.108;1213.39;1024;18.9168;2.70869
10.8802;1027.28;188.557;1215.84;1024;19.4568;2.70869
10.8902;1027.28;187.598;1214.88;1024;18.6833;2.70869
10.9002;1027.28;188.711;1215.99;1024;18.0965;2.70869
10.9102;1027.28;189.064;1216.35;1024;17.9229;2.70869
10.9202;1027.28;187.76;1215.04;1024;17.9121;2.70869
10.9302;1027.28;187.578;1214.86;1024;18.5935;2.70869
10.9402;1027.28;186.64;1213.92;1024;19.334;2.70869
10.9502;1027.28;187.367;1214.65;1024;19.6222;2.70869
10.9602;1027.28;188.202;1215.49;1024;18.8127;2.70869
10.9702;1027.28;190.498;1217.78;1024;18.5094;2.70869
10.9802;1027.28;189.206;1216.49;1024;18.0847;2.70869
10.9902;1027.28;188.206;1215.49;1024;18.4496;2.70869
11.0002;1027.28;188.212;1215.5;1024;18.7731;2.70869
11.0102;1027.28;186.939;1214.22;1024;19.6492;2.70869
11.0202;1027.28;189.702;1216.99;1024;19.9235;2.70869
11.0302;1027.28;188.185;1215.47;1024;19.1848;2.70869
11.0402;1027.28;188.325;1215.61;1024;19.2447;2.70869
11.0502;1027.28;188.952;1216.24;1024;18.4929;2.70869
11.0602;1027.28;188.422;1215.71;1024;18.9188;2.70869
11.0702;1027.28;187.84;1215.12;1024;19.1482;2.70869
11.0802;1027.28;187.235;1214.52;1024;20.2426;2.70869
11.0902;1027.28;184.856;1212.14;1024;20.139;2.70869
11.1002;1027.28;188.776;1216.06;1024;19.6336;2.70869
11.1102;1027.28;189.001;1216.29;1024;19.5696;2.70869
11.1202;1027.28;189.386;1216.67;1024;18.753;2.70869
11.1302;1027.28;188.439;1215.72;1024;19.5352;2.70869
11.1402;1027.28;188.095;1215.38;1024;19.5266;2.70869
11.1502;1027.28;187.675;1214.96;1024;20.2982;2.70869
11.1602;1027.28;189.152;1216.44;1024;21.7294;2.70869
11.1702;1027.28;188.686;1215.97;1024;21.6194;2.70869
11.1802;1027.28;187.244;1214.53;1024;22.5941;2.70869
11.1902;1027.28;189.064;1216.35;1024;21.1919;2.70869
11.2002;1027.28;188.627;1215.91;1024;21.2718;2.70869
11.2102;1027.28;189.17;1216.45;1024;20.428;2.70869
11.2202;1027.28;187.946;1215.23;1024;20.5921;2.70869
11.2302;1027.28;185.793;1213.08;1024;21.3544;2.70869
11.2402;1027.28;188.508;1215.79;1024;21.4855;2.70869
11.2502;1027.28;187.282;1214.57;1024;20.7547;2.70869
11.2602;1027.28;189.537;1216.82;1024;19.6031;2.70869
11.2702;1027.28;188.659;1215.94;1024;19.6044;2.70869
11.2802;1027.28;187.076;1214.36;1024;18.8108;2.70869
11.2902;1027.28;188.25;1215.53;1024;19.406;2.70869
11.3002;1027.28;186.138;1213.42;1024;19.1281;2.70869
11.3102;1027.28;188.793;1216.08;1024;19.3245;2.70869
11.3202;1027.28;187.403;1214.69;1024;18.9404;2.70869
11.3302;1027.28;189.241;1216.52;1024;17.9126;2.70869
11.3402;1027.28;188.976;1216.26;1024;17.3311;2.70869
11.3502;1027.28;189.505;1216.79;1024;17.2484;2.70869
11.3602;1027.28;188.501;1215.79;1024;18.1286;2.70869
11.3702;1027.28;186.341;1213.62;1024;18.3839;2.70869
11.3802;1027.28;188.226;1215.51;1024;18.6417;2.70869
11.3902;1027.28;187.672;1214.96;1024;18.1093;2.70869
11.4002;1027.28;190.21;1217.49;1024;17.1684;2.70869
11.4102;1027.28;189.387;1216.67;1024;16.7067;2.70869
11.4202;1027.28;187.963;1215.25;1024;17.0298;2.70869
11.4302;1027.28;188.406;1215.69;1024;18.2817;2.70869
11.4402;1027.28;186.757;1214.04;1024;18.8535;2.70869
11.4502;1027.28;189.756;1217.04;1024;19.2847;2.70869
11.4602;1027.28;188.042;1215.33;1024;18.5903;2.70869
11.4702;1027.28;190.058;1217.34;1024;17.987;2.70869
11.4802;1027.28;189.293;1216.58;1024;17.5334;2.70869
11.4902;1027.28;188.343;1215.63;1024;17.4114;2.70869
11.5002;1027.28;188.617;1215.9;1024;18.2186;2.70869
11.5102;1027.28;187.123;1214.41;1024;19.0068;2.70869
11.5202;1027.28;187.641;1214.93;1024;19.4821;2.70869
11.5302;1027.28;188.496;1215.78;1024;18.6103;2.70869
11.5402;1027.28;189.878;1217.16;1024;18.329;2.70869
11.5502;1027.28;189.963;1217.25;1024;17.9138;2.70869
11.5602;1027.28;188.721;1216;1024;18.1956;2.70869
11.5702;1027.28;188.274;1215.56;1024;18.667;2.70869
11.5802;1027.28;187.611;1214.89;1024;19.4316;2.70869
11.5902;1027.28;190.303;1217.59;1024;19.7242;2.70869
11.6002;1027.28;188.886;1216.17;1024;18.9643;2.70869
11.6102;1027.28;190.86;1218.14;1024;19.2873;2.70869
11.6202;1027.28;189.804;1217.09;1024;18.5671;2.70869
11.6302;1027.28;189.017;1216.3;1024;18.9281;2.70869
11.6402;1027.28;189.117;1216.4;1024;19.0487;2.70869
11.6502;1027.28;187.787;1215.07;1024;20.1447;2.70869
11.6602;1027.28;187.744;1215.03;1024;20.3597;2.70869
11.6702;1027.28;189.039;1216.32;1024;19.8657;2.70869
11.6802;1027.28;187.554;1214.84;1024;19.7768;2.70869
11.6902;1027.28;189.771;1217.06;1024;18.9533;2.70869
11.7002;1027.28;189.191;1216.48;1024;19.4972;2.70869
11.7102;1027.28;187.967;1215.25;1024;19.5747;2.70869
11.7202;1027.28;188.167;1215.45;1024;20.434;2.70869
11.7302;1027.28;187.885;1215.17;1024;20.5122;2.70869
11.7402;1027.28;189.429;1216.71;1024;20.2927;2.70869
11.7502;1027.28;190.374;1217.66;1024;20.8468;2.70869
11.7602;1027.28;189.728;1217.01;1024;19.7476;2.70869
11.7702;1027.28;189.151;1216.44;1024;20.4018;2.70869
11.7802;1027.28;189.56;1216.84;1024;20.1124;2.70869
11.7902;1027.28;188.294;1215.58;1024;20.7612;2.70869
11.8002;1027.28;187.922;1215.21;1024;22.0374;2.70869
11.8102;1027.28;189.111;1216.4;1024;21.9758;2.70869
11.8202;1027.28;187.806;1215.09;1024;22.0387;2.70869
11.8302;1027.28;189.965;1217.25;1024;20.7301;2.70869
11.8402;1027.28;189.335;1216.62;1024;20.6583;2.70869
11.8502;1027.28;188.335;1215.62;1024;19.7733;2.70869
11.8602;1027.28;188.697;1215.98;1024;20.0106;2.70869
11.8702;1027.28;186.592;1213.88;1024;20.0556;2.70869
11.8802;1027.28;189.655;1216.94;1024;20.0748;2.70869
11.8902;1027.28;188.056;1215.34;1024;19.5298;2.70869
11.9002;1027.28;190.313;1217.6;1024;18.5067;2.70869
11.9102;1027.28;189.235;1216.52;1024;18.4347;2.70869
11.9202;1027.28;188.886;1216.17;1024;17.7989;2.70869
11.9302;1027.28;189.075;1216.36;1024;18.592;2.70869
11.9402;1027.28;186.775;1214.06;1024;18.6598;2.70869
11.9502;1027.28;188.969;1216.25;1024;18.7683;2.70869
11.9602;1027.28;188.188;1215.47;1024;18.3498;2.70869
11.9702;1027.28;190.103;1217.39;1024;17.4646;2.70869
11.9802;1027.28;189.981;1217.26;1024;17.0979;2.70869
11.9902;1027.28;189.788;1217.07;1024;17.5428;2.70869
12.0002;1027.28;188.838;1216.12;1024;18.557;2.70869
12.0102;1027.28;187.292;1214.58;1024;19.0592;2.70869
12.0202;1027.28;189.474;1216.76;1024;19.392;2.70869
12.0302;1027.28;188.549;1215.83;1024;18.781;2.70869
12.0402;1027.28;191.521;1218.81;1024;17.8879;2.70869
12.0502;1027.28;189.878;1217.16;1024;17.4018;2.70869
12.0602;1027.28;188.78;1216.06;1024;17.3962;2.70869
12.0702;1027.28;189.332;1216.62;1024;18.4189;2.70869
12.0802;1027.28;187.525;1214.81;1024;19.1491;2.70869
12.0902;1027.28;189.854;1217.14;1024;19.6222;2.70869
12.1002;1027.28;189.037;1216.32;1024;18.9048;2.70869
12.1102;1027.28;189.958;1217.24;1024;18.2614;2.70869
12.1202;1027.28;190.448;1217.73;1024;17.8734;2.70869
12.1302;1027.28;189.418;1216.7;1024;17.6824;2.70869
12.1402;1027.28;188.95;1216.23;1024;18.202;2.70869
12.1502;1027.28;188.071;1215.36;1024;18.9769;2.70869
12.1602;1027.28;188.629;1215.91;1024;19.3614;2.70869
12.1702;1027.28;189.559;1216.84;1024;18.5691;2.70869
12.1802;1027.28;192.486;1219.77;1024;18.8388;2.70869
12.1902;1027.28;190.581;1217.87;1024;18.2974;2.70869
12.2002;1027.28;189.399;1216.68;1024;18.5664;2.70869
12.2102;1027.28;189.336;1216.62;1024;18.8317;2.70869
12.2202;1027.28;188.378;1215.66;1024;19.6347;2.70869
12.2302;1027.28;191.124;1218.41;1024;19.9384;2.70869
12.2402;1027.28;189.638;1216.92;1024;19.2777;2.70869
12.2502;1027.28;189.26;1216.54;1024;19.4708;2.70869
12.2602;1027.28;190.478;1217.76;1024;18.6212;2.70869
12.2702;1027.28;189.875;1217.16;1024;19.1354;2.70869
12.2802;1027.28;189.57;1216.85;1024;19.3266;2.70869
12.2902;1027.28;188.63;1215.91;1024;20.5397;2.70869
12.3002;1027.28;186.201;1213.49;1024;20.5398;2.70869
12.3102;1027.28;189.924;1217.21;1024;20.2301;2.70869
12.3202;1027.28;190.8;1218.08;1024;20.52;2.70869
12.3302;1027.28;190.724;1218.01;1024;19.5101;2.70869
12.3402;1027.28;189.977;1217.26;1024;20.191;2.70869
12.3502;1027.28;189.077;1216.36;1024;20.0538;2.70869
12.3602;1027.28;189.006;1216.29;1024;20.7248;2.70869
12.3702;1027.28;191.047;1218.33;1024;21.4472;2.70869
12.3802;1027.28;190.111;1217.4;1024;21.2086;2.70869
12.3902;1027.28;188.785;1216.07;1024;22.5605;2.70869
12.4002;1027.28;190.323;1217.61;1024;21.1923;2.70869
12.4102;1027.28;189.944;1217.23;1024;21.4335;2.70869
12.4202;1027.28;190.667;1217.95;1024;20.8142;2.70869
12.4302;1027.28;189.315;1216.6;1024;21.1484;2.70869
12.4402;1027.28;187.176;1214.46;1024;21.2796;2.70869
12.4502;1027.28;189.82;1217.1;1024;21.3798;2.70869
12.4602;1027.28;188.587;1215.87;1024;20.7302;2.70869
12.4702;1027.28;191.114;1218.4;1024;19.6288;2.70869
12.4802;1027.28;190.105;1217.39;1024;19.5597;2.70869
12.4902;1027.28;188.173;1215.46;1024;18.7195;2.70869
12.5002;1027.28;189.604;1216.89;1024;19.2005;2.70869
12.5102;1027.28;187.401;1214.68;1024;18.9551;2.70869
12.5202;1027.28;190.268;1217.55;1024;19.3122;2.70869
12.5302;1027.28;188.791;1216.08;1024;18.8639;2.70869
12.5402;1027.28;190.678;1217.96;1024;18.0314;2.70869
12.5502;1027.28;190.307;1217.59;1024;17.6718;2.70869
12.5602;1027.28;190.737;1218.02;1024;17.331;2.70869
12.5702;1027.28;189.664;1216.95;1024;18.3312;2.70869
12.5802;1027.28;187.683;1214.97;1024;18.6555;2.70869
12.5902;1027.28;189.344;1216.63;1024;18.7788;2.70869
12.6002;1027.28;189.087;1216.37;1024;18.3155;2.70869
12.6102;1027.28;191.897;1219.18;1024;17.546;2.70869
12.6202;1027.28;190.707;1217.99;1024;17.2079;2.70869
12.6302;1027.28;189.604;1216.89;1024;17.6728;2.70869
12.6402;1027.28;189.604;1216.89;1024;18.8019;2.70869
12.6502;1027.28;188.149;1215.43;1024;19.2349;2.70869
12.6602;1027.28;190.919;1218.2;1024;19.8005;2.70869
12.6702;1027.28;189.258;1216.54;1024;19.1864;2.70869
12.6802;1027.28;191.354;1218.64;1024;18.3323;2.70869
12.6902;1027.28;190.594;1217.88;1024;17.6694;2.70869
12.7002;1027.28;189.592;1216.88;1024;17.4742;2.70869
12.7102;1027.28;190;1217.28;1024;18.2769;2.70869
12.7202;1027.28;188.421;1215.71;1024;19.0975;2.70869
12.7302;1027.28;189.206;1216.49;1024;19.6813;2.70869
12.7402;1027.28;189.825;1217.11;1024;18.9233;2.70869
12.7502;1027.28;191.595;1218.88;1024;18.4608;2.70869
12.7602;1027.28;191.207;1218.49;1024;18.034;2.70869
12.7702;1027.28;189.847;1217.13;1024;18.1004;2.70869
12.7802;1027.28;189.427;1216.71;1024;18.514;2.70869
12.7902;1027.28;188.897;1216.18;1024;19.4479;2.70869
12.8002;1027.28;190.889;1218.17;1024;19.7255;2.70869
12.8102;1027.28;190.158;1217.44;1024;18.9488;2.70869
12.8202;1027.28;192.232;1219.52;1024;18.9739;2.70869
12.8302;1027.28;190.831;1218.12;1024;18.252;2.70869
12.8402;1027.28;190.153;1217.44;1024;18.5853;2.70869
12.8502;1027.28;190.249;1217.53;1024;18.8531;2.70869
12.8602;1027.28;188.961;1216.25;1024;19.8404;2.70869
12.8702;1027.28;189.922;1217.21;1024;20.0194;2.70869
12.8802;1027.28;190.203;1217.49;1024;19.4309;2.70869
12.8902;1027.28;188.698;1215.98;1024;19.3443;2.70869
12.9002;1027.28;191.004;1218.29;1024;18.6;2.70869
12.9102;1027.28;190.408;1217.69;1024;19.4997;2.70869
12.9202;1027.28;189.305;1216.59;1024;19.6403;2.70869
12.9302;1027.28;189.261;1216.55;1024;20.6992;2.70869
12.9402;1027.28;188.518;1215.8;1024;20.475;2.70869
12.9502;1027.28;190.554;1217.84;1024;20.0426;2.70869
12.9602;1027.28;190.821;1218.11;1024;21.7063;2.70869
12.9702;1027.28;190.733;1218.02;1024;20.5753;2.70869
12.9802;1027.28;190.253;1217.54;1024;21.3064;2.70869
12.9902;1027.28;190.325;1217.61;1024;20.9551;2.70869
13.0002;1027.28;189.442;1216.73;1024;21.3362;2.70869
13.0102;1027.28;189.413;1216.7;1024;22.5421;2.70869
13.0202;1027.28;190.24;1217.52;1024;22.3165;2.70869
13.0302;1027.28;188.973;1216.26;1024;22.5696;2.70869
13.0402;1027.28;191.192;1218.48;1024;21.1769;2.70869
13.0502;1027.28;190.498;1217.78;1024;21.3314;2.70869
13.0602;1027.28;190.571;1217.85;1024;20.4535;2.70869
13.0702;1027.28;189.647;1216.93;1024;20.5036;2.70869
13.0802;1027.28;187.535;1214.82;1024;20.9875;2.70869
13.0902;1027.28;190.518;1217.8;1024;21.082;2.70869
13.1002;1027.28;189.189;1216.47;1024;20.4815;2.70869
13.1102;1027.28;191.515;1218.8;1024;19.4398;2.70869
13.1202;1027.28;190.446;1217.73;1024;19.3912;2.70869
13.1302;1027.28;189.253;1216.54;1024;18.5634;2.70869
13.1402;1027.28;190.29;1217.57;1024;19.1783;2.70869
13.1502;1027.28;187.961;1215.25;1024;19.0076;2.70869
13.1602;1027.28;190.324;1217.61;1024;19.208;2.70869
13.1702;1027.28;189.318;1216.6;1024;18.738;2.70869
13.1802;1027.28;191.133;1218.42;1024;17.8054;2.70869
13.1902;1027.28;190.979;1218.26;1024;17.2103;2.70869
13.2002;1027.28;190.966;1218.25;1024;17.3429;2.70869
13.2102;1027.28;189.924;1217.21;1024;18.5273;2.70869
13.2202;1027.28;188.365;1215.65;1024;19.0093;2.70869
13.2302;1027.28;190.234;1217.52;1024;19.2558;2.70869
13.2402;1027.28;189.672;1216.96;1024;18.6211;2.70869
13.2502;1027.28;192.484;1219.77;1024;17.6663;2.70869
13.2602;1027.28;191.031;1218.31;1024;17.2546;2.70869
13.2702;1027.28;189.884;1217.17;1024;17.4325;2.70869
13.2802;1027.28;190.309;1217.59;1024;18.662;2.70869
13.2902;1027.28;188.726;1216.01;1024;19.3483;2.70869
13.3002;1027.28;191.368;1218.65;1024;19.8832;2.70869
13.3102;1027.28;189.755;1217.04;1024;19.1068;2.70869
13.3202;1027.28;190.999;1218.28;1024;18.3543;2.70869
13.3302;1027.28;191.189;1218.47;1024;17.8379;2.70869
13.3402;1027.28;190.222;1217.51;1024;17.8587;2.70869
13.3502;1027.28;190.289;1217.57;1024;18.5043;2.70869
13.3602;1027.28;188.925;1216.21;1024;19.2568;2.70869
13.3702;1027.28;189.402;1216.69;1024;19.6386;2.70869
13.3802;1027.28;190.353;1217.64;1024;18.8377;2.70869
13.3902;1027.28;193.144;1220.43;1024;18.8391;2.70869
13.4002;1027.28;191.426;1218.71;1024;18.3236;2.70869
13.4102;1027.28;190.393;1217.68;1024;18.5489;2.70869
13.4202;1027.28;190.158;1217.44;1024;18.9064;2.70869
13.4302;1027.28;189.344;1216.63;1024;19.7478;2.70869
13.4402;1027.28;192.127;1219.41;1024;20.1293;2.70869
13.4502;1027.28;190.538;1217.82;1024;19.3389;2.70869
13.4602;1027.28;189.565;1216.85;1024;19.5812;2.70869
13.4702;1027.28;191.175;1218.46;1024;18.7653;2.70869
13.4802;1027.28;190.828;1218.11;1024;19.2569;2.70869
13.4902;1027.28;190.747;1218.03;1024;19.3884;2.70869
13.5002;1027.28;189.496;1216.78;1024;20.5113;2.70869
13.5102;1027.28;187.837;1215.12;1024;20.533;2.70869
13.5202;1027.28;190.645;1217.93;1024;20.0552;2.70869
13.5302;1027.28;192.041;1219.33;1024;20.1501;2.70869
13.5402;1027.28;191.458;1218.74;1024;19.2637;2.70869
13.5502;1027.28;190.654;1217.94;1024;20.0546;2.70869
13.5602;1027.28;189.53;1216.81;1024;19.9977;2.70869
13.5702;1027.28;189.843;1217.13;1024;20.8132;2.70869
13.5802;1027.28;191.256;1218.54;1024;21.0727;2.70869
13.5902;1027.28;191.036;1218.32;1024;20.8338;2.70869
13.6002;1027.28;189.588;1216.87;1024;21.7339;2.70869
13.6102;1027.28;191.138;1218.42;1024;20.6322;2.70869
13.6202;1027.28;190.715;1218;1024;21.0859;2.70869
13.6302;1027.28;191.526;1218.81;1024;20.6349;2.70869
13.6402;1027.28;189.966;1217.25;1024;20.8163;2.70869
13.6502;1027.28;188.095;1215.38;1024;21.5925;2.70869
13.6602;1027.28;190.647;1217.93;1024;21.7406;2.70869
13.6702;1027.28;189.462;1216.75;1024;21.1137;2.70869
13.6802;1027.28;191.866;1219.15;1024;19.8675;2.70869
13.6902;1027.28;190.831;1218.11;1024;19.9316;2.70869
13.7002;1027.28;189.613;1216.9;1024;19.027;2.70869
13.7102;1027.28;190.167;1217.45;1024;19.322;2.70869
13.7202;1027.28;188.049;1215.33;1024;19.178;2.70869
13.7302;1027.28;191.114;1218.4;1024;19.461;2.70869
13.7402;1027.28;189.45;1216.73;1024;19.0424;2.70869
13.7502;1027.28;191.316;1218.6;1024;18.081;2.70869
13.7602;1027.28;190.849;1218.13;1024;17.8051;2.70869
13.7702;1027.28;190.87;1218.15;1024;17.5724;2.70869
13.7802;1027.28;190.535;1217.82;1024;18.4761;2.70869
13.7902;1027.28;188.359;1215.64;1024;18.7122;2.70869
13.8002;1027.28;190.161;1217.45;1024;18.9583;2.70869
13.8102;1027.28;189.669;1216.95;1024;18.3967;2.70869
13.8202;1027.28;192.653;1219.94;1024;17.6188;2.70869
13.8302;1027.28;191.405;1218.69;1024;17.1808;2.70869
13.8402;1027.28;191.144;1218.43;1024;17.7134;2.70869
13.8502;1027.28;190.286;1217.57;1024;18.8719;2.70869
13.8602;1027.28;188.766;1216.05;1024;19.445;2.70869
13.8702;1027.28;191.595;1218.88;1024;19.9545;2.70869
13.8802;1027.28;189.956;1217.24;1024;19.3214;2.70869
13.8902;1027.28;191.727;1219.01;1024;18.6006;2.70869
13.9002;1027.28;191.375;1218.66;1024;18.0493;2.70869
13.9102;1027.28;190.263;1217.55;1024;17.9454;2.70869
13.9202;1027.28;190.843;1218.13;1024;18.8191;2.70869
13.9302;1027.28;189.108;1216.39;1024;19.4889;2.70869
13.9402;1027.28;189.803;1217.09;1024;19.8988;2.70869
13.9502;1027.28;190.319;1217.6;1024;19.1289;2.70869
13.9602;1027.28;192.536;1219.82;1024;18.5696;2.70869
13.9702;1027.28;191.926;1219.21;1024;18.0437;2.70869
13.9802;1027.28;190.676;1217.96;1024;18.1692;2.70869
13.9902;1027.28;190.06;1217.34;1024;18.4911;2.70869
14.0002;1027.28;189.327;1216.61;1024;19.271;2.70869
14.0102;1027.28;191.462;1218.75;1024;19.6903;2.70869
14.0202;1027.28;190.895;1218.18;1024;19.0807;2.70869
14.0302;1027.28;191.736;1219.02;1024;19.2132;2.70869
14.0402;1027.28;191.632;1218.92;1024;18.4647;2.70869
14.0502;1027.28;190.8;1218.08;1024;18.6704;2.70869
14.0602;1027.28;190.834;1218.12;1024;18.7941;2.70869
14.0702;1027.28;189.713;1217;1024;19.9689;2.70869
14.0802;1027.28;189.947;1217.23;1024;20.1535;2.70869
14.0902;1027.28;190.778;1218.06;1024;19.6227;2.70869
14.1002;1027.28;191.422;1218.71;1024;19.4331;2.70869
14.1102;1027.28;191.753;1219.04;1024;18.6415;2.70869
14.1202;1027.28;191.092;1218.38;1024;19.3199;2.70869
14.1302;1027.28;190.48;1217.76;1024;19.4051;2.70869
14.1402;1027.28;190.074;1217.36;1024;20.6599;2.70869
14.1502;1027.28;188.688;1215.97;1024;20.6869;2.70869
14.1602;1027.28;191.388;1218.67;1024;20.4538;2.70869
14.1702;1027.28;191.952;1219.24;1024;21.4178;2.70869
14.1802;1027.28;191.538;1218.82;1024;20.2887;2.70869
14.1902;1027.28;190.904;1218.19;1024;20.795;2.70869
14.2002;1027.28;190.688;1217.97;1024;20.5044;2.70869
14.2102;1027.28;190.249;1217.53;1024;21.079;2.70869
14.2202;1027.28;190.69;1217.97;1024;22.1033;2.70869
14.2302;1027.28;191.062;1218.35;1024;22.1658;2.70869
14.2402;1027.28;189.54;1216.82;1024;21.6312;2.70869
14.2502;1027.28;191.886;1219.17;1024;20.3728;2.70869
14.2602;1027.28;191.202;1218.49;1024;20.6971;2.70869
14.2702;1027.28;191.474;1218.76;1024;20.0515;2.70869
14.2802;1027.28;190.348;1217.63;1024;20.2104;2.70869
14.2902;1027.28;188.229;1215.51;1024;20.0296;2.70869
14.3002;1027.28;191.085;1218.37;1024;20.4589;2.70869
14.3102;1027.28;189.69;1216.97;1024;19.9187;2.70869
14.3202;1027.28;191.719;1219;1024;18.8671;2.70869
14.3302;1027.28;190.996;1218.28;1024;18.622;2.70869
14.3402;1027.28;189.647;1216.93;1024;17.9068;2.70869
14.3502;1027.28;190.744;1218.03;1024;18.4914;2.70869
14.3602;1027.28;188.556;1215.84;1024;18.5312;2.70869
14.3702;1027.28;190.815;1218.1;1024;18.8385;2.70869
14.3802;1027.28;189.886;1217.17;1024;18.5813;2.70869
14.3902;1027.28;192.324;1219.61;1024;17.7902;2.70869
14.4002;1027.28;191.535;1218.82;1024;17.3294;2.70869
14.4102;1027.28;192.003;1219.29;1024;17.5992;2.70869
14.4202;1027.28;190.791;1218.08;1024;18.4904;2.70869
14.4302;1027.28;189.006;1216.29;1024;18.866;2.70869
14.4402;1027.28;190.872;1218.16;1024;19.1086;2.70869
14.4502;1027.28;190.237;1217.52;1024;18.6961;2.70869
14.4602;1027.28;193.076;1220.36;1024;17.9757;2.70869
14.4702;1027.28;191.579;1218.86;1024;17.4911;2.70869
14.4802;1027.28;190.357;1217.64;1024;18.0177;2.70869
14.4902;1027.28;190.706;1217.99;1024;18.9609;2.70869
14.5002;1027.28;189.341;1216.63;1024;19.6111;2.70869
14.5102;1027.28;191.844;1219.13;1024;20.1068;2.70869
14.5202;1027.28;190.445;1217.73;1024;19.4064;2.70869
14.5302;1027.28;191.966;1219.25;1024;18.6816;2.70869
14.5402;1027.28;191.98;1219.26;1024;18.1097;2.70869
14.5502;1027.28;190.922;1218.21;1024;18.0586;2.70869
14.5602;1027.28;191.044;1218.33;1024;18.8511;2.70869
14.5702;1027.28;189.528;1216.81;1024;19.6189;2.70869
14.5802;1027.28;189.888;1217.17;1024;19.8359;2.70869
14.5902;1027.28;190.958;1218.24;1024;18.9239;2.70869
14.6002;1027.28;194.143;1221.43;1024;18.73;2.70869
14.6102;1027.28;192.222;1219.51;1024;18.2566;2.70869
14.6202;1027.28;191.177;1218.46;1024;18.4965;2.70869
14.6302;1027.28;190.644;1217.93;1024;18.781;2.70869
14.6402;1027.28;190.029;1217.31;1024;19.6646;2.70869
14.6502;1027.28;192.898;1220.18;1024;19.929;2.70869
14.6602;1027.28;191.278;1218.56;1024;19.3376;2.70869
14.6702;1027.28;189.599;1216.88;1024;19.2623;2.70869
14.6802;1027.28;192.182;1219.47;1024;18.5306;2.70869
14.6902;1027.28;191.38;1218.66;1024;18.8838;2.70869
14.7002;1027.28;191.455;1218.74;1024;19.0901;2.70869
14.7102;1027.28;190.041;1217.32;1024;20.4082;2.70869
14.7202;1027.28;188.088;1215.37;1024;20.3156;2.70869
14.7302;1027.28;191.5;1218.78;1024;19.7654;2.70869
14.7402;1027.28;193.835;1221.12;1024;20.0119;2.70869
14.7502;1027.28;191.987;1219.27;1024;19.1889;2.70869
14.7602;1027.28;191.46;1218.74;1024;20.1137;2.70869
14.7702;1027.28;190.202;1217.49;1024;20.0446;2.70869
14.7802;1027.28;190.688;1217.97;1024;21.1915;2.70869
14.7902;1027.28;192.009;1219.29;1024;21.9909;2.70869
14.8002;1027.28;191.629;1218.91;1024;21.6737;2.70869
14.8102;1027.28;190.111;1217.39;1024;22.5702;2.70869
14.8202;1027.28;191.931;1219.22;1024;21.319;2.70869
14.8302;1027.28;191.417;1218.7;1024;21.5847;2.70869
14.8402;1027.28;191.941;1219.23;1024;20.8362;2.70869
14.8502;1027.28;190.71;1217.99;1024;21.1702;2.70869
14.8602;1027.28;188.83;1216.11;1024;22.1638;2.70869
14.8702;1027.28;191.258;1218.54;1024;22.1442;2.70869
14.8802;1027.28;190.076;1217.36;1024;21.2795;2.70869
14.8902;1027.28;192.589;1219.87;1024;20.0851;2.70869
14.9002;1027.28;191.35;1218.63;1024;20.2346;2.70869
14.9102;1027.28;190.978;1218.26;1024;19.4565;2.70869
14.9202;1027.28;190.822;1218.11;1024;19.6639;2.70869
14.9302;1027.28;188.71;1215.99;1024;19.2327;2.70869
14.9402;1027.28;191.682;1218.97;1024;19.6715;2.70869
14.9502;1027.28;190.028;1217.31;1024;19.3183;2.70869
14.9602;1027.28;191.931;1219.21;1024;18.3549;2.70869
14.9702;1027.28;191.489;1218.77;1024;17.8503;2.70869
14.9802;1027.28;190.883;1218.17;1024;17.2925;2.70869
14.9902;1027.28;191.366;1218.65;1024;18.1048;2.70869
