0;1029.83;-8.36512;1021.46;0;0.6005;0.518338
0.01;1029.83;-8.48182;1021.35;0;0.7872;0.518338
0.02;1029.83;-8.51624;1021.31;0;0.6775;0.518338
0.03;1029.83;-8.65253;1021.18;0;0.4588;0.518338
0.04;1029.83;-8.56763;1021.26;0;0.2762;0.518338
0.05;1029.83;-8.51673;1021.31;0;0.3366;0.518338
0.06;1029.83;-8.32545;1021.5;0;0.5947;0.518338
0.07;1029.83;-8.35053;1021.48;0;0.8147;0.518338
0.08;1029.83;-8.45966;1021.37;0;0.6771;0.518338
0.09;1029.83;-8.74042;1021.09;0;0.3708;0.518338
0.1;1029.83;-8.56946;1021.26;0;0.1926;0.518338
0.11;1029.83;-8.50562;1021.32;0;0.304;0.518338
0.12;1029.83;-8.30646;1021.52;0;0.56;0.518338
0.13;1029.83;-8.28406;1021.54;0;0.7645;0.518338
0.14;1029.83;-8.45936;1021.37;0;0.7329;0.518338
0.15;1029.83;-8.63337;1021.19;0;0.5131;0.518338
0.16;1029.83;-8.67573;1021.15;0;0.2149;0.518338
0.17;1029.83;-8.55756;1021.27;0;0.1754;0.518338
0.18;1029.83;-8.44227;1021.39;0;0.4456;0.518338
0.19;1029.83;-8.22162;1021.61;0;0.7538;0.518338
0.2;1029.83;-8.28632;1021.54;0;0.8115;0.518338
0.21;1029.83;-8.44324;1021.38;0;0.6127;0.518338
0.22;1029.83;-8.55622;1021.27;0;0.4072;0.518338
0.23;1029.83;-8.40925;1021.42;0;0.3604;0.518338
0.24;1029.83;-8.44507;1021.38;0;0.4807;0.518338
0.25;1029.83;-8.24415;1021.58;0;0.715;0.518338
0.26;1029.83;-8.28882;1021.54;0;0.8066;0.518338
0.27;1029.83;-8.50007;1021.33;0;0.6425;0.518338
0.28;1029.83;-8.67744;1021.15;0;0.4025;0.518338
0.29;1029.83;-8.44507;1021.38;0;0.3031;0.518338
0.3;1029.83;-8.40717;1021.42;0;0.3985;0.518338
0.31;1029.83;-8.29474;1021.53;0;0.6097;0.518338
0.32;1029.83;-8.52784;1021.3;0;0.7449;0.518338
0.33;1029.83;-8.47162;1021.36;0;0.6565;0.518338
0.34;1029.83;-8.59162;1021.24;0;0.4677;0.518338
0.35;1029.83;-8.55756;1021.27;0;0.3193;0.518338
0.36;1029.83;-8.44733;1021.38;0;0.3521;0.518338
0.37;1029.83;-8.42567;1021.4;0;0.528;0.518338
0.38;1029.83;-8.31946;1021.51;0;0.7071;0.518338
0.39;1029.83;-8.44764;1021.38;0;0.6782;0.518338
0.4;1029.83;-8.56055;1021.27;0;0.5576;0.518338
0.41;1029.83;-8.57422;1021.25;0;0.438;0.518338
0.42;1029.83;-8.42902;1021.4;0;0.4319;0.518338
0.43;1029.83;-8.31873;1021.51;0;0.5705;0.518338
0.44;1029.83;-8.35572;1021.47;0;0.6857;0.518338
0.45;1029.83;-8.41382;1021.41;0;0.6981;0.518338
0.46;1029.83;-8.43763;1021.39;0;0.6003;0.518338
0.47;1029.83;-8.52582;1021.3;0;0.5038;0.518338
0.48;1029.83;-8.49506;1021.33;0;0.4563;0.518338
0.49;1029.83;-8.32673;1021.5;0;0.5285;0.518338
0.5;1029.83;-8.39155;1021.44;0;0.6318;0.518338
0.51;1029.83;-8.35316;1021.47;0;0.6339;0.518338
0.52;1029.83;-8.36042;1021.47;0;0.5781;0.518338
0.53;1029.83;-8.56623;1021.26;0;0.5612;0.518338
0.54;1029.83;-8.50526;1021.32;0;0.5321;0.518338
0.55;1029.83;-8.45557;1021.37;0;0.5402;0.518338
0.56;1029.83;-8.37055;1021.46;0;0.5635;0.518338
0.57;1029.83;-8.37568;1021.45;0;0.568;0.518338
0.58;1029.83;-8.48035;1021.35;0;0.5335;0.518338
0.59;1029.83;-8.49567;1021.33;0;0.4741;0.518338
0.6;1029.83;-8.41736;1021.41;0;0.5192;0.518338
0.61;1029.83;-8.31214;1021.52;0;0.5446;0.518338
0.62;1029.83;-8.34028;1021.49;0;0.5873;0.518338
0.63;1029.83;-8.33033;1021.5;0;0.5758;0.518338
0.64;1029.83;-8.50233;1021.33;0;0.547;0.518338
0.65;1029.83;-8.42567;1021.4;0;0.557;0.518338
0.66;1029.83;-8.35523;1021.47;0;0.562;0.518338
0.67;1029.83;-8.46644;1021.36;0;0.5338;0.518338
0.68;1029.83;-8.29706;1021.53;0;0.5453;0.518338
0.69;1029.83;-8.38953;1021.44;0;0.5667;0.518338
0.7;1029.83;-8.43568;1021.39;0;0.525;0.518338
0.71;1029.83;-8.39063;1021.44;0;0.4809;0.518338
0.72;1029.83;-8.47266;1021.36;0;0.4775;0.518338
0.73;1029.83;-8.43152;1021.4;0;0.5428;0.518338
0.74;1029.83;-8.35016;1021.48;0;0.5962;0.518338
0.75;1029.83;-8.37794;1021.45;0;0.5988;0.518338
0.76;1029.83;-8.36255;1021.47;0;0.5905;0.518338
0.77;1029.83;-8.40595;1021.42;0;0.5628;0.518338
0.78;1029.83;-8.50452;1021.32;0;0.533;0.518338
0.79;1029.83;-8.38923;1021.44;0;0.5546;0.518338
0.8;1029.83;-8.52582;1021.3;0;0.5502;0.518338
0.81;1029.83;-8.32343;1021.5;0;0.5717;0.518338
0.82;1029.83;-8.37336;1021.45;0;0.5413;0.518338
0.83;1029.83;-8.40436;1021.42;0;0.5037;0.518338
0.839999;1029.83;-8.43824;1021.39;0;0.4847;0.518338
0.849999;1029.83;-8.43824;1021.39;0;0.4825;0.518338
0.859999;1029.83;-8.42396;1021.4;0;0.4927;0.518338
0.869999;1029.83;-8.60132;1021.23;0;0.4535;0.518338
0.879999;1029.83;-8.48914;1021.34;0;0.4801;0.518338
0.889999;1029.83;-8.35645;1021.47;0;0.543;0.518338
0.899999;1029.83;-8.41486;1021.41;0;0.5479;0.518338
0.909999;1029.83;-8.55463;1021.27;0;0.5329;0.518338
0.919999;1029.83;-8.49506;1021.33;0;0.4776;0.518338
0.929999;1029.83;-8.36323;1021.46;0;0.4233;0.518338
0.939999;1029.83;-8.42945;1021.4;0;0.4718;0.518338
0.949999;1029.83;-8.36085;1021.47;0;0.5311;0.518338
0.959999;1029.83;-8.47663;1021.35;0;0.5393;0.518338
0.969999;1029.83;-8.37397;1021.45;0;0.5059;0.518338
0.979999;1029.83;-8.46015;1021.37;0;0.4491;0.518338
0.989999;1029.83;-8.48847;1021.34;0;0.3962;0.518338
0.999999;1029.83;-8.46235;1021.37;0;0.4493;0.518338
1.01;1029.83;-8.38386;1021.44;0;0.5791;0.518338
1.02;1029.83;-8.46058;1021.37;0;0.638;0.518338
1.03;1029.83;-8.33594;1021.49;0;0.6542;0.518338
1.04;1029.83;-8.49616;1021.33;0;0.5918;0.518338
1.05;1029.83;-8.42963;1021.4;0;0.485;0.518338
1.06;1029.83;-8.40204;1021.43;0;0.4234;0.518338
1.07;1029.83;-8.41736;1021.41;0;0.4936;0.518338
1.08;1029.83;-8.34455;1021.48;0;0.6113;0.518338
1.09;1029.83;-8.31843;1021.51;0;0.6585;0.518338
1.1;1029.83;-8.40662;1021.42;0;0.5984;0.518338
1.11;1029.83;-8.53272;1021.3;0;0.4949;0.518338
1.12;1029.83;-8.51874;1021.31;0;0.4343;0.518338
1.13;1029.83;-8.56183;1021.27;0;0.4738;0.518338
1.14;1029.83;-8.34815;1021.48;0;0.5694;0.518338
1.15;1029.83;-8.33655;1021.49;0;0.6365;0.518338
1.16;1029.83;-8.48902;1021.34;0;0.5351;0.518338
1.17;1029.83;-8.41273;1021.42;0;0.4471;0.518338
1.18;1029.83;-8.49732;1021.33;0;0.3963;0.518338
1.19;1029.83;-8.26807;1021.56;0;0.4727;0.518338
1.2;1029.83;-8.29255;1021.54;0;0.5151;0.518338
1.21;1029.83;-8.43793;1021.39;0;0.556;0.518338
1.22;1029.83;-8.45594;1021.37;0;0.5214;0.518338
1.23;1029.83;-8.46747;1021.36;0;0.463;0.518338
1.24;1029.83;-8.38953;1021.44;0;0.3866;0.518338
1.25;1029.83;-8.37934;1021.45;0;0.4446;0.518338
1.26;1029.83;-8.44092;1021.39;0;0.5488;0.518338
1.27;1029.83;-8.37263;1021.46;0;0.6444;0.518338
1.28;1029.83;-8.53217;1021.3;0;0.6441;0.518338
1.29;1029.83;-8.49457;1021.33;0;0.5806;0.518338
1.3;1029.83;-8.43824;1021.39;0;0.5894;0.518338
1.31;1029.83;-8.47114;1021.36;0;0.5964;0.518338
1.32;1029.83;-8.36487;1021.46;0;0.5939;0.518338
1.33;1029.83;-8.34315;1021.48;0;0.5962;0.518338
1.34;1029.83;-8.37934;1021.45;0;0.564;0.518338
1.35;1029.83;-8.42664;1021.4;0;0.4827;0.518338
1.36;1029.83;-8.45667;1021.37;0;0.4811;0.518338
1.37;1029.83;-8.34113;1021.49;0;0.5119;0.518338
1.38;1029.83;-8.41352;1021.41;0;0.5866;0.518338
1.39;1029.83;-8.47535;1021.35;0;0.6478;0.518338
1.4;1029.83;-8.43464;1021.39;0;0.5464;0.518338
1.41;1029.83;-8.50312;1021.32;0;0.4384;0.518338
1.42;1029.83;-8.57624;1021.25;0;0.3564;0.518338
1.43;1029.83;-8.44477;1021.38;0;0.3662;0.518338
1.44;1029.83;-8.38398;1021.44;0;0.4713;0.518338
1.45;1029.83;-8.37495;1021.45;0;0.552;0.518338
1.46;1029.83;-8.52582;1021.3;0;0.5959;0.518338
1.47;1029.83;-8.44593;1021.38;0;0.5398;0.518338
1.48;1029.83;-8.48774;1021.34;0;0.4375;0.518338
1.49;1029.83;-8.56965;1021.26;0;0.4819;0.518338
1.5;1029.83;-8.52753;1021.3;0;0.5512;0.518338
1.51;1029.83;-8.43928;1021.39;0;0.6506;0.518338
1.52;1029.83;-8.28882;1021.54;0;0.6567;0.518338
1.53;1029.83;-8.32703;1021.5;0;0.6274;0.518338
1.54;1029.83;-8.45002;1021.38;0;0.5303;0.518338
1.55;1029.83;-8.48432;1021.34;0;0.4695;0.518338
1.56;1029.83;-8.36323;1021.46;0;0.4856;0.518338
1.57;1029.83;-8.41773;1021.41;0;0.5459;0.518338
1.58;1029.83;-8.39295;1021.43;0;0.5948;0.518338
1.59;1029.83;-8.52717;1021.3;0;0.6053;0.518338
1.6;1029.83;-8.42505;1021.4;0;0.5431;0.518338
1.61;1029.83;-8.42536;1021.4;0;0.4498;0.518338
1.62;1029.83;-8.43427;1021.39;0;0.441;0.518338
1.63;1029.83;-8.39832;1021.43;0;0.435;0.518338
1.64;1029.83;-8.43354;1021.39;0;0.509;0.518338
1.65;1029.83;-8.37812;1021.45;0;0.5402;0.518338
1.66;1029.83;-8.43995;1021.39;0;0.5278;0.518338
1.67;1029.83;-8.44733;1021.38;0;0.4939;0.518338
1.68;1029.83;-8.44324;1021.38;0;0.5284;0.518338
1.69;1029.83;-8.35755;1021.47;0;0.5408;0.518338
1.7;1029.83;-8.39564;1021.43;0;0.5346;0.518338
1.71;1029.83;-8.39454;1021.43;0;0.5156;0.518338
1.72;1029.83;-8.39887;1021.43;0;0.5361;0.518338
1.73;1029.83;-8.41004;1021.42;0;0.531;0.518338
1.74;1029.83;-8.45338;1021.37;0;0.4752;0.518338
1.75;1029.83;-8.38044;1021.45;0;0.505;0.518338
1.76;1029.83;-8.37568;1021.45;0;0.4975;0.518338
1.77;1029.83;-8.50452;1021.32;0;0.533;0.518338
1.78;1029.83;-8.45942;1021.37;0;0.5177;0.518338
1.79;1029.83;-8.43745;1021.39;0;0.5512;0.518338
1.8;1029.83;-8.34675;1021.48;0;0.5646;0.518338
1.81;1029.83;-8.49006;1021.34;0;0.5598;0.518338
1.82;1029.83;-8.54243;1021.29;0;0.5914;0.518338
1.83;1029.83;-8.42463;1021.4;0;0.5913;0.518338
1.84;1029.83;-8.46802;1021.36;0;0.6136;0.518338
1.85;1029.83;-8.38654;1021.44;0;0.6209;0.518338
1.86;1029.83;-8.46747;1021.36;0;0.6197;0.518338
1.87;1029.83;-8.53113;1021.3;0;0.4984;0.518338
1.88;1029.83;-8.38422;1021.44;0;0.5057;0.518338
1.89;1029.83;-8.49903;1021.33;0;0.5477;0.518338
1.9;1029.83;-8.41657;1021.41;0;0.6055;0.518338
1.91;1029.83;-8.29157;1021.54;0;0.6438;0.518338
1.92;1029.83;-8.41273;1021.42;0;0.6033;0.518338
1.93;1029.83;-8.44202;1021.39;0;0.4993;0.518338
1.94;1029.83;-8.50526;1021.32;0;0.4314;0.518338
1.95;1029.83;-8.39557;1021.43;0;0.4562;0.518338
1.96;1029.83;-8.44343;1021.38;0;0.5593;0.518338
1.97;1029.83;-8.55463;1021.27;0;0.6677;0.518338
1.98;1029.83;-8.41022;1021.42;0;0.6992;0.518338
1.99;1029.83;-8.49903;1021.33;0;0.5574;0.518338
2;1029.83;-8.46393;1021.36;0;0.5054;0.518338
2.01;1029.83;-8.38526;1021.44;0;0.4953;0.518338
2.02;1029.83;-8.35932;1021.47;0;0.5406;0.518338
2.03;1029.83;-8.43592;1021.39;0;0.5752;0.518338
2.04;1029.83;-8.55915;1021.27;0;0.5166;0.518338
2.05;1029.83;-8.40204;1021.43;0;0.4895;0.518338
2.06;1029.83;-8.39014;1021.44;0;0.4522;0.518338
2.07;1029.83;-8.38563;1021.44;0;0.5058;0.518338
2.08;1029.83;-8.38892;1021.44;0;0.5452;0.518338
2.09;1029.83;-8.41273;1021.42;0;0.6023;0.518338
2.1;1029.83;-8.34913;1021.48;0;0.6174;0.518338
2.11;1029.83;-8.44562;1021.38;0;0.5098;0.518338
2.12;1029.83;-8.46802;1021.36;0;0.4237;0.518338
2.13;1029.83;-8.49085;1021.34;0;0.4542;0.518338
2.14;1029.83;-8.36396;1021.46;0;0.5811;0.518338
2.15;1029.83;-8.38453;1021.44;0;0.6924;0.518338
2.16;1029.83;-8.52082;1021.31;0;0.6935;0.518338
2.17;1029.83;-8.61036;1021.22;0;0.6119;0.518338
2.18;1029.83;-8.44794;1021.38;0;0.46;0.518338
2.19;1029.83;-8.55488;1021.27;0;0.348;0.518338
2.2;1029.83;-8.37934;1021.45;0;0.4069;0.518338
2.21;1029.83;-8.38587;1021.44;0;0.5958;0.518338
2.22;1029.83;-8.38087;1021.45;0;0.7378;0.518338
2.23;1029.83;-8.42737;1021.4;0;0.6546;0.518338
2.24;1029.83;-8.46473;1021.36;0;0.4987;0.518338
2.25;1029.83;-8.58857;1021.24;0;0.3522;0.518338
2.26;1029.83;-8.31812;1021.51;0;0.349;0.518338
2.27;1029.83;-8.27637;1021.55;0;0.4732;0.518338
2.28;1029.83;-8.31647;1021.51;0;0.5602;0.518338
2.29;1029.83;-8.37482;1021.45;0;0.5577;0.518338
2.3;1029.83;-8.39454;1021.43;0;0.4931;0.518338
2.31;1029.83;-8.37495;1021.45;0;0.4144;0.518338
2.32;1029.83;-8.37604;1021.45;0;0.3787;0.518338
2.33;1029.83;-8.32374;1021.5;0;0.4414;0.518338
2.34;1029.83;-8.25703;1021.57;0;0.4886;0.518338
2.35;1029.83;-8.29474;1021.53;0;0.512;0.518338
2.36;1029.83;-8.40662;1021.42;0;0.4379;0.518338
2.37;1029.83;-8.40864;1021.42;0;0.3897;0.518338
2.38;1029.83;-8.42396;1021.4;0;0.425;0.518338
2.39;1029.83;-8.35645;1021.47;0;0.467;0.518338
2.4;1029.83;-8.36542;1021.46;0;0.5562;0.518338
2.41;1029.83;-8.33033;1021.5;0;0.6037;0.518338
2.42;1029.83;-8.29987;1021.53;0;0.5786;0.518338
2.43;1029.83;-8.41712;1021.41;0;0.5025;0.518338
2.44;1029.83;-8.40925;1021.42;0;0.4408;0.518338
2.45;1029.83;-8.38727;1021.44;0;0.4557;0.518338
2.46;1029.83;-8.38398;1021.44;0;0.4716;0.518338
2.47;1029.83;-8.43494;1021.39;0;0.4672;0.518338
2.48;1029.83;-8.43098;1021.4;0;0.485;0.518338
2.49;1029.83;-8.43745;1021.39;0;0.5079;0.518338
2.5;1029.83;-8.45295;1021.38;0;0.5069;0.518338
2.51;1029.83;-8.55622;1021.27;0;0.5206;0.518338
2.52;1029.83;-8.48542;1021.34;0;0.5391;0.518338
2.53;1029.83;-8.36487;1021.46;0;0.5127;0.518338
2.54;1029.83;-8.37714;1021.45;0;0.4923;0.518338
2.55;1029.83;-8.48517;1021.34;0;0.4435;0.518338
2.56;1029.83;-8.41395;1021.41;0;0.4346;0.518338
2.57;1029.83;-8.40296;1021.42;0;0.452;0.518338
2.58;1029.83;-8.39295;1021.43;0;0.4921;0.518338
2.59;1029.83;-8.37543;1021.45;0;0.507;0.518338
2.6;1029.83;-8.57453;1021.25;0;0.5064;0.518338
2.61;1029.83;-8.42335;1021.4;0;0.4344;0.518338
2.62;1029.83;-8.54987;1021.28;0;0.4231;0.518338
2.63;1029.83;-8.27064;1021.56;0;0.4362;0.518338
2.64;1029.83;-8.38563;1021.44;0;0.4957;0.518338
2.65;1029.83;-8.34614;1021.48;0;0.6208;0.518338
2.66;1029.83;-8.34913;1021.48;0;0.6428;0.518338
2.67;1029.83;-8.51874;1021.31;0;0.5239;0.518338
2.68;1029.83;-8.41486;1021.41;0;0.4554;0.518338
2.69;1029.83;-8.44202;1021.39;0;0.4151;0.518338
2.7;1029.83;-8.44227;1021.39;0;0.4355;0.518338
2.71;1029.83;-8.44105;1021.39;0;0.5543;0.518338
2.72;1029.83;-8.39435;1021.43;0;0.5874;0.518338
2.73;1029.83;-8.54835;1021.28;0;0.5648;0.518338
2.74;1029.83;-8.38727;1021.44;0;0.4652;0.518338
2.75;1029.83;-8.50184;1021.33;0;0.4009;0.518338
2.76;1029.83;-8.36994;1021.46;0;0.4197;0.518338
2.77;1029.83;-8.31922;1021.51;0;0.5337;0.518338
2.78;1029.83;-8.21497;1021.61;0;0.5835;0.518338
2.79;1029.83;-8.27045;1021.56;0;0.5927;0.518338
2.8;1029.83;-8.35114;1021.48;0;0.5289;0.518338
2.81;1029.83;-8.33454;1021.49;0;0.428;0.518338
2.82;1029.83;-8.43427;1021.39;0;0.4068;0.518338
2.83;1029.83;-8.34223;1021.49;0;0.4675;0.518338
2.84;1029.83;-8.27003;1021.56;0;0.5409;0.518338
2.85;1029.83;-8.34113;1021.49;0;0.533;0.518338
2.86;1029.83;-8.48707;1021.34;0;0.4831;0.518338
2.87;1029.83;-8.44507;1021.38;0;0.3992;0.518338
2.88;1029.83;-8.42133;1021.41;0;0.3847;0.518338
2.89;1029.83;-8.47303;1021.35;0;0.4026;0.518338
2.9;1029.83;-8.34345;1021.48;0;0.4354;0.518338
2.91;1029.83;-8.49238;1021.34;0;0.4617;0.518338
2.92;1029.83;-8.47834;1021.35;0;0.418;0.518338
2.93;1029.83;-8.36378;1021.46;0;0.4149;0.518338
2.94;1029.83;-8.36884;1021.46;0;0.3986;0.518338
2.95;1029.83;-8.40424;1021.42;0;0.3963;0.518338
2.96;1029.83;-8.27814;1021.55;0;0.481;0.518338
2.97;1029.83;-8.36872;1021.46;0;0.5513;0.518338
2.98;1029.83;-8.50025;1021.33;0;0.549;0.518338
2.99;1029.83;-8.41736;1021.41;0;0.4767;0.518338
3;1029.83;-8.43403;1021.39;0;0.3688;0.518338
3.01;1029.83;-8.41602;1021.41;0;0.335;0.518338
3.02;1029.83;-8.45557;1021.37;0;0.385;0.518338
3.03;1029.83;-8.28754;1021.54;0;0.4794;0.518338
3.04;1029.83;-8.41907;1021.41;0;0.5597;0.518338
3.05;1029.83;-8.40027;1021.43;0;0.59;0.518338
3.06;1029.83;-8.35767;1021.47;0;0.4806;0.518338
3.07;1029.83;-8.37623;1021.45;0;0.3773;0.518338
3.08;1029.83;-8.43067;1021.4;0;0.3995;0.518338
3.09;1029.83;-8.31306;1021.51;0;0.5476;0.518338
3.1;1029.83;-8.27912;1021.55;0;0.7031;0.518338
3.11;1029.83;-8.34223;1021.49;0;0.7794;0.518338
3.12;1029.83;-8.42444;1021.4;0;0.65;0.518338
3.13;1029.83;-8.63257;1021.2;0;0.3315;0.518338
3.14;1029.83;-8.52753;1021.3;0;0.1561;0.518338
3.15;1029.83;-8.36378;1021.46;0;0.3545;0.518338
3.16;1029.83;-8.11432;1021.71;0;0.7726;0.518338
3.17;1029.83;-8.12214;1021.71;0;1.0045;0.518338
3.18;1029.83;-8.30616;1021.52;0;0.8276;0.518338
3.19;1029.83;-8.61335;1021.21;0;0.3862;0.518338
3.2;1029.83;-8.48786;1021.34;0;0.1034;0.518338
3.21;1029.83;-8.47675;1021.35;0;0.1921;0.518338
3.22;1029.83;-8.16254;1021.67;0;0.5727;0.518338
3.23;1029.83;-8.16328;1021.66;0;1.0045;0.518338
3.24;1029.83;-8.49634;1021.33;0;1.0342;0.518338
3.25;1029.83;-8.48432;1021.34;0;0.5846;0.518338
3.26;1029.83;-8.62537;1021.2;0;0.1366;0.518338
3.27;1029.83;-8.46442;1021.36;0;0.1319;0.518338
3.28;1029.83;-8.16584;1021.66;0;0.5068;0.518338
3.29;1029.83;-8.16285;1021.67;0;0.8744;0.518338
3.3;1029.83;-8.26856;1021.56;0;0.9453;0.518338
3.31;1029.83;-8.43134;1021.4;0;0.7155;0.518338
3.32;1029.83;-8.53016;1021.3;0;0.2926;0.518338
3.33;1029.83;-8.47108;1021.36;0;0.0472;0.518338
3.34;1029.83;-8.19904;1021.63;0;0.2859;0.518338
3.35;1029.83;-8.14777;1021.68;0;0.7596;0.518338
3.36;1029.83;-8.29774;1021.53;0;0.9337;0.518338
3.37;1029.83;-8.41944;1021.41;0;0.7057;0.518338
3.38;1029.83;-8.52076;1021.31;0;0.383;0.518338
3.39;1029.83;-8.50916;1021.32;0;0.2612;0.518338
3.4;1029.83;-8.32087;1021.51;0;0.3811;0.518338
3.41;1029.83;-8.17127;1021.66;0;0.6631;0.518338
3.42;1029.83;-8.19843;1021.63;0;0.8703;0.518338
3.43;1029.83;-8.38837;1021.44;0;0.7433;0.518338
3.44;1029.83;-8.57685;1021.25;0;0.3761;0.518338
3.45;1029.83;-8.66077;1021.17;0;0.1259;0.518338
3.46;1029.83;-8.44306;1021.38;0;0.2589;0.518338
3.47;1029.83;-8.36353;1021.46;0;0.5693;0.518338
3.48;1029.83;-8.24183;1021.59;0;0.7382;0.518338
3.49;1029.83;-8.32807;1021.5;0;0.6556;0.518338
3.5;1029.83;-8.44904;1021.38;0;0.363;0.518338
3.51;1029.83;-8.57386;1021.25;0;0.1275;0.518338
3.52;1029.83;-8.38294;1021.45;0;0.172;0.518338
3.53;1029.83;-8.22834;1021.6;0;0.5155;0.518338
3.54;1029.83;-8.18055;1021.65;0;0.7938;0.518338
3.55;1029.83;-8.27814;1021.55;0;0.8122;0.518338
3.56;1029.83;-8.38892;1021.44;0;0.5083;0.518338
3.57;1029.83;-8.65412;1021.17;0;0.2168;0.518338
3.58;1029.83;-8.43293;1021.4;0;0.1898;0.518338
3.59;1029.83;-8.32014;1021.51;0;0.4246;0.518338
3.6;1029.83;-8.23475;1021.59;0;0.749;0.518338
3.61;1029.83;-8.29682;1021.53;0;0.8341;0.518338
3.62;1029.83;-8.53174;1021.3;0;0.6257;0.518338
3.63;1029.83;-8.52253;1021.31;0;0.3382;0.518338
3.64;1029.83;-8.47077;1021.36;0;0.2138;0.518338
3.65;1029.83;-8.43098;1021.4;0;0.3505;0.518338
3.66;1029.83;-8.31574;1021.51;0;0.667;0.518338
3.67;1029.83;-8.23456;1021.59;0;0.8361;0.518338
3.68;1029.83;-8.35877;1021.47;0;0.7513;0.518338
3.69;1029.83;-8.52045;1021.31;0;0.4831;0.518338
3.7;1029.83;-8.53046;1021.3;0;0.304;0.518338
3.71;1029.83;-8.37995;1021.45;0;0.3566;0.518338
3.72;1029.83;-8.23853;1021.59;0;0.5929;0.518338
3.73;1029.83;-8.28705;1021.54;0;0.7668;0.518338
3.74;1029.83;-8.27473;1021.55;0;0.7903;0.518338
3.75;1029.83;-8.46735;1021.36;0;0.5832;0.518338
3.76;1029.83;-8.42103;1021.41;0;0.3415;0.518338
3.77;1029.83;-8.43336;1021.39;0;0.2756;0.518338
3.78;1029.83;-8.33637;1021.49;0;0.4675;0.518338
3.79;1029.83;-8.29444;1021.53;0;0.6894;0.518338
3.8;1029.83;-8.32874;1021.5;0;0.7759;0.518338
3.81;1029.83;-8.30475;1021.52;0;0.6662;0.518338
3.82;1029.83;-8.41462;1021.41;0;0.4731;0.518338
3.83;1029.83;-8.41334;1021.41;0;0.3725;0.518338
3.84;1029.83;-8.34614;1021.48;0;0.4965;0.518338
3.85;1029.83;-8.15797;1021.67;0;0.6902;0.518338
3.86;1029.83;-8.24354;1021.58;0;0.7547;0.518338
3.87;1029.83;-8.49116;1021.34;0;0.615;0.518338
3.88;1029.83;-8.34345;1021.48;0;0.4033;0.518338
3.89;1029.83;-8.46876;1021.36;0;0.2688;0.518338
3.9;1029.83;-8.28705;1021.54;0;0.3549;0.518338
3.91;1029.83;-8.22358;1021.6;0;0.551;0.518338
3.92;1029.83;-8.30616;1021.52;0;0.6939;0.518338
3.93;1029.83;-8.38996;1021.44;0;0.6392;0.518338
3.94;1029.83;-8.43262;1021.4;0;0.4525;0.518338
3.95;1029.83;-8.42866;1021.4;0;0.3395;0.518338
3.96;1029.83;-8.48493;1021.34;0;0.408;0.518338
3.97;1029.83;-8.36756;1021.46;0;0.5448;0.518338
3.98;1029.83;-8.27863;1021.55;0;0.6785;0.518338
3.99;1029.83;-8.44446;1021.38;0;0.6778;0.518338
4;1029.83;-8.38453;1021.44;0;0.4979;0.518338
4.01;1029.83;-8.53126;1021.3;0;0.3372;0.518338
4.02;1029.83;-8.49457;1021.33;0;0.2825;0.518338
4.03;1029.83;-8.43354;1021.39;0;0.3858;0.518338
4.04;1029.83;-8.31586;1021.51;0;0.5495;0.518338
4.05;1029.83;-8.39014;1021.44;0;0.6044;0.518338
4.06;1029.83;-8.25135;1021.58;0;0.5426;0.518338
4.07;1029.83;-8.43824;1021.39;0;0.4298;0.518338
4.08;1029.83;-8.35493;1021.47;0;0.3951;0.518338
4.09;1029.83;-8.33283;1021.5;0;0.4616;0.518338
4.1;1029.83;-8.33094;1021.5;0;0.5504;0.518338
4.11;1029.83;-8.29273;1021.54;0;0.6048;0.518338
4.12;1029.83;-8.42036;1021.41;0;0.5684;0.518338
4.13;1029.83;-8.35413;1021.47;0;0.4907;0.518338
4.14;1029.83;-8.35755;1021.47;0;0.5028;0.518338
4.15;1029.83;-8.36982;1021.46;0;0.5325;0.518338
4.16;1029.83;-8.23353;1021.59;0;0.5838;0.518338
4.17;1029.83;-8.31977;1021.51;0;0.6183;0.518338
4.18;1029.83;-8.40937;1021.42;0;0.5641;0.518338
4.19;1029.83;-8.41907;1021.41;0;0.5736;0.518338
4.2;1029.83;-8.38868;1021.44;0;0.5818;0.518338
4.21;1029.83;-8.34083;1021.49;0;0.5844;0.518338
4.22;1029.83;-8.39582;1021.43;0;0.6518;0.518338
4.23;1029.83;-8.31574;1021.51;0;0.6449;0.518338
4.24;1029.83;-8.54114;1021.29;0;0.567;0.518338
4.25;1029.83;-8.42866;1021.4;0;0.5228;0.518338
4.26;1029.83;-8.38196;1021.45;0;0.4982;0.518338
4.27;1029.83;-8.35474;1021.47;0;0.532;0.518338
4.28;1029.83;-8.33887;1021.49;0;0.5408;0.518338
4.29;1029.83;-8.31537;1021.51;0;0.5367;0.518338
4.3;1029.83;-8.28705;1021.54;0;0.5304;0.518338
4.31;1029.83;-8.30036;1021.53;0;0.5332;0.518338
4.32;1029.83;-8.35242;1021.48;0;0.4979;0.518338
4.33;1029.83;-8.45557;1021.37;0;0.4091;0.518338
4.34;1029.83;-8.42805;1021.4;0;0.4207;0.518338
4.35;1029.83;-8.37763;1021.45;0;0.5134;0.518338
4.36;1029.83;-8.33887;1021.49;0;0.5446;0.518338
4.37001;1029.83;-8.38227;1021.45;0;0.5974;0.518338
4.38001;1029.83;-8.38752;1021.44;0;0.5754;0.518338
4.39001;1029.83;-8.46284;1021.37;0;0.4803;0.518338
4.40001;1029.83;-8.40662;1021.42;0;0.4329;0.518338
4.41001;1029.83;-8.40607;1021.42;0;0.4921;0.518338
4.42001;1029.83;-8.32703;1021.5;0;0.5985;0.518338
4.43001;1029.83;-8.25104;1021.58;0;0.6469;0.518338
4.44001;1029.83;-8.41053;1021.42;0;0.6175;0.518338
4.45001;1029.83;-8.50916;1021.32;0;0.4997;0.518338
4.46001;1029.83;-8.52656;1021.3;0;0.3622;0.518338
4.47001;1029.83;-8.51642;1021.31;0;0.3994;0.518338
4.48001;1029.83;-8.35016;1021.48;0;0.5327;0.518338
4.49001;1029.83;-8.23566;1021.59;0;0.7186;0.518338
4.50001;1029.83;-8.32477;1021.5;0;0.7402;0.518338
4.51001;1029.83;-8.47407;1021.35;0;0.5741;0.518338
4.52001;1029.83;-8.53156;1021.3;0;0.4063;0.518338
4.53001;1029.83;-8.42036;1021.41;0;0.3442;0.518338
4.54001;1029.83;-8.38294;1021.45;0;0.497;0.518338
4.55001;1029.83;-8.30146;1021.53;0;0.6596;0.518338
4.56001;1029.83;-8.37397;1021.45;0;0.7622;0.518338
4.57001;1029.83;-8.45893;1021.37;0;0.6604;0.518338
4.58001;1029.83;-8.58283;1021.25;0;0.4619;0.518338
4.59001;1029.83;-8.37855;1021.45;0;0.2921;0.518338
4.60001;1029.83;-8.40754;1021.42;0;0.3441;0.518338
4.61001;1029.83;-8.31537;1021.51;0;0.5371;0.518338
4.62001;1029.83;-8.23475;1021.59;0;0.6691;0.518338
4.63001;1029.83;-8.41944;1021.41;0;0.6359;0.518338
4.64001;1029.83;-8.51282;1021.32;0;0.4786;0.518338
4.65001;1029.83;-8.31702;1021.51;0;0.3274;0.518338
4.66001;1029.83;-8.43897;1021.39;0;0.3912;0.518338
4.67001;1029.83;-8.24317;1021.58;0;0.601;0.518338
4.68001;1029.83;-8.17182;1021.66;0;0.7562;0.518338
4.69001;1029.83;-8.40168;1021.43;0;0.6992;0.518338
4.70001;1029.83;-8.44202;1021.39;0;0.5125;0.518338
4.71001;1029.83;-8.38026;1021.45;0;0.4173;0.518338
4.72001;1029.83;-8.36762;1021.46;0;0.4728;0.518338
4.73001;1029.83;-8.24543;1021.58;0;0.573;0.518338
4.74001;1029.83;-8.23603;1021.59;0;0.6775;0.518338
4.75001;1029.83;-8.30964;1021.52;0;0.6297;0.518338
4.76001;1029.83;-8.34815;1021.48;0;0.4723;0.518338
4.77001;1029.83;-8.47474;1021.35;0;0.3574;0.518338
4.78001;1029.83;-8.36872;1021.46;0;0.3755;0.518338
4.79001;1029.83;-8.27125;1021.56;0;0.569;0.518338
4.80001;1029.83;-8.29774;1021.53;0;0.6826;0.518338
4.81002;1029.83;-8.21894;1021.61;0;0.704;0.518338
4.82002;1029.83;-8.42963;1021.4;0;0.546;0.518338
4.83002;1029.83;-8.39252;1021.44;0;0.4127;0.518338
4.84002;1029.83;-8.39045;1021.44;0;0.3682;0.518338
4.85002;1029.83;-8.40027;1021.43;0;0.4598;0.518338
4.86002;1029.83;-8.41834;1021.41;0;0.5632;0.518338
4.87002;1029.83;-8.52216;1021.31;0;0.4698;0.518338
4.88002;1029.83;-8.46015;1021.37;0;0.3782;0.518338
4.89002;1029.83;-8.44037;1021.39;0;0.335;0.518338
4.90002;1029.83;-8.30213;1021.53;0;0.3772;0.518338
4.91002;1029.83;-8.30506;1021.52;0;0.5035;0.518338
4.92002;1029.83;-8.26563;1021.56;0;0.6024;0.518338
4.93002;1029.83;-8.23194;1021.6;0;0.5768;0.518338
4.94002;1029.83;-8.47242;1021.36;0;0.4689;0.518338
4.95002;1029.83;-8.45093;1021.38;0;0.3978;0.518338
4.96002;1029.83;-8.43696;1021.39;0;0.4203;0.518338
4.97002;1029.83;-8.26966;1021.56;0;0.5379;0.518338
4.98002;1029.83;-8.28535;1021.54;0;0.6428;0.518338
4.99002;1029.83;-8.32996;1021.5;0;0.6502;0.518338
5.00002;1029.83;-8.44398;1021.38;0;0.4901;0.518338
5.01002;1029.83;-8.58295;1021.24;0;0.3803;0.518338
5.02002;1029.83;-8.36994;1021.46;0;0.3405;0.518338
5.03002;1029.83;-8.31702;1021.51;0;0.448;0.518338
5.04002;1029.83;-8.30402;1021.52;0;0.5891;0.518338
5.05002;1029.83;-8.33484;1021.49;0;0.5889;0.518338
5.06002;1029.83;-8.38868;1021.44;0;0.5042;0.518338
5.07002;1029.83;-8.44507;1021.38;0;0.4337;0.518338
5.08002;1029.83;-8.42835;1021.4;0;0.3978;0.518338
5.09002;1029.83;-8.38325;1021.44;0;0.4396;0.518338
5.10002;1029.83;-8.35346;1021.47;0;0.5773;0.518338
5.11002;1029.83;-8.40595;1021.42;0;0.6272;0.518338
5.12002;1029.83;-8.42133;1021.41;0;0.5614;0.518338
5.13002;1029.83;-8.39313;1021.43;0;0.4934;0.518338
5.14002;1029.83;-8.42536;1021.4;0;0.4555;0.518338
5.15002;1029.83;-8.38526;1021.44;0;0.4804;0.518338
5.16002;1029.83;-8.33845;1021.49;0;0.5669;0.518338
5.17002;1029.83;-8.47864;1021.35;0;0.6457;0.518338
5.18002;1029.83;-8.32374;1021.5;0;0.6334;0.518338
5.19002;1029.83;-8.40607;1021.42;0;0.5727;0.518338
5.20002;1029.83;-8.42335;1021.4;0;0.5267;0.518338
5.21002;1029.83;-8.45118;1021.38;0;0.5424;0.518338
5.22002;1029.83;-8.36353;1021.46;0;0.5424;0.518338
5.23002;1029.83;-8.44227;1021.39;0;0.575;0.518338
5.24003;1029.83;-8.50947;1021.32;0;0.5476;0.518338
5.25003;1029.83;-8.43897;1021.39;0;0.523;0.518338
5.26003;1029.83;-8.47407;1021.35;0;0.5586;0.518338
5.27003;1029.83;-8.39063;1021.44;0;0.6342;0.518338
5.28003;1029.83;-8.36255;1021.47;0;0.6325;0.518338
5.29003;1029.83;-8.44367;1021.38;0;0.5979;0.518338
5.30003;1029.83;-8.40168;1021.43;0;0.5189;0.518338
5.31003;1029.83;-8.40504;1021.42;0;0.4679;0.518338
5.32003;1029.83;-8.32996;1021.5;0;0.4889;0.518338
5.33003;1029.83;-8.54114;1021.29;0;0.4959;0.518338
5.34003;1029.83;-8.37714;1021.45;0;0.5475;0.518338
5.35003;1029.83;-8.34553;1021.48;0;0.5713;0.518338
5.36003;1029.83;-8.45002;1021.38;0;0.5006;0.518338
5.37003;1029.83;-8.34583;1021.48;0;0.4674;0.518338
5.38003;1029.83;-8.35145;1021.48;0;0.5023;0.518338
5.39003;1029.83;-8.35682;1021.47;0;0.5363;0.518338
5.40003;1029.83;-8.40363;1021.42;0;0.5007;0.518338
5.41003;1029.83;-8.40504;1021.42;0;0.4312;0.518338
5.42003;1029.83;-8.46784;1021.36;0;0.3757;0.518338
5.43003;1029.83;-8.43403;1021.39;0;0.4725;0.518338
5.44003;1029.83;-8.35016;1021.48;0;0.5364;0.518338
5.45003;1029.83;-8.40253;1021.43;0;0.6266;0.518338
5.46003;1029.83;-8.42902;1021.4;0;0.6212;0.518338
5.47003;1029.83;-8.36426;1021.46;0;0.5284;0.518338
5.48003;1029.83;-8.44764;1021.38;0;0.4209;0.518338
5.49003;1029.83;-8.40827;1021.42;0;0.4292;0.518338
5.50003;1029.83;-8.36713;1021.46;0;0.541;0.518338
5.51003;1029.83;-8.23743;1021.59;0;0.6693;0.518338
5.52003;1029.83;-8.34656;1021.48;0;0.7046;0.518338
5.53003;1029.83;-8.39582;1021.43;0;0.586;0.518338
5.54003;1029.83;-8.50233;1021.33;0;0.425;0.518338
5.55003;1029.83;-8.42737;1021.4;0;0.3404;0.518338
5.56003;1029.83;-8.36597;1021.46;0;0.4329;0.518338
5.57003;1029.83;-8.28693;1021.54;0;0.5838;0.518338
5.58003;1029.83;-8.32203;1021.51;0;0.7081;0.518338
5.59003;1029.83;-8.38795;1021.44;0;0.6587;0.518338
5.60003;1029.83;-8.45435;1021.37;0;0.5154;0.518338
5.61003;1029.83;-8.35572;1021.47;0;0.4184;0.518338
5.62003;1029.83;-8.41907;1021.41;0;0.3963;0.518338
5.63003;1029.83;-8.35956;1021.47;0;0.5063;0.518338
5.64003;1029.83;-8.31702;1021.51;0;0.5773;0.518338
5.65003;1029.83;-8.38563;1021.44;0;0.5866;0.518338
5.66003;1029.83;-8.38996;1021.44;0;0.5387;0.518338
5.67003;1029.83;-8.47602;1021.35;0;0.5085;0.518338
5.68004;1029.83;-8.49976;1021.33;0;0.5382;0.518338
5.69004;1029.83;-8.33784;1021.49;0;0.6403;0.518338
5.70004;1029.83;-8.24842;1021.58;0;0.6725;0.518338
5.71004;1029.83;-8.37824;1021.45;0;0.6539;0.518338
5.72004;1029.83;-8.36054;1021.47;0;0.5524;0.518338
5.73004;1029.83;-8.42335;1021.4;0;0.4506;0.518338
5.74004;1029.83;-8.48585;1021.34;0;0.4564;0.518338
5.75004;1029.83;-8.26166;1021.57;0;0.5875;0.518338
5.76004;1029.83;-8.24933;1021.58;0;0.7478;0.518338
5.77004;1029.83;-8.35877;1021.47;0;0.7712;0.518338
5.78004;1029.83;-8.35706;1021.47;0;0.6232;0.518338
5.79004;1029.83;-8.48267;1021.35;0;0.4409;0.518338
5.80004;1029.83;-8.44935;1021.38;0;0.3902;0.518338
5.81004;1029.83;-8.43354;1021.39;0;0.4458;0.518338
5.82004;1029.83;-8.31006;1021.52;0;0.545;0.518338
5.83004;1029.83;-8.22797;1021.6;0;0.6785;0.518338
5.84004;1029.83;-8.37653;1021.45;0;0.7006;0.518338
5.85004;1029.83;-8.41505;1021.41;0;0.5822;0.518338
5.86004;1029.83;-8.41462;1021.41;0;0.4162;0.518338
5.87004;1029.83;-8.29474;1021.53;0;0.3882;0.518338
5.88004;1029.83;-8.29365;1021.53;0;0.4729;0.518338
5.89004;1029.83;-8.22077;1021.61;0;0.5761;0.518338
5.90004;1029.83;-8.35767;1021.47;0;0.6168;0.518338
5.91004;1029.83;-8.21857;1021.61;0;0.5699;0.518338
5.92004;1029.83;-8.46223;1021.37;0;0.4887;0.518338
5.93004;1029.83;-8.49274;1021.34;0;0.4494;0.518338
5.94004;1029.83;-8.49164;1021.34;0;0.4866;0.518338
5.95004;1029.83;-8.37147;1021.46;0;0.4999;0.518338
5.96004;1029.83;-8.29444;1021.53;0;0.5237;0.518338
5.97004;1029.83;-8.47663;1021.35;0;0.5028;0.518338
5.98004;1029.83;-8.39313;1021.43;0;0.5322;0.518338
5.99004;1029.83;-8.31617;1021.51;0;0.5028;0.518338
6.00004;1029.83;-8.40925;1021.42;0;0.5216;0.518338
6.01004;1029.83;-8.40253;1021.43;0;0.5517;0.518338
6.02004;1029.83;-8.34186;1021.49;0;0.5606;0.518338
6.03004;1029.83;-8.31367;1021.51;0;0.5352;0.518338
6.04004;1029.83;-8.38868;1021.44;0;0.5089;0.518338
6.05004;1029.83;-8.35016;1021.48;0;0.4894;0.518338
6.06004;1029.83;-8.39777;1021.43;0;0.4869;0.518338
6.07004;1029.83;-8.35187;1021.48;0;0.573;0.518338
6.08004;1029.83;-8.37824;1021.45;0;0.5882;0.518338
6.09004;1029.83;-8.34742;1021.48;0;0.579;0.518338
6.10004;1029.83;-8.40204;1021.43;0;0.475;0.518338
6.11004;1029.83;-8.35377;1021.47;0;0.405;0.518338
6.12005;1029.83;-8.48707;1021.34;0;0.4047;0.518338
6.13005;1029.83;-8.33423;1021.49;0;0.4798;0.518338
6.14005;1029.83;-8.41096;1021.42;0;0.5643;0.518338
6.15005;1029.83;-8.39954;1021.43;0;0.5867;0.518338
6.16005;1029.83;-8.36042;1021.47;0;0.5401;0.518338
6.17005;1029.83;-8.34913;1021.48;0;0.4607;0.518338
6.18005;1029.83;-8.37623;1021.45;0;0.5034;0.518338
6.19005;1029.83;-8.40607;1021.42;0;0.5713;0.518338
6.20005;1029.83;-8.39564;1021.43;0;0.6169;0.518338
6.21005;1029.83;-8.44764;1021.38;0;0.5443;0.518338
6.22005;1029.83;-8.37855;1021.45;0;0.4443;0.518338
6.23005;1029.83;-8.44227;1021.39;0;0.4033;0.518338
6.24005;1029.83;-8.36085;1021.47;0;0.4711;0.518338
6.25005;1029.83;-8.35474;1021.47;0;0.6023;0.518338
6.26005;1029.83;-8.31873;1021.51;0;0.711;0.518338
6.27005;1029.83;-8.36097;1021.47;0;0.6086;0.518338
6.28005;1029.83;-8.51813;1021.31;0;0.4513;0.518338
6.29005;1029.83;-8.46613;1021.36;0;0.3369;0.518338
6.30005;1029.83;-8.39515;1021.43;0;0.3612;0.518338
6.31005;1029.83;-8.46503;1021.36;0;0.5539;0.518338
6.32005;1029.83;-8.23304;1021.59;0;0.7294;0.518338
6.33005;1029.83;-8.34028;1021.49;0;0.7535;0.518338
6.34005;1029.83;-8.56257;1021.27;0;0.5682;0.518338
6.35005;1029.83;-8.49872;1021.33;0;0.3693;0.518338
6.36005;1029.83;-8.57624;1021.25;0;0.2877;0.518338
6.37005;1029.83;-8.35706;1021.47;0;0.4414;0.518338
6.38005;1029.83;-8.27082;1021.56;0;0.6214;0.518338
6.39005;1029.83;-8.27173;1021.56;0;0.7475;0.518338
6.40005;1029.83;-8.31617;1021.51;0;0.7309;0.518338
6.41005;1029.83;-8.45942;1021.37;0;0.5292;0.518338
6.42005;1029.83;-8.61414;1021.21;0;0.3812;0.518338
6.43005;1029.83;-8.38325;1021.44;0;0.3925;0.518338
6.44005;1029.83;-8.40192;1021.43;0;0.5058;0.518338
6.45005;1029.83;-8.31653;1021.51;0;0.603;0.518338
6.46005;1029.83;-8.31202;1021.52;0;0.5945;0.518338
6.47005;1029.83;-8.36085;1021.47;0;0.5313;0.518338
6.48005;1029.83;-8.34882;1021.48;0;0.3972;0.518338
6.49005;1029.83;-8.40662;1021.42;0;0.456;0.518338
6.50005;1029.83;-8.28474;1021.54;0;0.5232;0.518338
6.51005;1029.83;-8.35987;1021.47;0;0.6088;0.518338
6.52005;1029.83;-8.42133;1021.41;0;0.5621;0.518338
6.53005;1029.83;-8.42505;1021.4;0;0.4718;0.518338
6.54005;1029.83;-8.44062;1021.39;0;0.4057;0.518338
6.55006;1029.83;-8.34424;1021.48;0;0.4326;0.518338
6.56006;1029.83;-8.29273;1021.54;0;0.4786;0.518338
6.57006;1029.83;-8.46418;1021.36;0;0.5522;0.518338
6.58006;1029.83;-8.35987;1021.47;0;0.5802;0.518338
6.59006;1029.83;-8.40327;1021.42;0;0.5073;0.518338
6.60006;1029.83;-8.39686;1021.43;0;0.4341;0.518338
6.61006;1029.83;-8.35047;1021.48;0;0.414;0.518338
6.62006;1029.83;-8.32813;1021.5;0;0.4583;0.518338
6.63006;1029.83;-8.21552;1021.61;0;0.5554;0.518338
6.64006;1029.83;-8.40693;1021.42;0;0.5728;0.518338
6.65006;1029.83;-8.32044;1021.51;0;0.5322;0.518338
6.66006;1029.83;-8.49872;1021.33;0;0.4928;0.518338
6.67006;1029.83;-8.36182;1021.47;0;0.491;0.518338
6.68006;1029.83;-8.45563;1021.37;0;0.5129;0.518338
6.69006;1029.83;-8.39515;1021.43;0;0.5717;0.518338
6.70006;1029.83;-8.26124;1021.57;0;0.6264;0.518338
6.71006;1029.83;-8.42927;1021.4;0;0.5619;0.518338
6.72006;1029.83;-8.35895;1021.47;0;0.4896;0.518338
6.73006;1029.83;-8.40095;1021.43;0;0.4456;0.518338
6.74006;1029.83;-8.44306;1021.38;0;0.4812;0.518338
6.75006;1029.83;-8.27357;1021.55;0;0.6282;0.518338
6.76006;1029.83;-8.30213;1021.53;0;0.6881;0.518338
6.77006;1029.83;-8.36872;1021.46;0;0.6282;0.518338
6.78006;1029.83;-8.58484;1021.24;0;0.4969;0.518338
6.79006;1029.83;-8.53742;1021.29;0;0.3486;0.518338
6.80006;1029.83;-8.32703;1021.5;0;0.3739;0.518338
6.81006;1029.83;-8.28608;1021.54;0;0.5282;0.518338
6.82006;1029.83;-8.13837;1021.69;0;0.7036;0.518338
6.83006;1029.83;-8.36213;1021.47;0;0.7027;0.518338
6.84006;1029.83;-8.52314;1021.3;0;0.5647;0.518338
6.85006;1029.83;-8.52784;1021.3;0;0.3612;0.518338
6.86006;1029.83;-8.41883;1021.41;0;0.366;0.518338
6.87006;1029.83;-8.33314;1021.49;0;0.4914;0.518338
6.88006;1029.83;-8.43592;1021.39;0;0.6602;0.518338
6.89006;1029.83;-8.45667;1021.37;0;0.6864;0.518338
6.90006;1029.83;-8.51777;1021.31;0;0.4995;0.518338
6.91006;1029.83;-8.51087;1021.32;0;0.3212;0.518338
6.92006;1029.83;-8.49677;1021.33;0;0.3651;0.518338
6.93006;1029.83;-8.38227;1021.45;0;0.5681;0.518338
6.94006;1029.83;-8.40046;1021.43;0;0.7112;0.518338
6.95006;1029.83;-8.48707;1021.34;0;0.7062;0.518338
6.96006;1029.83;-8.47346;1021.35;0;0.5376;0.518338
6.97006;1029.83;-8.47535;1021.35;0;0.3527;0.518338
6.98006;1029.83;-8.52332;1021.3;0;0.333;0.518338
6.99007;1029.83;-8.49573;1021.33;0;0.5072;0.518338
7.00007;1029.83;-8.46076;1021.37;0;0.6508;0.518338
7.01007;1029.83;-8.36286;1021.47;0;0.6937;0.518338
7.02007;1029.83;-8.49842;1021.33;0;0.5953;0.518338
7.03007;1029.83;-8.43293;1021.4;0;0.3908;0.518338
7.04007;1029.83;-8.42133;1021.41;0;0.3086;0.518338
7.05007;1029.83;-8.33655;1021.49;0;0.3777;0.518338
7.06007;1029.83;-8.19453;1021.63;0;0.5652;0.518338
7.07007;1029.83;-8.28705;1021.54;0;0.6641;0.518338
7.08007;1029.83;-8.42505;1021.4;0;0.6092;0.518338
7.09007;1029.83;-8.57624;1021.25;0;0.4884;0.518338
7.10007;1029.83;-8.55793;1021.27;0;0.4215;0.518338
7.11007;1029.83;-8.39454;1021.43;0;0.4578;0.518338
7.12007;1029.83;-8.19343;1021.63;0;0.575;0.518338
7.13007;1029.83;-8.35047;1021.48;0;0.6608;0.518338
7.14007;1029.83;-8.12452;1021.7;0;0.5964;0.518338
7.15007;1029.83;-8.31214;1021.52;0;0.4896;0.518338
7.16007;1029.83;-8.50245;1021.33;0;0.4151;0.518338
7.17007;1029.83;-8.31202;1021.52;0;0.4255;0.518338
7.18007;1029.83;-8.40064;1021.43;0;0.5423;0.518338
7.19007;1029.83;-8.33887;1021.49;0;0.6017;0.518338
7.20007;1029.83;-8.32618;1021.5;0;0.5477;0.518338
7.21007;1029.83;-8.30115;1021.53;0;0.4588;0.518338
7.22007;1029.83;-8.37653;1021.45;0;0.3932;0.518338
7.23007;1029.83;-8.42652;1021.4;0;0.4148;0.518338
7.24007;1029.83;-8.26368;1021.56;0;0.5436;0.518338
7.25007;1029.83;-8.38984;1021.44;0;0.6218;0.518338
7.26007;1029.83;-8.39985;1021.43;0;0.6224;0.518338
7.27007;1029.83;-8.36494;1021.46;0;0.5009;0.518338
7.28007;1029.83;-8.40662;1021.42;0;0.4461;0.518338
7.29007;1029.83;-8.30872;1021.52;0;0.4796;0.518338
7.30007;1029.83;-8.35914;1021.47;0;0.5725;0.518338
7.31007;1029.83;-8.22797;1021.6;0;0.6014;0.518338
7.32007;1029.83;-8.32422;1021.5;0;0.5607;0.518338
7.33007;1029.83;-8.40882;1021.42;0;0.5052;0.518338
7.34007;1029.83;-8.34205;1021.49;0;0.4971;0.518338
7.35007;1029.83;-8.37464;1021.45;0;0.5258;0.518338
7.36007;1029.83;-8.39356;1021.43;0;0.5736;0.518338
7.37007;1029.83;-8.38624;1021.44;0;0.4809;0.518338
7.38007;1029.83;-8.44062;1021.39;0;0.4101;0.518338
7.39007;1029.83;-8.39393;1021.43;0;0.3706;0.518338
7.40007;1029.83;-8.35474;1021.47;0;0.4167;0.518338
7.41007;1029.83;-8.31342;1021.51;0;0.5339;0.518338
7.42007;1029.83;-8.32484;1021.5;0;0.5654;0.518338
7.43008;1029.83;-8.42365;1021.4;0;0.5078;0.518338
7.44008;1029.83;-8.43793;1021.39;0;0.4238;0.518338
7.45008;1029.83;-8.38062;1021.45;0;0.4392;0.518338
7.46008;1029.83;-8.28107;1021.55;0;0.5572;0.518338
7.47008;1029.83;-8.39515;1021.43;0;0.6103;0.518338
7.48008;1029.83;-8.47645;1021.35;0;0.5692;0.518338
7.49008;1029.83;-8.46418;1021.36;0;0.4286;0.518338
7.50008;1029.83;-8.42164;1021.41;0;0.3449;0.518338
7.51008;1029.83;-8.38422;1021.44;0;0.41;0.518338
7.52008;1029.83;-8.34724;1021.48;0;0.6079;0.518338
7.53008;1029.83;-8.31446;1021.51;0;0.7537;0.518338
7.54008;1029.83;-8.29157;1021.54;0;0.6788;0.518338
7.55008;1029.83;-8.46534;1021.36;0;0.4521;0.518338
7.56008;1029.83;-8.40095;1021.43;0;0.3105;0.518338
7.57008;1029.83;-8.41108;1021.42;0;0.3595;0.518338
7.58008;1029.83;-8.28193;1021.55;0;0.5424;0.518338
7.59008;1029.83;-8.27582;1021.55;0;0.7067;0.518338
7.60008;1029.83;-8.43653;1021.39;0;0.6953;0.518338
7.61008;1029.83;-8.39295;1021.43;0;0.5096;0.518338
7.62008;1029.83;-8.42994;1021.4;0;0.3779;0.518338
7.63008;1029.83;-8.35645;1021.47;0;0.3743;0.518338
7.64008;1029.83;-8.34223;1021.49;0;0.5599;0.518338
7.65008;1029.83;-8.27692;1021.55;0;0.6882;0.518338
7.66008;1029.83;-8.42805;1021.4;0;0.6663;0.518338
7.67008;1029.83;-8.47242;1021.36;0;0.4904;0.518338
7.68008;1029.83;-8.46674;1021.36;0;0.3382;0.518338
7.69008;1029.83;-8.43427;1021.39;0;0.3881;0.518338
7.70008;1029.83;-8.34052;1021.49;0;0.5591;0.518338
7.71008;1029.83;-8.32545;1021.5;0;0.6602;0.518338
7.72008;1029.83;-8.38697;1021.44;0;0.6295;0.518338
7.73008;1029.83;-8.50007;1021.33;0;0.4623;0.518338
7.74008;1029.83;-8.44733;1021.38;0;0.3158;0.518338
7.75008;1029.83;-8.50983;1021.32;0;0.3647;0.518338
7.76008;1029.83;-8.40595;1021.42;0;0.5606;0.518338
7.77008;1029.83;-8.44935;1021.38;0;0.7087;0.518338
7.78008;1029.83;-8.51282;1021.32;0;0.6527;0.518338
7.79008;1029.83;-8.39088;1021.44;0;0.4306;0.518338
7.80008;1029.83;-8.58784;1021.24;0;0.2654;0.518338
7.81008;1029.83;-8.53248;1021.3;0;0.3307;0.518338
7.82008;1029.83;-8.28193;1021.55;0;0.4694;0.518338
7.83008;1029.83;-8.24317;1021.58;0;0.6251;0.518338
7.84008;1029.83;-8.35145;1021.48;0;0.6561;0.518338
7.85008;1029.83;-8.45203;1021.38;0;0.5126;0.518338
7.86009;1029.83;-8.53113;1021.3;0;0.3586;0.518338
7.87009;1029.83;-8.40424;1021.42;0;0.2962;0.518338
7.88009;1029.83;-8.38727;1021.44;0;0.4185;0.518338
7.89009;1029.83;-8.24476;1021.58;0;0.5611;0.518338
7.90009;1029.83;-8.28315;1021.54;0;0.6191;0.518338
7.91009;1029.83;-8.36994;1021.46;0;0.5674;0.518338
7.92009;1029.83;-8.41944;1021.41;0;0.4812;0.518338
7.93009;1029.83;-8.48566;1021.34;0;0.4071;0.518338
7.94009;1029.83;-8.40894;1021.42;0;0.4353;0.518338
7.95009;1029.83;-8.28443;1021.54;0;0.473;0.518338
7.96009;1029.83;-8.41053;1021.42;0;0.5479;0.518338
7.97009;1029.83;-8.32764;1021.5;0;0.555;0.518338
7.98009;1029.83;-8.34846;1021.48;0;0.5544;0.518338
7.99009;1029.83;-8.39515;1021.43;0;0.5515;0.518338
8.00009;1029.83;-8.36164;1021.47;0;0.5512;0.518338
8.01009;1029.83;-8.30005;1021.53;0;0.5397;0.518338
8.02009;1029.83;-8.42963;1021.4;0;0.4914;0.518338
8.03009;1029.83;-8.39637;1021.43;0;0.4884;0.518338
8.04009;1029.83;-8.31342;1021.51;0;0.4954;0.518338
8.05009;1029.83;-8.35016;1021.48;0;0.5692;0.518338
8.06009;1029.83;-8.29847;1021.53;0;0.6384;0.518338
8.07009;1029.83;-8.40693;1021.42;0;0.6317;0.518338
8.08009;1029.83;-8.43464;1021.39;0;0.5383;0.518338
8.09009;1029.83;-8.43036;1021.4;0;0.4458;0.518338
8.10009;1029.83;-8.45667;1021.37;0;0.4516;0.518338
8.11009;1029.83;-8.34345;1021.48;0;0.5405;0.518338
8.12009;1029.83;-8.36713;1021.46;0;0.5715;0.518338
8.13009;1029.83;-8.39637;1021.43;0;0.5728;0.518338
8.14009;1029.83;-8.43568;1021.39;0;0.5218;0.518338
8.15009;1029.83;-8.49116;1021.34;0;0.4708;0.518338
8.16009;1029.83;-8.39295;1021.43;0;0.4838;0.518338
8.17009;1029.83;-8.27704;1021.55;0;0.5635;0.518338
8.18009;1029.83;-8.46302;1021.36;0;0.5844;0.518338
8.19009;1029.83;-8.50526;1021.32;0;0.4869;0.518338
8.20009;1029.83;-8.41505;1021.41;0;0.3473;0.518338
8.21009;1029.83;-8.39155;1021.44;0;0.3554;0.518338
8.22009;1029.83;-8.30634;1021.52;0;0.5087;0.518338
8.23009;1029.83;-8.45783;1021.37;0;0.6409;0.518338
8.24009;1029.83;-8.27582;1021.55;0;0.606;0.518338
8.25009;1029.83;-8.54273;1021.29;0;0.4808;0.518338
8.26009;1029.83;-8.56483;1021.26;0;0.3239;0.518338
8.27009;1029.83;-8.52814;1021.3;0;0.3487;0.518338
8.28009;1029.83;-8.39887;1021.43;0;0.542;0.518338
8.29009;1029.83;-8.26966;1021.56;0;0.6969;0.518338
8.30009;1029.83;-8.34315;1021.48;0;0.7111;0.518338
8.31009;1029.83;-8.43824;1021.39;0;0.5394;0.518338
8.3201;1029.83;-8.57386;1021.25;0;0.3429;0.518338
8.3301;1029.83;-8.52424;1021.3;0;0.3193;0.518338
8.3401;1029.83;-8.31617;1021.51;0;0.4956;0.518338
8.3501;1029.83;-8.27003;1021.56;0;0.726;0.518338
8.3601;1029.83;-8.47303;1021.35;0;0.7542;0.518338
8.3701;1029.83;-8.55512;1021.27;0;0.5788;0.518338
8.3801;1029.83;-8.52717;1021.3;0;0.3566;0.518338
8.3901;1029.83;-8.47303;1021.35;0;0.2832;0.518338
8.4001;1029.83;-8.28248;1021.55;0;0.4297;0.518338
8.4101;1029.83;-8.29548;1021.53;0;0.6298;0.518338
8.4201;1029.83;-8.40693;1021.42;0;0.6642;0.518338
8.4301;1029.83;-8.32258;1021.51;0;0.6112;0.518338
8.4401;1029.83;-8.54505;1021.28;0;0.4032;0.518338
8.4501;1029.83;-8.60163;1021.23;0;0.2973;0.518338
8.4601;1029.83;-8.44092;1021.39;0;0.3745;0.518338
8.4701;1029.83;-8.22626;1021.6;0;0.5113;0.518338
8.4801;1029.83;-8.23633;1021.59;0;0.6916;0.518338
8.4901;1029.83;-8.30506;1021.52;0;0.6573;0.518338
8.5001;1029.83;-8.47602;1021.35;0;0.5152;0.518338
8.5101;1029.83;-8.56898;1021.26;0;0.3884;0.518338
8.5201;1029.83;-8.52906;1021.3;0;0.4327;0.518338
8.5301;1029.83;-8.31702;1021.51;0;0.5645;0.518338
8.5401;1029.83;-8.19453;1021.63;0;0.6394;0.518338
8.5501;1029.83;-8.53773;1021.29;0;0.5846;0.518338
8.5601;1029.83;-8.51783;1021.31;0;0.4745;0.518338
8.5701;1029.83;-8.48414;1021.34;0;0.4471;0.518338
8.5801;1029.83;-8.26807;1021.56;0;0.4964;0.518338
8.5901;1029.83;-8.34675;1021.48;0;0.5828;0.518338
8.6001;1029.83;-8.37543;1021.45;0;0.5876;0.518338
8.6101;1029.83;-8.47602;1021.35;0;0.5483;0.518338
8.6201;1029.83;-8.44367;1021.38;0;0.4367;0.518338
8.6301;1029.83;-8.55775;1021.27;0;0.3792;0.518338
8.6401;1029.83;-8.34974;1021.48;0;0.4574;0.518338
8.6501;1029.83;-8.39423;1021.43;0;0.5386;0.518338
8.6601;1029.83;-8.36164;1021.47;0;0.5845;0.518338
8.6701;1029.83;-8.32044;1021.51;0;0.4755;0.518338
8.6801;1029.83;-8.36237;1021.47;0;0.4401;0.518338
8.6901;1029.83;-8.40717;1021.42;0;0.4649;0.518338
8.7001;1029.83;-8.34156;1021.49;0;0.4993;0.518338
8.7101;1029.83;-8.38026;1021.45;0;0.5814;0.518338
8.7201;1029.83;-8.32203;1021.51;0;0.5699;0.518338
8.7301;1029.83;-8.42963;1021.4;0;0.491;0.518338
8.7401;1029.83;-8.40772;1021.42;0;0.3933;0.518338
8.7501;1029.83;-8.48066;1021.35;0;0.4062;0.518338
8.76011;1029.83;-8.34284;1021.49;0;0.5586;0.518338
8.77011;1029.83;-8.30665;1021.52;0;0.6215;0.518338
8.78011;1029.83;-8.34516;1021.48;0;0.5822;0.518338
8.79011;1029.83;-8.50526;1021.32;0;0.4912;0.518338
8.80011;1029.83;-8.47077;1021.36;0;0.4377;0.518338
8.81011;1029.83;-8.42902;1021.4;0;0.4686;0.518338
8.82011;1029.83;-8.35822;1021.47;0;0.5925;0.518338
8.83011;1029.83;-8.42536;1021.4;0;0.5961;0.518338
8.84011;1029.83;-8.32996;1021.5;0;0.5639;0.518338
8.85011;1029.83;-8.50245;1021.33;0;0.4627;0.518338
8.86011;1029.83;-8.44532;1021.38;0;0.4224;0.518338
8.87011;1029.83;-8.46503;1021.36;0;0.4699;0.518338
8.88011;1029.83;-8.48676;1021.34;0;0.6148;0.518338
8.89011;1029.83;-8.29584;1021.53;0;0.6725;0.518338
8.90011;1029.83;-8.34516;1021.48;0;0.5962;0.518338
8.91011;1029.83;-8.56415;1021.26;0;0.4703;0.518338
8.92011;1029.83;-8.50007;1021.33;0;0.4095;0.518338
8.93011;1029.83;-8.38325;1021.44;0;0.4347;0.518338
8.94011;1029.83;-8.29383;1021.53;0;0.5449;0.518338
8.95011;1029.83;-8.36884;1021.46;0;0.6106;0.518338
8.96011;1029.83;-8.44776;1021.38;0;0.5604;0.518338
8.97011;1029.83;-8.46345;1021.36;0;0.452;0.518338
8.98011;1029.83;-8.35474;1021.47;0;0.3863;0.518338
8.99011;1029.83;-8.46613;1021.36;0;0.4273;0.518338
9.00011;1029.83;-8.28425;1021.54;0;0.5655;0.518338
9.01011;1029.83;-8.39564;1021.43;0;0.6377;0.518338
9.02011;1029.83;-8.46784;1021.36;0;0.5795;0.518338
9.03011;1029.83;-8.47492;1021.35;0;0.4684;0.518338
9.04011;1029.83;-8.42695;1021.4;0;0.4166;0.518338
9.05011;1029.83;-8.40095;1021.43;0;0.4276;0.518338
9.06011;1029.83;-8.36255;1021.47;0;0.5205;0.518338
9.07011;1029.83;-8.38422;1021.44;0;0.5296;0.518338
9.08011;1029.83;-8.34614;1021.48;0;0.557;0.518338
9.09011;1029.83;-8.53345;1021.29;0;0.4349;0.518338
9.10011;1029.83;-8.48493;1021.34;0;0.3855;0.518338
9.11011;1029.83;-8.42866;1021.4;0;0.4308;0.518338
9.12011;1029.83;-8.35413;1021.47;0;0.5109;0.518338
9.13011;1029.83;-8.32148;1021.51;0;0.5762;0.518338
9.14011;1029.83;-8.40662;1021.42;0;0.5089;0.518338
9.15011;1029.83;-8.50623;1021.32;0;0.3855;0.518338
9.16011;1029.83;-8.40333;1021.42;0;0.3495;0.518338
9.17011;1029.83;-8.47437;1021.35;0;0.4156;0.518338
9.18011;1029.83;-8.22193;1021.61;0;0.5513;0.518338
9.19011;1029.83;-8.48182;1021.35;0;0.5535;0.518338
9.20012;1029.83;-8.45502;1021.37;0;0.5292;0.518338
9.21012;1029.83;-8.51514;1021.31;0;0.4401;0.518338
9.22012;1029.83;-8.55195;1021.28;0;0.3651;0.518338
9.23012;1029.83;-8.37336;1021.45;0;0.4169;0.518338
9.24012;1029.83;-8.31074;1021.52;0;0.5457;0.518338
9.25012;1029.83;-8.26734;1021.56;0;0.6154;0.518338
9.26012;1029.83;-8.42603;1021.4;0;0.5744;0.518338
9.27012;1029.83;-8.54017;1021.29;0;0.474;0.518338
9.28012;1029.83;-8.34083;1021.49;0;0.3751;0.518338
9.29012;1029.83;-8.35145;1021.48;0;0.3911;0.518338
9.30012;1029.83;-8.36414;1021.46;0;0.4841;0.518338
9.31012;1029.83;-8.46912;1021.36;0;0.5719;0.518338
9.32012;1029.83;-8.40455;1021.42;0;0.593;0.518338
9.33012;1029.83;-8.44575;1021.38;0;0.5439;0.518338
9.34012;1029.83;-8.47175;1021.36;0;0.4865;0.518338
9.35012;1029.83;-8.36872;1021.46;0;0.4687;0.518338
9.36012;1029.83;-8.55097;1021.28;0;0.4979;0.518338
9.37012;1029.83;-8.40992;1021.42;0;0.5559;0.518338
9.38012;1029.83;-8.37568;1021.45;0;0.5675;0.518338
9.39012;1029.83;-8.37568;1021.45;0;0.5199;0.518338
9.40012;1029.83;-8.41602;1021.41;0;0.4971;0.518338
9.41012;1029.83;-8.53742;1021.29;0;0.5483;0.518338
9.42012;1029.83;-8.40027;1021.43;0;0.5668;0.518338
9.43012;1029.83;-8.36713;1021.46;0;0.5757;0.518338
9.44012;1029.83;-8.46613;1021.36;0;0.5355;0.518338
9.45012;1029.83;-8.33558;1021.49;0;0.4977;0.518338
9.46012;1029.83;-8.53626;1021.29;0;0.4713;0.518338
9.47012;1029.83;-8.41108;1021.42;0;0.499;0.518338
9.48012;1029.83;-8.42396;1021.4;0;0.5461;0.518338
9.49012;1029.83;-8.38154;1021.45;0;0.5643;0.518338
9.50012;1029.83;-8.37897;1021.45;0;0.5398;0.518338
9.51012;1029.83;-8.38563;1021.44;0;0.4942;0.518338
9.52012;1029.83;-8.40925;1021.42;0;0.4399;0.518338
9.53012;1029.83;-8.44977;1021.38;0;0.4718;0.518338
9.54012;1029.83;-8.47742;1021.35;0;0.5329;0.518338
9.55012;1029.83;-8.56122;1021.27;0;0.5911;0.518338
9.56012;1029.83;-8.39063;1021.44;0;0.5895;0.518338
9.57012;1029.83;-8.44837;1021.38;0;0.5398;0.518338
9.58012;1029.83;-8.32532;1021.5;0;0.4847;0.518338
9.59012;1029.83;-8.44733;1021.38;0;0.4393;0.518338
9.60012;1029.83;-8.51545;1021.31;0;0.4277;0.518338
9.61012;1029.83;-8.50812;1021.32;0;0.4584;0.518338
9.62012;1029.83;-8.44202;1021.39;0;0.494;0.518338
9.63013;1029.83;-8.39295;1021.43;0;0.5174;0.518338
9.64013;1029.83;-8.44074;1021.39;0;0.5045;0.518338
9.65013;1029.83;-8.43568;1021.39;0;0.4647;0.518338
9.66013;1029.83;-8.44233;1021.39;0;0.4743;0.518338
9.67013;1029.83;-8.49274;1021.34;0;0.4648;0.518338
9.68013;1029.83;-8.45167;1021.38;0;0.5137;0.518338
9.69013;1029.83;-8.38495;1021.44;0;0.5397;0.518338
9.70013;1029.83;-8.39808;1021.43;0;0.5576;0.518338
9.71013;1029.83;-8.38422;1021.44;0;0.5518;0.518338
9.72013;1029.83;-8.49238;1021.34;0;0.5784;0.518338
9.73013;1029.83;-8.45136;1021.38;0;0.564;0.518338
9.74013;1029.83;-8.34315;1021.48;0;0.5547;0.518338
9.75013;1029.83;-8.32807;1021.5;0;0.5843;0.518338
9.76013;1029.83;-8.42066;1021.41;0;0.5718;0.518338
9.77013;1029.83;-8.48676;1021.34;0;0.5372;0.518338
9.78013;1029.83;-8.37122;1021.46;0;0.4783;0.518338
9.79013;1029.83;-8.51008;1021.32;0;0.4183;0.518338
9.80013;1029.83;-8.37336;1021.45;0;0.4808;0.518338
9.81013;1029.83;-8.48035;1021.35;0;0.4741;0.518338
9.82013;1029.83;-8.46674;1021.36;0;0.5271;0.518338
9.83013;1029.83;-8.59827;1021.23;0;0.5216;0.518338
9.84013;1029.83;-8.41163;1021.42;0;0.4467;0.518338
9.85013;1029.83;-8.47407;1021.35;0;0.4189;0.518338
9.86013;1029.83;-8.43653;1021.39;0;0.4004;0.518338
9.87013;1029.83;-8.39753;1021.43;0;0.4781;0.518338
9.88013;1029.83;-8.27234;1021.56;0;0.6099;0.518338
9.89013;1029.83;-8.34955;1021.48;0;0.6358;0.518338
9.90013;1029.83;-8.59424;1021.23;0;0.5682;0.518338
9.91013;1029.83;-8.54474;1021.28;0;0.4954;0.518338
9.92013;1029.83;-8.52424;1021.3;0;0.4108;0.518338
9.93013;1029.83;-8.46784;1021.36;0;0.4533;0.518338
9.94013;1029.83;-8.49286;1021.34;0;0.5649;0.518338
9.95013;1029.83;-8.31672;1021.51;0;0.5757;0.518338
9.96013;1029.83;-8.38563;1021.44;0;0.5393;0.518338
9.97013;1029.83;-8.43928;1021.39;0;0.4121;0.518338
9.98013;1029.83;-8.39387;1021.43;0;0.3904;0.518338
9.99013;1029.83;-8.33112;1021.5;0;0.45;0.518338
10.0001;1029.83;-8.40894;1021.42;0;0.5604;0.518338
10.0101;1029.83;-8.36713;1021.46;0;0.6327;0.518338
10.0201;1029.83;-8.40027;1021.43;0;0.5816;0.518338
10.0301;1029.83;-8.40504;1021.42;0;0.4504;0.518338
10.0401;1029.83;-8.54078;1021.29;0;0.4063;0.518338
10.0501;1029.83;-8.46973;1021.36;0;0.4325;0.518338
10.0601;1029.83;-8.32014;1021.51;0;0.4827;0.518338
10.0701;1029.83;-8.31647;1021.51;0;0.5528;0.518338
10.0801;1029.83;-8.32148;1021.51;0;0.5642;0.518338
10.0901;1029.83;-8.46845;1021.36;0;0.4836;0.518338
10.1001;1029.83;-8.56788;1021.26;0;0.3633;0.518338
10.1101;1029.83;-8.47993;1021.35;0;0.3389;0.518338
10.1201;1029.83;-8.37263;1021.46;0;0.4968;0.518338
10.1301;1029.83;-8.40192;1021.43;0;0.6545;0.518338
10.1401;1029.83;-8.34846;1021.48;0;0.6897;0.518338
10.1501;1029.83;-8.46058;1021.37;0;0.5213;0.518338
10.1601;1029.83;-8.81623;1021.01;0;0.3379;0.518338
10.1701;1029.83;-8.44672;1021.38;0;0.2713;0.518338
10.1801;1029.83;-8.30305;1021.52;0;0.4213;0.518338
10.1901;1029.83;-8.47993;1021.35;0;0.6505;0.518338
10.2001;1029.83;-8.41443;1021.41;0;0.7474;0.518338
10.2101;1029.83;-8.48243;1021.35;0;0.5873;0.518338
10.2201;1029.83;-8.48603;1021.34;0;0.3953;0.518338
10.2301;1029.83;-8.52582;1021.3;0;0.2817;0.518338
10.2401;1029.83;-8.35377;1021.47;0;0.3983;0.518338
10.2501;1029.83;-8.30616;1021.52;0;0.6499;0.518338
10.2601;1029.83;-8.17756;1021.65;0;0.812;0.518338
10.2701;1029.83;-8.30347;1021.52;0;0.6892;0.518338
10.2801;1029.83;-8.47864;1021.35;0;0.3871;0.518338
10.2901;1029.83;-8.57923;1021.25;0;0.246;0.518338
10.3001;1029.83;-8.47535;1021.35;0;0.2609;0.518338
10.3101;1029.83;-8.49073;1021.34;0;0.4808;0.518338
10.3201;1029.83;-8.36042;1021.47;0;0.6814;0.518338
10.3301;1029.83;-8.34614;1021.48;0;0.7092;0.518338
10.3401;1029.83;-7.36512;1022.46;0;0.4908;0.518338
10.3501;1029.83;-8.52015;1021.31;0;0.273;0.518338
10.3601;1029.83;-8.56745;1021.26;0;0.2899;0.518338
10.3701;1029.83;-8.38154;1021.45;0;0.4523;0.518338
10.3801;1029.83;-8.39454;1021.43;0;0.6222;0.518338
10.3901;1029.83;-8.27332;1021.55;0;0.6583;0.518338
10.4001;1029.83;-6.73713;1023.09;0;0.5236;0.518338
10.4101;1029.83;-8.46375;1021.36;0;0.3201;0.518338
10.4201;1029.83;-8.50507;1021.32;0;0.297;0.518338
10.4301;1029.83;-8.45466;1021.37;0;0.4636;0.518338
10.4401;1029.83;-7.18983;1022.64;0;0.6369;0.518338
10.4501;1029.83;-8.35987;1021.47;0;0.661;0.518338
10.4601;1029.83;-8.41834;1021.41;0;0.5553;0.518338
10.4701;1029.83;-8.51642;1021.31;0;0.3728;0.518338
10.4801;1029.83;-8.57557;1021.25;0;0.3315;0.518338
10.4901;1029.83;-8.26124;1021.57;0;0.4788;0.518338
10.5001;1029.83;-6.35383;1023.47;0;0.6122;0.518338
10.5101;1029.83;-8.30274;1021.53;0;0.638;0.518338
10.5201;1029.83;-8.56214;1021.27;0;0.4774;0.518338
10.5301;1029.83;-8.53687;1021.29;0;0.2752;0.518338
10.5401;1029.83;-8.52143;1021.31;0;0.2768;0.518338
10.5501;1029.83;-8.40522;1021.42;0;0.4547;0.518338
10.5601;1029.83;-8.24183;1021.59;0;0.6538;0.518338
10.5701;1029.83;-8.37995;1021.45;0;0.6707;0.518338
10.5801;1029.83;-8.52753;1021.3;0;0.4875;0.518338
10.5901;1029.83;-8.57624;1021.25;0;0.2904;0.518338
10.6001;1029.83;-7.57746;1022.25;0;0.3042;0.518338
10.6101;1029.83;-8.38795;1021.44;0;0.5274;0.518338
10.6201;1029.83;-8.36042;1021.47;0;0.6751;0.518338
10.6301;1029.83;-8.37653;1021.45;0;0.6582;0.518338
10.6401;1029.83;-8.49103;1021.34;0;0.4955;0.518338
10.6501;1029.83;-8.50068;1021.33;0;0.3607;0.518338
10.6601;1029.83;-8.51075;1021.32;0;0.3495;0.518338
10.6701;1029.83;-8.27747;1021.55;0;0.5638;0.518338
10.6801;1029.83;-8.39893;1021.43;0;0.7375;0.518338
10.6901;1029.83;-8.34583;1021.48;0;0.6847;0.518338
10.7001;1029.83;-8.51783;1021.31;0;0.4609;0.518338
10.7101;1029.83;-8.54444;1021.28;0;0.2659;0.518338
10.7201;1029.83;-8.49744;1021.33;0;0.3021;0.518338
10.7302;1029.83;-8.27747;1021.55;0;0.509;0.518338
10.7402;1029.83;-8.32215;1021.51;0;0.7131;0.518338
10.7502;1029.83;-8.37543;1021.45;0;0.6768;0.518338
10.7602;1029.83;-8.60395;1021.22;0;0.4907;0.518338
10.7702;1029.83;-8.46876;1021.36;0;0.2913;0.518338
10.7802;1029.83;-8.47742;1021.35;0;0.2836;0.518338
10.7902;1029.83;-8.40253;1021.43;0;0.4405;0.518338
10.8002;1029.83;-8.47742;1021.35;0;0.6232;0.518338
10.8102;1029.83;-8.46845;1021.36;0;0.6724;0.518338
10.8202;1029.83;-8.48847;1021.34;0;0.5033;0.518338
10.8302;1029.83;-8.47938;1021.35;0;0.361;0.518338
10.8402;1029.83;-8.44147;1021.39;0;0.3182;0.518338
10.8502;1029.83;-8.36487;1021.46;0;0.4768;0.518338
10.8602;1029.83;-8.39387;1021.43;0;0.6369;0.518338
10.8702;1029.83;-8.42444;1021.4;0;0.6511;0.518338
10.8802;1029.83;-8.38727;1021.44;0;0.5427;0.518338
10.8902;1029.83;-8.41883;1021.41;0;0.4101;0.518338
10.9002;1029.83;-8.48316;1021.34;0;0.3278;0.518338
10.9102;1029.83;-8.52674;1021.3;0;0.4271;0.518338
10.9202;1029.83;-8.46833;1021.36;0;0.5876;0.518338
10.9302;1029.83;-8.49842;1021.33;0;0.6612;0.518338
10.9402;1029.83;-8.36378;1021.46;0;0.5291;0.518338
10.9502;1029.83;-8.54682;1021.28;0;0.4516;0.518338
10.9602;1029.83;-8.48243;1021.35;0;0.3651;0.518338
10.9702;1029.83;-8.41486;1021.41;0;0.4506;0.518338
10.9802;1029.83;-8.34827;1021.48;0;0.5916;0.518338
10.9902;1029.83;-8.26337;1021.56;0;0.684;0.518338
11.0002;1029.83;-8.42304;1021.4;0;0.6528;0.518338
11.0102;1029.83;-8.51252;1021.32;0;0.509;0.518338
11.0202;1029.83;-8.51484;1021.31;0;0.4099;0.518338
11.0302;1029.83;-8.56055;1021.27;0;0.4363;0.518338
11.0402;1029.83;-8.39686;1021.43;0;0.5009;0.518338
11.0502;1029.83;-8.31873;1021.51;0;0.5671;0.518338
11.0602;1029.83;-8.46393;1021.36;0;0.5581;0.518338
11.0702;1029.83;-8.43232;1021.4;0;0.5417;0.518338
11.0802;1029.83;-8.32947;1021.5;0;0.4763;0.518338
11.0902;1029.83;-8.49238;1021.34;0;0.479;0.518338
11.1002;1029.83;-8.44636;1021.38;0;0.4595;0.518338
11.1102;1029.83;-8.39252;1021.44;0;0.4769;0.518338
11.1202;1029.83;-8.49457;1021.33;0;0.5127;0.518338
11.1302;1029.83;-8.53083;1021.3;0;0.5155;0.518338
11.1402;1029.83;-8.43763;1021.39;0;0.5524;0.518338
11.1502;1029.83;-8.47175;1021.36;0;0.5152;0.518338
11.1602;1029.83;-8.43427;1021.39;0;0.5211;0.518338
11.1702;1029.83;-8.45734;1021.37;0;0.5348;0.518338
11.1802;1029.83;-8.50684;1021.32;0;0.5064;0.518338
11.1902;1029.83;-8.41328;1021.41;0;0.4639;0.518338
11.2002;1029.83;-8.43464;1021.39;0;0.4267;0.518338
11.2102;1029.83;-8.45435;1021.37;0;0.4125;0.518338
11.2202;1029.83;-8.45997;1021.37;0;0.4389;0.518338
11.2302;1029.83;-8.58088;1021.25;0;0.4375;0.518338
11.2402;1029.83;-8.44935;1021.38;0;0.4763;0.518338
11.2502;1029.83;-8.44935;1021.38;0;0.4924;0.518338
11.2602;1029.83;-8.40552;1021.42;0;0.466;0.518338
11.2702;1029.83;-8.31702;1021.51;0;0.4009;0.518338
11.2802;1029.83;-8.39716;1021.43;0;0.3742;0.518338
11.2902;1029.83;-8.41334;1021.41;0;0.4307;0.518338
11.3002;1029.83;-8.36542;1021.46;0;0.4927;0.518338
11.3102;1029.83;-8.53943;1021.29;0;0.5708;0.518338
11.3202;1029.83;-8.54792;1021.28;0;0.5477;0.518338
11.3302;1029.83;-8.53577;1021.29;0;0.4815;0.518338
11.3402;1029.83;-8.50287;1021.33;0;0.4493;0.518338
11.3502;1029.83;-8.42164;1021.41;0;0.4954;0.518338
11.3602;1029.83;-8.33973;1021.49;0;0.548;0.518338
11.3702;1029.83;-8.41443;1021.41;0;0.6203;0.518338
11.3802;1029.83;-8.50397;1021.32;0;0.6173;0.518338
11.3902;1029.83;-8.55958;1021.27;0;0.5043;0.518338
11.4002;1029.83;-8.48102;1021.35;0;0.4597;0.518338
11.4102;1029.83;-8.47004;1021.36;0;0.4696;0.518338
11.4202;1029.83;-8.36823;1021.46;0;0.5322;0.518338
11.4302;1029.83;-8.36664;1021.46;0;0.522;0.518338
11.4402;1029.83;-8.34974;1021.48;0;0.5515;0.518338
11.4502;1029.83;-8.40662;1021.42;0;0.5335;0.518338
11.4602;1029.83;-8.45002;1021.38;0;0.486;0.518338
11.4702;1029.83;-8.45338;1021.37;0;0.4568;0.518338
11.4802;1029.83;-8.43098;1021.4;0;0.5267;0.518338
11.4902;1029.83;-8.37568;1021.45;0;0.5902;0.518338
11.5002;1029.83;-8.51417;1021.31;0;0.5677;0.518338
11.5102;1029.83;-8.38953;1021.44;0;0.4857;0.518338
11.5202;1029.83;-8.43903;1021.39;0;0.5136;0.518338
11.5302;1029.83;-8.33265;1021.5;0;0.5033;0.518338
11.5402;1029.83;-8.56464;1021.26;0;0.5052;0.518338
11.5502;1029.83;-8.39063;1021.44;0;0.5381;0.518338
11.5602;1029.83;-8.30964;1021.52;0;0.5327;0.518338
11.5702;1029.83;-8.53956;1021.29;0;0.5313;0.518338
11.5802;1029.83;-8.44617;1021.38;0;0.4666;0.518338
11.5902;1029.83;-8.43134;1021.4;0;0.4681;0.518338
11.6002;1029.83;-8.49604;1021.33;0;0.496;0.518338
11.6102;1029.83;-8.49207;1021.34;0;0.4713;0.518338
11.6202;1029.83;-8.45032;1021.38;0;0.4671;0.518338
11.6302;1029.83;-8.32703;1021.5;0;0.4989;0.518338
11.6402;1029.83;-8.24885;1021.58;0;0.4953;0.518338
11.6502;1029.83;-8.49006;1021.34;0;0.5134;0.518338
11.6602;1029.83;-8.38325;1021.44;0;0.4793;0.518338
11.6702;1029.83;-8.44764;1021.38;0;0.4895;0.518338
11.6802;1029.83;-8.40937;1021.42;0;0.4694;0.518338
11.6902;1029.83;-8.33265;1021.5;0;0.5408;0.518338
11.7002;1029.83;-8.32874;1021.5;0;0.5826;0.518338
11.7102;1029.83;-8.41096;1021.42;0;0.5843;0.518338
11.7202;1029.83;-8.30872;1021.52;0;0.5462;0.518338
11.7302;1029.83;-8.53785;1021.29;0;0.4383;0.518338
11.7402;1029.83;-8.53248;1021.3;0;0.4026;0.518338
11.7502;1029.83;-8.55775;1021.27;0;0.4482;0.518338
11.7602;1029.83;-8.53345;1021.29;0;0.5419;0.518338
11.7702;1029.83;-8.40327;1021.42;0;0.5705;0.518338
11.7802;1029.83;-8.38453;1021.44;0;0.5828;0.518338
11.7902;1029.83;-8.41907;1021.41;0;0.5405;0.518338
11.8002;1029.83;-8.51874;1021.31;0;0.454;0.518338
11.8102;1029.83;-8.54243;1021.29;0;0.4532;0.518338
11.8202;1029.83;-8.46168;1021.37;0;0.4727;0.518338
11.8302;1029.83;-8.25605;1021.57;0;0.5267;0.518338
11.8402;1029.83;-8.51215;1021.32;0;0.5763;0.518338
11.8502;1029.83;-8.50526;1021.32;0;0.5431;0.518338
11.8602;1029.83;-8.39637;1021.43;0;0.5104;0.518338
11.8702;1029.83;-8.55097;1021.28;0;0.4789;0.518338
11.8802;1029.83;-8.35187;1021.48;0;0.4486;0.518338
11.8902;1029.83;-8.42805;1021.4;0;0.469;0.518338
11.9002;1029.83;-8.42322;1021.4;0;0.5323;0.518338
11.9102;1029.83;-8.48408;1021.34;0;0.5419;0.518338
11.9202;1029.83;-8.42036;1021.41;0;0.5326;0.518338
11.9302;1029.83;-8.38257;1021.45;0;0.5073;0.518338
11.9402;1029.83;-8.33112;1021.5;0;0.4779;0.518338
11.9502;1029.83;-8.29743;1021.53;0;0.4356;0.518338
11.9602;1029.83;-8.30134;1021.53;0;0.4415;0.518338
11.9702;1029.83;-8.34247;1021.49;0;0.456;0.518338
11.9802;1029.83;-8.32014;1021.51;0;0.5082;0.518338
11.9902;1029.83;-8.32545;1021.5;0;0.5649;0.518338
12.0002;1029.83;-8.48566;1021.34;0;0.5425;0.518338
12.0102;1029.83;-8.36652;1021.46;0;0.4712;0.518338
12.0202;1029.83;-8.51044;1021.32;0;0.4375;0.518338
12.0302;1029.83;-8.46894;1021.36;0;0.4234;0.518338
12.0402;1029.83;-8.37104;1021.46;0;0.4383;0.518338
12.0502;1029.83;-8.41834;1021.41;0;0.5358;0.518338
12.0602;1029.83;-8.37543;1021.45;0;0.5962;0.518338
12.0702;1029.83;-8.38398;1021.44;0;0.5997;0.518338
12.0802;1029.83;-8.45942;1021.37;0;0.5102;0.518338
12.0902;1029.83;-8.62812;1021.2;0;0.435;0.518338
12.1002;1029.83;-8.41163;1021.42;0;0.4162;0.518338
12.1102;1029.83;-8.31647;1021.51;0;0.514;0.518338
12.1202;1029.83;-8.30005;1021.53;0;0.5749;0.518338
12.1302;1029.83;-8.30805;1021.52;0;0.6006;0.518338
12.1402;1029.83;-8.39185;1021.44;0;0.5465;0.518338
12.1502;1029.83;-8.41443;1021.41;0;0.4395;0.518338
12.1602;1029.83;-8.53492;1021.29;0;0.4004;0.518338
12.1702;1029.83;-8.39295;1021.43;0;0.4831;0.518338
12.1802;1029.83;-8.44477;1021.38;0;0.5057;0.518338
12.1902;1029.83;-8.39734;1021.43;0;0.5606;0.518338
12.2002;1029.83;-8.42505;1021.4;0;0.5475;0.518338
12.2102;1029.83;-8.52833;1021.3;0;0.4727;0.518338
12.2202;1029.83;-8.46302;1021.36;0;0.4364;0.518338
12.2302;1029.83;-8.32587;1021.5;0;0.4678;0.518338
12.2402;1029.83;-8.47938;1021.35;0;0.5419;0.518338
12.2502;1029.83;-8.37934;1021.45;0;0.5705;0.518338
12.2602;1029.83;-8.48084;1021.35;0;0.5207;0.518338
12.2702;1029.83;-8.51673;1021.31;0;0.4455;0.518338
12.2802;1029.83;-8.42267;1021.41;0;0.4474;0.518338
12.2902;1029.83;-8.37397;1021.45;0;0.4731;0.518338
12.3002;1029.83;-8.36414;1021.46;0;0.5565;0.518338
12.3102;1029.83;-8.31904;1021.51;0;0.558;0.518338
12.3202;1029.83;-8.58057;1021.25;0;0.5282;0.518338
12.3302;1029.83;-8.41578;1021.41;0;0.4579;0.518338
12.3402;1029.83;-8.46143;1021.37;0;0.4084;0.518338
12.3502;1029.83;-8.45118;1021.38;0;0.4054;0.518338
12.3602;1029.83;-8.32422;1021.5;0;0.4774;0.518338
12.3702;1029.83;-8.46747;1021.36;0;0.5233;0.518338
12.3802;1029.83;-8.41462;1021.41;0;0.5112;0.518338
12.3902;1029.83;-8.39222;1021.44;0;0.3976;0.518338
12.4002;1029.83;-8.48975;1021.34;0;0.3844;0.518338
12.4102;1029.83;-8.42994;1021.4;0;0.4437;0.518338
12.4202;1029.83;-8.35273;1021.48;0;0.5595;0.518338
12.4302;1029.83;-8.36097;1021.47;0;0.5833;0.518338
12.4402;1029.83;-8.45118;1021.38;0;0.5378;0.518338
12.4502;1029.83;-8.47474;1021.35;0;0.4488;0.518338
12.4602;1029.83;-8.32715;1021.5;0;0.4259;0.518338
12.4702;1029.83;-8.37995;1021.45;0;0.4541;0.518338
12.4802;1029.83;-8.39753;1021.43;0;0.5467;0.518338
12.4902;1029.83;-8.41108;1021.42;0;0.6021;0.518338
12.5002;1029.83;-8.47938;1021.35;0;0.5764;0.518338
12.5102;1029.83;-8.45118;1021.38;0;0.496;0.518338
12.5202;1029.83;-8.52015;1021.31;0;0.3992;0.518338
12.5302;1029.83;-8.42597;1021.4;0;0.4826;0.518338
12.5402;1029.83;-8.34516;1021.48;0;0.6123;0.518338
12.5502;1029.83;-8.26295;1021.57;0;0.7062;0.518338
12.5602;1029.83;-8.42133;1021.41;0;0.6401;0.518338
12.5702;1029.83;-8.46113;1021.37;0;0.5018;0.518338
12.5802;1029.83;-8.52747;1021.3;0;0.3965;0.518338
12.5902;1029.83;-8.41627;1021.41;0;0.4245;0.518338
12.6002;1029.83;-8.33057;1021.5;0;0.57;0.518338
12.6102;1029.83;-8.39515;1021.43;0;0.6634;0.518338
12.6202;1029.83;-8.42304;1021.4;0;0.6514;0.518338
12.6302;1029.83;-8.44562;1021.38;0;0.5396;0.518338
12.6402;1029.83;-8.47242;1021.36;0;0.4458;0.518338
12.6502;1029.83;-8.49372;1021.33;0;0.4365;0.518338
12.6602;1029.83;-8.29047;1021.54;0;0.5508;0.518338
12.6702;1029.83;-8.36652;1021.46;0;0.6726;0.518338
12.6802;1029.83;-8.43165;1021.4;0;0.6417;0.518338
12.6902;1029.83;-8.44227;1021.39;0;0.5713;0.518338
12.7002;1029.83;-8.52375;1021.3;0;0.4485;0.518338
12.7102;1029.83;-8.45783;1021.37;0;0.4354;0.518338
12.7202;1029.83;-8.30756;1021.52;0;0.522;0.518338
12.7302;1029.83;-8.40937;1021.42;0;0.6535;0.518338
12.7402;1029.83;-8.45722;1021.37;0;0.6885;0.518338
12.7502;1029.83;-8.35596;1021.47;0;0.5703;0.518338
12.7602;1029.83;-8.48737;1021.34;0;0.4076;0.518338
12.7702;1029.83;-8.52424;1021.3;0;0.3357;0.518338
12.7802;1029.83;-8.49512;1021.33;0;0.3973;0.518338
12.7902;1029.83;-8.38227;1021.45;0;0.5495;0.518338
12.8002;1029.83;-8.41852;1021.41;0;0.5939;0.518338
12.8102;1029.83;-8.29572;1021.53;0;0.5638;0.518338
12.8202;1029.83;-8.35047;1021.48;0;0.449;0.518338
12.8302;1029.83;-8.35377;1021.47;0;0.4222;0.518338
12.8402;1029.83;-8.40436;1021.42;0;0.4959;0.518338
12.8502;1029.83;-8.34547;1021.48;0;0.5585;0.518338
12.8602;1029.83;-8.35474;1021.47;0;0.6367;0.518338
12.8702;1029.83;-8.36994;1021.46;0;0.5963;0.518338
12.8802;1029.83;-8.38453;1021.44;0;0.4963;0.518338
12.8902;1029.83;-8.51588;1021.31;0;0.465;0.518338
12.9002;1029.83;-8.43354;1021.39;0;0.4841;0.518338
12.9102;1029.83;-8.35596;1021.47;0;0.5307;0.518338
12.9202;1029.83;-8.35645;1021.47;0;0.5642;0.518338
12.9302;1029.83;-8.44507;1021.38;0;0.5849;0.518338
12.9402;1029.83;-8.35547;1021.47;0;0.4917;0.518338
12.9502;1029.83;-8.43262;1021.4;0;0.4338;0.518338
12.9602;1029.83;-8.40253;1021.43;0;0.4863;0.518338
12.9702;1029.83;-8.36255;1021.47;0;0.5586;0.518338
12.9802;1029.83;-8.32996;1021.5;0;0.6108;0.518338
12.9902;1029.83;-8.39484;1021.43;0;0.6028;0.518338
13.0002;1029.83;-8.39313;1021.43;0;0.5547;0.518338
13.0102;1029.83;-8.40662;1021.42;0;0.4991;0.518338
13.0202;1029.83;-8.46223;1021.37;0;0.4916;0.518338
13.0302;1029.83;-8.37934;1021.45;0;0.4924;0.518338
13.0402;1029.83;-8.39655;1021.43;0;0.5388;0.518338
13.0502;1029.83;-8.35547;1021.47;0;0.5472;0.518338
13.0602;1029.83;-8.43946;1021.39;0;0.5211;0.518338
13.0702;1029.83;-8.44092;1021.39;0;0.4528;0.518338
13.0802;1029.83;-8.46168;1021.37;0;0.4271;0.518338
13.0902;1029.83;-8.50416;1021.32;0;0.4212;0.518338
13.1002;1029.83;-8.44062;1021.39;0;0.5147;0.518338
13.1102;1029.83;-8.36085;1021.47;0;0.5313;0.518338
13.1202;1029.83;-8.37995;1021.45;0;0.5196;0.518338
13.1302;1029.83;-8.35413;1021.47;0;0.4537;0.518338
13.1402;1029.83;-8.42164;1021.41;0;0.4126;0.518338
13.1502;1029.83;-8.39887;1021.43;0;0.4646;0.518338
13.1602;1029.83;-8.46735;1021.36;0;0.5037;0.518338
13.1702;1029.83;-8.37287;1021.46;0;0.5348;0.518338
13.1802;1029.83;-8.33887;1021.49;0;0.4878;0.518338
13.1902;1029.83;-8.38526;1021.44;0;0.439;0.518338
13.2002;1029.83;-8.46174;1021.37;0;0.3977;0.518338
13.2102;1029.83;-8.51588;1021.31;0;0.364;0.518338
13.2202;1029.83;-8.40662;1021.42;0;0.4588;0.518338
13.2302;1029.83;-8.38837;1021.44;0;0.5353;0.518338
13.2402;1029.83;-8.40595;1021.42;0;0.5827;0.518338
13.2502;1029.83;-8.58857;1021.24;0;0.5245;0.518338
13.2602;1029.83;-8.51917;1021.31;0;0.4586;0.518338
13.2702;1029.83;-8.46442;1021.36;0;0.4764;0.518338
13.2802;1029.83;-8.39313;1021.43;0;0.547;0.518338
13.2902;1029.83;-8.42505;1021.4;0;0.6057;0.518338
13.3002;1029.83;-8.41944;1021.41;0;0.582;0.518338
13.3102;1029.83;-8.41382;1021.41;0;0.5068;0.518338
13.3202;1029.83;-8.41675;1021.41;0;0.4201;0.518338
13.3302;1029.83;-8.59827;1021.23;0;0.3887;0.518338
13.3402;1029.83;-8.42396;1021.4;0;0.4898;0.518338
13.3502;1029.83;-8.38727;1021.44;0;0.5692;0.518338
13.3602;1029.83;-8.37287;1021.46;0;0.6039;0.518338
13.3702;1029.83;-8.41907;1021.41;0;0.4798;0.518338
13.3802;1029.83;-8.48035;1021.35;0;0.3455;0.518338
13.3902;1029.83;-8.35706;1021.47;0;0.3302;0.518338
13.4002;1029.83;-8.42463;1021.4;0;0.4679;0.518338
13.4102;1029.83;-8.29474;1021.53;0;0.6157;0.518338
13.4202;1029.83;-8.35914;1021.47;0;0.6595;0.518338
13.4302;1029.83;-8.50757;1021.32;0;0.5801;0.518338
13.4402;1029.83;-8.61664;1021.21;0;0.3893;0.518338
13.4502;1029.83;-8.41602;1021.41;0;0.311;0.518338
13.4602;1029.83;-8.31287;1021.52;0;0.3969;0.518338
13.4702;1029.83;-8.33765;1021.49;0;0.5823;0.518338
13.4802;1029.83;-8.28107;1021.55;0;0.6784;0.518338
13.4902;1029.83;-8.49207;1021.34;0;0.5816;0.518338
13.5002;1029.83;-8.53345;1021.29;0;0.3997;0.518338
13.5102;1029.83;-8.62098;1021.21;0;0.2837;0.518338
13.5202;1029.83;-8.30964;1021.52;0;0.4098;0.518338
13.5302;1029.83;-8.31537;1021.51;0;0.5902;0.518338
13.5402;1029.83;-8.34186;1021.49;0;0.7474;0.518338
13.5502;1029.83;-8.39155;1021.44;0;0.67;0.518338
13.5602;1029.83;-8.59803;1021.23;0;0.5215;0.518338
13.5702;1029.83;-8.49952;1021.33;0;0.4064;0.518338
13.5802;1029.83;-8.46345;1021.36;0;0.3998;0.518338
13.5902;1029.83;-8.31647;1021.51;0;0.584;0.518338
13.6002;1029.83;-8.33307;1021.49;0;0.6954;0.518338
13.6102;1029.83;-8.26063;1021.57;0;0.6755;0.518338
13.6202;1029.83;-8.48475;1021.34;0;0.5134;0.518338
13.6302;1029.83;-8.44764;1021.38;0;0.305;0.518338
13.6402;1029.83;-8.36182;1021.47;0;0.3048;0.518338
13.6502;1029.83;-8.29047;1021.54;0;0.4718;0.518338
13.6602;1029.83;-8.34284;1021.49;0;0.6546;0.518338
13.6702;1029.83;-8.34223;1021.49;0;0.7209;0.518338
13.6802;1029.83;-8.47034;1021.36;0;0.5873;0.518338
13.6902;1029.83;-8.47602;1021.35;0;0.4377;0.518338
13.7002;1029.83;-8.45167;1021.38;0;0.3837;0.518338
13.7102;1029.83;-8.34675;1021.48;0;0.4834;0.518338
13.7202;1029.83;-8.21857;1021.61;0;0.566;0.518338
13.7302;1029.83;-8.39045;1021.44;0;0.6232;0.518338
13.7402;1029.83;-8.46076;1021.37;0;0.4824;0.518338
13.7502;1029.83;-8.38697;1021.44;0;0.3434;0.518338
13.7602;1029.83;-8.35096;1021.48;0;0.3416;0.518338
13.7702;1029.83;-8.27473;1021.55;0;0.4327;0.518338
13.7802;1029.83;-8.24036;1021.59;0;0.5449;0.518338
13.7902;1029.83;-8.39924;1021.43;0;0.6197;0.518338
13.8002;1029.83;-8.49952;1021.33;0;0.5801;0.518338
13.8102;1029.83;-8.45637;1021.37;0;0.5092;0.518338
13.8202;1029.83;-8.49042;1021.34;0;0.4719;0.518338
13.8302;1029.83;-8.38795;1021.44;0;0.5163;0.518338
13.8402;1029.83;-8.31556;1021.51;0;0.6435;0.518338
13.8502;1029.83;-8.32874;1021.5;0;0.7222;0.518338
13.8602;1029.83;-8.42737;1021.4;0;0.6312;0.518338
13.8702;1029.83;-8.48017;1021.35;0;0.4786;0.518338
13.8802;1029.83;-8.49567;1021.33;0;0.3982;0.518338
13.8902;1029.83;-8.42036;1021.41;0;0.41;0.518338
13.9002;1029.83;-8.26856;1021.56;0;0.4998;0.518338
13.9102;1029.83;-8.24262;1021.59;0;0.6473;0.518338
13.9202;1029.83;-8.45765;1021.37;0;0.6358;0.518338
13.9302;1029.83;-8.44892;1021.38;0;0.5167;0.518338
13.9402;1029.83;-8.49732;1021.33;0;0.4255;0.518338
13.9502;1029.83;-8.43854;1021.39;0;0.399;0.518338
13.9602;1029.83;-8.30347;1021.52;0;0.5101;0.518338
13.9702;1029.83;-8.32532;1021.5;0;0.6375;0.518338
13.9802;1029.83;-8.43262;1021.4;0;0.6311;0.518338
13.9902;1029.83;-8.54297;1021.28;0;0.5599;0.518338
14.0002;1029.83;-8.63276;1021.2;0;0.3848;0.518338
14.0102;1029.83;-8.55622;1021.27;0;0.3834;0.518338
14.0202;1029.83;-8.38563;1021.44;0;0.4315;0.518338
14.0302;1029.83;-8.36756;1021.46;0;0.585;0.518338
14.0402;1029.83;-8.33723;1021.49;0;0.6636;0.518338
14.0502;1029.83;-8.43854;1021.39;0;0.5952;0.518338
14.0602;1029.83;-8.46845;1021.36;0;0.4521;0.518338
14.0702;1029.83;-8.56592;1021.26;0;0.3888;0.518338
14.0802;1029.83;-8.32587;1021.5;0;0.4783;0.518338
14.0902;1029.83;-8.32075;1021.51;0;0.6272;0.518338
14.1002;1029.83;-8.34785;1021.48;0;0.7092;0.518338
14.1102;1029.83;-8.43427;1021.39;0;0.6178;0.518338
14.1202;1029.83;-8.47565;1021.35;0;0.4755;0.518338
14.1302;1029.83;-8.34498;1021.48;0;0.3679;0.518338
14.1402;1029.83;-8.34974;1021.48;0;0.3886;0.518338
14.1502;1029.83;-8.35053;1021.48;0;0.5034;0.518338
14.1602;1029.83;-8.24598;1021.58;0;0.5938;0.518338
14.1702;1029.83;-8.37495;1021.45;0;0.5495;0.518338
14.1802;1029.83;-8.44434;1021.38;0;0.4206;0.518338
14.1902;1029.83;-8.52747;1021.3;0;0.3296;0.518338
14.2002;1029.83;-8.36164;1021.47;0;0.3879;0.518338
14.2102;1029.83;-8.34913;1021.48;0;0.5202;0.518338
14.2202;1029.83;-8.31702;1021.51;0;0.6466;0.518338
14.2302;1029.83;-8.36378;1021.46;0;0.5975;0.518338
14.2402;1029.83;-8.44434;1021.38;0;0.4502;0.518338
14.2502;1029.83;-8.52253;1021.31;0;0.3659;0.518338
14.2602;1029.83;-8.39924;1021.43;0;0.3652;0.518338
14.2702;1029.83;-8.38398;1021.44;0;0.4535;0.518338
14.2802;1029.83;-8.32374;1021.5;0;0.5654;0.518338
14.2902;1029.83;-8.42725;1021.4;0;0.5816;0.518338
14.3002;1029.83;-8.48646;1021.34;0;0.4812;0.518338
14.3102;1029.83;-8.53443;1021.29;0;0.389;0.518338
14.3202;1029.83;-8.34717;1021.48;0;0.412;0.518338
14.3302;1029.83;-8.29383;1021.53;0;0.5196;0.518338
14.3402;1029.83;-8.44092;1021.39;0;0.5824;0.518338
14.3502;1029.83;-8.28705;1021.54;0;0.5945;0.518338
14.3602;1029.83;-8.43995;1021.39;0;0.48;0.518338
14.3702;1029.83;-8.40168;1021.43;0;0.432;0.518338
14.3802;1029.83;-8.39887;1021.43;0;0.4394;0.518338
14.3902;1029.83;-8.39295;1021.43;0;0.534;0.518338
14.4002;1029.83;-8.33558;1021.49;0;0.6337;0.518338
14.4102;1029.83;-8.36762;1021.46;0;0.5993;0.518338
14.4202;1029.83;-8.42963;1021.4;0;0.5293;0.518338
14.4302;1029.83;-8.46802;1021.36;0;0.4114;0.518338
14.4402;1029.83;-8.42463;1021.4;0;0.3993;0.518338
14.4502;1029.83;-8.30634;1021.52;0;0.5111;0.518338
14.4602;1029.83;-8.47443;1021.35;0;0.6502;0.518338
14.4702;1029.83;-8.38062;1021.45;0;0.6881;0.518338
14.4802;1029.83;-8.42036;1021.41;0;0.5736;0.518338
14.4902;1029.83;-8.53882;1021.29;0;0.4343;0.518338
14.5002;1029.83;-8.40394;1021.42;0;0.3643;0.518338
14.5102;1029.83;-8.32783;1021.5;0;0.4482;0.518338
14.5202;1029.83;-8.39863;1021.43;0;0.6037;0.518338
14.5302;1029.83;-8.30402;1021.52;0;0.7066;0.518338
14.5402;1029.83;-8.43592;1021.39;0;0.5914;0.518338
14.5502;1029.83;-8.43897;1021.39;0;0.4053;0.518338
14.5602;1029.83;-8.48334;1021.34;0;0.2934;0.518338
14.5702;1029.83;-8.38105;1021.45;0;0.3449;0.518338
14.5802;1029.83;-8.24433;1021.58;0;0.4956;0.518338
14.5902;1029.83;-8.37287;1021.46;0;0.5532;0.518338
14.6002;1029.83;-8.47474;1021.35;0;0.4959;0.518338
14.6102;1029.83;-8.58784;1021.24;0;0.4126;0.518338
14.6202;1029.83;-8.55744;1021.27;0;0.2892;0.518338
14.6302;1029.83;-8.53358;1021.29;0;0.3446;0.518338
14.6402;1029.83;-8.36762;1021.46;0;0.4842;0.518338
14.6502;1029.83;-8.42066;1021.41;0;0.6018;0.518338
14.6602;1029.83;-8.48243;1021.35;0;0.6007;0.518338
14.6702;1029.83;-8.47266;1021.36;0;0.496;0.518338
14.6802;1029.83;-8.49952;1021.33;0;0.4298;0.518338
14.6902;1029.83;-8.49933;1021.33;0;0.4609;0.518338
14.7002;1029.83;-8.43635;1021.39;0;0.5143;0.518338
14.7102;1029.83;-8.47742;1021.35;0;0.618;0.518338
14.7202;1029.83;-8.46168;1021.37;0;0.6371;0.518338
14.7302;1029.83;-8.55195;1021.28;0;0.5376;0.518338
14.7402;1029.83;-8.39387;1021.43;0;0.4506;0.518338
14.7502;1029.83;-8.40204;1021.43;0;0.4557;0.518338
14.7602;1029.83;-8.27027;1021.56;0;0.527;0.518338
14.7702;1029.83;-8.46058;1021.37;0;0.577;0.518338
14.7802;1029.83;-8.33954;1021.49;0;0.5909;0.518338
14.7902;1029.83;-8.44227;1021.39;0;0.5585;0.518338
14.8002;1029.83;-8.39716;1021.43;0;0.4608;0.518338
14.8102;1029.83;-8.58832;1021.24;0;0.4512;0.518338
14.8202;1029.83;-8.40168;1021.43;0;0.5499;0.518338
14.8302;1029.83;-8.34455;1021.48;0;0.65;0.518338
14.8402;1029.83;-8.38923;1021.44;0;0.632;0.518338
14.8502;1029.83;-8.49274;1021.34;0;0.5841;0.518338
14.8602;1029.83;-8.42304;1021.4;0;0.4916;0.518338
14.8702;1029.83;-8.45997;1021.37;0;0.4828;0.518338
14.8802;1029.83;-8.38026;1021.45;0;0.5017;0.518338
14.8902;1029.83;-8.36872;1021.46;0;0.5949;0.518338
14.9002;1029.83;-8.40925;1021.42;0;0.602;0.518338
14.9102;1029.83;-8.42103;1021.41;0;0.543;0.518338
14.9202;1029.83;-8.45093;1021.38;0;0.4762;0.518338
14.9302;1029.83;-8.34424;1021.48;0;0.4556;0.518338
14.9402;1029.83;-8.36713;1021.46;0;0.4845;0.518338
14.9502;1029.83;-8.44202;1021.39;0;0.4821;0.518338
14.9602;1029.83;-8.44037;1021.39;0;0.4456;0.518338
14.9702;1029.83;-8.43763;1021.39;0;0.4113;0.518338
14.9802;1029.83;-8.34144;1021.49;0;0.412;0.518338
14.9902;1029.83;-8.35078;1021.48;0;0.4754;0.518338
