0;;1478.26;-2.41357;1475.85;;3072
0.01;;1478.26;-4.80347;1473.46;;3072
0.02;;1478.26;-448.41;1029.85;;3072
0.03;;1478.26;-448.395;1029.87;;3072
0.04;;1478.26;-448.279;1029.98;;3072
0.05;;1478.26;-448.3;1029.96;;3072
0.06;;1478.26;-448.408;1029.86;;3072
0.07;;1478.26;-448.387;1029.88;;3072
0.08;;1478.26;-448.417;1029.85;;3072
0.09;;1478.26;-448.274;1029.99;;3072
0.1;;1478.26;-448.427;1029.84;;3072
0.11;;1478.26;-448.39;1029.87;;3072
0.12;;1478.26;-448.349;1029.91;;3072
0.13;;1478.26;-448.393;1029.87;;3072
0.14;;1478.26;-448.402;1029.86;;3072
0.15;;1478.26;-448.43;1029.83;;3072
0.16;;1478.26;-448.429;1029.83;;3072
0.17;;1478.26;-448.289;1029.97;;3072
0.18;;1478.26;-448.24;1030.02;;3072
0.19;;1478.26;-448.489;1029.77;;3072
0.2;;1478.26;-448.408;1029.86;;3072
0.21;;1478.26;-441.815;1036.45;;3072
0.22;;1478.26;-425.886;1052.38;;3072
0.23;;1478.26;-410.734;1067.53;;3072
0.24;;1478.26;-387.892;1090.37;;3072
0.25;;1478.26;-370.329;1107.93;;3072
0.26;;1478.26;-337.787;1140.48;;3072
0.27;;1478.26;-334.519;1143.74;;3072
0.28;;1478.26;-300.437;1177.83;;3072
0.29;;1478.26;-297.047;1181.22;;3072
0.3;;1478.26;-265.956;1212.31;;3072
0.31;;1478.26;-260.485;1217.78;;3072
0.32;;1478.26;-232.048;1246.22;;3072
0.33;;1478.26;-226.783;1251.48;;3072
0.34;;1478.26;-216.186;1262.08;;3072
0.35;;1478.26;-185.776;1292.49;;3072
0.36;;1478.26;-183.256;1295.01;;3072
0.37;;1478.26;-173.934;1304.33;;3072
0.38;;1478.26;-146.904;1331.36;;3072
0.39;;1478.26;-140.969;1337.29;;3072
0.4;;1478.26;-137.635;1340.63;;3072
0.41;;1478.26;-122.203;1356.06;;3072
0.42;;1478.26;-93.9865;1384.28;;3072
0.43;;1478.26;-95.1974;1383.07;;3072
0.44;;1478.26;-89.84;1388.42;;3072
0.45;;1478.26;-75.5365;1402.73;;3072
0.46;;1478.26;-60.6898;1417.57;;3072
0.47;;1478.26;-38.3645;1439.9;;3072
0.48;;1478.26;-30.4436;1447.82;;3072
0.49;;1478.26;-34.6063;1443.66;;3072
0.5;;1478.26;-24.8727;1453.39;;3072
0.51;;1478.26;-16.3018;1461.96;;3072
0.52;;1478.26;-1.73438;1476.53;;3072
0.53;;1478.26;6.78003;1485.04;;3072
0.54;;1478.26;23.6102;1501.87;;3072
0.55;;1478.26;31.1594;1509.42;;3072
0.56;;1478.26;25.8165;1504.08;;3072
0.57;;1478.26;33.9082;1512.17;;3072
0.58;;1478.26;40.9785;1519.24;;3072
0.59;;1478.26;56.001;1534.26;;3072
0.6;;1478.26;60.8049;1539.07;;3072
0.61;;1478.26;70.3331;1548.6;;3072
0.62;;1478.26;82.2302;1560.49;;3072
0.63;;1478.26;87.7987;1566.06;;3072
0.64;;1478.26;85.5311;1563.79;;3072
0.65;;1478.26;93.046;1571.31;;3072
0.66;;1478.26;95.7444;1574.01;;3072
0.67;;1478.26;107.434;1585.7;;3072
0.68;;1478.26;117.559;1595.82;;3072
0.69;;1478.26;125.185;1603.45;;3072
0.7;;1478.26;128.829;1607.09;;3072
0.71;;1478.26;138.09;1616.35;;3072
0.72;;1478.26;139.406;1617.67;;3072
0.73;;1478.26;153.43;1631.69;;3072
0.74;;1478.26;145.099;1623.36;;3072
0.75;;1478.26;147.19;1625.45;;3072
0.76;;1478.26;154.023;1632.29;;3072
0.77;;1478.26;165.166;1643.43;;3072
0.78;;1478.26;174.3;1652.56;;3072
0.79;;1478.26;177.629;1655.89;;3072
0.8;;1478.26;181.896;1660.16;;3072
0.81;;1478.26;192.554;1670.82;;3072
0.82;;1478.26;200.026;1678.29;;3072
0.83;;1478.26;193.533;1671.8;;3072
0.839999;;1478.26;195.4;1673.66;;3072
0.849999;;1478.26;195.049;1673.31;;3072
0.859999;;1478.26;211.35;1689.61;;3072
0.869999;;1478.26;219.82;1698.08;;3072
0.879999;;1478.26;224.427;1702.69;;3072
0.889999;;1478.26;225.032;1703.3;;3072
0.899999;;1478.26;225.483;1703.75;;3072
0.909999;;1478.26;238.279;1716.54;;3072
0.919999;;1478.26;241.083;1719.35;;3072
0.929999;;1478.26;234.729;1712.99;;3072
0.939999;;1478.26;234.641;1712.9;;3072
0.949999;;1478.26;237.695;1715.96;;3072
0.959999;;1478.26;244.909;1723.17;;3072
0.969999;;1478.26;257.74;1736;;3072
0.979999;;1478.26;262.291;1740.55;;3072
0.989999;;1478.26;260.793;1739.06;;3072
0.999999;;1478.26;269.127;1747.39;;3072
1.01;;1478.26;277.952;1756.22;;3072
1.02;;1478.26;276.82;1755.08;;3072
1.03;;1478.26;274.498;1752.76;;3072
1.04;;1478.26;272.251;1750.51;;3072
1.05;;1478.26;275.762;1754.03;;3072
1.06;;1478.26;289.524;1767.79;;3072
1.07;;1478.26;289.45;1767.71;;3072
1.08;;1478.26;296.018;1774.28;;3072
1.09;;1478.26;296.679;1774.94;;3072
1.1;;1478.26;299.632;1777.9;;3072
1.11;;1478.26;293.208;1771.47;;3072
1.12;;1478.26;294.095;1772.36;;3072
1.13;;1478.26;307.806;1786.07;;3072
1.14;;1478.26;311.23;1789.49;;3072
1.15;;1478.26;312.72;1790.98;;3072
1.16;;1478.26;312.599;1790.86;;3072
1.17;;1478.26;318.874;1797.14;;3072
1.18;;1478.26;308.388;1786.65;;3072
1.19;;1478.26;313.39;1791.65;;3072
1.2;;1478.26;327.994;1806.26;;3072
1.21;;1478.26;324.832;1803.1;;3072
1.22;;1478.26;332.954;1811.22;;3072
1.23;;1478.26;334.22;1812.48;;3072
1.24;;1478.26;324.899;1803.16;;3072
1.25;;1478.26;332.602;1810.87;;3072
1.26;;1478.26;337.701;1815.96;;3072
1.27;;1478.26;339.698;1817.96;;3072
1.28;;1478.26;347.017;1825.28;;3072
1.29;;1478.26;340.744;1819.01;;3072
1.3;;1478.26;339.173;1817.44;;3072
1.31;;1478.26;348.004;1826.27;;3072
1.32;;1478.26;353.106;1831.37;;3072
1.33;;1478.26;353.783;1832.05;;3072
1.34;;1478.26;356.674;1834.94;;3072
1.35;;1478.26;349.457;1827.72;;3072
1.36;;1478.26;355.107;1833.37;;3072
1.37;;1478.26;360.354;1838.62;;3072
1.38;;1478.26;361.215;1839.48;;3072
1.39;;1478.26;368.051;1846.31;;3072
1.4;;1478.26;361.848;1840.11;;3072
1.41;;1478.26;358.839;1837.1;;3072
1.42;;1478.26;372.115;1850.38;;3072
1.43;;1478.26;368.659;1846.92;;3072
1.44;;1478.26;379.954;1858.22;;3072
1.45;;1478.26;375.463;1853.73;;3072
1.46;;1478.26;365.565;1843.83;;3072
1.47;;1478.26;379.644;1857.91;;3072
1.48;;1478.26;377.81;1856.07;;3072
1.49;;1478.26;379.385;1857.65;;3072
1.5;;1478.26;370.477;1848.74;;3072
1.51;;1478.26;376.096;1854.36;;3072
1.52;;1478.26;383.497;1861.76;;3072
1.53;;1478.26;378.106;1856.37;;3072
1.54;;1478.26;388.088;1866.35;;3072
1.55;;1478.26;373.42;1851.68;;3072
1.56;;1478.26;381.205;1859.47;;3072
1.57;;1478.26;391.454;1869.72;;3072
1.58;;1478.26;388.246;1866.51;;3072
1.59;;1478.26;388.38;1866.64;;3072
1.6;;1478.26;384.298;1862.56;;3072
1.61;;1478.26;395.91;1874.17;;3072
1.62;;1478.26;391.799;1870.06;;3072
1.63;;1478.26;400.621;1878.88;;3072
1.64;;1478.26;392.44;1870.7;;3072
1.65;;1478.26;391.522;1869.79;;3072
1.66;;1478.26;395.167;1873.43;;3072
1.67;;1478.26;404.191;1882.45;;3072
1.68;;1478.26;395.403;1873.67;;3072
1.69;;1478.26;389.827;1868.09;;3072
1.7;;1478.26;402.633;1880.9;;3072
1.71;;1478.26;397.603;1875.87;;3072
1.72;;1478.26;401.42;1879.68;;3072
1.73;;1478.26;392.19;1870.45;;3072
1.74;;1478.26;403.667;1881.93;;3072
1.75;;1478.26;402.766;1881.03;;3072
1.76;;1478.26;401.468;1879.73;;3072
1.77;;1478.26;396.23;1874.49;;3072
1.78;;1478.26;404.031;1882.29;;3072
1.79;;1478.26;403.74;1882;;3072
1.8;;1478.26;404.13;1882.39;;3072
1.81;;1478.26;398.614;1876.88;;3072
1.82;;1478.26;398.937;1877.2;;3072
1.83;;1478.26;405.951;1884.21;;3072
1.84;;1478.26;399.558;1877.82;;3072
1.85;;1478.26;402.056;1880.32;;3072
1.86;;1478.26;398.332;1876.6;;3072
1.87;;1478.26;405.083;1883.35;;3072
1.88;;1478.26;405.462;1883.72;;3072
1.89;;1478.26;412.412;1890.68;;3072
1.9;;1478.26;399.062;1877.33;;3072
1.91;;1478.26;409.476;1887.74;;3072
1.92;;1478.26;407.695;1885.96;;3072
1.93;;1478.26;411.204;1889.47;;3072
1.94;;1478.26;396.49;1874.75;;3072
1.95;;1478.26;405.615;1883.88;;3072
1.96;;1478.26;406.833;1885.1;;3072
1.97;;1478.26;412.55;1890.81;;3072
1.98;;1478.26;397.333;1875.6;;3072
1.99;;1478.26;405.876;1884.14;;3072
2;;1478.26;411.96;1890.22;;3072
2.01;;1478.26;415.713;1893.98;;3072
2.02;;1478.26;399.68;1877.94;;3072
2.03;;1478.26;410.846;1889.11;;3072
2.04;;1478.26;411.151;1889.41;;3072
2.05;;1478.26;414.71;1892.97;;3072
2.06;;1478.26;402.384;1880.65;;3072
2.07;;1478.26;404.726;1882.99;;3072
2.08;;1478.26;412.548;1890.81;;3072
2.09;;1478.26;415.318;1893.58;;3072
2.1;;1478.26;399.73;1877.99;;3072
2.11;;1478.26;407.134;1885.4;;3072
2.12;;1478.26;416.203;1894.47;;3072
2.13;;1478.26;415.298;1893.56;;3072
2.14;;1478.26;405.426;1883.69;;3072
2.15;;1478.26;410.021;1888.28;;3072
2.16;;1478.26;415.169;1893.43;;3072
2.17;;1478.26;417.76;1896.02;;3072
2.18;;1478.26;405.946;1884.21;;3072
2.19;;1478.26;406.236;1884.5;;3072
2.2;;1478.26;415.998;1894.26;;3072
2.21;;1478.26;416.061;1894.32;;3072
2.22;;1478.26;402.338;1880.6;;3072
2.23;;1478.26;408.662;1886.93;;3072
2.24;;1478.26;417.929;1896.19;;3072
2.25;;1478.26;416.8;1895.06;;3072
2.26;;1478.26;407.306;1885.57;;3072
2.27;;1478.26;411.659;1889.92;;3072
2.28;;1478.26;415.231;1893.49;;3072
2.29;;1478.26;418.339;1896.6;;3072
2.3;;1478.26;404.953;1883.22;;3072
2.31;;1478.26;407.893;1886.16;;3072
2.32;;1478.26;417.04;1895.3;;3072
2.33;;1478.26;417.521;1895.78;;3072
2.34;;1478.26;403.291;1881.55;;3072
2.35;;1478.26;411.062;1889.33;;3072
2.36;;1478.26;418.184;1896.45;;3072
2.37;;1478.26;419.592;1897.86;;3072
2.38;;1478.26;407.617;1885.88;;3072
2.39;;1478.26;411.541;1889.8;;3072
2.4;;1478.26;415.662;1893.93;;3072
2.41;;1478.26;418.633;1896.9;;3072
2.42;;1478.26;404.948;1883.21;;3072
2.43;;1478.26;408.666;1886.93;;3072
2.44;;1478.26;417.623;1895.89;;3072
2.45;;1478.26;419.464;1897.73;;3072
2.46;;1478.26;404.194;1882.46;;3072
2.47;;1478.26;413.127;1891.39;;3072
2.48;;1478.26;418.162;1896.43;;3072
2.49;;1478.26;420.289;1898.55;;3072
2.5;;1478.26;406.66;1884.92;;3072
2.51;;1478.26;411.886;1890.15;;3072
2.52;;1478.26;415.584;1893.85;;3072
2.53;;1478.26;418.486;1896.75;;3072
2.54;;1478.26;403.631;1881.89;;3072
2.55;;1478.26;409.608;1887.87;;3072
2.56;;1478.26;417.919;1896.18;;3072
2.57;;1478.26;420.705;1898.97;;3072
2.58;;1478.26;404.584;1882.85;;3072
2.59;;1478.26;414.804;1893.07;;3072
2.6;;1478.26;417.535;1895.8;;3072
2.61;;1478.26;419.877;1898.14;;3072
2.62;;1478.26;405.497;1883.76;;3072
2.63;;1478.26;412.086;1890.35;;3072
2.64;;1478.26;415.144;1893.41;;3072
2.65;;1478.26;418.431;1896.69;;3072
2.66;;1478.26;402.851;1881.11;;3072
2.67;;1478.26;410.742;1889.01;;3072
2.68;;1478.26;417.779;1896.04;;3072
2.69;;1478.26;421.651;1899.91;;3072
2.7;;1478.26;405.078;1883.34;;3072
2.71;;1478.26;416.508;1894.77;;3072
2.72;;1478.26;416.702;1894.97;;3072
2.73;;1478.26;419.588;1897.85;;3072
2.74;;1478.26;404.459;1882.72;;3072
2.75;;1478.26;411.985;1890.25;;3072
2.76;;1478.26;414.347;1892.61;;3072
2.77;;1478.26;418.675;1896.94;;3072
2.78;;1478.26;403.295;1881.56;;3072
2.79;;1478.26;411.479;1889.74;;3072
2.8;;1478.26;417.192;1895.46;;3072
2.81;;1478.26;421.284;1899.55;;3072
2.82;;1478.26;405.522;1883.79;;3072
2.83;;1478.26;416.927;1895.19;;3072
2.84;;1478.26;415.682;1893.95;;3072
2.85;;1478.26;419.468;1897.73;;3072
2.86;;1478.26;403.845;1882.11;;3072
2.87;;1478.26;412.065;1890.33;;3072
2.88;;1478.26;413.345;1891.61;;3072
2.89;;1478.26;419.026;1897.29;;3072
2.9;;1478.26;405.324;1883.59;;3072
2.91;;1478.26;413.503;1891.77;;3072
2.92;;1478.26;416.21;1894.47;;3072
2.93;;1478.26;421.032;1899.3;;3072
2.94;;1478.26;406.899;1885.16;;3072
2.95;;1478.26;417.667;1895.93;;3072
2.96;;1478.26;415.047;1893.31;;3072
2.97;;1478.26;417.586;1895.85;;3072
2.98;;1478.26;404.659;1882.92;;3072
2.99;;1478.26;413.981;1892.24;;3072
3;;1478.26;411.313;1889.58;;3072
3.01;;1478.26;418.264;1896.53;;3072
3.02;;1478.26;408.043;1886.31;;3072
3.03;;1478.26;415.275;1893.54;;3072
3.04;;1478.26;415.294;1893.56;;3072
3.05;;1478.26;420.017;1898.28;;3072
3.06;;1478.26;408.096;1886.36;;3072
3.07;;1478.26;417.329;1895.59;;3072
3.08;;1478.26;413.918;1892.18;;3072
3.09;;1478.26;413.214;1891.48;;3072
3.1;;1478.26;407.239;1885.5;;3072
3.11;;1478.26;415.898;1894.16;;3072
3.12;;1478.26;410.451;1888.71;;3072
3.13;;1478.26;414.785;1893.05;;3072
3.14;;1478.26;412.586;1890.85;;3072
3.15;;1478.26;417.221;1895.48;;3072
3.16;;1478.26;414.779;1893.04;;3072
3.17;;1478.26;414.441;1892.7;;3072
3.18;;1478.26;413.137;1891.4;;3072
3.19;;1478.26;415.949;1894.21;;3072
3.2;;1478.26;415.506;1893.77;;3072
3.21;;1478.26;405.217;1883.48;;3072
3.22;;1478.26;412.454;1890.72;;3072
3.23;;1478.26;417.372;1895.64;;3072
3.24;;1478.26;413.359;1891.62;;3072
3.25;;1478.26;410.237;1888.5;;3072
3.26;;1478.26;416.248;1894.51;;3072
3.27;;1478.26;417.061;1895.32;;3072
3.28;;1478.26;415.791;1894.05;;3072
3.29;;1478.26;410.225;1888.49;;3072
3.3;;1478.26;413.962;1892.23;;3072
3.31;;1478.26;415.339;1893.6;;3072
3.32;;1478.26;415.055;1893.32;;3072
3.33;;1478.26;404.746;1883.01;;3072
3.34;;1478.26;414.606;1892.87;;3072
3.35;;1478.26;416.839;1895.1;;3072
3.36;;1478.26;414.77;1893.03;;3072
3.37;;1478.26;407.738;1886;;3072
3.38;;1478.26;418.201;1896.46;;3072
3.39;;1478.26;416.761;1895.02;;3072
3.4;;1478.26;415.683;1893.95;;3072
3.41;;1478.26;405.949;1884.21;;3072
3.42;;1478.26;415.95;1894.21;;3072
3.43;;1478.26;414.472;1892.74;;3072
3.44;;1478.26;415.93;1894.19;;3072
3.45;;1478.26;406.019;1884.28;;3072
3.46;;1478.26;417.63;1895.89;;3072
3.47;;1478.26;416.81;1895.07;;3072
3.48;;1478.26;416.229;1894.49;;3072
3.49;;1478.26;406.155;1884.42;;3072
3.5;;1478.26;419.856;1898.12;;3072
3.51;;1478.26;417.342;1895.61;;3072
3.52;;1478.26;415.477;1893.74;;3072
3.53;;1478.26;405.161;1883.42;;3072
3.54;;1478.26;418.047;1896.31;;3072
3.55;;1478.26;413.908;1892.17;;3072
3.56;;1478.26;416.648;1894.91;;3072
3.57;;1478.26;407.406;1885.67;;3072
3.58;;1478.26;418.811;1897.07;;3072
3.59;;1478.26;417.491;1895.75;;3072
3.6;;1478.26;415.957;1894.22;;3072
3.61;;1478.26;405.308;1883.57;;3072
3.62;;1478.26;419.04;1897.3;;3072
3.63;;1478.26;417.138;1895.4;;3072
3.64;;1478.26;414.313;1892.58;;3072
3.65;;1478.26;405.839;1884.1;;3072
3.66;;1478.26;417.929;1896.19;;3072
3.67;;1478.26;414.292;1892.56;;3072
3.68;;1478.26;416.975;1895.24;;3072
3.69;;1478.26;408.243;1886.51;;3072
3.7;;1478.26;418.931;1897.19;;3072
3.71;;1478.26;420.674;1898.94;;3072
3.72;;1478.26;415.826;1894.09;;3072
3.73;;1478.26;405.484;1883.75;;3072
3.74;;1478.26;416.871;1895.13;;3072
3.75;;1478.26;417.762;1896.03;;3072
3.76;;1478.26;410.861;1889.12;;3072
3.77;;1478.26;408.416;1886.68;;3072
3.78;;1478.26;417.993;1896.26;;3072
3.79;;1478.26;417.765;1896.03;;3072
3.8;;1478.26;415.824;1894.09;;3072
3.81;;1478.26;412.241;1890.5;;3072
3.82;;1478.26;416.613;1894.88;;3072
3.83;;1478.26;423.433;1901.7;;3072
3.84;;1478.26;413.971;1892.23;;3072
3.85;;1478.26;407.961;1886.22;;3072
3.86;;1478.26;413.147;1891.41;;3072
3.87;;1478.26;420.013;1898.28;;3072
3.88;;1478.26;406.825;1885.09;;3072
3.89;;1478.26;411.831;1890.09;;3072
3.9;;1478.26;415.199;1893.46;;3072
3.91;;1478.26;420.136;1898.4;;3072
3.92;;1478.26;412.469;1890.73;;3072
3.93;;1478.26;414.474;1892.74;;3072
3.94;;1478.26;412.659;1890.92;;3072
3.95;;1478.26;418.904;1897.17;;3072
3.96;;1478.26;408.52;1886.78;;3072
3.97;;1478.26;411.089;1889.35;;3072
3.98;;1478.26;410.463;1888.73;;3072
3.99;;1478.26;417.425;1895.69;;3072
4;;1478.26;406.469;1884.73;;3072
4.01;;1478.26;416.188;1894.45;;3072
4.02;;1478.26;412.599;1890.86;;3072
4.03;;1478.26;418.138;1896.4;;3072
4.04;;1478.26;407.559;1885.82;;3072
4.05;;1478.26;417.2;1895.46;;3072
4.06;;1478.26;410.29;1888.55;;3072
4.07;;1478.26;413.648;1891.91;;3072
4.08;;1478.26;405.966;1884.23;;3072
4.09;;1478.26;414.805;1893.07;;3072
4.1;;1478.26;408.643;1886.91;;3072
4.11;;1478.26;413.156;1891.42;;3072
4.12;;1478.26;407.009;1885.27;;3072
4.13;;1478.26;417.455;1895.72;;3072
4.14;;1478.26;415.469;1893.73;;3072
4.15;;1478.26;413.474;1891.74;;3072
4.16;;1478.26;405.495;1883.76;;3072
4.17;;1478.26;415.94;1894.2;;3072
4.18;;1478.26;411.234;1889.5;;3072
4.19;;1478.26;405.965;1884.23;;3072
4.2;;1478.26;405.975;1884.24;;3072
4.21;;1478.26;416.785;1895.05;;3072
4.22;;1478.26;410.188;1888.45;;3072
4.23;;1478.26;409.339;1887.6;;3072
4.24;;1478.26;407.568;1885.83;;3072
4.25;;1478.26;416.063;1894.33;;3072
4.26;;1478.26;417.047;1895.31;;3072
4.27;;1478.26;408.834;1887.1;;3072
4.28;;1478.26;404.897;1883.16;;3072
4.29;;1478.26;415.142;1893.41;;3072
4.3;;1478.26;411.991;1890.25;;3072
4.31;;1478.26;402.427;1880.69;;3072
4.32;;1478.26;405.972;1884.24;;3072
4.33;;1478.26;416.364;1894.63;;3072
4.34;;1478.26;412.353;1890.62;;3072
4.35;;1478.26;407.264;1885.53;;3072
4.36;;1478.26;408.069;1886.33;;3072
4.37001;;1478.26;414.22;1892.48;;3072
4.38001;;1478.26;416.6;1894.86;;3072
4.39001;;1478.26;404.019;1882.28;;3072
4.40001;;1478.26;404.781;1883.04;;3072
4.41001;;1478.26;413.614;1891.88;;3072
4.42001;;1478.26;415.121;1893.38;;3072
4.43001;;1478.26;399.646;1877.91;;3072
4.44001;;1478.26;407.178;1885.44;;3072
4.45001;;1478.26;415.112;1893.38;;3072
4.46001;;1478.26;415.765;1894.03;;3072
4.47001;;1478.26;402.999;1881.26;;3072
4.48001;;1478.26;409.094;1887.36;;3072
4.49001;;1478.26;411.888;1890.15;;3072
4.50001;;1478.26;414.664;1892.93;;3072
4.51001;;1478.26;399.352;1877.62;;3072
4.52001;;1478.26;405.638;1883.9;;3072
4.53001;;1478.26;412.522;1890.79;;3072
4.54001;;1478.26;416.274;1894.54;;3072
4.55001;;1478.26;401.296;1879.56;;3072
4.56001;;1478.26;410.214;1888.48;;3072
4.57001;;1478.26;412.778;1891.04;;3072
4.58001;;1478.26;415.897;1894.16;;3072
4.59001;;1478.26;400.746;1879.01;;3072
4.60001;;1478.26;411.042;1889.31;;3072
4.61001;;1478.26;409.001;1887.26;;3072
4.62001;;1478.26;413.277;1891.54;;3072
4.63001;;1478.26;400.17;1878.43;;3072
4.64001;;1478.26;408.344;1886.61;;3072
4.65001;;1478.26;410.525;1888.79;;3072
4.66001;;1478.26;416.66;1894.92;;3072
4.67001;;1478.26;404.722;1882.99;;3072
4.68001;;1478.26;412.766;1891.03;;3072
4.69001;;1478.26;412.146;1890.41;;3072
4.70001;;1478.26;414.96;1893.22;;3072
4.71001;;1478.26;401.543;1879.81;;3072
4.72001;;1478.26;411.574;1889.84;;3072
4.73001;;1478.26;406.977;1885.24;;3072
4.74001;;1478.26;410.252;1888.52;;3072
4.75001;;1478.26;403.099;1881.36;;3072
4.76001;;1478.26;410.899;1889.16;;3072
4.77001;;1478.26;408.891;1887.15;;3072
4.78001;;1478.26;416.122;1894.39;;3072
4.79001;;1478.26;407.731;1885.99;;3072
4.80001;;1478.26;413.495;1891.76;;3072
4.81002;;1478.26;412.46;1890.72;;3072
4.82002;;1478.26;411.432;1889.69;;3072
4.83002;;1478.26;404.929;1883.19;;3072
4.84002;;1478.26;412.924;1891.19;;3072
4.85002;;1478.26;406.758;1885.02;;3072
4.86002;;1478.26;405.109;1883.37;;3072
4.87002;;1478.26;406.878;1885.14;;3072
4.88002;;1478.26;412.723;1890.99;;3072
4.89002;;1478.26;408.418;1886.68;;3072
4.90002;;1478.26;413.327;1891.59;;3072
4.91002;;1478.26;409.368;1887.63;;3072
4.92002;;1478.26;412.901;1891.16;;3072
4.93002;;1478.26;412.332;1890.6;;3072
4.94002;;1478.26;404.756;1883.02;;3072
4.95002;;1478.26;408.18;1886.44;;3072
4.96002;;1478.26;412.539;1890.8;;3072
4.97002;;1478.26;410.554;1888.82;;3072
4.98002;;1478.26;402.873;1881.14;;3072
4.99002;;1478.26;412.115;1890.38;;3072
5.00002;;1478.26;413.438;1891.7;;3072
5.01002;;1478.26;411.583;1889.85;;3072
5.02002;;1478.26;405.675;1883.94;;3072
5.03002;;1478.26;413.484;1891.75;;3072
5.04002;;1478.26;411.55;1889.81;;3072
5.05002;;1478.26;412.196;1890.46;;3072
5.06002;;1478.26;401.185;1879.45;;3072
5.07002;;1478.26;411.913;1890.18;;3072
5.08002;;1478.26;412.443;1890.71;;3072
5.09002;;1478.26;412.766;1891.03;;3072
5.10002;;1478.26;403.565;1881.83;;3072
5.11002;;1478.26;415.512;1893.78;;3072
5.12002;;1478.26;414.493;1892.76;;3072
5.13002;;1478.26;412.254;1890.52;;3072
5.14002;;1478.26;402.262;1880.53;;3072
5.15002;;1478.26;415.217;1893.48;;3072
5.16002;;1478.26;410.982;1889.25;;3072
5.17002;;1478.26;412.069;1890.33;;3072
5.18002;;1478.26;401.565;1879.83;;3072
5.19002;;1478.26;413.41;1891.67;;3072
5.20002;;1478.26;412.343;1890.61;;3072
5.21002;;1478.26;413.101;1891.36;;3072
5.22002;;1478.26;403.338;1881.6;;3072
5.23002;;1478.26;416.44;1894.7;;3072
5.24003;;1478.26;415.453;1893.72;;3072
5.25003;;1478.26;411.882;1890.15;;3072
5.26003;;1478.26;401.547;1879.81;;3072
5.27003;;1478.26;415.154;1893.42;;3072
5.28003;;1478.26;410.234;1888.5;;3072
5.29003;;1478.26;411.417;1889.68;;3072
5.30003;;1478.26;403.226;1881.49;;3072
5.31003;;1478.26;414.832;1893.1;;3072
5.32003;;1478.26;413.116;1891.38;;3072
5.33003;;1478.26;413.646;1891.91;;3072
5.34003;;1478.26;403.694;1881.96;;3072
5.35003;;1478.26;416.3;1894.56;;3072
5.36003;;1478.26;417.428;1895.69;;3072
5.37003;;1478.26;411.809;1890.07;;3072
5.38003;;1478.26;401.61;1879.87;;3072
5.39003;;1478.26;415.425;1893.69;;3072
5.40003;;1478.26;410.656;1888.92;;3072
5.41003;;1478.26;411.171;1889.43;;3072
5.42003;;1478.26;404.676;1882.94;;3072
5.43003;;1478.26;415.281;1893.54;;3072
5.44003;;1478.26;414.592;1892.86;;3072
5.45003;;1478.26;413.898;1892.16;;3072
5.46003;;1478.26;403.815;1882.08;;3072
5.47003;;1478.26;415.17;1893.43;;3072
5.48003;;1478.26;417.949;1896.21;;3072
5.49003;;1478.26;411.15;1889.41;;3072
5.50003;;1478.26;402.642;1880.91;;3072
5.51003;;1478.26;414.964;1893.23;;3072
5.52003;;1478.26;410.928;1889.19;;3072
5.53003;;1478.26;411.69;1889.95;;3072
5.54003;;1478.26;405.952;1884.22;;3072
5.55003;;1478.26;415.493;1893.76;;3072
5.56003;;1478.26;416.346;1894.61;;3072
5.57003;;1478.26;413.473;1891.74;;3072
5.58003;;1478.26;403.651;1881.91;;3072
5.59003;;1478.26;413.609;1891.87;;3072
5.60003;;1478.26;417.812;1896.07;;3072
5.61003;;1478.26;408.177;1886.44;;3072
5.62003;;1478.26;403.851;1882.11;;3072
5.63003;;1478.26;413.493;1891.76;;3072
5.64003;;1478.26;414.684;1892.95;;3072
5.65003;;1478.26;409.033;1887.3;;3072
5.66003;;1478.26;409.466;1887.73;;3072
5.67003;;1478.26;413.362;1891.63;;3072
5.68004;;1478.26;418.667;1896.93;;3072
5.69004;;1478.26;412.061;1890.32;;3072
5.70004;;1478.26;405.812;1884.07;;3072
5.71004;;1478.26;409.997;1888.26;;3072
5.72004;;1478.26;417.061;1895.32;;3072
5.73004;;1478.26;403.74;1882;;3072
5.74004;;1478.26;406.621;1884.88;;3072
5.75004;;1478.26;411.559;1889.82;;3072
5.76004;;1478.26;417.393;1895.66;;3072
5.77004;;1478.26;406.781;1885.04;;3072
5.78004;;1478.26;411.86;1890.12;;3072
5.79004;;1478.26;410.477;1888.74;;3072
5.80004;;1478.26;418.242;1896.51;;3072
5.81004;;1478.26;407.841;1886.1;;3072
5.82004;;1478.26;408.396;1886.66;;3072
5.83004;;1478.26;407.303;1885.57;;3072
5.84004;;1478.26;414.12;1892.38;;3072
5.85004;;1478.26;402.402;1880.67;;3072
5.86004;;1478.26;411.099;1889.36;;3072
5.87004;;1478.26;408.945;1887.21;;3072
5.88004;;1478.26;415.474;1893.74;;3072
5.89004;;1478.26;404.632;1882.9;;3072
5.90004;;1478.26;414.813;1893.08;;3072
5.91004;;1478.26;410.243;1888.51;;3072
5.92004;;1478.26;411.541;1889.8;;3072
5.93004;;1478.26;403.293;1881.56;;3072
5.94004;;1478.26;413.123;1891.39;;3072
5.95004;;1478.26;404.59;1882.85;;3072
5.96004;;1478.26;406.797;1885.06;;3072
5.97004;;1478.26;404.111;1882.37;;3072
5.98004;;1478.26;414.568;1892.83;;3072
5.99004;;1478.26;409.889;1888.15;;3072
6.00004;;1478.26;411.078;1889.34;;3072
6.01004;;1478.26;403.336;1881.6;;3072
6.02004;;1478.26;413.549;1891.81;;3072
6.03004;;1478.26;411.959;1890.22;;3072
6.04004;;1478.26;404.749;1883.01;;3072
6.05004;;1478.26;402.924;1881.19;;3072
6.06004;;1478.26;413.957;1892.22;;3072
6.07004;;1478.26;408.095;1886.36;;3072
6.08004;;1478.26;402.278;1880.54;;3072
6.09004;;1478.26;405.786;1884.05;;3072
6.10004;;1478.26;413.199;1891.46;;3072
6.11004;;1478.26;413.298;1891.56;;3072
6.12005;;1478.26;403.361;1881.62;;3072
6.13005;;1478.26;403.704;1881.97;;3072
6.14005;;1478.26;410.184;1888.45;;3072
6.15005;;1478.26;412.378;1890.64;;3072
6.16005;;1478.26;396.319;1874.58;;3072
6.17005;;1478.26;403.965;1882.23;;3072
6.18005;;1478.26;412.081;1890.34;;3072
6.19005;;1478.26;414.87;1893.13;;3072
6.20005;;1478.26;399.185;1877.45;;3072
6.21005;;1478.26;409.954;1888.22;;3072
6.22005;;1478.26;410.045;1888.31;;3072
6.23005;;1478.26;413.209;1891.47;;3072
6.24005;;1478.26;397.573;1875.84;;3072
6.25005;;1478.26;406.224;1884.49;;3072
6.26005;;1478.26;407.311;1885.57;;3072
6.27005;;1478.26;412.45;1890.71;;3072
6.28005;;1478.26;399.219;1877.48;;3072
6.29005;;1478.26;407.254;1885.52;;3072
6.30005;;1478.26;410.249;1888.51;;3072
6.31005;;1478.26;415.107;1893.37;;3072
6.32005;;1478.26;401.903;1880.17;;3072
6.33005;;1478.26;411.961;1890.22;;3072
6.34005;;1478.26;409.366;1887.63;;3072
6.35005;;1478.26;410.687;1888.95;;3072
6.36005;;1478.26;400.899;1879.16;;3072
6.37005;;1478.26;409.963;1888.23;;3072
6.38005;;1478.26;404.33;1882.59;;3072
6.39005;;1478.26;408.902;1887.17;;3072
6.40005;;1478.26;405.693;1883.96;;3072
6.41005;;1478.26;410.932;1889.2;;3072
6.42005;;1478.26;408.254;1886.52;;3072
6.43005;;1478.26;412.601;1890.86;;3072
6.44005;;1478.26;405.574;1883.84;;3072
6.45005;;1478.26;411.38;1889.64;;3072
6.46005;;1478.26;409.653;1887.92;;3072
6.47005;;1478.26;403.328;1881.59;;3072
6.48005;;1478.26;404.605;1882.87;;3072
6.49005;;1478.26;411.271;1889.53;;3072
6.50005;;1478.26;405.315;1883.58;;3072
6.51005;;1478.26;406.702;1884.96;;3072
6.52005;;1478.26;408.228;1886.49;;3072
6.53005;;1478.26;411.531;1889.79;;3072
6.54005;;1478.26;408.888;1887.15;;3072
6.55006;;1478.26;408.403;1886.67;;3072
6.56006;;1478.26;407.283;1885.55;;3072
6.57006;;1478.26;410.16;1888.42;;3072
6.58006;;1478.26;409.754;1888.02;;3072
6.59006;;1478.26;399.412;1877.68;;3072
6.60006;;1478.26;407.241;1885.5;;3072
6.61006;;1478.26;411.287;1889.55;;3072
6.62006;;1478.26;408.545;1886.81;;3072
6.63006;;1478.26;403.345;1881.61;;3072
6.64006;;1478.26;411.158;1889.42;;3072
6.65006;;1478.26;411.214;1889.48;;3072
6.66006;;1478.26;410.137;1888.4;;3072
6.67006;;1478.26;403.24;1881.5;;3072
6.68006;;1478.26;409.574;1887.84;;3072
6.69006;;1478.26;409.441;1887.7;;3072
6.70006;;1478.26;409.843;1888.11;;3072
6.71006;;1478.26;399.625;1877.89;;3072
6.72006;;1478.26;410.315;1888.58;;3072
6.73006;;1478.26;410.995;1889.26;;3072
6.74006;;1478.26;410.355;1888.62;;3072
6.75006;;1478.26;401.689;1879.95;;3072
6.76006;;1478.26;413.433;1891.7;;3072
6.77006;;1478.26;411.585;1889.85;;3072
6.78006;;1478.26;410.125;1888.39;;3072
6.79006;;1478.26;399.941;1878.2;;3072
6.80006;;1478.26;411.783;1890.05;;3072
6.81006;;1478.26;408.606;1886.87;;3072
6.82006;;1478.26;410.608;1888.87;;3072
6.83006;;1478.26;401.7;1879.96;;3072
6.84006;;1478.26;413.1;1891.36;;3072
6.85006;;1478.26;411.579;1889.84;;3072
6.86006;;1478.26;411.109;1889.37;;3072
6.87006;;1478.26;400.835;1879.1;;3072
6.88006;;1478.26;414.442;1892.71;;3072
6.89006;;1478.26;413.206;1891.47;;3072
6.90006;;1478.26;410.055;1888.32;;3072
6.91006;;1478.26;400.24;1878.5;;3072
6.92006;;1478.26;413.706;1891.97;;3072
6.93006;;1478.26;408.291;1886.55;;3072
6.94006;;1478.26;411.201;1889.46;;3072
6.95006;;1478.26;402.793;1881.06;;3072
6.96006;;1478.26;414.295;1892.56;;3072
6.97006;;1478.26;413.345;1891.61;;3072
6.98006;;1478.26;411.292;1889.56;;3072
6.99007;;1478.26;401.074;1879.34;;3072
7.00007;;1478.26;413.525;1891.79;;3072
7.01007;;1478.26;413.548;1891.81;;3072
7.02007;;1478.26;408.586;1886.85;;3072
7.03007;;1478.26;401.8;1880.06;;3072
7.04007;;1478.26;413.59;1891.85;;3072
7.05007;;1478.26;411.114;1889.38;;3072
7.06007;;1478.26;411.138;1889.4;;3072
7.07007;;1478.26;406.085;1884.35;;3072
7.08007;;1478.26;413.509;1891.77;;3072
7.09007;;1478.26;417.607;1895.87;;3072
7.10007;;1478.26;411.171;1889.43;;3072
7.11007;;1478.26;402.582;1880.85;;3072
7.12007;;1478.26;410.125;1888.39;;3072
7.13007;;1478.26;415.538;1893.8;;3072
7.14007;;1478.26;403.603;1881.87;;3072
7.15007;;1478.26;404.72;1882.98;;3072
7.16007;;1478.26;411.911;1890.17;;3072
7.17007;;1478.26;414.874;1893.14;;3072
7.18007;;1478.26;408.533;1886.8;;3072
7.19007;;1478.26;408.886;1887.15;;3072
7.20007;;1478.26;410.567;1888.83;;3072
7.21007;;1478.26;418.232;1896.5;;3072
7.22007;;1478.26;409.164;1887.43;;3072
7.23007;;1478.26;403.717;1881.98;;3072
7.24007;;1478.26;407.855;1886.12;;3072
7.25007;;1478.26;415.441;1893.7;;3072
7.26007;;1478.26;401.693;1879.96;;3072
7.27007;;1478.26;407.567;1885.83;;3072
7.28007;;1478.26;409.224;1887.49;;3072
7.29007;;1478.26;416.362;1894.62;;3072
7.30007;;1478.26;406.03;1884.29;;3072
7.31007;;1478.26;410.945;1889.21;;3072
7.32007;;1478.26;407.875;1886.14;;3072
7.33007;;1478.26;414.646;1892.91;;3072
7.34007;;1478.26;404.733;1883;;3072
7.35007;;1478.26;406.632;1884.9;;3072
7.36007;;1478.26;405.85;1884.11;;3072
7.37007;;1478.26;412.472;1890.74;;3072
7.38007;;1478.26;401.781;1880.04;;3072
7.39007;;1478.26;411.454;1889.72;;3072
7.40007;;1478.26;407.812;1886.07;;3072
7.41007;;1478.26;413.8;1892.06;;3072
7.42007;;1478.26;403.062;1881.33;;3072
7.43008;;1478.26;412.499;1890.76;;3072
7.44008;;1478.26;406.078;1884.34;;3072
7.45008;;1478.26;410.179;1888.44;;3072
7.46008;;1478.26;401.925;1880.19;;3072
7.47008;;1478.26;409.536;1887.8;;3072
7.48008;;1478.26;404.33;1882.59;;3072
7.49008;;1478.26;410.261;1888.52;;3072
7.50008;;1478.26;402.401;1880.66;;3072
7.51008;;1478.26;413.142;1891.41;;3072
7.52008;;1478.26;409.387;1887.65;;3072
7.53008;;1478.26;411.296;1889.56;;3072
7.54008;;1478.26;401.892;1880.16;;3072
7.55008;;1478.26;411.315;1889.58;;3072
7.56008;;1478.26;405.893;1884.16;;3072
7.57008;;1478.26;405.632;1883.9;;3072
7.58008;;1478.26;401.702;1879.97;;3072
7.59008;;1478.26;411.714;1889.98;;3072
7.60008;;1478.26;404.546;1882.81;;3072
7.61008;;1478.26;406.74;1885;;3072
7.62008;;1478.26;402.756;1881.02;;3072
7.63008;;1478.26;412.925;1891.19;;3072
7.64008;;1478.26;411.79;1890.05;;3072
7.65008;;1478.26;407.178;1885.44;;3072
7.66008;;1478.26;401.097;1879.36;;3072
7.67008;;1478.26;411.493;1889.76;;3072
7.68008;;1478.26;406.902;1885.17;;3072
7.69008;;1478.26;399.838;1878.1;;3072
7.70008;;1478.26;401.583;1879.85;;3072
7.71008;;1478.26;412.243;1890.51;;3072
7.72008;;1478.26;407.517;1885.78;;3072
7.73008;;1478.26;403.739;1882;;3072
7.74008;;1478.26;403.9;1882.16;;3072
7.75008;;1478.26;410.935;1889.2;;3072
7.76008;;1478.26;412.819;1891.08;;3072
7.77008;;1478.26;401.851;1880.11;;3072
7.78008;;1478.26;400.732;1879;;3072
7.79008;;1478.26;410.146;1888.41;;3072
7.80008;;1478.26;410.075;1888.34;;3072
7.81008;;1478.26;395.973;1874.24;;3072
7.82008;;1478.26;402.837;1881.1;;3072
7.83008;;1478.26;411.702;1889.97;;3072
7.84008;;1478.26;411.555;1889.82;;3072
7.85008;;1478.26;399.387;1877.65;;3072
7.86009;;1478.26;405.911;1884.17;;3072
7.87009;;1478.26;408.463;1886.73;;3072
7.88009;;1478.26;411.307;1889.57;;3072
7.89009;;1478.26;396.906;1875.17;;3072
7.90009;;1478.26;401.431;1879.69;;3072
7.91009;;1478.26;408.905;1887.17;;3072
7.92009;;1478.26;412.524;1890.79;;3072
7.93009;;1478.26;396.592;1874.86;;3072
7.94009;;1478.26;405.377;1883.64;;3072
7.95009;;1478.26;410.14;1888.4;;3072
7.96009;;1478.26;412.696;1890.96;;3072
7.97009;;1478.26;397.076;1875.34;;3072
7.98009;;1478.26;407.176;1885.44;;3072
7.99009;;1478.26;406.861;1885.12;;3072
8.00009;;1478.26;410.657;1888.92;;3072
8.01009;;1478.26;395.304;1873.57;;3072
8.02009;;1478.26;403.283;1881.55;;3072
8.03009;;1478.26;407.526;1885.79;;3072
8.04009;;1478.26;413.134;1891.4;;3072
8.05009;;1478.26;400.078;1878.34;;3072
8.06009;;1478.26;408.59;1886.85;;3072
8.07009;;1478.26;408.685;1886.95;;3072
8.08009;;1478.26;411.262;1889.53;;3072
8.09009;;1478.26;400.304;1878.57;;3072
8.10009;;1478.26;409.888;1888.15;;3072
8.11009;;1478.26;404.327;1882.59;;3072
8.12009;;1478.26;403.543;1881.81;;3072
8.13009;;1478.26;402.521;1880.78;;3072
8.14009;;1478.26;409.089;1887.35;;3072
8.15009;;1478.26;404.233;1882.5;;3072
8.16009;;1478.26;410.231;1888.49;;3072
8.17009;;1478.26;406.683;1884.95;;3072
8.18009;;1478.26;410.389;1888.65;;3072
8.19009;;1478.26;409.831;1888.09;;3072
8.20009;;1478.26;404.565;1882.83;;3072
8.21009;;1478.26;404.746;1883.01;;3072
8.22009;;1478.26;409.391;1887.65;;3072
8.23009;;1478.26;407.916;1886.18;;3072
8.24009;;1478.26;398.784;1877.05;;3072
8.25009;;1478.26;407.845;1886.11;;3072
8.26009;;1478.26;410.014;1888.28;;3072
8.27009;;1478.26;408.005;1886.27;;3072
8.28009;;1478.26;402.093;1880.36;;3072
8.29009;;1478.26;412.028;1890.29;;3072
8.30009;;1478.26;409.602;1887.87;;3072
8.31009;;1478.26;409.226;1887.49;;3072
8.3201;;1478.26;398.856;1877.12;;3072
8.3301;;1478.26;409.795;1888.06;;3072
8.3401;;1478.26;408.771;1887.03;;3072
8.3501;;1478.26;409.926;1888.19;;3072
8.3601;;1478.26;400.682;1878.95;;3072
8.3701;;1478.26;412.496;1890.76;;3072
8.3801;;1478.26;411.294;1889.56;;3072
8.3901;;1478.26;409.563;1887.83;;3072
8.4001;;1478.26;399.559;1877.82;;3072
8.4101;;1478.26;413.317;1891.58;;3072
8.4201;;1478.26;410.95;1889.21;;3072
8.4301;;1478.26;408.777;1887.04;;3072
8.4401;;1478.26;400.182;1878.44;;3072
8.4501;;1478.26;412.458;1890.72;;3072
8.4601;;1478.26;409.221;1887.48;;3072
8.4701;;1478.26;411.262;1889.53;;3072
8.4801;;1478.26;403.539;1881.8;;3072
8.4901;;1478.26;413.471;1891.73;;3072
8.5001;;1478.26;415.856;1894.12;;3072
8.5101;;1478.26;410.221;1888.48;;3072
8.5201;;1478.26;400.481;1878.74;;3072
8.5301;;1478.26;410.794;1889.06;;3072
8.5401;;1478.26;411.983;1890.25;;3072
8.5501;;1478.26;406.233;1884.5;;3072
8.5601;;1478.26;402.052;1880.32;;3072
8.5701;;1478.26;412.668;1890.93;;3072
8.5801;;1478.26;411.106;1889.37;;3072
8.5901;;1478.26;411.208;1889.47;;3072
8.6001;;1478.26;405.485;1883.75;;3072
8.6101;;1478.26;411.888;1890.15;;3072
8.6201;;1478.26;418.268;1896.53;;3072
8.6301;;1478.26;409.067;1887.33;;3072
8.6401;;1478.26;401.049;1879.31;;3072
8.6501;;1478.26;409.177;1887.44;;3072
8.6601;;1478.26;413.973;1892.24;;3072
8.6701;;1478.26;402.658;1880.92;;3072
8.6801;;1478.26;405.077;1883.34;;3072
8.6901;;1478.26;410.934;1889.2;;3072
8.7001;;1478.26;413.995;1892.26;;3072
8.7101;;1478.26;409.206;1887.47;;3072
8.7201;;1478.26;407.708;1885.97;;3072
8.7301;;1478.26;408.374;1886.64;;3072
8.7401;;1478.26;416.128;1894.39;;3072
8.7501;;1478.26;405.304;1883.57;;3072
8.76011;;1478.26;403.432;1881.69;;3072
8.77011;;1478.26;407.159;1885.42;;3072
8.78011;;1478.26;413.935;1892.2;;3072
8.79011;;1478.26;401.212;1879.48;;3072
8.80011;;1478.26;409.3;1887.56;;3072
8.81011;;1478.26;407.735;1886;;3072
8.82011;;1478.26;415.222;1893.49;;3072
8.83011;;1478.26;404.271;1882.53;;3072
8.84011;;1478.26;410.385;1888.65;;3072
8.85011;;1478.26;405.136;1883.4;;3072
8.86011;;1478.26;411.266;1889.53;;3072
8.87011;;1478.26;400.947;1879.21;;3072
8.88011;;1478.26;407.895;1886.16;;3072
8.89011;;1478.26;404.412;1882.68;;3072
8.90011;;1478.26;410.766;1889.03;;3072
8.91011;;1478.26;401.502;1879.77;;3072
8.92011;;1478.26;412.07;1890.33;;3072
8.93011;;1478.26;408.604;1886.87;;3072
8.94011;;1478.26;410.662;1888.93;;3072
8.95011;;1478.26;401.21;1879.47;;3072
8.96011;;1478.26;411.38;1889.64;;3072
8.97011;;1478.26;403.805;1882.07;;3072
8.98011;;1478.26;405.522;1883.79;;3072
8.99011;;1478.26;400.739;1879;;3072
9.00011;;1478.26;410.889;1889.15;;3072
9.01011;;1478.26;403.72;1881.98;;3072
9.02011;;1478.26;408.334;1886.6;;3072
9.03011;;1478.26;401.745;1880.01;;3072
9.04011;;1478.26;412.169;1890.43;;3072
9.05011;;1478.26;409.749;1888.01;;3072
9.06011;;1478.26;409.407;1887.67;;3072
9.07011;;1478.26;400.74;1879;;3072
9.08011;;1478.26;411.262;1889.53;;3072
9.09011;;1478.26;404.164;1882.43;;3072
9.10011;;1478.26;400.802;1879.07;;3072
9.11011;;1478.26;400.652;1878.92;;3072
9.12011;;1478.26;411.418;1889.68;;3072
9.13011;;1478.26;404.935;1883.2;;3072
9.14011;;1478.26;406.686;1884.95;;3072
9.15011;;1478.26;402.224;1880.49;;3072
9.16011;;1478.26;411.065;1889.33;;3072
9.17011;;1478.26;411.43;1889.69;;3072
9.18011;;1478.26;404.37;1882.63;;3072
9.19011;;1478.26;399.911;1878.17;;3072
9.20012;;1478.26;410.856;1889.12;;3072
9.21012;;1478.26;405.297;1883.56;;3072
9.22012;;1478.26;398.35;1876.61;;3072
9.23012;;1478.26;401.11;1879.37;;3072
9.24012;;1478.26;411.451;1889.71;;3072
9.25012;;1478.26;408.098;1886.36;;3072
9.26012;;1478.26;403.794;1882.06;;3072
9.27012;;1478.26;402.307;1880.57;;3072
9.28012;;1478.26;409.363;1887.63;;3072
9.29012;;1478.26;411.513;1889.78;;3072
9.30012;;1478.26;399.441;1877.7;;3072
9.31012;;1478.26;400.096;1878.36;;3072
9.32012;;1478.26;410.084;1888.35;;3072
9.33012;;1478.26;408.543;1886.81;;3072
9.34012;;1478.26;395.861;1874.12;;3072
9.35012;;1478.26;402.375;1880.64;;3072
9.36012;;1478.26;410.736;1889;;3072
9.37012;;1478.26;410.589;1888.85;;3072
9.38012;;1478.26;400.781;1879.04;;3072
9.39012;;1478.26;402.246;1880.51;;3072
9.40012;;1478.26;407.74;1886;;3072
9.41012;;1478.26;410.211;1888.47;;3072
9.42012;;1478.26;396.529;1874.79;;3072
9.43012;;1478.26;400.309;1878.57;;3072
9.44012;;1478.26;409.521;1887.78;;3072
9.45012;;1478.26;410.409;1888.67;;3072
9.46012;;1478.26;395.92;1874.18;;3072
9.47012;;1478.26;404.12;1882.38;;3072
9.48012;;1478.26;409.866;1888.13;;3072
9.49012;;1478.26;411.676;1889.94;;3072
9.50012;;1478.26;398.821;1877.08;;3072
9.51012;;1478.26;401.795;1880.06;;3072
9.52012;;1478.26;407.287;1885.55;;3072
9.53012;;1478.26;409.712;1887.98;;3072
9.54012;;1478.26;394.81;1873.07;;3072
9.55012;;1478.26;400.128;1878.39;;3072
9.56012;;1478.26;409.612;1887.88;;3072
9.57012;;1478.26;410.373;1888.64;;3072
9.58012;;1478.26;396.463;1874.73;;3072
9.59012;;1478.26;404.584;1882.85;;3072
9.60012;;1478.26;409.429;1887.69;;3072
9.61012;;1478.26;411.474;1889.74;;3072
9.62012;;1478.26;398.455;1876.72;;3072
9.63013;;1478.26;401.544;1879.81;;3072
9.64013;;1478.26;406.972;1885.24;;3072
9.65013;;1478.26;409.388;1887.65;;3072
9.66013;;1478.26;393.496;1871.76;;3072
9.67013;;1478.26;401.006;1879.27;;3072
9.68013;;1478.26;409.342;1887.61;;3072
9.69013;;1478.26;412.117;1890.38;;3072
9.70013;;1478.26;396.003;1874.27;;3072
9.71013;;1478.26;406.132;1884.4;;3072
9.72013;;1478.26;408.103;1886.37;;3072
9.73013;;1478.26;410.679;1888.94;;3072
9.74013;;1478.26;395.358;1873.62;;3072
9.75013;;1478.26;402.155;1880.42;;3072
9.76013;;1478.26;405.998;1884.26;;3072
9.77013;;1478.26;409.845;1888.11;;3072
9.78013;;1478.26;394.409;1872.67;;3072
9.79013;;1478.26;402.191;1880.45;;3072
9.80013;;1478.26;408.946;1887.21;;3072
9.81013;;1478.26;412.111;1890.37;;3072
9.82013;;1478.26;396.448;1874.71;;3072
9.83013;;1478.26;407.261;1885.52;;3072
9.84013;;1478.26;407.13;1885.39;;3072
9.85013;;1478.26;410.641;1888.9;;3072
9.86013;;1478.26;394.789;1873.05;;3072
9.87013;;1478.26;403.107;1881.37;;3072
9.88013;;1478.26;404.68;1882.94;;3072
9.89013;;1478.26;410.377;1888.64;;3072
9.90013;;1478.26;397.496;1875.76;;3072
9.91013;;1478.26;404.649;1882.91;;3072
9.92013;;1478.26;407.895;1886.16;;3072
9.93013;;1478.26;412.272;1890.54;;3072
9.94013;;1478.26;398.139;1876.4;;3072
9.95013;;1478.26;408.502;1886.77;;3072
9.96013;;1478.26;406.018;1884.28;;3072
9.97013;;1478.26;409.09;1887.35;;3072
9.98013;;1478.26;396.492;1874.76;;3072
9.99013;;1478.26;405.145;1883.41;;3072
10.0001;;1478.26;403.07;1881.33;;3072
10.0101;;1478.26;410.167;1888.43;;3072
10.0201;;1478.26;398.952;1877.22;;3072
10.0301;;1478.26;406.391;1884.65;;3072
10.0401;;1478.26;407.071;1885.33;;3072
10.0501;;1478.26;411.677;1889.94;;3072
10.0601;;1478.26;398.575;1876.84;;3072
10.0701;;1478.26;408.673;1886.94;;3072
10.0801;;1478.26;405.004;1883.27;;3072
10.0901;;1478.26;407.929;1886.19;;3072
10.1001;;1478.26;396.843;1875.11;;3072
10.1101;;1478.26;405.019;1883.28;;3072
10.1201;;1478.26;402.99;1881.25;;3072
10.1301;;1478.26;410.268;1888.53;;3072
10.1401;;1478.26;400.704;1878.97;;3072
10.1501;;1478.26;407.977;1886.24;;3072
10.1601;;1478.26;406.462;1884.73;;3072
10.1701;;1478.26;410.729;1888.99;;3072
10.1801;;1478.26;400.255;1878.52;;3072
10.1901;;1478.26;408.615;1886.88;;3072
10.2001;;1478.26;403.869;1882.13;;3072
10.2101;;1478.26;402.119;1880.38;;3072
10.2201;;1478.26;400.386;1878.65;;3072
10.2301;;1478.26;407.542;1885.81;;3072
10.2401;;1478.26;402.514;1880.78;;3072
10.2501;;1478.26;408.199;1886.46;;3072
10.2601;;1478.26;403.99;1882.25;;3072
10.2701;;1478.26;408.963;1887.23;;3072
10.2801;;1478.26;407.077;1885.34;;3072
10.2901;;1478.26;408.518;1886.78;;3072
10.3001;;1478.26;401.429;1879.69;;3072
10.3101;;1478.26;408.127;1886.39;;3072
10.3201;;1478.26;404.676;1882.94;;3072
10.3301;;1478.26;398.932;1877.2;;3072
10.3401;;1478.26;403.095;1881.36;;3072
10.3501;;1478.26;408.668;1886.93;;3072
10.3601;;1478.26;403.27;1881.53;;3072
10.3701;;1478.26;405.089;1883.35;;3072
10.3801;;1478.26;407.101;1885.36;;3072
10.3901;;1478.26;408.614;1886.88;;3072
10.4001;;1478.26;408.034;1886.3;;3072
10.4101;;1478.26;402.381;1880.64;;3072
10.4201;;1478.26;404.068;1882.33;;3072
10.4301;;1478.26;407.653;1885.92;;3072
10.4401;;1478.26;407.205;1885.47;;3072
10.4501;;1478.26;397.376;1875.64;;3072
10.4601;;1478.26;407.32;1885.58;;3072
10.4701;;1478.26;408.679;1886.94;;3072
10.4801;;1478.26;406.861;1885.12;;3072
10.4901;;1478.26;400.661;1878.92;;3072
10.5001;;1478.26;410.117;1888.38;;3072
10.5101;;1478.26;408.007;1886.27;;3072
10.5201;;1478.26;407.856;1886.12;;3072
10.5301;;1478.26;397.807;1876.07;;3072
10.5401;;1478.26;407.088;1885.35;;3072
10.5501;;1478.26;407.347;1885.61;;3072
10.5601;;1478.26;408.377;1886.64;;3072
10.5701;;1478.26;398.466;1876.73;;3072
10.5801;;1478.26;410.346;1888.61;;3072
10.5901;;1478.26;408.984;1887.25;;3072
10.6001;;1478.26;407.78;1886.04;;3072
10.6101;;1478.26;399.002;1877.27;;3072
10.6201;;1478.26;411.717;1889.98;;3072
10.6301;;1478.26;408.598;1886.86;;3072
10.6401;;1478.26;408.177;1886.44;;3072
10.6501;;1478.26;398.035;1876.3;;3072
10.6601;;1478.26;410.345;1888.61;;3072
10.6701;;1478.26;407.561;1885.82;;3072
10.6801;;1478.26;409.839;1888.1;;3072
10.6901;;1478.26;401.169;1879.43;;3072
10.7001;;1478.26;412.309;1890.57;;3072
10.7101;;1478.26;413.856;1892.12;;3072
10.7201;;1478.26;408.876;1887.14;;3072
10.7302;;1478.26;398.653;1876.92;;3072
10.7402;;1478.26;410.334;1888.6;;3072
10.7502;;1478.26;411.01;1889.27;;3072
10.7602;;1478.26;405.134;1883.4;;3072
10.7702;;1478.26;400.721;1878.98;;3072
10.7802;;1478.26;411.445;1889.71;;3072
10.7902;;1478.26;410.033;1888.3;;3072
10.8002;;1478.26;409.928;1888.19;;3072
10.8102;;1478.26;404.468;1882.73;;3072
10.8202;;1478.26;410.774;1889.04;;3072
10.8302;;1478.26;417.26;1895.52;;3072
10.8402;;1478.26;407.41;1885.67;;3072
10.8502;;1478.26;401.265;1879.53;;3072
10.8602;;1478.26;406.491;1884.75;;3072
10.8702;;1478.26;413.617;1891.88;;3072
10.8802;;1478.26;399.908;1878.17;;3072
10.8902;;1478.26;406.28;1884.54;;3072
10.9002;;1478.26;407.333;1885.6;;3072
10.9102;;1478.26;414.6;1892.86;;3072
10.9202;;1478.26;403.494;1881.76;;3072
10.9302;;1478.26;409.66;1887.92;;3072
10.9402;;1478.26;405.092;1883.36;;3072
10.9502;;1478.26;410.079;1888.34;;3072
10.9602;;1478.26;400.408;1878.67;;3072
10.9702;;1478.26;408.059;1886.32;;3072
10.9802;;1478.26;402.008;1880.27;;3072
10.9902;;1478.26;407.482;1885.75;;3072
11.0002;;1478.26;400.584;1878.85;;3072
11.0102;;1478.26;411.365;1889.63;;3072
11.0202;;1478.26;408.295;1886.56;;3072
11.0302;;1478.26;407.721;1885.98;;3072
11.0402;;1478.26;399.767;1878.03;;3072
11.0502;;1478.26;409.543;1887.81;;3072
11.0602;;1478.26;407.284;1885.55;;3072
11.0702;;1478.26;396.955;1875.22;;3072
11.0802;;1478.26;400.183;1878.45;;3072
11.0902;;1478.26;410.871;1889.13;;3072
11.1002;;1478.26;408.105;1886.37;;3072
11.1102;;1478.26;397.976;1876.24;;3072
11.1202;;1478.26;403.865;1882.13;;3072
11.1302;;1478.26;408.451;1886.71;;3072
11.1402;;1478.26;410.594;1888.86;;3072
11.1502;;1478.26;396.644;1874.91;;3072
11.1602;;1478.26;401.109;1879.37;;3072
11.1702;;1478.26;406.053;1884.32;;3072
11.1802;;1478.26;409.972;1888.24;;3072
11.1902;;1478.26;394.849;1873.11;;3072
11.2002;;1478.26;403.257;1881.52;;3072
11.2102;;1478.26;408.032;1886.3;;3072
11.2202;;1478.26;411.806;1890.07;;3072
11.2302;;1478.26;397.301;1875.56;;3072
11.2402;;1478.26;408.484;1886.75;;3072
11.2502;;1478.26;406.072;1884.34;;3072
11.2602;;1478.26;408.112;1886.38;;3072
11.2702;;1478.26;397.794;1876.06;;3072
11.2802;;1478.26;406.732;1885;;3072
11.2902;;1478.26;401.673;1879.94;;3072
11.3002;;1478.26;406.229;1884.49;;3072
11.3102;;1478.26;403.677;1881.94;;3072
11.3202;;1478.26;408.406;1886.67;;3072
11.3302;;1478.26;405.626;1883.89;;3072
11.3402;;1478.26;408.852;1887.12;;3072
11.3502;;1478.26;403.284;1881.55;;3072
11.3602;;1478.26;408.054;1886.32;;3072
11.3702;;1478.26;407.038;1885.3;;3072
11.3802;;1478.26;397.539;1875.8;;3072
11.3902;;1478.26;404.471;1882.73;;3072
11.4002;;1478.26;408.892;1887.16;;3072
11.4102;;1478.26;406.255;1884.52;;3072
11.4202;;1478.26;400.084;1878.35;;3072
11.4302;;1478.26;409.545;1887.81;;3072
11.4402;;1478.26;408.902;1887.17;;3072
11.4502;;1478.26;407.654;1885.92;;3072
11.4602;;1478.26;399.08;1877.34;;3072
11.4702;;1478.26;408.97;1887.23;;3072
11.4802;;1478.26;406.434;1884.7;;3072
11.4902;;1478.26;407.934;1886.2;;3072
11.5002;;1478.26;397.559;1875.82;;3072
11.5102;;1478.26;408.975;1887.24;;3072
11.5202;;1478.26;408.712;1886.98;;3072
11.5302;;1478.26;409.111;1887.37;;3072
11.5402;;1478.26;399.159;1877.42;;3072
11.5502;;1478.26;412.541;1890.8;;3072
11.5602;;1478.26;411.841;1890.1;;3072
11.5702;;1478.26;407.917;1886.18;;3072
11.5802;;1478.26;397.602;1875.87;;3072
11.5902;;1478.26;411.435;1889.7;;3072
11.6002;;1478.26;405.616;1883.88;;3072
11.6102;;1478.26;408.001;1886.26;;3072
11.6202;;1478.26;400.43;1878.69;;3072
11.6302;;1478.26;411.583;1889.85;;3072
11.6402;;1478.26;411.28;1889.54;;3072
11.6502;;1478.26;409.896;1888.16;;3072
11.6602;;1478.26;399.813;1878.08;;3072
11.6702;;1478.26;411.06;1889.32;;3072
11.6802;;1478.26;414.527;1892.79;;3072
11.6902;;1478.26;406.714;1884.98;;3072
11.7002;;1478.26;399.102;1877.37;;3072
11.7102;;1478.26;410.973;1889.24;;3072
11.7202;;1478.26;408.742;1887.01;;3072
11.7302;;1478.26;407.11;1885.37;;3072
11.7402;;1478.26;404.352;1882.62;;3072
11.7502;;1478.26;410.901;1889.16;;3072
11.7602;;1478.26;414.328;1892.59;;3072
11.7702;;1478.26;409.359;1887.62;;3072
11.7802;;1478.26;401.78;1880.04;;3072
11.7902;;1478.26;407.164;1885.43;;3072
11.8002;;1478.26;413.677;1891.94;;3072
11.8102;;1478.26;401.184;1879.45;;3072
11.8202;;1478.26;402.235;1880.5;;3072
11.8302;;1478.26;407.83;1886.09;;3072
11.8402;;1478.26;413.491;1891.75;;3072
11.8502;;1478.26;403.405;1881.67;;3072
11.8602;;1478.26;407.63;1885.89;;3072
11.8702;;1478.26;407.678;1885.94;;3072
11.8802;;1478.26;415.104;1893.37;;3072
11.8902;;1478.26;405.274;1883.54;;3072
11.9002;;1478.26;404.382;1882.65;;3072
11.9102;;1478.26;404.163;1882.43;;3072
11.9202;;1478.26;410.493;1888.76;;3072
11.9302;;1478.26;398.854;1877.12;;3072
11.9402;;1478.26;406.164;1884.43;;3072
11.9502;;1478.26;405.56;1883.82;;3072
11.9602;;1478.26;411.425;1889.69;;3072
11.9702;;1478.26;400.444;1878.71;;3072
11.9802;;1478.26;411.059;1889.32;;3072
11.9902;;1478.26;408.356;1886.62;;3072
12.0002;;1478.26;406.198;1884.46;;3072
12.0102;;1478.26;399.332;1877.6;;3072
12.0202;;1478.26;410.46;1888.72;;3072
12.0302;;1478.26;403.151;1881.41;;3072
12.0402;;1478.26;396.803;1875.07;;3072
12.0502;;1478.26;401.561;1879.82;;3072
12.0602;;1478.26;410.095;1888.36;;3072
12.0702;;1478.26;409.954;1888.22;;3072
12.0802;;1478.26;397.964;1876.23;;3072
12.0902;;1478.26;402.424;1880.69;;3072
12.1002;;1478.26;406.042;1884.31;;3072
12.1102;;1478.26;408.984;1887.25;;3072
12.1202;;1478.26;393.227;1871.49;;3072
12.1302;;1478.26;401.802;1880.07;;3072
12.1402;;1478.26;407.001;1885.26;;3072
12.1502;;1478.26;411.554;1889.82;;3072
12.1602;;1478.26;398.547;1876.81;;3072
12.1702;;1478.26;407.644;1885.91;;3072
12.1802;;1478.26;407.05;1885.31;;3072
12.1902;;1478.26;409.468;1887.73;;3072
12.2002;;1478.26;397.351;1875.61;;3072
12.2102;;1478.26;407.451;1885.71;;3072
12.2202;;1478.26;401.75;1880.01;;3072
12.2302;;1478.26;401.587;1879.85;;3072
12.2402;;1478.26;401.098;1879.36;;3072
12.2502;;1478.26;407.799;1886.06;;3072
12.2602;;1478.26;403.396;1881.66;;3072
12.2702;;1478.26;407.316;1885.58;;3072
12.2802;;1478.26;406.095;1884.36;;3072
12.2902;;1478.26;408.01;1886.27;;3072
12.3002;;1478.26;407.816;1886.08;;3072
12.3102;;1478.26;398.713;1876.98;;3072
12.3202;;1478.26;404.818;1883.08;;3072
12.3302;;1478.26;407.729;1885.99;;3072
12.3402;;1478.26;407.906;1886.17;;3072
12.3502;;1478.26;398.315;1876.58;;3072
12.3602;;1478.26;410.008;1888.27;;3072
12.3702;;1478.26;409.434;1887.7;;3072
12.3802;;1478.26;407.846;1886.11;;3072
12.3902;;1478.26;397.741;1876;;3072
12.4002;;1478.26;411.771;1890.03;;3072
12.4102;;1478.26;409.052;1887.32;;3072
12.4202;;1478.26;406.903;1885.17;;3072
12.4302;;1478.26;399.479;1877.74;;3072
12.4402;;1478.26;411.58;1889.84;;3072
12.4502;;1478.26;409.491;1887.75;;3072
12.4602;;1478.26;409.686;1887.95;;3072
12.4702;;1478.26;404.388;1882.65;;3072
12.4802;;1478.26;410.221;1888.48;;3072
12.4902;;1478.26;417.01;1895.27;;3072
12.5002;;1478.26;407.811;1886.07;;3072
12.5102;;1478.26;401.339;1879.6;;3072
12.5202;;1478.26;405.752;1884.02;;3072
12.5302;;1478.26;412.901;1891.16;;3072
12.5402;;1478.26;399.274;1877.54;;3072
12.5502;;1478.26;406.936;1885.2;;3072
12.5602;;1478.26;406.268;1884.53;;3072
12.5702;;1478.26;412.628;1890.89;;3072
12.5802;;1478.26;400.932;1879.2;;3072
12.5902;;1478.26;411.013;1889.28;;3072
12.6002;;1478.26;405.85;1884.11;;3072
12.6102;;1478.26;406.523;1884.79;;3072
12.6202;;1478.26;399.568;1877.83;;3072
12.6302;;1478.26;409.589;1887.85;;3072
12.6402;;1478.26;401.842;1880.11;;3072
12.6502;;1478.26;402.672;1880.94;;3072
12.6602;;1478.26;401.082;1879.35;;3072
12.6702;;1478.26;410.462;1888.73;;3072
12.6802;;1478.26;409.09;1887.35;;3072
12.6902;;1478.26;402.196;1880.46;;3072
12.7002;;1478.26;399.581;1877.84;;3072
12.7102;;1478.26;407.377;1885.64;;3072
12.7202;;1478.26;408.907;1887.17;;3072
12.7302;;1478.26;392.792;1871.06;;3072
12.7402;;1478.26;400.057;1878.32;;3072
12.7502;;1478.26;408.818;1887.08;;3072
12.7602;;1478.26;411.444;1889.71;;3072
12.7702;;1478.26;395.638;1873.9;;3072
12.7802;;1478.26;406.611;1884.87;;3072
12.7902;;1478.26;406.44;1884.7;;3072
12.8002;;1478.26;409.914;1888.18;;3072
12.8102;;1478.26;394.384;1872.65;;3072
12.8202;;1478.26;404.146;1882.41;;3072
12.8302;;1478.26;402.637;1880.9;;3072
12.8402;;1478.26;408.272;1886.54;;3072
12.8502;;1478.26;398.616;1876.88;;3072
12.8602;;1478.26;405.299;1883.56;;3072
12.8702;;1478.26;405.364;1883.63;;3072
12.8802;;1478.26;410.662;1888.93;;3072
12.8902;;1478.26;401.278;1879.54;;3072
12.9002;;1478.26;408.313;1886.58;;3072
12.9102;;1478.26;406.88;1885.14;;3072
12.9202;;1478.26;402.234;1880.5;;3072
12.9302;;1478.26;401.121;1879.38;;3072
12.9402;;1478.26;408.061;1886.32;;3072
12.9502;;1478.26;402.645;1880.91;;3072
12.9602;;1478.26;401.122;1879.39;;3072
12.9702;;1478.26;405.513;1883.78;;3072
12.9802;;1478.26;408.081;1886.34;;3072
12.9902;;1478.26;406.282;1884.55;;3072
13.0002;;1478.26;403.542;1881.81;;3072
13.0102;;1478.26;405.881;1884.14;;3072
13.0202;;1478.26;406.503;1884.77;;3072
13.0302;;1478.26;406.673;1884.94;;3072
13.0402;;1478.26;396.086;1874.35;;3072
13.0502;;1478.26;406.601;1884.86;;3072
13.0602;;1478.26;407.502;1885.77;;3072
13.0702;;1478.26;407.833;1886.1;;3072
13.0802;;1478.26;398.497;1876.76;;3072
13.0902;;1478.26;411.171;1889.43;;3072
13.1002;;1478.26;409.819;1888.08;;3072
13.1102;;1478.26;407.18;1885.44;;3072
13.1202;;1478.26;397.081;1875.34;;3072
13.1302;;1478.26;410.637;1888.9;;3072
13.1402;;1478.26;405.659;1883.92;;3072
13.1502;;1478.26;406.749;1885.01;;3072
13.1602;;1478.26;398.901;1877.16;;3072
13.1702;;1478.26;410.781;1889.04;;3072
13.1802;;1478.26;408.864;1887.13;;3072
13.1902;;1478.26;409.482;1887.75;;3072
13.2002;;1478.26;399.7;1877.96;;3072
13.2102;;1478.26;410.864;1889.13;;3072
13.2202;;1478.26;414.486;1892.75;;3072
13.2302;;1478.26;406.661;1884.92;;3072
13.2402;;1478.26;398.083;1876.35;;3072
13.2502;;1478.26;409.739;1888;;3072
13.2602;;1478.26;409.05;1887.31;;3072
13.2702;;1478.26;403.283;1881.55;;3072
13.2802;;1478.26;402.819;1881.08;;3072
13.2902;;1478.26;410.217;1888.48;;3072
13.3002;;1478.26;412.598;1890.86;;3072
13.3102;;1478.26;409.138;1887.4;;3072
13.3202;;1478.26;401.871;1880.13;;3072
13.3302;;1478.26;406.741;1885;;3072
13.3402;;1478.26;414.054;1892.32;;3072
13.3502;;1478.26;402.424;1880.69;;3072
13.3602;;1478.26;401.44;1879.7;;3072
13.3702;;1478.26;406.458;1884.72;;3072
13.3802;;1478.26;412.903;1891.17;;3072
13.3902;;1478.26;400.407;1878.67;;3072
13.4002;;1478.26;408.404;1886.67;;3072
13.4102;;1478.26;406.259;1884.52;;3072
13.4202;;1478.26;412.657;1890.92;;3072
13.4302;;1478.26;402.246;1880.51;;3072
13.4402;;1478.26;406.746;1885.01;;3072
13.4502;;1478.26;402.401;1880.66;;3072
13.4602;;1478.26;407.34;1885.6;;3072
13.4702;;1478.26;398.582;1876.85;;3072
13.4802;;1478.26;408.051;1886.31;;3072
13.4902;;1478.26;402.951;1881.21;;3072
13.5002;;1478.26;407.322;1885.58;;3072
13.5102;;1478.26;399.974;1878.24;;3072
13.5202;;1478.26;409.896;1888.16;;3072
13.5302;;1478.26;410.203;1888.47;;3072
13.5402;;1478.26;400.185;1878.45;;3072
13.5502;;1478.26;398.573;1876.84;;3072
13.5602;;1478.26;407.86;1886.12;;3072
13.5702;;1478.26;409.11;1887.37;;3072
13.5802;;1478.26;393.814;1872.08;;3072
13.5902;;1478.26;402.215;1880.48;;3072
13.6002;;1478.26;407.956;1886.22;;3072
13.6102;;1478.26;410.396;1888.66;;3072
13.6202;;1478.26;394.981;1873.24;;3072
13.6302;;1478.26;405.436;1883.7;;3072
13.6402;;1478.26;404.157;1882.42;;3072
13.6502;;1478.26;407.766;1886.03;;3072
13.6602;;1478.26;394.41;1872.67;;3072
13.6702;;1478.26;402.65;1880.91;;3072
13.6802;;1478.26;404.23;1882.49;;3072
13.6902;;1478.26;410.438;1888.7;;3072
13.7002;;1478.26;399.807;1878.07;;3072
13.7102;;1478.26;407.244;1885.51;;3072
13.7202;;1478.26;406.278;1884.54;;3072
13.7302;;1478.26;408.851;1887.11;;3072
13.7402;;1478.26;399.216;1877.48;;3072
13.7502;;1478.26;407.518;1885.78;;3072
13.7602;;1478.26;402.834;1881.1;;3072
13.7702;;1478.26;398.696;1876.96;;3072
13.7802;;1478.26;401.913;1880.18;;3072
13.7902;;1478.26;407.653;1885.92;;3072
13.8002;;1478.26;403.22;1881.48;;3072
13.8102;;1478.26;403.677;1881.94;;3072
13.8202;;1478.26;407.069;1885.33;;3072
13.8302;;1478.26;407.482;1885.75;;3072
13.8402;;1478.26;407.123;1885.39;;3072
13.8502;;1478.26;398.347;1876.61;;3072
13.8602;;1478.26;405.144;1883.41;;3072
13.8702;;1478.26;406.124;1884.39;;3072
13.8802;;1478.26;407.05;1885.31;;3072
13.8902;;1478.26;397.263;1875.53;;3072
13.9002;;1478.26;409.504;1887.77;;3072
13.9102;;1478.26;408.508;1886.77;;3072
13.9202;;1478.26;407.606;1885.87;;3072
13.9302;;1478.26;397.594;1875.86;;3072
13.9402;;1478.26;410.972;1889.24;;3072
13.9502;;1478.26;410.386;1888.65;;3072
13.9602;;1478.26;405.819;1884.08;;3072
13.9702;;1478.26;398.416;1876.68;;3072
13.9802;;1478.26;410.636;1888.9;;3072
13.9902;;1478.26;408.282;1886.55;;3072
14.0002;;1478.26;407.843;1886.11;;3072
14.0102;;1478.26;403.519;1881.78;;3072
14.0202;;1478.26;409.396;1887.66;;3072
14.0302;;1478.26;415.39;1893.65;;3072
14.0402;;1478.26;407.235;1885.5;;3072
14.0502;;1478.26;401.378;1879.64;;3072
14.0602;;1478.26;405.083;1883.35;;3072
14.0702;;1478.26;411.607;1889.87;;3072
14.0802;;1478.26;398.383;1876.65;;3072
14.0902;;1478.26;405.1;1883.36;;3072
14.1002;;1478.26;405.453;1883.72;;3072
14.1102;;1478.26;412.015;1890.28;;3072
14.1202;;1478.26;400.744;1879.01;;3072
14.1302;;1478.26;410.306;1888.57;;3072
14.1402;;1478.26;406.397;1884.66;;3072
14.1502;;1478.26;407.995;1886.26;;3072
14.1602;;1478.26;399.144;1877.41;;3072
14.1702;;1478.26;409.174;1887.44;;3072
14.1802;;1478.26;400.711;1878.97;;3072
14.1902;;1478.26;400.677;1878.94;;3072
14.2002;;1478.26;399.982;1878.25;;3072
14.2102;;1478.26;410.002;1888.27;;3072
14.2202;;1478.26;408.107;1886.37;;3072
14.2302;;1478.26;400.761;1879.02;;3072
14.2402;;1478.26;400.016;1878.28;;3072
14.2502;;1478.26;406.418;1884.68;;3072
14.2602;;1478.26;408.215;1886.48;;3072
14.2702;;1478.26;392.551;1870.81;;3072
14.2802;;1478.26;399.95;1878.21;;3072
14.2902;;1478.26;407.113;1885.38;;3072
14.3002;;1478.26;410.876;1889.14;;3072
14.3102;;1478.26;396.712;1874.97;;3072
14.3202;;1478.26;406.916;1885.18;;3072
14.3302;;1478.26;406.391;1884.65;;3072
14.3402;;1478.26;408.738;1887;;3072
14.3502;;1478.26;396.036;1874.3;;3072
14.3602;;1478.26;405.704;1883.97;;3072
14.3702;;1478.26;400.875;1879.14;;3072
14.3802;;1478.26;402.494;1880.76;;3072
14.3902;;1478.26;399.381;1877.64;;3072
14.4002;;1478.26;406.558;1884.82;;3072
14.4102;;1478.26;402.614;1880.88;;3072
14.4202;;1478.26;408.251;1886.51;;3072
14.4302;;1478.26;404.343;1882.61;;3072
14.4402;;1478.26;407.372;1885.64;;3072
14.4502;;1478.26;407.149;1885.41;;3072
14.4602;;1478.26;399.225;1877.49;;3072
14.4702;;1478.26;402.832;1881.1;;3072
14.4802;;1478.26;407.232;1885.5;;3072
14.4902;;1478.26;405.629;1883.89;;3072
14.5002;;1478.26;397.344;1875.61;;3072
14.5102;;1478.26;406.949;1885.21;;3072
14.5202;;1478.26;408.1;1886.36;;3072
14.5302;;1478.26;406.43;1884.69;;3072
14.5402;;1478.26;398.142;1876.41;;3072
14.5502;;1478.26;409.93;1888.19;;3072
14.5602;;1478.26;406.593;1884.86;;3072
14.5702;;1478.26;406.834;1885.1;;3072
14.5802;;1478.26;396.664;1874.93;;3072
14.5902;;1478.26;409.278;1887.54;;3072
14.6002;;1478.26;406.675;1884.94;;3072
14.6102;;1478.26;408.732;1887;;3072
14.6202;;1478.26;400.64;1878.9;;3072
14.6302;;1478.26;411.375;1889.64;;3072
14.6402;;1478.26;414.76;1893.02;;3072
14.6502;;1478.26;407.63;1885.89;;3072
14.6602;;1478.26;398.132;1876.4;;3072
14.6702;;1478.26;407.462;1885.73;;3072
14.6802;;1478.26;411.973;1890.24;;3072
14.6902;;1478.26;399.982;1878.25;;3072
14.7002;;1478.26;403.19;1881.45;;3072
14.7102;;1478.26;407.672;1885.94;;3072
14.7202;;1478.26;413.048;1891.31;;3072
14.7302;;1478.26;403.508;1881.77;;3072
14.7402;;1478.26;408.132;1886.4;;3072
14.7502;;1478.26;404.538;1882.8;;3072
14.7602;;1478.26;410.014;1888.28;;3072
14.7702;;1478.26;399.771;1878.03;;3072
14.7802;;1478.26;405.615;1883.88;;3072
14.7902;;1478.26;401.34;1879.6;;3072
14.8002;;1478.26;407.1;1885.36;;3072
14.8102;;1478.26;399.399;1877.66;;3072
14.8202;;1478.26;409.854;1888.12;;3072
14.8302;;1478.26;406.152;1884.42;;3072
14.8402;;1478.26;406.901;1885.16;;3072
14.8502;;1478.26;398.508;1876.77;;3072
14.8602;;1478.26;408.801;1887.06;;3072
14.8702;;1478.26;405.854;1884.12;;3072
14.8802;;1478.26;397.431;1875.69;;3072
14.8902;;1478.26;398.819;1877.08;;3072
14.9002;;1478.26;409.641;1887.9;;3072
14.9102;;1478.26;406.329;1884.59;;3072
14.9202;;1478.26;396.991;1875.25;;3072
14.9302;;1478.26;402.617;1880.88;;3072
14.9402;;1478.26;407.552;1885.81;;3072
14.9502;;1478.26;409.604;1887.87;;3072
14.9602;;1478.26;395.648;1873.91;;3072
14.9702;;1478.26;399.742;1878.01;;3072
14.9802;;1478.26;404.818;1883.08;;3072
14.9902;;1478.26;408.589;1886.85;;3072
