0;;1363.5;-1.91724;1361.58;;341.333
0.01;;1363.5;-3.9032;1359.59;;341.333
0.02;;1363.5;-334.031;1029.46;;341.333
0.03;;1363.5;-334.103;1029.39;;341.333
0.04;;1363.5;-334.054;1029.44;;341.333
0.05;;1363.5;-333.906;1029.59;;341.333
0.06;;1363.5;-333.962;1029.53;;341.333
0.07;;1363.5;-334.009;1029.49;;341.333
0.08;;1363.5;-334.053;1029.44;;341.333
0.09;;1363.5;-334;1029.5;;341.333
0.1;;1363.5;-334.072;1029.42;;341.333
0.11;;1363.5;-334.075;1029.42;;341.333
0.12;;1363.5;-333.905;1029.59;;341.333
0.13;;1363.5;-333.925;1029.57;;341.333
0.14;;1363.5;-333.907;1029.59;;341.333
0.15;;1363.5;-333.97;1029.53;;341.333
0.16;;1363.5;-334.036;1029.46;;341.333
0.17;;1363.5;-333.964;1029.53;;341.333
0.18;;1363.5;-333.958;1029.54;;341.333
0.19;;1363.5;-333.862;1029.63;;341.333
0.2;;1363.5;-333.988;1029.51;;341.333
0.21;;1363.5;-333.976;1029.52;;341.333
0.22;;1363.5;-333.934;1029.56;;341.333
0.23;;1363.5;-333.928;1029.57;;341.333
0.24;;1363.5;-333.977;1029.52;;341.333
0.25;;1363.5;-334.005;1029.49;;341.333
0.26;;1363.5;-334.023;1029.47;;341.333
0.27;;1363.5;-334.195;1029.3;;341.333
0.28;;1363.5;-334.094;1029.4;;341.333
0.29;;1363.5;-334.095;1029.4;;341.333
0.3;;1363.5;-334.156;1029.34;;341.333
0.31;;1363.5;-334.282;1029.21;;341.333
0.32;;1363.5;-334.064;1029.43;;341.333
0.33;;1363.5;-333.997;1029.5;;341.333
0.34;;1363.5;-334.083;1029.41;;341.333
0.35;;1363.5;-334.029;1029.47;;341.333
0.36;;1363.5;-334.036;1029.46;;341.333
0.37;;1363.5;-334.017;1029.48;;341.333
0.38;;1363.5;-334.024;1029.47;;341.333
0.39;;1363.5;-334.012;1029.48;;341.333
0.4;;1363.5;-333.919;1029.58;;341.333
0.41;;1363.5;-333.827;1029.67;;341.333
0.42;;1363.5;-333.782;1029.71;;341.333
0.43;;1363.5;-333.786;1029.71;;341.333
0.44;;1363.5;-333.673;1029.82;;341.333
0.45;;1363.5;-333.715;1029.78;;341.333
0.46;;1363.5;-333.578;1029.92;;341.333
0.47;;1363.5;-333.549;1029.95;;341.333
0.48;;1363.5;-333.536;1029.96;;341.333
0.49;;1363.5;-333.585;1029.91;;341.333
0.5;;1363.5;-333.616;1029.88;;341.333
0.51;;1363.5;-333.682;1029.81;;341.333
0.52;;1363.5;-333.659;1029.84;;341.333
0.53;;1363.5;-333.71;1029.79;;341.333
0.54;;1363.5;-333.827;1029.67;;341.333
0.55;;1363.5;-333.808;1029.69;;341.333
0.56;;1363.5;-333.846;1029.65;;341.333
0.57;;1363.5;-333.992;1029.5;;341.333
0.58;;1363.5;-334.107;1029.39;;341.333
0.59;;1363.5;-333.994;1029.5;;341.333
0.6;;1363.5;-334.057;1029.44;;341.333
0.61;;1363.5;-334.069;1029.43;;341.333
0.62;;1363.5;-333.978;1029.52;;341.333
0.63;;1363.5;-334.049;1029.45;;341.333
0.64;;1363.5;-334.073;1029.42;;341.333
0.65;;1363.5;-333.882;1029.61;;341.333
0.66;;1363.5;-333.88;1029.62;;341.333
0.67;;1363.5;-333.956;1029.54;;341.333
0.68;;1363.5;-333.883;1029.61;;341.333
0.69;;1363.5;-333.83;1029.67;;341.333
0.7;;1363.5;-333.734;1029.76;;341.333
0.71;;1363.5;-333.658;1029.84;;341.333
0.72;;1363.5;-333.568;1029.93;;341.333
0.73;;1363.5;-333.768;1029.73;;341.333
0.74;;1363.5;-333.668;1029.83;;341.333
0.75;;1363.5;-333.732;1029.76;;341.333
0.76;;1363.5;-333.749;1029.75;;341.333
0.77;;1363.5;-333.699;1029.8;;341.333
0.78;;1363.5;-333.65;1029.84;;341.333
0.79;;1363.5;-333.685;1029.81;;341.333
0.8;;1363.5;-333.702;1029.79;;341.333
0.81;;1363.5;-333.671;1029.82;;341.333
0.82;;1363.5;-333.867;1029.63;;341.333
0.83;;1363.5;-333.857;1029.64;;341.333
0.839999;;1363.5;-333.859;1029.64;;341.333
0.849999;;1363.5;-334.103;1029.39;;341.333
0.859999;;1363.5;-334.134;1029.36;;341.333
0.869999;;1363.5;-333.946;1029.55;;341.333
0.879999;;1363.5;-334.059;1029.44;;341.333
0.889999;;1363.5;-334.215;1029.28;;341.333
0.899999;;1363.5;-333.979;1029.52;;341.333
0.909999;;1363.5;-334.064;1029.43;;341.333
0.919999;;1363.5;-334.093;1029.4;;341.333
0.929999;;1363.5;-333.933;1029.56;;341.333
0.939999;;1363.5;-333.999;1029.5;;341.333
0.949999;;1363.5;-333.954;1029.54;;341.333
0.959999;;1363.5;-333.888;1029.61;;341.333
0.969999;;1363.5;-333.799;1029.7;;341.333
0.979999;;1363.5;-333.817;1029.68;;341.333
0.989999;;1363.5;-333.664;1029.83;;341.333
0.999999;;1363.5;-333.734;1029.76;;341.333
1.01;;1363.5;-333.711;1029.78;;341.333
1.02;;1363.5;-333.599;1029.9;;341.333
1.03;;1363.5;-333.492;1030;;341.333
1.04;;1363.5;-333.579;1029.92;;341.333
1.05;;1363.5;-333.647;1029.85;;341.333
1.06;;1363.5;-333.667;1029.83;;341.333
1.07;;1363.5;-333.593;1029.9;;341.333
1.08;;1363.5;-333.698;1029.8;;341.333
1.09;;1363.5;-333.836;1029.66;;341.333
1.1;;1363.5;-333.872;1029.62;;341.333
1.11;;1363.5;-333.863;1029.63;;341.333
1.12;;1363.5;-334.028;1029.47;;341.333
1.13;;1363.5;-333.989;1029.51;;341.333
1.14;;1363.5;-333.823;1029.67;;341.333
1.15;;1363.5;-333.935;1029.56;;341.333
1.16;;1363.5;-334.085;1029.41;;341.333
1.17;;1363.5;-334.157;1029.34;;341.333
1.18;;1363.5;-333.951;1029.54;;341.333
1.19;;1363.5;-334.012;1029.48;;341.333
1.2;;1363.5;-333.96;1029.54;;341.333
1.21;;1363.5;-333.952;1029.54;;341.333
1.22;;1363.5;-333.964;1029.53;;341.333
1.23;;1363.5;-333.901;1029.59;;341.333
1.24;;1363.5;-333.933;1029.56;;341.333
1.25;;1363.5;-333.924;1029.57;;341.333
1.26;;1363.5;-333.679;1029.82;;341.333
1.27;;1363.5;-333.711;1029.78;;341.333
1.28;;1363.5;-333.769;1029.73;;341.333
1.29;;1363.5;-333.594;1029.9;;341.333
1.3;;1363.5;-333.673;1029.82;;341.333
1.31;;1363.5;-333.607;1029.89;;341.333
1.32;;1363.5;-333.597;1029.9;;341.333
1.33;;1363.5;-333.531;1029.96;;341.333
1.34;;1363.5;-333.58;1029.92;;341.333
1.35;;1363.5;-333.588;1029.91;;341.333
1.36;;1363.5;-333.671;1029.82;;341.333
1.37;;1363.5;-333.722;1029.77;;341.333
1.38;;1363.5;-333.839;1029.66;;341.333
1.39;;1363.5;-333.702;1029.79;;341.333
1.4;;1363.5;-333.857;1029.64;;341.333
1.41;;1363.5;-334.012;1029.48;;341.333
1.42;;1363.5;-333.948;1029.55;;341.333
1.43;;1363.5;-334.034;1029.46;;341.333
1.44;;1363.5;-333.985;1029.51;;341.333
1.45;;1363.5;-334.059;1029.44;;341.333
1.46;;1363.5;-334.119;1029.38;;341.333
1.47;;1363.5;-333.955;1029.54;;341.333
1.48;;1363.5;-333.972;1029.52;;341.333
1.49;;1363.5;-334.131;1029.36;;341.333
1.5;;1363.5;-334.037;1029.46;;341.333
1.51;;1363.5;-333.94;1029.55;;341.333
1.52;;1363.5;-334.005;1029.49;;341.333
1.53;;1363.5;-334.076;1029.42;;341.333
1.54;;1363.5;-333.92;1029.58;;341.333
1.55;;1363.5;-333.688;1029.81;;341.333
1.56;;1363.5;-333.737;1029.76;;341.333
1.57;;1363.5;-333.536;1029.96;;341.333
1.58;;1363.5;-333.578;1029.92;;341.333
1.59;;1363.5;-333.792;1029.7;;341.333
1.6;;1363.5;-333.524;1029.97;;341.333
1.61;;1363.5;-333.581;1029.91;;341.333
1.62;;1363.5;-333.673;1029.82;;341.333
1.63;;1363.5;-333.586;1029.91;;341.333
1.64;;1363.5;-333.643;1029.85;;341.333
1.65;;1363.5;-333.77;1029.73;;341.333
1.66;;1363.5;-333.728;1029.77;;341.333
1.67;;1363.5;-333.896;1029.6;;341.333
1.68;;1363.5;-333.952;1029.54;;341.333
1.69;;1363.5;-333.919;1029.58;;341.333
1.7;;1363.5;-333.977;1029.52;;341.333
1.71;;1363.5;-334.08;1029.42;;341.333
1.72;;1363.5;-334.134;1029.36;;341.333
1.73;;1363.5;-334.115;1029.38;;341.333
1.74;;1363.5;-334.148;1029.35;;341.333
1.75;;1363.5;-334.041;1029.45;;341.333
1.76;;1363.5;-333.97;1029.53;;341.333
1.77;;1363.5;-334.106;1029.39;;341.333
1.78;;1363.5;-333.921;1029.57;;341.333
1.79;;1363.5;-333.932;1029.56;;341.333
1.8;;1363.5;-333.86;1029.64;;341.333
1.81;;1363.5;-333.704;1029.79;;341.333
1.82;;1363.5;-333.776;1029.72;;341.333
1.83;;1363.5;-333.772;1029.72;;341.333
1.84;;1363.5;-333.597;1029.9;;341.333
1.85;;1363.5;-333.721;1029.77;;341.333
1.86;;1363.5;-333.671;1029.82;;341.333
1.87;;1363.5;-333.694;1029.8;;341.333
1.88;;1363.5;-333.623;1029.87;;341.333
1.89;;1363.5;-333.613;1029.88;;341.333
1.9;;1363.5;-333.758;1029.74;;341.333
1.91;;1363.5;-333.591;1029.9;;341.333
1.92;;1363.5;-333.731;1029.76;;341.333
1.93;;1363.5;-333.901;1029.59;;341.333
1.94;;1363.5;-333.595;1029.9;;341.333
1.95;;1363.5;-333.973;1029.52;;341.333
1.96;;1363.5;-333.927;1029.57;;341.333
1.97;;1363.5;-333.984;1029.51;;341.333
1.98;;1363.5;-334.042;1029.45;;341.333
1.99;;1363.5;-334.23;1029.27;;341.333
2;;1363.5;-334.083;1029.41;;341.333
2.01;;1363.5;-334.159;1029.34;;341.333
2.02;;1363.5;-334.109;1029.39;;341.333
2.03;;1363.5;-333.968;1029.53;;341.333
2.04;;1363.5;-333.968;1029.53;;341.333
2.05;;1363.5;-334.159;1029.34;;341.333
2.06;;1363.5;-333.897;1029.6;;341.333
2.07;;1363.5;-333.785;1029.71;;341.333
2.08;;1363.5;-334.028;1029.47;;341.333
2.09;;1363.5;-333.756;1029.74;;341.333
2.1;;1363.5;-333.733;1029.76;;341.333
2.11;;1363.5;-333.701;1029.79;;341.333
2.12;;1363.5;-333.564;1029.93;;341.333
2.13;;1363.5;-333.563;1029.93;;341.333
2.14;;1363.5;-333.634;1029.86;;341.333
2.15;;1363.5;-333.558;1029.94;;341.333
2.16;;1363.5;-333.482;1030.01;;341.333
2.17;;1363.5;-333.745;1029.75;;341.333
2.18;;1363.5;-333.632;1029.86;;341.333
2.19;;1363.5;-333.727;1029.77;;341.333
2.2;;1363.5;-333.714;1029.78;;341.333
2.21;;1363.5;-333.84;1029.66;;341.333
2.22;;1363.5;-333.846;1029.65;;341.333
2.23;;1363.5;-333.975;1029.52;;341.333
2.24;;1363.5;-333.953;1029.54;;341.333
2.25;;1363.5;-333.979;1029.52;;341.333
2.26;;1363.5;-334.107;1029.39;;341.333
2.27;;1363.5;-334.021;1029.47;;341.333
2.28;;1363.5;-334.068;1029.43;;341.333
2.29;;1363.5;-334.168;1029.33;;341.333
2.3;;1363.5;-333.908;1029.59;;341.333
2.31;;1363.5;-333.911;1029.58;;341.333
2.32;;1363.5;-334.16;1029.34;;341.333
2.33;;1363.5;-334.089;1029.41;;341.333
2.34;;1363.5;-333.961;1029.53;;341.333
2.35;;1363.5;-333.837;1029.66;;341.333
2.36;;1363.5;-333.848;1029.65;;341.333
2.37;;1363.5;-333.812;1029.68;;341.333
2.38;;1363.5;-333.788;1029.71;;341.333
2.39;;1363.5;-333.635;1029.86;;341.333
2.4;;1363.5;-333.599;1029.9;;341.333
2.41;;1363.5;-333.698;1029.8;;341.333
2.42;;1363.5;-333.607;1029.89;;341.333
2.43;;1363.5;-333.538;1029.96;;341.333
2.44;;1363.5;-333.679;1029.82;;341.333
2.45;;1363.5;-333.732;1029.76;;341.333
2.46;;1363.5;-333.702;1029.79;;341.333
2.47;;1363.5;-333.829;1029.67;;341.333
2.48;;1363.5;-333.76;1029.74;;341.333
2.49;;1363.5;-333.765;1029.73;;341.333
2.5;;1363.5;-333.914;1029.58;;341.333
2.51;;1363.5;-333.999;1029.5;;341.333
2.52;;1363.5;-334.121;1029.37;;341.333
2.53;;1363.5;-334.159;1029.34;;341.333
2.54;;1363.5;-334.236;1029.26;;341.333
2.55;;1363.5;-334.006;1029.49;;341.333
2.56;;1363.5;-334.086;1029.41;;341.333
2.57;;1363.5;-334.157;1029.34;;341.333
2.58;;1363.5;-334.084;1029.41;;341.333
2.59;;1363.5;-334.142;1029.35;;341.333
2.6;;1363.5;-334.005;1029.49;;341.333
2.61;;1363.5;-333.905;1029.59;;341.333
2.62;;1363.5;-333.853;1029.64;;341.333
2.63;;1363.5;-334.071;1029.42;;341.333
2.64;;1363.5;-333.88;1029.61;;341.333
2.65;;1363.5;-333.821;1029.67;;341.333
2.66;;1363.5;-333.793;1029.7;;341.333
2.67;;1363.5;-333.638;1029.86;;341.333
2.68;;1363.5;-333.63;1029.86;;341.333
2.69;;1363.5;-333.738;1029.76;;341.333
2.7;;1363.5;-333.661;1029.83;;341.333
2.71;;1363.5;-333.756;1029.74;;341.333
2.72;;1363.5;-333.777;1029.72;;341.333
2.73;;1363.5;-333.614;1029.88;;341.333
2.74;;1363.5;-333.651;1029.84;;341.333
2.75;;1363.5;-333.759;1029.74;;341.333
2.76;;1363.5;-333.868;1029.63;;341.333
2.77;;1363.5;-333.928;1029.57;;341.333
2.78;;1363.5;-334.038;1029.46;;341.333
2.79;;1363.5;-334.077;1029.42;;341.333
2.8;;1363.5;-334.103;1029.39;;341.333
2.81;;1363.5;-334.164;1029.33;;341.333
2.82;;1363.5;-334.281;1029.21;;341.333
2.83;;1363.5;-334.119;1029.38;;341.333
2.84;;1363.5;-334.117;1029.38;;341.333
2.85;;1363.5;-334.063;1029.43;;341.333
2.86;;1363.5;-334.043;1029.45;;341.333
2.87;;1363.5;-334.141;1029.35;;341.333
2.88;;1363.5;-334.011;1029.48;;341.333
2.89;;1363.5;-333.944;1029.55;;341.333
2.9;;1363.5;-333.999;1029.5;;341.333
2.91;;1363.5;-333.892;1029.6;;341.333
2.92;;1363.5;-333.686;1029.81;;341.333
2.93;;1363.5;-333.82;1029.68;;341.333
2.94;;1363.5;-333.778;1029.72;;341.333
2.95;;1363.5;-333.631;1029.86;;341.333
2.96;;1363.5;-333.713;1029.78;;341.333
2.97;;1363.5;-333.761;1029.73;;341.333
2.98;;1363.5;-333.599;1029.9;;341.333
2.99;;1363.5;-333.596;1029.9;;341.333
3;;1363.5;-333.698;1029.8;;341.333
3.01;;1363.5;-333.789;1029.71;;341.333
3.02;;1363.5;-333.713;1029.78;;341.333
3.03;;1363.5;-333.847;1029.65;;341.333
3.04;;1363.5;-333.712;1029.78;;341.333
3.05;;1363.5;-333.941;1029.55;;341.333
3.06;;1363.5;-334.016;1029.48;;341.333
3.07;;1363.5;-334.009;1029.49;;341.333
3.08;;1363.5;-334.195;1029.3;;341.333
3.09;;1363.5;-334.181;1029.31;;341.333
3.1;;1363.5;-333.995;1029.5;;341.333
3.11;;1363.5;-334.134;1029.36;;341.333
3.12;;1363.5;-334.172;1029.32;;341.333
3.13;;1363.5;-334.008;1029.49;;341.333
3.14;;1363.5;-334.026;1029.47;;341.333
3.15;;1363.5;-333.918;1029.58;;341.333
3.16;;1363.5;-334.033;1029.46;;341.333
3.17;;1363.5;-333.938;1029.56;;341.333
3.18;;1363.5;-333.747;1029.75;;341.333
3.19;;1363.5;-333.674;1029.82;;341.333
3.2;;1363.5;-333.739;1029.76;;341.333
3.21;;1363.5;-333.72;1029.78;;341.333
3.22;;1363.5;-333.646;1029.85;;341.333
3.23;;1363.5;-333.522;1029.97;;341.333
3.24;;1363.5;-333.735;1029.76;;341.333
3.25;;1363.5;-333.596;1029.9;;341.333
3.26;;1363.5;-333.573;1029.92;;341.333
3.27;;1363.5;-333.648;1029.85;;341.333
3.28;;1363.5;-333.66;1029.84;;341.333
3.29;;1363.5;-333.753;1029.74;;341.333
3.3;;1363.5;-333.826;1029.67;;341.333
3.31;;1363.5;-333.844;1029.65;;341.333
3.32;;1363.5;-333.797;1029.7;;341.333
3.33;;1363.5;-334.049;1029.45;;341.333
3.34;;1363.5;-334.13;1029.37;;341.333
3.35;;1363.5;-334.15;1029.35;;341.333
3.36;;1363.5;-334.139;1029.36;;341.333
3.37;;1363.5;-334.194;1029.3;;341.333
3.38;;1363.5;-334.133;1029.36;;341.333
3.39;;1363.5;-334.094;1029.4;;341.333
3.4;;1363.5;-334.112;1029.38;;341.333
3.41;;1363.5;-333.892;1029.6;;341.333
3.42;;1363.5;-333.91;1029.59;;341.333
3.43;;1363.5;-334.107;1029.39;;341.333
3.44;;1363.5;-333.879;1029.62;;341.333
3.45;;1363.5;-333.9;1029.6;;341.333
3.46;;1363.5;-333.82;1029.68;;341.333
3.47;;1363.5;-333.574;1029.92;;341.333
3.48;;1363.5;-333.523;1029.97;;341.333
3.49;;1363.5;-333.773;1029.72;;341.333
3.5;;1363.5;-333.659;1029.84;;341.333
3.51;;1363.5;-333.664;1029.83;;341.333
3.52;;1363.5;-333.645;1029.85;;341.333
3.53;;1363.5;-333.618;1029.88;;341.333
3.54;;1363.5;-333.564;1029.93;;341.333
3.55;;1363.5;-333.615;1029.88;;341.333
3.56;;1363.5;-333.706;1029.79;;341.333
3.57;;1363.5;-333.777;1029.72;;341.333
3.58;;1363.5;-333.897;1029.6;;341.333
3.59;;1363.5;-333.91;1029.59;;341.333
3.6;;1363.5;-333.944;1029.55;;341.333
3.61;;1363.5;-334.103;1029.39;;341.333
3.62;;1363.5;-334.148;1029.35;;341.333
3.63;;1363.5;-334.016;1029.48;;341.333
3.64;;1363.5;-334.131;1029.36;;341.333
3.65;;1363.5;-334.023;1029.47;;341.333
3.66;;1363.5;-334.181;1029.31;;341.333
3.67;;1363.5;-334.183;1029.31;;341.333
3.68;;1363.5;-334.032;1029.46;;341.333
3.69;;1363.5;-333.944;1029.55;;341.333
3.7;;1363.5;-333.997;1029.5;;341.333
3.71;;1363.5;-333.922;1029.57;;341.333
3.72;;1363.5;-333.847;1029.65;;341.333
3.73;;1363.5;-333.77;1029.73;;341.333
3.74;;1363.5;-333.634;1029.86;;341.333
3.75;;1363.5;-333.601;1029.89;;341.333
3.76;;1363.5;-333.674;1029.82;;341.333
3.77;;1363.5;-333.598;1029.9;;341.333
3.78;;1363.5;-333.576;1029.92;;341.333
3.79;;1363.5;-333.78;1029.72;;341.333
3.8;;1363.5;-333.62;1029.88;;341.333
3.81;;1363.5;-333.618;1029.88;;341.333
3.82;;1363.5;-333.764;1029.73;;341.333
3.83;;1363.5;-333.9;1029.6;;341.333
3.84;;1363.5;-333.802;1029.69;;341.333
3.85;;1363.5;-333.981;1029.51;;341.333
3.86;;1363.5;-333.996;1029.5;;341.333
3.87;;1363.5;-334.034;1029.46;;341.333
3.88;;1363.5;-334.181;1029.31;;341.333
3.89;;1363.5;-334.23;1029.27;;341.333
3.9;;1363.5;-334.033;1029.46;;341.333
3.91;;1363.5;-334.097;1029.4;;341.333
3.92;;1363.5;-334.181;1029.31;;341.333
3.93;;1363.5;-334.094;1029.4;;341.333
3.94;;1363.5;-334.108;1029.39;;341.333
3.95;;1363.5;-333.935;1029.56;;341.333
3.96;;1363.5;-334.003;1029.49;;341.333
3.97;;1363.5;-333.906;1029.59;;341.333
3.98;;1363.5;-333.926;1029.57;;341.333
3.99;;1363.5;-333.745;1029.75;;341.333
4;;1363.5;-333.761;1029.73;;341.333
4.01;;1363.5;-333.717;1029.78;;341.333
4.02;;1363.5;-333.577;1029.92;;341.333
4.03;;1363.5;-333.572;1029.92;;341.333
4.04;;1363.5;-333.689;1029.81;;341.333
4.05;;1363.5;-333.699;1029.8;;341.333
4.06;;1363.5;-333.649;1029.85;;341.333
4.07;;1363.5;-333.677;1029.82;;341.333
4.08;;1363.5;-333.666;1029.83;;341.333
4.09;;1363.5;-333.813;1029.68;;341.333
4.1;;1363.5;-333.92;1029.57;;341.333
4.11;;1363.5;-333.956;1029.54;;341.333
4.12;;1363.5;-333.956;1029.54;;341.333
4.13;;1363.5;-334.058;1029.44;;341.333
4.14;;1363.5;-334.064;1029.43;;341.333
4.15;;1363.5;-334.025;1029.47;;341.333
4.16;;1363.5;-334.194;1029.3;;341.333
4.17;;1363.5;-334.159;1029.34;;341.333
4.18;;1363.5;-334.109;1029.39;;341.333
4.19;;1363.5;-334.145;1029.35;;341.333
4.2;;1363.5;-334.089;1029.41;;341.333
4.21;;1363.5;-334.027;1029.47;;341.333
4.22;;1363.5;-333.975;1029.52;;341.333
4.23;;1363.5;-333.815;1029.68;;341.333
4.24;;1363.5;-333.883;1029.61;;341.333
4.25;;1363.5;-333.877;1029.62;;341.333
4.26;;1363.5;-333.611;1029.88;;341.333
4.27;;1363.5;-333.625;1029.87;;341.333
4.28;;1363.5;-333.739;1029.76;;341.333
4.29;;1363.5;-333.634;1029.86;;341.333
4.3;;1363.5;-333.704;1029.79;;341.333
4.31;;1363.5;-333.707;1029.79;;341.333
4.32;;1363.5;-333.662;1029.83;;341.333
4.33;;1363.5;-333.566;1029.93;;341.333
4.34;;1363.5;-333.708;1029.79;;341.333
4.35;;1363.5;-333.71;1029.79;;341.333
4.36;;1363.5;-333.773;1029.72;;341.333
4.37001;;1363.5;-333.836;1029.66;;341.333
4.38001;;1363.5;-333.849;1029.65;;341.333
4.39001;;1363.5;-333.995;1029.5;;341.333
4.40001;;1363.5;-334.143;1029.35;;341.333
4.41001;;1363.5;-334.037;1029.46;;341.333
4.42001;;1363.5;-334.117;1029.38;;341.333
4.43001;;1363.5;-334.017;1029.48;;341.333
4.44001;;1363.5;-334.124;1029.37;;341.333
4.45001;;1363.5;-333.902;1029.59;;341.333
4.46001;;1363.5;-334.062;1029.43;;341.333
4.47001;;1363.5;-334.017;1029.48;;341.333
4.48001;;1363.5;-334.001;1029.49;;341.333
4.49001;;1363.5;-333.845;1029.65;;341.333
4.50001;;1363.5;-333.879;1029.62;;341.333
4.51001;;1363.5;-333.733;1029.76;;341.333
4.52001;;1363.5;-333.651;1029.84;;341.333
4.53001;;1363.5;-333.695;1029.8;;341.333
4.54001;;1363.5;-333.564;1029.93;;341.333
4.55001;;1363.5;-333.718;1029.78;;341.333
4.56001;;1363.5;-333.78;1029.72;;341.333
4.57001;;1363.5;-333.618;1029.88;;341.333
4.58001;;1363.5;-333.647;1029.85;;341.333
4.59001;;1363.5;-333.645;1029.85;;341.333
4.60001;;1363.5;-333.66;1029.83;;341.333
4.61001;;1363.5;-333.739;1029.76;;341.333
4.62001;;1363.5;-333.844;1029.65;;341.333
4.63001;;1363.5;-333.782;1029.71;;341.333
4.64001;;1363.5;-333.753;1029.74;;341.333
4.65001;;1363.5;-333.952;1029.54;;341.333
4.66001;;1363.5;-333.975;1029.52;;341.333
4.67001;;1363.5;-334.021;1029.47;;341.333
4.68001;;1363.5;-334.131;1029.36;;341.333
4.69001;;1363.5;-334.07;1029.43;;341.333
4.70001;;1363.5;-333.998;1029.5;;341.333
4.71001;;1363.5;-334.173;1029.32;;341.333
4.72001;;1363.5;-334.099;1029.4;;341.333
4.73001;;1363.5;-333.988;1029.51;;341.333
4.74001;;1363.5;-333.92;1029.57;;341.333
4.75001;;1363.5;-333.993;1029.5;;341.333
4.76001;;1363.5;-333.893;1029.6;;341.333
4.77001;;1363.5;-333.904;1029.59;;341.333
4.78001;;1363.5;-333.795;1029.7;;341.333
4.79001;;1363.5;-333.964;1029.53;;341.333
4.80001;;1363.5;-333.74;1029.76;;341.333
4.81002;;1363.5;-333.785;1029.71;;341.333
4.82002;;1363.5;-333.579;1029.92;;341.333
4.83002;;1363.5;-333.769;1029.73;;341.333
4.84002;;1363.5;-333.797;1029.7;;341.333
4.85002;;1363.5;-333.615;1029.88;;341.333
4.86002;;1363.5;-333.66;1029.84;;341.333
4.87002;;1363.5;-333.699;1029.8;;341.333
4.88002;;1363.5;-333.711;1029.78;;341.333
4.89002;;1363.5;-333.818;1029.68;;341.333
4.90002;;1363.5;-333.817;1029.68;;341.333
4.91002;;1363.5;-333.823;1029.67;;341.333
4.92002;;1363.5;-333.893;1029.6;;341.333
4.93002;;1363.5;-334.093;1029.4;;341.333
4.94002;;1363.5;-334.088;1029.41;;341.333
4.95002;;1363.5;-334.085;1029.41;;341.333
4.96002;;1363.5;-334.185;1029.31;;341.333
4.97002;;1363.5;-334.135;1029.36;;341.333
4.98002;;1363.5;-334.119;1029.38;;341.333
4.99002;;1363.5;-334.143;1029.35;;341.333
5.00002;;1363.5;-334.093;1029.4;;341.333
5.01002;;1363.5;-334.028;1029.47;;341.333
5.02002;;1363.5;-334.112;1029.38;;341.333
5.03002;;1363.5;-333.917;1029.58;;341.333
5.04002;;1363.5;-333.986;1029.51;;341.333
5.05002;;1363.5;-334.009;1029.49;;341.333
5.06002;;1363.5;-333.726;1029.77;;341.333
5.07002;;1363.5;-333.652;1029.84;;341.333
5.08002;;1363.5;-333.806;1029.69;;341.333
5.09002;;1363.5;-333.799;1029.7;;341.333
5.10002;;1363.5;-333.724;1029.77;;341.333
5.11002;;1363.5;-333.654;1029.84;;341.333
5.12002;;1363.5;-333.563;1029.93;;341.333
5.13002;;1363.5;-333.577;1029.92;;341.333
5.14002;;1363.5;-333.721;1029.77;;341.333
5.15002;;1363.5;-333.741;1029.75;;341.333
5.16002;;1363.5;-333.751;1029.74;;341.333
5.17002;;1363.5;-333.772;1029.72;;341.333
5.18002;;1363.5;-333.79;1029.71;;341.333
5.19002;;1363.5;-333.902;1029.59;;341.333
5.20002;;1363.5;-334.081;1029.41;;341.333
5.21002;;1363.5;-334.142;1029.35;;341.333
5.22002;;1363.5;-334.113;1029.38;;341.333
5.23002;;1363.5;-334.267;1029.23;;341.333
5.24003;;1363.5;-334.093;1029.4;;341.333
5.25003;;1363.5;-334.105;1029.39;;341.333
5.26003;;1363.5;-334.058;1029.44;;341.333
5.27003;;1363.5;-334.177;1029.32;;341.333
5.28003;;1363.5;-334.156;1029.34;;341.333
5.29003;;1363.5;-334.034;1029.46;;341.333
5.30003;;1363.5;-334.08;1029.41;;341.333
5.31003;;1363.5;-333.93;1029.57;;341.333
5.32003;;1363.5;-333.873;1029.62;;341.333
5.33003;;1363.5;-333.759;1029.74;;341.333
5.34003;;1363.5;-333.778;1029.72;;341.333
5.35003;;1363.5;-333.772;1029.72;;341.333
5.36003;;1363.5;-333.795;1029.7;;341.333
5.37003;;1363.5;-333.53;1029.97;;341.333
5.38003;;1363.5;-333.715;1029.78;;341.333
5.39003;;1363.5;-333.686;1029.81;;341.333
5.40003;;1363.5;-333.606;1029.89;;341.333
5.41003;;1363.5;-333.76;1029.73;;341.333
5.42003;;1363.5;-333.829;1029.67;;341.333
5.43003;;1363.5;-333.732;1029.76;;341.333
5.44003;;1363.5;-333.801;1029.69;;341.333
5.45003;;1363.5;-333.793;1029.7;;341.333
5.46003;;1363.5;-333.977;1029.52;;341.333
5.47003;;1363.5;-334.038;1029.46;;341.333
5.48003;;1363.5;-334.075;1029.42;;341.333
5.49003;;1363.5;-334.149;1029.35;;341.333
5.50003;;1363.5;-334.147;1029.35;;341.333
5.51003;;1363.5;-334.145;1029.35;;341.333
5.52003;;1363.5;-334.068;1029.43;;341.333
5.53003;;1363.5;-334.075;1029.42;;341.333
5.54003;;1363.5;-334.109;1029.39;;341.333
5.55003;;1363.5;-333.907;1029.59;;341.333
5.56003;;1363.5;-333.888;1029.61;;341.333
5.57003;;1363.5;-333.976;1029.52;;341.333
5.58003;;1363.5;-333.908;1029.59;;341.333
5.59003;;1363.5;-333.771;1029.72;;341.333
5.60003;;1363.5;-333.729;1029.77;;341.333
5.61003;;1363.5;-333.577;1029.92;;341.333
5.62003;;1363.5;-333.578;1029.92;;341.333
5.63003;;1363.5;-333.575;1029.92;;341.333
5.64003;;1363.5;-333.527;1029.97;;341.333
5.65003;;1363.5;-333.65;1029.84;;341.333
5.66003;;1363.5;-333.746;1029.75;;341.333
5.67003;;1363.5;-333.607;1029.89;;341.333
5.68004;;1363.5;-333.574;1029.92;;341.333
5.69004;;1363.5;-333.755;1029.74;;341.333
5.70004;;1363.5;-333.844;1029.65;;341.333
5.71004;;1363.5;-333.832;1029.66;;341.333
5.72004;;1363.5;-333.999;1029.5;;341.333
5.73004;;1363.5;-334.121;1029.37;;341.333
5.74004;;1363.5;-334.124;1029.37;;341.333
5.75004;;1363.5;-334.126;1029.37;;341.333
5.76004;;1363.5;-334.201;1029.29;;341.333
5.77004;;1363.5;-334.07;1029.43;;341.333
5.78004;;1363.5;-334.055;1029.44;;341.333
5.79004;;1363.5;-334.034;1029.46;;341.333
5.80004;;1363.5;-334.075;1029.42;;341.333
5.81004;;1363.5;-334.008;1029.49;;341.333
5.82004;;1363.5;-334.059;1029.44;;341.333
5.83004;;1363.5;-333.921;1029.57;;341.333
5.84004;;1363.5;-333.938;1029.56;;341.333
5.85004;;1363.5;-333.847;1029.65;;341.333
5.86004;;1363.5;-333.8;1029.69;;341.333
5.87004;;1363.5;-333.827;1029.67;;341.333
5.88004;;1363.5;-333.764;1029.73;;341.333
5.89004;;1363.5;-333.688;1029.81;;341.333
5.90004;;1363.5;-333.659;1029.84;;341.333
5.91004;;1363.5;-333.595;1029.9;;341.333
5.92004;;1363.5;-333.578;1029.92;;341.333
5.93004;;1363.5;-333.737;1029.76;;341.333
5.94004;;1363.5;-333.778;1029.72;;341.333
5.95004;;1363.5;-333.731;1029.76;;341.333
5.96004;;1363.5;-333.88;1029.61;;341.333
5.97004;;1363.5;-333.907;1029.59;;341.333
5.98004;;1363.5;-333.785;1029.71;;341.333
5.99004;;1363.5;-333.781;1029.71;;341.333
6.00004;;1363.5;-334.016;1029.48;;341.333
6.01004;;1363.5;-333.98;1029.52;;341.333
6.02004;;1363.5;-334.096;1029.4;;341.333
6.03004;;1363.5;-334.194;1029.3;;341.333
6.04004;;1363.5;-334.068;1029.43;;341.333
6.05004;;1363.5;-334.091;1029.4;;341.333
6.06004;;1363.5;-334.164;1029.33;;341.333
6.07004;;1363.5;-334.016;1029.48;;341.333
6.08004;;1363.5;-334.093;1029.4;;341.333
6.09004;;1363.5;-334.139;1029.36;;341.333
6.10004;;1363.5;-333.973;1029.52;;341.333
6.11004;;1363.5;-333.854;1029.64;;341.333
6.12005;;1363.5;-333.967;1029.53;;341.333
6.13005;;1363.5;-333.829;1029.67;;341.333
6.14005;;1363.5;-333.794;1029.7;;341.333
6.15005;;1363.5;-333.745;1029.75;;341.333
6.16005;;1363.5;-333.614;1029.88;;341.333
6.17005;;1363.5;-333.661;1029.83;;341.333
6.18005;;1363.5;-333.611;1029.88;;341.333
6.19005;;1363.5;-333.616;1029.88;;341.333
6.20005;;1363.5;-333.637;1029.86;;341.333
6.21005;;1363.5;-333.73;1029.77;;341.333
6.22005;;1363.5;-333.75;1029.75;;341.333
6.23005;;1363.5;-333.738;1029.76;;341.333
6.24005;;1363.5;-333.776;1029.72;;341.333
6.25005;;1363.5;-333.79;1029.71;;341.333
6.26005;;1363.5;-333.807;1029.69;;341.333
6.27005;;1363.5;-333.946;1029.55;;341.333
6.28005;;1363.5;-334.043;1029.45;;341.333
6.29005;;1363.5;-334.032;1029.46;;341.333
6.30005;;1363.5;-334.087;1029.41;;341.333
6.31005;;1363.5;-334.193;1029.3;;341.333
6.32005;;1363.5;-334.223;1029.27;;341.333
6.33005;;1363.5;-334.028;1029.47;;341.333
6.34005;;1363.5;-334.128;1029.37;;341.333
6.35005;;1363.5;-333.932;1029.56;;341.333
6.36005;;1363.5;-333.934;1029.56;;341.333
6.37005;;1363.5;-334.027;1029.47;;341.333
6.38005;;1363.5;-333.911;1029.58;;341.333
6.39005;;1363.5;-333.923;1029.57;;341.333
6.40005;;1363.5;-333.902;1029.59;;341.333
6.41005;;1363.5;-333.708;1029.79;;341.333
6.42005;;1363.5;-333.732;1029.76;;341.333
6.43005;;1363.5;-333.627;1029.87;;341.333
6.44005;;1363.5;-333.651;1029.84;;341.333
6.45005;;1363.5;-333.764;1029.73;;341.333
6.46005;;1363.5;-333.722;1029.77;;341.333
6.47005;;1363.5;-333.608;1029.89;;341.333
6.48005;;1363.5;-333.599;1029.9;;341.333
6.49005;;1363.5;-333.779;1029.72;;341.333
6.50005;;1363.5;-333.704;1029.79;;341.333
6.51005;;1363.5;-333.809;1029.69;;341.333
6.52005;;1363.5;-333.939;1029.56;;341.333
6.53005;;1363.5;-333.856;1029.64;;341.333
6.54005;;1363.5;-333.947;1029.55;;341.333
6.55006;;1363.5;-334.237;1029.26;;341.333
6.56006;;1363.5;-334.12;1029.38;;341.333
6.57006;;1363.5;-334.118;1029.38;;341.333
6.58006;;1363.5;-334.102;1029.39;;341.333
6.59006;;1363.5;-334.117;1029.38;;341.333
6.60006;;1363.5;-334.086;1029.41;;341.333
6.61006;;1363.5;-334.148;1029.35;;341.333
6.62006;;1363.5;-334.104;1029.39;;341.333
6.63006;;1363.5;-333.999;1029.5;;341.333
6.64006;;1363.5;-333.984;1029.51;;341.333
6.65006;;1363.5;-333.989;1029.51;;341.333
6.66006;;1363.5;-333.874;1029.62;;341.333
6.67006;;1363.5;-333.81;1029.69;;341.333
6.68006;;1363.5;-333.655;1029.84;;341.333
6.69006;;1363.5;-333.621;1029.87;;341.333
6.70006;;1363.5;-333.679;1029.82;;341.333
6.71006;;1363.5;-333.704;1029.79;;341.333
6.72006;;1363.5;-333.583;1029.91;;341.333
6.73006;;1363.5;-333.566;1029.93;;341.333
6.74006;;1363.5;-333.658;1029.84;;341.333
6.75006;;1363.5;-333.689;1029.81;;341.333
6.76006;;1363.5;-333.671;1029.82;;341.333
6.77006;;1363.5;-333.739;1029.76;;341.333
6.78006;;1363.5;-333.735;1029.76;;341.333
6.79006;;1363.5;-333.856;1029.64;;341.333
6.80006;;1363.5;-334.036;1029.46;;341.333
6.81006;;1363.5;-334.101;1029.39;;341.333
6.82006;;1363.5;-334.077;1029.42;;341.333
6.83006;;1363.5;-334.079;1029.42;;341.333
6.84006;;1363.5;-333.996;1029.5;;341.333
6.85006;;1363.5;-334.088;1029.41;;341.333
6.86006;;1363.5;-334.042;1029.45;;341.333
6.87006;;1363.5;-333.982;1029.51;;341.333
6.88006;;1363.5;-334.122;1029.37;;341.333
6.89006;;1363.5;-334.01;1029.49;;341.333
6.90006;;1363.5;-333.876;1029.62;;341.333
6.91006;;1363.5;-333.88;1029.62;;341.333
6.92006;;1363.5;-333.88;1029.61;;341.333
6.93006;;1363.5;-333.639;1029.86;;341.333
6.94006;;1363.5;-333.678;1029.82;;341.333
6.95006;;1363.5;-333.736;1029.76;;341.333
6.96006;;1363.5;-333.747;1029.75;;341.333
6.97006;;1363.5;-333.706;1029.79;;341.333
6.98006;;1363.5;-333.677;1029.82;;341.333
6.99007;;1363.5;-333.724;1029.77;;341.333
7.00007;;1363.5;-333.635;1029.86;;341.333
7.01007;;1363.5;-333.804;1029.69;;341.333
7.02007;;1363.5;-333.706;1029.79;;341.333
7.03007;;1363.5;-333.702;1029.79;;341.333
7.04007;;1363.5;-333.757;1029.74;;341.333
7.05007;;1363.5;-333.836;1029.66;;341.333
7.06007;;1363.5;-333.856;1029.64;;341.333
7.07007;;1363.5;-334.091;1029.4;;341.333
7.08007;;1363.5;-334.088;1029.41;;341.333
7.09007;;1363.5;-334.14;1029.35;;341.333
7.10007;;1363.5;-334.144;1029.35;;341.333
7.11007;;1363.5;-334.096;1029.4;;341.333
7.12007;;1363.5;-334.076;1029.42;;341.333
7.13007;;1363.5;-333.992;1029.5;;341.333
7.14007;;1363.5;-334.001;1029.49;;341.333
7.15007;;1363.5;-333.838;1029.66;;341.333
7.16007;;1363.5;-333.933;1029.56;;341.333
7.17007;;1363.5;-333.987;1029.51;;341.333
7.18007;;1363.5;-333.864;1029.63;;341.333
7.19007;;1363.5;-333.846;1029.65;;341.333
7.20007;;1363.5;-333.611;1029.88;;341.333
7.21007;;1363.5;-333.625;1029.87;;341.333
7.22007;;1363.5;-333.572;1029.92;;341.333
7.23007;;1363.5;-333.699;1029.8;;341.333
7.24007;;1363.5;-333.556;1029.94;;341.333
7.25007;;1363.5;-333.635;1029.86;;341.333
7.26007;;1363.5;-333.593;1029.9;;341.333
7.27007;;1363.5;-333.691;1029.8;;341.333
7.28007;;1363.5;-333.806;1029.69;;341.333
7.29007;;1363.5;-333.788;1029.71;;341.333
7.30007;;1363.5;-333.709;1029.79;;341.333
7.31007;;1363.5;-333.86;1029.64;;341.333
7.32007;;1363.5;-333.912;1029.58;;341.333
7.33007;;1363.5;-334.023;1029.47;;341.333
7.34007;;1363.5;-334.019;1029.48;;341.333
7.35007;;1363.5;-334.055;1029.44;;341.333
7.36007;;1363.5;-334.048;1029.45;;341.333
7.37007;;1363.5;-334.162;1029.33;;341.333
7.38007;;1363.5;-334.057;1029.44;;341.333
7.39007;;1363.5;-333.987;1029.51;;341.333
7.40007;;1363.5;-333.963;1029.53;;341.333
7.41007;;1363.5;-334.042;1029.45;;341.333
7.42007;;1363.5;-333.99;1029.51;;341.333
7.43008;;1363.5;-333.967;1029.53;;341.333
7.44008;;1363.5;-333.906;1029.59;;341.333
7.45008;;1363.5;-333.802;1029.69;;341.333
7.46008;;1363.5;-333.684;1029.81;;341.333
7.47008;;1363.5;-333.809;1029.69;;341.333
7.48008;;1363.5;-333.594;1029.9;;341.333
7.49008;;1363.5;-333.674;1029.82;;341.333
7.50008;;1363.5;-333.724;1029.77;;341.333
7.51008;;1363.5;-333.529;1029.97;;341.333
7.52008;;1363.5;-333.562;1029.93;;341.333
7.53008;;1363.5;-333.7;1029.8;;341.333
7.54008;;1363.5;-333.788;1029.71;;341.333
7.55008;;1363.5;-333.742;1029.75;;341.333
7.56008;;1363.5;-333.879;1029.62;;341.333
7.57008;;1363.5;-333.866;1029.63;;341.333
7.58008;;1363.5;-333.741;1029.75;;341.333
7.59008;;1363.5;-333.972;1029.52;;341.333
7.60008;;1363.5;-334.053;1029.44;;341.333
7.61008;;1363.5;-333.983;1029.51;;341.333
7.62008;;1363.5;-334.097;1029.4;;341.333
7.63008;;1363.5;-334.164;1029.33;;341.333
7.64008;;1363.5;-334.017;1029.48;;341.333
7.65008;;1363.5;-334.018;1029.48;;341.333
7.66008;;1363.5;-334.129;1029.37;;341.333
7.67008;;1363.5;-334.047;1029.45;;341.333
7.68008;;1363.5;-333.972;1029.52;;341.333
7.69008;;1363.5;-333.858;1029.64;;341.333
7.70008;;1363.5;-333.832;1029.66;;341.333
7.71008;;1363.5;-333.83;1029.67;;341.333
7.72008;;1363.5;-333.727;1029.77;;341.333
7.73008;;1363.5;-333.54;1029.96;;341.333
7.74008;;1363.5;-333.682;1029.81;;341.333
7.75008;;1363.5;-333.78;1029.72;;341.333
7.76008;;1363.5;-333.563;1029.93;;341.333
7.77008;;1363.5;-333.554;1029.94;;341.333
7.78008;;1363.5;-333.84;1029.66;;341.333
7.79008;;1363.5;-333.644;1029.85;;341.333
7.80008;;1363.5;-333.65;1029.85;;341.333
7.81008;;1363.5;-333.73;1029.77;;341.333
7.82008;;1363.5;-333.804;1029.69;;341.333
7.83008;;1363.5;-333.833;1029.66;;341.333
7.84008;;1363.5;-333.827;1029.67;;341.333
7.85008;;1363.5;-333.957;1029.54;;341.333
7.86009;;1363.5;-334.048;1029.45;;341.333
7.87009;;1363.5;-334.087;1029.41;;341.333
7.88009;;1363.5;-334.108;1029.39;;341.333
7.89009;;1363.5;-334.074;1029.42;;341.333
7.90009;;1363.5;-334.143;1029.35;;341.333
7.91009;;1363.5;-333.953;1029.54;;341.333
7.92009;;1363.5;-333.988;1029.51;;341.333
7.93009;;1363.5;-334.134;1029.36;;341.333
7.94009;;1363.5;-334.06;1029.44;;341.333
7.95009;;1363.5;-333.958;1029.54;;341.333
7.96009;;1363.5;-333.915;1029.58;;341.333
7.97009;;1363.5;-333.802;1029.69;;341.333
7.98009;;1363.5;-333.77;1029.72;;341.333
7.99009;;1363.5;-333.673;1029.82;;341.333
8.00009;;1363.5;-333.58;1029.92;;341.333
8.01009;;1363.5;-333.578;1029.92;;341.333
8.02009;;1363.5;-333.726;1029.77;;341.333
8.03009;;1363.5;-333.634;1029.86;;341.333
8.04009;;1363.5;-333.635;1029.86;;341.333
8.05009;;1363.5;-333.712;1029.78;;341.333
8.06009;;1363.5;-333.613;1029.88;;341.333
8.07009;;1363.5;-333.692;1029.8;;341.333
8.08009;;1363.5;-333.901;1029.59;;341.333
8.09009;;1363.5;-333.876;1029.62;;341.333
8.10009;;1363.5;-333.853;1029.64;;341.333
8.11009;;1363.5;-333.796;1029.7;;341.333
8.12009;;1363.5;-333.973;1029.52;;341.333
8.13009;;1363.5;-334.119;1029.38;;341.333
8.14009;;1363.5;-334.159;1029.34;;341.333
8.15009;;1363.5;-334.27;1029.23;;341.333
8.16009;;1363.5;-334.046;1029.45;;341.333
8.17009;;1363.5;-334.05;1029.45;;341.333
8.18009;;1363.5;-334.058;1029.44;;341.333
8.19009;;1363.5;-334.084;1029.41;;341.333
8.20009;;1363.5;-334.078;1029.42;;341.333
8.21009;;1363.5;-334.017;1029.48;;341.333
8.22009;;1363.5;-333.964;1029.53;;341.333
8.23009;;1363.5;-333.929;1029.57;;341.333
8.24009;;1363.5;-333.818;1029.68;;341.333
8.25009;;1363.5;-333.508;1029.99;;341.333
8.26009;;1363.5;-333.723;1029.77;;341.333
8.27009;;1363.5;-333.668;1029.83;;341.333
8.28009;;1363.5;-333.637;1029.86;;341.333
8.29009;;1363.5;-333.669;1029.83;;341.333
8.30009;;1363.5;-333.783;1029.71;;341.333
8.31009;;1363.5;-333.673;1029.82;;341.333
8.3201;;1363.5;-333.696;1029.8;;341.333
8.3301;;1363.5;-333.714;1029.78;;341.333
8.3401;;1363.5;-333.884;1029.61;;341.333
8.3501;;1363.5;-333.815;1029.68;;341.333
8.3601;;1363.5;-333.878;1029.62;;341.333
8.3701;;1363.5;-333.867;1029.63;;341.333
8.3801;;1363.5;-334.024;1029.47;;341.333
8.3901;;1363.5;-334.119;1029.38;;341.333
8.4001;;1363.5;-334.168;1029.33;;341.333
8.4101;;1363.5;-334.104;1029.39;;341.333
8.4201;;1363.5;-334.102;1029.39;;341.333
8.4301;;1363.5;-333.961;1029.53;;341.333
8.4401;;1363.5;-334.132;1029.36;;341.333
8.4501;;1363.5;-334.06;1029.44;;341.333
8.4601;;1363.5;-334.083;1029.41;;341.333
8.4701;;1363.5;-333.953;1029.54;;341.333
8.4801;;1363.5;-333.962;1029.53;;341.333
8.4901;;1363.5;-333.917;1029.58;;341.333
8.5001;;1363.5;-333.809;1029.69;;341.333
8.5101;;1363.5;-333.738;1029.76;;341.333
8.5201;;1363.5;-333.66;1029.83;;341.333
8.5301;;1363.5;-333.625;1029.87;;341.333
8.5401;;1363.5;-333.744;1029.75;;341.333
8.5501;;1363.5;-333.578;1029.92;;341.333
8.5601;;1363.5;-333.566;1029.93;;341.333
8.5701;;1363.5;-333.721;1029.77;;341.333
8.5801;;1363.5;-333.57;1029.92;;341.333
8.5901;;1363.5;-333.616;1029.88;;341.333
8.6001;;1363.5;-333.717;1029.78;;341.333
8.6101;;1363.5;-333.809;1029.69;;341.333
8.6201;;1363.5;-333.748;1029.75;;341.333
8.6301;;1363.5;-333.879;1029.62;;341.333
8.6401;;1363.5;-333.853;1029.64;;341.333
8.6501;;1363.5;-334.128;1029.37;;341.333
8.6601;;1363.5;-334.098;1029.4;;341.333
8.6701;;1363.5;-334.084;1029.41;;341.333
8.6801;;1363.5;-333.961;1029.53;;341.333
8.6901;;1363.5;-334.146;1029.35;;341.333
8.7001;;1363.5;-334.171;1029.32;;341.333
8.7101;;1363.5;-333.994;1029.5;;341.333
8.7201;;1363.5;-334.104;1029.39;;341.333
8.7301;;1363.5;-334.07;1029.43;;341.333
8.7401;;1363.5;-333.86;1029.64;;341.333
8.7501;;1363.5;-333.773;1029.72;;341.333
8.76011;;1363.5;-333.838;1029.66;;341.333
8.77011;;1363.5;-333.705;1029.79;;341.333
8.78011;;1363.5;-333.64;1029.86;;341.333
8.79011;;1363.5;-333.701;1029.79;;341.333
8.80011;;1363.5;-333.533;1029.96;;341.333
8.81011;;1363.5;-333.47;1030.03;;341.333
8.82011;;1363.5;-333.66;1029.84;;341.333
8.83011;;1363.5;-333.682;1029.81;;341.333
8.84011;;1363.5;-333.679;1029.82;;341.333
8.85011;;1363.5;-333.725;1029.77;;341.333
8.86011;;1363.5;-333.657;1029.84;;341.333
8.87011;;1363.5;-333.757;1029.74;;341.333
8.88011;;1363.5;-333.915;1029.58;;341.333
8.89011;;1363.5;-333.847;1029.65;;341.333
8.90011;;1363.5;-333.827;1029.67;;341.333
8.91011;;1363.5;-334.044;1029.45;;341.333
8.92011;;1363.5;-333.995;1029.5;;341.333
8.93011;;1363.5;-334.042;1029.45;;341.333
8.94011;;1363.5;-334.121;1029.37;;341.333
8.95011;;1363.5;-334.065;1029.43;;341.333
8.96011;;1363.5;-334.055;1029.44;;341.333
8.97011;;1363.5;-334.141;1029.35;;341.333
8.98011;;1363.5;-333.964;1029.53;;341.333
8.99011;;1363.5;-334.023;1029.47;;341.333
9.00011;;1363.5;-333.976;1029.52;;341.333
9.01011;;1363.5;-333.894;1029.6;;341.333
9.02011;;1363.5;-333.916;1029.58;;341.333
9.03011;;1363.5;-333.863;1029.63;;341.333
9.04011;;1363.5;-333.746;1029.75;;341.333
9.05011;;1363.5;-333.544;1029.95;;341.333
9.06011;;1363.5;-333.653;1029.84;;341.333
9.07011;;1363.5;-333.797;1029.7;;341.333
9.08011;;1363.5;-333.623;1029.87;;341.333
9.09011;;1363.5;-333.681;1029.81;;341.333
9.10011;;1363.5;-333.66;1029.84;;341.333
9.11011;;1363.5;-333.68;1029.82;;341.333
9.12011;;1363.5;-333.841;1029.65;;341.333
9.13011;;1363.5;-333.78;1029.71;;341.333
9.14011;;1363.5;-333.709;1029.79;;341.333
9.15011;;1363.5;-333.752;1029.74;;341.333
9.16011;;1363.5;-333.855;1029.64;;341.333
9.17011;;1363.5;-333.941;1029.55;;341.333
9.18011;;1363.5;-334.019;1029.48;;341.333
9.19011;;1363.5;-334.056;1029.44;;341.333
9.20012;;1363.5;-333.995;1029.5;;341.333
9.21012;;1363.5;-334.138;1029.36;;341.333
9.22012;;1363.5;-334.016;1029.48;;341.333
9.23012;;1363.5;-334.026;1029.47;;341.333
9.24012;;1363.5;-333.999;1029.5;;341.333
9.25012;;1363.5;-334.084;1029.41;;341.333
9.26012;;1363.5;-333.951;1029.54;;341.333
9.27012;;1363.5;-333.938;1029.56;;341.333
9.28012;;1363.5;-333.934;1029.56;;341.333
9.29012;;1363.5;-333.827;1029.67;;341.333
9.30012;;1363.5;-333.83;1029.66;;341.333
9.31012;;1363.5;-333.769;1029.73;;341.333
9.32012;;1363.5;-333.534;1029.96;;341.333
9.33012;;1363.5;-333.616;1029.88;;341.333
9.34012;;1363.5;-333.638;1029.86;;341.333
9.35012;;1363.5;-333.669;1029.83;;341.333
9.36012;;1363.5;-333.643;1029.85;;341.333
9.37012;;1363.5;-333.782;1029.71;;341.333
9.38012;;1363.5;-333.694;1029.8;;341.333
9.39012;;1363.5;-333.763;1029.73;;341.333
9.40012;;1363.5;-333.74;1029.75;;341.333
9.41012;;1363.5;-333.835;1029.66;;341.333
9.42012;;1363.5;-333.645;1029.85;;341.333
9.43012;;1363.5;-333.926;1029.57;;341.333
9.44012;;1363.5;-333.869;1029.63;;341.333
9.45012;;1363.5;-333.941;1029.55;;341.333
9.46012;;1363.5;-334.089;1029.41;;341.333
9.47012;;1363.5;-334.059;1029.44;;341.333
9.48012;;1363.5;-334.13;1029.37;;341.333
9.49012;;1363.5;-334.061;1029.43;;341.333
9.50012;;1363.5;-334.156;1029.34;;341.333
9.51012;;1363.5;-334.121;1029.37;;341.333
9.52012;;1363.5;-334.031;1029.46;;341.333
9.53012;;1363.5;-333.965;1029.53;;341.333
9.54012;;1363.5;-333.9;1029.6;;341.333
9.55012;;1363.5;-333.789;1029.71;;341.333
9.56012;;1363.5;-333.773;1029.72;;341.333
9.57012;;1363.5;-333.718;1029.78;;341.333
9.58012;;1363.5;-333.625;1029.87;;341.333
9.59012;;1363.5;-333.692;1029.8;;341.333
9.60012;;1363.5;-333.558;1029.94;;341.333
9.61012;;1363.5;-333.559;1029.94;;341.333
9.62012;;1363.5;-333.739;1029.76;;341.333
9.63013;;1363.5;-333.674;1029.82;;341.333
9.64013;;1363.5;-333.746;1029.75;;341.333
9.65013;;1363.5;-333.658;1029.84;;341.333
9.66013;;1363.5;-333.742;1029.75;;341.333
9.67013;;1363.5;-333.66;1029.84;;341.333
9.68013;;1363.5;-333.904;1029.59;;341.333
9.69013;;1363.5;-333.827;1029.67;;341.333
9.70013;;1363.5;-333.976;1029.52;;341.333
9.71013;;1363.5;-334.071;1029.42;;341.333
9.72013;;1363.5;-333.976;1029.52;;341.333
9.73013;;1363.5;-334.147;1029.35;;341.333
9.74013;;1363.5;-334.191;1029.3;;341.333
9.75013;;1363.5;-334.072;1029.42;;341.333
9.76013;;1363.5;-333.883;1029.61;;341.333
9.77013;;1363.5;-334.171;1029.32;;341.333
9.78013;;1363.5;-334.118;1029.38;;341.333
9.79013;;1363.5;-333.999;1029.5;;341.333
9.80013;;1363.5;-334.018;1029.48;;341.333
9.81013;;1363.5;-333.882;1029.61;;341.333
9.82013;;1363.5;-333.99;1029.51;;341.333
9.83013;;1363.5;-333.717;1029.78;;341.333
9.84013;;1363.5;-333.621;1029.87;;341.333
9.85013;;1363.5;-333.614;1029.88;;341.333
9.86013;;1363.5;-333.76;1029.73;;341.333
9.87013;;1363.5;-333.588;1029.91;;341.333
9.88013;;1363.5;-333.598;1029.9;;341.333
9.89013;;1363.5;-333.68;1029.82;;341.333
9.90013;;1363.5;-333.602;1029.89;;341.333
9.91013;;1363.5;-333.622;1029.87;;341.333
9.92013;;1363.5;-333.693;1029.8;;341.333
9.93013;;1363.5;-333.732;1029.76;;341.333
9.94013;;1363.5;-333.74;1029.76;;341.333
9.95013;;1363.5;-333.809;1029.69;;341.333
9.96013;;1363.5;-333.814;1029.68;;341.333
9.97013;;1363.5;-333.999;1029.5;;341.333
9.98013;;1363.5;-334.096;1029.4;;341.333
9.99013;;1363.5;-334.073;1029.42;;341.333
10.0001;;1363.5;-334.054;1029.44;;341.333
10.0101;;1363.5;-334.191;1029.3;;341.333
10.0201;;1363.5;-334.16;1029.34;;341.333
10.0301;;1363.5;-333.931;1029.56;;341.333
10.0401;;1363.5;-334.059;1029.44;;341.333
10.0501;;1363.5;-334.055;1029.44;;341.333
10.0601;;1363.5;-333.927;1029.57;;341.333
10.0701;;1363.5;-333.84;1029.66;;341.333
10.0801;;1363.5;-333.965;1029.53;;341.333
10.0901;;1363.5;-333.788;1029.71;;341.333
10.1001;;1363.5;-333.688;1029.81;;341.333
10.1101;;1363.5;-333.601;1029.89;;341.333
10.1201;;1363.5;-333.676;1029.82;;341.333
10.1301;;1363.5;-333.704;1029.79;;341.333
10.1401;;1363.5;-333.665;1029.83;;341.333
10.1501;;1363.5;-333.548;1029.95;;341.333
10.1601;;1363.5;-333.573;1029.92;;341.333
10.1701;;1363.5;-333.614;1029.88;;341.333
10.1801;;1363.5;-333.501;1029.99;;341.333
10.1901;;1363.5;-333.683;1029.81;;341.333
10.2001;;1363.5;-333.857;1029.64;;341.333
10.2101;;1363.5;-333.656;1029.84;;341.333
10.2201;;1363.5;-333.754;1029.74;;341.333
10.2301;;1363.5;-333.965;1029.53;;341.333
10.2401;;1363.5;-334.064;1029.43;;341.333
10.2501;;1363.5;-334.044;1029.45;;341.333
10.2601;;1363.5;-334.151;1029.34;;341.333
10.2701;;1363.5;-334.115;1029.38;;341.333
10.2801;;1363.5;-334.061;1029.43;;341.333
10.2901;;1363.5;-334.095;1029.4;;341.333
10.3001;;1363.5;-334.114;1029.38;;341.333
10.3101;;1363.5;-334.059;1029.44;;341.333
10.3201;;1363.5;-334.057;1029.44;;341.333
10.3301;;1363.5;-333.952;1029.54;;341.333
10.3401;;1363.5;-333.765;1029.73;;341.333
10.3501;;1363.5;-333.946;1029.55;;341.333
10.3601;;1363.5;-333.766;1029.73;;341.333
10.3701;;1363.5;-333.794;1029.7;;341.333
10.3801;;1363.5;-333.81;1029.68;;341.333
10.3901;;1363.5;-333.684;1029.81;;341.333
10.4001;;1363.5;-333.634;1029.86;;341.333
10.4101;;1363.5;-333.657;1029.84;;341.333
10.4201;;1363.5;-333.713;1029.78;;341.333
10.4301;;1363.5;-333.742;1029.75;;341.333
10.4401;;1363.5;-333.802;1029.69;;341.333
10.4501;;1363.5;-333.746;1029.75;;341.333
10.4601;;1363.5;-333.895;1029.6;;341.333
10.4701;;1363.5;-333.821;1029.67;;341.333
10.4801;;1363.5;-333.907;1029.59;;341.333
10.4901;;1363.5;-333.903;1029.59;;341.333
10.5001;;1363.5;-334.04;1029.46;;341.333
10.5101;;1363.5;-334.131;1029.36;;341.333
10.5201;;1363.5;-334.034;1029.46;;341.333
10.5301;;1363.5;-334.071;1029.42;;341.333
10.5401;;1363.5;-334.05;1029.44;;341.333
10.5501;;1363.5;-334.122;1029.37;;341.333
10.5601;;1363.5;-334.099;1029.4;;341.333
10.5701;;1363.5;-334.005;1029.49;;341.333
10.5801;;1363.5;-333.966;1029.53;;341.333
10.5901;;1363.5;-333.9;1029.6;;341.333
10.6001;;1363.5;-333.942;1029.55;;341.333
10.6101;;1363.5;-333.898;1029.6;;341.333
10.6201;;1363.5;-333.953;1029.54;;341.333
10.6301;;1363.5;-333.692;1029.8;;341.333
10.6401;;1363.5;-333.596;1029.9;;341.333
10.6501;;1363.5;-333.632;1029.86;;341.333
10.6601;;1363.5;-333.499;1030;;341.333
10.6701;;1363.5;-333.57;1029.92;;341.333
10.6801;;1363.5;-333.621;1029.87;;341.333
10.6901;;1363.5;-333.722;1029.77;;341.333
10.7001;;1363.5;-333.649;1029.85;;341.333
10.7101;;1363.5;-333.589;1029.91;;341.333
10.7201;;1363.5;-333.778;1029.72;;341.333
10.7302;;1363.5;-333.732;1029.76;;341.333
10.7402;;1363.5;-333.799;1029.7;;341.333
10.7502;;1363.5;-333.942;1029.55;;341.333
10.7602;;1363.5;-333.83;1029.67;;341.333
10.7702;;1363.5;-333.915;1029.58;;341.333
10.7802;;1363.5;-334.119;1029.38;;341.333
10.7902;;1363.5;-334.119;1029.38;;341.333
10.8002;;1363.5;-334.157;1029.34;;341.333
10.8102;;1363.5;-334.136;1029.36;;341.333
10.8202;;1363.5;-334.032;1029.46;;341.333
10.8302;;1363.5;-334.036;1029.46;;341.333
10.8402;;1363.5;-334.021;1029.47;;341.333
10.8502;;1363.5;-333.779;1029.72;;341.333
10.8602;;1363.5;-333.853;1029.64;;341.333
10.8702;;1363.5;-333.939;1029.56;;341.333
10.8802;;1363.5;-333.818;1029.68;;341.333
10.8902;;1363.5;-333.627;1029.87;;341.333
10.9002;;1363.5;-333.685;1029.81;;341.333
10.9102;;1363.5;-333.794;1029.7;;341.333
10.9202;;1363.5;-333.6;1029.89;;341.333
10.9302;;1363.5;-333.716;1029.78;;341.333
10.9402;;1363.5;-333.6;1029.9;;341.333
10.9502;;1363.5;-333.617;1029.88;;341.333
10.9602;;1363.5;-333.654;1029.84;;341.333
10.9702;;1363.5;-333.744;1029.75;;341.333
10.9802;;1363.5;-333.741;1029.75;;341.333
10.9902;;1363.5;-333.802;1029.69;;341.333
11.0002;;1363.5;-333.788;1029.71;;341.333
11.0102;;1363.5;-333.754;1029.74;;341.333
11.0202;;1363.5;-333.978;1029.52;;341.333
11.0302;;1363.5;-333.982;1029.51;;341.333
11.0402;;1363.5;-334.115;1029.38;;341.333
11.0502;;1363.5;-334.133;1029.36;;341.333
11.0602;;1363.5;-334.065;1029.43;;341.333
11.0702;;1363.5;-334.037;1029.46;;341.333
11.0802;;1363.5;-334.046;1029.45;;341.333
11.0902;;1363.5;-334.073;1029.42;;341.333
11.1002;;1363.5;-334.024;1029.47;;341.333
11.1102;;1363.5;-334.088;1029.41;;341.333
11.1202;;1363.5;-333.957;1029.54;;341.333
11.1302;;1363.5;-333.86;1029.64;;341.333
11.1402;;1363.5;-333.763;1029.73;;341.333
11.1502;;1363.5;-333.852;1029.64;;341.333
11.1602;;1363.5;-333.592;1029.9;;341.333
11.1702;;1363.5;-333.668;1029.83;;341.333
11.1802;;1363.5;-333.747;1029.75;;341.333
11.1902;;1363.5;-333.559;1029.94;;341.333
11.2002;;1363.5;-333.538;1029.96;;341.333
11.2102;;1363.5;-333.664;1029.83;;341.333
11.2202;;1363.5;-333.602;1029.89;;341.333
11.2302;;1363.5;-333.716;1029.78;;341.333
11.2402;;1363.5;-333.775;1029.72;;341.333
11.2502;;1363.5;-333.718;1029.78;;341.333
11.2602;;1363.5;-333.827;1029.67;;341.333
11.2702;;1363.5;-333.752;1029.74;;341.333
11.2802;;1363.5;-333.864;1029.63;;341.333
11.2902;;1363.5;-334.051;1029.44;;341.333
11.3002;;1363.5;-334.125;1029.37;;341.333
11.3102;;1363.5;-334.174;1029.32;;341.333
11.3202;;1363.5;-334.17;1029.32;;341.333
11.3302;;1363.5;-334.275;1029.22;;341.333
11.3402;;1363.5;-334.102;1029.39;;341.333
11.3502;;1363.5;-334.131;1029.36;;341.333
11.3602;;1363.5;-334.207;1029.29;;341.333
11.3702;;1363.5;-334.185;1029.31;;341.333
11.3802;;1363.5;-333.846;1029.65;;341.333
11.3902;;1363.5;-333.811;1029.68;;341.333
11.4002;;1363.5;-334.005;1029.49;;341.333
11.4102;;1363.5;-333.887;1029.61;;341.333
11.4202;;1363.5;-333.702;1029.79;;341.333
11.4302;;1363.5;-333.731;1029.76;;341.333
11.4402;;1363.5;-333.629;1029.87;;341.333
11.4502;;1363.5;-333.593;1029.9;;341.333
11.4602;;1363.5;-333.62;1029.88;;341.333
11.4702;;1363.5;-333.665;1029.83;;341.333
11.4802;;1363.5;-333.715;1029.78;;341.333
11.4902;;1363.5;-333.667;1029.83;;341.333
11.5002;;1363.5;-333.695;1029.8;;341.333
11.5102;;1363.5;-333.693;1029.8;;341.333
11.5202;;1363.5;-333.878;1029.62;;341.333
11.5302;;1363.5;-333.974;1029.52;;341.333
11.5402;;1363.5;-333.956;1029.54;;341.333
11.5502;;1363.5;-334.137;1029.36;;341.333
11.5602;;1363.5;-334.085;1029.41;;341.333
11.5702;;1363.5;-334.027;1029.47;;341.333
11.5802;;1363.5;-334.13;1029.36;;341.333
11.5902;;1363.5;-334.096;1029.4;;341.333
11.6002;;1363.5;-333.998;1029.5;;341.333
11.6102;;1363.5;-334.015;1029.48;;341.333
11.6202;;1363.5;-334.039;1029.46;;341.333
11.6302;;1363.5;-334.051;1029.44;;341.333
11.6402;;1363.5;-333.993;1029.5;;341.333
11.6502;;1363.5;-333.851;1029.64;;341.333
11.6602;;1363.5;-334.007;1029.49;;341.333
11.6702;;1363.5;-333.886;1029.61;;341.333
11.6802;;1363.5;-333.685;1029.81;;341.333
11.6902;;1363.5;-333.662;1029.83;;341.333
11.7002;;1363.5;-333.792;1029.7;;341.333
11.7102;;1363.5;-333.658;1029.84;;341.333
11.7202;;1363.5;-333.678;1029.82;;341.333
11.7302;;1363.5;-333.706;1029.79;;341.333
11.7402;;1363.5;-333.609;1029.89;;341.333
11.7502;;1363.5;-333.671;1029.82;;341.333
11.7602;;1363.5;-333.799;1029.7;;341.333
11.7702;;1363.5;-333.721;1029.77;;341.333
11.7802;;1363.5;-333.79;1029.7;;341.333
11.7902;;1363.5;-333.94;1029.56;;341.333
11.8002;;1363.5;-333.918;1029.58;;341.333
11.8102;;1363.5;-333.914;1029.58;;341.333
11.8202;;1363.5;-334.125;1029.37;;341.333
11.8302;;1363.5;-334.186;1029.31;;341.333
11.8402;;1363.5;-334.224;1029.27;;341.333
11.8502;;1363.5;-334.261;1029.23;;341.333
11.8602;;1363.5;-334.108;1029.39;;341.333
11.8702;;1363.5;-334.058;1029.44;;341.333
11.8802;;1363.5;-334.062;1029.43;;341.333
11.8902;;1363.5;-334.006;1029.49;;341.333
11.9002;;1363.5;-334.019;1029.48;;341.333
11.9102;;1363.5;-334.068;1029.43;;341.333
11.9202;;1363.5;-333.991;1029.5;;341.333
11.9302;;1363.5;-333.753;1029.74;;341.333
11.9402;;1363.5;-333.724;1029.77;;341.333
11.9502;;1363.5;-333.759;1029.74;;341.333
11.9602;;1363.5;-333.696;1029.8;;341.333
11.9702;;1363.5;-333.668;1029.83;;341.333
11.9802;;1363.5;-333.713;1029.78;;341.333
11.9902;;1363.5;-333.579;1029.92;;341.333
12.0002;;1363.5;-333.691;1029.8;;341.333
12.0102;;1363.5;-333.709;1029.79;;341.333
12.0202;;1363.5;-333.778;1029.72;;341.333
12.0302;;1363.5;-333.813;1029.68;;341.333
12.0402;;1363.5;-333.774;1029.72;;341.333
12.0502;;1363.5;-333.688;1029.81;;341.333
12.0602;;1363.5;-333.693;1029.8;;341.333
12.0702;;1363.5;-333.946;1029.55;;341.333
12.0802;;1363.5;-334.128;1029.37;;341.333
12.0902;;1363.5;-334.048;1029.45;;341.333
12.1002;;1363.5;-334.192;1029.3;;341.333
12.1102;;1363.5;-334.136;1029.36;;341.333
12.1202;;1363.5;-334.126;1029.37;;341.333
12.1302;;1363.5;-334.156;1029.34;;341.333
12.1402;;1363.5;-334.076;1029.42;;341.333
12.1502;;1363.5;-334.066;1029.43;;341.333
12.1602;;1363.5;-334.016;1029.48;;341.333
12.1702;;1363.5;-334.016;1029.48;;341.333
12.1802;;1363.5;-333.746;1029.75;;341.333
12.1902;;1363.5;-333.816;1029.68;;341.333
12.2002;;1363.5;-333.788;1029.71;;341.333
12.2102;;1363.5;-333.71;1029.79;;341.333
12.2202;;1363.5;-333.721;1029.77;;341.333
12.2302;;1363.5;-333.724;1029.77;;341.333
12.2402;;1363.5;-333.612;1029.88;;341.333
12.2502;;1363.5;-333.621;1029.87;;341.333
12.2602;;1363.5;-333.8;1029.7;;341.333
12.2702;;1363.5;-333.656;1029.84;;341.333
12.2802;;1363.5;-333.691;1029.8;;341.333
12.2902;;1363.5;-333.669;1029.83;;341.333
12.3002;;1363.5;-333.673;1029.82;;341.333
12.3102;;1363.5;-333.745;1029.75;;341.333
12.3202;;1363.5;-333.673;1029.82;;341.333
12.3302;;1363.5;-333.851;1029.64;;341.333
12.3402;;1363.5;-334.075;1029.42;;341.333
12.3502;;1363.5;-333.883;1029.61;;341.333
12.3602;;1363.5;-334.074;1029.42;;341.333
12.3702;;1363.5;-334.004;1029.49;;341.333
12.3802;;1363.5;-334.11;1029.39;;341.333
12.3902;;1363.5;-334.027;1029.47;;341.333
12.4002;;1363.5;-334.085;1029.41;;341.333
12.4102;;1363.5;-334.119;1029.38;;341.333
12.4202;;1363.5;-333.989;1029.51;;341.333
12.4302;;1363.5;-333.871;1029.62;;341.333
12.4402;;1363.5;-333.958;1029.54;;341.333
12.4502;;1363.5;-333.901;1029.59;;341.333
12.4602;;1363.5;-333.927;1029.57;;341.333
12.4702;;1363.5;-333.765;1029.73;;341.333
12.4802;;1363.5;-333.549;1029.95;;341.333
12.4902;;1363.5;-333.746;1029.75;;341.333
12.5002;;1363.5;-333.606;1029.89;;341.333
12.5102;;1363.5;-333.575;1029.92;;341.333
12.5202;;1363.5;-333.579;1029.92;;341.333
12.5302;;1363.5;-333.822;1029.67;;341.333
12.5402;;1363.5;-333.557;1029.94;;341.333
12.5502;;1363.5;-333.758;1029.74;;341.333
12.5602;;1363.5;-333.753;1029.74;;341.333
12.5702;;1363.5;-333.752;1029.74;;341.333
12.5802;;1363.5;-333.685;1029.81;;341.333
12.5902;;1363.5;-333.829;1029.67;;341.333
12.6002;;1363.5;-333.878;1029.62;;341.333
12.6102;;1363.5;-334.062;1029.43;;341.333
12.6202;;1363.5;-334.153;1029.34;;341.333
12.6302;;1363.5;-334.168;1029.33;;341.333
12.6402;;1363.5;-334.154;1029.34;;341.333
12.6502;;1363.5;-334.121;1029.37;;341.333
12.6602;;1363.5;-334.032;1029.46;;341.333
12.6702;;1363.5;-333.972;1029.52;;341.333
12.6802;;1363.5;-334.052;1029.44;;341.333
12.6902;;1363.5;-333.977;1029.52;;341.333
12.7002;;1363.5;-333.972;1029.52;;341.333
12.7102;;1363.5;-333.967;1029.53;;341.333
12.7202;;1363.5;-333.802;1029.69;;341.333
12.7302;;1363.5;-333.634;1029.86;;341.333
12.7402;;1363.5;-333.701;1029.79;;341.333
12.7502;;1363.5;-333.707;1029.79;;341.333
12.7602;;1363.5;-333.73;1029.77;;341.333
12.7702;;1363.5;-333.757;1029.74;;341.333
12.7802;;1363.5;-333.555;1029.94;;341.333
12.7902;;1363.5;-333.68;1029.82;;341.333
12.8002;;1363.5;-333.682;1029.81;;341.333
12.8102;;1363.5;-333.75;1029.75;;341.333
12.8202;;1363.5;-333.926;1029.57;;341.333
12.8302;;1363.5;-333.757;1029.74;;341.333
12.8402;;1363.5;-333.929;1029.57;;341.333
12.8502;;1363.5;-333.824;1029.67;;341.333
12.8602;;1363.5;-333.941;1029.55;;341.333
12.8702;;1363.5;-334.024;1029.47;;341.333
12.8802;;1363.5;-333.968;1029.53;;341.333
12.8902;;1363.5;-334.138;1029.36;;341.333
12.9002;;1363.5;-334.145;1029.35;;341.333
12.9102;;1363.5;-333.972;1029.52;;341.333
12.9202;;1363.5;-333.966;1029.53;;341.333
12.9302;;1363.5;-334.091;1029.4;;341.333
12.9402;;1363.5;-333.95;1029.54;;341.333
12.9502;;1363.5;-334.03;1029.47;;341.333
12.9602;;1363.5;-333.962;1029.53;;341.333
12.9702;;1363.5;-333.817;1029.68;;341.333
12.9802;;1363.5;-333.882;1029.61;;341.333
12.9902;;1363.5;-333.87;1029.62;;341.333
13.0002;;1363.5;-333.67;1029.83;;341.333
13.0102;;1363.5;-333.64;1029.85;;341.333
13.0202;;1363.5;-333.666;1029.83;;341.333
13.0302;;1363.5;-333.589;1029.91;;341.333
13.0402;;1363.5;-333.729;1029.77;;341.333
13.0502;;1363.5;-333.75;1029.74;;341.333
13.0602;;1363.5;-333.8;1029.69;;341.333
13.0702;;1363.5;-333.661;1029.83;;341.333
13.0802;;1363.5;-333.89;1029.61;;341.333
13.0902;;1363.5;-333.92;1029.58;;341.333
13.1002;;1363.5;-333.83;1029.66;;341.333
13.1102;;1363.5;-333.926;1029.57;;341.333
13.1202;;1363.5;-333.924;1029.57;;341.333
13.1302;;1363.5;-334.048;1029.45;;341.333
13.1402;;1363.5;-334.109;1029.39;;341.333
13.1502;;1363.5;-334.033;1029.46;;341.333
13.1602;;1363.5;-334.134;1029.36;;341.333
13.1702;;1363.5;-334.135;1029.36;;341.333
13.1802;;1363.5;-334.106;1029.39;;341.333
13.1902;;1363.5;-334.098;1029.4;;341.333
13.2002;;1363.5;-334.113;1029.38;;341.333
13.2102;;1363.5;-333.959;1029.54;;341.333
13.2202;;1363.5;-333.994;1029.5;;341.333
13.2302;;1363.5;-334.022;1029.47;;341.333
13.2402;;1363.5;-334.02;1029.48;;341.333
13.2502;;1363.5;-333.967;1029.53;;341.333
13.2602;;1363.5;-333.769;1029.73;;341.333
13.2702;;1363.5;-333.665;1029.83;;341.333
13.2802;;1363.5;-333.611;1029.88;;341.333
13.2902;;1363.5;-333.634;1029.86;;341.333
13.3002;;1363.5;-333.762;1029.73;;341.333
13.3102;;1363.5;-333.636;1029.86;;341.333
13.3202;;1363.5;-333.636;1029.86;;341.333
13.3302;;1363.5;-333.72;1029.78;;341.333
13.3402;;1363.5;-333.6;1029.89;;341.333
13.3502;;1363.5;-333.81;1029.69;;341.333
13.3602;;1363.5;-333.857;1029.64;;341.333
13.3702;;1363.5;-333.8;1029.7;;341.333
13.3802;;1363.5;-333.877;1029.62;;341.333
13.3902;;1363.5;-334.054;1029.44;;341.333
13.4002;;1363.5;-334.023;1029.47;;341.333
13.4102;;1363.5;-334.245;1029.25;;341.333
13.4202;;1363.5;-334.227;1029.27;;341.333
13.4302;;1363.5;-334.202;1029.29;;341.333
13.4402;;1363.5;-334.102;1029.39;;341.333
13.4502;;1363.5;-334.146;1029.35;;341.333
13.4602;;1363.5;-333.947;1029.55;;341.333
13.4702;;1363.5;-333.973;1029.52;;341.333
13.4802;;1363.5;-333.98;1029.51;;341.333
13.4902;;1363.5;-333.962;1029.53;;341.333
13.5002;;1363.5;-334.003;1029.49;;341.333
13.5102;;1363.5;-333.884;1029.61;;341.333
13.5202;;1363.5;-333.718;1029.78;;341.333
13.5302;;1363.5;-333.708;1029.79;;341.333
13.5402;;1363.5;-333.744;1029.75;;341.333
13.5502;;1363.5;-333.646;1029.85;;341.333
13.5602;;1363.5;-333.625;1029.87;;341.333
13.5702;;1363.5;-333.726;1029.77;;341.333
13.5802;;1363.5;-333.668;1029.83;;341.333
13.5902;;1363.5;-333.659;1029.84;;341.333
13.6002;;1363.5;-333.799;1029.7;;341.333
13.6102;;1363.5;-333.752;1029.74;;341.333
13.6202;;1363.5;-333.738;1029.76;;341.333
13.6302;;1363.5;-333.916;1029.58;;341.333
13.6402;;1363.5;-333.955;1029.54;;341.333
13.6502;;1363.5;-334.105;1029.39;;341.333
13.6602;;1363.5;-334.136;1029.36;;341.333
13.6702;;1363.5;-334.179;1029.32;;341.333
13.6802;;1363.5;-334.047;1029.45;;341.333
13.6902;;1363.5;-334.151;1029.34;;341.333
13.7002;;1363.5;-334.033;1029.46;;341.333
13.7102;;1363.5;-334.1;1029.4;;341.333
13.7202;;1363.5;-333.983;1029.51;;341.333
13.7302;;1363.5;-334.143;1029.35;;341.333
13.7402;;1363.5;-333.902;1029.59;;341.333
13.7502;;1363.5;-333.92;1029.57;;341.333
13.7602;;1363.5;-333.928;1029.57;;341.333
13.7702;;1363.5;-333.866;1029.63;;341.333
13.7802;;1363.5;-333.682;1029.81;;341.333
13.7902;;1363.5;-333.754;1029.74;;341.333
13.8002;;1363.5;-333.72;1029.78;;341.333
13.8102;;1363.5;-333.639;1029.86;;341.333
13.8202;;1363.5;-333.688;1029.81;;341.333
13.8302;;1363.5;-333.63;1029.86;;341.333
13.8402;;1363.5;-333.668;1029.83;;341.333
13.8502;;1363.5;-333.636;1029.86;;341.333
13.8602;;1363.5;-333.682;1029.81;;341.333
13.8702;;1363.5;-333.899;1029.6;;341.333
13.8802;;1363.5;-333.849;1029.65;;341.333
13.8902;;1363.5;-333.895;1029.6;;341.333
13.9002;;1363.5;-333.902;1029.59;;341.333
13.9102;;1363.5;-334.032;1029.46;;341.333
13.9202;;1363.5;-334.061;1029.43;;341.333
13.9302;;1363.5;-334.101;1029.39;;341.333
13.9402;;1363.5;-334.221;1029.27;;341.333
13.9502;;1363.5;-334.05;1029.44;;341.333
13.9602;;1363.5;-334.042;1029.45;;341.333
13.9702;;1363.5;-334.126;1029.37;;341.333
13.9802;;1363.5;-334.043;1029.45;;341.333
13.9902;;1363.5;-334.112;1029.38;;341.333
14.0002;;1363.5;-334.034;1029.46;;341.333
14.0102;;1363.5;-333.848;1029.65;;341.333
14.0202;;1363.5;-333.935;1029.56;;341.333
14.0302;;1363.5;-333.969;1029.53;;341.333
14.0402;;1363.5;-333.797;1029.7;;341.333
14.0502;;1363.5;-333.844;1029.65;;341.333
14.0602;;1363.5;-333.67;1029.82;;341.333
14.0702;;1363.5;-333.569;1029.93;;341.333
14.0802;;1363.5;-333.58;1029.92;;341.333
14.0902;;1363.5;-333.671;1029.82;;341.333
14.1002;;1363.5;-333.701;1029.79;;341.333
14.1102;;1363.5;-333.598;1029.9;;341.333
14.1202;;1363.5;-333.695;1029.8;;341.333
14.1302;;1363.5;-333.806;1029.69;;341.333
14.1402;;1363.5;-333.89;1029.61;;341.333
14.1502;;1363.5;-333.825;1029.67;;341.333
14.1602;;1363.5;-333.922;1029.57;;341.333
14.1702;;1363.5;-333.89;1029.61;;341.333
14.1802;;1363.5;-334.047;1029.45;;341.333
14.1902;;1363.5;-334.007;1029.49;;341.333
14.2002;;1363.5;-334.134;1029.36;;341.333
14.2102;;1363.5;-334.16;1029.34;;341.333
14.2202;;1363.5;-334.18;1029.31;;341.333
14.2302;;1363.5;-334.054;1029.44;;341.333
14.2402;;1363.5;-334.02;1029.47;;341.333
14.2502;;1363.5;-334.179;1029.32;;341.333
14.2602;;1363.5;-333.899;1029.6;;341.333
14.2702;;1363.5;-333.988;1029.51;;341.333
14.2802;;1363.5;-333.998;1029.5;;341.333
14.2902;;1363.5;-334.007;1029.49;;341.333
14.3002;;1363.5;-333.803;1029.69;;341.333
14.3102;;1363.5;-333.807;1029.69;;341.333
14.3202;;1363.5;-333.696;1029.8;;341.333
14.3302;;1363.5;-333.743;1029.75;;341.333
14.3402;;1363.5;-333.661;1029.83;;341.333
14.3502;;1363.5;-333.591;1029.9;;341.333
14.3602;;1363.5;-333.679;1029.82;;341.333
14.3702;;1363.5;-333.838;1029.66;;341.333
14.3802;;1363.5;-333.599;1029.9;;341.333
14.3902;;1363.5;-333.633;1029.86;;341.333
14.4002;;1363.5;-333.804;1029.69;;341.333
14.4102;;1363.5;-333.806;1029.69;;341.333
14.4202;;1363.5;-333.834;1029.66;;341.333
14.4302;;1363.5;-333.94;1029.56;;341.333
14.4402;;1363.5;-333.942;1029.55;;341.333
14.4502;;1363.5;-334.104;1029.39;;341.333
14.4602;;1363.5;-334.178;1029.32;;341.333
14.4702;;1363.5;-334.03;1029.47;;341.333
14.4802;;1363.5;-334.229;1029.27;;341.333
14.4902;;1363.5;-334.244;1029.25;;341.333
14.5002;;1363.5;-334.112;1029.38;;341.333
14.5102;;1363.5;-334.012;1029.48;;341.333
14.5202;;1363.5;-334.155;1029.34;;341.333
14.5302;;1363.5;-333.965;1029.53;;341.333
14.5402;;1363.5;-333.909;1029.59;;341.333
14.5502;;1363.5;-334.129;1029.37;;341.333
14.5602;;1363.5;-333.889;1029.61;;341.333
14.5702;;1363.5;-333.694;1029.8;;341.333
14.5802;;1363.5;-333.703;1029.79;;341.333
14.5902;;1363.5;-333.699;1029.8;;341.333
14.6002;;1363.5;-333.708;1029.79;;341.333
14.6102;;1363.5;-333.694;1029.8;;341.333
14.6202;;1363.5;-333.66;1029.84;;341.333
14.6302;;1363.5;-333.677;1029.82;;341.333
14.6402;;1363.5;-333.715;1029.78;;341.333
14.6502;;1363.5;-333.754;1029.74;;341.333
14.6602;;1363.5;-333.824;1029.67;;341.333
14.6702;;1363.5;-333.82;1029.68;;341.333
14.6802;;1363.5;-333.843;1029.65;;341.333
14.6902;;1363.5;-333.788;1029.71;;341.333
14.7002;;1363.5;-334.049;1029.45;;341.333
14.7102;;1363.5;-334.009;1029.49;;341.333
14.7202;;1363.5;-334.023;1029.47;;341.333
14.7302;;1363.5;-334.169;1029.33;;341.333
14.7402;;1363.5;-334.224;1029.27;;341.333
14.7502;;1363.5;-333.972;1029.52;;341.333
14.7602;;1363.5;-334.143;1029.35;;341.333
14.7702;;1363.5;-334.095;1029.4;;341.333
14.7802;;1363.5;-334.006;1029.49;;341.333
14.7902;;1363.5;-334.029;1029.47;;341.333
14.8002;;1363.5;-334.101;1029.39;;341.333
14.8102;;1363.5;-334.004;1029.49;;341.333
14.8202;;1363.5;-333.911;1029.58;;341.333
14.8302;;1363.5;-333.774;1029.72;;341.333
14.8402;;1363.5;-333.683;1029.81;;341.333
14.8502;;1363.5;-333.761;1029.73;;341.333
14.8602;;1363.5;-333.828;1029.67;;341.333
14.8702;;1363.5;-333.695;1029.8;;341.333
14.8802;;1363.5;-333.663;1029.83;;341.333
14.8902;;1363.5;-333.712;1029.78;;341.333
14.9002;;1363.5;-333.748;1029.75;;341.333
14.9102;;1363.5;-333.732;1029.76;;341.333
14.9202;;1363.5;-333.875;1029.62;;341.333
14.9302;;1363.5;-333.864;1029.63;;341.333
14.9402;;1363.5;-333.946;1029.55;;341.333
14.9502;;1363.5;-334.044;1029.45;;341.333
14.9602;;1363.5;-333.902;1029.59;;341.333
14.9702;;1363.5;-334.087;1029.41;;341.333
14.9802;;1363.5;-334.07;1029.43;;341.333
14.9902;;1363.5;-334.06;1029.44;;341.333
