0;;1029.38;-0.0246582;1029.36;;1024
0.01;;1029.38;0.0599365;1029.44;;1024
0.02;;1029.38;0.0693359;1029.45;;1024
0.03;;1029.38;-0.0408936;1029.34;;1024
0.04;;1029.38;0.119141;1029.5;;1024
0.05;;1029.38;0.155762;1029.54;;1024
0.06;;1029.38;0.121216;1029.5;;1024
0.07;;1029.38;0.222534;1029.6;;1024
0.08;;1029.38;0.172852;1029.55;;1024
0.09;;1029.38;0.175659;1029.56;;1024
0.1;;1029.38;0.206909;1029.59;;1024
0.11;;1029.38;0.116455;1029.5;;1024
0.12;;1029.38;0.122803;1029.5;;1024
0.13;;1029.38;0.115356;1029.5;;1024
0.14;;1029.38;0.119141;1029.5;;1024
0.15;;1029.38;0.160767;1029.54;;1024
0.16;;1029.38;0.115112;1029.5;;1024
0.17;;1029.38;0.225952;1029.61;;1024
0.18;;1029.38;0.280151;1029.66;;1024
0.19;;1029.38;0.230835;1029.61;;1024
0.2;;1029.38;0.264404;1029.64;;1024
0.21;;1029.38;0.890747;1030.27;;1024
0.22;;1029.38;3.96924;1033.35;;1024
0.23;;1029.38;4.9823;1034.36;;1024
0.24;;1029.38;8.80432;1038.18;;1024
0.25;;1029.38;13.0009;1042.38;;1024
0.26;;1029.38;14.7028;1044.08;;1024
0.27;;1029.38;18.6033;1047.98;;1024
0.28;;1029.38;23.0521;1052.43;;1024
0.29;;1029.38;26.3374;1055.72;;1024
0.3;;1029.38;28.5699;1057.95;;1024
0.31;;1029.38;29.9589;1059.34;;1024
0.32;;1029.38;33.7465;1063.13;;1024
0.33;;1029.38;36.8881;1066.27;;1024
0.34;;1029.38;37.6837;1067.06;;1024
0.35;;1029.38;41.2729;1070.65;;1024
0.36;;1029.38;43.7008;1073.08;;1024
0.37;;1029.38;44.8885;1074.27;;1024
0.38;;1029.38;46.598;1075.98;;1024
0.39;;1029.38;48.9733;1078.35;;1024
0.4;;1029.38;51.6539;1081.03;;1024
0.41;;1029.38;52.6661;1082.05;;1024
0.42;;1029.38;55.2751;1084.66;;1024
0.43;;1029.38;54.526;1083.91;;1024
0.44;;1029.38;57.387;1086.77;;1024
0.45;;1029.38;59.8221;1089.2;;1024
0.46;;1029.38;60.6442;1090.02;;1024
0.47;;1029.38;63.0571;1092.44;;1024
0.48;;1029.38;64.7264;1094.11;;1024
0.49;;1029.38;63.8973;1093.28;;1024
0.5;;1029.38;66.7037;1096.08;;1024
0.51;;1029.38;68.8322;1098.21;;1024
0.52;;1029.38;69.0179;1098.4;;1024
0.53;;1029.38;72.0568;1101.44;;1024
0.54;;1029.38;74.7729;1104.15;;1024
0.55;;1029.38;72.6157;1102;;1024
0.56;;1029.38;75.858;1105.24;;1024
0.57;;1029.38;74.8429;1104.22;;1024
0.58;;1029.38;77.7194;1107.1;;1024
0.59;;1029.38;78.3884;1107.77;;1024
0.6;;1029.38;78.3322;1107.71;;1024
0.61;;1029.38;81.658;1111.04;;1024
0.62;;1029.38;80.2786;1109.66;;1024
0.63;;1029.38;81.4543;1110.83;;1024
0.64;;1029.38;85.2635;1114.64;;1024
0.65;;1029.38;84.0317;1113.41;;1024
0.66;;1029.38;87.0295;1116.41;;1024
0.67;;1029.38;86.879;1116.26;;1024
0.68;;1029.38;87.3673;1116.75;;1024
0.69;;1029.38;89.2406;1118.62;;1024
0.7;;1029.38;89.1741;1118.55;;1024
0.71;;1029.38;91.1285;1120.51;;1024
0.72;;1029.38;93.5889;1122.97;;1024
0.73;;1029.38;92.0627;1121.44;;1024
0.74;;1029.38;95.0223;1124.4;;1024
0.75;;1029.38;93.5068;1122.89;;1024
0.76;;1029.38;95.4449;1124.82;;1024
0.77;;1029.38;95.0013;1124.38;;1024
0.78;;1029.38;96.5743;1125.95;;1024
0.79;;1029.38;96.3909;1125.77;;1024
0.8;;1029.38;97.1071;1126.49;;1024
0.81;;1029.38;98.6473;1128.03;;1024
0.82;;1029.38;98.8568;1128.24;;1024
0.83;;1029.38;99.6479;1129.03;;1024
0.839999;;1029.38;99.2463;1128.63;;1024
0.849999;;1029.38;100.951;1130.33;;1024
0.859999;;1029.38;101.385;1130.77;;1024
0.869999;;1029.38;101.455;1130.84;;1024
0.879999;;1029.38;101.33;1130.71;;1024
0.889999;;1029.38;103.629;1133.01;;1024
0.899999;;1029.38;103.007;1132.39;;1024
0.909999;;1029.38;103.807;1133.19;;1024
0.919999;;1029.38;105.235;1134.61;;1024
0.929999;;1029.38;104.642;1134.02;;1024
0.939999;;1029.38;105.845;1135.23;;1024
0.949999;;1029.38;108.012;1137.39;;1024
0.959999;;1029.38;107.887;1137.27;;1024
0.969999;;1029.38;108.432;1137.81;;1024
0.979999;;1029.38;108.093;1137.47;;1024
0.989999;;1029.38;107.287;1136.67;;1024
0.999999;;1029.38;108.514;1137.89;;1024
1.01;;1029.38;109.548;1138.93;;1024
1.02;;1029.38;109.052;1138.43;;1024
1.03;;1029.38;111.059;1140.44;;1024
1.04;;1029.38;109.944;1139.32;;1024
1.05;;1029.38;110.483;1139.86;;1024
1.06;;1029.38;110.876;1140.26;;1024
1.07;;1029.38;113.114;1142.49;;1024
1.08;;1029.38;114.339;1143.72;;1024
1.09;;1029.38;112.924;1142.3;;1024
1.1;;1029.38;115.096;1144.48;;1024
1.11;;1029.38;113.536;1142.92;;1024
1.12;;1029.38;113.525;1142.9;;1024
1.13;;1029.38;114.134;1143.51;;1024
1.14;;1029.38;115.38;1144.76;;1024
1.15;;1029.38;114.879;1144.26;;1024
1.16;;1029.38;116.23;1145.61;;1024
1.17;;1029.38;115.429;1144.81;;1024
1.18;;1029.38;116.348;1145.73;;1024
1.19;;1029.38;117.48;1146.86;;1024
1.2;;1029.38;117.572;1146.95;;1024
1.21;;1029.38;118.026;1147.41;;1024
1.22;;1029.38;117.665;1147.05;;1024
1.23;;1029.38;119.36;1148.74;;1024
1.24;;1029.38;118.651;1148.03;;1024
1.25;;1029.38;118.749;1148.13;;1024
1.26;;1029.38;119.022;1148.4;;1024
1.27;;1029.38;118.291;1147.67;;1024
1.28;;1029.38;118.653;1148.03;;1024
1.29;;1029.38;120.825;1150.21;;1024
1.3;;1029.38;119.943;1149.32;;1024
1.31;;1029.38;120.532;1149.91;;1024
1.32;;1029.38;119.731;1149.11;;1024
1.33;;1029.38;120.134;1149.51;;1024
1.34;;1029.38;119.527;1148.91;;1024
1.35;;1029.38;121.393;1150.77;;1024
1.36;;1029.38;120.567;1149.95;;1024
1.37;;1029.38;121.038;1150.42;;1024
1.38;;1029.38;120.741;1150.12;;1024
1.39;;1029.38;122.682;1152.06;;1024
1.4;;1029.38;121.413;1150.79;;1024
1.41;;1029.38;122.681;1152.06;;1024
1.42;;1029.38;122.209;1151.59;;1024
1.43;;1029.38;123.231;1152.61;;1024
1.44;;1029.38;122.499;1151.88;;1024
1.45;;1029.38;124.283;1153.66;;1024
1.46;;1029.38;123.899;1153.28;;1024
1.47;;1029.38;124.54;1153.92;;1024
1.48;;1029.38;124.619;1154;;1024
1.49;;1029.38;124.28;1153.66;;1024
1.5;;1029.38;125.735;1155.12;;1024
1.51;;1029.38;125.15;1154.53;;1024
1.52;;1029.38;122.384;1151.76;;1024
1.53;;1029.38;124.587;1153.97;;1024
1.54;;1029.38;125.864;1155.24;;1024
1.55;;1029.38;125.71;1155.09;;1024
1.56;;1029.38;126.148;1155.53;;1024
1.57;;1029.38;125.243;1154.62;;1024
1.58;;1029.38;127.631;1157.01;;1024
1.59;;1029.38;125.9;1155.28;;1024
1.6;;1029.38;126.392;1155.77;;1024
1.61;;1029.38;126.056;1155.44;;1024
1.62;;1029.38;126.166;1155.55;;1024
1.63;;1029.38;125.848;1155.23;;1024
1.64;;1029.38;127.671;1157.05;;1024
1.65;;1029.38;126.586;1155.97;;1024
1.66;;1029.38;127.059;1156.44;;1024
1.67;;1029.38;126.917;1156.3;;1024
1.68;;1029.38;126.302;1155.68;;1024
1.69;;1029.38;126.237;1155.62;;1024
1.7;;1029.38;127.942;1157.32;;1024
1.71;;1029.38;127.795;1157.18;;1024
1.72;;1029.38;128.19;1157.57;;1024
1.73;;1029.38;127.067;1156.45;;1024
1.74;;1029.38;126.47;1155.85;;1024
1.75;;1029.38;126.948;1156.33;;1024
1.76;;1029.38;128.613;1157.99;;1024
1.77;;1029.38;128.462;1157.84;;1024
1.78;;1029.38;128.755;1158.14;;1024
1.79;;1029.38;127.787;1157.17;;1024
1.8;;1029.38;126.948;1156.33;;1024
1.81;;1029.38;127.06;1156.44;;1024
1.82;;1029.38;128.538;1157.92;;1024
1.83;;1029.38;129.536;1158.92;;1024
1.84;;1029.38;129.314;1158.69;;1024
1.85;;1029.38;128.068;1157.45;;1024
1.86;;1029.38;127.245;1156.63;;1024
1.87;;1029.38;127.701;1157.08;;1024
1.88;;1029.38;129.063;1158.44;;1024
1.89;;1029.38;130.104;1159.48;;1024
1.9;;1029.38;129.524;1158.9;;1024
1.91;;1029.38;128.488;1157.87;;1024
1.92;;1029.38;128.406;1157.79;;1024
1.93;;1029.38;127.959;1157.34;;1024
1.94;;1029.38;130.024;1159.4;;1024
1.95;;1029.38;130.861;1160.24;;1024
1.96;;1029.38;129.984;1159.36;;1024
1.97;;1029.38;128.778;1158.16;;1024
1.98;;1029.38;128.239;1157.62;;1024
1.99;;1029.38;128.166;1157.55;;1024
2;;1029.38;128.964;1158.34;;1024
2.01;;1029.38;131.006;1160.39;;1024
2.02;;1029.38;130.226;1159.61;;1024
2.03;;1029.38;129.277;1158.66;;1024
2.04;;1029.38;129.793;1159.17;;1024
2.05;;1029.38;128.78;1158.16;;1024
2.06;;1029.38;131.713;1161.09;;1024
2.07;;1029.38;132.111;1161.49;;1024
2.08;;1029.38;130.889;1160.27;;1024
2.09;;1029.38;129.572;1158.95;;1024
2.1;;1029.38;129.945;1159.33;;1024
2.11;;1029.38;129.133;1158.51;;1024
2.12;;1029.38;130.91;1160.29;;1024
2.13;;1029.38;132.484;1161.86;;1024
2.14;;1029.38;131.441;1160.82;;1024
2.15;;1029.38;130.242;1159.62;;1024
2.16;;1029.38;130.603;1159.98;;1024
2.17;;1029.38;129.817;1159.2;;1024
2.18;;1029.38;133.161;1162.54;;1024
2.19;;1029.38;132.748;1162.13;;1024
2.2;;1029.38;132.047;1161.43;;1024
2.21;;1029.38;130.422;1159.8;;1024
2.22;;1029.38;131.215;1160.59;;1024
2.23;;1029.38;130.151;1159.53;;1024
2.24;;1029.38;133.341;1162.72;;1024
2.25;;1029.38;133.105;1162.48;;1024
2.26;;1029.38;132.562;1161.94;;1024
2.27;;1029.38;130.932;1160.31;;1024
2.28;;1029.38;131.7;1161.08;;1024
2.29;;1029.38;130.598;1159.98;;1024
2.3;;1029.38;133.802;1163.18;;1024
2.31;;1029.38;133.296;1162.68;;1024
2.32;;1029.38;133.404;1162.78;;1024
2.33;;1029.38;131.175;1160.56;;1024
2.34;;1029.38;131.981;1161.36;;1024
2.35;;1029.38;130.793;1160.17;;1024
2.36;;1029.38;134.291;1163.67;;1024
2.37;;1029.38;133.56;1162.94;;1024
2.38;;1029.38;133.608;1162.99;;1024
2.39;;1029.38;131.575;1160.95;;1024
2.4;;1029.38;132.488;1161.87;;1024
2.41;;1029.38;131.506;1160.89;;1024
2.42;;1029.38;133.851;1163.23;;1024
2.43;;1029.38;133.99;1163.37;;1024
2.44;;1029.38;134.422;1163.8;;1024
2.45;;1029.38;131.922;1161.3;;1024
2.46;;1029.38;133.082;1162.46;;1024
2.47;;1029.38;131.701;1161.08;;1024
2.48;;1029.38;134.861;1164.24;;1024
2.49;;1029.38;134.62;1164;;1024
2.5;;1029.38;134.619;1164;;1024
2.51;;1029.38;132.407;1161.79;;1024
2.52;;1029.38;133.549;1162.93;;1024
2.53;;1029.38;132.361;1161.74;;1024
2.54;;1029.38;134.442;1163.82;;1024
2.55;;1029.38;134.877;1164.26;;1024
2.56;;1029.38;134.948;1164.33;;1024
2.57;;1029.38;132.582;1161.96;;1024
2.58;;1029.38;133.81;1163.19;;1024
2.59;;1029.38;132.539;1161.92;;1024
2.6;;1029.38;134.67;1164.05;;1024
2.61;;1029.38;134.906;1164.29;;1024
2.62;;1029.38;135.163;1164.54;;1024
2.63;;1029.38;133.181;1162.56;;1024
2.64;;1029.38;134.626;1164.01;;1024
2.65;;1029.38;133.543;1162.92;;1024
2.66;;1029.38;135.901;1165.28;;1024
2.67;;1029.38;135.016;1164.4;;1024
2.68;;1029.38;135.811;1165.19;;1024
2.69;;1029.38;133.867;1163.25;;1024
2.7;;1029.38;135.292;1164.67;;1024
2.71;;1029.38;134.07;1163.45;;1024
2.72;;1029.38;135.459;1164.84;;1024
2.73;;1029.38;136.084;1165.46;;1024
2.74;;1029.38;136.333;1165.71;;1024
2.75;;1029.38;134.44;1163.82;;1024
2.76;;1029.38;135.988;1165.37;;1024
2.77;;1029.38;134.624;1164;;1024
2.78;;1029.38;135.666;1165.05;;1024
2.79;;1029.38;136.237;1165.62;;1024
2.8;;1029.38;136.645;1166.02;;1024
2.81;;1029.38;135.367;1164.75;;1024
2.82;;1029.38;136.609;1165.99;;1024
2.83;;1029.38;134.964;1164.34;;1024
2.84;;1029.38;135.839;1165.22;;1024
2.85;;1029.38;136.812;1166.19;;1024
2.86;;1029.38;137.311;1166.69;;1024
2.87;;1029.38;136.466;1165.85;;1024
2.88;;1029.38;137.135;1166.52;;1024
2.89;;1029.38;135.713;1165.09;;1024
2.9;;1029.38;136.049;1165.43;;1024
2.91;;1029.38;137.125;1166.5;;1024
2.92;;1029.38;137.833;1167.21;;1024
2.93;;1029.38;137.485;1166.87;;1024
2.94;;1029.38;138.049;1167.43;;1024
2.95;;1029.38;136.065;1165.44;;1024
2.96;;1029.38;136.981;1166.36;;1024
2.97;;1029.38;137.336;1166.72;;1024
2.98;;1029.38;138.218;1167.6;;1024
2.99;;1029.38;138.409;1167.79;;1024
3;;1029.38;138.317;1167.7;;1024
3.01;;1029.38;136.447;1165.83;;1024
3.02;;1029.38;136.999;1166.38;;1024
3.03;;1029.38;137.337;1166.72;;1024
3.04;;1029.38;138.518;1167.9;;1024
3.05;;1029.38;139.623;1169;;1024
3.06;;1029.38;138.759;1168.14;;1024
3.07;;1029.38;136.886;1166.27;;1024
3.08;;1029.38;137.389;1166.77;;1024
3.09;;1029.38;137.554;1166.93;;1024
3.1;;1029.38;138.851;1168.23;;1024
3.11;;1029.38;140.278;1169.66;;1024
3.12;;1029.38;139.273;1168.65;;1024
3.13;;1029.38;137.238;1166.62;;1024
3.14;;1029.38;137.925;1167.31;;1024
3.15;;1029.38;137.214;1166.59;;1024
3.16;;1029.38;139.053;1168.43;;1024
3.17;;1029.38;140.162;1169.54;;1024
3.18;;1029.38;139.856;1169.24;;1024
3.19;;1029.38;138.051;1167.43;;1024
3.2;;1029.38;138.608;1167.99;;1024
3.21;;1029.38;137.721;1167.1;;1024
3.22;;1029.38;139.71;1169.09;;1024
3.23;;1029.38;138.441;1167.82;;1024
3.24;;1029.38;140.53;1169.91;;1024
3.25;;1029.38;139.121;1168.5;;1024
3.26;;1029.38;139.447;1168.83;;1024
3.27;;1029.38;138.755;1168.13;;1024
3.28;;1029.38;140.386;1169.77;;1024
3.29;;1029.38;138.78;1168.16;;1024
3.3;;1029.38;141.15;1170.53;;1024
3.31;;1029.38;139.928;1169.31;;1024
3.32;;1029.38;140.167;1169.55;;1024
3.33;;1029.38;140.11;1169.49;;1024
3.34;;1029.38;141.276;1170.66;;1024
3.35;;1029.38;139.725;1169.11;;1024
3.36;;1029.38;142.031;1171.41;;1024
3.37;;1029.38;140.724;1170.1;;1024
3.38;;1029.38;141.271;1170.65;;1024
3.39;;1029.38;141.127;1170.51;;1024
3.4;;1029.38;141.7;1171.08;;1024
3.41;;1029.38;140.632;1170.01;;1024
3.42;;1029.38;142.837;1172.22;;1024
3.43;;1029.38;140.723;1170.1;;1024
3.44;;1029.38;141.909;1171.29;;1024
3.45;;1029.38;142.025;1171.41;;1024
3.46;;1029.38;141.497;1170.88;;1024
3.47;;1029.38;141.337;1170.72;;1024
3.48;;1029.38;140.888;1170.27;;1024
3.49;;1029.38;140.536;1169.92;;1024
3.5;;1029.38;145.26;1174.64;;1024
3.51;;1029.38;141.228;1170.61;;1024
3.52;;1029.38;141.145;1170.53;;1024
3.53;;1029.38;141.677;1171.06;;1024
3.54;;1029.38;141.011;1170.39;;1024
3.55;;1029.38;141.49;1170.87;;1024
3.56;;1029.38;139.007;1168.39;;1024
3.57;;1029.38;139.809;1169.19;;1024
3.58;;1029.38;139.26;1168.64;;1024
3.59;;1029.38;140.717;1170.1;;1024
3.6;;1029.38;139.038;1168.42;;1024
3.61;;1029.38;141.374;1170.75;;1024
3.62;;1029.38;140.178;1169.56;;1024
3.63;;1029.38;140.877;1170.26;;1024
3.64;;1029.38;139.988;1169.37;;1024
3.65;;1029.38;141.789;1171.17;;1024
3.66;;1029.38;140.186;1169.57;;1024
3.67;;1029.38;142.355;1171.73;;1024
3.68;;1029.38;141.181;1170.56;;1024
3.69;;1029.38;141.86;1171.24;;1024
3.7;;1029.38;141.521;1170.9;;1024
3.71;;1029.38;142.647;1172.03;;1024
3.72;;1029.38;140.956;1170.34;;1024
3.73;;1029.38;143.531;1172.91;;1024
3.74;;1029.38;142.225;1171.6;;1024
3.75;;1029.38;142.624;1172;;1024
3.76;;1029.38;142.628;1172.01;;1024
3.77;;1029.38;142.374;1171.75;;1024
3.78;;1029.38;141.927;1171.31;;1024
3.79;;1029.38;140.691;1170.07;;1024
3.8;;1029.38;141.592;1170.97;;1024
3.81;;1029.38;143.467;1172.85;;1024
3.82;;1029.38;143.069;1172.45;;1024
3.83;;1029.38;142.107;1171.49;;1024
3.84;;1029.38;142.453;1171.83;;1024
3.85;;1029.38;139.969;1169.35;;1024
3.86;;1029.38;141.445;1170.83;;1024
3.87;;1029.38;139.95;1169.33;;1024
3.88;;1029.38;139.053;1168.43;;1024
3.89;;1029.38;139.778;1169.16;;1024
3.9;;1029.38;138.913;1168.29;;1024
3.91;;1029.38;138.489;1167.87;;1024
3.92;;1029.38;136.087;1165.47;;1024
3.93;;1029.38;137.679;1167.06;;1024
3.94;;1029.38;136.667;1166.05;;1024
3.95;;1029.38;136.593;1165.97;;1024
3.96;;1029.38;136.427;1165.81;;1024
3.97;;1029.38;135.651;1165.03;;1024
3.98;;1029.38;135.207;1164.59;;1024
3.99;;1029.38;133.1;1162.48;;1024
4;;1029.38;134.322;1163.7;;1024
4.01;;1029.38;133.391;1162.77;;1024
4.02;;1029.38;134.991;1164.37;;1024
4.03;;1029.38;133.891;1163.27;;1024
4.04;;1029.38;135.486;1164.87;;1024
4.05;;1029.38;134.03;1163.41;;1024
4.06;;1029.38;134.817;1164.2;;1024
4.07;;1029.38;134.411;1163.79;;1024
4.08;;1029.38;135.015;1164.39;;1024
4.09;;1029.38;136.874;1166.25;;1024
4.1;;1029.38;136.861;1166.24;;1024
4.11;;1029.38;135.011;1164.39;;1024
4.12;;1029.38;136.022;1165.4;;1024
4.13;;1029.38;135.333;1164.71;;1024
4.14;;1029.38;136.376;1165.76;;1024
4.15;;1029.38;137.839;1167.22;;1024
4.16;;1029.38;138.078;1167.46;;1024
4.17;;1029.38;135.984;1165.36;;1024
4.18;;1029.38;136.835;1166.21;;1024
4.19;;1029.38;136.276;1165.66;;1024
4.2;;1029.38;136.429;1165.81;;1024
4.21;;1029.38;138.251;1167.63;;1024
4.22;;1029.38;138.635;1168.02;;1024
4.23;;1029.38;136.776;1166.16;;1024
4.24;;1029.38;137.715;1167.09;;1024
4.25;;1029.38;137.256;1166.64;;1024
4.26;;1029.38;136.495;1165.88;;1024
4.27;;1029.38;138.361;1167.74;;1024
4.28;;1029.38;139.14;1168.52;;1024
4.29;;1029.38;137.171;1166.55;;1024
4.3;;1029.38;138.284;1167.66;;1024
4.31;;1029.38;137.917;1167.3;;1024
4.32;;1029.38;137.062;1166.44;;1024
4.33;;1029.38;138.311;1167.69;;1024
4.34;;1029.38;139.626;1169.01;;1024
4.35;;1029.38;137.876;1167.26;;1024
4.36;;1029.38;138.995;1168.37;;1024
4.37001;;1029.38;138.742;1168.12;;1024
4.38001;;1029.38;137.799;1167.18;;1024
4.39001;;1029.38;138.54;1167.92;;1024
4.40001;;1029.38;139.826;1169.21;;1024
4.41001;;1029.38;138.324;1167.7;;1024
4.42001;;1029.38;140.061;1169.44;;1024
4.43001;;1029.38;139.898;1169.28;;1024
4.44001;;1029.38;138.467;1167.85;;1024
4.45001;;1029.38;139.536;1168.92;;1024
4.46001;;1029.38;140.871;1170.25;;1024
4.47001;;1029.38;138.742;1168.12;;1024
4.48001;;1029.38;140.237;1169.62;;1024
4.49001;;1029.38;140.427;1169.81;;1024
4.50001;;1029.38;139.182;1168.56;;1024
4.51001;;1029.38;140.762;1170.14;;1024
4.52001;;1029.38;142.013;1171.39;;1024
4.53001;;1029.38;140.479;1169.86;;1024
4.54001;;1029.38;141.207;1170.59;;1024
4.55001;;1029.38;141.305;1170.68;;1024
4.56001;;1029.38;140.418;1169.8;;1024
4.57001;;1029.38;141.83;1171.21;;1024
4.58001;;1029.38;141.55;1170.93;;1024
4.59001;;1029.38;141.522;1170.9;;1024
4.60001;;1029.38;139.092;1168.47;;1024
4.61001;;1029.38;141.544;1170.92;;1024
4.62001;;1029.38;140.641;1170.02;;1024
4.63001;;1029.38;142.42;1171.8;;1024
4.64001;;1029.38;141.807;1171.19;;1024
4.65001;;1029.38;142.191;1171.57;;1024
4.66001;;1029.38;139.2;1168.58;;1024
4.67001;;1029.38;141.113;1170.49;;1024
4.68001;;1029.38;139.78;1169.16;;1024
4.69001;;1029.38;140.354;1169.73;;1024
4.70001;;1029.38;139.905;1169.29;;1024
4.71001;;1029.38;138.545;1167.92;;1024
4.72001;;1029.38;137.872;1167.25;;1024
4.73001;;1029.38;136.476;1165.86;;1024
4.74001;;1029.38;135.623;1165;;1024
4.75001;;1029.38;136.399;1165.78;;1024
4.76001;;1029.38;134.573;1163.95;;1024
4.77001;;1029.38;136.604;1165.98;;1024
4.78001;;1029.38;134.89;1164.27;;1024
4.79001;;1029.38;135.069;1164.45;;1024
4.80001;;1029.38;133.29;1162.67;;1024
4.81002;;1029.38;133.894;1163.27;;1024
4.82002;;1029.38;133.5;1162.88;;1024
4.83002;;1029.38;133.947;1163.33;;1024
4.84002;;1029.38;133.109;1162.49;;1024
4.85002;;1029.38;134.627;1164.01;;1024
4.86002;;1029.38;134.056;1163.44;;1024
4.87002;;1029.38;133.757;1163.14;;1024
4.88002;;1029.38;134.68;1164.06;;1024
4.89002;;1029.38;132.177;1161.56;;1024
4.90002;;1029.38;134.904;1164.28;;1024
4.91002;;1029.38;135.984;1165.36;;1024
4.92002;;1029.38;135.057;1164.44;;1024
4.93002;;1029.38;134.807;1164.19;;1024
4.94002;;1029.38;136.027;1165.41;;1024
4.95002;;1029.38;132.513;1161.89;;1024
4.96002;;1029.38;135.917;1165.3;;1024
4.97002;;1029.38;137.06;1166.44;;1024
4.98002;;1029.38;136.169;1165.55;;1024
4.99002;;1029.38;135.497;1164.88;;1024
5.00002;;1029.38;136.995;1166.38;;1024
5.01002;;1029.38;133.898;1163.28;;1024
5.02002;;1029.38;136.98;1166.36;;1024
5.03002;;1029.38;137.776;1167.16;;1024
5.04002;;1029.38;136.988;1166.37;;1024
5.05002;;1029.38;136.642;1166.02;;1024
5.06002;;1029.38;137.963;1167.34;;1024
5.07002;;1029.38;135.277;1164.66;;1024
5.08002;;1029.38;138.127;1167.51;;1024
5.09002;;1029.38;138.561;1167.94;;1024
5.10002;;1029.38;137.743;1167.12;;1024
5.11002;;1029.38;137.489;1166.87;;1024
5.12002;;1029.38;139.117;1168.5;;1024
5.13002;;1029.38;136.502;1165.88;;1024
5.14002;;1029.38;139.204;1168.58;;1024
5.15002;;1029.38;139.312;1168.69;;1024
5.16002;;1029.38;138.865;1168.24;;1024
5.17002;;1029.38;139.246;1168.63;;1024
5.18002;;1029.38;139.927;1169.31;;1024
5.19002;;1029.38;138.074;1167.45;;1024
5.20002;;1029.38;140.36;1169.74;;1024
5.21002;;1029.38;140.48;1169.86;;1024
5.22002;;1029.38;140.209;1169.59;;1024
5.23002;;1029.38;139.971;1169.35;;1024
5.24003;;1029.38;141.096;1170.48;;1024
5.25003;;1029.38;140.298;1169.68;;1024
5.26003;;1029.38;141.645;1171.03;;1024
5.27003;;1029.38;141.867;1171.25;;1024
5.28003;;1029.38;141.506;1170.89;;1024
5.29003;;1029.38;140.053;1169.43;;1024
5.30003;;1029.38;142.424;1171.8;;1024
5.31003;;1029.38;141.681;1171.06;;1024
5.32003;;1029.38;142.911;1172.29;;1024
5.33003;;1029.38;142.498;1171.88;;1024
5.34003;;1029.38;142.468;1171.85;;1024
5.35003;;1029.38;140.075;1169.46;;1024
5.36003;;1029.38;142.06;1171.44;;1024
5.37003;;1029.38;141.97;1171.35;;1024
5.38003;;1029.38;143.754;1173.13;;1024
5.39003;;1029.38;142.787;1172.17;;1024
5.40003;;1029.38;142.578;1171.96;;1024
5.41003;;1029.38;140.89;1170.27;;1024
5.42003;;1029.38;141.042;1170.42;;1024
5.43003;;1029.38;140.12;1169.5;;1024
5.44003;;1029.38;141.185;1170.57;;1024
5.45003;;1029.38;140.941;1170.32;;1024
5.46003;;1029.38;138.729;1168.11;;1024
5.47003;;1029.38;137.973;1167.35;;1024
5.48003;;1029.38;137.336;1166.72;;1024
5.49003;;1029.38;136.129;1165.51;;1024
5.50003;;1029.38;138.005;1167.39;;1024
5.51003;;1029.38;135.579;1164.96;;1024
5.52003;;1029.38;136.825;1166.2;;1024
5.53003;;1029.38;136.2;1165.58;;1024
5.54003;;1029.38;135.429;1164.81;;1024
5.55003;;1029.38;134.412;1163.79;;1024
5.56003;;1029.38;135.034;1164.41;;1024
5.57003;;1029.38;134.825;1164.21;;1024
5.58003;;1029.38;132.445;1161.82;;1024
5.59003;;1029.38;133.182;1162.56;;1024
5.60003;;1029.38;132.871;1162.25;;1024
5.61003;;1029.38;132.674;1162.05;;1024
5.62003;;1029.38;132.004;1161.38;;1024
5.63003;;1029.38;132.735;1162.12;;1024
5.64003;;1029.38;132.019;1161.4;;1024
5.65003;;1029.38;131.516;1160.9;;1024
5.66003;;1029.38;132.765;1162.15;;1024
5.67003;;1029.38;132.986;1162.37;;1024
5.68004;;1029.38;133.191;1162.57;;1024
5.69004;;1029.38;133.574;1162.95;;1024
5.70004;;1029.38;132.979;1162.36;;1024
5.71004;;1029.38;130.825;1160.21;;1024
5.72004;;1029.38;132.552;1161.93;;1024
5.73004;;1029.38;134.129;1163.51;;1024
5.74004;;1029.38;133.719;1163.1;;1024
5.75004;;1029.38;134.813;1164.19;;1024
5.76004;;1029.38;134.365;1163.74;;1024
5.77004;;1029.38;132.215;1161.59;;1024
5.78004;;1029.38;134.016;1163.4;;1024
5.79004;;1029.38;134.697;1164.08;;1024
5.80004;;1029.38;134.974;1164.35;;1024
5.81004;;1029.38;135.434;1164.81;;1024
5.82004;;1029.38;135.276;1164.66;;1024
5.83004;;1029.38;133.162;1162.54;;1024
5.84004;;1029.38;135.406;1164.79;;1024
5.85004;;1029.38;135.879;1165.26;;1024
5.86004;;1029.38;135.892;1165.27;;1024
5.87004;;1029.38;135.889;1165.27;;1024
5.88004;;1029.38;136.55;1165.93;;1024
5.89004;;1029.38;134.341;1163.72;;1024
5.90004;;1029.38;136.419;1165.8;;1024
5.91004;;1029.38;136.712;1166.09;;1024
5.92004;;1029.38;137.226;1166.61;;1024
5.93004;;1029.38;136.457;1165.84;;1024
5.94004;;1029.38;137.663;1167.04;;1024
5.95004;;1029.38;135.336;1164.72;;1024
5.96004;;1029.38;137.546;1166.93;;1024
5.97004;;1029.38;137.593;1166.97;;1024
5.98004;;1029.38;137.979;1167.36;;1024
5.99004;;1029.38;136.687;1166.07;;1024
6.00004;;1029.38;138.549;1167.93;;1024
6.01004;;1029.38;136.375;1165.75;;1024
6.02004;;1029.38;138.124;1167.5;;1024
6.03004;;1029.38;138.163;1167.54;;1024
6.04004;;1029.38;138.622;1168;;1024
6.05004;;1029.38;137.497;1166.88;;1024
6.06004;;1029.38;139.592;1168.97;;1024
6.07004;;1029.38;137.302;1166.68;;1024
6.08004;;1029.38;138.533;1167.91;;1024
6.09004;;1029.38;137.824;1167.2;;1024
6.10004;;1029.38;139.236;1168.62;;1024
6.11004;;1029.38;140.082;1169.46;;1024
6.12005;;1029.38;140.362;1169.74;;1024
6.13005;;1029.38;138.469;1167.85;;1024
6.14005;;1029.38;139.468;1168.85;;1024
6.15005;;1029.38;138.682;1168.06;;1024
6.16005;;1029.38;139.7;1169.08;;1024
6.17005;;1029.38;138.74;1168.12;;1024
6.18005;;1029.38;141.279;1170.66;;1024
6.19005;;1029.38;140.194;1169.57;;1024
6.20005;;1029.38;141.074;1170.45;;1024
6.21005;;1029.38;140.51;1169.89;;1024
6.22005;;1029.38;141.101;1170.48;;1024
6.23005;;1029.38;139.743;1169.12;;1024
6.24005;;1029.38;142.357;1171.74;;1024
6.25005;;1029.38;141.147;1170.53;;1024
6.26005;;1029.38;142.275;1171.66;;1024
6.27005;;1029.38;141.982;1171.36;;1024
6.28005;;1029.38;141.465;1170.84;;1024
6.29005;;1029.38;140.859;1170.24;;1024
6.30005;;1029.38;139.184;1168.56;;1024
6.31005;;1029.38;140.705;1170.09;;1024
6.32005;;1029.38;140.579;1169.96;;1024
6.33005;;1029.38;141.299;1170.68;;1024
6.34005;;1029.38;141.329;1170.71;;1024
6.35005;;1029.38;141.59;1170.97;;1024
6.36005;;1029.38;141.632;1171.01;;1024
6.37005;;1029.38;141.597;1170.98;;1024
6.38005;;1029.38;139.456;1168.84;;1024
6.39005;;1029.38;140.333;1169.71;;1024
6.40005;;1029.38;139.62;1169;;1024
6.41005;;1029.38;138.846;1168.23;;1024
6.42005;;1029.38;138.191;1167.57;;1024
6.43005;;1029.38;136.683;1166.06;;1024
6.44005;;1029.38;137.964;1167.34;;1024
6.45005;;1029.38;136.514;1165.89;;1024
6.46005;;1029.38;137.506;1166.89;;1024
6.47005;;1029.38;137.363;1166.74;;1024
6.48005;;1029.38;138.638;1168.02;;1024
6.49005;;1029.38;137.925;1167.31;;1024
6.50005;;1029.38;138.926;1168.31;;1024
6.51005;;1029.38;137.51;1166.89;;1024
6.52005;;1029.38;138.733;1168.11;;1024
6.53005;;1029.38;137.388;1166.77;;1024
6.54005;;1029.38;139.412;1168.79;;1024
6.55006;;1029.38;138.517;1167.9;;1024
6.56006;;1029.38;140.264;1169.64;;1024
6.57006;;1029.38;138.952;1168.33;;1024
6.58006;;1029.38;139.651;1169.03;;1024
6.59006;;1029.38;138.608;1167.99;;1024
6.60006;;1029.38;139.913;1169.29;;1024
6.61006;;1029.38;138.484;1167.86;;1024
6.62006;;1029.38;140.614;1169.99;;1024
6.63006;;1029.38;140.139;1169.52;;1024
6.64006;;1029.38;141.016;1170.4;;1024
6.65006;;1029.38;140.43;1169.81;;1024
6.66006;;1029.38;141.179;1170.56;;1024
6.67006;;1029.38;140.033;1169.41;;1024
6.68006;;1029.38;142.201;1171.58;;1024
6.69006;;1029.38;141.13;1170.51;;1024
6.70006;;1029.38;142.241;1171.62;;1024
6.71006;;1029.38;141.838;1171.22;;1024
6.72006;;1029.38;141.759;1171.14;;1024
6.73006;;1029.38;141.043;1170.42;;1024
6.74006;;1029.38;141.911;1171.29;;1024
6.75006;;1029.38;141.033;1170.41;;1024
6.76006;;1029.38;142.87;1172.25;;1024
6.77006;;1029.38;142.166;1171.55;;1024
6.78006;;1029.38;141.96;1171.34;;1024
6.79006;;1029.38;141.912;1171.29;;1024
6.80006;;1029.38;139.474;1168.85;;1024
6.81006;;1029.38;140.54;1169.92;;1024
6.82006;;1029.38;139.911;1169.29;;1024
6.83006;;1029.38;138.544;1167.92;;1024
6.84006;;1029.38;139.749;1169.13;;1024
6.85006;;1029.38;138.478;1167.86;;1024
6.86006;;1029.38;138.672;1168.05;;1024
6.87006;;1029.38;136.265;1165.65;;1024
6.88006;;1029.38;138.064;1167.44;;1024
6.89006;;1029.38;137.026;1166.41;;1024
6.90006;;1029.38;137.889;1167.27;;1024
6.91006;;1029.38;136.962;1166.34;;1024
6.92006;;1029.38;136.634;1166.01;;1024
6.93006;;1029.38;135.468;1164.85;;1024
6.94006;;1029.38;133.722;1163.1;;1024
6.95006;;1029.38;133.478;1162.86;;1024
6.96006;;1029.38;134.162;1163.54;;1024
6.97006;;1029.38;132.419;1161.8;;1024
6.98006;;1029.38;133.927;1163.31;;1024
6.99007;;1029.38;134.299;1163.68;;1024
7.00007;;1029.38;134.108;1163.49;;1024
7.01007;;1029.38;134.796;1164.18;;1024
7.02007;;1029.38;135.136;1164.52;;1024
7.03007;;1029.38;136.157;1165.54;;1024
7.04007;;1029.38;135.802;1165.18;;1024
7.05007;;1029.38;135.051;1164.43;;1024
7.06007;;1029.38;135.925;1165.3;;1024
7.07007;;1029.38;136.167;1165.55;;1024
7.08007;;1029.38;137.301;1166.68;;1024
7.09007;;1029.38;138.227;1167.61;;1024
7.10007;;1029.38;137.425;1166.81;;1024
7.11007;;1029.38;136.774;1166.15;;1024
7.12007;;1029.38;137.38;1166.76;;1024
7.13007;;1029.38;137.929;1167.31;;1024
7.14007;;1029.38;138.517;1167.9;;1024
7.15007;;1029.38;140.312;1169.69;;1024
7.16007;;1029.38;139.042;1168.42;;1024
7.17007;;1029.38;138.184;1167.56;;1024
7.18007;;1029.38;138.88;1168.26;;1024
7.19007;;1029.38;139.974;1169.35;;1024
7.20007;;1029.38;140.112;1169.49;;1024
7.21007;;1029.38;142.023;1171.4;;1024
7.22007;;1029.38;140.376;1169.76;;1024
7.23007;;1029.38;139.506;1168.89;;1024
7.24007;;1029.38;140.39;1169.77;;1024
7.25007;;1029.38;139.849;1169.23;;1024
7.26007;;1029.38;141.309;1170.69;;1024
7.27007;;1029.38;143.304;1172.68;;1024
7.28007;;1029.38;141.832;1171.21;;1024
7.29007;;1029.38;141.585;1170.97;;1024
7.30007;;1029.38;141.144;1170.52;;1024
7.31007;;1029.38;138.883;1168.26;;1024
7.32007;;1029.38;140.346;1169.73;;1024
7.33007;;1029.38;139.675;1169.06;;1024
7.34007;;1029.38;142.049;1171.43;;1024
7.35007;;1029.38;142.885;1172.26;;1024
7.36007;;1029.38;141.529;1170.91;;1024
7.37007;;1029.38;140.314;1169.69;;1024
7.38007;;1029.38;139.279;1168.66;;1024
7.39007;;1029.38;139.574;1168.95;;1024
7.40007;;1029.38;140.361;1169.74;;1024
7.41007;;1029.38;140.096;1169.48;;1024
7.42007;;1029.38;137.947;1167.33;;1024
7.43008;;1029.38;138.265;1167.64;;1024
7.44008;;1029.38;136.95;1166.33;;1024
7.45008;;1029.38;137.195;1166.57;;1024
7.46008;;1029.38;137.203;1166.58;;1024
7.47008;;1029.38;136.069;1165.45;;1024
7.48008;;1029.38;137.374;1166.75;;1024
7.49008;;1029.38;135.518;1164.9;;1024
7.50008;;1029.38;135.072;1164.45;;1024
7.51008;;1029.38;134.173;1163.55;;1024
7.52008;;1029.38;133.734;1163.11;;1024
7.53008;;1029.38;134.678;1164.06;;1024
7.54008;;1029.38;133.422;1162.8;;1024
7.55008;;1029.38;134.472;1163.85;;1024
7.56008;;1029.38;135.132;1164.51;;1024
7.57008;;1029.38;135.301;1164.68;;1024
7.58008;;1029.38;135.384;1164.76;;1024
7.59008;;1029.38;135.783;1165.16;;1024
7.60008;;1029.38;135.21;1164.59;;1024
7.61008;;1029.38;135.861;1165.24;;1024
7.62008;;1029.38;136.083;1165.46;;1024
7.63008;;1029.38;136;1165.38;;1024
7.64008;;1029.38;137.03;1166.41;;1024
7.65008;;1029.38;136.867;1166.25;;1024
7.66008;;1029.38;136.628;1166.01;;1024
7.67008;;1029.38;136.74;1166.12;;1024
7.68008;;1029.38;137.317;1166.7;;1024
7.69008;;1029.38;137.232;1166.61;;1024
7.70008;;1029.38;137.985;1167.37;;1024
7.71008;;1029.38;137.9;1167.28;;1024
7.72008;;1029.38;138.601;1167.98;;1024
7.73008;;1029.38;138.066;1167.45;;1024
7.74008;;1029.38;138.477;1167.86;;1024
7.75008;;1029.38;138.164;1167.54;;1024
7.76008;;1029.38;139.013;1168.39;;1024
7.77008;;1029.38;139.173;1168.55;;1024
7.78008;;1029.38;138.826;1168.21;;1024
7.79008;;1029.38;139.16;1168.54;;1024
7.80008;;1029.38;138.827;1168.21;;1024
7.81008;;1029.38;139.27;1168.65;;1024
7.82008;;1029.38;138.57;1167.95;;1024
7.83008;;1029.38;140.399;1169.78;;1024
7.84008;;1029.38;140.812;1170.19;;1024
7.85008;;1029.38;140.522;1169.9;;1024
7.86009;;1029.38;139.005;1168.38;;1024
7.87009;;1029.38;140.018;1169.4;;1024
7.88009;;1029.38;140.22;1169.6;;1024
7.89009;;1029.38;141.833;1171.21;;1024
7.90009;;1029.38;144.003;1173.38;;1024
7.91009;;1029.38;142.063;1171.44;;1024
7.92009;;1029.38;140.315;1169.7;;1024
7.93009;;1029.38;140.996;1170.38;;1024
7.94009;;1029.38;139.82;1169.2;;1024
7.95009;;1029.38;142.619;1172;;1024
7.96009;;1029.38;144.834;1174.21;;1024
7.97009;;1029.38;143.558;1172.94;;1024
7.98009;;1029.38;142.025;1171.41;;1024
7.99009;;1029.38;141.302;1170.68;;1024
8.00009;;1029.38;140.257;1169.64;;1024
8.01009;;1029.38;140.899;1170.28;;1024
8.02009;;1029.38;140.615;1169.99;;1024
8.03009;;1029.38;138.611;1167.99;;1024
8.04009;;1029.38;140.719;1170.1;;1024
8.05009;;1029.38;141.788;1171.17;;1024
8.06009;;1029.38;141.734;1171.11;;1024
8.07009;;1029.38;140.601;1169.98;;1024
8.08009;;1029.38;141.519;1170.9;;1024
8.09009;;1029.38;139.39;1168.77;;1024
8.10009;;1029.38;141.023;1170.4;;1024
8.11009;;1029.38;140.032;1169.41;;1024
8.12009;;1029.38;140.178;1169.56;;1024
8.13009;;1029.38;140.298;1169.68;;1024
8.14009;;1029.38;142.752;1172.13;;1024
8.15009;;1029.38;141.206;1170.59;;1024
8.16009;;1029.38;142.778;1172.16;;1024
8.17009;;1029.38;141.324;1170.7;;1024
8.18009;;1029.38;141.52;1170.9;;1024
8.19009;;1029.38;140.375;1169.76;;1024
8.20009;;1029.38;143.246;1172.63;;1024
8.21009;;1029.38;142.405;1171.78;;1024
8.22009;;1029.38;144.165;1173.54;;1024
8.23009;;1029.38;143.045;1172.43;;1024
8.24009;;1029.38;142.617;1172;;1024
8.25009;;1029.38;141.829;1171.21;;1024
8.26009;;1029.38;142.814;1172.19;;1024
8.27009;;1029.38;141.818;1171.2;;1024
8.28009;;1029.38;142.17;1171.55;;1024
8.29009;;1029.38;143.102;1172.48;;1024
8.30009;;1029.38;142.614;1171.99;;1024
8.31009;;1029.38;142.84;1172.22;;1024
8.3201;;1029.38;142.508;1171.89;;1024
8.3301;;1029.38;143.009;1172.39;;1024
8.3401;;1029.38;140.72;1170.1;;1024
8.3501;;1029.38;141.329;1170.71;;1024
8.3601;;1029.38;140.985;1170.37;;1024
8.3701;;1029.38;139.889;1169.27;;1024
8.3801;;1029.38;139.549;1168.93;;1024
8.3901;;1029.38;137.761;1167.14;;1024
8.4001;;1029.38;139.667;1169.05;;1024
8.4101;;1029.38;138.051;1167.43;;1024
8.4201;;1029.38;138.207;1167.59;;1024
8.4301;;1029.38;138.012;1167.39;;1024
8.4401;;1029.38;137.883;1167.26;;1024
8.4501;;1029.38;136.801;1166.18;;1024
8.4601;;1029.38;134.41;1163.79;;1024
8.4701;;1029.38;135.84;1165.22;;1024
8.4801;;1029.38;135.397;1164.78;;1024
8.4901;;1029.38;134.286;1163.67;;1024
8.5001;;1029.38;134.943;1164.32;;1024
8.5101;;1029.38;134.239;1163.62;;1024
8.5201;;1029.38;134.265;1163.65;;1024
8.5301;;1029.38;131.906;1161.29;;1024
8.5401;;1029.38;133.155;1162.53;;1024
8.5501;;1029.38;132.556;1161.94;;1024
8.5601;;1029.38;134.362;1163.74;;1024
8.5701;;1029.38;135.322;1164.7;;1024
8.5801;;1029.38;135.247;1164.63;;1024
8.5901;;1029.38;133.427;1162.81;;1024
8.6001;;1029.38;134.411;1163.79;;1024
8.6101;;1029.38;133.606;1162.99;;1024
8.6201;;1029.38;133.564;1162.94;;1024
8.6301;;1029.38;135.586;1164.97;;1024
8.6401;;1029.38;136.271;1165.65;;1024
8.6501;;1029.38;134.64;1164.02;;1024
8.6601;;1029.38;135.522;1164.9;;1024
8.6701;;1029.38;135.335;1164.71;;1024
8.6801;;1029.38;134.565;1163.94;;1024
8.6901;;1029.38;136.013;1165.39;;1024
8.7001;;1029.38;137.277;1166.66;;1024
8.7101;;1029.38;135.527;1164.91;;1024
8.7201;;1029.38;136.685;1166.07;;1024
8.7301;;1029.38;136.579;1165.96;;1024
8.7401;;1029.38;135.676;1165.06;;1024
8.7501;;1029.38;136.319;1165.7;;1024
8.76011;;1029.38;137.941;1167.32;;1024
8.77011;;1029.38;136.338;1165.72;;1024
8.78011;;1029.38;137.966;1167.35;;1024
8.79011;;1029.38;137.932;1167.31;;1024
8.80011;;1029.38;136.887;1166.27;;1024
8.81011;;1029.38;137.678;1167.06;;1024
8.82011;;1029.38;139.215;1168.59;;1024
8.83011;;1029.38;137.302;1166.68;;1024
8.84011;;1029.38;139.529;1168.91;;1024
8.85011;;1029.38;139.195;1168.57;;1024
8.86011;;1029.38;137.845;1167.23;;1024
8.87011;;1029.38;139.232;1168.61;;1024
8.88011;;1029.38;140.679;1170.06;;1024
8.89011;;1029.38;138.787;1168.17;;1024
8.90011;;1029.38;140.478;1169.86;;1024
8.91011;;1029.38;140.444;1169.82;;1024
8.92011;;1029.38;139.297;1168.68;;1024
8.93011;;1029.38;141.011;1170.39;;1024
8.94011;;1029.38;142.064;1171.44;;1024
8.95011;;1029.38;140.385;1169.77;;1024
8.96011;;1029.38;142.115;1171.5;;1024
8.97011;;1029.38;141.615;1170.99;;1024
8.98011;;1029.38;140.573;1169.95;;1024
8.99011;;1029.38;142.209;1171.59;;1024
9.00011;;1029.38;141.355;1170.74;;1024
9.01011;;1029.38;141.509;1170.89;;1024
9.02011;;1029.38;138.688;1168.07;;1024
9.03011;;1029.38;140.091;1169.47;;1024
9.04011;;1029.38;139.167;1168.55;;1024
9.05011;;1029.38;139.456;1168.84;;1024
9.06011;;1029.38;139.097;1168.48;;1024
9.07011;;1029.38;140.973;1170.35;;1024
9.08011;;1029.38;139.372;1168.75;;1024
9.09011;;1029.38;141.093;1170.47;;1024
9.10011;;1029.38;140.719;1170.1;;1024
9.11011;;1029.38;141.411;1170.79;;1024
9.12011;;1029.38;140.354;1169.73;;1024
9.13011;;1029.38;141.259;1170.64;;1024
9.14011;;1029.38;139.696;1169.08;;1024
9.15011;;1029.38;140.889;1170.27;;1024
9.16011;;1029.38;141.534;1170.91;;1024
9.17011;;1029.38;141.877;1171.26;;1024
9.18011;;1029.38;142.098;1171.48;;1024
9.19011;;1029.38;141.693;1171.07;;1024
9.20012;;1029.38;141.547;1170.93;;1024
9.21012;;1029.38;143.306;1172.69;;1024
9.22012;;1029.38;142.666;1172.05;;1024
9.23012;;1029.38;143.754;1173.13;;1024
9.24012;;1029.38;143.181;1172.56;;1024
9.25012;;1029.38;142.251;1171.63;;1024
9.26012;;1029.38;142.491;1171.87;;1024
9.27012;;1029.38;140.217;1169.6;;1024
9.28012;;1029.38;141.49;1170.87;;1024
9.29012;;1029.38;140.735;1170.12;;1024
9.30012;;1029.38;141.812;1171.19;;1024
9.31012;;1029.38;143.694;1173.07;;1024
9.32012;;1029.38;143.142;1172.52;;1024
9.33012;;1029.38;141.391;1170.77;;1024
9.34012;;1029.38;142.118;1171.5;;1024
9.35012;;1029.38;141.413;1170.79;;1024
9.36012;;1029.38;141.602;1170.98;;1024
9.37012;;1029.38;141.246;1170.63;;1024
9.38012;;1029.38;140.986;1170.37;;1024
9.39012;;1029.38;141.142;1170.52;;1024
9.40012;;1029.38;140.36;1169.74;;1024
9.41012;;1029.38;142.143;1171.52;;1024
9.42012;;1029.38;143.46;1172.84;;1024
9.43012;;1029.38;142.81;1172.19;;1024
9.44012;;1029.38;142.848;1172.23;;1024
9.45012;;1029.38;142.323;1171.7;;1024
9.46012;;1029.38;140.126;1169.51;;1024
9.47012;;1029.38;141.475;1170.85;;1024
9.48012;;1029.38;140.656;1170.04;;1024
9.49012;;1029.38;143.554;1172.93;;1024
9.50012;;1029.38;143.734;1173.11;;1024
9.51012;;1029.38;142.755;1172.14;;1024
9.52012;;1029.38;141.701;1171.08;;1024
9.53012;;1029.38;140.707;1170.09;;1024
9.54012;;1029.38;141.005;1170.38;;1024
9.55012;;1029.38;142.561;1171.94;;1024
9.56012;;1029.38;141.127;1170.51;;1024
9.57012;;1029.38;139.195;1168.57;;1024
9.58012;;1029.38;139.356;1168.74;;1024
9.59012;;1029.38;138.221;1167.6;;1024
9.60012;;1029.38;138.13;1167.51;;1024
9.61012;;1029.38;138.622;1168;;1024
9.62012;;1029.38;137.099;1166.48;;1024
9.63013;;1029.38;138.773;1168.15;;1024
9.64013;;1029.38;137.222;1166.6;;1024
9.65013;;1029.38;136.736;1166.12;;1024
9.66013;;1029.38;135.558;1164.94;;1024
9.67013;;1029.38;134.559;1163.94;;1024
9.68013;;1029.38;136.34;1165.72;;1024
9.69013;;1029.38;134.163;1163.54;;1024
9.70013;;1029.38;136.034;1165.41;;1024
9.71013;;1029.38;136.117;1165.5;;1024
9.72013;;1029.38;136.544;1165.92;;1024
9.73013;;1029.38;136.042;1165.42;;1024
9.74013;;1029.38;137.531;1166.91;;1024
9.75013;;1029.38;135.454;1164.83;;1024
9.76013;;1029.38;137.83;1167.21;;1024
9.77013;;1029.38;137.13;1166.51;;1024
9.78013;;1029.38;137.73;1167.11;;1024
9.79013;;1029.38;137.291;1166.67;;1024
9.80013;;1029.38;138.991;1168.37;;1024
9.81013;;1029.38;136.868;1166.25;;1024
9.82013;;1029.38;138.835;1168.22;;1024
9.83013;;1029.38;137.467;1166.85;;1024
9.84013;;1029.38;138.618;1168;;1024
9.85013;;1029.38;138.749;1168.13;;1024
9.86013;;1029.38;140.308;1169.69;;1024
9.87013;;1029.38;138.814;1168.19;;1024
9.88013;;1029.38;140.598;1169.98;;1024
9.89013;;1029.38;138.817;1168.2;;1024
9.90013;;1029.38;139.659;1169.04;;1024
9.91013;;1029.38;140.209;1169.59;;1024
9.92013;;1029.38;141.983;1171.36;;1024
9.93013;;1029.38;141.155;1170.53;;1024
9.94013;;1029.38;142.201;1171.58;;1024
9.95013;;1029.38;140.677;1170.06;;1024
9.96013;;1029.38;141.093;1170.47;;1024
9.97013;;1029.38;140.049;1169.43;;1024
9.98013;;1029.38;142.953;1172.33;;1024
9.99013;;1029.38;142.488;1171.87;;1024
10.0001;;1029.38;143.77;1173.15;;1024
10.0101;;1029.38;142.374;1171.75;;1024
10.0201;;1029.38;141.792;1171.17;;1024
10.0301;;1029.38;140.683;1170.06;;1024
10.0401;;1029.38;139.602;1168.98;;1024
10.0501;;1029.38;140.905;1170.28;;1024
10.0601;;1029.38;143.581;1172.96;;1024
10.0701;;1029.38;141.37;1170.75;;1024
10.0801;;1029.38;141.418;1170.8;;1024
10.0901;;1029.38;141.869;1171.25;;1024
10.1001;;1029.38;140.049;1169.43;;1024
10.1101;;1029.38;142.055;1171.44;;1024
10.1201;;1029.38;139.745;1169.13;;1024
10.1301;;1029.38;140.965;1170.35;;1024
10.1401;;1029.38;140.265;1169.65;;1024
10.1501;;1029.38;140.739;1170.12;;1024
10.1601;;1029.38;139.996;1169.38;;1024
10.1701;;1029.38;142.111;1171.49;;1024
10.1801;;1029.38;141.215;1170.6;;1024
10.1901;;1029.38;142.104;1171.48;;1024
10.2001;;1029.38;142.113;1171.49;;1024
10.2101;;1029.38;141.781;1171.16;;1024
10.2201;;1029.38;141.035;1170.41;;1024
10.2301;;1029.38;141.169;1170.55;;1024
10.2401;;1029.38;140.444;1169.82;;1024
10.2501;;1029.38;138.514;1167.89;;1024
10.2601;;1029.38;139.302;1168.68;;1024
10.2701;;1029.38;139.892;1169.27;;1024
10.2801;;1029.38;140.929;1170.31;;1024
10.2901;;1029.38;141.353;1170.73;;1024
10.3001;;1029.38;141.763;1171.14;;1024
10.3101;;1029.38;139.647;1169.03;;1024
10.3201;;1029.38;140.428;1169.81;;1024
10.3301;;1029.38;139.762;1169.14;;1024
10.3401;;1029.38;141.439;1170.82;;1024
10.3501;;1029.38;140.344;1169.72;;1024
10.3601;;1029.38;142.835;1172.21;;1024
10.3701;;1029.38;141.432;1170.81;;1024
10.3801;;1029.38;141.973;1171.35;;1024
10.3901;;1029.38;141.29;1170.67;;1024
10.4001;;1029.38;142.469;1171.85;;1024
10.4101;;1029.38;141.1;1170.48;;1024
10.4201;;1029.38;143.159;1172.54;;1024
10.4301;;1029.38;142.304;1171.68;;1024
10.4401;;1029.38;143.092;1172.47;;1024
10.4501;;1029.38;143.379;1172.76;;1024
10.4601;;1029.38;142.645;1172.02;;1024
10.4701;;1029.38;142.372;1171.75;;1024
10.4801;;1029.38;141.168;1170.55;;1024
10.4901;;1029.38;141.504;1170.88;;1024
10.5001;;1029.38;139.882;1169.26;;1024
10.5101;;1029.38;140.899;1170.28;;1024
10.5201;;1029.38;139.839;1169.22;;1024
10.5301;;1029.38;141.292;1170.67;;1024
10.5401;;1029.38;139.76;1169.14;;1024
10.5501;;1029.38;142.104;1171.48;;1024
10.5601;;1029.38;141.41;1170.79;;1024
10.5701;;1029.38;142.282;1171.66;;1024
10.5801;;1029.38;141.561;1170.94;;1024
10.5901;;1029.38;142.035;1171.41;;1024
10.6001;;1029.38;141.328;1170.71;;1024
10.6101;;1029.38;143.469;1172.85;;1024
10.6201;;1029.38;142.193;1171.57;;1024
10.6301;;1029.38;144.029;1173.41;;1024
10.6401;;1029.38;143.144;1172.52;;1024
10.6501;;1029.38;142.975;1172.36;;1024
10.6601;;1029.38;142.368;1171.75;;1024
10.6701;;1029.38;139.928;1169.31;;1024
10.6801;;1029.38;141.035;1170.42;;1024
10.6901;;1029.38;140.228;1169.61;;1024
10.7001;;1029.38;139.766;1169.15;;1024
10.7101;;1029.38;140.143;1169.52;;1024
10.7201;;1029.38;141.122;1170.5;;1024
10.7302;;1029.38;140.249;1169.63;;1024
10.7402;;1029.38;141.968;1171.35;;1024
10.7502;;1029.38;141.605;1170.98;;1024
10.7602;;1029.38;141.366;1170.75;;1024
10.7702;;1029.38;141.757;1171.14;;1024
10.7802;;1029.38;142.495;1171.87;;1024
10.7902;;1029.38;141.537;1170.92;;1024
10.8002;;1029.38;142.976;1172.36;;1024
10.8102;;1029.38;142.44;1171.82;;1024
10.8202;;1029.38;142.397;1171.78;;1024
10.8302;;1029.38;143.468;1172.85;;1024
10.8402;;1029.38;143.194;1172.57;;1024
10.8502;;1029.38;142.567;1171.95;;1024
10.8602;;1029.38;139.795;1169.17;;1024
10.8702;;1029.38;140.937;1170.32;;1024
10.8802;;1029.38;140.338;1169.72;;1024
10.8902;;1029.38;140.22;1169.6;;1024
10.9002;;1029.38;140.009;1169.39;;1024
10.9102;;1029.38;140.556;1169.94;;1024
10.9202;;1029.38;139.7;1169.08;;1024
10.9302;;1029.38;140.014;1169.39;;1024
10.9402;;1029.38;141.17;1170.55;;1024
10.9502;;1029.38;141.125;1170.5;;1024
10.9602;;1029.38;141.765;1171.14;;1024
10.9702;;1029.38;140.842;1170.22;;1024
10.9802;;1029.38;140.989;1170.37;;1024
10.9902;;1029.38;138.591;1167.97;;1024
11.0002;;1029.38;139.777;1169.16;;1024
11.0102;;1029.38;139.09;1168.47;;1024
11.0202;;1029.38;138.794;1168.17;;1024
11.0302;;1029.38;139.9;1169.28;;1024
11.0402;;1029.38;141.26;1170.64;;1024
11.0502;;1029.38;139.964;1169.34;;1024
11.0602;;1029.38;141.035;1170.42;;1024
11.0702;;1029.38;140.119;1169.5;;1024
11.0802;;1029.38;141.508;1170.89;;1024
11.0902;;1029.38;140.058;1169.44;;1024
11.1002;;1029.38;139.163;1168.54;;1024
11.1102;;1029.38;139.755;1169.14;;1024
11.1202;;1029.38;140.114;1169.49;;1024
11.1302;;1029.38;141.312;1170.69;;1024
11.1402;;1029.38;143.162;1172.54;;1024
11.1502;;1029.38;141.757;1171.14;;1024
11.1602;;1029.38;141.61;1170.99;;1024
11.1702;;1029.38;141.186;1170.57;;1024
11.1802;;1029.38;139.138;1168.52;;1024
11.1902;;1029.38;140.255;1169.63;;1024
11.2002;;1029.38;141.736;1171.12;;1024
11.2102;;1029.38;143.043;1172.42;;1024
11.2202;;1029.38;143.163;1172.54;;1024
11.2302;;1029.38;141.855;1171.24;;1024
11.2402;;1029.38;140.318;1169.7;;1024
11.2502;;1029.38;139.58;1168.96;;1024
11.2602;;1029.38;140.046;1169.43;;1024
11.2702;;1029.38;140.749;1170.13;;1024
11.2802;;1029.38;140.45;1169.83;;1024
11.2902;;1029.38;138.485;1167.86;;1024
11.3002;;1029.38;138.625;1168.01;;1024
11.3102;;1029.38;137.477;1166.86;;1024
11.3202;;1029.38;137.453;1166.83;;1024
11.3302;;1029.38;137.745;1167.13;;1024
11.3402;;1029.38;136.443;1165.82;;1024
11.3502;;1029.38;137.909;1167.29;;1024
11.3602;;1029.38;136.338;1165.72;;1024
11.3702;;1029.38;135.573;1164.95;;1024
11.3802;;1029.38;134.552;1163.93;;1024
11.3902;;1029.38;134.142;1163.52;;1024
11.4002;;1029.38;135.357;1164.74;;1024
11.4102;;1029.38;133.085;1162.46;;1024
11.4202;;1029.38;133.788;1163.17;;1024
11.4302;;1029.38;133.668;1163.05;;1024
11.4402;;1029.38;132.957;1162.34;;1024
11.4502;;1029.38;132.527;1161.91;;1024
11.4602;;1029.38;132.033;1161.41;;1024
11.4702;;1029.38;132.759;1162.14;;1024
11.4802;;1029.38;130.705;1160.09;;1024
11.4902;;1029.38;131.459;1160.84;;1024
11.5002;;1029.38;130.851;1160.23;;1024
11.5102;;1029.38;130.889;1160.27;;1024
11.5202;;1029.38;130.25;1159.63;;1024
11.5302;;1029.38;132.165;1161.55;;1024
11.5402;;1029.38;130.685;1160.07;;1024
11.5502;;1029.38;131.277;1160.66;;1024
11.5602;;1029.38;131.759;1161.14;;1024
11.5702;;1029.38;132.007;1161.39;;1024
11.5802;;1029.38;131.778;1161.16;;1024
11.5902;;1029.38;129.843;1159.22;;1024
11.6002;;1029.38;131.593;1160.97;;1024
11.6102;;1029.38;130.097;1159.48;;1024
11.6202;;1029.38;130.872;1160.25;;1024
11.6302;;1029.38;130.692;1160.07;;1024
11.6402;;1029.38;131.757;1161.14;;1024
11.6502;;1029.38;130.549;1159.93;;1024
11.6602;;1029.38;132.823;1162.2;;1024
11.6702;;1029.38;132.212;1161.59;;1024
11.6802;;1029.38;133.002;1162.38;;1024
11.6902;;1029.38;132.095;1161.47;;1024
11.7002;;1029.38;133.812;1163.19;;1024
11.7102;;1029.38;132.453;1161.83;;1024
11.7202;;1029.38;134.348;1163.73;;1024
11.7302;;1029.38;133.947;1163.33;;1024
11.7402;;1029.38;134.74;1164.12;;1024
11.7502;;1029.38;134.047;1163.43;;1024
11.7602;;1029.38;135.686;1165.07;;1024
11.7702;;1029.38;134.142;1163.52;;1024
11.7802;;1029.38;136.434;1165.81;;1024
11.7902;;1029.38;135.731;1165.11;;1024
11.8002;;1029.38;136.486;1165.87;;1024
11.8102;;1029.38;135.734;1165.11;;1024
11.8202;;1029.38;137.363;1166.74;;1024
11.8302;;1029.38;135.844;1165.22;;1024
11.8402;;1029.38;138.167;1167.55;;1024
11.8502;;1029.38;137.334;1166.71;;1024
11.8602;;1029.38;138.081;1167.46;;1024
11.8702;;1029.38;137.569;1166.95;;1024
11.8802;;1029.38;138.944;1168.32;;1024
11.8902;;1029.38;137.348;1166.73;;1024
11.9002;;1029.38;139.939;1169.32;;1024
11.9102;;1029.38;138.825;1168.2;;1024
11.9202;;1029.38;139.594;1168.97;;1024
11.9302;;1029.38;139.521;1168.9;;1024
11.9402;;1029.38;139.475;1168.86;;1024
11.9502;;1029.38;138.953;1168.33;;1024
11.9602;;1029.38;139.886;1169.27;;1024
11.9702;;1029.38;139.261;1168.64;;1024
11.9802;;1029.38;141.798;1171.18;;1024
11.9902;;1029.38;140.893;1170.27;;1024
12.0002;;1029.38;140.264;1169.64;;1024
12.0102;;1029.38;140.102;1169.48;;1024
12.0202;;1029.38;137.692;1167.07;;1024
12.0302;;1029.38;139.154;1168.53;;1024
12.0402;;1029.38;138.103;1167.48;;1024
12.0502;;1029.38;137.101;1166.48;;1024
12.0602;;1029.38;137.693;1167.07;;1024
12.0702;;1029.38;138.169;1167.55;;1024
12.0802;;1029.38;137.136;1166.52;;1024
12.0902;;1029.38;137.52;1166.9;;1024
12.1002;;1029.38;138;1167.38;;1024
12.1102;;1029.38;139.308;1168.69;;1024
12.1202;;1029.38;138.772;1168.15;;1024
12.1302;;1029.38;138.809;1168.19;;1024
12.1402;;1029.38;138.704;1168.08;;1024
12.1502;;1029.38;135.86;1165.24;;1024
12.1602;;1029.38;137.695;1167.07;;1024
12.1702;;1029.38;136.642;1166.02;;1024
12.1802;;1029.38;137.441;1166.82;;1024
12.1902;;1029.38;136.803;1166.18;;1024
12.2002;;1029.38;135.863;1165.24;;1024
12.2102;;1029.38;135.094;1164.47;;1024
12.2202;;1029.38;133.531;1162.91;;1024
12.2302;;1029.38;133.629;1163.01;;1024
12.2402;;1029.38;133.982;1163.36;;1024
12.2502;;1029.38;132.368;1161.75;;1024
12.2602;;1029.38;134.225;1163.6;;1024
12.2702;;1029.38;133.184;1162.56;;1024
12.2802;;1029.38;133.109;1162.49;;1024
12.2902;;1029.38;131.131;1160.51;;1024
12.3002;;1029.38;130.783;1160.16;;1024
12.3102;;1029.38;131.293;1160.67;;1024
12.3202;;1029.38;131.041;1160.42;;1024
12.3302;;1029.38;131.372;1160.75;;1024
12.3402;;1029.38;133.036;1162.42;;1024
12.3502;;1029.38;131.667;1161.05;;1024
12.3602;;1029.38;132.098;1161.48;;1024
12.3702;;1029.38;132.755;1162.13;;1024
12.3802;;1029.38;130.017;1159.4;;1024
12.3902;;1029.38;133.711;1163.09;;1024
12.4002;;1029.38;133.929;1163.31;;1024
12.4102;;1029.38;133.635;1163.01;;1024
12.4202;;1029.38;133.855;1163.23;;1024
12.4302;;1029.38;135.001;1164.38;;1024
12.4402;;1029.38;131.971;1161.35;;1024
12.4502;;1029.38;135.315;1164.69;;1024
12.4602;;1029.38;136.087;1165.47;;1024
12.4702;;1029.38;135.452;1164.83;;1024
12.4802;;1029.38;135.896;1165.28;;1024
12.4902;;1029.38;136.577;1165.96;;1024
12.5002;;1029.38;134.97;1164.35;;1024
12.5102;;1029.38;137.357;1166.74;;1024
12.5202;;1029.38;137.422;1166.8;;1024
12.5302;;1029.38;137.188;1166.57;;1024
12.5402;;1029.38;137.832;1167.21;;1024
12.5502;;1029.38;138.388;1167.77;;1024
12.5602;;1029.38;137.579;1166.96;;1024
12.5702;;1029.38;138.986;1168.37;;1024
12.5802;;1029.38;139.099;1168.48;;1024
12.5902;;1029.38;139.128;1168.51;;1024
12.6002;;1029.38;138.095;1167.48;;1024
12.6102;;1029.38;139.962;1169.34;;1024
12.6202;;1029.38;139.591;1168.97;;1024
12.6302;;1029.38;140.69;1170.07;;1024
12.6402;;1029.38;141.001;1170.38;;1024
12.6502;;1029.38;140.255;1169.64;;1024
12.6602;;1029.38;138.164;1167.54;;1024
12.6702;;1029.38;140.061;1169.44;;1024
12.6802;;1029.38;138.465;1167.84;;1024
12.6902;;1029.38;141.958;1171.34;;1024
12.7002;;1029.38;141.518;1170.9;;1024
12.7102;;1029.38;141.261;1170.64;;1024
12.7202;;1029.38;139.265;1168.65;;1024
12.7302;;1029.38;139.217;1168.6;;1024
12.7402;;1029.38;138.904;1168.28;;1024
12.7502;;1029.38;141.203;1170.58;;1024
12.7602;;1029.38;139.339;1168.72;;1024
12.7702;;1029.38;137.176;1166.56;;1024
12.7802;;1029.38;136.766;1166.15;;1024
12.7902;;1029.38;136.152;1165.53;;1024
12.8002;;1029.38;135.285;1164.67;;1024
12.8102;;1029.38;136.201;1165.58;;1024
12.8202;;1029.38;134.095;1163.47;;1024
12.8302;;1029.38;135.781;1165.16;;1024
12.8402;;1029.38;134.845;1164.22;;1024
12.8502;;1029.38;134.188;1163.57;;1024
12.8602;;1029.38;133.236;1162.62;;1024
12.8702;;1029.38;133.017;1162.4;;1024
12.8802;;1029.38;133.628;1163.01;;1024
12.8902;;1029.38;131.327;1160.71;;1024
12.9002;;1029.38;132.81;1162.19;;1024
12.9102;;1029.38;133.201;1162.58;;1024
12.9202;;1029.38;134;1163.38;;1024
12.9302;;1029.38;132.787;1162.17;;1024
12.9402;;1029.38;135.087;1164.47;;1024
12.9502;;1029.38;132.981;1162.36;;1024
12.9602;;1029.38;134.824;1164.2;;1024
12.9702;;1029.38;134.143;1163.52;;1024
12.9802;;1029.38;135.349;1164.73;;1024
12.9902;;1029.38;134.861;1164.24;;1024
13.0002;;1029.38;136.647;1166.03;;1024
13.0102;;1029.38;134.503;1163.88;;1024
13.0202;;1029.38;136.194;1165.57;;1024
13.0302;;1029.38;135.215;1164.6;;1024
13.0402;;1029.38;136.524;1165.9;;1024
13.0502;;1029.38;137.458;1166.84;;1024
13.0602;;1029.38;138.211;1167.59;;1024
13.0702;;1029.38;136.588;1165.97;;1024
13.0802;;1029.38;138.067;1167.45;;1024
13.0902;;1029.38;136.628;1166.01;;1024
13.1002;;1029.38;137.48;1166.86;;1024
13.1102;;1029.38;137.559;1166.94;;1024
13.1202;;1029.38;139.874;1169.25;;1024
13.1302;;1029.38;138.323;1167.7;;1024
13.1402;;1029.38;139.974;1169.35;;1024
13.1502;;1029.38;138.838;1168.22;;1024
13.1602;;1029.38;139.162;1168.54;;1024
13.1702;;1029.38;138.03;1167.41;;1024
13.1802;;1029.38;141.051;1170.43;;1024
13.1902;;1029.38;140.067;1169.45;;1024
13.2002;;1029.38;141.586;1170.97;;1024
13.2102;;1029.38;140.642;1170.02;;1024
13.2202;;1029.38;140.393;1169.77;;1024
13.2302;;1029.38;139.499;1168.88;;1024
13.2402;;1029.38;140.145;1169.53;;1024
13.2502;;1029.38;139.713;1169.09;;1024
13.2602;;1029.38;141.719;1171.1;;1024
13.2702;;1029.38;140.938;1170.32;;1024
13.2802;;1029.38;140.566;1169.95;;1024
13.2902;;1029.38;141.012;1170.39;;1024
13.3002;;1029.38;141.345;1170.72;;1024
13.3102;;1029.38;141.049;1170.43;;1024
13.3202;;1029.38;138.893;1168.27;;1024
13.3302;;1029.38;139.86;1169.24;;1024
13.3402;;1029.38;139.321;1168.7;;1024
13.3502;;1029.38;138.361;1167.74;;1024
13.3602;;1029.38;137.751;1167.13;;1024
13.3702;;1029.38;136.009;1165.39;;1024
13.3802;;1029.38;137.509;1166.89;;1024
13.3902;;1029.38;136.401;1165.78;;1024
13.4002;;1029.38;135.64;1165.02;;1024
13.4102;;1029.38;136.515;1165.89;;1024
13.4202;;1029.38;136.101;1165.48;;1024
13.4302;;1029.38;135.34;1164.72;;1024
13.4402;;1029.38;133.062;1162.44;;1024
13.4502;;1029.38;134.637;1164.02;;1024
13.4602;;1029.38;133.875;1163.26;;1024
13.4702;;1029.38;133.878;1163.26;;1024
13.4802;;1029.38;133.74;1163.12;;1024
13.4902;;1029.38;133.089;1162.47;;1024
13.5002;;1029.38;132.841;1162.22;;1024
13.5102;;1029.38;130.663;1160.04;;1024
13.5202;;1029.38;131.972;1161.35;;1024
13.5302;;1029.38;131.284;1160.66;;1024
13.5402;;1029.38;132.875;1162.25;;1024
13.5502;;1029.38;131.607;1160.99;;1024
13.5602;;1029.38;133.472;1162.85;;1024
13.5702;;1029.38;132.197;1161.58;;1024
13.5802;;1029.38;133.224;1162.6;;1024
13.5902;;1029.38;132.586;1161.97;;1024
13.6002;;1029.38;132.648;1162.03;;1024
13.6102;;1029.38;133.983;1163.36;;1024
13.6202;;1029.38;135.242;1164.62;;1024
13.6302;;1029.38;133.646;1163.03;;1024
13.6402;;1029.38;134.902;1164.28;;1024
13.6502;;1029.38;134.52;1163.9;;1024
13.6602;;1029.38;134.224;1163.6;;1024
13.6702;;1029.38;135.018;1164.4;;1024
13.6802;;1029.38;136.733;1166.11;;1024
13.6902;;1029.38;135.05;1164.43;;1024
13.7002;;1029.38;136.151;1165.53;;1024
13.7102;;1029.38;135.821;1165.2;;1024
13.7202;;1029.38;136.195;1165.57;;1024
13.7302;;1029.38;135.57;1164.95;;1024
13.7402;;1029.38;137.333;1166.71;;1024
13.7502;;1029.38;135.868;1165.25;;1024
13.7602;;1029.38;137.577;1166.96;;1024
13.7702;;1029.38;137.367;1166.75;;1024
13.7802;;1029.38;137.211;1166.59;;1024
13.7902;;1029.38;137.393;1166.77;;1024
13.8002;;1029.38;138.961;1168.34;;1024
13.8102;;1029.38;136.65;1166.03;;1024
13.8202;;1029.38;138.829;1168.21;;1024
13.8302;;1029.38;138.845;1168.22;;1024
13.8402;;1029.38;138.32;1167.7;;1024
13.8502;;1029.38;138.926;1168.31;;1024
13.8602;;1029.38;140.257;1169.64;;1024
13.8702;;1029.38;138.524;1167.9;;1024
13.8802;;1029.38;140.077;1169.46;;1024
13.8902;;1029.38;139.952;1169.33;;1024
13.9002;;1029.38;139.44;1168.82;;1024
13.9102;;1029.38;140.827;1170.21;;1024
13.9202;;1029.38;140.431;1169.81;;1024
13.9302;;1029.38;140.253;1169.63;;1024
13.9402;;1029.38;139.056;1168.44;;1024
13.9502;;1029.38;141.242;1170.62;;1024
13.9602;;1029.38;143.124;1172.5;;1024
13.9702;;1029.38;141.941;1171.32;;1024
13.9802;;1029.38;140.902;1170.28;;1024
13.9902;;1029.38;141.361;1170.74;;1024
14.0002;;1029.38;138.852;1168.23;;1024
14.0102;;1029.38;139.861;1169.24;;1024
14.0202;;1029.38;139.435;1168.81;;1024
14.0302;;1029.38;138.099;1167.48;;1024
14.0402;;1029.38;139.538;1168.92;;1024
14.0502;;1029.38;137.963;1167.34;;1024
14.0602;;1029.38;137.764;1167.14;;1024
14.0702;;1029.38;136.384;1165.76;;1024
14.0802;;1029.38;135.927;1165.31;;1024
14.0902;;1029.38;136.515;1165.9;;1024
14.1002;;1029.38;137.189;1166.57;;1024
14.1102;;1029.38;136.813;1166.19;;1024
14.1202;;1029.38;134.838;1164.22;;1024
14.1302;;1029.38;134.78;1164.16;;1024
14.1402;;1029.38;133.949;1163.33;;1024
14.1502;;1029.38;134.833;1164.21;;1024
14.1602;;1029.38;134.163;1163.54;;1024
14.1702;;1029.38;136.495;1165.87;;1024
14.1802;;1029.38;134.026;1163.41;;1024
14.1902;;1029.38;135.116;1164.5;;1024
14.2002;;1029.38;134.55;1163.93;;1024
14.2102;;1029.38;135.365;1164.74;;1024
14.2202;;1029.38;135.578;1164.96;;1024
14.2302;;1029.38;138.851;1168.23;;1024
14.2402;;1029.38;135.977;1165.36;;1024
14.2502;;1029.38;136.656;1166.04;;1024
14.2602;;1029.38;135.952;1165.33;;1024
14.2702;;1029.38;136.831;1166.21;;1024
14.2802;;1029.38;137.377;1166.76;;1024
14.2902;;1029.38;140.116;1169.5;;1024
14.3002;;1029.38;137.669;1167.05;;1024
14.3102;;1029.38;137.624;1167;;1024
14.3202;;1029.38;137.824;1167.2;;1024
14.3302;;1029.38;136.114;1165.49;;1024
14.3402;;1029.38;139.057;1168.44;;1024
14.3502;;1029.38;141.448;1170.83;;1024
14.3602;;1029.38;139.468;1168.85;;1024
14.3702;;1029.38;139.354;1168.73;;1024
14.3802;;1029.38;139.38;1168.76;;1024
14.3902;;1029.38;138.722;1168.1;;1024
14.4002;;1029.38;140.883;1170.26;;1024
14.4102;;1029.38;142.641;1172.02;;1024
14.4202;;1029.38;141.14;1170.52;;1024
14.4302;;1029.38;139.79;1169.17;;1024
14.4402;;1029.38;140.647;1170.03;;1024
14.4502;;1029.38;139.061;1168.44;;1024
14.4602;;1029.38;141.795;1171.18;;1024
14.4702;;1029.38;145.682;1175.06;;1024
14.4802;;1029.38;143.074;1172.45;;1024
14.4902;;1029.38;141.559;1170.94;;1024
14.5002;;1029.38;141.241;1170.62;;1024
14.5102;;1029.38;140.236;1169.62;;1024
14.5202;;1029.38;141.523;1170.9;;1024
14.5302;;1029.38;140.271;1169.65;;1024
14.5402;;1029.38;138.996;1168.38;;1024
14.5502;;1029.38;140.895;1170.28;;1024
14.5602;;1029.38;141.903;1171.28;;1024
14.5702;;1029.38;141.708;1171.09;;1024
14.5802;;1029.38;141.72;1171.1;;1024
14.5902;;1029.38;141.71;1171.09;;1024
14.6002;;1029.38;140.525;1169.91;;1024
14.6102;;1029.38;141.331;1170.71;;1024
14.6202;;1029.38;140.091;1169.47;;1024
14.6302;;1029.38;140.543;1169.92;;1024
14.6402;;1029.38;140.417;1169.8;;1024
14.6502;;1029.38;142.934;1172.31;;1024
14.6602;;1029.38;142.286;1171.67;;1024
14.6702;;1029.38;143.075;1172.45;;1024
14.6802;;1029.38;141.5;1170.88;;1024
14.6902;;1029.38;141.09;1170.47;;1024
14.7002;;1029.38;140.009;1169.39;;1024
14.7102;;1029.38;139.567;1168.95;;1024
14.7202;;1029.38;140.51;1169.89;;1024
14.7302;;1029.38;143.79;1173.17;;1024
14.7402;;1029.38;140.496;1169.88;;1024
14.7502;;1029.38;141.196;1170.58;;1024
14.7602;;1029.38;141.29;1170.67;;1024
14.7702;;1029.38;139.602;1168.98;;1024
14.7802;;1029.38;141.509;1170.89;;1024
14.7902;;1029.38;139.2;1168.58;;1024
14.8002;;1029.38;140.456;1169.84;;1024
14.8102;;1029.38;139.915;1169.29;;1024
14.8202;;1029.38;140.028;1169.41;;1024
14.8302;;1029.38;139.237;1168.62;;1024
14.8402;;1029.38;141.466;1170.85;;1024
14.8502;;1029.38;140.704;1170.08;;1024
14.8602;;1029.38;141.797;1171.18;;1024
14.8702;;1029.38;141.731;1171.11;;1024
14.8802;;1029.38;141.444;1170.82;;1024
14.8902;;1029.38;140.657;1170.04;;1024
14.9002;;1029.38;140.535;1169.91;;1024
14.9102;;1029.38;140.211;1169.59;;1024
14.9202;;1029.38;138.406;1167.79;;1024
14.9302;;1029.38;139.229;1168.61;;1024
14.9402;;1029.38;139.649;1169.03;;1024
14.9502;;1029.38;140.739;1170.12;;1024
14.9602;;1029.38;141.145;1170.52;;1024
14.9702;;1029.38;141.59;1170.97;;1024
14.9802;;1029.38;139.385;1168.77;;1024
14.9902;;1029.38;140.308;1169.69;;1024
