0;;1615.79;-2.99329;1612.8;;3072
0.01;;1615.79;-6.16064;1609.63;;3072
0.02;;1615.79;-585.902;1029.89;;3072
0.03;;1615.79;-585.906;1029.89;;3072
0.04;;1615.79;-586.016;1029.77;;3072
0.05;;1615.79;-586.076;1029.71;;3072
0.06;;1615.79;-586.019;1029.77;;3072
0.07;;1615.79;-585.901;1029.89;;3072
0.08;;1615.79;-585.852;1029.94;;3072
0.09;;1615.79;-585.909;1029.88;;3072
0.1;;1615.79;-585.92;1029.87;;3072
0.11;;1615.79;-585.904;1029.89;;3072
0.12;;1615.79;-585.844;1029.95;;3072
0.13;;1615.79;-585.979;1029.81;;3072
0.14;;1615.79;-585.981;1029.81;;3072
0.15;;1615.79;-585.967;1029.82;;3072
0.16;;1615.79;-585.846;1029.94;;3072
0.17;;1615.79;-585.848;1029.94;;3072
0.18;;1615.79;-585.896;1029.89;;3072
0.19;;1615.79;-586.042;1029.75;;3072
0.2;;1615.79;-585.893;1029.9;;3072
0.21;;1615.79;-577.45;1038.34;;3072
0.22;;1615.79;-563.056;1052.73;;3072
0.23;;1615.79;-542.699;1073.09;;3072
0.24;;1615.79;-526.683;1089.11;;3072
0.25;;1615.79;-503.497;1112.29;;3072
0.26;;1615.79;-486.793;1129;;3072
0.27;;1615.79;-454.99;1160.8;;3072
0.28;;1615.79;-452.173;1163.62;;3072
0.29;;1615.79;-418.289;1197.5;;3072
0.3;;1615.79;-413.924;1201.87;;3072
0.31;;1615.79;-389.497;1226.29;;3072
0.32;;1615.79;-381.471;1234.32;;3072
0.33;;1615.79;-367.105;1248.69;;3072
0.34;;1615.79;-342.127;1273.66;;3072
0.35;;1615.79;-335.745;1280.05;;3072
0.36;;1615.79;-320.644;1295.15;;3072
0.37;;1615.79;-293.82;1321.97;;3072
0.38;;1615.79;-293.243;1322.55;;3072
0.39;;1615.79;-284.104;1331.69;;3072
0.4;;1615.79;-257.197;1358.59;;3072
0.41;;1615.79;-246.366;1369.43;;3072
0.42;;1615.79;-247.699;1368.09;;3072
0.43;;1615.79;-239.914;1375.88;;3072
0.44;;1615.79;-221.661;1394.13;;3072
0.45;;1615.79;-198.043;1417.75;;3072
0.46;;1615.79;-200.579;1415.21;;3072
0.47;;1615.79;-196.363;1419.43;;3072
0.48;;1615.79;-188.787;1427;;3072
0.49;;1615.79;-173.255;1442.54;;3072
0.5;;1615.79;-162.826;1452.96;;3072
0.51;;1615.79;-143.302;1472.49;;3072
0.52;;1615.79;-135.383;1480.41;;3072
0.53;;1615.79;-138.203;1477.59;;3072
0.54;;1615.79;-132.241;1483.55;;3072
0.55;;1615.79;-125.473;1490.32;;3072
0.56;;1615.79;-111.342;1504.45;;3072
0.57;;1615.79;-103.248;1512.54;;3072
0.58;;1615.79;-91.1382;1524.65;;3072
0.59;;1615.79;-81.1095;1534.68;;3072
0.6;;1615.79;-71.5892;1544.2;;3072
0.61;;1615.79;-64.9408;1550.85;;3072
0.62;;1615.79;-57.0505;1558.74;;3072
0.63;;1615.79;-62.5234;1553.27;;3072
0.64;;1615.79;-55.333;1560.46;;3072
0.65;;1615.79;-54.302;1561.49;;3072
0.66;;1615.79;-42.4565;1573.33;;3072
0.67;;1615.79;-31.1301;1584.66;;3072
0.68;;1615.79;-23.1982;1592.59;;3072
0.69;;1615.79;-22.2334;1593.56;;3072
0.7;;1615.79;-13.2532;1602.54;;3072
0.71;;1615.79;-2.12439;1613.67;;3072
0.72;;1615.79;4.3418;1620.13;;3072
0.73;;1615.79;0.360962;1616.15;;3072
0.74;;1615.79;2.5603;1618.35;;3072
0.75;;1615.79;4.80322;1620.59;;3072
0.76;;1615.79;17.3954;1633.19;;3072
0.77;;1615.79;26.3394;1642.13;;3072
0.78;;1615.79;33.5841;1649.37;;3072
0.79;;1615.79;34.2451;1650.04;;3072
0.8;;1615.79;40.5298;1656.32;;3072
0.81;;1615.79;50.5239;1666.31;;3072
0.82;;1615.79;57.4275;1673.22;;3072
0.83;;1615.79;48.9856;1664.78;;3072
0.839999;;1615.79;50.5841;1666.37;;3072
0.849999;;1615.79;51.9044;1667.7;;3072
0.859999;;1615.79;63.636;1679.43;;3072
0.869999;;1615.79;73.8917;1689.68;;3072
0.879999;;1615.79;76.9779;1692.77;;3072
0.889999;;1615.79;76.2035;1691.99;;3072
0.899999;;1615.79;88.942;1704.73;;3072
0.909999;;1615.79;93.7625;1709.55;;3072
0.919999;;1615.79;98.918;1714.71;;3072
0.929999;;1615.79;90.9108;1706.7;;3072
0.939999;;1615.79;92.344;1708.13;;3072
0.949999;;1615.79;98.3737;1714.16;;3072
0.959999;;1615.79;109.544;1725.33;;3072
0.969999;;1615.79;112.343;1728.13;;3072
0.979999;;1615.79;116.772;1732.56;;3072
0.989999;;1615.79;112.98;1728.77;;3072
0.999999;;1615.79;125.675;1741.47;;3072
1.01;;1615.79;127.8;1743.59;;3072
1.02;;1615.79;125.109;1740.9;;3072
1.03;;1615.79;121.981;1737.77;;3072
1.04;;1615.79;128.032;1743.82;;3072
1.05;;1615.79;129.922;1745.71;;3072
1.06;;1615.79;142.459;1758.25;;3072
1.07;;1615.79;139.826;1755.62;;3072
1.08;;1615.79;145.498;1761.29;;3072
1.09;;1615.79;150.808;1766.6;;3072
1.1;;1615.79;155.954;1771.74;;3072
1.11;;1615.79;147.886;1763.68;;3072
1.12;;1615.79;150.143;1765.93;;3072
1.13;;1615.79;152.306;1768.1;;3072
1.14;;1615.79;165.622;1781.41;;3072
1.15;;1615.79;168.397;1784.19;;3072
1.16;;1615.79;167.941;1783.73;;3072
1.17;;1615.79;169.885;1785.68;;3072
1.18;;1615.79;177.097;1792.89;;3072
1.19;;1615.79;183.451;1799.24;;3072
1.2;;1615.79;169.605;1785.4;;3072
1.21;;1615.79;178.031;1793.82;;3072
1.22;;1615.79;180.674;1796.46;;3072
1.23;;1615.79;186.778;1802.57;;3072
1.24;;1615.79;182.447;1798.24;;3072
1.25;;1615.79;193.415;1809.21;;3072
1.26;;1615.79;195.39;1811.18;;3072
1.27;;1615.79;185.066;1800.86;;3072
1.28;;1615.79;196.144;1811.93;;3072
1.29;;1615.79;198.14;1813.93;;3072
1.3;;1615.79;200.097;1815.89;;3072
1.31;;1615.79;197.549;1813.34;;3072
1.32;;1615.79;207.381;1823.17;;3072
1.33;;1615.79;201.879;1817.67;;3072
1.34;;1615.79;201.331;1817.12;;3072
1.35;;1615.79;213.191;1828.98;;3072
1.36;;1615.79;214.089;1829.88;;3072
1.37;;1615.79;207.262;1823.05;;3072
1.38;;1615.79;220.345;1836.14;;3072
1.39;;1615.79;206.563;1822.35;;3072
1.4;;1615.79;211.119;1826.91;;3072
1.41;;1615.79;222.383;1838.17;;3072
1.42;;1615.79;219.982;1835.77;;3072
1.43;;1615.79;229.407;1845.2;;3072
1.44;;1615.79;232.043;1847.83;;3072
1.45;;1615.79;217.311;1833.1;;3072
1.46;;1615.79;230.818;1846.61;;3072
1.47;;1615.79;232.589;1848.38;;3072
1.48;;1615.79;229.407;1845.2;;3072
1.49;;1615.79;236.013;1851.8;;3072
1.5;;1615.79;222.921;1838.71;;3072
1.51;;1615.79;226.813;1842.6;;3072
1.52;;1615.79;238.324;1854.11;;3072
1.53;;1615.79;233.899;1849.69;;3072
1.54;;1615.79;242.226;1858.02;;3072
1.55;;1615.79;238.101;1853.89;;3072
1.56;;1615.79;233.202;1848.99;;3072
1.57;;1615.79;246.383;1862.17;;3072
1.58;;1615.79;241.79;1857.58;;3072
1.59;;1615.79;247.958;1863.75;;3072
1.6;;1615.79;236.635;1852.43;;3072
1.61;;1615.79;242.934;1858.72;;3072
1.62;;1615.79;248.262;1864.05;;3072
1.63;;1615.79;246.896;1862.69;;3072
1.64;;1615.79;255.234;1871.02;;3072
1.65;;1615.79;241.435;1857.23;;3072
1.66;;1615.79;248.233;1864.02;;3072
1.67;;1615.79;257.623;1873.41;;3072
1.68;;1615.79;252.772;1868.56;;3072
1.69;;1615.79;258.968;1874.76;;3072
1.7;;1615.79;250.455;1866.25;;3072
1.71;;1615.79;260.149;1875.94;;3072
1.72;;1615.79;258.866;1874.66;;3072
1.73;;1615.79;269.401;1885.19;;3072
1.74;;1615.79;263.186;1878.98;;3072
1.75;;1615.79;254.192;1869.98;;3072
1.76;;1615.79;267.494;1883.28;;3072
1.77;;1615.79;263.303;1879.09;;3072
1.78;;1615.79;269.904;1885.69;;3072
1.79;;1615.79;256.67;1872.46;;3072
1.8;;1615.79;268.051;1883.84;;3072
1.81;;1615.79;270.929;1886.72;;3072
1.82;;1615.79;267.687;1883.48;;3072
1.83;;1615.79;263.784;1879.57;;3072
1.84;;1615.79;270.854;1886.65;;3072
1.85;;1615.79;274.219;1890.01;;3072
1.86;;1615.79;271.435;1887.23;;3072
1.87;;1615.79;274.622;1890.41;;3072
1.88;;1615.79;267.227;1883.02;;3072
1.89;;1615.79;276.43;1892.22;;3072
1.9;;1615.79;269.751;1885.54;;3072
1.91;;1615.79;275.282;1891.07;;3072
1.92;;1615.79;266.87;1882.66;;3072
1.93;;1615.79;274.7;1890.49;;3072
1.94;;1615.79;276.005;1891.8;;3072
1.95;;1615.79;282.757;1898.55;;3072
1.96;;1615.79;270.232;1886.02;;3072
1.97;;1615.79;279.652;1895.44;;3072
1.98;;1615.79;280.069;1895.86;;3072
1.99;;1615.79;284.474;1900.27;;3072
2;;1615.79;269.56;1885.35;;3072
2.01;;1615.79;278.048;1893.84;;3072
2.02;;1615.79;281.66;1897.45;;3072
2.03;;1615.79;285.892;1901.68;;3072
2.04;;1615.79;269.998;1885.79;;3072
2.05;;1615.79;277.482;1893.27;;3072
2.06;;1615.79;287.351;1903.14;;3072
2.07;;1615.79;288.119;1903.91;;3072
2.08;;1615.79;275.453;1891.24;;3072
2.09;;1615.79;284.125;1899.92;;3072
2.1;;1615.79;288.309;1904.1;;3072
2.11;;1615.79;291.265;1907.06;;3072
2.12;;1615.79;279.388;1895.18;;3072
2.13;;1615.79;278.772;1894.56;;3072
2.14;;1615.79;290.141;1905.93;;3072
2.15;;1615.79;292.005;1907.8;;3072
2.16;;1615.79;277.662;1893.45;;3072
2.17;;1615.79;282.779;1898.57;;3072
2.18;;1615.79;293.678;1909.47;;3072
2.19;;1615.79;292.475;1908.27;;3072
2.2;;1615.79;283.216;1899.01;;3072
2.21;;1615.79;288.984;1904.78;;3072
2.22;;1615.79;293.071;1908.86;;3072
2.23;;1615.79;296.035;1911.83;;3072
2.24;;1615.79;281.88;1897.67;;3072
2.25;;1615.79;285.853;1901.64;;3072
2.26;;1615.79;294.892;1910.68;;3072
2.27;;1615.79;298.658;1914.45;;3072
2.28;;1615.79;284.035;1899.83;;3072
2.29;;1615.79;293.923;1909.71;;3072
2.3;;1615.79;295.948;1911.74;;3072
2.31;;1615.79;299.455;1915.25;;3072
2.32;;1615.79;285.653;1901.44;;3072
2.33;;1615.79;295.99;1911.78;;3072
2.34;;1615.79;293.032;1908.82;;3072
2.35;;1615.79;297.278;1913.07;;3072
2.36;;1615.79;289.166;1904.96;;3072
2.37;;1615.79;296.502;1912.29;;3072
2.38;;1615.79;294.475;1910.27;;3072
2.39;;1615.79;301.98;1917.77;;3072
2.4;;1615.79;296.413;1912.2;;3072
2.41;;1615.79;302.821;1918.61;;3072
2.42;;1615.79;300.485;1916.28;;3072
2.43;;1615.79;294.317;1910.11;;3072
2.44;;1615.79;298.912;1914.7;;3072
2.45;;1615.79;303.354;1919.15;;3072
2.46;;1615.79;301.793;1917.58;;3072
2.47;;1615.79;293.29;1909.08;;3072
2.48;;1615.79;305.532;1921.32;;3072
2.49;;1615.79;306.536;1922.33;;3072
2.5;;1615.79;305.936;1921.73;;3072
2.51;;1615.79;294.29;1910.08;;3072
2.52;;1615.79;306.935;1922.73;;3072
2.53;;1615.79;308.051;1923.84;;3072
2.54;;1615.79;298.969;1914.76;;3072
2.55;;1615.79;300.392;1916.18;;3072
2.56;;1615.79;305.173;1920.96;;3072
2.57;;1615.79;310.562;1926.35;;3072
2.58;;1615.79;299.966;1915.76;;3072
2.59;;1615.79;307.892;1923.68;;3072
2.6;;1615.79;302.882;1918.67;;3072
2.61;;1615.79;304.875;1920.67;;3072
2.62;;1615.79;297.355;1913.15;;3072
2.63;;1615.79;308.336;1924.13;;3072
2.64;;1615.79;302.018;1917.81;;3072
2.65;;1615.79;297.42;1913.21;;3072
2.66;;1615.79;302.899;1918.69;;3072
2.67;;1615.79;306.975;1922.77;;3072
2.68;;1615.79;309.138;1924.93;;3072
2.69;;1615.79;294.357;1910.15;;3072
2.7;;1615.79;303.994;1919.79;;3072
2.71;;1615.79;302.942;1918.73;;3072
2.72;;1615.79;307.903;1923.69;;3072
2.73;;1615.79;302.186;1917.98;;3072
2.74;;1615.79;307.602;1923.39;;3072
2.75;;1615.79;305.052;1920.84;;3072
2.76;;1615.79;303.625;1919.42;;3072
2.77;;1615.79;309.857;1925.65;;3072
2.78;;1615.79;308.089;1923.88;;3072
2.79;;1615.79;312.457;1928.25;;3072
2.8;;1615.79;300.653;1916.44;;3072
2.81;;1615.79;313.111;1928.9;;3072
2.82;;1615.79;310.691;1926.48;;3072
2.83;;1615.79;314.576;1930.37;;3072
2.84;;1615.79;306.498;1922.29;;3072
2.85;;1615.79;309.768;1925.56;;3072
2.86;;1615.79;315.943;1931.73;;3072
2.87;;1615.79;304.254;1920.04;;3072
2.88;;1615.79;309.355;1925.15;;3072
2.89;;1615.79;305.74;1921.53;;3072
2.9;;1615.79;309.086;1924.88;;3072
2.91;;1615.79;302.279;1918.07;;3072
2.92;;1615.79;312.742;1928.53;;3072
2.93;;1615.79;313.488;1929.28;;3072
2.94;;1615.79;301.332;1917.12;;3072
2.95;;1615.79;304.346;1920.14;;3072
2.96;;1615.79;308.75;1924.54;;3072
2.97;;1615.79;312.909;1928.7;;3072
2.98;;1615.79;302.742;1918.53;;3072
2.99;;1615.79;309.468;1925.26;;3072
3;;1615.79;308.267;1924.06;;3072
3.01;;1615.79;310.276;1926.07;;3072
3.02;;1615.79;310.768;1926.56;;3072
3.03;;1615.79;311.87;1927.66;;3072
3.04;;1615.79;315.63;1931.42;;3072
3.05;;1615.79;304.544;1920.33;;3072
3.06;;1615.79;316.626;1932.42;;3072
3.07;;1615.79;316.61;1932.4;;3072
3.08;;1615.79;315.417;1931.21;;3072
3.09;;1615.79;311.744;1927.53;;3072
3.1;;1615.79;310.675;1926.47;;3072
3.11;;1615.79;313.92;1929.71;;3072
3.12;;1615.79;304.214;1920.01;;3072
3.13;;1615.79;315.618;1931.41;;3072
3.14;;1615.79;311.788;1927.58;;3072
3.15;;1615.79;301.341;1917.13;;3072
3.16;;1615.79;312.376;1928.17;;3072
3.17;;1615.79;310.964;1926.75;;3072
3.18;;1615.79;312.268;1928.06;;3072
3.19;;1615.79;307.212;1923;;3072
3.2;;1615.79;315.185;1930.98;;3072
3.21;;1615.79;310.575;1926.37;;3072
3.22;;1615.79;304.712;1920.5;;3072
3.23;;1615.79;318.272;1934.06;;3072
3.24;;1615.79;319.59;1935.38;;3072
3.25;;1615.79;316.723;1932.51;;3072
3.26;;1615.79;307.736;1923.53;;3072
3.27;;1615.79;314.298;1930.09;;3072
3.28;;1615.79;317.573;1933.36;;3072
3.29;;1615.79;305.182;1920.97;;3072
3.3;;1615.79;317.417;1933.21;;3072
3.31;;1615.79;316.324;1932.11;;3072
3.32;;1615.79;309.889;1925.68;;3072
3.33;;1615.79;305.508;1921.3;;3072
3.34;;1615.79;313.509;1929.3;;3072
3.35;;1615.79;316.476;1932.27;;3072
3.36;;1615.79;305.991;1921.78;;3072
3.37;;1615.79;313.084;1928.88;;3072
3.38;;1615.79;311.771;1927.56;;3072
3.39;;1615.79;310.871;1926.66;;3072
3.4;;1615.79;316.957;1932.75;;3072
3.41;;1615.79;314.218;1930.01;;3072
3.42;;1615.79;317.936;1933.73;;3072
3.43;;1615.79;309.07;1924.86;;3072
3.44;;1615.79;319.277;1935.07;;3072
3.45;;1615.79;320.469;1936.26;;3072
3.46;;1615.79;313.981;1929.77;;3072
3.47;;1615.79;317.443;1933.23;;3072
3.48;;1615.79;312.833;1928.62;;3072
3.49;;1615.79;310.679;1926.47;;3072
3.5;;1615.79;305.215;1921.01;;3072
3.51;;1615.79;317.909;1933.7;;3072
3.52;;1615.79;317.231;1933.02;;3072
3.53;;1615.79;303.92;1919.71;;3072
3.54;;1615.79;315.542;1931.33;;3072
3.55;;1615.79;314.289;1930.08;;3072
3.56;;1615.79;311.368;1927.16;;3072
3.57;;1615.79;312.824;1928.61;;3072
3.58;;1615.79;317.988;1933.78;;3072
3.59;;1615.79;317.066;1932.86;;3072
3.6;;1615.79;309.519;1925.31;;3072
3.61;;1615.79;320.495;1936.29;;3072
3.62;;1615.79;nan;nan;;3072
3.63;;1615.79;319.617;1935.41;;3072
3.64;;1615.79;308.888;1924.68;;3072
3.65;;1615.79;317.122;1932.91;;3072
3.66;;1615.79;321.185;1936.98;;3072
3.67;;1615.79;308.032;1923.82;;3072
3.68;;1615.79;317.898;1933.69;;3072
3.69;;1615.79;314.944;1930.73;;3072
3.7;;1615.79;312.967;1928.76;;3072
3.71;;1615.79;308.167;1923.96;;3072
3.72;;1615.79;315.126;1930.92;;3072
3.73;;1615.79;317.217;1933.01;;3072
3.74;;1615.79;305.259;1921.05;;3072
3.75;;1615.79;313.696;1929.49;;3072
3.76;;1615.79;312.333;1928.12;;3072
3.77;;1615.79;315.498;1931.29;;3072
3.78;;1615.79;316.708;1932.5;;3072
3.79;;1615.79;316.702;1932.49;;3072
3.8;;1615.79;319.606;1935.4;;3072
3.81;;1615.79;308.84;1924.63;;3072
3.82;;1615.79;320.707;1936.5;;3072
3.83;;1615.79;321.24;1937.03;;3072
3.84;;1615.79;314.087;1929.88;;3072
3.85;;1615.79;318.516;1934.31;;3072
3.86;;1615.79;314.978;1930.77;;3072
3.87;;1615.79;315.445;1931.24;;3072
3.88;;1615.79;307.341;1923.13;;3072
3.89;;1615.79;319.336;1935.13;;3072
3.9;;1615.79;317.6;1933.39;;3072
3.91;;1615.79;304.102;1919.89;;3072
3.92;;1615.79;316.153;1931.94;;3072
3.93;;1615.79;315.338;1931.13;;3072
3.94;;1615.79;313.568;1929.36;;3072
3.95;;1615.79;313.448;1929.24;;3072
3.96;;1615.79;318.566;1934.36;;3072
3.97;;1615.79;318.149;1933.94;;3072
3.98;;1615.79;309.662;1925.45;;3072
3.99;;1615.79;321.216;1937.01;;3072
4;;1615.79;nan;nan;;3072
4.01;;1615.79;318.594;1934.38;;3072
4.02;;1615.79;308.651;1924.44;;3072
4.03;;1615.79;318.475;1934.27;;3072
4.04;;1615.79;322.856;1938.65;;3072
4.05;;1615.79;308.408;1924.2;;3072
4.06;;1615.79;318.074;1933.86;;3072
4.07;;1615.79;315.463;1931.25;;3072
4.08;;1615.79;312.109;1927.9;;3072
4.09;;1615.79;311.005;1926.8;;3072
4.1;;1615.79;315.06;1930.85;;3072
4.11;;1615.79;317.172;1932.96;;3072
4.12;;1615.79;305.785;1921.58;;3072
4.13;;1615.79;314.586;1930.38;;3072
4.14;;1615.79;311.297;1927.09;;3072
4.15;;1615.79;313.212;1929;;3072
4.16;;1615.79;319.528;1935.32;;3072
4.17;;1615.79;317.845;1933.64;;3072
4.18;;1615.79;319.207;1935;;3072
4.19;;1615.79;309.966;1925.76;;3072
4.2;;1615.79;319.985;1935.78;;3072
4.21;;1615.79;321.908;1937.7;;3072
4.22;;1615.79;311.406;1927.2;;3072
4.23;;1615.79;320.026;1935.82;;3072
4.24;;1615.79;317.202;1932.99;;3072
4.25;;1615.79;313.562;1929.35;;3072
4.26;;1615.79;306.652;1922.44;;3072
4.27;;1615.79;318.099;1933.89;;3072
4.28;;1615.79;319.674;1935.46;;3072
4.29;;1615.79;307.99;1923.78;;3072
4.3;;1615.79;316.629;1932.42;;3072
4.31;;1615.79;316.624;1932.41;;3072
4.32;;1615.79;310.556;1926.35;;3072
4.33;;1615.79;317.848;1933.64;;3072
4.34;;1615.79;315.218;1931.01;;3072
4.35;;1615.79;319.981;1935.77;;3072
4.36;;1615.79;314.498;1930.29;;3072
4.37001;;1615.79;318.975;1934.77;;3072
4.38001;;1615.79;323.347;1939.14;;3072
4.39001;;1615.79;312.108;1927.9;;3072
4.40001;;1615.79;319.781;1935.57;;3072
4.41001;;1615.79;312.452;1928.24;;3072
4.42001;;1615.79;305.582;1921.37;;3072
4.43001;;1615.79;312.661;1928.45;;3072
4.44001;;1615.79;316.376;1932.17;;3072
4.45001;;1615.79;318.963;1934.75;;3072
4.46001;;1615.79;310.72;1926.51;;3072
4.47001;;1615.79;319.113;1934.9;;3072
4.48001;;1615.79;316.902;1932.69;;3072
4.49001;;1615.79;308.327;1924.12;;3072
4.50001;;1615.79;320.393;1936.18;;3072
4.51001;;1615.79;321.294;1937.08;;3072
4.52001;;1615.79;320.302;1936.09;;3072
4.53001;;1615.79;314.782;1930.57;;3072
4.54001;;1615.79;315.086;1930.88;;3072
4.55001;;1615.79;317.781;1933.57;;3072
4.56001;;1615.79;307.641;1923.43;;3072
4.57001;;1615.79;319.57;1935.36;;3072
4.58001;;1615.79;316.3;1932.09;;3072
4.59001;;1615.79;305.74;1921.53;;3072
4.60001;;1615.79;316.459;1932.25;;3072
4.61001;;1615.79;314.124;1929.91;;3072
4.62001;;1615.79;312.398;1928.19;;3072
4.63001;;1615.79;312.002;1927.79;;3072
4.64001;;1615.79;319.205;1935;;3072
4.65001;;1615.79;316.362;1932.15;;3072
4.66001;;1615.79;308.443;1924.23;;3072
4.67001;;1615.79;322.148;1937.94;;3072
4.68001;;1615.79;nan;nan;;3072
4.69001;;1615.79;320.139;1935.93;;3072
4.70001;;1615.79;309.045;1924.84;;3072
4.71001;;1615.79;320.438;1936.23;;3072
4.72001;;1615.79;322.111;1937.9;;3072
4.73001;;1615.79;309.691;1925.48;;3072
4.74001;;1615.79;318.655;1934.45;;3072
4.75001;;1615.79;317.374;1933.16;;3072
4.76001;;1615.79;315.381;1931.17;;3072
4.77001;;1615.79;306.652;1922.44;;3072
4.78001;;1615.79;316.756;1932.55;;3072
4.79001;;1615.79;318.834;1934.62;;3072
4.80001;;1615.79;306.843;1922.63;;3072
4.81002;;1615.79;314.839;1930.63;;3072
4.82002;;1615.79;314.294;1930.08;;3072
4.83002;;1615.79;314.488;1930.28;;3072
4.84002;;1615.79;317.618;1933.41;;3072
4.85002;;1615.79;315.912;1931.7;;3072
4.86002;;1615.79;319.429;1935.22;;3072
4.87002;;1615.79;311.484;1927.27;;3072
4.88002;;1615.79;320.34;1936.13;;3072
4.89002;;1615.79;nan;nan;;3072
4.90002;;1615.79;321.549;1937.34;;3072
4.91002;;1615.79;315.321;1931.11;;3072
4.92002;;1615.79;316.379;1932.17;;3072
4.93002;;1615.79;320.32;1936.11;;3072
4.94002;;1615.79;310.272;1926.06;;3072
4.95002;;1615.79;318.656;1934.45;;3072
4.96002;;1615.79;312.716;1928.51;;3072
4.97002;;1615.79;306.6;1922.39;;3072
4.98002;;1615.79;315.368;1931.16;;3072
4.99002;;1615.79;315.364;1931.16;;3072
5.00002;;1615.79;317.297;1933.09;;3072
5.01002;;1615.79;309.906;1925.7;;3072
5.02002;;1615.79;318.676;1934.47;;3072
5.03002;;1615.79;314.319;1930.11;;3072
5.04002;;1615.79;307.898;1923.69;;3072
5.05002;;1615.79;320.811;1936.6;;3072
5.06002;;1615.79;322.542;1938.33;;3072
5.07002;;1615.79;319.795;1935.59;;3072
5.08002;;1615.79;310.891;1926.68;;3072
5.09002;;1615.79;316.322;1932.11;;3072
5.10002;;1615.79;318.83;1934.62;;3072
5.11002;;1615.79;306.617;1922.41;;3072
5.12002;;1615.79;319.721;1935.51;;3072
5.13002;;1615.79;318.349;1934.14;;3072
5.14002;;1615.79;307.607;1923.4;;3072
5.15002;;1615.79;313.497;1929.29;;3072
5.16002;;1615.79;313.255;1929.05;;3072
5.17002;;1615.79;313.669;1929.46;;3072
5.18002;;1615.79;313.071;1928.86;;3072
5.19002;;1615.79;318.882;1934.67;;3072
5.20002;;1615.79;316.492;1932.28;;3072
5.21002;;1615.79;307.832;1923.62;;3072
5.22002;;1615.79;321.33;1937.12;;3072
5.23002;;1615.79;321.813;1937.6;;3072
5.24003;;1615.79;311.103;1926.89;;3072
5.25003;;1615.79;315.035;1930.83;;3072
5.26003;;1615.79;315.438;1931.23;;3072
5.27003;;1615.79;317.759;1933.55;;3072
5.28003;;1615.79;306.771;1922.56;;3072
5.29003;;1615.79;318.27;1934.06;;3072
5.30003;;1615.79;318.448;1934.24;;3072
5.31003;;1615.79;303.17;1918.96;;3072
5.32003;;1615.79;313.502;1929.29;;3072
5.33003;;1615.79;314.19;1929.98;;3072
5.34003;;1615.79;318.69;1934.48;;3072
5.35003;;1615.79;314.134;1929.93;;3072
5.36003;;1615.79;318.521;1934.31;;3072
5.37003;;1615.79;319.558;1935.35;;3072
5.38003;;1615.79;307.814;1923.6;;3072
5.39003;;1615.79;320.516;1936.31;;3072
5.40003;;1615.79;318.547;1934.34;;3072
5.41003;;1615.79;316.106;1931.9;;3072
5.42003;;1615.79;317.295;1933.09;;3072
5.43003;;1615.79;315.539;1931.33;;3072
5.44003;;1615.79;317.72;1933.51;;3072
5.45003;;1615.79;307.56;1923.35;;3072
5.46003;;1615.79;319.579;1935.37;;3072
5.47003;;1615.79;316.288;1932.08;;3072
5.48003;;1615.79;304.084;1919.87;;3072
5.49003;;1615.79;315.032;1930.82;;3072
5.50003;;1615.79;315.061;1930.85;;3072
5.51003;;1615.79;316.167;1931.96;;3072
5.52003;;1615.79;312.219;1928.01;;3072
5.53003;;1615.79;318.617;1934.41;;3072
5.54003;;1615.79;318.215;1934.01;;3072
5.55003;;1615.79;309.135;1924.93;;3072
5.56003;;1615.79;321.076;1936.87;;3072
5.57003;;1615.79;nan;nan;;3072
5.58003;;1615.79;320.7;1936.49;;3072
5.59003;;1615.79;310.396;1926.19;;3072
5.60003;;1615.79;317.008;1932.8;;3072
5.61003;;1615.79;319.813;1935.6;;3072
5.62003;;1615.79;307.152;1922.94;;3072
5.63003;;1615.79;318.65;1934.44;;3072
5.64003;;1615.79;314.81;1930.6;;3072
5.65003;;1615.79;309.512;1925.3;;3072
5.66003;;1615.79;314.087;1929.88;;3072
5.67003;;1615.79;314.314;1930.1;;3072
5.68004;;1615.79;316.308;1932.1;;3072
5.69004;;1615.79;308.468;1924.26;;3072
5.70004;;1615.79;316.502;1932.29;;3072
5.71004;;1615.79;312.773;1928.56;;3072
5.72004;;1615.79;307.48;1923.27;;3072
5.73004;;1615.79;321.393;1937.18;;3072
5.74004;;1615.79;323.084;1938.88;;3072
5.75004;;1615.79;314.199;1929.99;;3072
5.76004;;1615.79;313.419;1929.21;;3072
5.77004;;1615.79;314.929;1930.72;;3072
5.78004;;1615.79;318.18;1933.97;;3072
5.79004;;1615.79;307.814;1923.6;;3072
5.80004;;1615.79;318.221;1934.01;;3072
5.81004;;1615.79;318.366;1934.16;;3072
5.82004;;1615.79;303.847;1919.64;;3072
5.83004;;1615.79;313.454;1929.24;;3072
5.84004;;1615.79;312.145;1927.94;;3072
5.85004;;1615.79;316.958;1932.75;;3072
5.86004;;1615.79;314.437;1930.23;;3072
5.87004;;1615.79;318.993;1934.78;;3072
5.88004;;1615.79;318.591;1934.38;;3072
5.89004;;1615.79;307.706;1923.5;;3072
5.90004;;1615.79;320.9;1936.69;;3072
5.91004;;1615.79;320.744;1936.53;;3072
5.92004;;1615.79;309.63;1925.42;;3072
5.93004;;1615.79;318.435;1934.23;;3072
5.94004;;1615.79;317.366;1933.16;;3072
5.95004;;1615.79;315.044;1930.83;;3072
5.96004;;1615.79;306.35;1922.14;;3072
5.97004;;1615.79;316.664;1932.45;;3072
5.98004;;1615.79;318.535;1934.33;;3072
5.99004;;1615.79;306.042;1921.83;;3072
6.00004;;1615.79;314.493;1930.28;;3072
6.01004;;1615.79;313.947;1929.74;;3072
6.02004;;1615.79;314.18;1929.97;;3072
6.03004;;1615.79;316.558;1932.35;;3072
6.04004;;1615.79;315.565;1931.36;;3072
6.05004;;1615.79;319.138;1934.93;;3072
6.06004;;1615.79;310.887;1926.68;;3072
6.07004;;1615.79;320.183;1935.97;;3072
6.08004;;1615.79;322.781;1938.57;;3072
6.09004;;1615.79;314.452;1930.24;;3072
6.10004;;1615.79;318.159;1933.95;;3072
6.11004;;1615.79;312.899;1928.69;;3072
6.12005;;1615.79;310.473;1926.26;;3072
6.13005;;1615.79;306.501;1922.29;;3072
6.14005;;1615.79;318.203;1933.99;;3072
6.15005;;1615.79;318.926;1934.72;;3072
6.16005;;1615.79;306.469;1922.26;;3072
6.17005;;1615.79;318.019;1933.81;;3072
6.18005;;1615.79;315.331;1931.12;;3072
6.19005;;1615.79;308.146;1923.94;;3072
6.20005;;1615.79;315.479;1931.27;;3072
6.21005;;1615.79;317.679;1933.47;;3072
6.22005;;1615.79;320.092;1935.88;;3072
6.23005;;1615.79;310.403;1926.19;;3072
6.24005;;1615.79;319.793;1935.58;;3072
6.25005;;1615.79;nan;nan;;3072
6.26005;;1615.79;319.233;1935.02;;3072
6.27005;;1615.79;309.696;1925.49;;3072
6.28005;;1615.79;316.48;1932.27;;3072
6.29005;;1615.79;318.879;1934.67;;3072
6.30005;;1615.79;305.858;1921.65;;3072
6.31005;;1615.79;319.04;1934.83;;3072
6.32005;;1615.79;317.731;1933.52;;3072
6.33005;;1615.79;308.666;1924.46;;3072
6.34005;;1615.79;310.575;1926.37;;3072
6.35005;;1615.79;313.585;1929.38;;3072
6.36005;;1615.79;316.76;1932.55;;3072
6.37005;;1615.79;309.431;1925.22;;3072
6.38005;;1615.79;315.362;1931.15;;3072
6.39005;;1615.79;313.276;1929.07;;3072
6.40005;;1615.79;309.142;1924.93;;3072
6.41005;;1615.79;319.637;1935.43;;3072
6.42005;;1615.79;317.269;1933.06;;3072
6.43005;;1615.79;312.638;1928.43;;3072
6.44005;;1615.79;313.484;1929.27;;3072
6.45005;;1615.79;315.548;1931.34;;3072
6.46005;;1615.79;318.232;1934.02;;3072
6.47005;;1615.79;306.569;1922.36;;3072
6.48005;;1615.79;318.174;1933.96;;3072
6.49005;;1615.79;317.405;1933.2;;3072
6.50005;;1615.79;303.644;1919.44;;3072
6.51005;;1615.79;310.347;1926.14;;3072
6.52005;;1615.79;315.457;1931.25;;3072
6.53005;;1615.79;318.931;1934.72;;3072
6.54005;;1615.79;311.18;1926.97;;3072
6.55006;;1615.79;318.593;1934.38;;3072
6.56006;;1615.79;318.569;1934.36;;3072
6.57006;;1615.79;306.851;1922.64;;3072
6.58006;;1615.79;320.126;1935.92;;3072
6.59006;;1615.79;318.109;1933.9;;3072
6.60006;;1615.79;315.731;1931.52;;3072
6.61006;;1615.79;317.387;1933.18;;3072
6.62006;;1615.79;314.862;1930.65;;3072
6.63006;;1615.79;315.537;1931.33;;3072
6.64006;;1615.79;306.358;1922.15;;3072
6.65006;;1615.79;318.633;1934.42;;3072
6.66006;;1615.79;318.219;1934.01;;3072
6.67006;;1615.79;305.378;1921.17;;3072
6.68006;;1615.79;316.607;1932.4;;3072
6.69006;;1615.79;315.531;1931.32;;3072
6.70006;;1615.79;311.549;1927.34;;3072
6.71006;;1615.79;314.754;1930.54;;3072
6.72006;;1615.79;316.27;1932.06;;3072
6.73006;;1615.79;320.832;1936.62;;3072
6.74006;;1615.79;311.363;1927.15;;3072
6.75006;;1615.79;320.145;1935.94;;3072
6.76006;;1615.79;nan;nan;;3072
6.77006;;1615.79;318.587;1934.38;;3072
6.78006;;1615.79;312.605;1928.4;;3072
6.79006;;1615.79;313.995;1929.79;;3072
6.80006;;1615.79;315.832;1931.62;;3072
6.81006;;1615.79;305.773;1921.56;;3072
6.82006;;1615.79;318.953;1934.74;;3072
6.83006;;1615.79;317.255;1933.05;;3072
6.84006;;1615.79;305.264;1921.05;;3072
6.85006;;1615.79;315.035;1930.83;;3072
6.86006;;1615.79;312.314;1928.1;;3072
6.87006;;1615.79;311.429;1927.22;;3072
6.88006;;1615.79;312.24;1928.03;;3072
6.89006;;1615.79;318.661;1934.45;;3072
6.90006;;1615.79;316.751;1932.54;;3072
6.91006;;1615.79;308.059;1923.85;;3072
6.92006;;1615.79;320.03;1935.82;;3072
6.93006;;1615.79;nan;nan;;3072
6.94006;;1615.79;317.405;1933.2;;3072
6.95006;;1615.79;310.507;1926.3;;3072
6.96006;;1615.79;316.429;1932.22;;3072
6.97006;;1615.79;319.635;1935.43;;3072
6.98006;;1615.79;306.434;1922.22;;3072
6.99007;;1615.79;319.644;1935.44;;3072
7.00007;;1615.79;319.241;1935.03;;3072
7.01007;;1615.79;308.677;1924.47;;3072
7.02007;;1615.79;309.065;1924.86;;3072
7.03007;;1615.79;314.767;1930.56;;3072
7.04007;;1615.79;317.959;1933.75;;3072
7.05007;;1615.79;311.325;1927.12;;3072
7.06007;;1615.79;318.186;1933.98;;3072
7.07007;;1615.79;316.448;1932.24;;3072
7.08007;;1615.79;307.109;1922.9;;3072
7.09007;;1615.79;320.308;1936.1;;3072
7.10007;;1615.79;317.105;1932.9;;3072
7.11007;;1615.79;311.923;1927.71;;3072
7.12007;;1615.79;315.406;1931.2;;3072
7.13007;;1615.79;315.529;1931.32;;3072
7.14007;;1615.79;317.91;1933.7;;3072
7.15007;;1615.79;306.906;1922.7;;3072
7.16007;;1615.79;318.595;1934.39;;3072
7.17007;;1615.79;316.758;1932.55;;3072
7.18007;;1615.79;302.753;1918.54;;3072
7.19007;;1615.79;313.559;1929.35;;3072
7.20007;;1615.79;314.26;1930.05;;3072
7.21007;;1615.79;316.755;1932.55;;3072
7.22007;;1615.79;314.008;1929.8;;3072
7.23007;;1615.79;316.077;1931.87;;3072
7.24007;;1615.79;319.891;1935.68;;3072
7.25007;;1615.79;309.468;1925.26;;3072
7.26007;;1615.79;320.345;1936.14;;3072
7.27007;;1615.79;321.399;1937.19;;3072
7.28007;;1615.79;315.17;1930.96;;3072
7.29007;;1615.79;317.212;1933;;3072
7.30007;;1615.79;313.068;1928.86;;3072
7.31007;;1615.79;311.822;1927.61;;3072
7.32007;;1615.79;305.804;1921.59;;3072
7.33007;;1615.79;318.477;1934.27;;3072
7.34007;;1615.79;318.282;1934.07;;3072
7.35007;;1615.79;305.43;1921.22;;3072
7.36007;;1615.79;317.841;1933.63;;3072
7.37007;;1615.79;315.193;1930.98;;3072
7.38007;;1615.79;308.444;1924.23;;3072
7.39007;;1615.79;315.222;1931.01;;3072
7.40007;;1615.79;316.871;1932.66;;3072
7.41007;;1615.79;320.383;1936.17;;3072
7.42007;;1615.79;310.551;1926.34;;3072
7.43008;;1615.79;319.106;1934.9;;3072
7.44008;;1615.79;nan;nan;;3072
7.45008;;1615.79;319.273;1935.06;;3072
7.46008;;1615.79;309.361;1925.15;;3072
7.47008;;1615.79;315.67;1931.46;;3072
7.48008;;1615.79;318.238;1934.03;;3072
7.49008;;1615.79;305.284;1921.07;;3072
7.50008;;1615.79;318.652;1934.44;;3072
7.51008;;1615.79;317.476;1933.27;;3072
7.52008;;1615.79;305.843;1921.63;;3072
7.53008;;1615.79;312.987;1928.78;;3072
7.54008;;1615.79;311.152;1926.94;;3072
7.55008;;1615.79;310.801;1926.59;;3072
7.56008;;1615.79;314.003;1929.79;;3072
7.57008;;1615.79;318.363;1934.15;;3072
7.58008;;1615.79;317.549;1933.34;;3072
7.59008;;1615.79;307.484;1923.27;;3072
7.60008;;1615.79;319.786;1935.58;;3072
7.61008;;1615.79;321.964;1937.75;;3072
7.62008;;1615.79;308.54;1924.33;;3072
7.63008;;1615.79;315.544;1931.33;;3072
7.64008;;1615.79;314.039;1929.83;;3072
7.65008;;1615.79;315.851;1931.64;;3072
7.66008;;1615.79;306.972;1922.76;;3072
7.67008;;1615.79;315.679;1931.47;;3072
7.68008;;1615.79;316.914;1932.7;;3072
7.69008;;1615.79;304.512;1920.3;;3072
7.70008;;1615.79;314.071;1929.86;;3072
7.71008;;1615.79;311.07;1926.86;;3072
7.72008;;1615.79;311.004;1926.8;;3072
7.73008;;1615.79;319.602;1935.39;;3072
7.74008;;1615.79;316.771;1932.56;;3072
7.75008;;1615.79;314.326;1930.12;;3072
7.76008;;1615.79;311.223;1927.01;;3072
7.77008;;1615.79;316.725;1932.52;;3072
7.78008;;1615.79;319.578;1935.37;;3072
7.79008;;1615.79;307.752;1923.54;;3072
7.80008;;1615.79;319.553;1935.34;;3072
7.81008;;1615.79;318.589;1934.38;;3072
7.82008;;1615.79;305.861;1921.65;;3072
7.83008;;1615.79;310.695;1926.49;;3072
7.84008;;1615.79;314.629;1930.42;;3072
7.85008;;1615.79;317.977;1933.77;;3072
7.86009;;1615.79;312.729;1928.52;;3072
7.87009;;1615.79;318.615;1934.41;;3072
7.88009;;1615.79;319.736;1935.53;;3072
7.89009;;1615.79;307.34;1923.13;;3072
7.90009;;1615.79;320.488;1936.28;;3072
7.91009;;1615.79;319.193;1934.98;;3072
7.92009;;1615.79;312.18;1927.97;;3072
7.93009;;1615.79;318.017;1933.81;;3072
7.94009;;1615.79;315.346;1931.14;;3072
7.95009;;1615.79;315.245;1931.04;;3072
7.96009;;1615.79;305.841;1921.63;;3072
7.97009;;1615.79;317.927;1933.72;;3072
7.98009;;1615.79;318.123;1933.91;;3072
7.99009;;1615.79;304.89;1920.68;;3072
8.00009;;1615.79;314.494;1930.28;;3072
8.01009;;1615.79;314.575;1930.37;;3072
8.02009;;1615.79;313.527;1929.32;;3072
8.03009;;1615.79;314.763;1930.55;;3072
8.04009;;1615.79;314.947;1930.74;;3072
8.05009;;1615.79;320.056;1935.85;;3072
8.06009;;1615.79;312.154;1927.94;;3072
8.07009;;1615.79;319.053;1934.84;;3072
8.08009;;1615.79;323.245;1939.04;;3072
8.09009;;1615.79;311.514;1927.31;;3072
8.10009;;1615.79;318.325;1934.12;;3072
8.11009;;1615.79;311.34;1927.13;;3072
8.12009;;1615.79;305.252;1921.04;;3072
8.13009;;1615.79;310.557;1926.35;;3072
8.14009;;1615.79;316.135;1931.93;;3072
8.15009;;1615.79;317.914;1933.7;;3072
8.16009;;1615.79;308.128;1923.92;;3072
8.17009;;1615.79;318.829;1934.62;;3072
8.18009;;1615.79;315.248;1931.04;;3072
8.19009;;1615.79;305.744;1921.53;;3072
8.20009;;1615.79;317.402;1933.19;;3072
8.21009;;1615.79;317.4;1933.19;;3072
8.22009;;1615.79;320.319;1936.11;;3072
8.23009;;1615.79;312.216;1928.01;;3072
8.24009;;1615.79;314.735;1930.53;;3072
8.25009;;1615.79;317.869;1933.66;;3072
8.26009;;1615.79;306.58;1922.37;;3072
8.27009;;1615.79;317.253;1933.04;;3072
8.28009;;1615.79;312.867;1928.66;;3072
8.29009;;1615.79;306.825;1922.62;;3072
8.30009;;1615.79;314.44;1930.23;;3072
8.31009;;1615.79;313.544;1929.33;;3072
8.3201;;1615.79;314.881;1930.67;;3072
8.3301;;1615.79;309.302;1925.09;;3072
8.3401;;1615.79;317.545;1933.34;;3072
8.3501;;1615.79;314.341;1930.13;;3072
8.3601;;1615.79;307.052;1922.84;;3072
8.3701;;1615.79;320.731;1936.52;;3072
8.3801;;1615.79;323.235;1939.03;;3072
8.3901;;1615.79;314.447;1930.24;;3072
8.4001;;1615.79;311.412;1927.2;;3072
8.4101;;1615.79;314.275;1930.07;;3072
8.4201;;1615.79;317.738;1933.53;;3072
8.4301;;1615.79;305.773;1921.56;;3072
8.4401;;1615.79;318.737;1934.53;;3072
8.4501;;1615.79;318.636;1934.43;;3072
8.4601;;1615.79;305.466;1921.26;;3072
8.4701;;1615.79;311.569;1927.36;;3072
8.4801;;1615.79;311.819;1927.61;;3072
8.4901;;1615.79;315.783;1931.57;;3072
8.5001;;1615.79;311.059;1926.85;;3072
8.5101;;1615.79;317.099;1932.89;;3072
8.5201;;1615.79;314.912;1930.7;;3072
8.5301;;1615.79;307.468;1923.26;;3072
8.5401;;1615.79;319.339;1935.13;;3072
8.5501;;1615.79;315.289;1931.08;;3072
8.5601;;1615.79;312.307;1928.1;;3072
8.5701;;1615.79;312.461;1928.25;;3072
8.5801;;1615.79;315.79;1931.58;;3072
8.5901;;1615.79;319.145;1934.94;;3072
8.6001;;1615.79;308.022;1923.81;;3072
8.6101;;1615.79;318.308;1934.1;;3072
8.6201;;1615.79;315.493;1931.28;;3072
8.6301;;1615.79;301.741;1917.53;;3072
8.6401;;1615.79;311.503;1927.29;;3072
8.6501;;1615.79;314.262;1930.05;;3072
8.6601;;1615.79;317.599;1933.39;;3072
8.6701;;1615.79;310.615;1926.41;;3072
8.6801;;1615.79;317.903;1933.69;;3072
8.6901;;1615.79;317.175;1932.97;;3072
8.7001;;1615.79;305.474;1921.27;;3072
8.7101;;1615.79;317.559;1933.35;;3072
8.7201;;1615.79;315.09;1930.88;;3072
8.7301;;1615.79;319.536;1935.33;;3072
8.7401;;1615.79;313.842;1929.63;;3072
8.7501;;1615.79;314.513;1930.3;;3072
8.76011;;1615.79;316.697;1932.49;;3072
8.77011;;1615.79;306.216;1922.01;;3072
8.78011;;1615.79;317.75;1933.54;;3072
8.79011;;1615.79;314.29;1930.08;;3072
8.80011;;1615.79;303.004;1918.79;;3072
8.81011;;1615.79;314.372;1930.16;;3072
8.82011;;1615.79;313.261;1929.05;;3072
8.83011;;1615.79;314.895;1930.69;;3072
8.84011;;1615.79;309.714;1925.5;;3072
8.85011;;1615.79;317.841;1933.63;;3072
8.86011;;1615.79;315.02;1930.81;;3072
8.87011;;1615.79;307.316;1923.11;;3072
8.88011;;1615.79;319.636;1935.43;;3072
8.89011;;1615.79;323.16;1938.95;;3072
8.90011;;1615.79;314.988;1930.78;;3072
8.91011;;1615.79;311.946;1927.74;;3072
8.92011;;1615.79;311.888;1927.68;;3072
8.93011;;1615.79;314.568;1930.36;;3072
8.94011;;1615.79;308.008;1923.8;;3072
8.95011;;1615.79;317.276;1933.07;;3072
8.96011;;1615.79;317.651;1933.44;;3072
8.97011;;1615.79;304.122;1919.91;;3072
8.98011;;1615.79;312.871;1928.66;;3072
8.99011;;1615.79;310.833;1926.62;;3072
9.00011;;1615.79;311.211;1927;;3072
9.01011;;1615.79;311.272;1927.06;;3072
9.02011;;1615.79;317.592;1933.38;;3072
9.03011;;1615.79;315.406;1931.2;;3072
9.04011;;1615.79;306.472;1922.26;;3072
9.05011;;1615.79;319.515;1935.31;;3072
9.06011;;1615.79;320.639;1936.43;;3072
9.07011;;1615.79;308.753;1924.54;;3072
9.08011;;1615.79;313.623;1929.41;;3072
9.09011;;1615.79;313.389;1929.18;;3072
9.10011;;1615.79;316.396;1932.19;;3072
9.11011;;1615.79;305.057;1920.85;;3072
9.12011;;1615.79;316.346;1932.14;;3072
9.13011;;1615.79;316.388;1932.18;;3072
9.14011;;1615.79;301.542;1917.33;;3072
9.15011;;1615.79;312.099;1927.89;;3072
9.16011;;1615.79;311.369;1927.16;;3072
9.17011;;1615.79;315.187;1930.98;;3072
9.18011;;1615.79;315.967;1931.76;;3072
9.19011;;1615.79;315.838;1931.63;;3072
9.20012;;1615.79;317.599;1933.39;;3072
9.21012;;1615.79;308.34;1924.13;;3072
9.22012;;1615.79;318.845;1934.64;;3072
9.23012;;1615.79;319.39;1935.18;;3072
9.24012;;1615.79;310.559;1926.35;;3072
9.25012;;1615.79;317.682;1933.47;;3072
9.26012;;1615.79;315.06;1930.85;;3072
9.27012;;1615.79;313.324;1929.12;;3072
9.28012;;1615.79;304.973;1920.76;;3072
9.29012;;1615.79;316.165;1931.96;;3072
9.30012;;1615.79;318.082;1933.87;;3072
9.31012;;1615.79;308.073;1923.86;;3072
9.32012;;1615.79;317.331;1933.12;;3072
9.33012;;1615.79;316.694;1932.48;;3072
9.34012;;1615.79;306.858;1922.65;;3072
9.35012;;1615.79;318.131;1933.92;;3072
9.36012;;1615.79;314.348;1930.14;;3072
9.37012;;1615.79;315.186;1930.98;;3072
9.38012;;1615.79;315.076;1930.87;;3072
9.39012;;1615.79;315.341;1931.13;;3072
9.40012;;1615.79;318.607;1934.4;;3072
9.41012;;1615.79;307.727;1923.52;;3072
9.42012;;1615.79;318.442;1934.23;;3072
9.43012;;1615.79;314.104;1929.89;;3072
9.44012;;1615.79;302.505;1918.3;;3072
9.45012;;1615.79;313.289;1929.08;;3072
9.46012;;1615.79;313.653;1929.44;;3072
9.47012;;1615.79;316.137;1931.93;;3072
9.48012;;1615.79;311.861;1927.65;;3072
9.49012;;1615.79;316.641;1932.43;;3072
9.50012;;1615.79;318.831;1934.62;;3072
9.51012;;1615.79;308.96;1924.75;;3072
9.52012;;1615.79;320.233;1936.02;;3072
9.53012;;1615.79;322.842;1938.63;;3072
9.54012;;1615.79;314.851;1930.64;;3072
9.55012;;1615.79;316.245;1932.04;;3072
9.56012;;1615.79;311.834;1927.62;;3072
9.57012;;1615.79;309.771;1925.56;;3072
9.58012;;1615.79;307.399;1923.19;;3072
9.59012;;1615.79;317.305;1933.1;;3072
9.60012;;1615.79;317.973;1933.76;;3072
9.61012;;1615.79;305.424;1921.21;;3072
9.62012;;1615.79;318.087;1933.88;;3072
9.63013;;1615.79;312.675;1928.47;;3072
9.64013;;1615.79;305.592;1921.38;;3072
9.65013;;1615.79;314.743;1930.53;;3072
9.66013;;1615.79;317.311;1933.1;;3072
9.67013;;1615.79;320.244;1936.03;;3072
9.68013;;1615.79;309.751;1925.54;;3072
9.69013;;1615.79;317.371;1933.16;;3072
9.70013;;1615.79;322.152;1937.94;;3072
9.71013;;1615.79;309.287;1925.08;;3072
9.72013;;1615.79;315.709;1931.5;;3072
9.73013;;1615.79;311.184;1926.97;;3072
9.74013;;1615.79;311.28;1927.07;;3072
9.75013;;1615.79;312.551;1928.34;;3072
9.76013;;1615.79;315.13;1930.92;;3072
9.77013;;1615.79;316.778;1932.57;;3072
9.78013;;1615.79;305.324;1921.12;;3072
9.79013;;1615.79;315.168;1930.96;;3072
9.80013;;1615.79;309.824;1925.61;;3072
9.81013;;1615.79;307.779;1923.57;;3072
9.82013;;1615.79;319.017;1934.81;;3072
9.83013;;1615.79;319.022;1934.81;;3072
9.84013;;1615.79;318.425;1934.22;;3072
9.85013;;1615.79;309.177;1924.97;;3072
9.86013;;1615.79;316.177;1931.97;;3072
9.87013;;1615.79;318.89;1934.68;;3072
9.88013;;1615.79;305.046;1920.84;;3072
9.89013;;1615.79;318.334;1934.13;;3072
9.90013;;1615.79;317.562;1933.35;;3072
9.91013;;1615.79;310.235;1926.03;;3072
9.92013;;1615.79;308.683;1924.47;;3072
9.93013;;1615.79;313.897;1929.69;;3072
9.94013;;1615.79;317.062;1932.85;;3072
9.95013;;1615.79;309.011;1924.8;;3072
9.96013;;1615.79;315.557;1931.35;;3072
9.97013;;1615.79;313.57;1929.36;;3072
9.98013;;1615.79;308.727;1924.52;;3072
9.99013;;1615.79;318.887;1934.68;;3072
10.0001;;1615.79;314.697;1930.49;;3072
10.0101;;1615.79;314.235;1930.03;;3072
10.0201;;1615.79;311.349;1927.14;;3072
10.0301;;1615.79;317.055;1932.85;;3072
10.0401;;1615.79;320.419;1936.21;;3072
10.0501;;1615.79;309.696;1925.49;;3072
10.0601;;1615.79;318.992;1934.78;;3072
10.0701;;1615.79;314.734;1930.53;;3072
10.0801;;1615.79;303.482;1919.27;;3072
10.0901;;1615.79;309.954;1925.74;;3072
10.1001;;1615.79;315.125;1930.92;;3072
10.1101;;1615.79;318.216;1934.01;;3072
10.1201;;1615.79;309.718;1925.51;;3072
10.1301;;1615.79;318.236;1934.03;;3072
10.1401;;1615.79;317.439;1933.23;;3072
10.1501;;1615.79;305.511;1921.3;;3072
10.1601;;1615.79;317.598;1933.39;;3072
10.1701;;1615.79;314.758;1930.55;;3072
10.1801;;1615.79;319.503;1935.29;;3072
10.1901;;1615.79;313.992;1929.78;;3072
10.2001;;1615.79;315.43;1931.22;;3072
10.2101;;1615.79;317.662;1933.45;;3072
10.2201;;1615.79;306.708;1922.5;;3072
10.2301;;1615.79;318.244;1934.03;;3072
10.2401;;1615.79;314.767;1930.56;;3072
10.2501;;1615.79;303.239;1919.03;;3072
10.2601;;1615.79;315.604;1931.4;;3072
10.2701;;1615.79;314.354;1930.14;;3072
10.2801;;1615.79;311.615;1927.41;;3072
10.2901;;1615.79;313.038;1928.83;;3072
10.3001;;1615.79;317.15;1932.94;;3072
10.3101;;1615.79;319.265;1935.06;;3072
10.3201;;1615.79;309.648;1925.44;;3072
10.3301;;1615.79;320.464;1936.25;;3072
10.3401;;1615.79;nan;nan;;3072
10.3501;;1615.79;319.826;1935.62;;3072
10.3601;;1615.79;308.904;1924.69;;3072
10.3701;;1615.79;315.894;1931.68;;3072
10.3801;;1615.79;318.8;1934.59;;3072
10.3901;;1615.79;304.344;1920.13;;3072
10.4001;;1615.79;317.883;1933.67;;3072
10.4101;;1615.79;316.089;1931.88;;3072
10.4201;;1615.79;306.191;1921.98;;3072
10.4301;;1615.79;313.331;1929.12;;3072
10.4401;;1615.79;311.959;1927.75;;3072
10.4501;;1615.79;312.606;1928.4;;3072
10.4601;;1615.79;310.676;1926.47;;3072
10.4701;;1615.79;317.836;1933.63;;3072
10.4801;;1615.79;314.607;1930.4;;3072
10.4901;;1615.79;306.677;1922.47;;3072
10.5001;;1615.79;320.294;1936.08;;3072
10.5101;;1615.79;320.909;1936.7;;3072
10.5201;;1615.79;311.092;1926.88;;3072
10.5301;;1615.79;312.897;1928.69;;3072
10.5401;;1615.79;314.159;1929.95;;3072
10.5501;;1615.79;317.248;1933.04;;3072
10.5601;;1615.79;305.787;1921.58;;3072
10.5701;;1615.79;316.515;1932.31;;3072
10.5801;;1615.79;317.457;1933.25;;3072
10.5901;;1615.79;302.256;1918.05;;3072
10.6001;;1615.79;311.979;1927.77;;3072
10.6101;;1615.79;312.144;1927.93;;3072
10.6201;;1615.79;316.58;1932.37;;3072
10.6301;;1615.79;314.399;1930.19;;3072
10.6401;;1615.79;318.124;1933.91;;3072
10.6501;;1615.79;319.881;1935.67;;3072
10.6601;;1615.79;306.949;1922.74;;3072
10.6701;;1615.79;320.013;1935.8;;3072
10.6801;;1615.79;317.652;1933.44;;3072
10.6901;;1615.79;311.69;1927.48;;3072
10.7001;;1615.79;316.741;1932.53;;3072
10.7101;;1615.79;314.509;1930.3;;3072
10.7201;;1615.79;315.688;1931.48;;3072
10.7302;;1615.79;305.264;1921.05;;3072
10.7402;;1615.79;317.735;1933.53;;3072
10.7502;;1615.79;316.974;1932.76;;3072
10.7602;;1615.79;303.455;1919.25;;3072
10.7702;;1615.79;313.586;1929.38;;3072
10.7802;;1615.79;313.717;1929.51;;3072
10.7902;;1615.79;315.025;1930.82;;3072
10.8002;;1615.79;313.186;1928.98;;3072
10.8102;;1615.79;315.097;1930.89;;3072
10.8202;;1615.79;319.472;1935.26;;3072
10.8302;;1615.79;309.524;1925.31;;3072
10.8402;;1615.79;319.931;1935.72;;3072
10.8502;;1615.79;322.213;1938;;3072
10.8602;;1615.79;315.214;1931.01;;3072
10.8702;;1615.79;315.709;1931.5;;3072
10.8802;;1615.79;311.379;1927.17;;3072
10.8902;;1615.79;310.483;1926.27;;3072
10.9002;;1615.79;306.497;1922.29;;3072
10.9102;;1615.79;317.386;1933.18;;3072
10.9202;;1615.79;317.856;1933.65;;3072
10.9302;;1615.79;304.731;1920.52;;3072
10.9402;;1615.79;317.396;1933.19;;3072
10.9502;;1615.79;312.307;1928.1;;3072
10.9602;;1615.79;306.135;1921.93;;3072
10.9702;;1615.79;313.807;1929.6;;3072
10.9802;;1615.79;317.428;1933.22;;3072
10.9902;;1615.79;319.627;1935.42;;3072
11.0002;;1615.79;308.852;1924.64;;3072
11.0102;;1615.79;318.058;1933.85;;3072
11.0202;;1615.79;322.867;1938.66;;3072
11.0302;;1615.79;310.008;1925.8;;3072
11.0402;;1615.79;314.08;1929.87;;3072
11.0502;;1615.79;311.45;1927.24;;3072
11.0602;;1615.79;314.204;1929.99;;3072
11.0702;;1615.79;311.076;1926.87;;3072
11.0802;;1615.79;315.375;1931.17;;3072
11.0902;;1615.79;316.668;1932.46;;3072
11.1002;;1615.79;303.607;1919.4;;3072
11.1102;;1615.79;313.126;1928.92;;3072
11.1202;;1615.79;309.01;1924.8;;3072
11.1302;;1615.79;309.232;1925.02;;3072
11.1402;;1615.79;316.996;1932.79;;3072
11.1502;;1615.79;317.559;1933.35;;3072
11.1602;;1615.79;319.436;1935.23;;3072
11.1702;;1615.79;307.309;1923.1;;3072
11.1802;;1615.79;318.019;1933.81;;3072
11.1902;;1615.79;319.628;1935.42;;3072
11.2002;;1615.79;306.15;1921.94;;3072
11.2102;;1615.79;316.835;1932.63;;3072
11.2202;;1615.79;315.289;1931.08;;3072
11.2302;;1615.79;313.924;1929.71;;3072
11.2402;;1615.79;306.167;1921.96;;3072
11.2502;;1615.79;314.508;1930.3;;3072
11.2602;;1615.79;316.931;1932.72;;3072
11.2702;;1615.79;306.819;1922.61;;3072
11.2802;;1615.79;314.681;1930.47;;3072
11.2902;;1615.79;312.481;1928.27;;3072
11.3002;;1615.79;311.023;1926.81;;3072
11.3102;;1615.79;317.172;1932.96;;3072
11.3202;;1615.79;312.532;1928.32;;3072
11.3302;;1615.79;315.091;1930.88;;3072
11.3402;;1615.79;310.258;1926.05;;3072
11.3502;;1615.79;317.865;1933.66;;3072
11.3602;;1615.79;320.758;1936.55;;3072
11.3702;;1615.79;309.852;1925.64;;3072
11.3802;;1615.79;317.071;1932.86;;3072
11.3902;;1615.79;314.81;1930.6;;3072
11.4002;;1615.79;302.782;1918.57;;3072
11.4102;;1615.79;310.657;1926.45;;3072
11.4202;;1615.79;314.77;1930.56;;3072
11.4302;;1615.79;317.743;1933.53;;3072
11.4402;;1615.79;310.025;1925.82;;3072
11.4502;;1615.79;318.123;1933.91;;3072
11.4602;;1615.79;317.987;1933.78;;3072
11.4702;;1615.79;305.336;1921.13;;3072
11.4802;;1615.79;317.503;1933.29;;3072
11.4902;;1615.79;314.512;1930.3;;3072
11.5002;;1615.79;319.373;1935.16;;3072
11.5102;;1615.79;312.994;1928.78;;3072
11.5202;;1615.79;315.558;1931.35;;3072
11.5302;;1615.79;318.486;1934.28;;3072
11.5402;;1615.79;309.132;1924.92;;3072
11.5502;;1615.79;316.757;1932.55;;3072
11.5602;;1615.79;311.333;1927.12;;3072
11.5702;;1615.79;303.958;1919.75;;3072
11.5802;;1615.79;314.018;1929.81;;3072
11.5902;;1615.79;313.846;1929.64;;3072
11.6002;;1615.79;315.208;1931;;3072
11.6102;;1615.79;309.4;1925.19;;3072
11.6202;;1615.79;318.033;1933.82;;3072
11.6302;;1615.79;314.987;1930.78;;3072
11.6402;;1615.79;307.088;1922.88;;3072
11.6502;;1615.79;318.599;1934.39;;3072
11.6602;;1615.79;322.618;1938.41;;3072
11.6702;;1615.79;315.524;1931.31;;3072
11.6802;;1615.79;312.006;1927.8;;3072
11.6902;;1615.79;311.576;1927.37;;3072
11.7002;;1615.79;313.244;1929.03;;3072
11.7102;;1615.79;310.493;1926.28;;3072
11.7202;;1615.79;316.419;1932.21;;3072
11.7302;;1615.79;317.157;1932.95;;3072
11.7402;;1615.79;305.606;1921.4;;3072
11.7502;;1615.79;317.225;1933.02;;3072
11.7602;;1615.79;310.752;1926.54;;3072
11.7702;;1615.79;305.381;1921.17;;3072
11.7802;;1615.79;316.49;1932.28;;3072
11.7902;;1615.79;317.425;1933.22;;3072
11.8002;;1615.79;319.776;1935.57;;3072
11.8102;;1615.79;308.917;1924.71;;3072
11.8202;;1615.79;316.285;1932.08;;3072
11.8302;;1615.79;319.438;1935.23;;3072
11.8402;;1615.79;304.49;1920.28;;3072
11.8502;;1615.79;316.898;1932.69;;3072
11.8602;;1615.79;313.669;1929.46;;3072
11.8702;;1615.79;309.471;1925.26;;3072
11.8802;;1615.79;312.062;1927.85;;3072
11.8902;;1615.79;312.737;1928.53;;3072
11.9002;;1615.79;314.416;1930.21;;3072
11.9102;;1615.79;308.715;1924.51;;3072
11.9202;;1615.79;317.054;1932.84;;3072
11.9302;;1615.79;312.9;1928.69;;3072
11.9402;;1615.79;306.73;1922.52;;3072
11.9502;;1615.79;320.397;1936.19;;3072
11.9602;;1615.79;320.128;1935.92;;3072
11.9702;;1615.79;313.475;1929.27;;3072
11.9802;;1615.79;311.23;1927.02;;3072
11.9902;;1615.79;315.16;1930.95;;3072
12.0002;;1615.79;318.543;1934.33;;3072
12.0102;;1615.79;305.224;1921.01;;3072
12.0202;;1615.79;318.289;1934.08;;3072
12.0302;;1615.79;318.443;1934.23;;3072
12.0402;;1615.79;303.288;1919.08;;3072
12.0502;;1615.79;311.711;1927.5;;3072
12.0602;;1615.79;312.072;1927.86;;3072
12.0702;;1615.79;315.653;1931.44;;3072
12.0802;;1615.79;314.863;1930.65;;3072
12.0902;;1615.79;317.947;1933.74;;3072
12.1002;;1615.79;319.945;1935.74;;3072
12.1102;;1615.79;307.349;1923.14;;3072
12.1202;;1615.79;319.678;1935.47;;3072
12.1302;;1615.79;318.715;1934.51;;3072
12.1402;;1615.79;309.102;1924.89;;3072
12.1502;;1615.79;317.193;1932.98;;3072
12.1602;;1615.79;315.082;1930.87;;3072
12.1702;;1615.79;314.727;1930.52;;3072
12.1802;;1615.79;304.926;1920.72;;3072
12.1902;;1615.79;316.147;1931.94;;3072
12.2002;;1615.79;317.546;1933.34;;3072
12.2102;;1615.79;306.393;1922.18;;3072
12.2202;;1615.79;315.525;1931.32;;3072
12.2302;;1615.79;313.827;1929.62;;3072
12.2402;;1615.79;309.15;1924.94;;3072
12.2502;;1615.79;317.477;1933.27;;3072
12.2602;;1615.79;313.411;1929.2;;3072
12.2702;;1615.79;315.429;1931.22;;3072
12.2802;;1615.79;311.852;1927.64;;3072
12.2902;;1615.79;317.448;1933.24;;3072
12.3002;;1615.79;320.893;1936.68;;3072
12.3102;;1615.79;310.538;1926.33;;3072
12.3202;;1615.79;318.526;1934.32;;3072
12.3302;;1615.79;312.86;1928.65;;3072
12.3402;;1615.79;303.876;1919.67;;3072
12.3502;;1615.79;311.162;1926.95;;3072
12.3602;;1615.79;315.121;1930.91;;3072
12.3702;;1615.79;317.429;1933.22;;3072
12.3802;;1615.79;310.519;1926.31;;3072
12.3902;;1615.79;317.413;1933.2;;3072
12.4002;;1615.79;319.045;1934.84;;3072
12.4102;;1615.79;306.581;1922.37;;3072
12.4202;;1615.79;319.104;1934.89;;3072
12.4302;;1615.79;316.482;1932.27;;3072
12.4402;;1615.79;318.721;1934.51;;3072
12.4502;;1615.79;313.281;1929.07;;3072
12.4602;;1615.79;314.237;1930.03;;3072
12.4702;;1615.79;317.133;1932.92;;3072
12.4802;;1615.79;305.244;1921.03;;3072
12.4902;;1615.79;317.489;1933.28;;3072
12.5002;;1615.79;313.751;1929.54;;3072
12.5102;;1615.79;303.769;1919.56;;3072
12.5202;;1615.79;315.219;1931.01;;3072
12.5302;;1615.79;313.401;1929.19;;3072
12.5402;;1615.79;313.327;1929.12;;3072
12.5502;;1615.79;310.972;1926.76;;3072
12.5602;;1615.79;318.307;1934.1;;3072
12.5702;;1615.79;316.108;1931.9;;3072
12.5802;;1615.79;307.328;1923.12;;3072
12.5902;;1615.79;320.171;1935.96;;3072
12.6002;;1615.79;322.792;1938.58;;3072
12.6102;;1615.79;314.309;1930.1;;3072
12.6202;;1615.79;310.968;1926.76;;3072
12.6302;;1615.79;313.319;1929.11;;3072
12.6402;;1615.79;316.251;1932.04;;3072
12.6502;;1615.79;307.758;1923.55;;3072
12.6602;;1615.79;317.458;1933.25;;3072
12.6702;;1615.79;317.814;1933.6;;3072
12.6802;;1615.79;303.404;1919.19;;3072
12.6902;;1615.79;312.725;1928.52;;3072
12.7002;;1615.79;310.17;1925.96;;3072
12.7102;;1615.79;310.959;1926.75;;3072
12.7202;;1615.79;313.141;1928.93;;3072
12.7302;;1615.79;318.056;1933.85;;3072
12.7402;;1615.79;316.77;1932.56;;3072
12.7502;;1615.79;306.51;1922.3;;3072
12.7602;;1615.79;319.966;1935.76;;3072
12.7702;;1615.79;319.495;1935.29;;3072
12.7802;;1615.79;309.094;1924.88;;3072
12.7902;;1615.79;314.288;1930.08;;3072
12.8002;;1615.79;313.818;1929.61;;3072
12.8102;;1615.79;316.366;1932.16;;3072
12.8202;;1615.79;305.166;1920.96;;3072
12.8302;;1615.79;315.545;1931.34;;3072
12.8402;;1615.79;316.117;1931.91;;3072
12.8502;;1615.79;302.906;1918.7;;3072
12.8602;;1615.79;312.641;1928.43;;3072
12.8702;;1615.79;311.415;1927.21;;3072
12.8802;;1615.79;315.022;1930.81;;3072
12.8902;;1615.79;316.195;1931.99;;3072
12.9002;;1615.79;314.857;1930.65;;3072
12.9102;;1615.79;316.985;1932.78;;3072
12.9202;;1615.79;309.026;1924.82;;3072
12.9302;;1615.79;318.517;1934.31;;3072
12.9402;;1615.79;320.173;1935.96;;3072
12.9502;;1615.79;309.003;1924.79;;3072
12.9602;;1615.79;318.951;1934.74;;3072
12.9702;;1615.79;317.253;1933.04;;3072
12.9802;;1615.79;307.478;1923.27;;3072
12.9902;;1615.79;309.318;1925.11;;3072
13.0002;;1615.79;314.842;1930.63;;3072
13.0102;;1615.79;318.003;1933.79;;3072
13.0202;;1615.79;310.997;1926.79;;3072
13.0302;;1615.79;318.304;1934.09;;3072
13.0402;;1615.79;318.997;1934.79;;3072
13.0502;;1615.79;306.094;1921.89;;3072
13.0602;;1615.79;318.659;1934.45;;3072
13.0702;;1615.79;314.858;1930.65;;3072
13.0802;;1615.79;315.781;1931.57;;3072
13.0902;;1615.79;314.073;1929.86;;3072
13.1002;;1615.79;315.127;1930.92;;3072
13.1102;;1615.79;318.086;1933.88;;3072
13.1202;;1615.79;306.76;1922.55;;3072
13.1302;;1615.79;318.365;1934.16;;3072
13.1402;;1615.79;314.552;1930.34;;3072
13.1502;;1615.79;303.012;1918.8;;3072
13.1602;;1615.79;313.752;1929.54;;3072
13.1702;;1615.79;313.999;1929.79;;3072
13.1802;;1615.79;314.377;1930.17;;3072
13.1902;;1615.79;312.565;1928.36;;3072
13.2002;;1615.79;315.483;1931.27;;3072
13.2102;;1615.79;319.448;1935.24;;3072
13.2202;;1615.79;308.484;1924.28;;3072
13.2302;;1615.79;319.658;1935.45;;3072
13.2402;;1615.79;321.936;1937.73;;3072
13.2502;;1615.79;315.114;1930.9;;3072
13.2602;;1615.79;314.415;1930.21;;3072
13.2702;;1615.79;311.066;1926.86;;3072
13.2802;;1615.79;309.815;1925.61;;3072
13.2902;;1615.79;307.852;1923.64;;3072
13.3002;;1615.79;316.605;1932.4;;3072
13.3102;;1615.79;317.305;1933.1;;3072
13.3202;;1615.79;305.924;1921.71;;3072
13.3302;;1615.79;318.211;1934;;3072
13.3402;;1615.79;312.286;1928.08;;3072
13.3502;;1615.79;304.638;1920.43;;3072
13.3602;;1615.79;315.405;1931.2;;3072
13.3702;;1615.79;316.47;1932.26;;3072
13.3802;;1615.79;320.041;1935.83;;3072
13.3902;;1615.79;308.9;1924.69;;3072
13.4002;;1615.79;316.447;1932.24;;3072
13.4102;;1615.79;319.631;1935.42;;3072
13.4202;;1615.79;306.618;1922.41;;3072
13.4302;;1615.79;316.055;1931.85;;3072
13.4402;;1615.79;311.888;1927.68;;3072
13.4502;;1615.79;307.399;1923.19;;3072
13.4602;;1615.79;313.489;1929.28;;3072
13.4702;;1615.79;313.145;1928.94;;3072
13.4802;;1615.79;314.208;1930;;3072
13.4902;;1615.79;308.293;1924.08;;3072
13.5002;;1615.79;316.475;1932.27;;3072
13.5102;;1615.79;311.283;1927.07;;3072
13.5202;;1615.79;306.272;1922.06;;3072
13.5302;;1615.79;319.826;1935.62;;3072
13.5402;;1615.79;320.531;1936.32;;3072
13.5502;;1615.79;314.58;1930.37;;3072
13.5602;;1615.79;309.808;1925.6;;3072
13.5702;;1615.79;314.068;1929.86;;3072
13.5802;;1615.79;317.22;1933.01;;3072
13.5902;;1615.79;305.999;1921.79;;3072
13.6002;;1615.79;317.471;1933.26;;3072
13.6102;;1615.79;317.745;1933.54;;3072
13.6202;;1615.79;303.508;1919.3;;3072
13.6302;;1615.79;311.377;1927.17;;3072
13.6402;;1615.79;310.379;1926.17;;3072
13.6502;;1615.79;313.88;1929.67;;3072
13.6602;;1615.79;313.724;1929.51;;3072
13.6702;;1615.79;317.496;1933.29;;3072
13.6802;;1615.79;317.763;1933.55;;3072
13.6902;;1615.79;306.067;1921.86;;3072
13.7002;;1615.79;319.541;1935.33;;3072
13.7102;;1615.79;317.64;1933.43;;3072
13.7202;;1615.79;308.582;1924.37;;3072
13.7302;;1615.79;314.362;1930.15;;3072
13.7402;;1615.79;313.672;1929.46;;3072
13.7502;;1615.79;315.468;1931.26;;3072
13.7602;;1615.79;303.986;1919.78;;3072
13.7702;;1615.79;315.655;1931.45;;3072
13.7802;;1615.79;316.659;1932.45;;3072
13.7902;;1615.79;302.496;1918.29;;3072
13.8002;;1615.79;311.896;1927.69;;3072
13.8102;;1615.79;312.326;1928.12;;3072
13.8202;;1615.79;315.559;1931.35;;3072
13.8302;;1615.79;312.287;1928.08;;3072
13.8402;;1615.79;314.993;1930.78;;3072
13.8502;;1615.79;318.356;1934.15;;3072
13.8602;;1615.79;306.338;1922.13;;3072
13.8702;;1615.79;318.925;1934.72;;3072
13.8802;;1615.79;317.377;1933.17;;3072
13.8902;;1615.79;315.486;1931.28;;3072
13.9002;;1615.79;315.435;1931.23;;3072
13.9102;;1615.79;312.152;1927.94;;3072
13.9202;;1615.79;311.665;1927.46;;3072
13.9302;;1615.79;304.142;1919.93;;3072
13.9402;;1615.79;316.861;1932.65;;3072
13.9502;;1615.79;316.263;1932.05;;3072
13.9602;;1615.79;303.657;1919.45;;3072
13.9702;;1615.79;315.853;1931.64;;3072
13.9802;;1615.79;313.505;1929.3;;3072
13.9902;;1615.79;308.93;1924.72;;3072
14.0002;;1615.79;312.762;1928.55;;3072
14.0102;;1615.79;315.761;1931.55;;3072
14.0202;;1615.79;319.363;1935.15;;3072
14.0302;;1615.79;309.45;1925.24;;3072
14.0402;;1615.79;318.167;1933.96;;3072
14.0502;;1615.79;322.181;1937.97;;3072
14.0602;;1615.79;310.013;1925.8;;3072
14.0702;;1615.79;314.536;1930.33;;3072
14.0802;;1615.79;309.272;1925.06;;3072
14.0902;;1615.79;307.953;1923.74;;3072
14.1002;;1615.79;311.872;1927.66;;3072
14.1102;;1615.79;313.942;1929.73;;3072
14.1202;;1615.79;316.31;1932.1;;3072
14.1302;;1615.79;304.945;1920.74;;3072
14.1402;;1615.79;315.701;1931.49;;3072
14.1502;;1615.79;309.088;1924.88;;3072
14.1602;;1615.79;305;1920.79;;3072
14.1702;;1615.79;315.852;1931.64;;3072
14.1802;;1615.79;317.094;1932.88;;3072
14.1902;;1615.79;318.023;1933.81;;3072
14.2002;;1615.79;307.879;1923.67;;3072
14.2102;;1615.79;314.267;1930.06;;3072
14.2202;;1615.79;316.916;1932.71;;3072
14.2302;;1615.79;303.176;1918.97;;3072
14.2402;;1615.79;316.616;1932.41;;3072
14.2502;;1615.79;314.371;1930.16;;3072
14.2602;;1615.79;307.233;1923.02;;3072
14.2702;;1615.79;311.004;1926.79;;3072
14.2802;;1615.79;312.014;1927.8;;3072
14.2902;;1615.79;314.256;1930.05;;3072
14.3002;;1615.79;307.635;1923.43;;3072
14.3102;;1615.79;316.08;1931.87;;3072
14.3202;;1615.79;311.458;1927.25;;3072
14.3302;;1615.79;306.124;1921.91;;3072
14.3402;;1615.79;319.523;1935.31;;3072
14.3502;;1615.79;318.996;1934.79;;3072
14.3602;;1615.79;309.843;1925.63;;3072
14.3702;;1615.79;311.977;1927.77;;3072
14.3802;;1615.79;313.337;1929.13;;3072
14.3902;;1615.79;316.141;1931.93;;3072
14.4002;;1615.79;305.393;1921.18;;3072
14.4102;;1615.79;315.124;1930.91;;3072
14.4202;;1615.79;315.983;1931.77;;3072
14.4302;;1615.79;301.368;1917.16;;3072
14.4402;;1615.79;311.605;1927.4;;3072
14.4502;;1615.79;310.389;1926.18;;3072
14.4602;;1615.79;314.091;1929.88;;3072
14.4702;;1615.79;315.883;1931.67;;3072
14.4802;;1615.79;315.574;1931.36;;3072
14.4902;;1615.79;316.849;1932.64;;3072
14.5002;;1615.79;307.93;1923.72;;3072
14.5102;;1615.79;317.677;1933.47;;3072
14.5202;;1615.79;318.989;1934.78;;3072
14.5302;;1615.79;306.808;1922.6;;3072
14.5402;;1615.79;318.486;1934.28;;3072
14.5502;;1615.79;316.965;1932.76;;3072
14.5602;;1615.79;307.168;1922.96;;3072
14.5702;;1615.79;308.694;1924.48;;3072
14.5802;;1615.79;313.443;1929.23;;3072
14.5902;;1615.79;316.875;1932.67;;3072
14.6002;;1615.79;310.707;1926.5;;3072
14.6102;;1615.79;317.921;1933.71;;3072
14.6202;;1615.79;317.734;1933.52;;3072
14.6302;;1615.79;305.783;1921.57;;3072
14.6402;;1615.79;318.857;1934.65;;3072
14.6502;;1615.79;315.073;1930.86;;3072
14.6602;;1615.79;312.757;1928.55;;3072
14.6702;;1615.79;314.607;1930.4;;3072
14.6802;;1615.79;314.231;1930.02;;3072
14.6902;;1615.79;316.152;1931.94;;3072
14.7002;;1615.79;304.4;1920.19;;3072
14.7102;;1615.79;317.317;1933.11;;3072
14.7202;;1615.79;315.815;1931.61;;3072
14.7302;;1615.79;302.16;1917.95;;3072
14.7402;;1615.79;312.532;1928.32;;3072
14.7502;;1615.79;313.092;1928.88;;3072
14.7602;;1615.79;315.354;1931.14;;3072
14.7702;;1615.79;310.958;1926.75;;3072
14.7802;;1615.79;315.248;1931.04;;3072
14.7902;;1615.79;318.219;1934.01;;3072
14.8002;;1615.79;306.724;1922.51;;3072
14.8102;;1615.79;318.271;1934.06;;3072
14.8202;;1615.79;319.132;1934.92;;3072
14.8302;;1615.79;315.65;1931.44;;3072
14.8402;;1615.79;313.769;1929.56;;3072
14.8502;;1615.79;311.297;1927.09;;3072
14.8602;;1615.79;312.039;1927.83;;3072
14.8702;;1615.79;304.23;1920.02;;3072
14.8802;;1615.79;317.002;1932.79;;3072
14.8902;;1615.79;315.633;1931.42;;3072
14.9002;;1615.79;303.294;1919.08;;3072
14.9102;;1615.79;315.694;1931.48;;3072
14.9202;;1615.79;311.523;1927.31;;3072
14.9302;;1615.79;308.284;1924.07;;3072
14.9402;;1615.79;311.658;1927.45;;3072
14.9502;;1615.79;317.159;1932.95;;3072
14.9602;;1615.79;317.345;1933.14;;3072
14.9702;;1615.79;307.539;1923.33;;3072
14.9802;;1615.79;318.128;1933.92;;3072
14.9902;;1615.79;323.021;1938.81;;3072
