0;;1280.91;-1.77637;1279.13;;2048
0.01;;1280.91;-3.45422;1277.45;;2048
0.02;;1280.91;-251.307;1029.6;;2048
0.03;;1280.91;-251.323;1029.58;;2048
0.04;;1280.91;-251.312;1029.6;;2048
0.05;;1280.91;-251.153;1029.75;;2048
0.06;;1280.91;-251.286;1029.62;;2048
0.07;;1280.91;-251.262;1029.65;;2048
0.08;;1280.91;-251.265;1029.64;;2048
0.09;;1280.91;-251.258;1029.65;;2048
0.1;;1280.91;-251.147;1029.76;;2048
0.11;;1280.91;-251.119;1029.79;;2048
0.12;;1280.91;-251.124;1029.78;;2048
0.13;;1280.91;-251.241;1029.67;;2048
0.14;;1280.91;-251.108;1029.8;;2048
0.15;;1280.91;-251.149;1029.76;;2048
0.16;;1280.91;-251.104;1029.8;;2048
0.17;;1280.91;-251.097;1029.81;;2048
0.18;;1280.91;-251.231;1029.68;;2048
0.19;;1280.91;-251.101;1029.81;;2048
0.2;;1280.91;-251.12;1029.79;;2048
0.21;;1280.91;-247.586;1033.32;;2048
0.22;;1280.91;-236.493;1044.41;;2048
0.23;;1280.91;-225.801;1055.11;;2048
0.24;;1280.91;-213.65;1067.26;;2048
0.25;;1280.91;-204.98;1075.93;;2048
0.26;;1280.91;-190.556;1090.35;;2048
0.27;;1280.91;-172.626;1108.28;;2048
0.28;;1280.91;-171.154;1109.75;;2048
0.29;;1280.91;-157.688;1123.22;;2048
0.3;;1280.91;-150.369;1130.54;;2048
0.31;;1280.91;-135.35;1145.56;;2048
0.32;;1280.91;-123.935;1156.97;;2048
0.33;;1280.91;-117.45;1163.46;;2048
0.34;;1280.91;-104.384;1176.52;;2048
0.35;;1280.91;-99.1006;1181.81;;2048
0.36;;1280.91;-87.4518;1193.46;;2048
0.37;;1280.91;-83.4949;1197.41;;2048
0.38;;1280.91;-70.9188;1209.99;;2048
0.39;;1280.91;-63.3379;1217.57;;2048
0.4;;1280.91;-58.9479;1221.96;;2048
0.41;;1280.91;-51.9274;1228.98;;2048
0.42;;1280.91;-44.7361;1236.17;;2048
0.43;;1280.91;-39.2017;1241.71;;2048
0.44;;1280.91;-28.4236;1252.48;;2048
0.45;;1280.91;-23.444;1257.46;;2048
0.46;;1280.91;-16.1271;1264.78;;2048
0.47;;1280.91;-7.4397;1273.47;;2048
0.48;;1280.91;-5.3385;1275.57;;2048
0.49;;1280.91;4.7782;1285.69;;2048
0.5;;1280.91;10.6908;1291.6;;2048
0.51;;1280.91;14.8645;1295.77;;2048
0.52;;1280.91;27.6809;1308.59;;2048
0.53;;1280.91;29.3458;1310.25;;2048
0.54;;1280.91;30.64;1311.55;;2048
0.55;;1280.91;34.457;1315.36;;2048
0.56;;1280.91;45.6262;1326.53;;2048
0.57;;1280.91;49.276;1330.18;;2048
0.58;;1280.91;52.7562;1333.66;;2048
0.59;;1280.91;54.5377;1335.44;;2048
0.6;;1280.91;61.6787;1342.59;;2048
0.61;;1280.91;67.3197;1348.23;;2048
0.62;;1280.91;73.4177;1354.32;;2048
0.63;;1280.91;75.176;1356.08;;2048
0.64;;1280.91;82.6228;1363.53;;2048
0.65;;1280.91;85.8358;1366.74;;2048
0.66;;1280.91;92.7551;1373.66;;2048
0.67;;1280.91;92.9883;1373.9;;2048
0.68;;1280.91;94.963;1375.87;;2048
0.69;;1280.91;100.619;1381.53;;2048
0.7;;1280.91;111.421;1392.33;;2048
0.71;;1280.91;109.335;1390.24;;2048
0.72;;1280.91;113.337;1394.24;;2048
0.73;;1280.91;128.736;1409.64;;2048
0.74;;1280.91;129.464;1410.37;;2048
0.75;;1280.91;126.924;1407.83;;2048
0.76;;1280.91;131.202;1412.11;;2048
0.77;;1280.91;142.477;1423.38;;2048
0.78;;1280.91;139.8;1420.71;;2048
0.79;;1280.91;141.502;1422.41;;2048
0.8;;1280.91;146.133;1427.04;;2048
0.81;;1280.91;152.811;1433.72;;2048
0.82;;1280.91;155.262;1436.17;;2048
0.83;;1280.91;157.336;1438.24;;2048
0.839999;;1280.91;160.095;1441;;2048
0.849999;;1280.91;162.547;1443.45;;2048
0.859999;;1280.91;164.359;1445.27;;2048
0.869999;;1280.91;169.194;1450.1;;2048
0.879999;;1280.91;176.734;1457.64;;2048
0.889999;;1280.91;178.67;1459.58;;2048
0.899999;;1280.91;178.515;1459.42;;2048
0.909999;;1280.91;182.101;1463.01;;2048
0.919999;;1280.91;185.864;1466.77;;2048
0.929999;;1280.91;192.344;1473.25;;2048
0.939999;;1280.91;194.492;1475.4;;2048
0.949999;;1280.91;193.583;1474.49;;2048
0.959999;;1280.91;195.304;1476.21;;2048
0.969999;;1280.91;206.277;1487.18;;2048
0.979999;;1280.91;201.589;1482.5;;2048
0.989999;;1280.91;207.876;1488.78;;2048
0.999999;;1280.91;206.043;1486.95;;2048
1.01;;1280.91;207.566;1488.47;;2048
1.02;;1280.91;210.826;1491.73;;2048
1.03;;1280.91;216.067;1496.97;;2048
1.04;;1280.91;220.803;1501.71;;2048
1.05;;1280.91;221.22;1502.13;;2048
1.06;;1280.91;221.793;1502.7;;2048
1.07;;1280.91;221.825;1502.73;;2048
1.08;;1280.91;224.216;1505.12;;2048
1.09;;1280.91;230.728;1511.64;;2048
1.1;;1280.91;231.512;1512.42;;2048
1.11;;1280.91;235.287;1516.19;;2048
1.12;;1280.91;236.022;1516.93;;2048
1.13;;1280.91;235.776;1516.68;;2048
1.14;;1280.91;237.714;1518.62;;2048
1.15;;1280.91;244.406;1525.31;;2048
1.16;;1280.91;246.154;1527.06;;2048
1.17;;1280.91;244.398;1525.31;;2048
1.18;;1280.91;247.398;1528.3;;2048
1.19;;1280.91;246.763;1527.67;;2048
1.2;;1280.91;250.144;1531.05;;2048
1.21;;1280.91;252.115;1533.02;;2048
1.22;;1280.91;255.096;1536;;2048
1.23;;1280.91;259.278;1540.19;;2048
1.24;;1280.91;260.06;1540.97;;2048
1.25;;1280.91;259.455;1540.36;;2048
1.26;;1280.91;261.373;1542.28;;2048
1.27;;1280.91;262.203;1543.11;;2048
1.28;;1280.91;267.42;1548.33;;2048
1.29;;1280.91;265.143;1546.05;;2048
1.3;;1280.91;269.466;1550.37;;2048
1.31;;1280.91;269.8;1550.71;;2048
1.32;;1280.91;269.661;1550.57;;2048
1.33;;1280.91;272.829;1553.74;;2048
1.34;;1280.91;273.441;1554.35;;2048
1.35;;1280.91;278.867;1559.77;;2048
1.36;;1280.91;278.106;1559.01;;2048
1.37;;1280.91;280.238;1561.15;;2048
1.38;;1280.91;282.14;1563.05;;2048
1.39;;1280.91;282.076;1562.98;;2048
1.4;;1280.91;281.887;1562.79;;2048
1.41;;1280.91;287.102;1568.01;;2048
1.42;;1280.91;283.464;1564.37;;2048
1.43;;1280.91;283.417;1564.32;;2048
1.44;;1280.91;290.977;1571.88;;2048
1.45;;1280.91;288.431;1569.34;;2048
1.46;;1280.91;291.802;1572.71;;2048
1.47;;1280.91;290.784;1571.69;;2048
1.48;;1280.91;296.272;1577.18;;2048
1.49;;1280.91;294.115;1575.02;;2048
1.5;;1280.91;294.411;1575.32;;2048
1.51;;1280.91;297.85;1578.76;;2048
1.52;;1280.91;299.717;1580.62;;2048
1.53;;1280.91;299.648;1580.56;;2048
1.54;;1280.91;302.668;1583.58;;2048
1.55;;1280.91;303.845;1584.75;;2048
1.56;;1280.91;303.053;1583.96;;2048
1.57;;1280.91;304.459;1585.37;;2048
1.58;;1280.91;304.214;1585.12;;2048
1.59;;1280.91;305.949;1586.86;;2048
1.6;;1280.91;307.637;1588.54;;2048
1.61;;1280.91;309.83;1590.74;;2048
1.62;;1280.91;310.063;1590.97;;2048
1.63;;1280.91;307.526;1588.43;;2048
1.64;;1280.91;309.741;1590.65;;2048
1.65;;1280.91;312.094;1593;;2048
1.66;;1280.91;313.621;1594.53;;2048
1.67;;1280.91;315.283;1596.19;;2048
1.68;;1280.91;323.839;1604.75;;2048
1.69;;1280.91;321.814;1602.72;;2048
1.7;;1280.91;314.648;1595.56;;2048
1.71;;1280.91;319.627;1600.53;;2048
1.72;;1280.91;317.554;1598.46;;2048
1.73;;1280.91;320.901;1601.81;;2048
1.74;;1280.91;320.941;1601.85;;2048
1.75;;1280.91;329.51;1610.42;;2048
1.76;;1280.91;330.75;1611.66;;2048
1.77;;1280.91;322.893;1603.8;;2048
1.78;;1280.91;324.121;1605.03;;2048
1.79;;1280.91;323.502;1604.41;;2048
1.8;;1280.91;324.133;1605.04;;2048
1.81;;1280.91;328.736;1609.64;;2048
1.82;;1280.91;333.434;1614.34;;2048
1.83;;1280.91;327.391;1608.3;;2048
1.84;;1280.91;332.804;1613.71;;2048
1.85;;1280.91;332.339;1613.25;;2048
1.86;;1280.91;329.901;1610.81;;2048
1.87;;1280.91;332.614;1613.52;;2048
1.88;;1280.91;332.622;1613.53;;2048
1.89;;1280.91;335.801;1616.71;;2048
1.9;;1280.91;336.797;1617.7;;2048
1.91;;1280.91;337.928;1618.83;;2048
1.92;;1280.91;336.776;1617.68;;2048
1.93;;1280.91;336.159;1617.07;;2048
1.94;;1280.91;336.545;1617.45;;2048
1.95;;1280.91;338.047;1618.95;;2048
1.96;;1280.91;341.242;1622.15;;2048
1.97;;1280.91;341.007;1621.91;;2048
1.98;;1280.91;340.619;1621.53;;2048
1.99;;1280.91;341.186;1622.09;;2048
2;;1280.91;341.869;1622.78;;2048
2.01;;1280.91;342.601;1623.51;;2048
2.02;;1280.91;342.042;1622.95;;2048
2.03;;1280.91;344.73;1625.64;;2048
2.04;;1280.91;346.625;1627.53;;2048
2.05;;1280.91;347.296;1628.2;;2048
2.06;;1280.91;347.297;1628.2;;2048
2.07;;1280.91;346.272;1627.18;;2048
2.08;;1280.91;345.753;1626.66;;2048
2.09;;1280.91;352.503;1633.41;;2048
2.1;;1280.91;345.007;1625.91;;2048
2.11;;1280.91;346.352;1627.26;;2048
2.12;;1280.91;351.207;1632.11;;2048
2.13;;1280.91;348.954;1629.86;;2048
2.14;;1280.91;350.766;1631.67;;2048
2.15;;1280.91;349.125;1630.03;;2048
2.16;;1280.91;355.01;1635.92;;2048
2.17;;1280.91;347.482;1628.39;;2048
2.18;;1280.91;348.652;1629.56;;2048
2.19;;1280.91;353.591;1634.5;;2048
2.2;;1280.91;354.228;1635.14;;2048
2.21;;1280.91;354.349;1635.26;;2048
2.22;;1280.91;359.077;1639.98;;2048
2.23;;1280.91;354.914;1635.82;;2048
2.24;;1280.91;353.643;1634.55;;2048
2.25;;1280.91;357.42;1638.33;;2048
2.26;;1280.91;355.778;1636.68;;2048
2.27;;1280.91;356.624;1637.53;;2048
2.28;;1280.91;357.162;1638.07;;2048
2.29;;1280.91;362.71;1643.62;;2048
2.3;;1280.91;360.497;1641.4;;2048
2.31;;1280.91;354.649;1635.56;;2048
2.32;;1280.91;358.535;1639.44;;2048
2.33;;1280.91;359.794;1640.7;;2048
2.34;;1280.91;360.457;1641.36;;2048
2.35;;1280.91;364.033;1644.94;;2048
2.36;;1280.91;368.307;1649.21;;2048
2.37;;1280.91;364.603;1645.51;;2048
2.38;;1280.91;363.469;1644.38;;2048
2.39;;1280.91;360.906;1641.81;;2048
2.4;;1280.91;361.534;1642.44;;2048
2.41;;1280.91;363.445;1644.35;;2048
2.42;;1280.91;368.024;1648.93;;2048
2.43;;1280.91;371.283;1652.19;;2048
2.44;;1280.91;360.378;1641.29;;2048
2.45;;1280.91;365.065;1645.97;;2048
2.46;;1280.91;363.086;1643.99;;2048
2.47;;1280.91;363.909;1644.82;;2048
2.48;;1280.91;366.462;1647.37;;2048
2.49;;1280.91;367.94;1648.85;;2048
2.5;;1280.91;371.358;1652.27;;2048
2.51;;1280.91;369.467;1650.37;;2048
2.52;;1280.91;366.278;1647.19;;2048
2.53;;1280.91;365.658;1646.56;;2048
2.54;;1280.91;368.367;1649.27;;2048
2.55;;1280.91;369.095;1650;;2048
2.56;;1280.91;375.576;1656.48;;2048
2.57;;1280.91;366.932;1647.84;;2048
2.58;;1280.91;370.156;1651.06;;2048
2.59;;1280.91;369.205;1650.11;;2048
2.6;;1280.91;368.204;1649.11;;2048
2.61;;1280.91;369.923;1650.83;;2048
2.62;;1280.91;371.575;1652.48;;2048
2.63;;1280.91;375.602;1656.51;;2048
2.64;;1280.91;374.472;1655.38;;2048
2.65;;1280.91;374.012;1654.92;;2048
2.66;;1280.91;374.146;1655.05;;2048
2.67;;1280.91;372.592;1653.5;;2048
2.68;;1280.91;372.468;1653.38;;2048
2.69;;1280.91;376.204;1657.11;;2048
2.7;;1280.91;372.06;1652.97;;2048
2.71;;1280.91;373.405;1654.31;;2048
2.72;;1280.91;374.556;1655.46;;2048
2.73;;1280.91;372.984;1653.89;;2048
2.74;;1280.91;374.078;1654.99;;2048
2.75;;1280.91;373.836;1654.74;;2048
2.76;;1280.91;378.627;1659.53;;2048
2.77;;1280.91;377.358;1658.26;;2048
2.78;;1280.91;377.719;1658.63;;2048
2.79;;1280.91;378.517;1659.42;;2048
2.8;;1280.91;375.893;1656.8;;2048
2.81;;1280.91;375.663;1656.57;;2048
2.82;;1280.91;382.649;1663.56;;2048
2.83;;1280.91;375.513;1656.42;;2048
2.84;;1280.91;377.248;1658.16;;2048
2.85;;1280.91;379.171;1660.08;;2048
2.86;;1280.91;377.51;1658.42;;2048
2.87;;1280.91;378.131;1659.04;;2048
2.88;;1280.91;376.824;1657.73;;2048
2.89;;1280.91;380.157;1661.06;;2048
2.9;;1280.91;378.436;1659.34;;2048
2.91;;1280.91;380.018;1660.93;;2048
2.92;;1280.91;380.89;1661.8;;2048
2.93;;1280.91;379.688;1660.6;;2048
2.94;;1280.91;378.759;1659.67;;2048
2.95;;1280.91;384.419;1665.33;;2048
2.96;;1280.91;377.057;1657.96;;2048
2.97;;1280.91;378.376;1659.28;;2048
2.98;;1280.91;381.383;1662.29;;2048
2.99;;1280.91;380.838;1661.75;;2048
3;;1280.91;380.946;1661.85;;2048
3.01;;1280.91;379.911;1660.82;;2048
3.02;;1280.91;381.979;1662.89;;2048
3.03;;1280.91;377.004;1657.91;;2048
3.04;;1280.91;379.32;1660.23;;2048
3.05;;1280.91;382.79;1663.7;;2048
3.06;;1280.91;382.426;1663.33;;2048
3.07;;1280.91;381.626;1662.53;;2048
3.08;;1280.91;386.277;1667.18;;2048
3.09;;1280.91;380.508;1661.42;;2048
3.1;;1280.91;379.391;1660.3;;2048
3.11;;1280.91;382.493;1663.4;;2048
3.12;;1280.91;383.917;1664.82;;2048
3.13;;1280.91;383.202;1664.11;;2048
3.14;;1280.91;384.161;1665.07;;2048
3.15;;1280.91;386.088;1666.99;;2048
3.16;;1280.91;378.582;1659.49;;2048
3.17;;1280.91;384.402;1665.31;;2048
3.18;;1280.91;383.181;1664.09;;2048
3.19;;1280.91;385.023;1665.93;;2048
3.2;;1280.91;384.62;1665.53;;2048
3.21;;1280.91;391.689;1672.6;;2048
3.22;;1280.91;389.869;1670.78;;2048
3.23;;1280.91;385.025;1665.93;;2048
3.24;;1280.91;384.239;1665.15;;2048
3.25;;1280.91;385.044;1665.95;;2048
3.26;;1280.91;385.248;1666.16;;2048
3.27;;1280.91;388.309;1669.22;;2048
3.28;;1280.91;390.279;1671.19;;2048
3.29;;1280.91;383.734;1664.64;;2048
3.3;;1280.91;387.152;1668.06;;2048
3.31;;1280.91;385.286;1666.19;;2048
3.32;;1280.91;385.603;1666.51;;2048
3.33;;1280.91;386.488;1667.4;;2048
3.34;;1280.91;393.407;1674.31;;2048
3.35;;1280.91;393.621;1674.53;;2048
3.36;;1280.91;386.786;1667.69;;2048
3.37;;1280.91;386.389;1667.3;;2048
3.38;;1280.91;385;1665.91;;2048
3.39;;1280.91;385.154;1666.06;;2048
3.4;;1280.91;388.143;1669.05;;2048
3.41;;1280.91;391.538;1672.44;;2048
3.42;;1280.91;387.695;1668.6;;2048
3.43;;1280.91;388.931;1669.84;;2048
3.44;;1280.91;387.479;1668.39;;2048
3.45;;1280.91;386.098;1667.01;;2048
3.46;;1280.91;388.089;1669;;2048
3.47;;1280.91;387.96;1668.87;;2048
3.48;;1280.91;391.746;1672.65;;2048
3.49;;1280.91;388.436;1669.34;;2048
3.5;;1280.91;389.694;1670.6;;2048
3.51;;1280.91;387.941;1668.85;;2048
3.52;;1280.91;386.919;1667.83;;2048
3.53;;1280.91;388.404;1669.31;;2048
3.54;;1280.91;389.932;1670.84;;2048
3.55;;1280.91;387.552;1668.46;;2048
3.56;;1280.91;391.766;1672.67;;2048
3.57;;1280.91;389.512;1670.42;;2048
3.58;;1280.91;387.013;1667.92;;2048
3.59;;1280.91;389.383;1670.29;;2048
3.6;;1280.91;389.216;1670.12;;2048
3.61;;1280.91;394.607;1675.51;;2048
3.62;;1280.91;389.449;1670.36;;2048
3.63;;1280.91;392.019;1672.93;;2048
3.64;;1280.91;389.8;1670.71;;2048
3.65;;1280.91;388.553;1669.46;;2048
3.66;;1280.91;390.016;1670.92;;2048
3.67;;1280.91;389.515;1670.42;;2048
3.68;;1280.91;389.952;1670.86;;2048
3.69;;1280.91;393.514;1674.42;;2048
3.7;;1280.91;392.149;1673.06;;2048
3.71;;1280.91;391.311;1672.22;;2048
3.72;;1280.91;390.564;1671.47;;2048
3.73;;1280.91;391.525;1672.43;;2048
3.74;;1280.91;392.115;1673.02;;2048
3.75;;1280.91;391.984;1672.89;;2048
3.76;;1280.91;393.149;1674.06;;2048
3.77;;1280.91;390.692;1671.6;;2048
3.78;;1280.91;390.607;1671.51;;2048
3.79;;1280.91;391.187;1672.09;;2048
3.8;;1280.91;394.9;1675.81;;2048
3.81;;1280.91;392.277;1673.18;;2048
3.82;;1280.91;393.579;1674.49;;2048
3.83;;1280.91;394.152;1675.06;;2048
3.84;;1280.91;392.271;1673.18;;2048
3.85;;1280.91;391.646;1672.55;;2048
3.86;;1280.91;397.736;1678.64;;2048
3.87;;1280.91;390.271;1671.18;;2048
3.88;;1280.91;393.445;1674.35;;2048
3.89;;1280.91;394.44;1675.35;;2048
3.9;;1280.91;392.141;1673.05;;2048
3.91;;1280.91;392.535;1673.44;;2048
3.92;;1280.91;391.069;1671.98;;2048
3.93;;1280.91;395.6;1676.51;;2048
3.94;;1280.91;393.977;1674.88;;2048
3.95;;1280.91;394.945;1675.85;;2048
3.96;;1280.91;395.012;1675.92;;2048
3.97;;1280.91;393.314;1674.22;;2048
3.98;;1280.91;392.109;1673.02;;2048
3.99;;1280.91;397.415;1678.32;;2048
4;;1280.91;391.862;1672.77;;2048
4.01;;1280.91;392.751;1673.66;;2048
4.02;;1280.91;394.205;1675.11;;2048
4.03;;1280.91;393.822;1674.73;;2048
4.04;;1280.91;392.998;1673.91;;2048
4.05;;1280.91;394.087;1674.99;;2048
4.06;;1280.91;392.415;1673.32;;2048
4.07;;1280.91;391.753;1672.66;;2048
4.08;;1280.91;393.961;1674.87;;2048
4.09;;1280.91;394.808;1675.71;;2048
4.1;;1280.91;393.516;1674.42;;2048
4.11;;1280.91;392.497;1673.4;;2048
4.12;;1280.91;394.207;1675.11;;2048
4.13;;1280.91;390.343;1671.25;;2048
4.14;;1280.91;391.155;1672.06;;2048
4.15;;1280.91;393.695;1674.6;;2048
4.16;;1280.91;395.277;1676.18;;2048
4.17;;1280.91;393.768;1674.67;;2048
4.18;;1280.91;398.061;1678.97;;2048
4.19;;1280.91;392.762;1673.67;;2048
4.2;;1280.91;392.033;1672.94;;2048
4.21;;1280.91;396.36;1677.27;;2048
4.22;;1280.91;394.268;1675.18;;2048
4.23;;1280.91;395.276;1676.18;;2048
4.24;;1280.91;394.192;1675.1;;2048
4.25;;1280.91;398.652;1679.56;;2048
4.26;;1280.91;394.837;1675.74;;2048
4.27;;1280.91;391.923;1672.83;;2048
4.28;;1280.91;393.482;1674.39;;2048
4.29;;1280.91;395.424;1676.33;;2048
4.3;;1280.91;395.2;1676.11;;2048
4.31;;1280.91;400.373;1681.28;;2048
4.32;;1280.91;397.292;1678.2;;2048
4.33;;1280.91;391.186;1672.09;;2048
4.34;;1280.91;395.758;1676.67;;2048
4.35;;1280.91;394.438;1675.34;;2048
4.36;;1280.91;396.217;1677.12;;2048
4.37001;;1280.91;394.762;1675.67;;2048
4.38001;;1280.91;399.66;1680.57;;2048
4.39001;;1280.91;393.847;1674.75;;2048
4.40001;;1280.91;392.618;1673.53;;2048
4.41001;;1280.91;394.415;1675.32;;2048
4.42001;;1280.91;394.902;1675.81;;2048
4.43001;;1280.91;395.373;1676.28;;2048
4.44001;;1280.91;403.655;1684.56;;2048
4.45001;;1280.91;395.897;1676.8;;2048
4.46001;;1280.91;396.922;1677.83;;2048
4.47001;;1280.91;394.702;1675.61;;2048
4.48001;;1280.91;395.518;1676.43;;2048
4.49001;;1280.91;396.525;1677.43;;2048
4.50001;;1280.91;400.162;1681.07;;2048
4.51001;;1280.91;400.449;1681.36;;2048
4.52001;;1280.91;392.902;1673.81;;2048
4.53001;;1280.91;394.995;1675.9;;2048
4.54001;;1280.91;394.959;1675.87;;2048
4.55001;;1280.91;395.93;1676.84;;2048
4.56001;;1280.91;398.779;1679.69;;2048
4.57001;;1280.91;400.745;1681.65;;2048
4.58001;;1280.91;399.921;1680.83;;2048
4.59001;;1280.91;397.76;1678.67;;2048
4.60001;;1280.91;394.843;1675.75;;2048
4.61001;;1280.91;395.573;1676.48;;2048
4.62001;;1280.91;396.197;1677.1;;2048
4.63001;;1280.91;399.453;1680.36;;2048
4.64001;;1280.91;401.057;1681.96;;2048
4.65001;;1280.91;395.084;1675.99;;2048
4.66001;;1280.91;396.322;1677.23;;2048
4.67001;;1280.91;394.641;1675.55;;2048
4.68001;;1280.91;395.84;1676.75;;2048
4.69001;;1280.91;401.037;1681.94;;2048
4.70001;;1280.91;402.811;1683.72;;2048
4.71001;;1280.91;396.696;1677.6;;2048
4.72001;;1280.91;397.5;1678.41;;2048
4.73001;;1280.91;395.593;1676.5;;2048
4.74001;;1280.91;394.905;1675.81;;2048
4.75001;;1280.91;396.52;1677.43;;2048
4.76001;;1280.91;398.164;1679.07;;2048
4.77001;;1280.91;399.875;1680.78;;2048
4.78001;;1280.91;397.652;1678.56;;2048
4.79001;;1280.91;397.1;1678.01;;2048
4.80001;;1280.91;394.752;1675.66;;2048
4.81002;;1280.91;397.371;1678.28;;2048
4.82002;;1280.91;396.706;1677.61;;2048
4.83002;;1280.91;400.738;1681.65;;2048
4.84002;;1280.91;397.229;1678.14;;2048
4.85002;;1280.91;397.796;1678.7;;2048
4.86002;;1280.91;395.901;1676.81;;2048
4.87002;;1280.91;395.638;1676.55;;2048
4.88002;;1280.91;397.382;1678.29;;2048
4.89002;;1280.91;397.487;1678.39;;2048
4.90002;;1280.91;395.354;1676.26;;2048
4.91002;;1280.91;400.222;1681.13;;2048
4.92002;;1280.91;397.809;1678.72;;2048
4.93002;;1280.91;395.959;1676.87;;2048
4.94002;;1280.91;397.232;1678.14;;2048
4.95002;;1280.91;397.481;1678.39;;2048
4.96002;;1280.91;403.862;1684.77;;2048
4.97002;;1280.91;397.841;1678.75;;2048
4.98002;;1280.91;399.996;1680.9;;2048
4.99002;;1280.91;397.881;1678.79;;2048
5.00002;;1280.91;396.151;1677.06;;2048
5.01002;;1280.91;397.109;1678.02;;2048
5.02002;;1280.91;396.218;1677.13;;2048
5.03002;;1280.91;395.857;1676.76;;2048
5.04002;;1280.91;400.36;1681.27;;2048
5.05002;;1280.91;399.421;1680.33;;2048
5.06002;;1280.91;397.771;1678.68;;2048
5.07002;;1280.91;397.269;1678.18;;2048
5.08002;;1280.91;396.44;1677.35;;2048
5.09002;;1280.91;399.882;1680.79;;2048
5.10002;;1280.91;397.963;1678.87;;2048
5.11002;;1280.91;400.615;1681.52;;2048
5.12002;;1280.91;397.577;1678.48;;2048
5.13002;;1280.91;397.186;1678.09;;2048
5.14002;;1280.91;396.591;1677.5;;2048
5.15002;;1280.91;398.969;1679.88;;2048
5.16002;;1280.91;396.93;1677.84;;2048
5.17002;;1280.91;397.603;1678.51;;2048
5.18002;;1280.91;398.841;1679.75;;2048
5.19002;;1280.91;398.3;1679.21;;2048
5.20002;;1280.91;396.951;1677.86;;2048
5.21002;;1280.91;400.637;1681.54;;2048
5.22002;;1280.91;396.685;1677.59;;2048
5.23002;;1280.91;397.309;1678.22;;2048
5.24003;;1280.91;401.203;1682.11;;2048
5.25003;;1280.91;396.949;1677.86;;2048
5.26003;;1280.91;397.861;1678.77;;2048
5.27003;;1280.91;396.308;1677.22;;2048
5.28003;;1280.91;400.685;1681.59;;2048
5.29003;;1280.91;396.974;1677.88;;2048
5.30003;;1280.91;397.938;1678.85;;2048
5.31003;;1280.91;399.903;1680.81;;2048
5.32003;;1280.91;398.629;1679.54;;2048
5.33003;;1280.91;397.547;1678.45;;2048
5.34003;;1280.91;402.555;1683.46;;2048
5.35003;;1280.91;394.855;1675.76;;2048
5.36003;;1280.91;395.939;1676.85;;2048
5.37003;;1280.91;400.098;1681.01;;2048
5.38003;;1280.91;398.021;1678.93;;2048
5.39003;;1280.91;397.892;1678.8;;2048
5.40003;;1280.91;396.648;1677.55;;2048
5.41003;;1280.91;399.416;1680.32;;2048
5.42003;;1280.91;393.749;1674.66;;2048
5.43003;;1280.91;396.166;1677.07;;2048
5.44003;;1280.91;398.545;1679.45;;2048
5.45003;;1280.91;398.434;1679.34;;2048
5.46003;;1280.91;397.447;1678.35;;2048
5.47003;;1280.91;402.257;1683.16;;2048
5.48003;;1280.91;396.976;1677.88;;2048
5.49003;;1280.91;394.673;1675.58;;2048
5.50003;;1280.91;397.755;1678.66;;2048
5.51003;;1280.91;398.829;1679.74;;2048
5.52003;;1280.91;398.136;1679.04;;2048
5.53003;;1280.91;399.535;1680.44;;2048
5.54003;;1280.91;400.061;1680.97;;2048
5.55003;;1280.91;393.524;1674.43;;2048
5.56003;;1280.91;399.757;1680.66;;2048
5.57003;;1280.91;397.235;1678.14;;2048
5.58003;;1280.91;398.906;1679.81;;2048
5.59003;;1280.91;398.314;1679.22;;2048
5.60003;;1280.91;404.393;1685.3;;2048
5.61003;;1280.91;399.895;1680.8;;2048
5.62003;;1280.91;396.625;1677.53;;2048
5.63003;;1280.91;397.027;1677.93;;2048
5.64003;;1280.91;398.131;1679.04;;2048
5.65003;;1280.91;397.932;1678.84;;2048
5.66003;;1280.91;402.17;1683.08;;2048
5.67003;;1280.91;402.26;1683.17;;2048
5.68004;;1280.91;393.709;1674.62;;2048
5.69004;;1280.91;399.769;1680.68;;2048
5.70004;;1280.91;397.66;1678.57;;2048
5.71004;;1280.91;398.972;1679.88;;2048
5.72004;;1280.91;398.204;1679.11;;2048
5.73004;;1280.91;405.857;1686.76;;2048
5.74004;;1280.91;403.554;1684.46;;2048
5.75004;;1280.91;396.735;1677.64;;2048
5.76004;;1280.91;396.781;1677.69;;2048
5.77004;;1280.91;396.606;1677.51;;2048
5.78004;;1280.91;396.297;1677.2;;2048
5.79004;;1280.91;403.981;1684.89;;2048
5.80004;;1280.91;403.151;1684.06;;2048
5.81004;;1280.91;397.26;1678.17;;2048
5.82004;;1280.91;398.886;1679.79;;2048
5.83004;;1280.91;397.589;1678.5;;2048
5.84004;;1280.91;398.66;1679.57;;2048
5.85004;;1280.91;398.453;1679.36;;2048
5.86004;;1280.91;404.879;1685.79;;2048
5.87004;;1280.91;401.801;1682.71;;2048
5.88004;;1280.91;398.946;1679.85;;2048
5.89004;;1280.91;396.635;1677.54;;2048
5.90004;;1280.91;396.689;1677.6;;2048
5.91004;;1280.91;397.982;1678.89;;2048
5.92004;;1280.91;399.427;1680.33;;2048
5.93004;;1280.91;402.898;1683.8;;2048
5.94004;;1280.91;399.376;1680.28;;2048
5.95004;;1280.91;398.802;1679.71;;2048
5.96004;;1280.91;398.231;1679.14;;2048
5.97004;;1280.91;399.129;1680.04;;2048
5.98004;;1280.91;398.791;1679.7;;2048
5.99004;;1280.91;406.05;1686.96;;2048
6.00004;;1280.91;396.158;1677.06;;2048
6.01004;;1280.91;399.606;1680.51;;2048
6.02004;;1280.91;397.374;1678.28;;2048
6.03004;;1280.91;396.713;1677.62;;2048
6.04004;;1280.91;398.176;1679.08;;2048
6.05004;;1280.91;399.353;1680.26;;2048
6.06004;;1280.91;402.745;1683.65;;2048
6.07004;;1280.91;401.462;1682.37;;2048
6.08004;;1280.91;400.498;1681.41;;2048
6.09004;;1280.91;399.651;1680.56;;2048
6.10004;;1280.91;399.045;1679.95;;2048
6.11004;;1280.91;398.485;1679.39;;2048
6.12005;;1280.91;402.429;1683.34;;2048
6.13005;;1280.91;397.272;1678.18;;2048
6.14005;;1280.91;399.265;1680.17;;2048
6.15005;;1280.91;398.706;1679.61;;2048
6.16005;;1280.91;397.601;1678.51;;2048
6.17005;;1280.91;398.009;1678.92;;2048
6.18005;;1280.91;397.881;1678.79;;2048
6.19005;;1280.91;402.302;1683.21;;2048
6.20005;;1280.91;401.57;1682.48;;2048
6.21005;;1280.91;400.986;1681.89;;2048
6.22005;;1280.91;400.692;1681.6;;2048
6.23005;;1280.91;398.723;1679.63;;2048
6.24005;;1280.91;398.135;1679.04;;2048
6.25005;;1280.91;404.451;1685.36;;2048
6.26005;;1280.91;398.081;1678.99;;2048
6.27005;;1280.91;399.852;1680.76;;2048
6.28005;;1280.91;399.403;1680.31;;2048
6.29005;;1280.91;398.828;1679.74;;2048
6.30005;;1280.91;398.692;1679.6;;2048
6.31005;;1280.91;400.282;1681.19;;2048
6.32005;;1280.91;397.008;1677.91;;2048
6.33005;;1280.91;401.57;1682.48;;2048
6.34005;;1280.91;401.3;1682.21;;2048
6.35005;;1280.91;399.028;1679.94;;2048
6.36005;;1280.91;398.393;1679.3;;2048
6.37005;;1280.91;397.248;1678.16;;2048
6.38005;;1280.91;398.758;1679.67;;2048
6.39005;;1280.91;399.458;1680.37;;2048
6.40005;;1280.91;399.37;1680.28;;2048
6.41005;;1280.91;398.815;1679.72;;2048
6.42005;;1280.91;399.469;1680.38;;2048
6.43005;;1280.91;397.61;1678.52;;2048
6.44005;;1280.91;403.919;1684.83;;2048
6.45005;;1280.91;397.729;1678.64;;2048
6.46005;;1280.91;400.751;1681.66;;2048
6.47005;;1280.91;400.737;1681.64;;2048
6.48005;;1280.91;399.149;1680.06;;2048
6.49005;;1280.91;398.135;1679.04;;2048
6.50005;;1280.91;397.378;1678.29;;2048
6.51005;;1280.91;397.097;1678;;2048
6.52005;;1280.91;395.134;1676.04;;2048
6.53005;;1280.91;395.49;1676.4;;2048
6.54005;;1280.91;398.796;1679.7;;2048
6.55006;;1280.91;399.35;1680.26;;2048
6.56006;;1280.91;398.149;1679.06;;2048
6.57006;;1280.91;402.62;1683.53;;2048
6.58006;;1280.91;396.657;1677.56;;2048
6.59006;;1280.91;398.98;1679.89;;2048
6.60006;;1280.91;398.877;1679.78;;2048
6.61006;;1280.91;399.278;1680.19;;2048
6.62006;;1280.91;398.626;1679.53;;2048
6.63006;;1280.91;398.497;1679.4;;2048
6.64006;;1280.91;395.648;1676.56;;2048
6.65006;;1280.91;394.627;1675.53;;2048
6.66006;;1280.91;397.328;1678.24;;2048
6.67006;;1280.91;399.226;1680.13;;2048
6.68006;;1280.91;399.562;1680.47;;2048
6.69006;;1280.91;398.701;1679.61;;2048
6.70006;;1280.91;404.008;1684.92;;2048
6.71006;;1280.91;397.824;1678.73;;2048
6.72006;;1280.91;397.175;1678.08;;2048
6.73006;;1280.91;398.368;1679.28;;2048
6.74006;;1280.91;398.554;1679.46;;2048
6.75006;;1280.91;399.008;1679.92;;2048
6.76006;;1280.91;400.722;1681.63;;2048
6.77006;;1280.91;401.747;1682.65;;2048
6.78006;;1280.91;395.26;1676.17;;2048
6.79006;;1280.91;396.217;1677.12;;2048
6.80006;;1280.91;398.391;1679.3;;2048
6.81006;;1280.91;398.975;1679.88;;2048
6.82006;;1280.91;399.583;1680.49;;2048
6.83006;;1280.91;406.549;1687.46;;2048
6.84006;;1280.91;400.266;1681.17;;2048
6.85006;;1280.91;400.213;1681.12;;2048
6.86006;;1280.91;397.469;1678.38;;2048
6.87006;;1280.91;398.578;1679.49;;2048
6.88006;;1280.91;399.43;1680.34;;2048
6.89006;;1280.91;404.01;1684.92;;2048
6.90006;;1280.91;401.003;1681.91;;2048
6.91006;;1280.91;394.505;1675.41;;2048
6.92006;;1280.91;398.606;1679.51;;2048
6.93006;;1280.91;397.536;1678.44;;2048
6.94006;;1280.91;398.527;1679.43;;2048
6.95006;;1280.91;400.592;1681.5;;2048
6.96006;;1280.91;403.741;1684.65;;2048
6.97006;;1280.91;401.95;1682.86;;2048
6.98006;;1280.91;400.62;1681.53;;2048
6.99007;;1280.91;397.419;1678.33;;2048
7.00007;;1280.91;397.788;1678.7;;2048
7.01007;;1280.91;388.404;1669.31;;2048
7.02007;;1280.91;400.324;1681.23;;2048
7.03007;;1280.91;405.478;1686.39;;2048
7.04007;;1280.91;397.397;1678.3;;2048
7.05007;;1280.91;399.145;1680.05;;2048
7.06007;;1280.91;396.545;1677.45;;2048
7.07007;;1280.91;397.842;1678.75;;2048
7.08007;;1280.91;399.855;1680.76;;2048
7.09007;;1280.91;402.792;1683.7;;2048
7.10007;;1280.91;400.203;1681.11;;2048
7.11007;;1280.91;401.573;1682.48;;2048
7.12007;;1280.91;399.357;1680.26;;2048
7.13007;;1280.91;398.476;1679.38;;2048
7.14007;;1280.91;398.667;1679.57;;2048
7.15007;;1280.91;399.207;1680.11;;2048
7.16007;;1280.91;406.263;1687.17;;2048
7.17007;;1280.91;397.469;1678.38;;2048
7.18007;;1280.91;399.412;1680.32;;2048
7.19007;;1280.91;397.289;1678.2;;2048
7.20007;;1280.91;398.509;1679.42;;2048
7.21007;;1280.91;397.869;1678.78;;2048
7.22007;;1280.91;397.911;1678.82;;2048
7.23007;;1280.91;402.017;1682.92;;2048
7.24007;;1280.91;401.58;1682.49;;2048
7.25007;;1280.91;400.729;1681.64;;2048
7.26007;;1280.91;400.575;1681.48;;2048
7.27007;;1280.91;398.518;1679.43;;2048
7.28007;;1280.91;398.203;1679.11;;2048
7.29007;;1280.91;405.017;1685.92;;2048
7.30007;;1280.91;397.378;1678.29;;2048
7.31007;;1280.91;399.691;1680.6;;2048
7.32007;;1280.91;399.86;1680.77;;2048
7.33007;;1280.91;398.408;1679.32;;2048
7.34007;;1280.91;398.24;1679.15;;2048
7.35007;;1280.91;397.463;1678.37;;2048
7.36007;;1280.91;401.077;1681.98;;2048
7.37007;;1280.91;399.318;1680.22;;2048
7.38007;;1280.91;400.308;1681.22;;2048
7.39007;;1280.91;400.503;1681.41;;2048
7.40007;;1280.91;399.085;1679.99;;2048
7.41007;;1280.91;397.942;1678.85;;2048
7.42007;;1280.91;402.615;1683.52;;2048
7.43008;;1280.91;395.24;1676.15;;2048
7.44008;;1280.91;396.466;1677.37;;2048
7.45008;;1280.91;401.018;1681.93;;2048
7.46008;;1280.91;397.544;1678.45;;2048
7.47008;;1280.91;398.232;1679.14;;2048
7.48008;;1280.91;396.71;1677.62;;2048
7.49008;;1280.91;401.809;1682.72;;2048
7.50008;;1280.91;393.626;1674.53;;2048
7.51008;;1280.91;394.03;1674.94;;2048
7.52008;;1280.91;397.902;1678.81;;2048
7.53008;;1280.91;398.705;1679.61;;2048
7.54008;;1280.91;398.509;1679.42;;2048
7.55008;;1280.91;401.014;1681.92;;2048
7.56008;;1280.91;400.325;1681.23;;2048
7.57008;;1280.91;396.847;1677.75;;2048
7.58008;;1280.91;399.802;1680.71;;2048
7.59008;;1280.91;396.98;1677.89;;2048
7.60008;;1280.91;398.474;1679.38;;2048
7.61008;;1280.91;398.127;1679.03;;2048
7.62008;;1280.91;402.46;1683.37;;2048
7.63008;;1280.91;399.464;1680.37;;2048
7.64008;;1280.91;393.679;1674.59;;2048
7.65008;;1280.91;397.018;1677.93;;2048
7.66008;;1280.91;398.334;1679.24;;2048
7.67008;;1280.91;398.828;1679.74;;2048
7.68008;;1280.91;401.995;1682.9;;2048
7.69008;;1280.91;404.002;1684.91;;2048
7.70008;;1280.91;401.265;1682.17;;2048
7.71008;;1280.91;399.971;1680.88;;2048
7.72008;;1280.91;396.617;1677.52;;2048
7.73008;;1280.91;397.497;1678.4;;2048
7.74008;;1280.91;398.424;1679.33;;2048
7.75008;;1280.91;401.512;1682.42;;2048
7.76008;;1280.91;403.436;1684.34;;2048
7.77008;;1280.91;394.58;1675.49;;2048
7.78008;;1280.91;398.153;1679.06;;2048
7.79008;;1280.91;395.802;1676.71;;2048
7.80008;;1280.91;396.905;1677.81;;2048
7.81008;;1280.91;400.023;1680.93;;2048
7.82008;;1280.91;401.911;1682.82;;2048
7.83008;;1280.91;401.754;1682.66;;2048
7.84008;;1280.91;400.204;1681.11;;2048
7.85008;;1280.91;397.02;1677.93;;2048
7.86009;;1280.91;396.642;1677.55;;2048
7.87009;;1280.91;398.095;1679;;2048
7.88009;;1280.91;398.591;1679.5;;2048
7.89009;;1280.91;406.814;1687.72;;2048
7.90009;;1280.91;396.569;1677.48;;2048
7.91009;;1280.91;398.917;1679.82;;2048
7.92009;;1280.91;395.592;1676.5;;2048
7.93009;;1280.91;397.621;1678.53;;2048
7.94009;;1280.91;397.827;1678.73;;2048
7.95009;;1280.91;401.273;1682.18;;2048
7.96009;;1280.91;398.569;1679.48;;2048
7.97009;;1280.91;400.728;1681.64;;2048
7.98009;;1280.91;398.759;1679.67;;2048
7.99009;;1280.91;397.56;1678.47;;2048
8.00009;;1280.91;398.022;1678.93;;2048
8.01009;;1280.91;399.162;1680.07;;2048
8.02009;;1280.91;399.506;1680.41;;2048
8.03009;;1280.91;400.219;1681.13;;2048
8.04009;;1280.91;398.934;1679.84;;2048
8.05009;;1280.91;396.118;1677.03;;2048
8.06009;;1280.91;398.586;1679.49;;2048
8.07009;;1280.91;397.914;1678.82;;2048
8.08009;;1280.91;399.342;1680.25;;2048
8.09009;;1280.91;397.369;1678.28;;2048
8.10009;;1280.91;401.221;1682.13;;2048
8.11009;;1280.91;399.148;1680.05;;2048
8.12009;;1280.91;397.662;1678.57;;2048
8.13009;;1280.91;397.977;1678.88;;2048
8.14009;;1280.91;397.434;1678.34;;2048
8.15009;;1280.91;398.913;1679.82;;2048
8.16009;;1280.91;399.909;1680.82;;2048
8.17009;;1280.91;398.815;1679.72;;2048
8.18009;;1280.91;397.765;1678.67;;2048
8.19009;;1280.91;398.872;1679.78;;2048
8.20009;;1280.91;397.962;1678.87;;2048
8.21009;;1280.91;401.583;1682.49;;2048
8.22009;;1280.91;396.382;1677.29;;2048
8.23009;;1280.91;399.381;1680.29;;2048
8.24009;;1280.91;400.666;1681.57;;2048
8.25009;;1280.91;399.234;1680.14;;2048
8.26009;;1280.91;397.994;1678.9;;2048
8.27009;;1280.91;396.929;1677.84;;2048
8.28009;;1280.91;398.64;1679.55;;2048
8.29009;;1280.91;397.454;1678.36;;2048
8.30009;;1280.91;396.689;1677.6;;2048
8.31009;;1280.91;397.932;1678.84;;2048
8.3201;;1280.91;399.287;1680.19;;2048
8.3301;;1280.91;397.496;1678.4;;2048
8.3401;;1280.91;400.74;1681.65;;2048
8.3501;;1280.91;396.952;1677.86;;2048
8.3601;;1280.91;395.959;1676.87;;2048
8.3701;;1280.91;399.118;1680.03;;2048
8.3801;;1280.91;398.552;1679.46;;2048
8.3901;;1280.91;398.412;1679.32;;2048
8.4001;;1280.91;397.405;1678.31;;2048
8.4101;;1280.91;399.953;1680.86;;2048
8.4201;;1280.91;396.269;1677.18;;2048
8.4301;;1280.91;394.668;1675.58;;2048
8.4401;;1280.91;397.614;1678.52;;2048
8.4501;;1280.91;398.648;1679.56;;2048
8.4601;;1280.91;397.875;1678.78;;2048
8.4701;;1280.91;398.835;1679.74;;2048
8.4801;;1280.91;401.09;1682;;2048
8.4901;;1280.91;392.723;1673.63;;2048
8.5001;;1280.91;399.251;1680.16;;2048
8.5101;;1280.91;397.087;1677.99;;2048
8.5201;;1280.91;398.678;1679.59;;2048
8.5301;;1280.91;398.261;1679.17;;2048
8.5401;;1280.91;405.1;1686.01;;2048
8.5501;;1280.91;401.26;1682.17;;2048
8.5601;;1280.91;397.291;1678.2;;2048
8.5701;;1280.91;396.901;1677.81;;2048
8.5801;;1280.91;398.003;1678.91;;2048
8.5901;;1280.91;397.899;1678.81;;2048
8.6001;;1280.91;402.166;1683.07;;2048
8.6101;;1280.91;402.282;1683.19;;2048
8.6201;;1280.91;394.384;1675.29;;2048
8.6301;;1280.91;399.674;1680.58;;2048
8.6401;;1280.91;397.825;1678.73;;2048
8.6501;;1280.91;398.673;1679.58;;2048
8.6601;;1280.91;398.501;1679.41;;2048
8.6701;;1280.91;405.575;1686.48;;2048
8.6801;;1280.91;403.834;1684.74;;2048
8.6901;;1280.91;396.692;1677.6;;2048
8.7001;;1280.91;396.942;1677.85;;2048
8.7101;;1280.91;396.684;1677.59;;2048
8.7201;;1280.91;396.264;1677.17;;2048
8.7301;;1280.91;402.906;1683.81;;2048
8.7401;;1280.91;402.914;1683.82;;2048
8.7501;;1280.91;395.664;1676.57;;2048
8.76011;;1280.91;400.169;1681.08;;2048
8.77011;;1280.91;397.751;1678.66;;2048
8.78011;;1280.91;397.656;1678.56;;2048
8.79011;;1280.91;398.412;1679.32;;2048
8.80011;;1280.91;402.051;1682.96;;2048
8.81011;;1280.91;405.047;1685.95;;2048
8.82011;;1280.91;398.403;1679.31;;2048
8.83011;;1280.91;397.129;1678.04;;2048
8.84011;;1280.91;396.484;1677.39;;2048
8.85011;;1280.91;396.922;1677.83;;2048
8.86011;;1280.91;398.791;1679.7;;2048
8.87011;;1280.91;400.03;1680.94;;2048
8.88011;;1280.91;396.999;1677.91;;2048
8.89011;;1280.91;400.954;1681.86;;2048
8.90011;;1280.91;398.635;1679.54;;2048
8.91011;;1280.91;396.87;1677.78;;2048
8.92011;;1280.91;398.479;1679.39;;2048
8.93011;;1280.91;399.403;1680.31;;2048
8.94011;;1280.91;403.776;1684.68;;2048
8.95011;;1280.91;399.061;1679.97;;2048
8.96011;;1280.91;400.821;1681.73;;2048
8.97011;;1280.91;398.585;1679.49;;2048
8.98011;;1280.91;397.029;1677.94;;2048
8.99011;;1280.91;398.427;1679.33;;2048
9.00011;;1280.91;397.349;1678.26;;2048
9.01011;;1280.91;396.987;1677.89;;2048
9.02011;;1280.91;401.402;1682.31;;2048
9.03011;;1280.91;400.487;1681.39;;2048
9.04011;;1280.91;398.542;1679.45;;2048
9.05011;;1280.91;398.454;1679.36;;2048
9.06011;;1280.91;397.218;1678.13;;2048
9.07011;;1280.91;403.298;1684.21;;2048
9.08011;;1280.91;397.943;1678.85;;2048
9.09011;;1280.91;401.385;1682.29;;2048
9.10011;;1280.91;399.811;1680.72;;2048
9.11011;;1280.91;398.039;1678.95;;2048
9.12011;;1280.91;397.488;1678.4;;2048
9.13011;;1280.91;397.014;1677.92;;2048
9.14011;;1280.91;395.161;1676.07;;2048
9.15011;;1280.91;396.376;1677.28;;2048
9.16011;;1280.91;396.017;1676.92;;2048
9.17011;;1280.91;398.031;1678.94;;2048
9.18011;;1280.91;398.81;1679.72;;2048
9.19011;;1280.91;397.159;1678.07;;2048
9.20012;;1280.91;402.509;1683.42;;2048
9.21012;;1280.91;396.691;1677.6;;2048
9.22012;;1280.91;397.866;1678.77;;2048
9.23012;;1280.91;399.416;1680.32;;2048
9.24012;;1280.91;398.551;1679.46;;2048
9.25012;;1280.91;398.303;1679.21;;2048
9.26012;;1280.91;397.022;1677.93;;2048
9.27012;;1280.91;398.476;1679.38;;2048
9.28012;;1280.91;395.275;1676.18;;2048
9.29012;;1280.91;394.46;1675.37;;2048
9.30012;;1280.91;397.451;1678.36;;2048
9.31012;;1280.91;398.84;1679.75;;2048
9.32012;;1280.91;398.078;1678.98;;2048
9.33012;;1280.91;403.215;1684.12;;2048
9.34012;;1280.91;400.331;1681.24;;2048
9.35012;;1280.91;393.676;1674.58;;2048
9.36012;;1280.91;399.617;1680.52;;2048
9.37012;;1280.91;397.479;1678.39;;2048
9.38012;;1280.91;398.923;1679.83;;2048
9.39012;;1280.91;397.756;1678.66;;2048
9.40012;;1280.91;402.554;1683.46;;2048
9.41012;;1280.91;397.235;1678.14;;2048
9.42012;;1280.91;395.938;1676.85;;2048
9.43012;;1280.91;396.74;1677.65;;2048
9.44012;;1280.91;397.071;1677.98;;2048
9.45012;;1280.91;396.632;1677.54;;2048
9.46012;;1280.91;402.51;1683.42;;2048
9.47012;;1280.91;402.214;1683.12;;2048
9.48012;;1280.91;393.761;1674.67;;2048
9.49012;;1280.91;399.748;1680.66;;2048
9.50012;;1280.91;397.518;1678.43;;2048
9.51012;;1280.91;398.708;1679.62;;2048
9.52012;;1280.91;397.702;1678.61;;2048
9.53012;;1280.91;404.016;1684.92;;2048
9.54012;;1280.91;404.042;1684.95;;2048
9.55012;;1280.91;397.173;1678.08;;2048
9.56012;;1280.91;396.385;1677.29;;2048
9.57012;;1280.91;396.412;1677.32;;2048
9.58012;;1280.91;396.006;1676.91;;2048
9.59012;;1280.91;399.923;1680.83;;2048
9.60012;;1280.91;402.405;1683.31;;2048
9.61012;;1280.91;395.935;1676.84;;2048
9.62012;;1280.91;400.286;1681.19;;2048
9.63013;;1280.91;397.603;1678.51;;2048
9.64013;;1280.91;396.906;1677.81;;2048
9.65013;;1280.91;398.204;1679.11;;2048
9.66013;;1280.91;402.245;1683.15;;2048
9.67013;;1280.91;403.498;1684.41;;2048
9.68013;;1280.91;398.606;1679.51;;2048
9.69013;;1280.91;397.597;1678.5;;2048
9.70013;;1280.91;396.361;1677.27;;2048
9.71013;;1280.91;396.783;1677.69;;2048
9.72013;;1280.91;398.323;1679.23;;2048
9.73013;;1280.91;397.759;1678.67;;2048
9.74013;;1280.91;396.504;1677.41;;2048
9.75013;;1280.91;400.807;1681.71;;2048
9.76013;;1280.91;398.971;1679.88;;2048
9.77013;;1280.91;397.659;1678.57;;2048
9.78013;;1280.91;398.013;1678.92;;2048
9.79013;;1280.91;397.851;1678.76;;2048
9.80013;;1280.91;402.013;1682.92;;2048
9.81013;;1280.91;398.577;1679.48;;2048
9.82013;;1280.91;400.735;1681.64;;2048
9.83013;;1280.91;398.891;1679.8;;2048
9.84013;;1280.91;396.996;1677.9;;2048
9.85013;;1280.91;398.18;1679.09;;2048
9.86013;;1280.91;397.772;1678.68;;2048
9.87013;;1280.91;396.73;1677.64;;2048
9.88013;;1280.91;400.027;1680.93;;2048
9.89013;;1280.91;399.771;1680.68;;2048
9.90013;;1280.91;398.1;1679.01;;2048
9.91013;;1280.91;398.23;1679.14;;2048
9.92013;;1280.91;396.92;1677.83;;2048
9.93013;;1280.91;402.724;1683.63;;2048
9.94013;;1280.91;397.315;1678.22;;2048
9.95013;;1280.91;401.035;1681.94;;2048
9.96013;;1280.91;398.929;1679.84;;2048
9.97013;;1280.91;398.246;1679.15;;2048
9.98013;;1280.91;397.356;1678.26;;2048
9.99013;;1280.91;396.693;1677.6;;2048
10.0001;;1280.91;394.737;1675.64;;2048
10.0101;;1280.91;395.658;1676.56;;2048
10.0201;;1280.91;395.174;1676.08;;2048
10.0301;;1280.91;398.562;1679.47;;2048
10.0401;;1280.91;398.086;1678.99;;2048
10.0501;;1280.91;397.222;1678.13;;2048
10.0601;;1280.91;400.021;1680.93;;2048
10.0701;;1280.91;396.22;1677.13;;2048
10.0801;;1280.91;398.726;1679.63;;2048
10.0901;;1280.91;397.719;1678.63;;2048
10.1001;;1280.91;398.322;1679.23;;2048
10.1101;;1280.91;397.542;1678.45;;2048
10.1201;;1280.91;397.234;1678.14;;2048
10.1301;;1280.91;394.203;1675.11;;2048
10.1401;;1280.91;394.481;1675.39;;2048
10.1501;;1280.91;395.753;1676.66;;2048
10.1601;;1280.91;398.288;1679.19;;2048
10.1701;;1280.91;398.446;1679.35;;2048
10.1801;;1280.91;397.978;1678.89;;2048
10.1901;;1280.91;404.237;1685.14;;2048
10.2001;;1280.91;397.869;1678.78;;2048
10.2101;;1280.91;395.239;1676.15;;2048
10.2201;;1280.91;397.954;1678.86;;2048
10.2301;;1280.91;397.49;1678.4;;2048
10.2401;;1280.91;398.483;1679.39;;2048
10.2501;;1280.91;398.623;1679.53;;2048
10.2601;;1280.91;401.501;1682.41;;2048
10.2701;;1280.91;396.1;1677.01;;2048
10.2801;;1280.91;395.308;1676.21;;2048
10.2901;;1280.91;396.377;1677.28;;2048
10.3001;;1280.91;396.96;1677.87;;2048
10.3101;;1280.91;397.138;1678.05;;2048
10.3201;;1280.91;405.087;1685.99;;2048
10.3301;;1280.91;401.846;1682.75;;2048
10.3401;;1280.91;396.778;1677.69;;2048
10.3501;;1280.91;398.05;1678.96;;2048
10.3601;;1280.91;397.207;1678.11;;2048
10.3701;;1280.91;398.31;1679.22;;2048
10.3801;;1280.91;397.839;1678.75;;2048
10.3901;;1280.91;405.391;1686.3;;2048
10.4001;;1280.91;400.429;1681.34;;2048
10.4101;;1280.91;397.587;1678.49;;2048
10.4201;;1280.91;396.249;1677.16;;2048
10.4301;;1280.91;396.449;1677.36;;2048
10.4401;;1280.91;397.167;1678.07;;2048
10.4501;;1280.91;398.913;1679.82;;2048
10.4601;;1280.91;402.128;1683.04;;2048
10.4701;;1280.91;397.195;1678.1;;2048
10.4801;;1280.91;399.176;1680.08;;2048
10.4901;;1280.91;397.366;1678.27;;2048
10.5001;;1280.91;397.078;1677.98;;2048
10.5101;;1280.91;397.97;1678.88;;2048
10.5201;;1280.91;401.989;1682.9;;2048
10.5301;;1280.91;400.894;1681.8;;2048
10.5401;;1280.91;399.028;1679.93;;2048
10.5501;;1280.91;397.969;1678.88;;2048
10.5601;;1280.91;396.152;1677.06;;2048
10.5701;;1280.91;396.352;1677.26;;2048
10.5801;;1280.91;398.15;1679.06;;2048
10.5901;;1280.91;397.523;1678.43;;2048
10.6001;;1280.91;397.192;1678.1;;2048
10.6101;;1280.91;400.379;1681.29;;2048
10.6201;;1280.91;399.248;1680.16;;2048
10.6301;;1280.91;398.623;1679.53;;2048
10.6401;;1280.91;397.717;1678.62;;2048
10.6501;;1280.91;397.175;1678.08;;2048
10.6601;;1280.91;401.01;1681.92;;2048
10.6701;;1280.91;398.046;1678.95;;2048
10.6801;;1280.91;400.723;1681.63;;2048
10.6901;;1280.91;398.769;1679.68;;2048
10.7001;;1280.91;397.099;1678.01;;2048
10.7101;;1280.91;397.607;1678.51;;2048
10.7201;;1280.91;397.52;1678.43;;2048
10.7302;;1280.91;396.109;1677.02;;2048
10.7402;;1280.91;397.974;1678.88;;2048
10.7502;;1280.91;398.327;1679.23;;2048
10.7602;;1280.91;398.028;1678.94;;2048
10.7702;;1280.91;397.887;1678.79;;2048
10.7802;;1280.91;396.561;1677.47;;2048
10.7902;;1280.91;402.058;1682.97;;2048
10.8002;;1280.91;396.682;1677.59;;2048
10.8102;;1280.91;399.883;1680.79;;2048
10.8202;;1280.91;398.613;1679.52;;2048
10.8302;;1280.91;398.237;1679.14;;2048
10.8402;;1280.91;397.217;1678.12;;2048
10.8502;;1280.91;396.035;1676.94;;2048
10.8602;;1280.91;394.854;1675.76;;2048
10.8702;;1280.91;393.811;1674.72;;2048
10.8802;;1280.91;393.728;1674.64;;2048
10.8902;;1280.91;397.981;1678.89;;2048
10.9002;;1280.91;398.112;1679.02;;2048
10.9102;;1280.91;397.181;1678.09;;2048
10.9202;;1280.91;402.706;1683.61;;2048
10.9302;;1280.91;396.033;1676.94;;2048
10.9402;;1280.91;394.887;1675.79;;2048
10.9502;;1280.91;398.527;1679.43;;2048
10.9602;;1280.91;397.51;1678.42;;2048
10.9702;;1280.91;398.209;1679.12;;2048
10.9802;;1280.91;396.835;1677.74;;2048
10.9902;;1280.91;398.338;1679.24;;2048
11.0002;;1280.91;394.435;1675.34;;2048
11.0102;;1280.91;394.705;1675.61;;2048
11.0202;;1280.91;396.563;1677.47;;2048
11.0302;;1280.91;397.798;1678.7;;2048
11.0402;;1280.91;397.192;1678.1;;2048
11.0502;;1280.91;402.53;1683.44;;2048
11.0602;;1280.91;401.64;1682.55;;2048
11.0702;;1280.91;392.9;1673.81;;2048
11.0802;;1280.91;399.053;1679.96;;2048
11.0902;;1280.91;396.785;1677.69;;2048
11.1002;;1280.91;398.607;1679.51;;2048
11.1102;;1280.91;397.25;1678.16;;2048
11.1202;;1280.91;405.289;1686.2;;2048
11.1302;;1280.91;402.659;1683.57;;2048
11.1402;;1280.91;396.124;1677.03;;2048
11.1502;;1280.91;396.107;1677.01;;2048
11.1602;;1280.91;395.701;1676.61;;2048
11.1702;;1280.91;395.292;1676.2;;2048
11.1802;;1280.91;401.351;1682.26;;2048
11.1902;;1280.91;402.383;1683.29;;2048
11.2002;;1280.91;394.576;1675.48;;2048
11.2102;;1280.91;399.722;1680.63;;2048
11.2202;;1280.91;397.263;1678.17;;2048
11.2302;;1280.91;396.618;1677.53;;2048
11.2402;;1280.91;397.571;1678.48;;2048
11.2502;;1280.91;399.289;1680.2;;2048
11.2602;;1280.91;403.316;1684.22;;2048
11.2702;;1280.91;397.698;1678.61;;2048
11.2802;;1280.91;397.2;1678.11;;2048
11.2902;;1280.91;395.762;1676.67;;2048
11.3002;;1280.91;395.855;1676.76;;2048
11.3102;;1280.91;398.012;1678.92;;2048
11.3202;;1280.91;397.507;1678.41;;2048
11.3302;;1280.91;395.589;1676.5;;2048
11.3402;;1280.91;400.548;1681.46;;2048
11.3502;;1280.91;398.264;1679.17;;2048
11.3602;;1280.91;395.888;1676.79;;2048
11.3702;;1280.91;397.697;1678.6;;2048
11.3802;;1280.91;396.98;1677.89;;2048
11.3902;;1280.91;402.55;1683.46;;2048
11.4002;;1280.91;395.933;1676.84;;2048
11.4102;;1280.91;400.61;1681.52;;2048
11.4202;;1280.91;399.191;1680.1;;2048
11.4302;;1280.91;396.964;1677.87;;2048
11.4402;;1280.91;397.354;1678.26;;2048
11.4502;;1280.91;396.318;1677.22;;2048
11.4602;;1280.91;397.261;1678.17;;2048
11.4702;;1280.91;399.478;1680.38;;2048
11.4802;;1280.91;398.273;1679.18;;2048
11.4902;;1280.91;396.844;1677.75;;2048
11.5002;;1280.91;398.194;1679.1;;2048
11.5102;;1280.91;396.698;1677.61;;2048
11.5202;;1280.91;401.546;1682.45;;2048
11.5302;;1280.91;395.597;1676.5;;2048
11.5402;;1280.91;397.539;1678.45;;2048
11.5502;;1280.91;399.59;1680.5;;2048
11.5602;;1280.91;398.343;1679.25;;2048
11.5702;;1280.91;397.176;1678.08;;2048
11.5802;;1280.91;396.208;1677.12;;2048
11.5902;;1280.91;398.118;1679.03;;2048
11.6002;;1280.91;394.094;1675;;2048
11.6102;;1280.91;394.619;1675.53;;2048
11.6202;;1280.91;397.242;1678.15;;2048
11.6302;;1280.91;398.498;1679.41;;2048
11.6402;;1280.91;396.92;1677.83;;2048
11.6502;;1280.91;398;1678.91;;2048
11.6602;;1280.91;397.008;1677.92;;2048
11.6702;;1280.91;393.848;1674.76;;2048
11.6802;;1280.91;397.656;1678.56;;2048
11.6902;;1280.91;397.096;1678;;2048
11.7002;;1280.91;398.145;1679.05;;2048
11.7102;;1280.91;397.317;1678.22;;2048
11.7202;;1280.91;403.277;1684.18;;2048
11.7302;;1280.91;398.984;1679.89;;2048
11.7402;;1280.91;396.599;1677.51;;2048
11.7502;;1280.91;397.6;1678.51;;2048
11.7602;;1280.91;397.149;1678.06;;2048
11.7702;;1280.91;397.073;1677.98;;2048
11.7802;;1280.91;396.737;1677.64;;2048
11.7902;;1280.91;402.316;1683.22;;2048
11.8002;;1280.91;395.275;1676.18;;2048
11.8102;;1280.91;396.196;1677.1;;2048
11.8202;;1280.91;396.197;1677.1;;2048
11.8302;;1280.91;396.338;1677.25;;2048
11.8402;;1280.91;396.946;1677.85;;2048
11.8502;;1280.91;400.983;1681.89;;2048
11.8602;;1280.91;402.053;1682.96;;2048
11.8702;;1280.91;400.426;1681.33;;2048
11.8802;;1280.91;398.789;1679.7;;2048
11.8902;;1280.91;395.684;1676.59;;2048
11.9002;;1280.91;395.774;1676.68;;2048
11.9102;;1280.91;396.981;1677.89;;2048
11.9202;;1280.91;397.835;1678.74;;2048
11.9302;;1280.91;405.34;1686.25;;2048
11.9402;;1280.91;394.291;1675.2;;2048
11.9502;;1280.91;397.88;1678.79;;2048
11.9602;;1280.91;395.068;1675.98;;2048
11.9702;;1280.91;395.419;1676.33;;2048
11.9802;;1280.91;397.286;1678.19;;2048
11.9902;;1280.91;398.911;1679.82;;2048
12.0002;;1280.91;400.821;1681.73;;2048
12.0102;;1280.91;400.019;1680.93;;2048
12.0202;;1280.91;398.25;1679.16;;2048
12.0302;;1280.91;398.057;1678.96;;2048
12.0402;;1280.91;397.681;1678.59;;2048
12.0502;;1280.91;397.361;1678.27;;2048
12.0602;;1280.91;402.325;1683.23;;2048
12.0702;;1280.91;395.051;1675.96;;2048
12.0802;;1280.91;397.903;1678.81;;2048
12.0902;;1280.91;396.711;1677.62;;2048
12.1002;;1280.91;396.339;1677.25;;2048
12.1102;;1280.91;396.682;1677.59;;2048
12.1202;;1280.91;396.893;1677.8;;2048
12.1302;;1280.91;400.939;1681.85;;2048
12.1402;;1280.91;399.274;1680.18;;2048
12.1502;;1280.91;399.093;1680;;2048
12.1602;;1280.91;399.935;1680.84;;2048
12.1702;;1280.91;397.621;1678.53;;2048
12.1802;;1280.91;396.979;1677.89;;2048
12.1902;;1280.91;401.456;1682.36;;2048
12.2002;;1280.91;394.975;1675.88;;2048
12.2102;;1280.91;397.403;1678.31;;2048
12.2202;;1280.91;400.331;1681.24;;2048
12.2302;;1280.91;396.261;1677.17;;2048
12.2402;;1280.91;397.507;1678.41;;2048
12.2502;;1280.91;395.507;1676.41;;2048
12.2602;;1280.91;399.943;1680.85;;2048
12.2702;;1280.91;397.194;1678.1;;2048
12.2802;;1280.91;398.042;1678.95;;2048
12.2902;;1280.91;399.296;1680.2;;2048
12.3002;;1280.91;398.308;1679.22;;2048
12.3102;;1280.91;397.119;1678.03;;2048
12.3202;;1280.91;399.934;1680.84;;2048
12.3302;;1280.91;397.027;1677.93;;2048
12.3402;;1280.91;395.494;1676.4;;2048
12.3502;;1280.91;398.872;1679.78;;2048
12.3602;;1280.91;396.304;1677.21;;2048
12.3702;;1280.91;397.161;1678.07;;2048
12.3802;;1280.91;396.036;1676.94;;2048
12.3902;;1280.91;400.38;1681.29;;2048
12.4002;;1280.91;393.015;1673.92;;2048
12.4102;;1280.91;393.401;1674.31;;2048
12.4202;;1280.91;396.831;1677.74;;2048
12.4302;;1280.91;397.785;1678.69;;2048
12.4402;;1280.91;397.522;1678.43;;2048
12.4502;;1280.91;400.428;1681.33;;2048
12.4602;;1280.91;398.576;1679.48;;2048
12.4702;;1280.91;396.523;1677.43;;2048
12.4802;;1280.91;399.021;1679.93;;2048
12.4902;;1280.91;396.507;1677.41;;2048
12.5002;;1280.91;397.429;1678.34;;2048
12.5102;;1280.91;397.078;1677.98;;2048
12.5202;;1280.91;400.971;1681.88;;2048
12.5302;;1280.91;399.882;1680.79;;2048
12.5402;;1280.91;393.761;1674.67;;2048
12.5502;;1280.91;395.5;1676.41;;2048
12.5602;;1280.91;397.005;1677.91;;2048
12.5702;;1280.91;397.615;1678.52;;2048
12.5802;;1280.91;399.151;1680.06;;2048
12.5902;;1280.91;403.532;1684.44;;2048
12.6002;;1280.91;401.378;1682.28;;2048
12.6102;;1280.91;398.614;1679.52;;2048
12.6202;;1280.91;396.043;1676.95;;2048
12.6302;;1280.91;396.849;1677.76;;2048
12.6402;;1280.91;397.544;1678.45;;2048
12.6502;;1280.91;398.54;1679.45;;2048
12.6602;;1280.91;405.854;1686.76;;2048
12.6702;;1280.91;395.866;1676.77;;2048
12.6802;;1280.91;397.429;1678.34;;2048
12.6902;;1280.91;395.355;1676.26;;2048
12.7002;;1280.91;395.421;1676.33;;2048
12.7102;;1280.91;396.698;1677.61;;2048
12.7202;;1280.91;397.839;1678.75;;2048
12.7302;;1280.91;401.141;1682.05;;2048
12.7402;;1280.91;398.107;1679.01;;2048
12.7502;;1280.91;397.441;1678.35;;2048
12.7602;;1280.91;397.235;1678.14;;2048
12.7702;;1280.91;397.815;1678.72;;2048
12.7802;;1280.91;397.116;1678.02;;2048
12.7902;;1280.91;402.13;1683.04;;2048
12.8002;;1280.91;396.952;1677.86;;2048
12.8102;;1280.91;398.665;1679.57;;2048
12.8202;;1280.91;397.498;1678.41;;2048
12.8302;;1280.91;395.623;1676.53;;2048
12.8402;;1280.91;396.455;1677.36;;2048
12.8502;;1280.91;398.065;1678.97;;2048
12.8602;;1280.91;401.248;1682.16;;2048
12.8702;;1280.91;399.472;1680.38;;2048
12.8802;;1280.91;399.934;1680.84;;2048
12.8902;;1280.91;399.54;1680.45;;2048
12.9002;;1280.91;398.372;1679.28;;2048
12.9102;;1280.91;397.315;1678.22;;2048
12.9202;;1280.91;398.102;1679.01;;2048
12.9302;;1280.91;397.579;1678.49;;2048
12.9402;;1280.91;397.82;1678.73;;2048
12.9502;;1280.91;398.959;1679.87;;2048
12.9602;;1280.91;396.35;1677.26;;2048
12.9702;;1280.91;397.026;1677.93;;2048
12.9802;;1280.91;396.855;1677.76;;2048
12.9902;;1280.91;399.828;1680.73;;2048
13.0002;;1280.91;397.253;1678.16;;2048
13.0102;;1280.91;397.856;1678.76;;2048
13.0202;;1280.91;399.144;1680.05;;2048
13.0302;;1280.91;398.112;1679.02;;2048
13.0402;;1280.91;397.048;1677.95;;2048
13.0502;;1280.91;398.181;1679.09;;2048
13.0602;;1280.91;397.277;1678.18;;2048
13.0702;;1280.91;396.237;1677.14;;2048
13.0802;;1280.91;400.687;1681.59;;2048
13.0902;;1280.91;396.494;1677.4;;2048
13.1002;;1280.91;397.933;1678.84;;2048
13.1102;;1280.91;396.227;1677.13;;2048
13.1202;;1280.91;397.86;1678.77;;2048
13.1302;;1280.91;395.612;1676.52;;2048
13.1402;;1280.91;395.8;1676.71;;2048
13.1502;;1280.91;397.678;1678.58;;2048
13.1602;;1280.91;398.394;1679.3;;2048
13.1702;;1280.91;397.809;1678.72;;2048
13.1802;;1280.91;397.572;1678.48;;2048
13.1902;;1280.91;400.616;1681.52;;2048
13.2002;;1280.91;395.537;1676.44;;2048
13.2102;;1280.91;395.773;1676.68;;2048
13.2202;;1280.91;397.198;1678.11;;2048
13.2302;;1280.91;397.239;1678.15;;2048
13.2402;;1280.91;397.341;1678.25;;2048
13.2502;;1280.91;396.873;1677.78;;2048
13.2602;;1280.91;397.627;1678.53;;2048
13.2702;;1280.91;393.122;1674.03;;2048
13.2802;;1280.91;394.08;1674.99;;2048
13.2902;;1280.91;396.762;1677.67;;2048
13.3002;;1280.91;397.419;1678.33;;2048
13.3102;;1280.91;397.411;1678.32;;2048
13.3202;;1280.91;404.271;1685.18;;2048
13.3302;;1280.91;398.373;1679.28;;2048
13.3402;;1280.91;396.864;1677.77;;2048
13.3502;;1280.91;397.083;1677.99;;2048
13.3602;;1280.91;396.857;1677.76;;2048
13.3702;;1280.91;398.231;1679.14;;2048
13.3802;;1280.91;398.027;1678.93;;2048
13.3902;;1280.91;405.537;1686.44;;2048
13.4002;;1280.91;397.705;1678.61;;2048
13.4102;;1280.91;395.503;1676.41;;2048
13.4202;;1280.91;396.323;1677.23;;2048
13.4302;;1280.91;396.948;1677.85;;2048
13.4402;;1280.91;397.54;1678.45;;2048
13.4502;;1280.91;402.576;1683.48;;2048
13.4602;;1280.91;402.033;1682.94;;2048
13.4702;;1280.91;398.236;1679.14;;2048
13.4802;;1280.91;397.331;1678.24;;2048
13.4902;;1280.91;397.038;1677.95;;2048
13.5002;;1280.91;397.843;1678.75;;2048
13.5102;;1280.91;398.031;1678.94;;2048
13.5202;;1280.91;405.801;1686.71;;2048
13.5302;;1280.91;396.851;1677.76;;2048
13.5402;;1280.91;398.352;1679.26;;2048
13.5502;;1280.91;395.89;1676.8;;2048
13.5602;;1280.91;395.51;1676.42;;2048
13.5702;;1280.91;397.096;1678;;2048
13.5802;;1280.91;398.18;1679.09;;2048
13.5902;;1280.91;401.241;1682.15;;2048
13.6002;;1280.91;399.007;1679.91;;2048
13.6102;;1280.91;398.462;1679.37;;2048
13.6202;;1280.91;397.938;1678.85;;2048
13.6302;;1280.91;398.234;1679.14;;2048
13.6402;;1280.91;397.441;1678.35;;2048
13.6502;;1280.91;400.933;1681.84;;2048
13.6602;;1280.91;398.022;1678.93;;2048
13.6702;;1280.91;398.688;1679.6;;2048
13.6802;;1280.91;398.533;1679.44;;2048
13.6902;;1280.91;396.718;1677.63;;2048
13.7002;;1280.91;396.515;1677.42;;2048
13.7102;;1280.91;398.003;1678.91;;2048
13.7202;;1280.91;400.549;1681.46;;2048
13.7302;;1280.91;398.659;1679.57;;2048
13.7402;;1280.91;400.088;1681;;2048
13.7502;;1280.91;400.007;1680.91;;2048
13.7602;;1280.91;398.496;1679.4;;2048
13.7702;;1280.91;397.482;1678.39;;2048
13.7802;;1280.91;397.207;1678.11;;2048
13.7902;;1280.91;398.804;1679.71;;2048
13.8002;;1280.91;397.866;1678.77;;2048
13.8102;;1280.91;400.799;1681.71;;2048
13.8202;;1280.91;397.243;1678.15;;2048
13.8302;;1280.91;397.954;1678.86;;2048
13.8402;;1280.91;396.598;1677.51;;2048
13.8502;;1280.91;397.819;1678.73;;2048
13.8602;;1280.91;396.101;1677.01;;2048
13.8702;;1280.91;396.079;1676.99;;2048
13.8802;;1280.91;397.969;1678.88;;2048
13.8902;;1280.91;398.575;1679.48;;2048
13.9002;;1280.91;397.405;1678.31;;2048
13.9102;;1280.91;398.895;1679.8;;2048
13.9202;;1280.91;397.49;1678.4;;2048
13.9302;;1280.91;396.366;1677.27;;2048
13.9402;;1280.91;400.075;1680.98;;2048
13.9502;;1280.91;396.873;1677.78;;2048
13.9602;;1280.91;398.074;1678.98;;2048
13.9702;;1280.91;396.807;1677.71;;2048
13.9802;;1280.91;396.824;1677.73;;2048
13.9902;;1280.91;393.768;1674.68;;2048
14.0002;;1280.91;394.45;1675.36;;2048
14.0102;;1280.91;396.703;1677.61;;2048
14.0202;;1280.91;398.589;1679.5;;2048
14.0302;;1280.91;398.037;1678.94;;2048
14.0402;;1280.91;398.449;1679.36;;2048
14.0502;;1280.91;400.567;1681.47;;2048
14.0602;;1280.91;395.661;1676.57;;2048
14.0702;;1280.91;396.805;1677.71;;2048
14.0802;;1280.91;397.177;1678.08;;2048
14.0902;;1280.91;397.307;1678.21;;2048
14.1002;;1280.91;397.74;1678.65;;2048
14.1102;;1280.91;398.004;1678.91;;2048
14.1202;;1280.91;399.302;1680.21;;2048
14.1302;;1280.91;394.042;1674.95;;2048
14.1402;;1280.91;394.536;1675.44;;2048
14.1502;;1280.91;396.81;1677.72;;2048
14.1602;;1280.91;397.468;1678.38;;2048
14.1702;;1280.91;397.922;1678.83;;2048
14.1802;;1280.91;405.005;1685.91;;2048
14.1902;;1280.91;398.98;1679.89;;2048
14.2002;;1280.91;398.534;1679.44;;2048
14.2102;;1280.91;397.034;1677.94;;2048
14.2202;;1280.91;397.337;1678.24;;2048
14.2302;;1280.91;398.306;1679.21;;2048
14.2402;;1280.91;397.765;1678.67;;2048
14.2502;;1280.91;405.449;1686.36;;2048
14.2602;;1280.91;399.668;1680.57;;2048
14.2702;;1280.91;396.74;1677.65;;2048
14.2802;;1280.91;395.896;1676.8;;2048
14.2902;;1280.91;396.258;1677.17;;2048
14.3002;;1280.91;396.888;1677.8;;2048
14.3102;;1280.91;399.557;1680.46;;2048
14.3202;;1280.91;402.089;1683;;2048
14.3302;;1280.91;397.658;1678.57;;2048
14.3402;;1280.91;398.2;1679.11;;2048
14.3502;;1280.91;397.414;1678.32;;2048
14.3602;;1280.91;397.36;1678.27;;2048
14.3702;;1280.91;397.46;1678.37;;2048
14.3802;;1280.91;402.388;1683.3;;2048
14.3902;;1280.91;400.386;1681.29;;2048
14.4002;;1280.91;398.563;1679.47;;2048
14.4102;;1280.91;397.453;1678.36;;2048
14.4202;;1280.91;395.968;1676.88;;2048
14.4302;;1280.91;396.118;1677.03;;2048
14.4402;;1280.91;398.033;1678.94;;2048
14.4502;;1280.91;398.049;1678.96;;2048
14.4602;;1280.91;397.199;1678.11;;2048
14.4702;;1280.91;400.118;1681.03;;2048
14.4802;;1280.91;398.853;1679.76;;2048
14.4902;;1280.91;398.09;1679;;2048
14.5002;;1280.91;397.371;1678.28;;2048
14.5102;;1280.91;396.967;1677.87;;2048
14.5202;;1280.91;401.721;1682.63;;2048
14.5302;;1280.91;397.452;1678.36;;2048
14.5402;;1280.91;400.33;1681.24;;2048
14.5502;;1280.91;398.688;1679.6;;2048
14.5602;;1280.91;396.397;1677.3;;2048
14.5702;;1280.91;397.369;1678.28;;2048
14.5802;;1280.91;396.991;1677.9;;2048
14.5902;;1280.91;395.963;1676.87;;2048
14.6002;;1280.91;398.551;1679.46;;2048
14.6102;;1280.91;398.604;1679.51;;2048
14.6202;;1280.91;397.609;1678.52;;2048
14.6302;;1280.91;397.967;1678.87;;2048
14.6402;;1280.91;396.557;1677.46;;2048
14.6502;;1280.91;402.441;1683.35;;2048
14.6602;;1280.91;396.412;1677.32;;2048
14.6702;;1280.91;400.306;1681.21;;2048
14.6802;;1280.91;398.526;1679.43;;2048
14.6902;;1280.91;397.801;1678.71;;2048
14.7002;;1280.91;396.676;1677.58;;2048
14.7102;;1280.91;396.13;1677.04;;2048
14.7202;;1280.91;394.39;1675.3;;2048
14.7302;;1280.91;394.435;1675.34;;2048
14.7402;;1280.91;393.597;1674.5;;2048
14.7502;;1280.91;397.444;1678.35;;2048
14.7602;;1280.91;397.932;1678.84;;2048
14.7702;;1280.91;396.873;1677.78;;2048
14.7802;;1280.91;402.723;1683.63;;2048
14.7902;;1280.91;395.847;1676.75;;2048
14.8002;;1280.91;395.148;1676.05;;2048
14.8102;;1280.91;398.407;1679.31;;2048
14.8202;;1280.91;397.381;1678.29;;2048
14.8302;;1280.91;398.078;1678.98;;2048
14.8402;;1280.91;396.636;1677.54;;2048
14.8502;;1280.91;398.212;1679.12;;2048
14.8602;;1280.91;394.199;1675.11;;2048
14.8702;;1280.91;394.053;1674.96;;2048
14.8802;;1280.91;396.518;1677.43;;2048
14.8902;;1280.91;397.491;1678.4;;2048
14.9002;;1280.91;396.922;1677.83;;2048
14.9102;;1280.91;401.72;1682.63;;2048
14.9202;;1280.91;401.293;1682.2;;2048
14.9302;;1280.91;392.537;1673.44;;2048
14.9402;;1280.91;399.153;1680.06;;2048
14.9502;;1280.91;396.717;1677.62;;2048
14.9602;;1280.91;397.709;1678.62;;2048
14.9702;;1280.91;397.299;1678.21;;2048
14.9802;;1280.91;404.279;1685.19;;2048
14.9902;;1280.91;403.711;1684.62;;2048
