0;;1066.13;-1.23682;1064.9;;4096
0.01;;1066.13;-2.50427;1063.63;;4096
0.02;;1066.13;-36.2871;1029.85;;4096
0.03;;1066.13;-36.332;1029.8;;4096
0.04;;1066.13;-36.3724;1029.76;;4096
0.05;;1066.13;-36.345;1029.79;;4096
0.06;;1066.13;-36.2113;1029.92;;4096
0.07;;1066.13;-36.27;1029.86;;4096
0.08;;1066.13;-36.249;1029.89;;4096
0.09;;1066.13;-36.3558;1029.78;;4096
0.1;;1066.13;-36.3359;1029.8;;4096
0.11;;1066.13;-36.3123;1029.82;;4096
0.12;;1066.13;-36.2792;1029.86;;4096
0.13;;1066.13;-36.2689;1029.87;;4096
0.14;;1066.13;-36.2729;1029.86;;4096
0.15;;1066.13;-36.3964;1029.74;;4096
0.16;;1066.13;-36.2867;1029.85;;4096
0.17;;1066.13;-36.2679;1029.87;;4096
0.18;;1066.13;-36.3508;1029.78;;4096
0.19;;1066.13;-36.3293;1029.8;;4096
0.2;;1066.13;-36.1962;1029.94;;4096
0.21;;1066.13;-25.9951;1040.14;;4096
0.22;;1066.13;-4.78784;1061.35;;4096
0.23;;1066.13;22.7474;1088.88;;4096
0.24;;1066.13;47.5065;1113.64;;4096
0.25;;1066.13;70.995;1137.13;;4096
0.26;;1066.13;109.39;1175.52;;4096
0.27;;1066.13;121.39;1187.52;;4096
0.28;;1066.13;163.935;1230.07;;4096
0.29;;1066.13;165.969;1232.1;;4096
0.3;;1066.13;218.872;1285.01;;4096
0.31;;1066.13;225.981;1292.12;;4096
0.32;;1066.13;233.16;1299.29;;4096
0.33;;1066.13;285.014;1351.15;;4096
0.34;;1066.13;293.167;1359.3;;4096
0.35;;1066.13;295.436;1361.57;;4096
0.36;;1066.13;316.988;1383.12;;4096
0.37;;1066.13;359.479;1425.61;;4096
0.38;;1066.13;380.805;1446.94;;4096
0.39;;1066.13;380.371;1446.51;;4096
0.4;;1066.13;386.57;1452.7;;4096
0.41;;1066.13;393.35;1459.48;;4096
0.42;;1066.13;410.647;1476.78;;4096
0.43;;1066.13;430.218;1496.35;;4096
0.44;;1066.13;452.008;1518.14;;4096
0.45;;1066.13;477.352;1543.49;;4096
0.46;;1066.13;496.309;1562.44;;4096
0.47;;1066.13;508.495;1574.63;;4096
0.48;;1066.13;519.46;1585.59;;4096
0.49;;1066.13;529.627;1595.76;;4096
0.5;;1066.13;535.014;1601.15;;4096
0.51;;1066.13;537.837;1603.97;;4096
0.52;;1066.13;540.448;1606.58;;4096
0.53;;1066.13;548.098;1614.23;;4096
0.54;;1066.13;557.308;1623.44;;4096
0.55;;1066.13;567.26;1633.39;;4096
0.56;;1066.13;578.506;1644.64;;4096
0.57;;1066.13;590.701;1656.84;;4096
0.58;;1066.13;603.555;1669.69;;4096
0.59;;1066.13;616.405;1682.54;;4096
0.6;;1066.13;628.438;1694.57;;4096
0.61;;1066.13;639.691;1705.83;;4096
0.62;;1066.13;650.876;1717.01;;4096
0.63;;1066.13;663.135;1729.27;;4096
0.64;;1066.13;674.869;1741;;4096
0.65;;1066.13;678.927;1745.06;;4096
0.66;;1066.13;679.046;1745.18;;4096
0.67;;1066.13;676.731;1742.87;;4096
0.68;;1066.13;674.16;1740.29;;4096
0.69;;1066.13;681.163;1747.3;;4096
0.7;;1066.13;694.102;1760.24;;4096
0.71;;1066.13;709.73;1775.86;;4096
0.72;;1066.13;727.436;1793.57;;4096
0.73;;1066.13;739.925;1806.06;;4096
0.74;;1066.13;738.608;1804.74;;4096
0.75;;1066.13;724.975;1791.11;;4096
0.76;;1066.13;724.659;1790.79;;4096
0.77;;1066.13;737.487;1803.62;;4096
0.78;;1066.13;754.933;1821.07;;4096
0.79;;1066.13;770.582;1836.72;;4096
0.8;;1066.13;772.332;1838.47;;4096
0.81;;1066.13;761.11;1827.24;;4096
0.82;;1066.13;759.247;1825.38;;4096
0.83;;1066.13;774.438;1840.57;;4096
0.839999;;1066.13;788.108;1854.24;;4096
0.849999;;1066.13;798.894;1865.03;;4096
0.859999;;1066.13;793.438;1859.57;;4096
0.869999;;1066.13;783.519;1849.65;;4096
0.879999;;1066.13;797.61;1863.74;;4096
0.889999;;1066.13;819.226;1885.36;;4096
0.899999;;1066.13;821.621;1887.76;;4096
0.909999;;1066.13;799.199;1865.33;;4096
0.919999;;1066.13;809.983;1876.12;;4096
0.929999;;1066.13;828.456;1894.59;;4096
0.939999;;1066.13;840.458;1906.59;;4096
0.949999;;1066.13;825.203;1891.34;;4096
0.959999;;1066.13;824.094;1890.23;;4096
0.969999;;1066.13;840.548;1906.68;;4096
0.979999;;1066.13;853.338;1919.47;;4096
0.989999;;1066.13;844.44;1910.57;;4096
0.999999;;1066.13;835.634;1901.77;;4096
1.01;;1066.13;855.119;1921.25;;4096
1.02;;1066.13;871.175;1937.31;;4096
1.03;;1066.13;845.167;1911.3;;4096
1.04;;1066.13;856.778;1922.91;;4096
1.05;;1066.13;nan;nan;;4096
1.06;;1066.13;nan;nan;;4096
1.07;;1066.13;nan;nan;;4096
1.08;;1066.13;867.715;1933.85;;4096
1.09;;1066.13;869.11;1935.24;;4096
1.1;;1066.13;nan;nan;;4096
1.11;;1066.13;nan;nan;;4096
1.12;;1066.13;nan;nan;;4096
1.13;;1066.13;nan;nan;;4096
1.14;;1066.13;nan;nan;;4096
1.15;;1066.13;nan;nan;;4096
1.16;;1066.13;nan;nan;;4096
1.17;;1066.13;nan;nan;;4096
1.18;;1066.13;nan;nan;;4096
1.19;;1066.13;nan;nan;;4096
1.2;;1066.13;nan;nan;;4096
1.21;;1066.13;nan;nan;;4096
1.22;;1066.13;nan;nan;;4096
1.23;;1066.13;nan;nan;;4096
1.24;;1066.13;nan;nan;;4096
1.25;;1066.13;nan;nan;;4096
1.26;;1066.13;nan;nan;;4096
1.27;;1066.13;nan;nan;;4096
1.28;;1066.13;nan;nan;;4096
1.29;;1066.13;nan;nan;;4096
1.3;;1066.13;nan;nan;;4096
1.31;;1066.13;nan;nan;;4096
1.32;;1066.13;nan;nan;;4096
1.33;;1066.13;nan;nan;;4096
1.34;;1066.13;nan;nan;;4096
1.35;;1066.13;nan;nan;;4096
1.36;;1066.13;nan;nan;;4096
1.37;;1066.13;nan;nan;;4096
1.38;;1066.13;nan;nan;;4096
1.39;;1066.13;nan;nan;;4096
1.4;;1066.13;nan;nan;;4096
1.41;;1066.13;nan;nan;;4096
1.42;;1066.13;nan;nan;;4096
1.43;;1066.13;nan;nan;;4096
1.44;;1066.13;nan;nan;;4096
1.45;;1066.13;nan;nan;;4096
1.46;;1066.13;nan;nan;;4096
1.47;;1066.13;nan;nan;;4096
1.48;;1066.13;nan;nan;;4096
1.49;;1066.13;nan;nan;;4096
1.5;;1066.13;nan;nan;;4096
1.51;;1066.13;nan;nan;;4096
1.52;;1066.13;nan;nan;;4096
1.53;;1066.13;nan;nan;;4096
1.54;;1066.13;nan;nan;;4096
1.55;;1066.13;nan;nan;;4096
1.56;;1066.13;nan;nan;;4096
1.57;;1066.13;nan;nan;;4096
1.58;;1066.13;nan;nan;;4096
1.59;;1066.13;nan;nan;;4096
1.6;;1066.13;nan;nan;;4096
1.61;;1066.13;nan;nan;;4096
1.62;;1066.13;nan;nan;;4096
1.63;;1066.13;nan;nan;;4096
1.64;;1066.13;nan;nan;;4096
1.65;;1066.13;nan;nan;;4096
1.66;;1066.13;nan;nan;;4096
1.67;;1066.13;nan;nan;;4096
1.68;;1066.13;nan;nan;;4096
1.69;;1066.13;nan;nan;;4096
1.7;;1066.13;nan;nan;;4096
1.71;;1066.13;nan;nan;;4096
1.72;;1066.13;nan;nan;;4096
1.73;;1066.13;nan;nan;;4096
1.74;;1066.13;nan;nan;;4096
1.75;;1066.13;nan;nan;;4096
1.76;;1066.13;nan;nan;;4096
1.77;;1066.13;nan;nan;;4096
1.78;;1066.13;nan;nan;;4096
1.79;;1066.13;nan;nan;;4096
1.8;;1066.13;nan;nan;;4096
1.81;;1066.13;nan;nan;;4096
1.82;;1066.13;nan;nan;;4096
1.83;;1066.13;nan;nan;;4096
1.84;;1066.13;nan;nan;;4096
1.85;;1066.13;nan;nan;;4096
1.86;;1066.13;nan;nan;;4096
1.87;;1066.13;nan;nan;;4096
1.88;;1066.13;nan;nan;;4096
1.89;;1066.13;nan;nan;;4096
1.9;;1066.13;nan;nan;;4096
1.91;;1066.13;nan;nan;;4096
1.92;;1066.13;nan;nan;;4096
1.93;;1066.13;nan;nan;;4096
1.94;;1066.13;nan;nan;;4096
1.95;;1066.13;nan;nan;;4096
1.96;;1066.13;nan;nan;;4096
1.97;;1066.13;nan;nan;;4096
1.98;;1066.13;nan;nan;;4096
1.99;;1066.13;nan;nan;;4096
2;;1066.13;nan;nan;;4096
2.01;;1066.13;nan;nan;;4096
2.02;;1066.13;nan;nan;;4096
2.03;;1066.13;nan;nan;;4096
2.04;;1066.13;nan;nan;;4096
2.05;;1066.13;nan;nan;;4096
2.06;;1066.13;nan;nan;;4096
2.07;;1066.13;nan;nan;;4096
2.08;;1066.13;nan;nan;;4096
2.09;;1066.13;nan;nan;;4096
2.1;;1066.13;nan;nan;;4096
2.11;;1066.13;nan;nan;;4096
2.12;;1066.13;nan;nan;;4096
2.13;;1066.13;nan;nan;;4096
2.14;;1066.13;nan;nan;;4096
2.15;;1066.13;nan;nan;;4096
2.16;;1066.13;nan;nan;;4096
2.17;;1066.13;nan;nan;;4096
2.18;;1066.13;nan;nan;;4096
2.19;;1066.13;nan;nan;;4096
2.2;;1066.13;nan;nan;;4096
2.21;;1066.13;nan;nan;;4096
2.22;;1066.13;nan;nan;;4096
2.23;;1066.13;nan;nan;;4096
2.24;;1066.13;nan;nan;;4096
2.25;;1066.13;nan;nan;;4096
2.26;;1066.13;nan;nan;;4096
2.27;;1066.13;nan;nan;;4096
2.28;;1066.13;nan;nan;;4096
2.29;;1066.13;nan;nan;;4096
2.3;;1066.13;nan;nan;;4096
2.31;;1066.13;nan;nan;;4096
2.32;;1066.13;nan;nan;;4096
2.33;;1066.13;nan;nan;;4096
2.34;;1066.13;nan;nan;;4096
2.35;;1066.13;nan;nan;;4096
2.36;;1066.13;nan;nan;;4096
2.37;;1066.13;nan;nan;;4096
2.38;;1066.13;nan;nan;;4096
2.39;;1066.13;nan;nan;;4096
2.4;;1066.13;nan;nan;;4096
2.41;;1066.13;nan;nan;;4096
2.42;;1066.13;nan;nan;;4096
2.43;;1066.13;nan;nan;;4096
2.44;;1066.13;nan;nan;;4096
2.45;;1066.13;nan;nan;;4096
2.46;;1066.13;nan;nan;;4096
2.47;;1066.13;nan;nan;;4096
2.48;;1066.13;nan;nan;;4096
2.49;;1066.13;nan;nan;;4096
2.5;;1066.13;nan;nan;;4096
2.51;;1066.13;nan;nan;;4096
2.52;;1066.13;nan;nan;;4096
2.53;;1066.13;nan;nan;;4096
2.54;;1066.13;nan;nan;;4096
2.55;;1066.13;nan;nan;;4096
2.56;;1066.13;nan;nan;;4096
2.57;;1066.13;nan;nan;;4096
2.58;;1066.13;nan;nan;;4096
2.59;;1066.13;nan;nan;;4096
2.6;;1066.13;nan;nan;;4096
2.61;;1066.13;nan;nan;;4096
2.62;;1066.13;nan;nan;;4096
2.63;;1066.13;nan;nan;;4096
2.64;;1066.13;nan;nan;;4096
2.65;;1066.13;nan;nan;;4096
2.66;;1066.13;nan;nan;;4096
2.67;;1066.13;nan;nan;;4096
2.68;;1066.13;nan;nan;;4096
2.69;;1066.13;nan;nan;;4096
2.7;;1066.13;nan;nan;;4096
2.71;;1066.13;nan;nan;;4096
2.72;;1066.13;nan;nan;;4096
2.73;;1066.13;nan;nan;;4096
2.74;;1066.13;nan;nan;;4096
2.75;;1066.13;nan;nan;;4096
2.76;;1066.13;nan;nan;;4096
2.77;;1066.13;nan;nan;;4096
2.78;;1066.13;nan;nan;;4096
2.79;;1066.13;nan;nan;;4096
2.8;;1066.13;nan;nan;;4096
2.81;;1066.13;nan;nan;;4096
2.82;;1066.13;nan;nan;;4096
2.83;;1066.13;nan;nan;;4096
2.84;;1066.13;nan;nan;;4096
2.85;;1066.13;nan;nan;;4096
2.86;;1066.13;nan;nan;;4096
2.87;;1066.13;nan;nan;;4096
2.88;;1066.13;nan;nan;;4096
2.89;;1066.13;nan;nan;;4096
2.9;;1066.13;nan;nan;;4096
2.91;;1066.13;nan;nan;;4096
2.92;;1066.13;nan;nan;;4096
2.93;;1066.13;nan;nan;;4096
2.94;;1066.13;nan;nan;;4096
2.95;;1066.13;nan;nan;;4096
2.96;;1066.13;nan;nan;;4096
2.97;;1066.13;nan;nan;;4096
2.98;;1066.13;nan;nan;;4096
2.99;;1066.13;nan;nan;;4096
3;;1066.13;nan;nan;;4096
3.01;;1066.13;nan;nan;;4096
3.02;;1066.13;nan;nan;;4096
3.03;;1066.13;nan;nan;;4096
3.04;;1066.13;nan;nan;;4096
3.05;;1066.13;nan;nan;;4096
3.06;;1066.13;nan;nan;;4096
3.07;;1066.13;nan;nan;;4096
3.08;;1066.13;nan;nan;;4096
3.09;;1066.13;nan;nan;;4096
3.1;;1066.13;nan;nan;;4096
3.11;;1066.13;nan;nan;;4096
3.12;;1066.13;nan;nan;;4096
3.13;;1066.13;nan;nan;;4096
3.14;;1066.13;nan;nan;;4096
3.15;;1066.13;nan;nan;;4096
3.16;;1066.13;nan;nan;;4096
3.17;;1066.13;nan;nan;;4096
3.18;;1066.13;nan;nan;;4096
3.19;;1066.13;nan;nan;;4096
3.2;;1066.13;nan;nan;;4096
3.21;;1066.13;nan;nan;;4096
3.22;;1066.13;nan;nan;;4096
3.23;;1066.13;nan;nan;;4096
3.24;;1066.13;nan;nan;;4096
3.25;;1066.13;nan;nan;;4096
3.26;;1066.13;nan;nan;;4096
3.27;;1066.13;nan;nan;;4096
3.28;;1066.13;nan;nan;;4096
3.29;;1066.13;nan;nan;;4096
3.3;;1066.13;nan;nan;;4096
3.31;;1066.13;nan;nan;;4096
3.32;;1066.13;nan;nan;;4096
3.33;;1066.13;nan;nan;;4096
3.34;;1066.13;nan;nan;;4096
3.35;;1066.13;nan;nan;;4096
3.36;;1066.13;nan;nan;;4096
3.37;;1066.13;nan;nan;;4096
3.38;;1066.13;nan;nan;;4096
3.39;;1066.13;nan;nan;;4096
3.4;;1066.13;nan;nan;;4096
3.41;;1066.13;nan;nan;;4096
3.42;;1066.13;nan;nan;;4096
3.43;;1066.13;nan;nan;;4096
3.44;;1066.13;nan;nan;;4096
3.45;;1066.13;nan;nan;;4096
3.46;;1066.13;nan;nan;;4096
3.47;;1066.13;nan;nan;;4096
3.48;;1066.13;nan;nan;;4096
3.49;;1066.13;nan;nan;;4096
3.5;;1066.13;nan;nan;;4096
3.51;;1066.13;nan;nan;;4096
3.52;;1066.13;nan;nan;;4096
3.53;;1066.13;nan;nan;;4096
3.54;;1066.13;nan;nan;;4096
3.55;;1066.13;nan;nan;;4096
3.56;;1066.13;nan;nan;;4096
3.57;;1066.13;nan;nan;;4096
3.58;;1066.13;nan;nan;;4096
3.59;;1066.13;nan;nan;;4096
3.6;;1066.13;nan;nan;;4096
3.61;;1066.13;nan;nan;;4096
3.62;;1066.13;nan;nan;;4096
3.63;;1066.13;nan;nan;;4096
3.64;;1066.13;nan;nan;;4096
3.65;;1066.13;nan;nan;;4096
3.66;;1066.13;nan;nan;;4096
3.67;;1066.13;nan;nan;;4096
3.68;;1066.13;nan;nan;;4096
3.69;;1066.13;nan;nan;;4096
3.7;;1066.13;nan;nan;;4096
3.71;;1066.13;nan;nan;;4096
3.72;;1066.13;nan;nan;;4096
3.73;;1066.13;nan;nan;;4096
3.74;;1066.13;nan;nan;;4096
3.75;;1066.13;nan;nan;;4096
3.76;;1066.13;nan;nan;;4096
3.77;;1066.13;nan;nan;;4096
3.78;;1066.13;nan;nan;;4096
3.79;;1066.13;nan;nan;;4096
3.8;;1066.13;nan;nan;;4096
3.81;;1066.13;nan;nan;;4096
3.82;;1066.13;nan;nan;;4096
3.83;;1066.13;nan;nan;;4096
3.84;;1066.13;nan;nan;;4096
3.85;;1066.13;nan;nan;;4096
3.86;;1066.13;nan;nan;;4096
3.87;;1066.13;nan;nan;;4096
3.88;;1066.13;nan;nan;;4096
3.89;;1066.13;nan;nan;;4096
3.9;;1066.13;nan;nan;;4096
3.91;;1066.13;nan;nan;;4096
3.92;;1066.13;nan;nan;;4096
3.93;;1066.13;nan;nan;;4096
3.94;;1066.13;nan;nan;;4096
3.95;;1066.13;nan;nan;;4096
3.96;;1066.13;nan;nan;;4096
3.97;;1066.13;nan;nan;;4096
3.98;;1066.13;nan;nan;;4096
3.99;;1066.13;nan;nan;;4096
4;;1066.13;nan;nan;;4096
4.01;;1066.13;nan;nan;;4096
4.02;;1066.13;nan;nan;;4096
4.03;;1066.13;nan;nan;;4096
4.04;;1066.13;nan;nan;;4096
4.05;;1066.13;nan;nan;;4096
4.06;;1066.13;nan;nan;;4096
4.07;;1066.13;nan;nan;;4096
4.08;;1066.13;nan;nan;;4096
4.09;;1066.13;nan;nan;;4096
4.1;;1066.13;nan;nan;;4096
4.11;;1066.13;nan;nan;;4096
4.12;;1066.13;nan;nan;;4096
4.13;;1066.13;nan;nan;;4096
4.14;;1066.13;nan;nan;;4096
4.15;;1066.13;nan;nan;;4096
4.16;;1066.13;nan;nan;;4096
4.17;;1066.13;nan;nan;;4096
4.18;;1066.13;nan;nan;;4096
4.19;;1066.13;nan;nan;;4096
4.2;;1066.13;nan;nan;;4096
4.21;;1066.13;nan;nan;;4096
4.22;;1066.13;nan;nan;;4096
4.23;;1066.13;nan;nan;;4096
4.24;;1066.13;nan;nan;;4096
4.25;;1066.13;nan;nan;;4096
4.26;;1066.13;nan;nan;;4096
4.27;;1066.13;nan;nan;;4096
4.28;;1066.13;nan;nan;;4096
4.29;;1066.13;nan;nan;;4096
4.3;;1066.13;nan;nan;;4096
4.31;;1066.13;nan;nan;;4096
4.32;;1066.13;nan;nan;;4096
4.33;;1066.13;nan;nan;;4096
4.34;;1066.13;nan;nan;;4096
4.35;;1066.13;nan;nan;;4096
4.36;;1066.13;nan;nan;;4096
4.37001;;1066.13;nan;nan;;4096
4.38001;;1066.13;nan;nan;;4096
4.39001;;1066.13;nan;nan;;4096
4.40001;;1066.13;nan;nan;;4096
4.41001;;1066.13;nan;nan;;4096
4.42001;;1066.13;nan;nan;;4096
4.43001;;1066.13;nan;nan;;4096
4.44001;;1066.13;nan;nan;;4096
4.45001;;1066.13;nan;nan;;4096
4.46001;;1066.13;nan;nan;;4096
4.47001;;1066.13;nan;nan;;4096
4.48001;;1066.13;nan;nan;;4096
4.49001;;1066.13;nan;nan;;4096
4.50001;;1066.13;nan;nan;;4096
4.51001;;1066.13;nan;nan;;4096
4.52001;;1066.13;nan;nan;;4096
4.53001;;1066.13;nan;nan;;4096
4.54001;;1066.13;nan;nan;;4096
4.55001;;1066.13;nan;nan;;4096
4.56001;;1066.13;nan;nan;;4096
4.57001;;1066.13;nan;nan;;4096
4.58001;;1066.13;nan;nan;;4096
4.59001;;1066.13;nan;nan;;4096
4.60001;;1066.13;nan;nan;;4096
4.61001;;1066.13;nan;nan;;4096
4.62001;;1066.13;nan;nan;;4096
4.63001;;1066.13;nan;nan;;4096
4.64001;;1066.13;nan;nan;;4096
4.65001;;1066.13;nan;nan;;4096
4.66001;;1066.13;nan;nan;;4096
4.67001;;1066.13;nan;nan;;4096
4.68001;;1066.13;nan;nan;;4096
4.69001;;1066.13;nan;nan;;4096
4.70001;;1066.13;nan;nan;;4096
4.71001;;1066.13;nan;nan;;4096
4.72001;;1066.13;nan;nan;;4096
4.73001;;1066.13;nan;nan;;4096
4.74001;;1066.13;nan;nan;;4096
4.75001;;1066.13;nan;nan;;4096
4.76001;;1066.13;nan;nan;;4096
4.77001;;1066.13;nan;nan;;4096
4.78001;;1066.13;nan;nan;;4096
4.79001;;1066.13;nan;nan;;4096
4.80001;;1066.13;nan;nan;;4096
4.81002;;1066.13;nan;nan;;4096
4.82002;;1066.13;nan;nan;;4096
4.83002;;1066.13;nan;nan;;4096
4.84002;;1066.13;nan;nan;;4096
4.85002;;1066.13;nan;nan;;4096
4.86002;;1066.13;nan;nan;;4096
4.87002;;1066.13;nan;nan;;4096
4.88002;;1066.13;nan;nan;;4096
4.89002;;1066.13;nan;nan;;4096
4.90002;;1066.13;nan;nan;;4096
4.91002;;1066.13;nan;nan;;4096
4.92002;;1066.13;nan;nan;;4096
4.93002;;1066.13;nan;nan;;4096
4.94002;;1066.13;nan;nan;;4096
4.95002;;1066.13;nan;nan;;4096
4.96002;;1066.13;nan;nan;;4096
4.97002;;1066.13;nan;nan;;4096
4.98002;;1066.13;nan;nan;;4096
4.99002;;1066.13;nan;nan;;4096
5.00002;;1066.13;nan;nan;;4096
5.01002;;1066.13;nan;nan;;4096
5.02002;;1066.13;nan;nan;;4096
5.03002;;1066.13;nan;nan;;4096
5.04002;;1066.13;nan;nan;;4096
5.05002;;1066.13;nan;nan;;4096
5.06002;;1066.13;nan;nan;;4096
5.07002;;1066.13;nan;nan;;4096
5.08002;;1066.13;nan;nan;;4096
5.09002;;1066.13;nan;nan;;4096
5.10002;;1066.13;nan;nan;;4096
5.11002;;1066.13;nan;nan;;4096
5.12002;;1066.13;nan;nan;;4096
5.13002;;1066.13;nan;nan;;4096
5.14002;;1066.13;nan;nan;;4096
5.15002;;1066.13;nan;nan;;4096
5.16002;;1066.13;nan;nan;;4096
5.17002;;1066.13;nan;nan;;4096
5.18002;;1066.13;nan;nan;;4096
5.19002;;1066.13;nan;nan;;4096
5.20002;;1066.13;nan;nan;;4096
5.21002;;1066.13;nan;nan;;4096
5.22002;;1066.13;nan;nan;;4096
5.23002;;1066.13;nan;nan;;4096
5.24003;;1066.13;nan;nan;;4096
5.25003;;1066.13;nan;nan;;4096
5.26003;;1066.13;nan;nan;;4096
5.27003;;1066.13;nan;nan;;4096
5.28003;;1066.13;nan;nan;;4096
5.29003;;1066.13;nan;nan;;4096
5.30003;;1066.13;nan;nan;;4096
5.31003;;1066.13;nan;nan;;4096
5.32003;;1066.13;nan;nan;;4096
5.33003;;1066.13;nan;nan;;4096
5.34003;;1066.13;nan;nan;;4096
5.35003;;1066.13;nan;nan;;4096
5.36003;;1066.13;nan;nan;;4096
5.37003;;1066.13;nan;nan;;4096
5.38003;;1066.13;nan;nan;;4096
5.39003;;1066.13;nan;nan;;4096
5.40003;;1066.13;nan;nan;;4096
5.41003;;1066.13;nan;nan;;4096
5.42003;;1066.13;nan;nan;;4096
5.43003;;1066.13;nan;nan;;4096
5.44003;;1066.13;nan;nan;;4096
5.45003;;1066.13;nan;nan;;4096
5.46003;;1066.13;nan;nan;;4096
5.47003;;1066.13;nan;nan;;4096
5.48003;;1066.13;nan;nan;;4096
5.49003;;1066.13;nan;nan;;4096
5.50003;;1066.13;nan;nan;;4096
5.51003;;1066.13;nan;nan;;4096
5.52003;;1066.13;nan;nan;;4096
5.53003;;1066.13;nan;nan;;4096
5.54003;;1066.13;nan;nan;;4096
5.55003;;1066.13;nan;nan;;4096
5.56003;;1066.13;nan;nan;;4096
5.57003;;1066.13;nan;nan;;4096
5.58003;;1066.13;nan;nan;;4096
5.59003;;1066.13;nan;nan;;4096
5.60003;;1066.13;nan;nan;;4096
5.61003;;1066.13;nan;nan;;4096
5.62003;;1066.13;nan;nan;;4096
5.63003;;1066.13;nan;nan;;4096
5.64003;;1066.13;nan;nan;;4096
5.65003;;1066.13;nan;nan;;4096
5.66003;;1066.13;nan;nan;;4096
5.67003;;1066.13;nan;nan;;4096
5.68004;;1066.13;nan;nan;;4096
5.69004;;1066.13;nan;nan;;4096
5.70004;;1066.13;nan;nan;;4096
5.71004;;1066.13;nan;nan;;4096
5.72004;;1066.13;nan;nan;;4096
5.73004;;1066.13;nan;nan;;4096
5.74004;;1066.13;nan;nan;;4096
5.75004;;1066.13;nan;nan;;4096
5.76004;;1066.13;nan;nan;;4096
5.77004;;1066.13;nan;nan;;4096
5.78004;;1066.13;nan;nan;;4096
5.79004;;1066.13;nan;nan;;4096
5.80004;;1066.13;nan;nan;;4096
5.81004;;1066.13;nan;nan;;4096
5.82004;;1066.13;nan;nan;;4096
5.83004;;1066.13;nan;nan;;4096
5.84004;;1066.13;nan;nan;;4096
5.85004;;1066.13;nan;nan;;4096
5.86004;;1066.13;nan;nan;;4096
5.87004;;1066.13;nan;nan;;4096
5.88004;;1066.13;nan;nan;;4096
5.89004;;1066.13;nan;nan;;4096
5.90004;;1066.13;nan;nan;;4096
5.91004;;1066.13;nan;nan;;4096
5.92004;;1066.13;nan;nan;;4096
5.93004;;1066.13;nan;nan;;4096
5.94004;;1066.13;nan;nan;;4096
5.95004;;1066.13;nan;nan;;4096
5.96004;;1066.13;nan;nan;;4096
5.97004;;1066.13;nan;nan;;4096
5.98004;;1066.13;nan;nan;;4096
5.99004;;1066.13;nan;nan;;4096
6.00004;;1066.13;nan;nan;;4096
6.01004;;1066.13;nan;nan;;4096
6.02004;;1066.13;nan;nan;;4096
6.03004;;1066.13;nan;nan;;4096
6.04004;;1066.13;nan;nan;;4096
6.05004;;1066.13;nan;nan;;4096
6.06004;;1066.13;nan;nan;;4096
6.07004;;1066.13;nan;nan;;4096
6.08004;;1066.13;nan;nan;;4096
6.09004;;1066.13;nan;nan;;4096
6.10004;;1066.13;nan;nan;;4096
6.11004;;1066.13;nan;nan;;4096
6.12005;;1066.13;nan;nan;;4096
6.13005;;1066.13;nan;nan;;4096
6.14005;;1066.13;nan;nan;;4096
6.15005;;1066.13;nan;nan;;4096
6.16005;;1066.13;nan;nan;;4096
6.17005;;1066.13;nan;nan;;4096
6.18005;;1066.13;nan;nan;;4096
6.19005;;1066.13;nan;nan;;4096
6.20005;;1066.13;nan;nan;;4096
6.21005;;1066.13;nan;nan;;4096
6.22005;;1066.13;nan;nan;;4096
6.23005;;1066.13;nan;nan;;4096
6.24005;;1066.13;nan;nan;;4096
6.25005;;1066.13;nan;nan;;4096
6.26005;;1066.13;nan;nan;;4096
6.27005;;1066.13;nan;nan;;4096
6.28005;;1066.13;nan;nan;;4096
6.29005;;1066.13;nan;nan;;4096
6.30005;;1066.13;nan;nan;;4096
6.31005;;1066.13;nan;nan;;4096
6.32005;;1066.13;nan;nan;;4096
6.33005;;1066.13;nan;nan;;4096
6.34005;;1066.13;nan;nan;;4096
6.35005;;1066.13;nan;nan;;4096
6.36005;;1066.13;nan;nan;;4096
6.37005;;1066.13;nan;nan;;4096
6.38005;;1066.13;nan;nan;;4096
6.39005;;1066.13;nan;nan;;4096
6.40005;;1066.13;nan;nan;;4096
6.41005;;1066.13;nan;nan;;4096
6.42005;;1066.13;nan;nan;;4096
6.43005;;1066.13;nan;nan;;4096
6.44005;;1066.13;nan;nan;;4096
6.45005;;1066.13;nan;nan;;4096
6.46005;;1066.13;nan;nan;;4096
6.47005;;1066.13;nan;nan;;4096
6.48005;;1066.13;nan;nan;;4096
6.49005;;1066.13;nan;nan;;4096
6.50005;;1066.13;nan;nan;;4096
6.51005;;1066.13;nan;nan;;4096
6.52005;;1066.13;nan;nan;;4096
6.53005;;1066.13;nan;nan;;4096
6.54005;;1066.13;nan;nan;;4096
6.55006;;1066.13;nan;nan;;4096
6.56006;;1066.13;nan;nan;;4096
6.57006;;1066.13;nan;nan;;4096
6.58006;;1066.13;nan;nan;;4096
6.59006;;1066.13;nan;nan;;4096
6.60006;;1066.13;nan;nan;;4096
6.61006;;1066.13;nan;nan;;4096
6.62006;;1066.13;nan;nan;;4096
6.63006;;1066.13;nan;nan;;4096
6.64006;;1066.13;nan;nan;;4096
6.65006;;1066.13;nan;nan;;4096
6.66006;;1066.13;nan;nan;;4096
6.67006;;1066.13;nan;nan;;4096
6.68006;;1066.13;nan;nan;;4096
6.69006;;1066.13;nan;nan;;4096
6.70006;;1066.13;nan;nan;;4096
6.71006;;1066.13;nan;nan;;4096
6.72006;;1066.13;nan;nan;;4096
6.73006;;1066.13;nan;nan;;4096
6.74006;;1066.13;nan;nan;;4096
6.75006;;1066.13;nan;nan;;4096
6.76006;;1066.13;nan;nan;;4096
6.77006;;1066.13;nan;nan;;4096
6.78006;;1066.13;nan;nan;;4096
6.79006;;1066.13;nan;nan;;4096
6.80006;;1066.13;nan;nan;;4096
6.81006;;1066.13;nan;nan;;4096
6.82006;;1066.13;nan;nan;;4096
6.83006;;1066.13;nan;nan;;4096
6.84006;;1066.13;nan;nan;;4096
6.85006;;1066.13;nan;nan;;4096
6.86006;;1066.13;nan;nan;;4096
6.87006;;1066.13;nan;nan;;4096
6.88006;;1066.13;nan;nan;;4096
6.89006;;1066.13;nan;nan;;4096
6.90006;;1066.13;nan;nan;;4096
6.91006;;1066.13;nan;nan;;4096
6.92006;;1066.13;nan;nan;;4096
6.93006;;1066.13;nan;nan;;4096
6.94006;;1066.13;nan;nan;;4096
6.95006;;1066.13;nan;nan;;4096
6.96006;;1066.13;nan;nan;;4096
6.97006;;1066.13;nan;nan;;4096
6.98006;;1066.13;nan;nan;;4096
6.99007;;1066.13;nan;nan;;4096
7.00007;;1066.13;nan;nan;;4096
7.01007;;1066.13;nan;nan;;4096
7.02007;;1066.13;nan;nan;;4096
7.03007;;1066.13;nan;nan;;4096
7.04007;;1066.13;nan;nan;;4096
7.05007;;1066.13;nan;nan;;4096
7.06007;;1066.13;nan;nan;;4096
7.07007;;1066.13;nan;nan;;4096
7.08007;;1066.13;nan;nan;;4096
7.09007;;1066.13;nan;nan;;4096
7.10007;;1066.13;nan;nan;;4096
7.11007;;1066.13;nan;nan;;4096
7.12007;;1066.13;nan;nan;;4096
7.13007;;1066.13;nan;nan;;4096
7.14007;;1066.13;nan;nan;;4096
7.15007;;1066.13;nan;nan;;4096
7.16007;;1066.13;nan;nan;;4096
7.17007;;1066.13;nan;nan;;4096
7.18007;;1066.13;nan;nan;;4096
7.19007;;1066.13;nan;nan;;4096
7.20007;;1066.13;nan;nan;;4096
7.21007;;1066.13;nan;nan;;4096
7.22007;;1066.13;nan;nan;;4096
7.23007;;1066.13;nan;nan;;4096
7.24007;;1066.13;nan;nan;;4096
7.25007;;1066.13;nan;nan;;4096
7.26007;;1066.13;nan;nan;;4096
7.27007;;1066.13;nan;nan;;4096
7.28007;;1066.13;nan;nan;;4096
7.29007;;1066.13;nan;nan;;4096
7.30007;;1066.13;nan;nan;;4096
7.31007;;1066.13;nan;nan;;4096
7.32007;;1066.13;nan;nan;;4096
7.33007;;1066.13;nan;nan;;4096
7.34007;;1066.13;nan;nan;;4096
7.35007;;1066.13;nan;nan;;4096
7.36007;;1066.13;nan;nan;;4096
7.37007;;1066.13;nan;nan;;4096
7.38007;;1066.13;nan;nan;;4096
7.39007;;1066.13;nan;nan;;4096
7.40007;;1066.13;nan;nan;;4096
7.41007;;1066.13;nan;nan;;4096
7.42007;;1066.13;nan;nan;;4096
7.43008;;1066.13;nan;nan;;4096
7.44008;;1066.13;nan;nan;;4096
7.45008;;1066.13;nan;nan;;4096
7.46008;;1066.13;nan;nan;;4096
7.47008;;1066.13;nan;nan;;4096
7.48008;;1066.13;nan;nan;;4096
7.49008;;1066.13;nan;nan;;4096
7.50008;;1066.13;nan;nan;;4096
7.51008;;1066.13;nan;nan;;4096
7.52008;;1066.13;nan;nan;;4096
7.53008;;1066.13;nan;nan;;4096
7.54008;;1066.13;nan;nan;;4096
7.55008;;1066.13;nan;nan;;4096
7.56008;;1066.13;nan;nan;;4096
7.57008;;1066.13;nan;nan;;4096
7.58008;;1066.13;nan;nan;;4096
7.59008;;1066.13;nan;nan;;4096
7.60008;;1066.13;nan;nan;;4096
7.61008;;1066.13;nan;nan;;4096
7.62008;;1066.13;nan;nan;;4096
7.63008;;1066.13;nan;nan;;4096
7.64008;;1066.13;nan;nan;;4096
7.65008;;1066.13;nan;nan;;4096
7.66008;;1066.13;nan;nan;;4096
7.67008;;1066.13;nan;nan;;4096
7.68008;;1066.13;nan;nan;;4096
7.69008;;1066.13;nan;nan;;4096
7.70008;;1066.13;nan;nan;;4096
7.71008;;1066.13;nan;nan;;4096
7.72008;;1066.13;nan;nan;;4096
7.73008;;1066.13;nan;nan;;4096
7.74008;;1066.13;nan;nan;;4096
7.75008;;1066.13;nan;nan;;4096
7.76008;;1066.13;nan;nan;;4096
7.77008;;1066.13;nan;nan;;4096
7.78008;;1066.13;nan;nan;;4096
7.79008;;1066.13;nan;nan;;4096
7.80008;;1066.13;nan;nan;;4096
7.81008;;1066.13;nan;nan;;4096
7.82008;;1066.13;nan;nan;;4096
7.83008;;1066.13;nan;nan;;4096
7.84008;;1066.13;nan;nan;;4096
7.85008;;1066.13;nan;nan;;4096
7.86009;;1066.13;nan;nan;;4096
7.87009;;1066.13;nan;nan;;4096
7.88009;;1066.13;nan;nan;;4096
7.89009;;1066.13;nan;nan;;4096
7.90009;;1066.13;nan;nan;;4096
7.91009;;1066.13;nan;nan;;4096
7.92009;;1066.13;nan;nan;;4096
7.93009;;1066.13;nan;nan;;4096
7.94009;;1066.13;nan;nan;;4096
7.95009;;1066.13;nan;nan;;4096
7.96009;;1066.13;nan;nan;;4096
7.97009;;1066.13;nan;nan;;4096
7.98009;;1066.13;nan;nan;;4096
7.99009;;1066.13;nan;nan;;4096
8.00009;;1066.13;nan;nan;;4096
8.01009;;1066.13;nan;nan;;4096
8.02009;;1066.13;nan;nan;;4096
8.03009;;1066.13;nan;nan;;4096
8.04009;;1066.13;nan;nan;;4096
8.05009;;1066.13;nan;nan;;4096
8.06009;;1066.13;nan;nan;;4096
8.07009;;1066.13;nan;nan;;4096
8.08009;;1066.13;nan;nan;;4096
8.09009;;1066.13;nan;nan;;4096
8.10009;;1066.13;nan;nan;;4096
8.11009;;1066.13;nan;nan;;4096
8.12009;;1066.13;nan;nan;;4096
8.13009;;1066.13;nan;nan;;4096
8.14009;;1066.13;nan;nan;;4096
8.15009;;1066.13;nan;nan;;4096
8.16009;;1066.13;nan;nan;;4096
8.17009;;1066.13;nan;nan;;4096
8.18009;;1066.13;nan;nan;;4096
8.19009;;1066.13;nan;nan;;4096
8.20009;;1066.13;nan;nan;;4096
8.21009;;1066.13;nan;nan;;4096
8.22009;;1066.13;nan;nan;;4096
8.23009;;1066.13;nan;nan;;4096
8.24009;;1066.13;nan;nan;;4096
8.25009;;1066.13;nan;nan;;4096
8.26009;;1066.13;nan;nan;;4096
8.27009;;1066.13;nan;nan;;4096
8.28009;;1066.13;nan;nan;;4096
8.29009;;1066.13;nan;nan;;4096
8.30009;;1066.13;nan;nan;;4096
8.31009;;1066.13;nan;nan;;4096
8.3201;;1066.13;nan;nan;;4096
8.3301;;1066.13;nan;nan;;4096
8.3401;;1066.13;nan;nan;;4096
8.3501;;1066.13;nan;nan;;4096
8.3601;;1066.13;nan;nan;;4096
8.3701;;1066.13;nan;nan;;4096
8.3801;;1066.13;nan;nan;;4096
8.3901;;1066.13;nan;nan;;4096
8.4001;;1066.13;nan;nan;;4096
8.4101;;1066.13;nan;nan;;4096
8.4201;;1066.13;nan;nan;;4096
8.4301;;1066.13;nan;nan;;4096
8.4401;;1066.13;nan;nan;;4096
8.4501;;1066.13;nan;nan;;4096
8.4601;;1066.13;nan;nan;;4096
8.4701;;1066.13;nan;nan;;4096
8.4801;;1066.13;nan;nan;;4096
8.4901;;1066.13;nan;nan;;4096
8.5001;;1066.13;nan;nan;;4096
8.5101;;1066.13;nan;nan;;4096
8.5201;;1066.13;nan;nan;;4096
8.5301;;1066.13;nan;nan;;4096
8.5401;;1066.13;nan;nan;;4096
8.5501;;1066.13;nan;nan;;4096
8.5601;;1066.13;nan;nan;;4096
8.5701;;1066.13;nan;nan;;4096
8.5801;;1066.13;nan;nan;;4096
8.5901;;1066.13;nan;nan;;4096
8.6001;;1066.13;nan;nan;;4096
8.6101;;1066.13;nan;nan;;4096
8.6201;;1066.13;nan;nan;;4096
8.6301;;1066.13;nan;nan;;4096
8.6401;;1066.13;nan;nan;;4096
8.6501;;1066.13;nan;nan;;4096
8.6601;;1066.13;nan;nan;;4096
8.6701;;1066.13;nan;nan;;4096
8.6801;;1066.13;nan;nan;;4096
8.6901;;1066.13;nan;nan;;4096
8.7001;;1066.13;nan;nan;;4096
8.7101;;1066.13;nan;nan;;4096
8.7201;;1066.13;nan;nan;;4096
8.7301;;1066.13;nan;nan;;4096
8.7401;;1066.13;nan;nan;;4096
8.7501;;1066.13;nan;nan;;4096
8.76011;;1066.13;nan;nan;;4096
8.77011;;1066.13;nan;nan;;4096
8.78011;;1066.13;nan;nan;;4096
8.79011;;1066.13;nan;nan;;4096
8.80011;;1066.13;nan;nan;;4096
8.81011;;1066.13;nan;nan;;4096
8.82011;;1066.13;nan;nan;;4096
8.83011;;1066.13;nan;nan;;4096
8.84011;;1066.13;nan;nan;;4096
8.85011;;1066.13;nan;nan;;4096
8.86011;;1066.13;nan;nan;;4096
8.87011;;1066.13;nan;nan;;4096
8.88011;;1066.13;nan;nan;;4096
8.89011;;1066.13;nan;nan;;4096
8.90011;;1066.13;nan;nan;;4096
8.91011;;1066.13;nan;nan;;4096
8.92011;;1066.13;nan;nan;;4096
8.93011;;1066.13;nan;nan;;4096
8.94011;;1066.13;nan;nan;;4096
8.95011;;1066.13;nan;nan;;4096
8.96011;;1066.13;nan;nan;;4096
8.97011;;1066.13;nan;nan;;4096
8.98011;;1066.13;nan;nan;;4096
8.99011;;1066.13;nan;nan;;4096
9.00011;;1066.13;nan;nan;;4096
9.01011;;1066.13;nan;nan;;4096
9.02011;;1066.13;nan;nan;;4096
9.03011;;1066.13;nan;nan;;4096
9.04011;;1066.13;nan;nan;;4096
9.05011;;1066.13;nan;nan;;4096
9.06011;;1066.13;nan;nan;;4096
9.07011;;1066.13;nan;nan;;4096
9.08011;;1066.13;nan;nan;;4096
9.09011;;1066.13;nan;nan;;4096
9.10011;;1066.13;nan;nan;;4096
9.11011;;1066.13;nan;nan;;4096
9.12011;;1066.13;nan;nan;;4096
9.13011;;1066.13;nan;nan;;4096
9.14011;;1066.13;nan;nan;;4096
9.15011;;1066.13;nan;nan;;4096
9.16011;;1066.13;nan;nan;;4096
9.17011;;1066.13;nan;nan;;4096
9.18011;;1066.13;nan;nan;;4096
9.19011;;1066.13;nan;nan;;4096
9.20012;;1066.13;nan;nan;;4096
9.21012;;1066.13;nan;nan;;4096
9.22012;;1066.13;nan;nan;;4096
9.23012;;1066.13;nan;nan;;4096
9.24012;;1066.13;nan;nan;;4096
9.25012;;1066.13;nan;nan;;4096
9.26012;;1066.13;nan;nan;;4096
9.27012;;1066.13;nan;nan;;4096
9.28012;;1066.13;nan;nan;;4096
9.29012;;1066.13;nan;nan;;4096
9.30012;;1066.13;nan;nan;;4096
9.31012;;1066.13;nan;nan;;4096
9.32012;;1066.13;nan;nan;;4096
9.33012;;1066.13;nan;nan;;4096
9.34012;;1066.13;nan;nan;;4096
9.35012;;1066.13;nan;nan;;4096
9.36012;;1066.13;nan;nan;;4096
9.37012;;1066.13;nan;nan;;4096
9.38012;;1066.13;nan;nan;;4096
9.39012;;1066.13;nan;nan;;4096
9.40012;;1066.13;nan;nan;;4096
9.41012;;1066.13;nan;nan;;4096
9.42012;;1066.13;nan;nan;;4096
9.43012;;1066.13;nan;nan;;4096
9.44012;;1066.13;nan;nan;;4096
9.45012;;1066.13;nan;nan;;4096
9.46012;;1066.13;nan;nan;;4096
9.47012;;1066.13;nan;nan;;4096
9.48012;;1066.13;nan;nan;;4096
9.49012;;1066.13;nan;nan;;4096
9.50012;;1066.13;nan;nan;;4096
9.51012;;1066.13;nan;nan;;4096
9.52012;;1066.13;nan;nan;;4096
9.53012;;1066.13;nan;nan;;4096
9.54012;;1066.13;nan;nan;;4096
9.55012;;1066.13;nan;nan;;4096
9.56012;;1066.13;nan;nan;;4096
9.57012;;1066.13;nan;nan;;4096
9.58012;;1066.13;nan;nan;;4096
9.59012;;1066.13;nan;nan;;4096
9.60012;;1066.13;nan;nan;;4096
9.61012;;1066.13;nan;nan;;4096
9.62012;;1066.13;nan;nan;;4096
9.63013;;1066.13;nan;nan;;4096
9.64013;;1066.13;nan;nan;;4096
9.65013;;1066.13;nan;nan;;4096
9.66013;;1066.13;nan;nan;;4096
9.67013;;1066.13;nan;nan;;4096
9.68013;;1066.13;nan;nan;;4096
9.69013;;1066.13;nan;nan;;4096
9.70013;;1066.13;nan;nan;;4096
9.71013;;1066.13;nan;nan;;4096
9.72013;;1066.13;nan;nan;;4096
9.73013;;1066.13;nan;nan;;4096
9.74013;;1066.13;nan;nan;;4096
9.75013;;1066.13;nan;nan;;4096
9.76013;;1066.13;nan;nan;;4096
9.77013;;1066.13;nan;nan;;4096
9.78013;;1066.13;nan;nan;;4096
9.79013;;1066.13;nan;nan;;4096
9.80013;;1066.13;nan;nan;;4096
9.81013;;1066.13;nan;nan;;4096
9.82013;;1066.13;nan;nan;;4096
9.83013;;1066.13;nan;nan;;4096
9.84013;;1066.13;nan;nan;;4096
9.85013;;1066.13;nan;nan;;4096
9.86013;;1066.13;nan;nan;;4096
9.87013;;1066.13;nan;nan;;4096
9.88013;;1066.13;nan;nan;;4096
9.89013;;1066.13;nan;nan;;4096
9.90013;;1066.13;nan;nan;;4096
9.91013;;1066.13;nan;nan;;4096
9.92013;;1066.13;nan;nan;;4096
9.93013;;1066.13;nan;nan;;4096
9.94013;;1066.13;nan;nan;;4096
9.95013;;1066.13;nan;nan;;4096
9.96013;;1066.13;nan;nan;;4096
9.97013;;1066.13;nan;nan;;4096
9.98013;;1066.13;nan;nan;;4096
9.99013;;1066.13;nan;nan;;4096
10.0001;;1066.13;nan;nan;;4096
10.0101;;1066.13;nan;nan;;4096
10.0201;;1066.13;nan;nan;;4096
10.0301;;1066.13;nan;nan;;4096
10.0401;;1066.13;nan;nan;;4096
10.0501;;1066.13;nan;nan;;4096
10.0601;;1066.13;nan;nan;;4096
10.0701;;1066.13;nan;nan;;4096
10.0801;;1066.13;nan;nan;;4096
10.0901;;1066.13;nan;nan;;4096
10.1001;;1066.13;nan;nan;;4096
10.1101;;1066.13;nan;nan;;4096
10.1201;;1066.13;nan;nan;;4096
10.1301;;1066.13;nan;nan;;4096
10.1401;;1066.13;nan;nan;;4096
10.1501;;1066.13;nan;nan;;4096
10.1601;;1066.13;nan;nan;;4096
10.1701;;1066.13;nan;nan;;4096
10.1801;;1066.13;nan;nan;;4096
10.1901;;1066.13;nan;nan;;4096
10.2001;;1066.13;nan;nan;;4096
10.2101;;1066.13;nan;nan;;4096
10.2201;;1066.13;nan;nan;;4096
10.2301;;1066.13;nan;nan;;4096
10.2401;;1066.13;nan;nan;;4096
10.2501;;1066.13;nan;nan;;4096
10.2601;;1066.13;nan;nan;;4096
10.2701;;1066.13;nan;nan;;4096
10.2801;;1066.13;nan;nan;;4096
10.2901;;1066.13;nan;nan;;4096
10.3001;;1066.13;nan;nan;;4096
10.3101;;1066.13;nan;nan;;4096
10.3201;;1066.13;nan;nan;;4096
10.3301;;1066.13;nan;nan;;4096
10.3401;;1066.13;nan;nan;;4096
10.3501;;1066.13;nan;nan;;4096
10.3601;;1066.13;nan;nan;;4096
10.3701;;1066.13;nan;nan;;4096
10.3801;;1066.13;nan;nan;;4096
10.3901;;1066.13;nan;nan;;4096
10.4001;;1066.13;nan;nan;;4096
10.4101;;1066.13;nan;nan;;4096
10.4201;;1066.13;nan;nan;;4096
10.4301;;1066.13;nan;nan;;4096
10.4401;;1066.13;nan;nan;;4096
10.4501;;1066.13;nan;nan;;4096
10.4601;;1066.13;nan;nan;;4096
10.4701;;1066.13;nan;nan;;4096
10.4801;;1066.13;nan;nan;;4096
10.4901;;1066.13;nan;nan;;4096
10.5001;;1066.13;nan;nan;;4096
10.5101;;1066.13;nan;nan;;4096
10.5201;;1066.13;nan;nan;;4096
10.5301;;1066.13;nan;nan;;4096
10.5401;;1066.13;nan;nan;;4096
10.5501;;1066.13;nan;nan;;4096
10.5601;;1066.13;nan;nan;;4096
10.5701;;1066.13;nan;nan;;4096
10.5801;;1066.13;nan;nan;;4096
10.5901;;1066.13;nan;nan;;4096
10.6001;;1066.13;nan;nan;;4096
10.6101;;1066.13;nan;nan;;4096
10.6201;;1066.13;nan;nan;;4096
10.6301;;1066.13;nan;nan;;4096
10.6401;;1066.13;nan;nan;;4096
10.6501;;1066.13;nan;nan;;4096
10.6601;;1066.13;nan;nan;;4096
10.6701;;1066.13;nan;nan;;4096
10.6801;;1066.13;nan;nan;;4096
10.6901;;1066.13;nan;nan;;4096
10.7001;;1066.13;nan;nan;;4096
10.7101;;1066.13;nan;nan;;4096
10.7201;;1066.13;nan;nan;;4096
10.7302;;1066.13;nan;nan;;4096
10.7402;;1066.13;nan;nan;;4096
10.7502;;1066.13;nan;nan;;4096
10.7602;;1066.13;nan;nan;;4096
10.7702;;1066.13;nan;nan;;4096
10.7802;;1066.13;nan;nan;;4096
10.7902;;1066.13;nan;nan;;4096
10.8002;;1066.13;nan;nan;;4096
10.8102;;1066.13;nan;nan;;4096
10.8202;;1066.13;nan;nan;;4096
10.8302;;1066.13;nan;nan;;4096
10.8402;;1066.13;nan;nan;;4096
10.8502;;1066.13;nan;nan;;4096
10.8602;;1066.13;nan;nan;;4096
10.8702;;1066.13;nan;nan;;4096
10.8802;;1066.13;nan;nan;;4096
10.8902;;1066.13;nan;nan;;4096
10.9002;;1066.13;nan;nan;;4096
10.9102;;1066.13;nan;nan;;4096
10.9202;;1066.13;nan;nan;;4096
10.9302;;1066.13;nan;nan;;4096
10.9402;;1066.13;nan;nan;;4096
10.9502;;1066.13;nan;nan;;4096
10.9602;;1066.13;nan;nan;;4096
10.9702;;1066.13;nan;nan;;4096
10.9802;;1066.13;nan;nan;;4096
10.9902;;1066.13;nan;nan;;4096
11.0002;;1066.13;nan;nan;;4096
11.0102;;1066.13;nan;nan;;4096
11.0202;;1066.13;nan;nan;;4096
11.0302;;1066.13;nan;nan;;4096
11.0402;;1066.13;nan;nan;;4096
11.0502;;1066.13;nan;nan;;4096
11.0602;;1066.13;nan;nan;;4096
11.0702;;1066.13;nan;nan;;4096
11.0802;;1066.13;nan;nan;;4096
11.0902;;1066.13;nan;nan;;4096
11.1002;;1066.13;nan;nan;;4096
11.1102;;1066.13;nan;nan;;4096
11.1202;;1066.13;nan;nan;;4096
11.1302;;1066.13;nan;nan;;4096
11.1402;;1066.13;nan;nan;;4096
11.1502;;1066.13;nan;nan;;4096
11.1602;;1066.13;nan;nan;;4096
11.1702;;1066.13;nan;nan;;4096
11.1802;;1066.13;nan;nan;;4096
11.1902;;1066.13;nan;nan;;4096
11.2002;;1066.13;nan;nan;;4096
11.2102;;1066.13;nan;nan;;4096
11.2202;;1066.13;nan;nan;;4096
11.2302;;1066.13;nan;nan;;4096
11.2402;;1066.13;nan;nan;;4096
11.2502;;1066.13;nan;nan;;4096
11.2602;;1066.13;nan;nan;;4096
11.2702;;1066.13;nan;nan;;4096
11.2802;;1066.13;nan;nan;;4096
11.2902;;1066.13;nan;nan;;4096
11.3002;;1066.13;nan;nan;;4096
11.3102;;1066.13;nan;nan;;4096
11.3202;;1066.13;nan;nan;;4096
11.3302;;1066.13;nan;nan;;4096
11.3402;;1066.13;nan;nan;;4096
11.3502;;1066.13;nan;nan;;4096
11.3602;;1066.13;nan;nan;;4096
11.3702;;1066.13;nan;nan;;4096
11.3802;;1066.13;nan;nan;;4096
11.3902;;1066.13;nan;nan;;4096
11.4002;;1066.13;nan;nan;;4096
11.4102;;1066.13;nan;nan;;4096
11.4202;;1066.13;nan;nan;;4096
11.4302;;1066.13;nan;nan;;4096
11.4402;;1066.13;nan;nan;;4096
11.4502;;1066.13;nan;nan;;4096
11.4602;;1066.13;nan;nan;;4096
11.4702;;1066.13;nan;nan;;4096
11.4802;;1066.13;nan;nan;;4096
11.4902;;1066.13;nan;nan;;4096
11.5002;;1066.13;nan;nan;;4096
11.5102;;1066.13;nan;nan;;4096
11.5202;;1066.13;nan;nan;;4096
11.5302;;1066.13;nan;nan;;4096
11.5402;;1066.13;nan;nan;;4096
11.5502;;1066.13;nan;nan;;4096
11.5602;;1066.13;nan;nan;;4096
11.5702;;1066.13;nan;nan;;4096
11.5802;;1066.13;nan;nan;;4096
11.5902;;1066.13;nan;nan;;4096
11.6002;;1066.13;nan;nan;;4096
11.6102;;1066.13;nan;nan;;4096
11.6202;;1066.13;nan;nan;;4096
11.6302;;1066.13;nan;nan;;4096
11.6402;;1066.13;nan;nan;;4096
11.6502;;1066.13;nan;nan;;4096
11.6602;;1066.13;nan;nan;;4096
11.6702;;1066.13;nan;nan;;4096
11.6802;;1066.13;nan;nan;;4096
11.6902;;1066.13;nan;nan;;4096
11.7002;;1066.13;nan;nan;;4096
11.7102;;1066.13;nan;nan;;4096
11.7202;;1066.13;nan;nan;;4096
11.7302;;1066.13;nan;nan;;4096
11.7402;;1066.13;nan;nan;;4096
11.7502;;1066.13;nan;nan;;4096
11.7602;;1066.13;nan;nan;;4096
11.7702;;1066.13;nan;nan;;4096
11.7802;;1066.13;nan;nan;;4096
11.7902;;1066.13;nan;nan;;4096
11.8002;;1066.13;nan;nan;;4096
11.8102;;1066.13;nan;nan;;4096
11.8202;;1066.13;nan;nan;;4096
11.8302;;1066.13;nan;nan;;4096
11.8402;;1066.13;nan;nan;;4096
11.8502;;1066.13;nan;nan;;4096
11.8602;;1066.13;nan;nan;;4096
11.8702;;1066.13;nan;nan;;4096
11.8802;;1066.13;nan;nan;;4096
11.8902;;1066.13;nan;nan;;4096
11.9002;;1066.13;nan;nan;;4096
11.9102;;1066.13;nan;nan;;4096
11.9202;;1066.13;nan;nan;;4096
11.9302;;1066.13;nan;nan;;4096
11.9402;;1066.13;nan;nan;;4096
11.9502;;1066.13;nan;nan;;4096
11.9602;;1066.13;nan;nan;;4096
11.9702;;1066.13;nan;nan;;4096
11.9802;;1066.13;nan;nan;;4096
11.9902;;1066.13;nan;nan;;4096
12.0002;;1066.13;nan;nan;;4096
12.0102;;1066.13;nan;nan;;4096
12.0202;;1066.13;nan;nan;;4096
12.0302;;1066.13;nan;nan;;4096
12.0402;;1066.13;nan;nan;;4096
12.0502;;1066.13;nan;nan;;4096
12.0602;;1066.13;nan;nan;;4096
12.0702;;1066.13;nan;nan;;4096
12.0802;;1066.13;nan;nan;;4096
12.0902;;1066.13;nan;nan;;4096
12.1002;;1066.13;nan;nan;;4096
12.1102;;1066.13;nan;nan;;4096
12.1202;;1066.13;nan;nan;;4096
12.1302;;1066.13;nan;nan;;4096
12.1402;;1066.13;nan;nan;;4096
12.1502;;1066.13;nan;nan;;4096
12.1602;;1066.13;nan;nan;;4096
12.1702;;1066.13;nan;nan;;4096
12.1802;;1066.13;nan;nan;;4096
12.1902;;1066.13;nan;nan;;4096
12.2002;;1066.13;nan;nan;;4096
12.2102;;1066.13;nan;nan;;4096
12.2202;;1066.13;nan;nan;;4096
12.2302;;1066.13;nan;nan;;4096
12.2402;;1066.13;nan;nan;;4096
12.2502;;1066.13;nan;nan;;4096
12.2602;;1066.13;nan;nan;;4096
12.2702;;1066.13;nan;nan;;4096
12.2802;;1066.13;nan;nan;;4096
12.2902;;1066.13;nan;nan;;4096
12.3002;;1066.13;nan;nan;;4096
12.3102;;1066.13;nan;nan;;4096
12.3202;;1066.13;nan;nan;;4096
12.3302;;1066.13;nan;nan;;4096
12.3402;;1066.13;nan;nan;;4096
12.3502;;1066.13;nan;nan;;4096
12.3602;;1066.13;nan;nan;;4096
12.3702;;1066.13;nan;nan;;4096
12.3802;;1066.13;nan;nan;;4096
12.3902;;1066.13;nan;nan;;4096
12.4002;;1066.13;nan;nan;;4096
12.4102;;1066.13;nan;nan;;4096
12.4202;;1066.13;nan;nan;;4096
12.4302;;1066.13;nan;nan;;4096
12.4402;;1066.13;nan;nan;;4096
12.4502;;1066.13;nan;nan;;4096
12.4602;;1066.13;nan;nan;;4096
12.4702;;1066.13;nan;nan;;4096
12.4802;;1066.13;nan;nan;;4096
12.4902;;1066.13;nan;nan;;4096
12.5002;;1066.13;nan;nan;;4096
12.5102;;1066.13;nan;nan;;4096
12.5202;;1066.13;nan;nan;;4096
12.5302;;1066.13;nan;nan;;4096
12.5402;;1066.13;nan;nan;;4096
12.5502;;1066.13;nan;nan;;4096
12.5602;;1066.13;nan;nan;;4096
12.5702;;1066.13;nan;nan;;4096
12.5802;;1066.13;nan;nan;;4096
12.5902;;1066.13;nan;nan;;4096
12.6002;;1066.13;nan;nan;;4096
12.6102;;1066.13;nan;nan;;4096
12.6202;;1066.13;nan;nan;;4096
12.6302;;1066.13;nan;nan;;4096
12.6402;;1066.13;nan;nan;;4096
12.6502;;1066.13;nan;nan;;4096
12.6602;;1066.13;nan;nan;;4096
12.6702;;1066.13;nan;nan;;4096
12.6802;;1066.13;nan;nan;;4096
12.6902;;1066.13;nan;nan;;4096
12.7002;;1066.13;nan;nan;;4096
12.7102;;1066.13;nan;nan;;4096
12.7202;;1066.13;nan;nan;;4096
12.7302;;1066.13;nan;nan;;4096
12.7402;;1066.13;nan;nan;;4096
12.7502;;1066.13;nan;nan;;4096
12.7602;;1066.13;nan;nan;;4096
12.7702;;1066.13;nan;nan;;4096
12.7802;;1066.13;nan;nan;;4096
12.7902;;1066.13;nan;nan;;4096
12.8002;;1066.13;nan;nan;;4096
12.8102;;1066.13;nan;nan;;4096
12.8202;;1066.13;nan;nan;;4096
12.8302;;1066.13;nan;nan;;4096
12.8402;;1066.13;nan;nan;;4096
12.8502;;1066.13;nan;nan;;4096
12.8602;;1066.13;nan;nan;;4096
12.8702;;1066.13;nan;nan;;4096
12.8802;;1066.13;nan;nan;;4096
12.8902;;1066.13;nan;nan;;4096
12.9002;;1066.13;nan;nan;;4096
12.9102;;1066.13;nan;nan;;4096
12.9202;;1066.13;nan;nan;;4096
12.9302;;1066.13;nan;nan;;4096
12.9402;;1066.13;nan;nan;;4096
12.9502;;1066.13;nan;nan;;4096
12.9602;;1066.13;nan;nan;;4096
12.9702;;1066.13;nan;nan;;4096
12.9802;;1066.13;nan;nan;;4096
12.9902;;1066.13;nan;nan;;4096
13.0002;;1066.13;nan;nan;;4096
13.0102;;1066.13;nan;nan;;4096
13.0202;;1066.13;nan;nan;;4096
13.0302;;1066.13;nan;nan;;4096
13.0402;;1066.13;nan;nan;;4096
13.0502;;1066.13;nan;nan;;4096
13.0602;;1066.13;nan;nan;;4096
13.0702;;1066.13;nan;nan;;4096
13.0802;;1066.13;nan;nan;;4096
13.0902;;1066.13;nan;nan;;4096
13.1002;;1066.13;nan;nan;;4096
13.1102;;1066.13;nan;nan;;4096
13.1202;;1066.13;nan;nan;;4096
13.1302;;1066.13;nan;nan;;4096
13.1402;;1066.13;nan;nan;;4096
13.1502;;1066.13;nan;nan;;4096
13.1602;;1066.13;nan;nan;;4096
13.1702;;1066.13;nan;nan;;4096
13.1802;;1066.13;nan;nan;;4096
13.1902;;1066.13;nan;nan;;4096
13.2002;;1066.13;nan;nan;;4096
13.2102;;1066.13;nan;nan;;4096
13.2202;;1066.13;nan;nan;;4096
13.2302;;1066.13;nan;nan;;4096
13.2402;;1066.13;nan;nan;;4096
13.2502;;1066.13;nan;nan;;4096
13.2602;;1066.13;nan;nan;;4096
13.2702;;1066.13;nan;nan;;4096
13.2802;;1066.13;nan;nan;;4096
13.2902;;1066.13;nan;nan;;4096
13.3002;;1066.13;nan;nan;;4096
13.3102;;1066.13;nan;nan;;4096
13.3202;;1066.13;nan;nan;;4096
13.3302;;1066.13;nan;nan;;4096
13.3402;;1066.13;nan;nan;;4096
13.3502;;1066.13;nan;nan;;4096
13.3602;;1066.13;nan;nan;;4096
13.3702;;1066.13;nan;nan;;4096
13.3802;;1066.13;nan;nan;;4096
13.3902;;1066.13;nan;nan;;4096
13.4002;;1066.13;nan;nan;;4096
13.4102;;1066.13;nan;nan;;4096
13.4202;;1066.13;nan;nan;;4096
13.4302;;1066.13;nan;nan;;4096
13.4402;;1066.13;nan;nan;;4096
13.4502;;1066.13;nan;nan;;4096
13.4602;;1066.13;nan;nan;;4096
13.4702;;1066.13;nan;nan;;4096
13.4802;;1066.13;nan;nan;;4096
13.4902;;1066.13;nan;nan;;4096
13.5002;;1066.13;nan;nan;;4096
13.5102;;1066.13;nan;nan;;4096
13.5202;;1066.13;nan;nan;;4096
13.5302;;1066.13;nan;nan;;4096
13.5402;;1066.13;nan;nan;;4096
13.5502;;1066.13;nan;nan;;4096
13.5602;;1066.13;nan;nan;;4096
13.5702;;1066.13;nan;nan;;4096
13.5802;;1066.13;nan;nan;;4096
13.5902;;1066.13;nan;nan;;4096
13.6002;;1066.13;nan;nan;;4096
13.6102;;1066.13;nan;nan;;4096
13.6202;;1066.13;nan;nan;;4096
13.6302;;1066.13;nan;nan;;4096
13.6402;;1066.13;nan;nan;;4096
13.6502;;1066.13;nan;nan;;4096
13.6602;;1066.13;nan;nan;;4096
13.6702;;1066.13;nan;nan;;4096
13.6802;;1066.13;nan;nan;;4096
13.6902;;1066.13;nan;nan;;4096
13.7002;;1066.13;nan;nan;;4096
13.7102;;1066.13;nan;nan;;4096
13.7202;;1066.13;nan;nan;;4096
13.7302;;1066.13;nan;nan;;4096
13.7402;;1066.13;nan;nan;;4096
13.7502;;1066.13;nan;nan;;4096
13.7602;;1066.13;nan;nan;;4096
13.7702;;1066.13;nan;nan;;4096
13.7802;;1066.13;nan;nan;;4096
13.7902;;1066.13;nan;nan;;4096
13.8002;;1066.13;nan;nan;;4096
13.8102;;1066.13;nan;nan;;4096
13.8202;;1066.13;nan;nan;;4096
13.8302;;1066.13;nan;nan;;4096
13.8402;;1066.13;nan;nan;;4096
13.8502;;1066.13;nan;nan;;4096
13.8602;;1066.13;nan;nan;;4096
13.8702;;1066.13;nan;nan;;4096
13.8802;;1066.13;nan;nan;;4096
13.8902;;1066.13;nan;nan;;4096
13.9002;;1066.13;nan;nan;;4096
13.9102;;1066.13;nan;nan;;4096
13.9202;;1066.13;nan;nan;;4096
13.9302;;1066.13;nan;nan;;4096
13.9402;;1066.13;nan;nan;;4096
13.9502;;1066.13;nan;nan;;4096
13.9602;;1066.13;nan;nan;;4096
13.9702;;1066.13;nan;nan;;4096
13.9802;;1066.13;nan;nan;;4096
13.9902;;1066.13;nan;nan;;4096
14.0002;;1066.13;nan;nan;;4096
14.0102;;1066.13;nan;nan;;4096
14.0202;;1066.13;nan;nan;;4096
14.0302;;1066.13;nan;nan;;4096
14.0402;;1066.13;nan;nan;;4096
14.0502;;1066.13;nan;nan;;4096
14.0602;;1066.13;nan;nan;;4096
14.0702;;1066.13;nan;nan;;4096
14.0802;;1066.13;nan;nan;;4096
14.0902;;1066.13;nan;nan;;4096
14.1002;;1066.13;nan;nan;;4096
14.1102;;1066.13;nan;nan;;4096
14.1202;;1066.13;nan;nan;;4096
14.1302;;1066.13;nan;nan;;4096
14.1402;;1066.13;nan;nan;;4096
14.1502;;1066.13;nan;nan;;4096
14.1602;;1066.13;nan;nan;;4096
14.1702;;1066.13;nan;nan;;4096
14.1802;;1066.13;nan;nan;;4096
14.1902;;1066.13;nan;nan;;4096
14.2002;;1066.13;nan;nan;;4096
14.2102;;1066.13;nan;nan;;4096
14.2202;;1066.13;nan;nan;;4096
14.2302;;1066.13;nan;nan;;4096
14.2402;;1066.13;nan;nan;;4096
14.2502;;1066.13;nan;nan;;4096
14.2602;;1066.13;nan;nan;;4096
14.2702;;1066.13;nan;nan;;4096
14.2802;;1066.13;nan;nan;;4096
14.2902;;1066.13;nan;nan;;4096
14.3002;;1066.13;nan;nan;;4096
14.3102;;1066.13;nan;nan;;4096
14.3202;;1066.13;nan;nan;;4096
14.3302;;1066.13;nan;nan;;4096
14.3402;;1066.13;nan;nan;;4096
14.3502;;1066.13;nan;nan;;4096
14.3602;;1066.13;nan;nan;;4096
14.3702;;1066.13;nan;nan;;4096
14.3802;;1066.13;nan;nan;;4096
14.3902;;1066.13;nan;nan;;4096
14.4002;;1066.13;nan;nan;;4096
14.4102;;1066.13;nan;nan;;4096
14.4202;;1066.13;nan;nan;;4096
14.4302;;1066.13;nan;nan;;4096
14.4402;;1066.13;nan;nan;;4096
14.4502;;1066.13;nan;nan;;4096
14.4602;;1066.13;nan;nan;;4096
14.4702;;1066.13;nan;nan;;4096
14.4802;;1066.13;nan;nan;;4096
14.4902;;1066.13;nan;nan;;4096
14.5002;;1066.13;nan;nan;;4096
14.5102;;1066.13;nan;nan;;4096
14.5202;;1066.13;nan;nan;;4096
14.5302;;1066.13;nan;nan;;4096
14.5402;;1066.13;nan;nan;;4096
14.5502;;1066.13;nan;nan;;4096
14.5602;;1066.13;nan;nan;;4096
14.5702;;1066.13;nan;nan;;4096
14.5802;;1066.13;nan;nan;;4096
14.5902;;1066.13;nan;nan;;4096
14.6002;;1066.13;nan;nan;;4096
14.6102;;1066.13;nan;nan;;4096
14.6202;;1066.13;nan;nan;;4096
14.6302;;1066.13;nan;nan;;4096
14.6402;;1066.13;nan;nan;;4096
14.6502;;1066.13;nan;nan;;4096
14.6602;;1066.13;nan;nan;;4096
14.6702;;1066.13;nan;nan;;4096
14.6802;;1066.13;nan;nan;;4096
14.6902;;1066.13;nan;nan;;4096
14.7002;;1066.13;nan;nan;;4096
14.7102;;1066.13;nan;nan;;4096
14.7202;;1066.13;nan;nan;;4096
14.7302;;1066.13;nan;nan;;4096
14.7402;;1066.13;nan;nan;;4096
14.7502;;1066.13;nan;nan;;4096
14.7602;;1066.13;nan;nan;;4096
14.7702;;1066.13;nan;nan;;4096
14.7802;;1066.13;nan;nan;;4096
14.7902;;1066.13;nan;nan;;4096
14.8002;;1066.13;nan;nan;;4096
14.8102;;1066.13;nan;nan;;4096
14.8202;;1066.13;nan;nan;;4096
14.8302;;1066.13;nan;nan;;4096
14.8402;;1066.13;nan;nan;;4096
14.8502;;1066.13;nan;nan;;4096
14.8602;;1066.13;nan;nan;;4096
14.8702;;1066.13;nan;nan;;4096
14.8802;;1066.13;nan;nan;;4096
14.8902;;1066.13;nan;nan;;4096
14.9002;;1066.13;nan;nan;;4096
14.9102;;1066.13;nan;nan;;4096
14.9202;;1066.13;nan;nan;;4096
14.9302;;1066.13;nan;nan;;4096
14.9402;;1066.13;nan;nan;;4096
14.9502;;1066.13;nan;nan;;4096
14.9602;;1066.13;nan;nan;;4096
14.9702;;1066.13;nan;nan;;4096
14.9802;;1066.13;nan;nan;;4096
14.9902;;1066.13;nan;nan;;4096
