0;;1174.32;-2.17651;1172.14;;2048
0.01;;1174.32;-4.22119;1170.1;;2048
0.02;;1174.32;-144.703;1029.62;;2048
0.03;;1174.32;-144.712;1029.61;;2048
0.04;;1174.32;-144.693;1029.63;;2048
0.05;;1174.32;-144.667;1029.65;;2048
0.06;;1174.32;-144.597;1029.72;;2048
0.07;;1174.32;-144.554;1029.77;;2048
0.08;;1174.32;-144.59;1029.73;;2048
0.09;;1174.32;-144.485;1029.84;;2048
0.1;;1174.32;-144.625;1029.7;;2048
0.11;;1174.32;-144.501;1029.82;;2048
0.12;;1174.32;-144.737;1029.58;;2048
0.13;;1174.32;-144.574;1029.75;;2048
0.14;;1174.32;-144.566;1029.76;;2048
0.15;;1174.32;-144.523;1029.8;;2048
0.16;;1174.32;-144.617;1029.7;;2048
0.17;;1174.32;-144.71;1029.61;;2048
0.18;;1174.32;-144.581;1029.74;;2048
0.19;;1174.32;-144.598;1029.72;;2048
0.2;;1174.32;-144.516;1029.81;;2048
0.21;;1174.32;-140.038;1034.28;;2048
0.22;;1174.32;-129.804;1044.52;;2048
0.23;;1174.32;-120.501;1053.82;;2048
0.24;;1174.32;-111.146;1063.17;;2048
0.25;;1174.32;-99.4478;1074.87;;2048
0.26;;1174.32;-88.2223;1086.1;;2048
0.27;;1174.32;-71.9373;1102.38;;2048
0.28;;1174.32;-66.5312;1107.79;;2048
0.29;;1174.32;-54.2216;1120.1;;2048
0.3;;1174.32;-47.9259;1126.4;;2048
0.31;;1174.32;-35.0465;1139.27;;2048
0.32;;1174.32;-26.0031;1148.32;;2048
0.33;;1174.32;-19.5017;1154.82;;2048
0.34;;1174.32;-8.53503;1165.79;;2048
0.35;;1174.32;-3.91101;1170.41;;2048
0.36;;1174.32;6.48669;1180.81;;2048
0.37;;1174.32;13.1891;1187.51;;2048
0.38;;1174.32;21.084;1195.41;;2048
0.39;;1174.32;26.934;1201.26;;2048
0.4;;1174.32;36.3236;1210.64;;2048
0.41;;1174.32;43.1285;1217.45;;2048
0.42;;1174.32;46.4324;1220.75;;2048
0.43;;1174.32;58.6344;1232.96;;2048
0.44;;1174.32;60.6072;1234.93;;2048
0.45;;1174.32;66.5193;1240.84;;2048
0.46;;1174.32;74.4412;1248.76;;2048
0.47;;1174.32;85.5826;1259.9;;2048
0.48;;1174.32;84.8435;1259.16;;2048
0.49;;1174.32;89.6429;1263.96;;2048
0.5;;1174.32;92.6554;1266.98;;2048
0.51;;1174.32;101.342;1275.66;;2048
0.52;;1174.32;103.338;1277.66;;2048
0.53;;1174.32;108.531;1282.85;;2048
0.54;;1174.32;114.409;1288.73;;2048
0.55;;1174.32;120.278;1294.6;;2048
0.56;;1174.32;122.085;1296.41;;2048
0.57;;1174.32;125.008;1299.33;;2048
0.58;;1174.32;127.964;1302.29;;2048
0.59;;1174.32;135.741;1310.06;;2048
0.6;;1174.32;135.688;1310.01;;2048
0.61;;1174.32;137.529;1311.85;;2048
0.62;;1174.32;146.803;1321.12;;2048
0.63;;1174.32;151.166;1325.49;;2048
0.64;;1174.32;150.202;1324.52;;2048
0.65;;1174.32;153.895;1328.22;;2048
0.66;;1174.32;164.867;1339.19;;2048
0.67;;1174.32;162.124;1336.45;;2048
0.68;;1174.32;163.838;1338.16;;2048
0.69;;1174.32;166.51;1340.83;;2048
0.7;;1174.32;175.715;1350.04;;2048
0.71;;1174.32;174.861;1349.18;;2048
0.72;;1174.32;176.563;1350.88;;2048
0.73;;1174.32;178.625;1352.95;;2048
0.74;;1174.32;184.899;1359.22;;2048
0.75;;1174.32;188.956;1363.28;;2048
0.76;;1174.32;188.538;1362.86;;2048
0.77;;1174.32;191.715;1366.04;;2048
0.78;;1174.32;201.557;1375.88;;2048
0.79;;1174.32;196.709;1371.03;;2048
0.8;;1174.32;198.788;1373.11;;2048
0.81;;1174.32;201.995;1376.32;;2048
0.82;;1174.32;209.218;1383.54;;2048
0.83;;1174.32;207.054;1381.38;;2048
0.839999;;1174.32;211.347;1385.67;;2048
0.849999;;1174.32;211.776;1386.1;;2048
0.859999;;1174.32;211.463;1385.78;;2048
0.869999;;1174.32;216.215;1390.54;;2048
0.879999;;1174.32;220.801;1395.12;;2048
0.889999;;1174.32;220.199;1394.52;;2048
0.899999;;1174.32;224.414;1398.74;;2048
0.909999;;1174.32;232.54;1406.86;;2048
0.919999;;1174.32;231.686;1406.01;;2048
0.929999;;1174.32;229.168;1403.49;;2048
0.939999;;1174.32;229.182;1403.5;;2048
0.949999;;1174.32;233.666;1407.99;;2048
0.959999;;1174.32;241.092;1415.41;;2048
0.969999;;1174.32;235.128;1409.45;;2048
0.979999;;1174.32;237.916;1412.24;;2048
0.989999;;1174.32;239.738;1414.06;;2048
0.999999;;1174.32;244.56;1418.88;;2048
1.01;;1174.32;241.336;1415.66;;2048
1.02;;1174.32;245.172;1419.49;;2048
1.03;;1174.32;245.745;1420.07;;2048
1.04;;1174.32;245.957;1420.28;;2048
1.05;;1174.32;244.562;1418.88;;2048
1.06;;1174.32;251.528;1425.85;;2048
1.07;;1174.32;250.726;1425.05;;2048
1.08;;1174.32;254.889;1429.21;;2048
1.09;;1174.32;253.684;1428.01;;2048
1.1;;1174.32;252.181;1426.5;;2048
1.11;;1174.32;253.79;1428.11;;2048
1.12;;1174.32;255.346;1429.67;;2048
1.13;;1174.32;262.939;1437.26;;2048
1.14;;1174.32;261.594;1435.92;;2048
1.15;;1174.32;261.042;1435.36;;2048
1.16;;1174.32;259.042;1433.36;;2048
1.17;;1174.32;263.965;1438.29;;2048
1.18;;1174.32;266.843;1441.16;;2048
1.19;;1174.32;269.285;1443.61;;2048
1.2;;1174.32;266.185;1440.51;;2048
1.21;;1174.32;265.741;1440.06;;2048
1.22;;1174.32;265.41;1439.73;;2048
1.23;;1174.32;268.859;1443.18;;2048
1.24;;1174.32;273.592;1447.91;;2048
1.25;;1174.32;275.745;1450.07;;2048
1.26;;1174.32;271.128;1445.45;;2048
1.27;;1174.32;271.18;1445.5;;2048
1.28;;1174.32;271.001;1445.32;;2048
1.29;;1174.32;281.669;1455.99;;2048
1.3;;1174.32;276.772;1451.09;;2048
1.31;;1174.32;280.92;1455.24;;2048
1.32;;1174.32;276.759;1451.08;;2048
1.33;;1174.32;277.33;1451.65;;2048
1.34;;1174.32;276.469;1450.79;;2048
1.35;;1174.32;285.738;1460.06;;2048
1.36;;1174.32;285.563;1459.88;;2048
1.37;;1174.32;285.307;1459.63;;2048
1.38;;1174.32;281.292;1455.61;;2048
1.39;;1174.32;280.605;1454.93;;2048
1.4;;1174.32;281.579;1455.9;;2048
1.41;;1174.32;286.145;1460.47;;2048
1.42;;1174.32;288.395;1462.72;;2048
1.43;;1174.32;289.32;1463.64;;2048
1.44;;1174.32;284.753;1459.07;;2048
1.45;;1174.32;285.169;1459.49;;2048
1.46;;1174.32;284.466;1458.79;;2048
1.47;;1174.32;292.468;1466.79;;2048
1.48;;1174.32;289.108;1463.43;;2048
1.49;;1174.32;293.187;1467.51;;2048
1.5;;1174.32;289.601;1463.92;;2048
1.51;;1174.32;290.321;1464.64;;2048
1.52;;1174.32;288.921;1463.24;;2048
1.53;;1174.32;291.089;1465.41;;2048
1.54;;1174.32;296.996;1471.32;;2048
1.55;;1174.32;297.379;1471.7;;2048
1.56;;1174.32;293.316;1467.64;;2048
1.57;;1174.32;293.097;1467.42;;2048
1.58;;1174.32;291.743;1466.06;;2048
1.59;;1174.32;301.706;1476.03;;2048
1.6;;1174.32;296.527;1470.85;;2048
1.61;;1174.32;301.487;1475.81;;2048
1.62;;1174.32;296.847;1471.17;;2048
1.63;;1174.32;294.157;1468.48;;2048
1.64;;1174.32;294.362;1468.68;;2048
1.65;;1174.32;296.137;1470.46;;2048
1.66;;1174.32;304.385;1478.71;;2048
1.67;;1174.32;303.421;1477.74;;2048
1.68;;1174.32;302.734;1477.05;;2048
1.69;;1174.32;297.322;1471.64;;2048
1.7;;1174.32;297.254;1471.58;;2048
1.71;;1174.32;297.556;1471.88;;2048
1.72;;1174.32;300.634;1474.96;;2048
1.73;;1174.32;304.325;1478.65;;2048
1.74;;1174.32;306.406;1480.73;;2048
1.75;;1174.32;300.114;1474.44;;2048
1.76;;1174.32;300.841;1475.16;;2048
1.77;;1174.32;298.87;1473.19;;2048
1.78;;1174.32;303.178;1477.5;;2048
1.79;;1174.32;301.864;1476.18;;2048
1.8;;1174.32;308.768;1483.09;;2048
1.81;;1174.32;306.325;1480.65;;2048
1.82;;1174.32;301.138;1475.46;;2048
1.83;;1174.32;301.802;1476.12;;2048
1.84;;1174.32;301.079;1475.4;;2048
1.85;;1174.32;303.314;1477.64;;2048
1.86;;1174.32;307.32;1481.64;;2048
1.87;;1174.32;309.74;1484.06;;2048
1.88;;1174.32;303.966;1478.29;;2048
1.89;;1174.32;304.584;1478.91;;2048
1.9;;1174.32;302.523;1476.84;;2048
1.91;;1174.32;312.271;1486.59;;2048
1.92;;1174.32;305.931;1480.25;;2048
1.93;;1174.32;309.853;1484.17;;2048
1.94;;1174.32;309.589;1483.91;;2048
1.95;;1174.32;305.999;1480.32;;2048
1.96;;1174.32;305.215;1479.54;;2048
1.97;;1174.32;304.865;1479.19;;2048
1.98;;1174.32;307.448;1481.77;;2048
1.99;;1174.32;308.723;1483.04;;2048
2;;1174.32;311.411;1485.73;;2048
2.01;;1174.32;309.115;1483.44;;2048
2.02;;1174.32;308.38;1482.7;;2048
2.03;;1174.32;306.488;1480.81;;2048
2.04;;1174.32;315.177;1489.5;;2048
2.05;;1174.32;309.307;1483.63;;2048
2.06;;1174.32;313.323;1487.64;;2048
2.07;;1174.32;311.736;1486.06;;2048
2.08;;1174.32;309.276;1483.6;;2048
2.09;;1174.32;308.968;1483.29;;2048
2.1;;1174.32;308.347;1482.67;;2048
2.11;;1174.32;311.374;1485.7;;2048
2.12;;1174.32;311.237;1485.56;;2048
2.13;;1174.32;313.921;1488.24;;2048
2.14;;1174.32;311.537;1485.86;;2048
2.15;;1174.32;311.618;1485.94;;2048
2.16;;1174.32;311.407;1485.73;;2048
2.17;;1174.32;318.237;1492.56;;2048
2.18;;1174.32;313.412;1487.73;;2048
2.19;;1174.32;315.77;1490.09;;2048
2.2;;1174.32;312.961;1487.28;;2048
2.21;;1174.32;312.149;1486.47;;2048
2.22;;1174.32;311.512;1485.83;;2048
2.23;;1174.32;310.525;1484.85;;2048
2.24;;1174.32;320.864;1495.18;;2048
2.25;;1174.32;315.045;1489.37;;2048
2.26;;1174.32;318.479;1492.8;;2048
2.27;;1174.32;313.721;1488.04;;2048
2.28;;1174.32;312.338;1486.66;;2048
2.29;;1174.32;312.537;1486.86;;2048
2.3;;1174.32;321.289;1495.61;;2048
2.31;;1174.32;324.823;1499.14;;2048
2.32;;1174.32;316.077;1490.4;;2048
2.33;;1174.32;316.898;1491.22;;2048
2.34;;1174.32;312.737;1487.06;;2048
2.35;;1174.32;313.87;1488.19;;2048
2.36;;1174.32;312.232;1486.55;;2048
2.37;;1174.32;324.597;1498.92;;2048
2.38;;1174.32;323.496;1497.82;;2048
2.39;;1174.32;317.75;1492.07;;2048
2.4;;1174.32;316.444;1490.76;;2048
2.41;;1174.32;313.527;1487.85;;2048
2.42;;1174.32;313.68;1488;;2048
2.43;;1174.32;314.07;1488.39;;2048
2.44;;1174.32;322.243;1496.56;;2048
2.45;;1174.32;318.596;1492.92;;2048
2.46;;1174.32;321.264;1495.58;;2048
2.47;;1174.32;317.7;1492.02;;2048
2.48;;1174.32;315.032;1489.35;;2048
2.49;;1174.32;314.445;1488.77;;2048
2.5;;1174.32;315.193;1489.51;;2048
2.51;;1174.32;322.908;1497.23;;2048
2.52;;1174.32;317.027;1491.35;;2048
2.53;;1174.32;321.155;1495.48;;2048
2.54;;1174.32;317.25;1491.57;;2048
2.55;;1174.32;315.653;1489.97;;2048
2.56;;1174.32;315.096;1489.42;;2048
2.57;;1174.32;315.648;1489.97;;2048
2.58;;1174.32;318.152;1492.47;;2048
2.59;;1174.32;321.136;1495.46;;2048
2.6;;1174.32;322.076;1496.4;;2048
2.61;;1174.32;315.223;1489.54;;2048
2.62;;1174.32;316.392;1490.71;;2048
2.63;;1174.32;314.38;1488.7;;2048
2.64;;1174.32;321.726;1496.05;;2048
2.65;;1174.32;317.102;1491.42;;2048
2.66;;1174.32;322.769;1497.09;;2048
2.67;;1174.32;320.323;1494.64;;2048
2.68;;1174.32;316.002;1490.32;;2048
2.69;;1174.32;315.976;1490.3;;2048
2.7;;1174.32;315.229;1489.55;;2048
2.71;;1174.32;316.792;1491.11;;2048
2.72;;1174.32;320.086;1494.41;;2048
2.73;;1174.32;322.742;1497.06;;2048
2.74;;1174.32;317.942;1492.26;;2048
2.75;;1174.32;317.663;1491.98;;2048
2.76;;1174.32;315.837;1490.16;;2048
2.77;;1174.32;324.787;1499.11;;2048
2.78;;1174.32;317.255;1491.58;;2048
2.79;;1174.32;319.502;1493.82;;2048
2.8;;1174.32;321.618;1495.94;;2048
2.81;;1174.32;316.335;1490.66;;2048
2.82;;1174.32;317.503;1491.82;;2048
2.83;;1174.32;316.542;1490.86;;2048
2.84;;1174.32;323.585;1497.91;;2048
2.85;;1174.32;320.207;1494.53;;2048
2.86;;1174.32;318.223;1492.54;;2048
2.87;;1174.32;319.016;1493.34;;2048
2.88;;1174.32;318.519;1492.84;;2048
2.89;;1174.32;318.5;1492.82;;2048
2.9;;1174.32;319.937;1494.26;;2048
2.91;;1174.32;329.81;1504.13;;2048
2.92;;1174.32;319.264;1493.59;;2048
2.93;;1174.32;322.947;1497.27;;2048
2.94;;1174.32;318.179;1492.5;;2048
2.95;;1174.32;318.955;1493.28;;2048
2.96;;1174.32;318.075;1492.4;;2048
2.97;;1174.32;327.512;1501.83;;2048
2.98;;1174.32;328.759;1503.08;;2048
2.99;;1174.32;318.843;1493.16;;2048
3;;1174.32;320.567;1494.89;;2048
3.01;;1174.32;319.325;1493.65;;2048
3.02;;1174.32;318.97;1493.29;;2048
3.03;;1174.32;320.362;1494.68;;2048
3.04;;1174.32;332.743;1507.06;;2048
3.05;;1174.32;321.061;1495.38;;2048
3.06;;1174.32;324.462;1498.78;;2048
3.07;;1174.32;320.139;1494.46;;2048
3.08;;1174.32;318.043;1492.36;;2048
3.09;;1174.32;319.359;1493.68;;2048
3.1;;1174.32;322.045;1496.37;;2048
3.11;;1174.32;327.245;1501.57;;2048
3.12;;1174.32;321.954;1496.28;;2048
3.13;;1174.32;324.481;1498.8;;2048
3.14;;1174.32;320.308;1494.63;;2048
3.15;;1174.32;317.323;1491.64;;2048
3.16;;1174.32;318.095;1492.42;;2048
3.17;;1174.32;319.948;1494.27;;2048
3.18;;1174.32;331.125;1505.45;;2048
3.19;;1174.32;322.642;1496.96;;2048
3.2;;1174.32;325.783;1500.1;;2048
3.21;;1174.32;320.614;1494.94;;2048
3.22;;1174.32;317.689;1492.01;;2048
3.23;;1174.32;318.578;1492.9;;2048
3.24;;1174.32;320.052;1494.37;;2048
3.25;;1174.32;330.459;1504.78;;2048
3.26;;1174.32;325.285;1499.61;;2048
3.27;;1174.32;325.077;1499.4;;2048
3.28;;1174.32;321.845;1496.17;;2048
3.29;;1174.32;320.196;1494.52;;2048
3.3;;1174.32;318.772;1493.09;;2048
3.31;;1174.32;319.279;1493.6;;2048
3.32;;1174.32;321.734;1496.05;;2048
3.33;;1174.32;323.23;1497.55;;2048
3.34;;1174.32;325.298;1499.62;;2048
3.35;;1174.32;318.898;1493.22;;2048
3.36;;1174.32;320.249;1494.57;;2048
3.37;;1174.32;318.006;1492.33;;2048
3.38;;1174.32;321.002;1495.32;;2048
3.39;;1174.32;321.442;1495.76;;2048
3.4;;1174.32;320.855;1495.18;;2048
3.41;;1174.32;323.656;1497.98;;2048
3.42;;1174.32;320.743;1495.06;;2048
3.43;;1174.32;320.017;1494.34;;2048
3.44;;1174.32;318.359;1492.68;;2048
3.45;;1174.32;328.124;1502.44;;2048
3.46;;1174.32;319.764;1494.08;;2048
3.47;;1174.32;322.264;1496.58;;2048
3.48;;1174.32;323.301;1497.62;;2048
3.49;;1174.32;318.878;1493.2;;2048
3.5;;1174.32;320.268;1494.59;;2048
3.51;;1174.32;319.041;1493.36;;2048
3.52;;1174.32;329.005;1503.33;;2048
3.53;;1174.32;329.225;1503.55;;2048
3.54;;1174.32;320.364;1494.69;;2048
3.55;;1174.32;320.924;1495.25;;2048
3.56;;1174.32;320.004;1494.33;;2048
3.57;;1174.32;319.971;1494.29;;2048
3.58;;1174.32;320.732;1495.05;;2048
3.59;;1174.32;333.926;1508.25;;2048
3.6;;1174.32;321.954;1496.27;;2048
3.61;;1174.32;325.365;1499.69;;2048
3.62;;1174.32;321.142;1495.46;;2048
3.63;;1174.32;318.917;1493.24;;2048
3.64;;1174.32;319.886;1494.21;;2048
3.65;;1174.32;320.976;1495.3;;2048
3.66;;1174.32;325.825;1500.15;;2048
3.67;;1174.32;330.031;1504.35;;2048
3.68;;1174.32;325.599;1499.92;;2048
3.69;;1174.32;321.015;1495.34;;2048
3.7;;1174.32;318.408;1492.73;;2048
3.71;;1174.32;318.681;1493;;2048
3.72;;1174.32;320.495;1494.82;;2048
3.73;;1174.32;332.138;1506.46;;2048
3.74;;1174.32;322.875;1497.2;;2048
3.75;;1174.32;327.005;1501.33;;2048
3.76;;1174.32;322.077;1496.4;;2048
3.77;;1174.32;318.379;1492.7;;2048
3.78;;1174.32;319.938;1494.26;;2048
3.79;;1174.32;320.22;1494.54;;2048
3.8;;1174.32;323.976;1498.3;;2048
3.81;;1174.32;325.062;1499.38;;2048
3.82;;1174.32;325.936;1500.26;;2048
3.83;;1174.32;323.313;1497.63;;2048
3.84;;1174.32;320.651;1494.97;;2048
3.85;;1174.32;319.599;1493.92;;2048
3.86;;1174.32;318.586;1492.91;;2048
3.87;;1174.32;327.304;1501.62;;2048
3.88;;1174.32;320.76;1495.08;;2048
3.89;;1174.32;323.933;1498.25;;2048
3.9;;1174.32;323.074;1497.4;;2048
3.91;;1174.32;319.054;1493.38;;2048
3.92;;1174.32;318.803;1493.12;;2048
3.93;;1174.32;318.653;1492.97;;2048
3.94;;1174.32;322.099;1496.42;;2048
3.95;;1174.32;321.397;1495.72;;2048
3.96;;1174.32;321.139;1495.46;;2048
3.97;;1174.32;320.405;1494.73;;2048
3.98;;1174.32;319.858;1494.18;;2048
3.99;;1174.32;320.344;1494.66;;2048
4;;1174.32;319.611;1493.93;;2048
4.01;;1174.32;330.947;1505.27;;2048
4.02;;1174.32;321.947;1496.27;;2048
4.03;;1174.32;321.22;1495.54;;2048
4.04;;1174.32;321.47;1495.79;;2048
4.05;;1174.32;320.198;1494.52;;2048
4.06;;1174.32;319.627;1493.95;;2048
4.07;;1174.32;322.117;1496.44;;2048
4.08;;1174.32;330.13;1504.45;;2048
4.09;;1174.32;330.381;1504.7;;2048
4.1;;1174.32;325.49;1499.81;;2048
4.11;;1174.32;321.236;1495.56;;2048
4.12;;1174.32;317.87;1492.19;;2048
4.13;;1174.32;319.697;1494.02;;2048
4.14;;1174.32;319.51;1493.83;;2048
4.15;;1174.32;331.88;1506.2;;2048
4.16;;1174.32;327.625;1501.95;;2048
4.17;;1174.32;326.584;1500.91;;2048
4.18;;1174.32;321.212;1495.53;;2048
4.19;;1174.32;318.599;1492.92;;2048
4.2;;1174.32;320.745;1495.07;;2048
4.21;;1174.32;320.537;1494.86;;2048
4.22;;1174.32;322.119;1496.44;;2048
4.23;;1174.32;323.371;1497.69;;2048
4.24;;1174.32;325.683;1500;;2048
4.25;;1174.32;325.035;1499.36;;2048
4.26;;1174.32;318.682;1493;;2048
4.27;;1174.32;319.922;1494.24;;2048
4.28;;1174.32;318.386;1492.71;;2048
4.29;;1174.32;320.871;1495.19;;2048
4.3;;1174.32;322.893;1497.21;;2048
4.31;;1174.32;326.101;1500.42;;2048
4.32;;1174.32;324.184;1498.51;;2048
4.33;;1174.32;318.042;1492.36;;2048
4.34;;1174.32;319.351;1493.67;;2048
4.35;;1174.32;318.646;1492.97;;2048
4.36;;1174.32;326.856;1501.18;;2048
4.37001;;1174.32;321.099;1495.42;;2048
4.38001;;1174.32;320.3;1494.62;;2048
4.39001;;1174.32;324.317;1498.64;;2048
4.40001;;1174.32;319.104;1493.43;;2048
4.41001;;1174.32;320.251;1494.57;;2048
4.42001;;1174.32;318.921;1493.24;;2048
4.43001;;1174.32;320.278;1494.6;;2048
4.44001;;1174.32;321.656;1495.98;;2048
4.45001;;1174.32;320.933;1495.25;;2048
4.46001;;1174.32;323.362;1497.68;;2048
4.47001;;1174.32;320.181;1494.5;;2048
4.48001;;1174.32;320.009;1494.33;;2048
4.49001;;1174.32;319.543;1493.86;;2048
4.50001;;1174.32;326.568;1500.89;;2048
4.51001;;1174.32;332.113;1506.43;;2048
4.52001;;1174.32;321.151;1495.47;;2048
4.53001;;1174.32;324.135;1498.46;;2048
4.54001;;1174.32;319.048;1493.37;;2048
4.55001;;1174.32;318.75;1493.07;;2048
4.56001;;1174.32;319.842;1494.16;;2048
4.57001;;1174.32;326.301;1500.62;;2048
4.58001;;1174.32;329.427;1503.75;;2048
4.59001;;1174.32;320.996;1495.32;;2048
4.60001;;1174.32;324.408;1498.73;;2048
4.61001;;1174.32;320.417;1494.74;;2048
4.62001;;1174.32;317.758;1492.08;;2048
4.63001;;1174.32;318.674;1493;;2048
4.64001;;1174.32;320.138;1494.46;;2048
4.65001;;1174.32;331.653;1505.97;;2048
4.66001;;1174.32;322.511;1496.83;;2048
4.67001;;1174.32;326.693;1501.01;;2048
4.68001;;1174.32;321.898;1496.22;;2048
4.69001;;1174.32;317.744;1492.07;;2048
4.70001;;1174.32;319.373;1493.69;;2048
4.71001;;1174.32;320.108;1494.43;;2048
4.72001;;1174.32;328.469;1502.79;;2048
4.73001;;1174.32;325.099;1499.42;;2048
4.74001;;1174.32;325.531;1499.85;;2048
4.75001;;1174.32;322.867;1497.19;;2048
4.76001;;1174.32;320.471;1494.79;;2048
4.77001;;1174.32;319.43;1493.75;;2048
4.78001;;1174.32;318.485;1492.81;;2048
4.79001;;1174.32;326.908;1501.23;;2048
4.80001;;1174.32;320.744;1495.06;;2048
4.81002;;1174.32;323.441;1497.76;;2048
4.82002;;1174.32;322.855;1497.18;;2048
4.83002;;1174.32;318.315;1492.64;;2048
4.84002;;1174.32;319.058;1493.38;;2048
4.85002;;1174.32;318.677;1493;;2048
4.86002;;1174.32;324.039;1498.36;;2048
4.87002;;1174.32;321.233;1495.55;;2048
4.88002;;1174.32;319.757;1494.08;;2048
4.89002;;1174.32;320.6;1494.92;;2048
4.90002;;1174.32;319.456;1493.78;;2048
4.91002;;1174.32;320.216;1494.54;;2048
4.92002;;1174.32;318.506;1492.83;;2048
4.93002;;1174.32;331.955;1506.28;;2048
4.94002;;1174.32;326.516;1500.84;;2048
4.95002;;1174.32;320.503;1494.82;;2048
4.96002;;1174.32;323.541;1497.86;;2048
4.97002;;1174.32;319.802;1494.12;;2048
4.98002;;1174.32;318.826;1493.15;;2048
4.99002;;1174.32;319.301;1493.62;;2048
5.00002;;1174.32;327.499;1501.82;;2048
5.01002;;1174.32;331.785;1506.11;;2048
5.02002;;1174.32;325.664;1499.99;;2048
5.03002;;1174.32;323.688;1498.01;;2048
5.04002;;1174.32;318.619;1492.94;;2048
5.05002;;1174.32;319.7;1494.02;;2048
5.06002;;1174.32;319.055;1493.38;;2048
5.07002;;1174.32;321.159;1495.48;;2048
5.08002;;1174.32;328.288;1502.61;;2048
5.09002;;1174.32;321.36;1495.68;;2048
5.10002;;1174.32;324.765;1499.09;;2048
5.11002;;1174.32;321.617;1495.94;;2048
5.12002;;1174.32;317.698;1492.02;;2048
5.13002;;1174.32;318.854;1493.18;;2048
5.14002;;1174.32;320.188;1494.51;;2048
5.15002;;1174.32;322.686;1497.01;;2048
5.16002;;1174.32;324.045;1498.37;;2048
5.17002;;1174.32;326.301;1500.62;;2048
5.18002;;1174.32;319.63;1493.95;;2048
5.19002;;1174.32;319.681;1494;;2048
5.20002;;1174.32;318.734;1493.06;;2048
5.21002;;1174.32;319.581;1493.9;;2048
5.22002;;1174.32;329.01;1503.33;;2048
5.23002;;1174.32;323.04;1497.36;;2048
5.24003;;1174.32;321.922;1496.24;;2048
5.25003;;1174.32;322.024;1496.35;;2048
5.26003;;1174.32;320.05;1494.37;;2048
5.27003;;1174.32;319.126;1493.45;;2048
5.28003;;1174.32;323.306;1497.63;;2048
5.29003;;1174.32;324.544;1498.87;;2048
5.30003;;1174.32;319.874;1494.19;;2048
5.31003;;1174.32;324.348;1498.67;;2048
5.32003;;1174.32;320.26;1494.58;;2048
5.33003;;1174.32;320.053;1494.37;;2048
5.34003;;1174.32;319.766;1494.09;;2048
5.35003;;1174.32;319.349;1493.67;;2048
5.36003;;1174.32;323.582;1497.9;;2048
5.37003;;1174.32;321.719;1496.04;;2048
5.38003;;1174.32;324.223;1498.54;;2048
5.39003;;1174.32;320.722;1495.04;;2048
5.40003;;1174.32;320.168;1494.49;;2048
5.41003;;1174.32;319.826;1494.15;;2048
5.42003;;1174.32;326.725;1501.05;;2048
5.43003;;1174.32;333.272;1507.59;;2048
5.44003;;1174.32;321.488;1495.81;;2048
5.45003;;1174.32;324.724;1499.05;;2048
5.46003;;1174.32;319.675;1494;;2048
5.47003;;1174.32;319.098;1493.42;;2048
5.48003;;1174.32;320.26;1494.58;;2048
5.49003;;1174.32;325.84;1500.16;;2048
5.50003;;1174.32;329.575;1503.9;;2048
5.51003;;1174.32;320.537;1494.86;;2048
5.52003;;1174.32;324.85;1499.17;;2048
5.53003;;1174.32;320.781;1495.1;;2048
5.54003;;1174.32;318.393;1492.71;;2048
5.55003;;1174.32;318.95;1493.27;;2048
5.56003;;1174.32;320.901;1495.22;;2048
5.57003;;1174.32;332.29;1506.61;;2048
5.58003;;1174.32;323.779;1498.1;;2048
5.59003;;1174.32;326.582;1500.9;;2048
5.60003;;1174.32;320.866;1495.19;;2048
5.61003;;1174.32;318.506;1492.83;;2048
5.62003;;1174.32;319.496;1493.82;;2048
5.63003;;1174.32;320.917;1495.24;;2048
5.64003;;1174.32;332.267;1506.59;;2048
5.65003;;1174.32;325.647;1499.97;;2048
5.66003;;1174.32;325.5;1499.82;;2048
5.67003;;1174.32;323.176;1497.5;;2048
5.68004;;1174.32;320.853;1495.17;;2048
5.69004;;1174.32;319.868;1494.19;;2048
5.70004;;1174.32;319.126;1493.45;;2048
5.71004;;1174.32;326.119;1500.44;;2048
5.72004;;1174.32;321.256;1495.58;;2048
5.73004;;1174.32;325.064;1499.39;;2048
5.74004;;1174.32;322.486;1496.81;;2048
5.75004;;1174.32;319.366;1493.69;;2048
5.76004;;1174.32;319.172;1493.49;;2048
5.77004;;1174.32;319.271;1493.59;;2048
5.78004;;1174.32;323.47;1497.79;;2048
5.79004;;1174.32;321.809;1496.13;;2048
5.80004;;1174.32;320.212;1494.53;;2048
5.81004;;1174.32;320.559;1494.88;;2048
5.82004;;1174.32;319.782;1494.1;;2048
5.83004;;1174.32;320.502;1494.82;;2048
5.84004;;1174.32;319.437;1493.76;;2048
5.85004;;1174.32;332.144;1506.47;;2048
5.86004;;1174.32;325.203;1499.52;;2048
5.87004;;1174.32;321.33;1495.65;;2048
5.88004;;1174.32;322.789;1497.11;;2048
5.89004;;1174.32;320.149;1494.47;;2048
5.90004;;1174.32;319.565;1493.89;;2048
5.91004;;1174.32;319.89;1494.21;;2048
5.92004;;1174.32;327.149;1501.47;;2048
5.93004;;1174.32;332.356;1506.68;;2048
5.94004;;1174.32;325.993;1500.31;;2048
5.95004;;1174.32;323.568;1497.89;;2048
5.96004;;1174.32;318.733;1493.05;;2048
5.97004;;1174.32;319.813;1494.13;;2048
5.98004;;1174.32;319.131;1493.45;;2048
5.99004;;1174.32;321.49;1495.81;;2048
6.00004;;1174.32;328.834;1503.16;;2048
6.01004;;1174.32;321.947;1496.27;;2048
6.02004;;1174.32;324.8;1499.12;;2048
6.03004;;1174.32;321.123;1495.44;;2048
6.04004;;1174.32;318.706;1493.03;;2048
6.05004;;1174.32;319.423;1493.74;;2048
6.06004;;1174.32;320.444;1494.77;;2048
6.07004;;1174.32;323.809;1498.13;;2048
6.08004;;1174.32;322.994;1497.32;;2048
6.09004;;1174.32;325.277;1499.6;;2048
6.10004;;1174.32;320.453;1494.77;;2048
6.11004;;1174.32;319.341;1493.66;;2048
6.12005;;1174.32;319.417;1493.74;;2048
6.13005;;1174.32;319.126;1493.45;;2048
6.14005;;1174.32;328.621;1502.94;;2048
6.15005;;1174.32;322.272;1496.59;;2048
6.16005;;1174.32;321.317;1495.64;;2048
6.17005;;1174.32;322.905;1497.23;;2048
6.18005;;1174.32;320.34;1494.66;;2048
6.19005;;1174.32;319.491;1493.81;;2048
6.20005;;1174.32;320.588;1494.91;;2048
6.21005;;1174.32;326.922;1501.24;;2048
6.22005;;1174.32;319.876;1494.2;;2048
6.23005;;1174.32;322.572;1496.89;;2048
6.24005;;1174.32;321.76;1496.08;;2048
6.25005;;1174.32;318.694;1493.02;;2048
6.26005;;1174.32;320.389;1494.71;;2048
6.27005;;1174.32;319.344;1493.67;;2048
6.28005;;1174.32;330.189;1504.51;;2048
6.29005;;1174.32;330.266;1504.59;;2048
6.30005;;1174.32;319.327;1493.65;;2048
6.31005;;1174.32;321.556;1495.88;;2048
6.32005;;1174.32;319.135;1493.46;;2048
6.33005;;1174.32;318.822;1493.14;;2048
6.34005;;1174.32;318.187;1492.51;;2048
6.35005;;1174.32;322.101;1496.42;;2048
6.36005;;1174.32;331.162;1505.48;;2048
6.37005;;1174.32;321.66;1495.98;;2048
6.38005;;1174.32;325.559;1499.88;;2048
6.39005;;1174.32;319.276;1493.6;;2048
6.40005;;1174.32;317.894;1492.22;;2048
6.41005;;1174.32;319.531;1493.85;;2048
6.42005;;1174.32;320.487;1494.81;;2048
6.43005;;1174.32;322.249;1496.57;;2048
6.44005;;1174.32;325.276;1499.6;;2048
6.45005;;1174.32;325.867;1500.19;;2048
6.46005;;1174.32;322.884;1497.2;;2048
6.47005;;1174.32;318.972;1493.29;;2048
6.48005;;1174.32;319.516;1493.84;;2048
6.49005;;1174.32;318.702;1493.02;;2048
6.50005;;1174.32;326.33;1500.65;;2048
6.51005;;1174.32;320.285;1494.61;;2048
6.52005;;1174.32;325.105;1499.43;;2048
6.53005;;1174.32;322.866;1497.19;;2048
6.54005;;1174.32;316.913;1491.23;;2048
6.55006;;1174.32;319.07;1493.39;;2048
6.56006;;1174.32;318.883;1493.2;;2048
6.57006;;1174.32;326.075;1500.4;;2048
6.58006;;1174.32;321.568;1495.89;;2048
6.59006;;1174.32;319.747;1494.07;;2048
6.60006;;1174.32;323.976;1498.3;;2048
6.61006;;1174.32;318.948;1493.27;;2048
6.62006;;1174.32;319.827;1494.15;;2048
6.63006;;1174.32;318.555;1492.88;;2048
6.64006;;1174.32;320.116;1494.44;;2048
6.65006;;1174.32;326.455;1500.78;;2048
6.66006;;1174.32;322.304;1496.63;;2048
6.67006;;1174.32;323.141;1497.46;;2048
6.68006;;1174.32;319.436;1493.76;;2048
6.69006;;1174.32;318.242;1492.56;;2048
6.70006;;1174.32;319.12;1493.44;;2048
6.71006;;1174.32;320.132;1494.45;;2048
6.72006;;1174.32;324.517;1498.84;;2048
6.73006;;1174.32;327.784;1502.11;;2048
6.74006;;1174.32;323.579;1497.9;;2048
6.75006;;1174.32;322.851;1497.17;;2048
6.76006;;1174.32;317.236;1491.56;;2048
6.77006;;1174.32;318.506;1492.83;;2048
6.78006;;1174.32;317.96;1492.28;;2048
6.79006;;1174.32;320.99;1495.31;;2048
6.80006;;1174.32;331.7;1506.02;;2048
6.81006;;1174.32;326.523;1500.84;;2048
6.82006;;1174.32;324.247;1498.57;;2048
6.83006;;1174.32;319.871;1494.19;;2048
6.84006;;1174.32;319.826;1494.15;;2048
6.85006;;1174.32;318.877;1493.2;;2048
6.86006;;1174.32;319.655;1493.98;;2048
6.87006;;1174.32;324.825;1499.15;;2048
6.88006;;1174.32;321.306;1495.63;;2048
6.89006;;1174.32;325.144;1499.46;;2048
6.90006;;1174.32;320.201;1494.52;;2048
6.91006;;1174.32;319.209;1493.53;;2048
6.92006;;1174.32;318.276;1492.6;;2048
6.93006;;1174.32;318.584;1492.91;;2048
6.94006;;1174.32;320.445;1494.77;;2048
6.95006;;1174.32;321.762;1496.08;;2048
6.96006;;1174.32;323.038;1497.36;;2048
6.97006;;1174.32;319.321;1493.64;;2048
6.98006;;1174.32;319.482;1493.8;;2048
6.99007;;1174.32;319.429;1493.75;;2048
7.00007;;1174.32;320.77;1495.09;;2048
7.01007;;1174.32;330.25;1504.57;;2048
7.02007;;1174.32;319.793;1494.11;;2048
7.03007;;1174.32;321.15;1495.47;;2048
7.04007;;1174.32;319.653;1493.97;;2048
7.05007;;1174.32;319.697;1494.02;;2048
7.06007;;1174.32;319.623;1493.94;;2048
7.07007;;1174.32;323.404;1497.73;;2048
7.08007;;1174.32;329.866;1504.19;;2048
7.09007;;1174.32;327.42;1501.74;;2048
7.10007;;1174.32;325.279;1499.6;;2048
7.11007;;1174.32;320.737;1495.06;;2048
7.12007;;1174.32;317.63;1491.95;;2048
7.13007;;1174.32;319.992;1494.31;;2048
7.14007;;1174.32;318.869;1493.19;;2048
7.15007;;1174.32;329.474;1503.8;;2048
7.16007;;1174.32;329.773;1504.09;;2048
7.17007;;1174.32;323.276;1497.6;;2048
7.18007;;1174.32;322.319;1496.64;;2048
7.19007;;1174.32;319.285;1493.61;;2048
7.20007;;1174.32;318.454;1492.78;;2048
7.21007;;1174.32;318.901;1493.22;;2048
7.22007;;1174.32;321.137;1495.46;;2048
7.23007;;1174.32;322.912;1497.23;;2048
7.24007;;1174.32;325.079;1499.4;;2048
7.25007;;1174.32;325.233;1499.55;;2048
7.26007;;1174.32;318.78;1493.1;;2048
7.27007;;1174.32;319.77;1494.09;;2048
7.28007;;1174.32;318.835;1493.16;;2048
7.29007;;1174.32;320.152;1494.47;;2048
7.30007;;1174.32;328.759;1503.08;;2048
7.31007;;1174.32;323.26;1497.58;;2048
7.32007;;1174.32;321.785;1496.11;;2048
7.33007;;1174.32;322.042;1496.36;;2048
7.34007;;1174.32;320.003;1494.32;;2048
7.35007;;1174.32;319.096;1493.42;;2048
7.36007;;1174.32;318.375;1492.7;;2048
7.37007;;1174.32;327.085;1501.41;;2048
7.38007;;1174.32;319.771;1494.09;;2048
7.39007;;1174.32;321.961;1496.28;;2048
7.40007;;1174.32;322.473;1496.79;;2048
7.41007;;1174.32;317.913;1492.23;;2048
7.42007;;1174.32;319.691;1494.01;;2048
7.43008;;1174.32;319.084;1493.41;;2048
7.44008;;1174.32;328.522;1502.84;;2048
7.45008;;1174.32;328.951;1503.27;;2048
7.46008;;1174.32;319.273;1493.59;;2048
7.47008;;1174.32;321.597;1495.92;;2048
7.48008;;1174.32;318.976;1493.3;;2048
7.49008;;1174.32;318.004;1492.32;;2048
7.50008;;1174.32;318.65;1492.97;;2048
7.51008;;1174.32;320.768;1495.09;;2048
7.52008;;1174.32;332.216;1506.54;;2048
7.53008;;1174.32;323.916;1498.24;;2048
7.54008;;1174.32;325.737;1500.06;;2048
7.55008;;1174.32;319.246;1493.57;;2048
7.56008;;1174.32;317.401;1491.72;;2048
7.57008;;1174.32;319.907;1494.23;;2048
7.58008;;1174.32;320.052;1494.37;;2048
7.59008;;1174.32;322.164;1496.49;;2048
7.60008;;1174.32;323.03;1497.35;;2048
7.61008;;1174.32;325.267;1499.59;;2048
7.62008;;1174.32;323.772;1498.09;;2048
7.63008;;1174.32;317.801;1492.12;;2048
7.64008;;1174.32;319.275;1493.6;;2048
7.65008;;1174.32;318.05;1492.37;;2048
7.66008;;1174.32;320.331;1494.65;;2048
7.67008;;1174.32;325.46;1499.78;;2048
7.68008;;1174.32;324.322;1498.64;;2048
7.69008;;1174.32;322.617;1496.94;;2048
7.70008;;1174.32;319.344;1493.67;;2048
7.71008;;1174.32;319.316;1493.64;;2048
7.72008;;1174.32;318.107;1492.43;;2048
7.73008;;1174.32;323.979;1498.3;;2048
7.74008;;1174.32;323.421;1497.74;;2048
7.75008;;1174.32;319.475;1493.8;;2048
7.76008;;1174.32;322.926;1497.25;;2048
7.77008;;1174.32;319.417;1493.74;;2048
7.78008;;1174.32;318.37;1492.69;;2048
7.79008;;1174.32;319.55;1493.87;;2048
7.80008;;1174.32;318.614;1492.93;;2048
7.81008;;1174.32;329.285;1503.61;;2048
7.82008;;1174.32;328.592;1502.91;;2048
7.83008;;1174.32;318.848;1493.17;;2048
7.84008;;1174.32;320.054;1494.38;;2048
7.85008;;1174.32;318.424;1492.75;;2048
7.86009;;1174.32;318.594;1492.91;;2048
7.87009;;1174.32;318.051;1492.37;;2048
7.88009;;1174.32;326.5;1500.82;;2048
7.89009;;1174.32;329.56;1503.88;;2048
7.90009;;1174.32;321.498;1495.82;;2048
7.91009;;1174.32;324.176;1498.5;;2048
7.92009;;1174.32;317.992;1492.31;;2048
7.93009;;1174.32;317.82;1492.14;;2048
7.94009;;1174.32;318.543;1492.86;;2048
7.95009;;1174.32;320.668;1494.99;;2048
7.96009;;1174.32;328.14;1502.46;;2048
7.97009;;1174.32;326.444;1500.77;;2048
7.98009;;1174.32;324.546;1498.87;;2048
7.99009;;1174.32;320.295;1494.62;;2048
8.00009;;1174.32;319.314;1493.64;;2048
8.01009;;1174.32;319.018;1493.34;;2048
8.02009;;1174.32;319.266;1493.59;;2048
8.03009;;1174.32;327.424;1501.75;;2048
8.04009;;1174.32;320.285;1494.61;;2048
8.05009;;1174.32;325.369;1499.69;;2048
8.06009;;1174.32;322.078;1496.4;;2048
8.07009;;1174.32;316.359;1490.68;;2048
8.08009;;1174.32;318.627;1492.95;;2048
8.09009;;1174.32;318.608;1492.93;;2048
8.10009;;1174.32;325.791;1500.11;;2048
8.11009;;1174.32;320.699;1495.02;;2048
8.12009;;1174.32;319.563;1493.88;;2048
8.13009;;1174.32;323.1;1497.42;;2048
8.14009;;1174.32;318.393;1492.71;;2048
8.15009;;1174.32;319.348;1493.67;;2048
8.16009;;1174.32;318.682;1493;;2048
8.17009;;1174.32;319.705;1494.03;;2048
8.18009;;1174.32;323.914;1498.23;;2048
8.19009;;1174.32;320.69;1495.01;;2048
8.20009;;1174.32;323.112;1497.43;;2048
8.21009;;1174.32;319.42;1493.74;;2048
8.22009;;1174.32;318.522;1492.84;;2048
8.23009;;1174.32;319.24;1493.56;;2048
8.24009;;1174.32;322.119;1496.44;;2048
8.25009;;1174.32;330.043;1504.36;;2048
8.26009;;1174.32;324.391;1498.71;;2048
8.27009;;1174.32;323.575;1497.9;;2048
8.28009;;1174.32;321.59;1495.91;;2048
8.29009;;1174.32;316.795;1491.12;;2048
8.30009;;1174.32;318.351;1492.67;;2048
8.31009;;1174.32;317.762;1492.08;;2048
8.3201;;1174.32;320.758;1495.08;;2048
8.3301;;1174.32;331.296;1505.62;;2048
8.3401;;1174.32;326.217;1500.54;;2048
8.3501;;1174.32;323.734;1498.06;;2048
8.3601;;1174.32;318.975;1493.3;;2048
8.3701;;1174.32;319.635;1493.96;;2048
8.3801;;1174.32;318.658;1492.98;;2048
8.3901;;1174.32;319.608;1493.93;;2048
8.4001;;1174.32;326.623;1500.94;;2048
8.4101;;1174.32;320.492;1494.81;;2048
8.4201;;1174.32;324.836;1499.16;;2048
8.4301;;1174.32;320.811;1495.13;;2048
8.4401;;1174.32;317.788;1492.11;;2048
8.4501;;1174.32;318.321;1492.64;;2048
8.4601;;1174.32;318.373;1492.69;;2048
8.4701;;1174.32;321.759;1496.08;;2048
8.4801;;1174.32;320.968;1495.29;;2048
8.4901;;1174.32;320.557;1494.88;;2048
8.5001;;1174.32;320.108;1494.43;;2048
8.5101;;1174.32;318.581;1492.9;;2048
8.5201;;1174.32;319.331;1493.65;;2048
8.5301;;1174.32;318.064;1492.39;;2048
8.5401;;1174.32;330.871;1505.19;;2048
8.5501;;1174.32;322.556;1496.88;;2048
8.5601;;1174.32;320.021;1494.34;;2048
8.5701;;1174.32;323.912;1498.23;;2048
8.5801;;1174.32;318.912;1493.23;;2048
8.5901;;1174.32;317.906;1492.23;;2048
8.6001;;1174.32;319.365;1493.69;;2048
8.6101;;1174.32;323.216;1497.54;;2048
8.6201;;1174.32;330.206;1504.53;;2048
8.6301;;1174.32;320.929;1495.25;;2048
8.6401;;1174.32;324.109;1498.43;;2048
8.6501;;1174.32;319.888;1494.21;;2048
8.6601;;1174.32;316.533;1490.85;;2048
8.6701;;1174.32;319.195;1493.52;;2048
8.6801;;1174.32;317.724;1492.05;;2048
8.6901;;1174.32;322.111;1496.43;;2048
8.7001;;1174.32;329.749;1504.07;;2048
8.7101;;1174.32;325.912;1500.23;;2048
8.7201;;1174.32;323.301;1497.62;;2048
8.7301;;1174.32;318.697;1493.02;;2048
8.7401;;1174.32;319.247;1493.57;;2048
8.7501;;1174.32;318.544;1492.86;;2048
8.76011;;1174.32;318.944;1493.27;;2048
8.77011;;1174.32;326.149;1500.47;;2048
8.78011;;1174.32;319.47;1493.79;;2048
8.79011;;1174.32;323.225;1497.55;;2048
8.80011;;1174.32;320.978;1495.3;;2048
8.81011;;1174.32;316.767;1491.09;;2048
8.82011;;1174.32;318.118;1492.44;;2048
8.83011;;1174.32;318.374;1492.69;;2048
8.84011;;1174.32;324.644;1498.96;;2048
8.85011;;1174.32;320.423;1494.74;;2048
8.86011;;1174.32;319.172;1493.49;;2048
8.87011;;1174.32;320.347;1494.67;;2048
8.88011;;1174.32;318.259;1492.58;;2048
8.89011;;1174.32;319.46;1493.78;;2048
8.90011;;1174.32;317.717;1492.04;;2048
8.91011;;1174.32;330.994;1505.32;;2048
8.92011;;1174.32;325.989;1500.31;;2048
8.93011;;1174.32;320.218;1494.54;;2048
8.94011;;1174.32;323.646;1497.97;;2048
8.95011;;1174.32;318.657;1492.98;;2048
8.96011;;1174.32;317.336;1491.66;;2048
8.97011;;1174.32;319.036;1493.36;;2048
8.98011;;1174.32;324.485;1498.81;;2048
8.99011;;1174.32;333.335;1507.66;;2048
9.00011;;1174.32;321.099;1495.42;;2048
9.01011;;1174.32;324.222;1498.54;;2048
9.02011;;1174.32;319.097;1493.42;;2048
9.03011;;1174.32;317.492;1491.81;;2048
9.04011;;1174.32;319.55;1493.87;;2048
9.05011;;1174.32;318.377;1492.7;;2048
9.06011;;1174.32;323.003;1497.32;;2048
9.07011;;1174.32;324.143;1498.46;;2048
9.08011;;1174.32;325.17;1499.49;;2048
9.09011;;1174.32;322.972;1497.29;;2048
9.10011;;1174.32;318.481;1492.8;;2048
9.11011;;1174.32;319.005;1493.33;;2048
9.12011;;1174.32;318.392;1492.71;;2048
9.13011;;1174.32;318.902;1493.22;;2048
9.14011;;1174.32;323.214;1497.54;;2048
9.15011;;1174.32;319.966;1494.29;;2048
9.16011;;1174.32;323.565;1497.89;;2048
9.17011;;1174.32;319.977;1494.3;;2048
9.18011;;1174.32;317.861;1492.18;;2048
9.19011;;1174.32;317.754;1492.08;;2048
9.20012;;1174.32;318.108;1492.43;;2048
9.21012;;1174.32;322.259;1496.58;;2048
9.22012;;1174.32;320.364;1494.69;;2048
9.23012;;1174.32;318.744;1493.07;;2048
9.24012;;1174.32;319.322;1493.64;;2048
9.25012;;1174.32;318.338;1492.66;;2048
9.26012;;1174.32;319.447;1493.77;;2048
9.27012;;1174.32;317.773;1492.09;;2048
9.28012;;1174.32;330.055;1504.38;;2048
9.29012;;1174.32;329.097;1503.42;;2048
9.30012;;1174.32;320.782;1495.1;;2048
9.31012;;1174.32;323.657;1497.98;;2048
9.32012;;1174.32;318.379;1492.7;;2048
9.33012;;1174.32;316.685;1491.01;;2048
9.34012;;1174.32;319.096;1493.42;;2048
9.35012;;1174.32;323.221;1497.54;;2048
9.36012;;1174.32;333.258;1507.58;;2048
9.37012;;1174.32;322.32;1496.64;;2048
9.38012;;1174.32;324.141;1498.46;;2048
9.39012;;1174.32;318.667;1492.99;;2048
9.40012;;1174.32;318.211;1492.53;;2048
9.41012;;1174.32;318.705;1493.03;;2048
9.42012;;1174.32;319.195;1493.52;;2048
9.43012;;1174.32;323.987;1498.31;;2048
9.44012;;1174.32;319.5;1493.82;;2048
9.45012;;1174.32;325.073;1499.39;;2048
9.46012;;1174.32;322.628;1496.95;;2048
9.47012;;1174.32;317.07;1491.39;;2048
9.48012;;1174.32;318.271;1492.59;;2048
9.49012;;1174.32;318.552;1492.87;;2048
9.50012;;1174.32;325.634;1499.95;;2048
9.51012;;1174.32;320.337;1494.66;;2048
9.52012;;1174.32;321.9;1496.22;;2048
9.53012;;1174.32;323.484;1497.81;;2048
9.54012;;1174.32;317.485;1491.81;;2048
9.55012;;1174.32;319.18;1493.5;;2048
9.56012;;1174.32;317.868;1492.19;;2048
9.57012;;1174.32;318.892;1493.21;;2048
9.58012;;1174.32;320.467;1494.79;;2048
9.59012;;1174.32;320.099;1494.42;;2048
9.60012;;1174.32;319.068;1493.39;;2048
9.61012;;1174.32;318.784;1493.11;;2048
9.62012;;1174.32;318.49;1492.81;;2048
9.63013;;1174.32;319.292;1493.61;;2048
9.64013;;1174.32;319.291;1493.61;;2048
9.65013;;1174.32;330.793;1505.11;;2048
9.66013;;1174.32;321.83;1496.15;;2048
9.67013;;1174.32;320.04;1494.36;;2048
9.68013;;1174.32;321.657;1495.98;;2048
9.69013;;1174.32;318.354;1492.68;;2048
9.70013;;1174.32;318.008;1492.33;;2048
9.71013;;1174.32;318.496;1492.82;;2048
9.72013;;1174.32;323.447;1497.77;;2048
9.73013;;1174.32;332.752;1507.07;;2048
9.74013;;1174.32;323.51;1497.83;;2048
9.75013;;1174.32;323.675;1498;;2048
9.76013;;1174.32;319.327;1493.65;;2048
9.77013;;1174.32;317.819;1492.14;;2048
9.78013;;1174.32;318.92;1493.24;;2048
9.79013;;1174.32;318.495;1492.82;;2048
9.80013;;1174.32;321.443;1495.76;;2048
9.81013;;1174.32;320.929;1495.25;;2048
9.82013;;1174.32;324.6;1498.92;;2048
9.83013;;1174.32;322.259;1496.58;;2048
9.84013;;1174.32;318.102;1492.42;;2048
9.85013;;1174.32;318.749;1493.07;;2048
9.86013;;1174.32;317.791;1492.11;;2048
9.87013;;1174.32;327.188;1501.51;;2048
9.88013;;1174.32;320.087;1494.41;;2048
9.89013;;1174.32;320.858;1495.18;;2048
9.90013;;1174.32;323.351;1497.67;;2048
9.91013;;1174.32;317.506;1491.83;;2048
9.92013;;1174.32;319.21;1493.53;;2048
9.93013;;1174.32;318.082;1492.4;;2048
9.94013;;1174.32;318.783;1493.1;;2048
9.95013;;1174.32;320.947;1495.27;;2048
9.96013;;1174.32;320.457;1494.78;;2048
9.97013;;1174.32;319.846;1494.17;;2048
9.98013;;1174.32;318.861;1493.18;;2048
9.99013;;1174.32;319.045;1493.37;;2048
10.0001;;1174.32;318.938;1493.26;;2048
10.0101;;1174.32;322.351;1496.67;;2048
10.0201;;1174.32;331.035;1505.36;;2048
10.0301;;1174.32;319.908;1494.23;;2048
10.0401;;1174.32;322.043;1496.36;;2048
10.0501;;1174.32;319.733;1494.05;;2048
10.0601;;1174.32;318.07;1492.39;;2048
10.0701;;1174.32;318.547;1492.87;;2048
10.0801;;1174.32;318.05;1492.37;;2048
10.0901;;1174.32;322.167;1496.49;;2048
10.1001;;1174.32;332.837;1507.16;;2048
10.1101;;1174.32;324.756;1499.08;;2048
10.1201;;1174.32;323.298;1497.62;;2048
10.1301;;1174.32;318.943;1493.26;;2048
10.1401;;1174.32;318.817;1493.14;;2048
10.1501;;1174.32;318.517;1492.84;;2048
10.1601;;1174.32;319.683;1494;;2048
10.1701;;1174.32;326.07;1500.39;;2048
10.1801;;1174.32;320.385;1494.71;;2048
10.1901;;1174.32;325.067;1499.39;;2048
10.2001;;1174.32;321.415;1495.74;;2048
10.2101;;1174.32;316.342;1490.66;;2048
10.2201;;1174.32;318.413;1492.73;;2048
10.2301;;1174.32;318.58;1492.9;;2048
10.2401;;1174.32;325.769;1500.09;;2048
10.2501;;1174.32;320.787;1495.11;;2048
10.2601;;1174.32;320.445;1494.77;;2048
10.2701;;1174.32;322.094;1496.42;;2048
10.2801;;1174.32;317.663;1491.98;;2048
10.2901;;1174.32;319.241;1493.56;;2048
10.3001;;1174.32;318.154;1492.47;;2048
10.3101;;1174.32;321.375;1495.7;;2048
10.3201;;1174.32;320.381;1494.7;;2048
10.3301;;1174.32;319.71;1494.03;;2048
10.3401;;1174.32;321.865;1496.19;;2048
10.3501;;1174.32;319.278;1493.6;;2048
10.3601;;1174.32;319.629;1493.95;;2048
10.3701;;1174.32;318.723;1493.04;;2048
10.3801;;1174.32;328.67;1502.99;;2048
10.3901;;1174.32;331.348;1505.67;;2048
10.4001;;1174.32;320.839;1495.16;;2048
10.4101;;1174.32;323.251;1497.57;;2048
10.4201;;1174.32;317.963;1492.28;;2048
10.4301;;1174.32;318.519;1492.84;;2048
10.4401;;1174.32;319.405;1493.73;;2048
10.4501;;1174.32;324.361;1498.68;;2048
10.4601;;1174.32;327.314;1501.64;;2048
10.4701;;1174.32;327.657;1501.98;;2048
10.4801;;1174.32;323.813;1498.13;;2048
10.4901;;1174.32;319.429;1493.75;;2048
10.5001;;1174.32;317.444;1491.77;;2048
10.5101;;1174.32;318.367;1492.69;;2048
10.5201;;1174.32;320.334;1494.66;;2048
10.5301;;1174.32;332.208;1506.53;;2048
10.5401;;1174.32;321.688;1496.01;;2048
10.5501;;1174.32;326.311;1500.63;;2048
10.5601;;1174.32;321.477;1495.8;;2048
10.5701;;1174.32;317.762;1492.08;;2048
10.5801;;1174.32;320.106;1494.43;;2048
10.5901;;1174.32;319.464;1493.79;;2048
10.6001;;1174.32;320.435;1494.76;;2048
10.6101;;1174.32;323.295;1497.62;;2048
10.6201;;1174.32;325.822;1500.14;;2048
10.6301;;1174.32;323.343;1497.66;;2048
10.6401;;1174.32;319.648;1493.97;;2048
10.6501;;1174.32;319.349;1493.67;;2048
10.6601;;1174.32;318.232;1492.55;;2048
10.6701;;1174.32;327.132;1501.45;;2048
10.6801;;1174.32;319.78;1494.1;;2048
10.6901;;1174.32;322.534;1496.85;;2048
10.7001;;1174.32;322.178;1496.5;;2048
10.7101;;1174.32;316.993;1491.31;;2048
10.7201;;1174.32;319.078;1493.4;;2048
10.7302;;1174.32;319.295;1493.62;;2048
10.7402;;1174.32;326.129;1500.45;;2048
10.7502;;1174.32;322.11;1496.43;;2048
10.7602;;1174.32;320.316;1494.64;;2048
10.7702;;1174.32;323.818;1498.14;;2048
10.7802;;1174.32;318.966;1493.29;;2048
10.7902;;1174.32;319.665;1493.99;;2048
10.8002;;1174.32;319.294;1493.62;;2048
10.8102;;1174.32;319.56;1493.88;;2048
10.8202;;1174.32;330.93;1505.25;;2048
10.8302;;1174.32;326.588;1500.91;;2048
10.8402;;1174.32;322.234;1496.56;;2048
10.8502;;1174.32;320.094;1494.41;;2048
10.8602;;1174.32;317.539;1491.86;;2048
10.8702;;1174.32;318.429;1492.75;;2048
10.8802;;1174.32;319.05;1493.37;;2048
10.8902;;1174.32;321.34;1495.66;;2048
10.9002;;1174.32;330.177;1504.5;;2048
10.9102;;1174.32;323.315;1497.64;;2048
10.9202;;1174.32;324.357;1498.68;;2048
10.9302;;1174.32;319.089;1493.41;;2048
10.9402;;1174.32;317.195;1491.52;;2048
10.9502;;1174.32;318.95;1493.27;;2048
10.9602;;1174.32;320.207;1494.53;;2048
10.9702;;1174.32;324.769;1499.09;;2048
10.9802;;1174.32;323.519;1497.84;;2048
10.9902;;1174.32;324.044;1498.36;;2048
11.0002;;1174.32;322.439;1496.76;;2048
11.0102;;1174.32;318.605;1492.93;;2048
11.0202;;1174.32;318.921;1493.24;;2048
11.0302;;1174.32;318.207;1492.53;;2048
11.0402;;1174.32;323.149;1497.47;;2048
11.0502;;1174.32;324.126;1498.45;;2048
11.0602;;1174.32;319.436;1493.76;;2048
11.0702;;1174.32;319.311;1493.63;;2048
11.0802;;1174.32;319.234;1493.56;;2048
11.0902;;1174.32;318.629;1492.95;;2048
11.1002;;1174.32;319.132;1493.45;;2048
11.1102;;1174.32;320.634;1494.96;;2048
11.1202;;1174.32;328.552;1502.87;;2048
11.1302;;1174.32;330.831;1505.15;;2048
11.1402;;1174.32;320.787;1495.11;;2048
11.1502;;1174.32;320.663;1494.98;;2048
11.1602;;1174.32;317.068;1491.39;;2048
11.1702;;1174.32;318.739;1493.06;;2048
11.1802;;1174.32;318.827;1493.15;;2048
11.1902;;1174.32;326.833;1501.15;;2048
11.2002;;1174.32;328.885;1503.21;;2048
11.2102;;1174.32;318.748;1493.07;;2048
11.2202;;1174.32;322.845;1497.17;;2048
11.2302;;1174.32;319.096;1493.42;;2048
11.2402;;1174.32;316.516;1490.84;;2048
11.2502;;1174.32;317.87;1492.19;;2048
11.2602;;1174.32;319.306;1493.63;;2048
11.2702;;1174.32;327.527;1501.85;;2048
11.2802;;1174.32;320.732;1495.05;;2048
11.2902;;1174.32;323.634;1497.96;;2048
11.3002;;1174.32;322.641;1496.96;;2048
11.3102;;1174.32;317.269;1491.59;;2048
11.3202;;1174.32;319.23;1493.55;;2048
11.3302;;1174.32;318.003;1492.32;;2048
11.3402;;1174.32;318.561;1492.88;;2048
11.3502;;1174.32;320.368;1494.69;;2048
11.3602;;1174.32;321.47;1495.79;;2048
11.3702;;1174.32;322.509;1496.83;;2048
11.3802;;1174.32;317.496;1491.82;;2048
11.3902;;1174.32;318.321;1492.64;;2048
11.4002;;1174.32;318.481;1492.8;;2048
11.4102;;1174.32;318.346;1492.67;;2048
11.4202;;1174.32;329.602;1503.92;;2048
11.4302;;1174.32;319.06;1493.38;;2048
11.4402;;1174.32;319.478;1493.8;;2048
11.4502;;1174.32;320.985;1495.31;;2048
11.4602;;1174.32;318.618;1492.94;;2048
11.4702;;1174.32;318.42;1492.74;;2048
11.4802;;1174.32;319.759;1494.08;;2048
11.4902;;1174.32;328.849;1503.17;;2048
11.5002;;1174.32;331.172;1505.49;;2048
11.5102;;1174.32;321.268;1495.59;;2048
11.5202;;1174.32;321.535;1495.86;;2048
11.5302;;1174.32;316.71;1491.03;;2048
11.5402;;1174.32;318.257;1492.58;;2048
11.5502;;1174.32;318.679;1493;;2048
11.5602;;1174.32;322.411;1496.73;;2048
11.5702;;1174.32;326.964;1501.29;;2048
11.5802;;1174.32;318.816;1493.14;;2048
11.5902;;1174.32;323.66;1497.98;;2048
11.6002;;1174.32;321.001;1495.32;;2048
11.6102;;1174.32;316.882;1491.2;;2048
11.6202;;1174.32;318.379;1492.7;;2048
11.6302;;1174.32;318.62;1492.94;;2048
11.6402;;1174.32;321.868;1496.19;;2048
11.6502;;1174.32;321.149;1495.47;;2048
11.6602;;1174.32;322.329;1496.65;;2048
11.6702;;1174.32;323.838;1498.16;;2048
11.6802;;1174.32;317.953;1492.27;;2048
11.6902;;1174.32;318.796;1493.12;;2048
11.7002;;1174.32;317.674;1491.99;;2048
11.7102;;1174.32;318.444;1492.77;;2048
11.7202;;1174.32;319.869;1494.19;;2048
11.7302;;1174.32;320.419;1494.74;;2048
11.7402;;1174.32;320.983;1495.3;;2048
11.7502;;1174.32;318.065;1492.39;;2048
11.7602;;1174.32;318.091;1492.41;;2048
11.7702;;1174.32;319.12;1493.44;;2048
11.7802;;1174.32;317.856;1492.18;;2048
11.7902;;1174.32;329.777;1504.1;;2048
11.8002;;1174.32;321.344;1495.67;;2048
11.8102;;1174.32;319.344;1493.67;;2048
11.8202;;1174.32;321.827;1496.15;;2048
11.8302;;1174.32;318.214;1492.54;;2048
11.8402;;1174.32;317.516;1491.84;;2048
11.8502;;1174.32;318.8;1493.12;;2048
11.8602;;1174.32;325.674;1500;;2048
11.8702;;1174.32;332.426;1506.75;;2048
11.8802;;1174.32;320.368;1494.69;;2048
11.8902;;1174.32;323.332;1497.65;;2048
11.9002;;1174.32;318.224;1492.54;;2048
11.9102;;1174.32;317.287;1491.61;;2048
11.9202;;1174.32;319.105;1493.43;;2048
11.9302;;1174.32;318.369;1492.69;;2048
11.9402;;1174.32;322.855;1497.18;;2048
11.9502;;1174.32;324.118;1498.44;;2048
11.9602;;1174.32;324.778;1499.1;;2048
11.9702;;1174.32;322.464;1496.78;;2048
11.9802;;1174.32;317.954;1492.27;;2048
11.9902;;1174.32;318.639;1492.96;;2048
12.0002;;1174.32;318.231;1492.55;;2048
12.0102;;1174.32;319.591;1493.91;;2048
12.0202;;1174.32;322.297;1496.62;;2048
12.0302;;1174.32;320.324;1494.65;;2048
12.0402;;1174.32;323.542;1497.86;;2048
12.0502;;1174.32;319.412;1493.73;;2048
12.0602;;1174.32;317.863;1492.18;;2048
12.0702;;1174.32;317.523;1491.84;;2048
12.0802;;1174.32;317.911;1492.23;;2048
12.0902;;1174.32;321.682;1496;;2048
12.1002;;1174.32;319.998;1494.32;;2048
12.1102;;1174.32;318.165;1492.49;;2048
12.1202;;1174.32;319.375;1493.7;;2048
12.1302;;1174.32;317.743;1492.06;;2048
12.1402;;1174.32;318.899;1493.22;;2048
12.1502;;1174.32;317.689;1492.01;;2048
12.1602;;1174.32;323.376;1497.7;;2048
12.1702;;1174.32;330.007;1504.33;;2048
12.1802;;1174.32;323.855;1498.18;;2048
12.1902;;1174.32;323;1497.32;;2048
12.2002;;1174.32;318.377;1492.7;;2048
12.2102;;1174.32;316.252;1490.57;;2048
12.2202;;1174.32;318.27;1492.59;;2048
12.2302;;1174.32;319.092;1493.41;;2048
12.2402;;1174.32;321.683;1496;;2048
12.2502;;1174.32;323.829;1498.15;;2048
12.2602;;1174.32;323.628;1497.95;;2048
12.2702;;1174.32;322.276;1496.6;;2048
12.2802;;1174.32;316.426;1490.75;;2048
12.2902;;1174.32;318.375;1492.7;;2048
12.3002;;1174.32;317.5;1491.82;;2048
12.3102;;1174.32;320.167;1494.49;;2048
12.3202;;1174.32;328.724;1503.04;;2048
12.3302;;1174.32;323.711;1498.03;;2048
12.3402;;1174.32;322.654;1496.98;;2048
12.3502;;1174.32;320.515;1494.84;;2048
12.3602;;1174.32;318.434;1492.76;;2048
12.3702;;1174.32;318.394;1492.72;;2048
12.3802;;1174.32;317.576;1491.9;;2048
12.3902;;1174.32;326.713;1501.03;;2048
12.4002;;1174.32;317.992;1492.31;;2048
12.4102;;1174.32;319.144;1493.46;;2048
12.4202;;1174.32;321.012;1495.33;;2048
12.4302;;1174.32;316.158;1490.48;;2048
12.4402;;1174.32;318.438;1492.76;;2048
12.4502;;1174.32;318.394;1492.72;;2048
12.4602;;1174.32;326.096;1500.42;;2048
12.4702;;1174.32;325.674;1500;;2048
12.4802;;1174.32;318.016;1492.34;;2048
12.4902;;1174.32;322.891;1497.21;;2048
12.5002;;1174.32;318.182;1492.5;;2048
12.5102;;1174.32;317.327;1491.65;;2048
12.5202;;1174.32;318.681;1493;;2048
12.5302;;1174.32;317.997;1492.32;;2048
12.5402;;1174.32;331.082;1505.4;;2048
12.5502;;1174.32;328.15;1502.47;;2048
12.5602;;1174.32;319.86;1494.18;;2048
12.5702;;1174.32;320.577;1494.9;;2048
12.5802;;1174.32;317.801;1492.12;;2048
12.5902;;1174.32;316.596;1490.92;;2048
12.6002;;1174.32;317.639;1491.96;;2048
12.6102;;1174.32;319.108;1493.43;;2048
12.6202;;1174.32;329.711;1504.03;;2048
12.6302;;1174.32;320.654;1494.97;;2048
12.6402;;1174.32;324.388;1498.71;;2048
12.6502;;1174.32;320.778;1495.1;;2048
12.6602;;1174.32;315.791;1490.11;;2048
12.6702;;1174.32;318.911;1493.23;;2048
12.6802;;1174.32;317.774;1492.1;;2048
12.6902;;1174.32;319.196;1493.52;;2048
12.7002;;1174.32;320.459;1494.78;;2048
12.7102;;1174.32;320.421;1494.74;;2048
12.7202;;1174.32;321.575;1495.9;;2048
12.7302;;1174.32;317.323;1491.64;;2048
12.7402;;1174.32;318.157;1492.48;;2048
12.7502;;1174.32;318.242;1492.56;;2048
12.7602;;1174.32;319.603;1493.92;;2048
12.7702;;1174.32;329.383;1503.7;;2048
12.7802;;1174.32;318.295;1492.62;;2048
12.7902;;1174.32;318.968;1493.29;;2048
12.8002;;1174.32;319.986;1494.31;;2048
12.8102;;1174.32;317.841;1492.16;;2048
12.8202;;1174.32;317.461;1491.78;;2048
12.8302;;1174.32;318.286;1492.61;;2048
12.8402;;1174.32;327.723;1502.04;;2048
12.8502;;1174.32;330.325;1504.65;;2048
12.8602;;1174.32;320.853;1495.17;;2048
12.8702;;1174.32;321.888;1496.21;;2048
12.8802;;1174.32;316.576;1490.9;;2048
12.8902;;1174.32;317.384;1491.71;;2048
12.9002;;1174.32;318.379;1492.7;;2048
12.9102;;1174.32;318.982;1493.3;;2048
12.9202;;1174.32;324.497;1498.82;;2048
12.9302;;1174.32;318.311;1492.63;;2048
12.9402;;1174.32;323.751;1498.07;;2048
12.9502;;1174.32;321.481;1495.8;;2048
12.9602;;1174.32;316.8;1491.12;;2048
12.9702;;1174.32;318.071;1492.39;;2048
12.9802;;1174.32;317.829;1492.15;;2048
12.9902;;1174.32;319.453;1493.77;;2048
13.0002;;1174.32;321.221;1495.54;;2048
13.0102;;1174.32;320.178;1494.5;;2048
13.0202;;1174.32;323.068;1497.39;;2048
13.0302;;1174.32;318.556;1492.88;;2048
13.0402;;1174.32;317.506;1491.83;;2048
13.0502;;1174.32;317.01;1491.33;;2048
13.0602;;1174.32;317.556;1491.88;;2048
13.0702;;1174.32;320.629;1494.95;;2048
13.0802;;1174.32;319.442;1493.76;;2048
13.0902;;1174.32;317.832;1492.15;;2048
13.1002;;1174.32;318.321;1492.64;;2048
13.1102;;1174.32;317.512;1491.83;;2048
13.1202;;1174.32;318.765;1493.09;;2048
13.1302;;1174.32;317.263;1491.58;;2048
13.1402;;1174.32;327.252;1501.57;;2048
13.1502;;1174.32;329.066;1503.39;;2048
13.1602;;1174.32;321.374;1495.7;;2048
13.1702;;1174.32;323.101;1497.42;;2048
13.1802;;1174.32;317.766;1492.09;;2048
13.1902;;1174.32;315.916;1490.24;;2048
13.2002;;1174.32;318.321;1492.64;;2048
13.2102;;1174.32;319.454;1493.78;;2048
13.2202;;1174.32;323.57;1497.89;;2048
13.2302;;1174.32;320.711;1495.03;;2048
13.2402;;1174.32;323.379;1497.7;;2048
13.2502;;1174.32;321.081;1495.4;;2048
13.2602;;1174.32;315.913;1490.23;;2048
13.2702;;1174.32;317.725;1492.05;;2048
13.2802;;1174.32;317.345;1491.67;;2048
13.2902;;1174.32;319.676;1494;;2048
13.3002;;1174.32;329.694;1504.02;;2048
13.3102;;1174.32;321.665;1495.99;;2048
13.3202;;1174.32;321.568;1495.89;;2048
13.3302;;1174.32;321.193;1495.51;;2048
13.3402;;1174.32;316.755;1491.08;;2048
13.3502;;1174.32;317.621;1491.94;;2048
13.3602;;1174.32;317.383;1491.7;;2048
13.3702;;1174.32;320.428;1494.75;;2048
13.3802;;1174.32;326.461;1500.78;;2048
13.3902;;1174.32;317.981;1492.3;;2048
13.4002;;1174.32;318.025;1492.35;;2048
13.4102;;1174.32;318.629;1492.95;;2048
13.4202;;1174.32;317.582;1491.9;;2048
13.4302;;1174.32;317.754;1492.08;;2048
13.4402;;1174.32;318.416;1492.74;;2048
13.4502;;1174.32;327.66;1501.98;;2048
13.4602;;1174.32;329.462;1503.78;;2048
13.4702;;1174.32;319.171;1493.49;;2048
13.4802;;1174.32;320.781;1495.1;;2048
13.4902;;1174.32;315.908;1490.23;;2048
13.5002;;1174.32;317.181;1491.5;;2048
13.5102;;1174.32;318.154;1492.48;;2048
13.5202;;1174.32;321.021;1495.34;;2048
13.5302;;1174.32;325.535;1499.86;;2048
13.5402;;1174.32;318.792;1493.11;;2048
13.5502;;1174.32;323.029;1497.35;;2048
13.5602;;1174.32;320.125;1494.45;;2048
13.5702;;1174.32;316.061;1490.38;;2048
13.5802;;1174.32;317.626;1491.95;;2048
13.5902;;1174.32;317.627;1491.95;;2048
13.6002;;1174.32;318.264;1492.59;;2048
13.6102;;1174.32;324.75;1499.07;;2048
13.6202;;1174.32;317.766;1492.09;;2048
13.6302;;1174.32;321.954;1496.28;;2048
13.6402;;1174.32;319.468;1493.79;;2048
13.6502;;1174.32;315.644;1489.96;;2048
13.6602;;1174.32;316.979;1491.3;;2048
13.6702;;1174.32;317.074;1491.4;;2048
13.6802;;1174.32;323.535;1497.86;;2048
13.6902;;1174.32;319.234;1493.55;;2048
13.7002;;1174.32;317.302;1491.62;;2048
13.7102;;1174.32;320.09;1494.41;;2048
13.7202;;1174.32;316.991;1491.31;;2048
13.7302;;1174.32;318.337;1492.66;;2048
13.7402;;1174.32;316.745;1491.07;;2048
13.7502;;1174.32;328.157;1502.48;;2048
13.7602;;1174.32;326.054;1500.38;;2048
13.7702;;1174.32;320.426;1494.75;;2048
13.7802;;1174.32;322.333;1496.65;;2048
13.7902;;1174.32;317.336;1491.66;;2048
13.8002;;1174.32;315.637;1489.96;;2048
13.8102;;1174.32;317.46;1491.78;;2048
13.8202;;1174.32;317.559;1491.88;;2048
13.8302;;1174.32;319.694;1494.02;;2048
13.8402;;1174.32;328.89;1503.21;;2048
13.8502;;1174.32;320.094;1494.41;;2048
13.8602;;1174.32;322.715;1497.04;;2048
13.8702;;1174.32;317.563;1491.88;;2048
13.8802;;1174.32;315.533;1489.85;;2048
13.8902;;1174.32;317.903;1492.22;;2048
13.9002;;1174.32;318.433;1492.75;;2048
13.9102;;1174.32;319.135;1493.46;;2048
13.9202;;1174.32;321.149;1495.47;;2048
13.9302;;1174.32;322.783;1497.1;;2048
13.9402;;1174.32;321.564;1495.89;;2048
13.9502;;1174.32;316.264;1490.58;;2048
13.9602;;1174.32;317.5;1491.82;;2048
13.9702;;1174.32;316.703;1491.02;;2048
13.9802;;1174.32;319.276;1493.6;;2048
13.9902;;1174.32;323.868;1498.19;;2048
14.0002;;1174.32;318.347;1492.67;;2048
14.0102;;1174.32;318.869;1493.19;;2048
14.0202;;1174.32;317.195;1491.52;;2048
14.0302;;1174.32;317.582;1491.9;;2048
14.0402;;1174.32;317.995;1492.32;;2048
14.0502;;1174.32;319.121;1493.44;;2048
14.0602;;1174.32;327.423;1501.74;;2048
14.0702;;1174.32;329.459;1503.78;;2048
14.0802;;1174.32;318.609;1492.93;;2048
14.0902;;1174.32;320.057;1494.38;;2048
14.1002;;1174.32;315.695;1490.02;;2048
14.1102;;1174.32;317.049;1491.37;;2048
14.1202;;1174.32;318.037;1492.36;;2048
14.1302;;1174.32;323.239;1497.56;;2048
14.1402;;1174.32;326.751;1501.07;;2048
14.1502;;1174.32;319.112;1493.43;;2048
14.1602;;1174.32;322.375;1496.7;;2048
14.1702;;1174.32;318.67;1492.99;;2048
14.1802;;1174.32;315.499;1489.82;;2048
14.1902;;1174.32;317.285;1491.61;;2048
14.2002;;1174.32;318.01;1492.33;;2048
14.2102;;1174.32;321.993;1496.31;;2048
14.2202;;1174.32;322.25;1496.57;;2048
14.2302;;1174.32;320.378;1494.7;;2048
14.2402;;1174.32;322.827;1497.15;;2048
14.2502;;1174.32;318.175;1492.5;;2048
14.2602;;1174.32;316.691;1491.01;;2048
14.2702;;1174.32;316.915;1491.24;;2048
14.2802;;1174.32;317.325;1491.65;;2048
14.2902;;1174.32;322.615;1496.94;;2048
14.3002;;1174.32;318.951;1493.27;;2048
14.3102;;1174.32;316.887;1491.21;;2048
14.3202;;1174.32;320.731;1495.05;;2048
14.3302;;1174.32;316.678;1491;;2048
14.3402;;1174.32;318.018;1492.34;;2048
14.3502;;1174.32;317.014;1491.34;;2048
14.3602;;1174.32;319.422;1493.74;;2048
14.3702;;1174.32;325.855;1500.18;;2048
14.3802;;1174.32;322.328;1496.65;;2048
14.3902;;1174.32;319.097;1493.42;;2048
14.4002;;1174.32;317.467;1491.79;;2048
14.4102;;1174.32;316.011;1490.33;;2048
14.4202;;1174.32;316.899;1491.22;;2048
14.4302;;1174.32;316.809;1491.13;;2048
14.4402;;1174.32;319.63;1493.95;;2048
14.4502;;1174.32;329.61;1503.93;;2048
14.4602;;1174.32;319.184;1493.5;;2048
14.4702;;1174.32;323.238;1497.56;;2048
14.4802;;1174.32;318.167;1492.49;;2048
14.4902;;1174.32;315.316;1489.64;;2048
14.5002;;1174.32;318.639;1492.96;;2048
14.5102;;1174.32;317.679;1492;;2048
14.5202;;1174.32;318.002;1492.32;;2048
14.5302;;1174.32;319.645;1493.97;;2048
14.5402;;1174.32;321.012;1495.33;;2048
14.5502;;1174.32;320.885;1495.21;;2048
14.5602;;1174.32;315.972;1490.29;;2048
14.5702;;1174.32;316.948;1491.27;;2048
14.5802;;1174.32;316.498;1490.82;;2048
14.5902;;1174.32;316.966;1491.29;;2048
14.6002;;1174.32;327.078;1501.4;;2048
14.6102;;1174.32;318.645;1492.97;;2048
14.6202;;1174.32;317.425;1491.75;;2048
14.6302;;1174.32;320.834;1495.16;;2048
14.6402;;1174.32;317.325;1491.65;;2048
14.6502;;1174.32;317.719;1492.04;;2048
14.6602;;1174.32;317.549;1491.87;;2048
14.6702;;1174.32;325.783;1500.1;;2048
14.6802;;1174.32;329.614;1503.94;;2048
14.6902;;1174.32;318.04;1492.36;;2048
14.7002;;1174.32;320.977;1495.3;;2048
14.7102;;1174.32;317.627;1491.95;;2048
14.7202;;1174.32;315.018;1489.34;;2048
14.7302;;1174.32;316.787;1491.11;;2048
14.7402;;1174.32;316.426;1490.75;;2048
14.7502;;1174.32;319.034;1493.36;;2048
14.7602;;1174.32;325.535;1499.86;;2048
14.7702;;1174.32;323.024;1497.35;;2048
14.7802;;1174.32;321.845;1496.17;;2048
14.7902;;1174.32;319.013;1493.33;;2048
14.8002;;1174.32;316.465;1490.79;;2048
14.8102;;1174.32;317.033;1491.35;;2048
14.8202;;1174.32;317.236;1491.56;;2048
14.8302;;1174.32;323.418;1497.74;;2048
14.8402;;1174.32;317.938;1492.26;;2048
14.8502;;1174.32;323.546;1497.87;;2048
14.8602;;1174.32;320.401;1494.72;;2048
14.8702;;1174.32;314.325;1488.65;;2048
14.8802;;1174.32;316.66;1490.98;;2048
14.8902;;1174.32;316.614;1490.94;;2048
14.9002;;1174.32;323.83;1498.15;;2048
14.9102;;1174.32;321.222;1495.54;;2048
14.9202;;1174.32;316.484;1490.81;;2048
14.9302;;1174.32;320.038;1494.36;;2048
14.9402;;1174.32;317.66;1491.98;;2048
14.9502;;1174.32;315.613;1489.93;;2048
14.9602;;1174.32;317.875;1492.2;;2048
14.9702;;1174.32;317.375;1491.7;;2048
14.9802;;1174.32;327.241;1501.56;;2048
14.9902;;1174.32;327.58;1501.9;;2048
