0;;1218.84;-2.79968;1216.04;;2389.33
0.01;;1218.84;-5.21924;1213.62;;2389.33
0.02;;1218.84;-189.375;1029.46;;2389.33
0.03;;1218.84;-189.293;1029.55;;2389.33
0.04;;1218.84;-189.18;1029.66;;2389.33
0.05;;1218.84;-189.262;1029.58;;2389.33
0.06;;1218.84;-189.253;1029.59;;2389.33
0.07;;1218.84;-189.122;1029.72;;2389.33
0.08;;1218.84;-189.278;1029.56;;2389.33
0.09;;1218.84;-189.197;1029.64;;2389.33
0.1;;1218.84;-189.264;1029.58;;2389.33
0.11;;1218.84;-189.151;1029.69;;2389.33
0.12;;1218.84;-189.191;1029.65;;2389.33
0.13;;1218.84;-189.165;1029.67;;2389.33
0.14;;1218.84;-189.217;1029.62;;2389.33
0.15;;1218.84;-189.163;1029.68;;2389.33
0.16;;1218.84;-189.127;1029.71;;2389.33
0.17;;1218.84;-189.213;1029.63;;2389.33
0.18;;1218.84;-189.115;1029.72;;2389.33
0.19;;1218.84;-189.228;1029.61;;2389.33
0.2;;1218.84;-189.206;1029.63;;2389.33
0.21;;1218.84;-183.088;1035.75;;2389.33
0.22;;1218.84;-172.26;1046.58;;2389.33
0.23;;1218.84;-161.86;1056.98;;2389.33
0.24;;1218.84;-149.58;1069.26;;2389.33
0.25;;1218.84;-135.015;1083.82;;2389.33
0.26;;1218.84;-119.932;1098.91;;2389.33
0.27;;1218.84;-106.593;1112.25;;2389.33
0.28;;1218.84;-93.082;1125.76;;2389.33
0.29;;1218.84;-77.9592;1140.88;;2389.33
0.3;;1218.84;-65.0181;1153.82;;2389.33
0.31;;1218.84;-52.7106;1166.13;;2389.33
0.32;;1218.84;-43.0342;1175.81;;2389.33
0.33;;1218.84;-26.5651;1192.27;;2389.33
0.34;;1218.84;-13.2031;1205.64;;2389.33
0.35;;1218.84;-13.6791;1205.16;;2389.33
0.36;;1218.84;-0.246826;1218.59;;2389.33
0.37;;1218.84;8.55933;1227.4;;2389.33
0.38;;1218.84;24.1526;1242.99;;2389.33
0.39;;1218.84;24.5521;1243.39;;2389.33
0.4;;1218.84;35.9232;1254.76;;2389.33
0.41;;1218.84;45.4768;1264.32;;2389.33
0.42;;1218.84;48.0398;1266.88;;2389.33
0.43;;1218.84;60.3928;1279.23;;2389.33
0.44;;1218.84;72.9392;1291.78;;2389.33
0.45;;1218.84;70.7606;1289.6;;2389.33
0.46;;1218.84;78.3081;1297.15;;2389.33
0.47;;1218.84;91.63;1310.47;;2389.33
0.48;;1218.84;93.7943;1312.63;;2389.33
0.49;;1218.84;99.1794;1318.02;;2389.33
0.5;;1218.84;105.342;1324.18;;2389.33
0.51;;1218.84;115.219;1334.06;;2389.33
0.52;;1218.84;123.011;1341.85;;2389.33
0.53;;1218.84;121.852;1340.69;;2389.33
0.54;;1218.84;128.691;1347.53;;2389.33
0.55;;1218.84;133.223;1352.06;;2389.33
0.56;;1218.84;143.279;1362.12;;2389.33
0.57;;1218.84;151.112;1369.95;;2389.33
0.58;;1218.84;152.255;1371.09;;2389.33
0.59;;1218.84;165.929;1384.77;;2389.33
0.6;;1218.84;160.198;1379.04;;2389.33
0.61;;1218.84;171.664;1390.5;;2389.33
0.62;;1218.84;167.407;1386.25;;2389.33
0.63;;1218.84;170.905;1389.74;;2389.33
0.64;;1218.84;175.941;1394.78;;2389.33
0.65;;1218.84;180.788;1399.63;;2389.33
0.66;;1218.84;184.648;1403.49;;2389.33
0.67;;1218.84;188.125;1406.96;;2389.33
0.68;;1218.84;193.875;1412.71;;2389.33
0.69;;1218.84;196.93;1415.77;;2389.33
0.7;;1218.84;201.064;1419.9;;2389.33
0.71;;1218.84;204.08;1422.92;;2389.33
0.72;;1218.84;207.799;1426.64;;2389.33
0.73;;1218.84;210.291;1429.13;;2389.33
0.74;;1218.84;215.077;1433.92;;2389.33
0.75;;1218.84;220.279;1439.12;;2389.33
0.76;;1218.84;222.009;1440.85;;2389.33
0.77;;1218.84;222.623;1441.46;;2389.33
0.78;;1218.84;227.943;1446.78;;2389.33
0.79;;1218.84;229.905;1448.74;;2389.33
0.8;;1218.84;233.768;1452.61;;2389.33
0.81;;1218.84;238.357;1457.2;;2389.33
0.82;;1218.84;239.536;1458.38;;2389.33
0.83;;1218.84;240.863;1459.7;;2389.33
0.839999;;1218.84;244.753;1463.59;;2389.33
0.849999;;1218.84;245.339;1464.18;;2389.33
0.859999;;1218.84;250.13;1468.97;;2389.33
0.869999;;1218.84;250.227;1469.07;;2389.33
0.879999;;1218.84;254.904;1473.74;;2389.33
0.889999;;1218.84;256.67;1475.51;;2389.33
0.899999;;1218.84;256.99;1475.83;;2389.33
0.909999;;1218.84;270.529;1489.37;;2389.33
0.919999;;1218.84;262.2;1481.04;;2389.33
0.929999;;1218.84;273.104;1491.94;;2389.33
0.939999;;1218.84;269.004;1487.84;;2389.33
0.949999;;1218.84;280.525;1499.36;;2389.33
0.959999;;1218.84;273.998;1492.84;;2389.33
0.969999;;1218.84;272.291;1491.13;;2389.33
0.979999;;1218.84;280.697;1499.54;;2389.33
0.989999;;1218.84;277.645;1496.48;;2389.33
0.999999;;1218.84;284.707;1503.55;;2389.33
1.01;;1218.84;282.041;1500.88;;2389.33
1.02;;1218.84;283.847;1502.69;;2389.33
1.03;;1218.84;286.016;1504.86;;2389.33
1.04;;1218.84;287.336;1506.18;;2389.33
1.05;;1218.84;288.498;1507.34;;2389.33
1.06;;1218.84;289.329;1508.17;;2389.33
1.07;;1218.84;294.012;1512.85;;2389.33
1.08;;1218.84;300.118;1518.96;;2389.33
1.09;;1218.84;294.607;1513.45;;2389.33
1.1;;1218.84;305.552;1524.39;;2389.33
1.11;;1218.84;300.59;1519.43;;2389.33
1.12;;1218.84;309;1527.84;;2389.33
1.13;;1218.84;303.496;1522.33;;2389.33
1.14;;1218.84;309.219;1528.06;;2389.33
1.15;;1218.84;305;1523.84;;2389.33
1.16;;1218.84;306.752;1525.59;;2389.33
1.17;;1218.84;309.548;1528.39;;2389.33
1.18;;1218.84;307.001;1525.84;;2389.33
1.19;;1218.84;309.426;1528.27;;2389.33
1.2;;1218.84;311.619;1530.46;;2389.33
1.21;;1218.84;320.786;1539.63;;2389.33
1.22;;1218.84;311.337;1530.18;;2389.33
1.23;;1218.84;320.276;1539.11;;2389.33
1.24;;1218.84;318.844;1537.68;;2389.33
1.25;;1218.84;325.184;1544.02;;2389.33
1.26;;1218.84;318.734;1537.57;;2389.33
1.27;;1218.84;319.677;1538.52;;2389.33
1.28;;1218.84;324.608;1543.45;;2389.33
1.29;;1218.84;322.189;1541.03;;2389.33
1.3;;1218.84;325.374;1544.21;;2389.33
1.31;;1218.84;323.928;1542.77;;2389.33
1.32;;1218.84;322.723;1541.56;;2389.33
1.33;;1218.84;325.722;1544.56;;2389.33
1.34;;1218.84;337.118;1555.96;;2389.33
1.35;;1218.84;326.366;1545.21;;2389.33
1.36;;1218.84;335.337;1554.18;;2389.33
1.37;;1218.84;331.979;1550.82;;2389.33
1.38;;1218.84;342.409;1561.25;;2389.33
1.39;;1218.84;334.296;1553.14;;2389.33
1.4;;1218.84;331.424;1550.26;;2389.33
1.41;;1218.84;339.143;1557.98;;2389.33
1.42;;1218.84;333.789;1552.63;;2389.33
1.43;;1218.84;338.257;1557.1;;2389.33
1.44;;1218.84;336.073;1554.91;;2389.33
1.45;;1218.84;336.155;1554.99;;2389.33
1.46;;1218.84;336.074;1554.91;;2389.33
1.47;;1218.84;340.122;1558.96;;2389.33
1.48;;1218.84;338.982;1557.82;;2389.33
1.49;;1218.84;345.178;1564.02;;2389.33
1.5;;1218.84;342.022;1560.86;;2389.33
1.51;;1218.84;346.604;1565.44;;2389.33
1.52;;1218.84;342.973;1561.81;;2389.33
1.53;;1218.84;343.052;1561.89;;2389.33
1.54;;1218.84;345.423;1564.26;;2389.33
1.55;;1218.84;341.567;1560.41;;2389.33
1.56;;1218.84;343.65;1562.49;;2389.33
1.57;;1218.84;345.114;1563.95;;2389.33
1.58;;1218.84;354.443;1573.28;;2389.33
1.59;;1218.84;344.273;1563.11;;2389.33
1.6;;1218.84;353.006;1571.85;;2389.33
1.61;;1218.84;351.403;1570.24;;2389.33
1.62;;1218.84;355.751;1574.59;;2389.33
1.63;;1218.84;346.513;1565.35;;2389.33
1.64;;1218.84;349.64;1568.48;;2389.33
1.65;;1218.84;349.67;1568.51;;2389.33
1.66;;1218.84;350.875;1569.71;;2389.33
1.67;;1218.84;348.586;1567.43;;2389.33
1.68;;1218.84;351.352;1570.19;;2389.33
1.69;;1218.84;362.425;1581.26;;2389.33
1.7;;1218.84;350.155;1568.99;;2389.33
1.71;;1218.84;359.699;1578.54;;2389.33
1.72;;1218.84;353.477;1572.32;;2389.33
1.73;;1218.84;364.329;1583.17;;2389.33
1.74;;1218.84;358.397;1577.24;;2389.33
1.75;;1218.84;354.626;1573.47;;2389.33
1.76;;1218.84;356.184;1575.02;;2389.33
1.77;;1218.84;356.933;1575.77;;2389.33
1.78;;1218.84;358.841;1577.68;;2389.33
1.79;;1218.84;355.716;1574.56;;2389.33
1.8;;1218.84;355.578;1574.42;;2389.33
1.81;;1218.84;359.11;1577.95;;2389.33
1.82;;1218.84;366.575;1585.41;;2389.33
1.83;;1218.84;357.081;1575.92;;2389.33
1.84;;1218.84;367.442;1586.28;;2389.33
1.85;;1218.84;361.963;1580.8;;2389.33
1.86;;1218.84;368.833;1587.67;;2389.33
1.87;;1218.84;358.088;1576.93;;2389.33
1.88;;1218.84;360.804;1579.64;;2389.33
1.89;;1218.84;360.422;1579.26;;2389.33
1.9;;1218.84;360.087;1578.93;;2389.33
1.91;;1218.84;359.659;1578.5;;2389.33
1.92;;1218.84;363.126;1581.97;;2389.33
1.93;;1218.84;368.942;1587.78;;2389.33
1.94;;1218.84;364.377;1583.22;;2389.33
1.95;;1218.84;364.534;1583.37;;2389.33
1.96;;1218.84;366.022;1584.86;;2389.33
1.97;;1218.84;364.025;1582.86;;2389.33
1.98;;1218.84;364.851;1583.69;;2389.33
1.99;;1218.84;363.768;1582.61;;2389.33
2;;1218.84;361.301;1580.14;;2389.33
2.01;;1218.84;365.149;1583.99;;2389.33
2.02;;1218.84;365.599;1584.44;;2389.33
2.03;;1218.84;363.234;1582.07;;2389.33
2.04;;1218.84;364.943;1583.78;;2389.33
2.05;;1218.84;367.668;1586.51;;2389.33
2.06;;1218.84;376.51;1595.35;;2389.33
2.07;;1218.84;367.582;1586.42;;2389.33
2.08;;1218.84;365.028;1583.87;;2389.33
2.09;;1218.84;371.563;1590.4;;2389.33
2.1;;1218.84;365.397;1584.24;;2389.33
2.11;;1218.84;368.296;1587.14;;2389.33
2.12;;1218.84;367.878;1586.72;;2389.33
2.13;;1218.84;366.427;1585.27;;2389.33
2.14;;1218.84;366.987;1585.83;;2389.33
2.15;;1218.84;366.382;1585.22;;2389.33
2.16;;1218.84;369.244;1588.08;;2389.33
2.17;;1218.84;371.876;1590.71;;2389.33
2.18;;1218.84;370.438;1589.28;;2389.33
2.19;;1218.84;373.905;1592.74;;2389.33
2.2;;1218.84;372.3;1591.14;;2389.33
2.21;;1218.84;369.612;1588.45;;2389.33
2.22;;1218.84;371.87;1590.71;;2389.33
2.23;;1218.84;367.712;1586.55;;2389.33
2.24;;1218.84;369.94;1588.78;;2389.33
2.25;;1218.84;368.935;1587.77;;2389.33
2.26;;1218.84;377.725;1596.56;;2389.33
2.27;;1218.84;369.242;1588.08;;2389.33
2.28;;1218.84;375.762;1594.6;;2389.33
2.29;;1218.84;375.395;1594.23;;2389.33
2.3;;1218.84;377.137;1595.98;;2389.33
2.31;;1218.84;370.228;1589.07;;2389.33
2.32;;1218.84;371.352;1590.19;;2389.33
2.33;;1218.84;374.787;1593.63;;2389.33
2.34;;1218.84;371.608;1590.45;;2389.33
2.35;;1218.84;369.782;1588.62;;2389.33
2.36;;1218.84;372.132;1590.97;;2389.33
2.37;;1218.84;383.323;1602.16;;2389.33
2.38;;1218.84;370.289;1589.13;;2389.33
2.39;;1218.84;381.669;1600.51;;2389.33
2.4;;1218.84;372.917;1591.76;;2389.33
2.41;;1218.84;382.982;1601.82;;2389.33
2.42;;1218.84;375.56;1594.4;;2389.33
2.43;;1218.84;372.734;1591.57;;2389.33
2.44;;1218.84;375.328;1594.17;;2389.33
2.45;;1218.84;374.034;1592.87;;2389.33
2.46;;1218.84;373.885;1592.72;;2389.33
2.47;;1218.84;373.547;1592.39;;2389.33
2.48;;1218.84;371.893;1590.73;;2389.33
2.49;;1218.84;374.776;1593.62;;2389.33
2.5;;1218.84;382.838;1601.68;;2389.33
2.51;;1218.84;374.601;1593.44;;2389.33
2.52;;1218.84;382.167;1601.01;;2389.33
2.53;;1218.84;377.297;1596.14;;2389.33
2.54;;1218.84;377.807;1596.65;;2389.33
2.55;;1218.84;372.742;1591.58;;2389.33
2.56;;1218.84;375.126;1593.97;;2389.33
2.57;;1218.84;374.694;1593.53;;2389.33
2.58;;1218.84;372.982;1591.82;;2389.33
2.59;;1218.84;373.466;1592.31;;2389.33
2.6;;1218.84;379.02;1597.86;;2389.33
2.61;;1218.84;383.541;1602.38;;2389.33
2.62;;1218.84;377.138;1595.98;;2389.33
2.63;;1218.84;373.843;1592.68;;2389.33
2.64;;1218.84;380.59;1599.43;;2389.33
2.65;;1218.84;375.208;1594.05;;2389.33
2.66;;1218.84;372.485;1591.32;;2389.33
2.67;;1218.84;376.428;1595.27;;2389.33
2.68;;1218.84;385.4;1604.24;;2389.33
2.69;;1218.84;373.925;1592.76;;2389.33
2.7;;1218.84;383.272;1602.11;;2389.33
2.71;;1218.84;376.407;1595.25;;2389.33
2.72;;1218.84;386.623;1605.46;;2389.33
2.73;;1218.84;376.994;1595.83;;2389.33
2.74;;1218.84;375.487;1594.33;;2389.33
2.75;;1218.84;379.521;1598.36;;2389.33
2.76;;1218.84;376.248;1595.09;;2389.33
2.77;;1218.84;377.511;1596.35;;2389.33
2.78;;1218.84;376.196;1595.04;;2389.33
2.79;;1218.84;374.044;1592.88;;2389.33
2.8;;1218.84;375.823;1594.66;;2389.33
2.81;;1218.84;384.539;1603.38;;2389.33
2.82;;1218.84;375.993;1594.83;;2389.33
2.83;;1218.84;384.917;1603.76;;2389.33
2.84;;1218.84;379.627;1598.47;;2389.33
2.85;;1218.84;383.054;1601.89;;2389.33
2.86;;1218.84;375.249;1594.09;;2389.33
2.87;;1218.84;378.062;1596.9;;2389.33
2.88;;1218.84;377.399;1596.24;;2389.33
2.89;;1218.84;374.841;1593.68;;2389.33
2.9;;1218.84;375.807;1594.65;;2389.33
2.91;;1218.84;380.528;1599.37;;2389.33
2.92;;1218.84;385.191;1604.03;;2389.33
2.93;;1218.84;378.846;1597.68;;2389.33
2.94;;1218.84;376.023;1594.86;;2389.33
2.95;;1218.84;382.402;1601.24;;2389.33
2.96;;1218.84;376.916;1595.76;;2389.33
2.97;;1218.84;373.847;1592.69;;2389.33
2.98;;1218.84;378.917;1597.76;;2389.33
2.99;;1218.84;384.692;1603.53;;2389.33
3;;1218.84;376.526;1595.37;;2389.33
3.01;;1218.84;382.022;1600.86;;2389.33
3.02;;1218.84;377.919;1596.76;;2389.33
3.03;;1218.84;386.724;1605.56;;2389.33
3.04;;1218.84;379.636;1598.48;;2389.33
3.05;;1218.84;376.019;1594.86;;2389.33
3.06;;1218.84;382.75;1601.59;;2389.33
3.07;;1218.84;377.607;1596.45;;2389.33
3.08;;1218.84;380.887;1599.73;;2389.33
3.09;;1218.84;377.363;1596.2;;2389.33
3.1;;1218.84;376.368;1595.21;;2389.33
3.11;;1218.84;376.793;1595.63;;2389.33
3.12;;1218.84;384.907;1603.75;;2389.33
3.13;;1218.84;377.467;1596.31;;2389.33
3.14;;1218.84;385.905;1604.74;;2389.33
3.15;;1218.84;380.34;1599.18;;2389.33
3.16;;1218.84;382.517;1601.36;;2389.33
3.17;;1218.84;377.381;1596.22;;2389.33
3.18;;1218.84;379.139;1597.98;;2389.33
3.19;;1218.84;379.475;1598.31;;2389.33
3.2;;1218.84;375.685;1594.52;;2389.33
3.21;;1218.84;377.325;1596.16;;2389.33
3.22;;1218.84;380.883;1599.72;;2389.33
3.23;;1218.84;387.243;1606.08;;2389.33
3.24;;1218.84;378.092;1596.93;;2389.33
3.25;;1218.84;383.645;1602.48;;2389.33
3.26;;1218.84;382.872;1601.71;;2389.33
3.27;;1218.84;384.119;1602.96;;2389.33
3.28;;1218.84;374.646;1593.49;;2389.33
3.29;;1218.84;380.31;1599.15;;2389.33
3.3;;1218.84;376.591;1595.43;;2389.33
3.31;;1218.84;379.184;1598.02;;2389.33
3.32;;1218.84;375.57;1594.41;;2389.33
3.33;;1218.84;379.16;1598;;2389.33
3.34;;1218.84;387.95;1606.79;;2389.33
3.35;;1218.84;379.43;1598.27;;2389.33
3.36;;1218.84;376.536;1595.38;;2389.33
3.37;;1218.84;382.891;1601.73;;2389.33
3.38;;1218.84;377.974;1596.81;;2389.33
3.39;;1218.84;381.81;1600.65;;2389.33
3.4;;1218.84;378.521;1597.36;;2389.33
3.41;;1218.84;377.746;1596.59;;2389.33
3.42;;1218.84;378.141;1596.98;;2389.33
3.43;;1218.84;378.412;1597.25;;2389.33
3.44;;1218.84;378.674;1597.51;;2389.33
3.45;;1218.84;382.498;1601.34;;2389.33
3.46;;1218.84;380.959;1599.8;;2389.33
3.47;;1218.84;387.233;1606.07;;2389.33
3.48;;1218.84;380.446;1599.29;;2389.33
3.49;;1218.84;379.56;1598.4;;2389.33
3.5;;1218.84;382.058;1600.9;;2389.33
3.51;;1218.84;376.372;1595.21;;2389.33
3.52;;1218.84;378.214;1597.05;;2389.33
3.53;;1218.84;379.81;1598.65;;2389.33
3.54;;1218.84;387.817;1606.66;;2389.33
3.55;;1218.84;377.316;1596.16;;2389.33
3.56;;1218.84;385.797;1604.64;;2389.33
3.57;;1218.84;383.416;1602.26;;2389.33
3.58;;1218.84;384.458;1603.3;;2389.33
3.59;;1218.84;375.225;1594.06;;2389.33
3.6;;1218.84;380.621;1599.46;;2389.33
3.61;;1218.84;378.612;1597.45;;2389.33
3.62;;1218.84;379.709;1598.55;;2389.33
3.63;;1218.84;377.136;1595.97;;2389.33
3.64;;1218.84;379.906;1598.74;;2389.33
3.65;;1218.84;389.093;1607.93;;2389.33
3.66;;1218.84;378.362;1597.2;;2389.33
3.67;;1218.84;377.859;1596.7;;2389.33
3.68;;1218.84;382.081;1600.92;;2389.33
3.69;;1218.84;378.502;1597.34;;2389.33
3.7;;1218.84;382.006;1600.84;;2389.33
3.71;;1218.84;379.471;1598.31;;2389.33
3.72;;1218.84;378.313;1597.15;;2389.33
3.73;;1218.84;379.011;1597.85;;2389.33
3.74;;1218.84;377.424;1596.26;;2389.33
3.75;;1218.84;380.003;1598.84;;2389.33
3.76;;1218.84;384.711;1603.55;;2389.33
3.77;;1218.84;380.867;1599.71;;2389.33
3.78;;1218.84;383.496;1602.34;;2389.33
3.79;;1218.84;381.749;1600.59;;2389.33
3.8;;1218.84;379.603;1598.44;;2389.33
3.81;;1218.84;381.553;1600.39;;2389.33
3.82;;1218.84;377.104;1595.94;;2389.33
3.83;;1218.84;378.746;1597.59;;2389.33
3.84;;1218.84;378.928;1597.77;;2389.33
3.85;;1218.84;387.645;1606.48;;2389.33
3.86;;1218.84;377.819;1596.66;;2389.33
3.87;;1218.84;386.103;1604.94;;2389.33
3.88;;1218.84;384.052;1602.89;;2389.33
3.89;;1218.84;382.872;1601.71;;2389.33
3.9;;1218.84;375.823;1594.66;;2389.33
3.91;;1218.84;380.902;1599.74;;2389.33
3.92;;1218.84;378.719;1597.56;;2389.33
3.93;;1218.84;378.928;1597.77;;2389.33
3.94;;1218.84;375.696;1594.54;;2389.33
3.95;;1218.84;381.012;1599.85;;2389.33
3.96;;1218.84;390.538;1609.38;;2389.33
3.97;;1218.84;379.508;1598.35;;2389.33
3.98;;1218.84;377.816;1596.66;;2389.33
3.99;;1218.84;384.114;1602.95;;2389.33
4;;1218.84;377.712;1596.55;;2389.33
4.01;;1218.84;380.083;1598.92;;2389.33
4.02;;1218.84;380.167;1599.01;;2389.33
4.03;;1218.84;377.984;1596.82;;2389.33
4.04;;1218.84;378.466;1597.31;;2389.33
4.05;;1218.84;377.144;1595.98;;2389.33
4.06;;1218.84;381.226;1600.06;;2389.33
4.07;;1218.84;387.722;1606.56;;2389.33
4.08;;1218.84;380.398;1599.24;;2389.33
4.09;;1218.84;380.09;1598.93;;2389.33
4.1;;1218.84;382.78;1601.62;;2389.33
4.11;;1218.84;378.902;1597.74;;2389.33
4.12;;1218.84;380.368;1599.21;;2389.33
4.13;;1218.84;378.24;1597.08;;2389.33
4.14;;1218.84;381.03;1599.87;;2389.33
4.15;;1218.84;378.547;1597.39;;2389.33
4.16;;1218.84;387.106;1605.94;;2389.33
4.17;;1218.84;379.44;1598.28;;2389.33
4.18;;1218.84;386.601;1605.44;;2389.33
4.19;;1218.84;382.719;1601.56;;2389.33
4.2;;1218.84;380.74;1599.58;;2389.33
4.21;;1218.84;376.708;1595.55;;2389.33
4.22;;1218.84;381.236;1600.07;;2389.33
4.23;;1218.84;378.609;1597.45;;2389.33
4.24;;1218.84;378.698;1597.54;;2389.33
4.25;;1218.84;376.585;1595.42;;2389.33
4.26;;1218.84;381.015;1599.85;;2389.33
4.27;;1218.84;390.207;1609.05;;2389.33
4.28;;1218.84;379.219;1598.06;;2389.33
4.29;;1218.84;378.761;1597.6;;2389.33
4.3;;1218.84;384.382;1603.22;;2389.33
4.31;;1218.84;378.229;1597.07;;2389.33
4.32;;1218.84;378.682;1597.52;;2389.33
4.33;;1218.84;380.676;1599.52;;2389.33
4.34;;1218.84;378.272;1597.11;;2389.33
4.35;;1218.84;378.591;1597.43;;2389.33
4.36;;1218.84;377.127;1595.97;;2389.33
4.37001;;1218.84;382.603;1601.44;;2389.33
4.38001;;1218.84;388.799;1607.64;;2389.33
4.39001;;1218.84;379.829;1598.67;;2389.33
4.40001;;1218.84;379.088;1597.93;;2389.33
4.41001;;1218.84;383.069;1601.91;;2389.33
4.42001;;1218.84;378.473;1597.31;;2389.33
4.43001;;1218.84;379.295;1598.13;;2389.33
4.44001;;1218.84;379.023;1597.86;;2389.33
4.45001;;1218.84;385.366;1604.2;;2389.33
4.46001;;1218.84;377.742;1596.58;;2389.33
4.47001;;1218.84;386.494;1605.33;;2389.33
4.48001;;1218.84;381.697;1600.54;;2389.33
4.49001;;1218.84;386.562;1605.4;;2389.33
4.50001;;1218.84;378.481;1597.32;;2389.33
4.51001;;1218.84;380.298;1599.14;;2389.33
4.52001;;1218.84;377.922;1596.76;;2389.33
4.53001;;1218.84;381.301;1600.14;;2389.33
4.54001;;1218.84;378.307;1597.15;;2389.33
4.55001;;1218.84;378.492;1597.33;;2389.33
4.56001;;1218.84;386.058;1604.9;;2389.33
4.57001;;1218.84;380.614;1599.45;;2389.33
4.58001;;1218.84;378.988;1597.83;;2389.33
4.59001;;1218.84;381.272;1600.11;;2389.33
4.60001;;1218.84;379.081;1597.92;;2389.33
4.61001;;1218.84;385.132;1603.97;;2389.33
4.62001;;1218.84;378.047;1596.89;;2389.33
4.63001;;1218.84;378.519;1597.36;;2389.33
4.64001;;1218.84;379.87;1598.71;;2389.33
4.65001;;1218.84;383.968;1602.81;;2389.33
4.66001;;1218.84;378.304;1597.14;;2389.33
4.67001;;1218.84;385.388;1604.23;;2389.33
4.68001;;1218.84;382.158;1601;;2389.33
4.69001;;1218.84;386.76;1605.6;;2389.33
4.70001;;1218.84;378.129;1596.97;;2389.33
4.71001;;1218.84;380.514;1599.35;;2389.33
4.72001;;1218.84;380.284;1599.12;;2389.33
4.73001;;1218.84;377.126;1595.97;;2389.33
4.74001;;1218.84;378.311;1597.15;;2389.33
4.75001;;1218.84;382.583;1601.42;;2389.33
4.76001;;1218.84;387.558;1606.4;;2389.33
4.77001;;1218.84;380.515;1599.35;;2389.33
4.78001;;1218.84;378.667;1597.51;;2389.33
4.79001;;1218.84;383.966;1602.81;;2389.33
4.80001;;1218.84;378.513;1597.35;;2389.33
4.81002;;1218.84;376.896;1595.73;;2389.33
4.82002;;1218.84;380.746;1599.59;;2389.33
4.83002;;1218.84;388.628;1607.47;;2389.33
4.84002;;1218.84;377.599;1596.44;;2389.33
4.85002;;1218.84;386.903;1605.74;;2389.33
4.86002;;1218.84;381.396;1600.24;;2389.33
4.87002;;1218.84;390.021;1608.86;;2389.33
4.88002;;1218.84;380.611;1599.45;;2389.33
4.89002;;1218.84;378.781;1597.62;;2389.33
4.90002;;1218.84;383.315;1602.15;;2389.33
4.91002;;1218.84;378.423;1597.26;;2389.33
4.92002;;1218.84;377.851;1596.69;;2389.33
4.93002;;1218.84;380.898;1599.74;;2389.33
4.94002;;1218.84;387.22;1606.06;;2389.33
4.95002;;1218.84;378.208;1597.05;;2389.33
4.96002;;1218.84;384.551;1603.39;;2389.33
4.97002;;1218.84;382.244;1601.08;;2389.33
4.98002;;1218.84;383.732;1602.57;;2389.33
4.99002;;1218.84;377.97;1596.81;;2389.33
5.00002;;1218.84;379.12;1597.96;;2389.33
5.01002;;1218.84;380.443;1599.28;;2389.33
5.02002;;1218.84;377.85;1596.69;;2389.33
5.03002;;1218.84;380.646;1599.49;;2389.33
5.04002;;1218.84;381.774;1600.61;;2389.33
5.05002;;1218.84;386.309;1605.15;;2389.33
5.06002;;1218.84;377.625;1596.46;;2389.33
5.07002;;1218.84;377.891;1596.73;;2389.33
5.08002;;1218.84;380.153;1598.99;;2389.33
5.09002;;1218.84;379.763;1598.6;;2389.33
5.10002;;1218.84;376.821;1595.66;;2389.33
5.11002;;1218.84;378.958;1597.8;;2389.33
5.12002;;1218.84;388.761;1607.6;;2389.33
5.13002;;1218.84;377.257;1596.1;;2389.33
5.14002;;1218.84;383.276;1602.12;;2389.33
5.15002;;1218.84;379.307;1598.15;;2389.33
5.16002;;1218.84;384.191;1603.03;;2389.33
5.17002;;1218.84;383.385;1602.22;;2389.33
5.18002;;1218.84;378.893;1597.73;;2389.33
5.19002;;1218.84;378.307;1597.15;;2389.33
5.20002;;1218.84;380.418;1599.26;;2389.33
5.21002;;1218.84;378.83;1597.67;;2389.33
5.22002;;1218.84;378.811;1597.65;;2389.33
5.23002;;1218.84;376.403;1595.24;;2389.33
5.24003;;1218.84;381.631;1600.47;;2389.33
5.25003;;1218.84;388.878;1607.72;;2389.33
5.26003;;1218.84;380.948;1599.79;;2389.33
5.27003;;1218.84;379.136;1597.97;;2389.33
5.28003;;1218.84;382.895;1601.73;;2389.33
5.29003;;1218.84;376.729;1595.57;;2389.33
5.30003;;1218.84;378.096;1596.94;;2389.33
5.31003;;1218.84;378.482;1597.32;;2389.33
5.32003;;1218.84;386.064;1604.9;;2389.33
5.33003;;1218.84;377.243;1596.08;;2389.33
5.34003;;1218.84;383.818;1602.66;;2389.33
5.35003;;1218.84;383.374;1602.21;;2389.33
5.36003;;1218.84;386.525;1605.36;;2389.33
5.37003;;1218.84;377.542;1596.38;;2389.33
5.38003;;1218.84;379.147;1597.99;;2389.33
5.39003;;1218.84;379.77;1598.61;;2389.33
5.40003;;1218.84;379.284;1598.12;;2389.33
5.41003;;1218.84;377.142;1595.98;;2389.33
5.42003;;1218.84;380.167;1599.01;;2389.33
5.43003;;1218.84;389.28;1608.12;;2389.33
5.44003;;1218.84;377.694;1596.53;;2389.33
5.45003;;1218.84;378.017;1596.86;;2389.33
5.46003;;1218.84;382.289;1601.13;;2389.33
5.47003;;1218.84;379.149;1597.99;;2389.33
5.48003;;1218.84;380.872;1599.71;;2389.33
5.49003;;1218.84;379.791;1598.63;;2389.33
5.50003;;1218.84;378.677;1597.52;;2389.33
5.51003;;1218.84;379.449;1598.29;;2389.33
5.52003;;1218.84;377.569;1596.41;;2389.33
5.53003;;1218.84;379.922;1598.76;;2389.33
5.54003;;1218.84;381.877;1600.72;;2389.33
5.55003;;1218.84;380.884;1599.72;;2389.33
5.56003;;1218.84;383.65;1602.49;;2389.33
5.57003;;1218.84;382.253;1601.09;;2389.33
5.58003;;1218.84;379.295;1598.13;;2389.33
5.59003;;1218.84;380.921;1599.76;;2389.33
5.60003;;1218.84;377.41;1596.25;;2389.33
5.61003;;1218.84;380.321;1599.16;;2389.33
5.62003;;1218.84;378.266;1597.1;;2389.33
5.63003;;1218.84;386.914;1605.75;;2389.33
5.64003;;1218.84;378.99;1597.83;;2389.33
5.65003;;1218.84;386.122;1604.96;;2389.33
5.66003;;1218.84;382.101;1600.94;;2389.33
5.67003;;1218.84;380.219;1599.06;;2389.33
5.68004;;1218.84;376.828;1595.67;;2389.33
5.69004;;1218.84;381.245;1600.08;;2389.33
5.70004;;1218.84;378.543;1597.38;;2389.33
5.71004;;1218.84;378.352;1597.19;;2389.33
5.72004;;1218.84;376.863;1595.7;;2389.33
5.73004;;1218.84;380.777;1599.62;;2389.33
5.74004;;1218.84;388.866;1607.7;;2389.33
5.75004;;1218.84;379.36;1598.2;;2389.33
5.76004;;1218.84;378.333;1597.17;;2389.33
5.77004;;1218.84;384.497;1603.34;;2389.33
5.78004;;1218.84;377.436;1596.28;;2389.33
5.79004;;1218.84;378.196;1597.03;;2389.33
5.80004;;1218.84;380.126;1598.97;;2389.33
5.81004;;1218.84;379.246;1598.09;;2389.33
5.82004;;1218.84;377.774;1596.61;;2389.33
5.83004;;1218.84;378.112;1596.95;;2389.33
5.84004;;1218.84;382.183;1601.02;;2389.33
5.85004;;1218.84;388.768;1607.61;;2389.33
5.86004;;1218.84;379.121;1597.96;;2389.33
5.87004;;1218.84;378.784;1597.62;;2389.33
5.88004;;1218.84;382.314;1601.15;;2389.33
5.89004;;1218.84;377.637;1596.48;;2389.33
5.90004;;1218.84;378.502;1597.34;;2389.33
5.91004;;1218.84;380.506;1599.34;;2389.33
5.92004;;1218.84;388.206;1607.05;;2389.33
5.93004;;1218.84;379.207;1598.05;;2389.33
5.94004;;1218.84;381.103;1599.94;;2389.33
5.95004;;1218.84;382.633;1601.47;;2389.33
5.96004;;1218.84;380.841;1599.68;;2389.33
5.97004;;1218.84;375.986;1594.82;;2389.33
5.98004;;1218.84;380.557;1599.4;;2389.33
5.99004;;1218.84;381.19;1600.03;;2389.33
6.00004;;1218.84;378.905;1597.74;;2389.33
6.01004;;1218.84;383.203;1602.04;;2389.33
6.02004;;1218.84;379.19;1598.03;;2389.33
6.03004;;1218.84;388.18;1607.02;;2389.33
6.04004;;1218.84;380.605;1599.44;;2389.33
6.05004;;1218.84;377.637;1596.48;;2389.33
6.06004;;1218.84;383.48;1602.32;;2389.33
6.07004;;1218.84;378.878;1597.72;;2389.33
6.08004;;1218.84;380.006;1598.85;;2389.33
6.09004;;1218.84;379.532;1598.37;;2389.33
6.10004;;1218.84;380.077;1598.92;;2389.33
6.11004;;1218.84;378.211;1597.05;;2389.33
6.12005;;1218.84;387.528;1606.37;;2389.33
6.13005;;1218.84;380.325;1599.16;;2389.33
6.14005;;1218.84;386.768;1605.61;;2389.33
6.15005;;1218.84;379.473;1598.31;;2389.33
6.16005;;1218.84;378.444;1597.28;;2389.33
6.17005;;1218.84;378.677;1597.52;;2389.33
6.18005;;1218.84;378.77;1597.61;;2389.33
6.19005;;1218.84;379.219;1598.06;;2389.33
6.20005;;1218.84;379.27;1598.11;;2389.33
6.21005;;1218.84;384.798;1603.64;;2389.33
6.22005;;1218.84;380.59;1599.43;;2389.33
6.23005;;1218.84;379.049;1597.89;;2389.33
6.24005;;1218.84;380.458;1599.3;;2389.33
6.25005;;1218.84;379.604;1598.44;;2389.33
6.26005;;1218.84;380.278;1599.12;;2389.33
6.27005;;1218.84;378.003;1596.84;;2389.33
6.28005;;1218.84;376.18;1595.02;;2389.33
6.29005;;1218.84;378.283;1597.12;;2389.33
6.30005;;1218.84;389.068;1607.91;;2389.33
6.31005;;1218.84;376.73;1595.57;;2389.33
6.32005;;1218.84;389.073;1607.91;;2389.33
6.33005;;1218.84;382.698;1601.54;;2389.33
6.34005;;1218.84;378.968;1597.81;;2389.33
6.35005;;1218.84;378.321;1597.16;;2389.33
6.36005;;1218.84;380.35;1599.19;;2389.33
6.37005;;1218.84;379.286;1598.13;;2389.33
6.38005;;1218.84;378.472;1597.31;;2389.33
6.39005;;1218.84;376.841;1595.68;;2389.33
6.40005;;1218.84;381.942;1600.78;;2389.33
6.41005;;1218.84;388.321;1607.16;;2389.33
6.42005;;1218.84;379.994;1598.83;;2389.33
6.43005;;1218.84;378.862;1597.7;;2389.33
6.44005;;1218.84;383.112;1601.95;;2389.33
6.45005;;1218.84;376.879;1595.72;;2389.33
6.46005;;1218.84;377.232;1596.07;;2389.33
6.47005;;1218.84;378.245;1597.08;;2389.33
6.48005;;1218.84;385.514;1604.35;;2389.33
6.49005;;1218.84;376.715;1595.55;;2389.33
6.50005;;1218.84;384.388;1603.23;;2389.33
6.51005;;1218.84;382.752;1601.59;;2389.33
6.52005;;1218.84;384.711;1603.55;;2389.33
6.53005;;1218.84;374.766;1593.61;;2389.33
6.54005;;1218.84;379.73;1598.57;;2389.33
6.55006;;1218.84;378.075;1596.91;;2389.33
6.56006;;1218.84;379.144;1597.98;;2389.33
6.57006;;1218.84;375.623;1594.46;;2389.33
6.58006;;1218.84;380.44;1599.28;;2389.33
6.59006;;1218.84;388.74;1607.58;;2389.33
6.60006;;1218.84;379.17;1598.01;;2389.33
6.61006;;1218.84;376.966;1595.8;;2389.33
6.62006;;1218.84;383.712;1602.55;;2389.33
6.63006;;1218.84;377.049;1595.89;;2389.33
6.64006;;1218.84;378.464;1597.3;;2389.33
6.65006;;1218.84;379.121;1597.96;;2389.33
6.66006;;1218.84;382.388;1601.23;;2389.33
6.67006;;1218.84;376.553;1595.39;;2389.33
6.68006;;1218.84;384.768;1603.61;;2389.33
6.69006;;1218.84;380.66;1599.5;;2389.33
6.70006;;1218.84;388.541;1607.38;;2389.33
6.71006;;1218.84;377.211;1596.05;;2389.33
6.72006;;1218.84;379.413;1598.25;;2389.33
6.73006;;1218.84;379.084;1597.92;;2389.33
6.74006;;1218.84;378.44;1597.28;;2389.33
6.75006;;1218.84;377.744;1596.58;;2389.33
6.76006;;1218.84;379.714;1598.55;;2389.33
6.77006;;1218.84;385.859;1604.7;;2389.33
6.78006;;1218.84;380.375;1599.21;;2389.33
6.79006;;1218.84;380.45;1599.29;;2389.33
6.80006;;1218.84;381.96;1600.8;;2389.33
6.81006;;1218.84;379.32;1598.16;;2389.33
6.82006;;1218.84;378.632;1597.47;;2389.33
6.83006;;1218.84;379.071;1597.91;;2389.33
6.84006;;1218.84;381.209;1600.05;;2389.33
6.85006;;1218.84;378.394;1597.23;;2389.33
6.86006;;1218.84;386.878;1605.72;;2389.33
6.87006;;1218.84;377.263;1596.1;;2389.33
6.88006;;1218.84;387.648;1606.49;;2389.33
6.89006;;1218.84;381.273;1600.11;;2389.33
6.90006;;1218.84;376.953;1595.79;;2389.33
6.91006;;1218.84;381.228;1600.07;;2389.33
6.92006;;1218.84;379.34;1598.18;;2389.33
6.93006;;1218.84;380.253;1599.09;;2389.33
6.94006;;1218.84;378.27;1597.11;;2389.33
6.95006;;1218.84;376.062;1594.9;;2389.33
6.96006;;1218.84;380.047;1598.89;;2389.33
6.97006;;1218.84;387.657;1606.5;;2389.33
6.98006;;1218.84;379.249;1598.09;;2389.33
6.99007;;1218.84;384.536;1603.38;;2389.33
7.00007;;1218.84;381.264;1600.1;;2389.33
7.01007;;1218.84;378.695;1597.53;;2389.33
7.02007;;1218.84;377.629;1596.47;;2389.33
7.03007;;1218.84;379.063;1597.9;;2389.33
7.04007;;1218.84;378.963;1597.8;;2389.33
7.05007;;1218.84;376.994;1595.83;;2389.33
7.06007;;1218.84;378.457;1597.3;;2389.33
7.07007;;1218.84;382.681;1601.52;;2389.33
7.08007;;1218.84;386.181;1605.02;;2389.33
7.09007;;1218.84;379.76;1598.6;;2389.33
7.10007;;1218.84;377.794;1596.63;;2389.33
7.11007;;1218.84;382.421;1601.26;;2389.33
7.12007;;1218.84;377.997;1596.84;;2389.33
7.13007;;1218.84;376.941;1595.78;;2389.33
7.14007;;1218.84;379.034;1597.87;;2389.33
7.15007;;1218.84;389.04;1607.88;;2389.33
7.16007;;1218.84;376.141;1594.98;;2389.33
7.17007;;1218.84;387.9;1606.74;;2389.33
7.18007;;1218.84;381.052;1599.89;;2389.33
7.19007;;1218.84;384.648;1603.49;;2389.33
7.20007;;1218.84;378.609;1597.45;;2389.33
7.21007;;1218.84;379.61;1598.45;;2389.33
7.22007;;1218.84;378.952;1597.79;;2389.33
7.23007;;1218.84;378.928;1597.77;;2389.33
7.24007;;1218.84;377.057;1595.9;;2389.33
7.25007;;1218.84;381.354;1600.19;;2389.33
7.26007;;1218.84;386.838;1605.68;;2389.33
7.27007;;1218.84;379.175;1598.01;;2389.33
7.28007;;1218.84;378.1;1596.94;;2389.33
7.29007;;1218.84;382.545;1601.38;;2389.33
7.30007;;1218.84;377.057;1595.9;;2389.33
7.31007;;1218.84;378.045;1596.88;;2389.33
7.32007;;1218.84;377.656;1596.49;;2389.33
7.33007;;1218.84;383.724;1602.56;;2389.33
7.34007;;1218.84;376.702;1595.54;;2389.33
7.35007;;1218.84;384.46;1603.3;;2389.33
7.36007;;1218.84;380.382;1599.22;;2389.33
7.37007;;1218.84;385.773;1604.61;;2389.33
7.38007;;1218.84;377.98;1596.82;;2389.33
7.39007;;1218.84;378.195;1597.03;;2389.33
7.40007;;1218.84;377.015;1595.85;;2389.33
7.41007;;1218.84;380.076;1598.92;;2389.33
7.42007;;1218.84;376.984;1595.82;;2389.33
7.43008;;1218.84;377.625;1596.46;;2389.33
7.44008;;1218.84;385.259;1604.1;;2389.33
7.45008;;1218.84;379.036;1597.88;;2389.33
7.46008;;1218.84;378.376;1597.22;;2389.33
7.47008;;1218.84;380.174;1599.01;;2389.33
7.48008;;1218.84;378.043;1596.88;;2389.33
7.49008;;1218.84;383.473;1602.31;;2389.33
7.50008;;1218.84;377.556;1596.4;;2389.33
7.51008;;1218.84;377.789;1596.63;;2389.33
7.52008;;1218.84;378.839;1597.68;;2389.33
7.53008;;1218.84;378.838;1597.68;;2389.33
7.54008;;1218.84;377.998;1596.84;;2389.33
7.55008;;1218.84;382.619;1601.46;;2389.33
7.56008;;1218.84;380.946;1599.78;;2389.33
7.57008;;1218.84;383.785;1602.62;;2389.33
7.58008;;1218.84;377.504;1596.34;;2389.33
7.59008;;1218.84;379.26;1598.1;;2389.33
7.60008;;1218.84;378.845;1597.68;;2389.33
7.61008;;1218.84;376.508;1595.35;;2389.33
7.62008;;1218.84;379.278;1598.12;;2389.33
7.63008;;1218.84;381.244;1600.08;;2389.33
7.64008;;1218.84;384.476;1603.32;;2389.33
7.65008;;1218.84;380.401;1599.24;;2389.33
7.66008;;1218.84;378.263;1597.1;;2389.33
7.67008;;1218.84;381.912;1600.75;;2389.33
7.68008;;1218.84;377.655;1596.49;;2389.33
7.69008;;1218.84;375.764;1594.6;;2389.33
7.70008;;1218.84;379.299;1598.14;;2389.33
7.71008;;1218.84;387.884;1606.72;;2389.33
7.72008;;1218.84;376.351;1595.19;;2389.33
7.73008;;1218.84;386.72;1605.56;;2389.33
7.74008;;1218.84;381.39;1600.23;;2389.33
7.75008;;1218.84;380.485;1599.32;;2389.33
7.76008;;1218.84;379.342;1598.18;;2389.33
7.77008;;1218.84;379.017;1597.86;;2389.33
7.78008;;1218.84;381.472;1600.31;;2389.33
7.79008;;1218.84;377.542;1596.38;;2389.33
7.80008;;1218.84;376.71;1595.55;;2389.33
7.81008;;1218.84;380.53;1599.37;;2389.33
7.82008;;1218.84;387.038;1605.88;;2389.33
7.83008;;1218.84;377.752;1596.59;;2389.33
7.84008;;1218.84;381.992;1600.83;;2389.33
7.85008;;1218.84;381.77;1600.61;;2389.33
7.86009;;1218.84;378.584;1597.42;;2389.33
7.87009;;1218.84;376.158;1595;;2389.33
7.88009;;1218.84;378.091;1596.93;;2389.33
7.89009;;1218.84;383.016;1601.86;;2389.33
7.90009;;1218.84;376.44;1595.28;;2389.33
7.91009;;1218.84;381.649;1600.49;;2389.33
7.92009;;1218.84;382.175;1601.01;;2389.33
7.93009;;1218.84;385.287;1604.13;;2389.33
7.94009;;1218.84;376.07;1594.91;;2389.33
7.95009;;1218.84;378.213;1597.05;;2389.33
7.96009;;1218.84;377.729;1596.57;;2389.33
7.97009;;1218.84;378.402;1597.24;;2389.33
7.98009;;1218.84;375.594;1594.43;;2389.33
7.99009;;1218.84;379.647;1598.49;;2389.33
8.00009;;1218.84;388.384;1607.22;;2389.33
8.01009;;1218.84;377.323;1596.16;;2389.33
8.02009;;1218.84;376.312;1595.15;;2389.33
8.03009;;1218.84;382.1;1600.94;;2389.33
8.04009;;1218.84;376.739;1595.58;;2389.33
8.05009;;1218.84;379.018;1597.86;;2389.33
8.06009;;1218.84;378.796;1597.64;;2389.33
8.07009;;1218.84;377.29;1596.13;;2389.33
8.08009;;1218.84;377.13;1595.97;;2389.33
8.09009;;1218.84;377.999;1596.84;;2389.33
8.10009;;1218.84;380.224;1599.06;;2389.33
8.11009;;1218.84;387.06;1605.9;;2389.33
8.12009;;1218.84;377.46;1596.3;;2389.33
8.13009;;1218.84;377.852;1596.69;;2389.33
8.14009;;1218.84;379.71;1598.55;;2389.33
8.15009;;1218.84;377.424;1596.26;;2389.33
8.16009;;1218.84;377.353;1596.19;;2389.33
8.17009;;1218.84;379.166;1598.01;;2389.33
8.18009;;1218.84;385.201;1604.04;;2389.33
8.19009;;1218.84;379.162;1598;;2389.33
8.20009;;1218.84;380.158;1599;;2389.33
8.21009;;1218.84;381.383;1600.22;;2389.33
8.22009;;1218.84;379.36;1598.2;;2389.33
8.23009;;1218.84;376.805;1595.64;;2389.33
8.24009;;1218.84;378.731;1597.57;;2389.33
8.25009;;1218.84;381.522;1600.36;;2389.33
8.26009;;1218.84;377.86;1596.7;;2389.33
8.27009;;1218.84;386.159;1605;;2389.33
8.28009;;1218.84;377.544;1596.38;;2389.33
8.29009;;1218.84;387.381;1606.22;;2389.33
8.30009;;1218.84;379.686;1598.53;;2389.33
8.31009;;1218.84;376.939;1595.78;;2389.33
8.3201;;1218.84;380.576;1599.42;;2389.33
8.3301;;1218.84;378.52;1597.36;;2389.33
8.3401;;1218.84;378.147;1596.99;;2389.33
8.3501;;1218.84;378.44;1597.28;;2389.33
8.3601;;1218.84;379.518;1598.36;;2389.33
8.3701;;1218.84;379.039;1597.88;;2389.33
8.3801;;1218.84;382.654;1601.49;;2389.33
8.3901;;1218.84;380.504;1599.34;;2389.33
8.4001;;1218.84;378.562;1597.4;;2389.33
8.4101;;1218.84;378.757;1597.6;;2389.33
8.4201;;1218.84;375.988;1594.83;;2389.33
8.4301;;1218.84;378.932;1597.77;;2389.33
8.4401;;1218.84;376.495;1595.33;;2389.33
8.4501;;1218.84;383.853;1602.69;;2389.33
8.4601;;1218.84;378.242;1597.08;;2389.33
8.4701;;1218.84;384.708;1603.55;;2389.33
8.4801;;1218.84;379.352;1598.19;;2389.33
8.4901;;1218.84;377.437;1596.28;;2389.33
8.5001;;1218.84;375.519;1594.36;;2389.33
8.5101;;1218.84;379.561;1598.4;;2389.33
8.5201;;1218.84;376.532;1595.37;;2389.33
8.5301;;1218.84;376.792;1595.63;;2389.33
8.5401;;1218.84;381.894;1600.73;;2389.33
8.5501;;1218.84;378.783;1597.62;;2389.33
8.5601;;1218.84;379.447;1598.29;;2389.33
8.5701;;1218.84;379.193;1598.03;;2389.33
8.5801;;1218.84;377.318;1596.16;;2389.33
8.5901;;1218.84;383.164;1602;;2389.33
8.6001;;1218.84;376.674;1595.51;;2389.33
8.6101;;1218.84;376.869;1595.71;;2389.33
8.6201;;1218.84;377.835;1596.67;;2389.33
8.6301;;1218.84;383.879;1602.72;;2389.33
8.6401;;1218.84;376.999;1595.84;;2389.33
8.6501;;1218.84;385.358;1604.2;;2389.33
8.6601;;1218.84;379.913;1598.75;;2389.33
8.6701;;1218.84;381.046;1599.89;;2389.33
8.6801;;1218.84;376.48;1595.32;;2389.33
8.6901;;1218.84;378.751;1597.59;;2389.33
8.7001;;1218.84;377.664;1596.5;;2389.33
8.7101;;1218.84;376.653;1595.49;;2389.33
8.7201;;1218.84;380.447;1599.29;;2389.33
8.7301;;1218.84;380.864;1599.7;;2389.33
8.7401;;1218.84;379.486;1598.33;;2389.33
8.7501;;1218.84;380.138;1598.98;;2389.33
8.76011;;1218.84;377.736;1596.58;;2389.33
8.77011;;1218.84;379.025;1597.86;;2389.33
8.78011;;1218.84;376.834;1595.67;;2389.33
8.79011;;1218.84;375.441;1594.28;;2389.33
8.80011;;1218.84;376.813;1595.65;;2389.33
8.81011;;1218.84;388.693;1607.53;;2389.33
8.82011;;1218.84;376.029;1594.87;;2389.33
8.83011;;1218.84;383.434;1602.27;;2389.33
8.84011;;1218.84;381.708;1600.55;;2389.33
8.85011;;1218.84;376.487;1595.33;;2389.33
8.86011;;1218.84;376.174;1595.01;;2389.33
8.87011;;1218.84;378.38;1597.22;;2389.33
8.88011;;1218.84;375.693;1594.53;;2389.33
8.89011;;1218.84;377.364;1596.2;;2389.33
8.90011;;1218.84;378.307;1597.15;;2389.33
8.91011;;1218.84;379.39;1598.23;;2389.33
8.92011;;1218.84;385.455;1604.29;;2389.33
8.93011;;1218.84;378.398;1597.24;;2389.33
8.94011;;1218.84;377.893;1596.73;;2389.33
8.95011;;1218.84;379.907;1598.75;;2389.33
8.96011;;1218.84;374.971;1593.81;;2389.33
8.97011;;1218.84;377.26;1596.1;;2389.33
8.98011;;1218.84;379.305;1598.14;;2389.33
8.99011;;1218.84;385.681;1604.52;;2389.33
9.00011;;1218.84;377.636;1596.48;;2389.33
9.01011;;1218.84;381.106;1599.95;;2389.33
9.02011;;1218.84;380.976;1599.82;;2389.33
9.03011;;1218.84;377.811;1596.65;;2389.33
9.04011;;1218.84;375.267;1594.11;;2389.33
9.05011;;1218.84;379.178;1598.02;;2389.33
9.06011;;1218.84;378.355;1597.19;;2389.33
9.07011;;1218.84;376.459;1595.3;;2389.33
9.08011;;1218.84;379.568;1598.41;;2389.33
9.09011;;1218.84;379.926;1598.77;;2389.33
9.10011;;1218.84;383.765;1602.6;;2389.33
9.11011;;1218.84;379.723;1598.56;;2389.33
9.12011;;1218.84;377.156;1595.99;;2389.33
9.13011;;1218.84;382.172;1601.01;;2389.33
9.14011;;1218.84;376.038;1594.88;;2389.33
9.15011;;1218.84;375.918;1594.76;;2389.33
9.16011;;1218.84;379.024;1597.86;;2389.33
9.17011;;1218.84;386.271;1605.11;;2389.33
9.18011;;1218.84;376.186;1595.03;;2389.33
9.19011;;1218.84;385.839;1604.68;;2389.33
9.20012;;1218.84;380.365;1599.2;;2389.33
9.21012;;1218.84;381.659;1600.5;;2389.33
9.22012;;1218.84;375.056;1593.9;;2389.33
9.23012;;1218.84;377.866;1596.7;;2389.33
9.24012;;1218.84;380.36;1599.2;;2389.33
9.25012;;1218.84;375.75;1594.59;;2389.33
9.26012;;1218.84;380.542;1599.38;;2389.33
9.27012;;1218.84;381.434;1600.27;;2389.33
9.28012;;1218.84;383.781;1602.62;;2389.33
9.29012;;1218.84;375.707;1594.55;;2389.33
9.30012;;1218.84;377.262;1596.1;;2389.33
9.31012;;1218.84;378.446;1597.29;;2389.33
9.32012;;1218.84;377.302;1596.14;;2389.33
9.33012;;1218.84;375.346;1594.19;;2389.33
9.34012;;1218.84;378.208;1597.05;;2389.33
9.35012;;1218.84;387.813;1606.65;;2389.33
9.36012;;1218.84;375.765;1594.6;;2389.33
9.37012;;1218.84;376.305;1595.14;;2389.33
9.38012;;1218.84;381.122;1599.96;;2389.33
9.39012;;1218.84;375.917;1594.76;;2389.33
9.40012;;1218.84;377.348;1596.19;;2389.33
9.41012;;1218.84;378.36;1597.2;;2389.33
9.42012;;1218.84;376.552;1595.39;;2389.33
9.43012;;1218.84;376.141;1594.98;;2389.33
9.44012;;1218.84;376.52;1595.36;;2389.33
9.45012;;1218.84;379.947;1598.79;;2389.33
9.46012;;1218.84;386.646;1605.49;;2389.33
9.47012;;1218.84;377.339;1596.18;;2389.33
9.48012;;1218.84;376.897;1595.74;;2389.33
9.49012;;1218.84;379.871;1598.71;;2389.33
9.50012;;1218.84;375.997;1594.84;;2389.33
9.51012;;1218.84;376.574;1595.41;;2389.33
9.52012;;1218.84;379.575;1598.41;;2389.33
9.53012;;1218.84;386.36;1605.2;;2389.33
9.54012;;1218.84;378.174;1597.01;;2389.33
9.55012;;1218.84;377.838;1596.68;;2389.33
9.56012;;1218.84;381.294;1600.13;;2389.33
9.57012;;1218.84;377.613;1596.45;;2389.33
9.58012;;1218.84;374.455;1593.29;;2389.33
9.59012;;1218.84;378.527;1597.37;;2389.33
9.60012;;1218.84;385.689;1604.53;;2389.33
9.61012;;1218.84;376.173;1595.01;;2389.33
9.62012;;1218.84;385.076;1603.92;;2389.33
9.63013;;1218.84;378.286;1597.13;;2389.33
9.64013;;1218.84;387.955;1606.79;;2389.33
9.65013;;1218.84;377.25;1596.09;;2389.33
9.66013;;1218.84;377.695;1596.53;;2389.33
9.67013;;1218.84;378.087;1596.93;;2389.33
9.68013;;1218.84;377.534;1596.37;;2389.33
9.69013;;1218.84;375.673;1594.51;;2389.33
9.70013;;1218.84;379.567;1598.41;;2389.33
9.71013;;1218.84;385.561;1604.4;;2389.33
9.72013;;1218.84;377.744;1596.58;;2389.33
9.73013;;1218.84;376.295;1595.13;;2389.33
9.74013;;1218.84;380.852;1599.69;;2389.33
9.75013;;1218.84;375.057;1593.9;;2389.33
9.76013;;1218.84;376.143;1594.98;;2389.33
9.77013;;1218.84;376.714;1595.55;;2389.33
9.78013;;1218.84;384.37;1603.21;;2389.33
9.79013;;1218.84;375.198;1594.04;;2389.33
9.80013;;1218.84;383.714;1602.55;;2389.33
9.81013;;1218.84;379.759;1598.6;;2389.33
9.82013;;1218.84;383.561;1602.4;;2389.33
9.83013;;1218.84;373.755;1592.59;;2389.33
9.84013;;1218.84;378.346;1597.19;;2389.33
9.85013;;1218.84;374.894;1593.73;;2389.33
9.86013;;1218.84;377.911;1596.75;;2389.33
9.87013;;1218.84;373.698;1592.54;;2389.33
9.88013;;1218.84;377.834;1596.67;;2389.33
9.89013;;1218.84;386.234;1605.07;;2389.33
9.90013;;1218.84;378.705;1597.54;;2389.33
9.91013;;1218.84;375.385;1594.22;;2389.33
9.92013;;1218.84;381.967;1600.81;;2389.33
9.93013;;1218.84;376.319;1595.16;;2389.33
9.94013;;1218.84;378.404;1597.24;;2389.33
9.95013;;1218.84;377.718;1596.56;;2389.33
9.96013;;1218.84;380.617;1599.46;;2389.33
9.97013;;1218.84;375.533;1594.37;;2389.33
9.98013;;1218.84;385.582;1604.42;;2389.33
9.99013;;1218.84;379.198;1598.04;;2389.33
10.0001;;1218.84;383.287;1602.13;;2389.33
10.0101;;1218.84;375.815;1594.65;;2389.33
10.0201;;1218.84;377.03;1595.87;;2389.33
10.0301;;1218.84;377.555;1596.39;;2389.33
10.0401;;1218.84;376.067;1594.91;;2389.33
10.0501;;1218.84;378.913;1597.75;;2389.33
10.0601;;1218.84;379.921;1598.76;;2389.33
10.0701;;1218.84;384.033;1602.87;;2389.33
10.0801;;1218.84;374.513;1593.35;;2389.33
10.0901;;1218.84;376.411;1595.25;;2389.33
10.1001;;1218.84;375.68;1594.52;;2389.33
10.1101;;1218.84;377.593;1596.43;;2389.33
10.1201;;1218.84;374.648;1593.49;;2389.33
10.1301;;1218.84;377.946;1596.79;;2389.33
10.1401;;1218.84;386.229;1605.07;;2389.33
10.1501;;1218.84;377.056;1595.9;;2389.33
10.1601;;1218.84;374.642;1593.48;;2389.33
10.1701;;1218.84;381.393;1600.23;;2389.33
10.1801;;1218.84;374.966;1593.81;;2389.33
10.1901;;1218.84;376.248;1595.09;;2389.33
10.2001;;1218.84;377.235;1596.07;;2389.33
10.2101;;1218.84;381.92;1600.76;;2389.33
10.2201;;1218.84;374.559;1593.4;;2389.33
10.2301;;1218.84;384.087;1602.93;;2389.33
10.2401;;1218.84;378.612;1597.45;;2389.33
10.2501;;1218.84;386.682;1605.52;;2389.33
10.2601;;1218.84;374.675;1593.51;;2389.33
10.2701;;1218.84;377.412;1596.25;;2389.33
10.2801;;1218.84;376.587;1595.43;;2389.33
10.2901;;1218.84;376.252;1595.09;;2389.33
10.3001;;1218.84;375.269;1594.11;;2389.33
10.3101;;1218.84;380.018;1598.86;;2389.33
10.3201;;1218.84;384.173;1603.01;;2389.33
10.3301;;1218.84;377.485;1596.32;;2389.33
10.3401;;1218.84;374.811;1593.65;;2389.33
10.3501;;1218.84;380.445;1599.28;;2389.33
10.3601;;1218.84;376.934;1595.77;;2389.33
10.3701;;1218.84;374.704;1593.54;;2389.33
10.3801;;1218.84;376.905;1595.74;;2389.33
10.3901;;1218.84;387.57;1606.41;;2389.33
10.4001;;1218.84;374.641;1593.48;;2389.33
10.4101;;1218.84;386.482;1605.32;;2389.33
10.4201;;1218.84;377.239;1596.08;;2389.33
10.4301;;1218.84;385.715;1604.55;;2389.33
10.4401;;1218.84;378.787;1597.63;;2389.33
10.4501;;1218.84;376.981;1595.82;;2389.33
10.4601;;1218.84;376.541;1595.38;;2389.33
10.4701;;1218.84;377.58;1596.42;;2389.33
10.4801;;1218.84;375.868;1594.71;;2389.33
10.4901;;1218.84;377.907;1596.75;;2389.33
10.5001;;1218.84;381.783;1600.62;;2389.33
10.5101;;1218.84;378.25;1597.09;;2389.33
10.5201;;1218.84;378.514;1597.35;;2389.33
10.5301;;1218.84;379.915;1598.75;;2389.33
10.5401;;1218.84;376.246;1595.08;;2389.33
10.5501;;1218.84;376.98;1595.82;;2389.33
10.5601;;1218.84;376.486;1595.33;;2389.33
10.5701;;1218.84;382.135;1600.97;;2389.33
10.5801;;1218.84;376.682;1595.52;;2389.33
10.5901;;1218.84;382.094;1600.93;;2389.33
10.6001;;1218.84;378.923;1597.76;;2389.33
10.6101;;1218.84;380.35;1599.19;;2389.33
10.6201;;1218.84;376.475;1595.31;;2389.33
10.6301;;1218.84;377.581;1596.42;;2389.33
10.6401;;1218.84;375.757;1594.6;;2389.33
10.6501;;1218.84;377.25;1596.09;;2389.33
10.6601;;1218.84;383.475;1602.31;;2389.33
10.6701;;1218.84;376.442;1595.28;;2389.33
10.6801;;1218.84;385.693;1604.53;;2389.33
10.6901;;1218.84;378.007;1596.85;;2389.33
10.7001;;1218.84;375.628;1594.47;;2389.33
10.7101;;1218.84;379.322;1598.16;;2389.33
10.7201;;1218.84;377.101;1595.94;;2389.33
10.7302;;1218.84;376.57;1595.41;;2389.33
10.7402;;1218.84;377.519;1596.36;;2389.33
10.7502;;1218.84;379.699;1598.54;;2389.33
10.7602;;1218.84;377.469;1596.31;;2389.33
10.7702;;1218.84;379.436;1598.28;;2389.33
10.7802;;1218.84;379.544;1598.38;;2389.33
10.7902;;1218.84;375.862;1594.7;;2389.33
10.8002;;1218.84;376.441;1595.28;;2389.33
10.8102;;1218.84;375.166;1594.01;;2389.33
10.8202;;1218.84;379.786;1598.62;;2389.33
10.8302;;1218.84;375.248;1594.09;;2389.33
10.8402;;1218.84;383.101;1601.94;;2389.33
10.8502;;1218.84;377.933;1596.77;;2389.33
10.8602;;1218.84;383.817;1602.66;;2389.33
10.8702;;1218.84;375.507;1594.35;;2389.33
10.8802;;1218.84;376.824;1595.66;;2389.33
10.8902;;1218.84;375.205;1594.04;;2389.33
10.9002;;1218.84;378.021;1596.86;;2389.33
10.9102;;1218.84;374.445;1593.28;;2389.33
10.9202;;1218.84;376.201;1595.04;;2389.33
10.9302;;1218.84;385.888;1604.73;;2389.33
10.9402;;1218.84;377.878;1596.72;;2389.33
10.9502;;1218.84;374.239;1593.08;;2389.33
10.9602;;1218.84;380.631;1599.47;;2389.33
10.9702;;1218.84;375.943;1594.78;;2389.33
10.9802;;1218.84;379.541;1598.38;;2389.33
10.9902;;1218.84;376.431;1595.27;;2389.33
11.0002;;1218.84;375.575;1594.41;;2389.33
11.0102;;1218.84;375.544;1594.38;;2389.33
11.0202;;1218.84;385.103;1603.94;;2389.33
11.0302;;1218.84;377.481;1596.32;;2389.33
11.0402;;1218.84;385.494;1604.33;;2389.33
11.0502;;1218.84;376.954;1595.79;;2389.33
11.0602;;1218.84;376.382;1595.22;;2389.33
11.0702;;1218.84;376.345;1595.18;;2389.33
11.0802;;1218.84;376.758;1595.6;;2389.33
11.0902;;1218.84;376.882;1595.72;;2389.33
11.1002;;1218.84;377.671;1596.51;;2389.33
11.1102;;1218.84;383.25;1602.09;;2389.33
11.1202;;1218.84;376.159;1595;;2389.33
11.1302;;1218.84;375.278;1594.12;;2389.33
11.1402;;1218.84;376.345;1595.18;;2389.33
11.1502;;1218.84;377.628;1596.47;;2389.33
11.1602;;1218.84;374.454;1593.29;;2389.33
11.1702;;1218.84;376.077;1594.92;;2389.33
11.1802;;1218.84;386.738;1605.58;;2389.33
11.1902;;1218.84;376.438;1595.28;;2389.33
11.2002;;1218.84;373.935;1592.77;;2389.33
11.2102;;1218.84;379.774;1598.61;;2389.33
11.2202;;1218.84;375.19;1594.03;;2389.33
11.2302;;1218.84;378.314;1597.15;;2389.33
11.2402;;1218.84;376.321;1595.16;;2389.33
11.2502;;1218.84;376.247;1595.09;;2389.33
11.2602;;1218.84;374.548;1593.39;;2389.33
11.2702;;1218.84;383.375;1602.21;;2389.33
11.2802;;1218.84;377.524;1596.36;;2389.33
11.2902;;1218.84;385.871;1604.71;;2389.33
11.3002;;1218.84;374.774;1593.61;;2389.33
11.3102;;1218.84;376.579;1595.42;;2389.33
11.3202;;1218.84;376.024;1594.86;;2389.33
11.3302;;1218.84;375.98;1594.82;;2389.33
11.3402;;1218.84;375.305;1594.14;;2389.33
11.3502;;1218.84;378.838;1597.68;;2389.33
11.3602;;1218.84;383.242;1602.08;;2389.33
11.3702;;1218.84;376.248;1595.09;;2389.33
11.3802;;1218.84;374.439;1593.28;;2389.33
11.3902;;1218.84;378.04;1596.88;;2389.33
11.4002;;1218.84;376.322;1595.16;;2389.33
11.4102;;1218.84;374.111;1592.95;;2389.33
11.4202;;1218.84;376.737;1595.58;;2389.33
11.4302;;1218.84;386.857;1605.7;;2389.33
11.4402;;1218.84;374.645;1593.48;;2389.33
11.4502;;1218.84;374.912;1593.75;;2389.33
11.4602;;1218.84;378.844;1597.68;;2389.33
11.4702;;1218.84;374.892;1593.73;;2389.33
11.4802;;1218.84;378.105;1596.94;;2389.33
11.4902;;1218.84;376.62;1595.46;;2389.33
11.5002;;1218.84;374.932;1593.77;;2389.33
11.5102;;1218.84;375.076;1593.92;;2389.33
11.5202;;1218.84;376.118;1594.96;;2389.33
11.5302;;1218.84;377.622;1596.46;;2389.33
11.5402;;1218.84;384.95;1603.79;;2389.33
11.5502;;1218.84;375.582;1594.42;;2389.33
11.5602;;1218.84;376.238;1595.08;;2389.33
11.5702;;1218.84;377.046;1595.89;;2389.33
11.5802;;1218.84;375.775;1594.61;;2389.33
11.5902;;1218.84;375.32;1594.16;;2389.33
11.6002;;1218.84;378.303;1597.14;;2389.33
11.6102;;1218.84;384.658;1603.5;;2389.33
11.6202;;1218.84;378.045;1596.88;;2389.33
11.6302;;1218.84;375.23;1594.07;;2389.33
11.6402;;1218.84;380.844;1599.68;;2389.33
11.6502;;1218.84;376.022;1594.86;;2389.33
11.6602;;1218.84;373.811;1592.65;;2389.33
11.6702;;1218.84;376.485;1595.32;;2389.33
11.6802;;1218.84;387.158;1606;;2389.33
11.6902;;1218.84;374.304;1593.14;;2389.33
11.7002;;1218.84;386.238;1605.08;;2389.33
11.7102;;1218.84;377.128;1595.97;;2389.33
11.7202;;1218.84;385.972;1604.81;;2389.33
11.7302;;1218.84;376.805;1595.64;;2389.33
11.7402;;1218.84;376.888;1595.73;;2389.33
11.7502;;1218.84;376.057;1594.9;;2389.33
11.7602;;1218.84;376.523;1595.36;;2389.33
11.7702;;1218.84;374.43;1593.27;;2389.33
11.7802;;1218.84;378.711;1597.55;;2389.33
11.7902;;1218.84;384.765;1603.6;;2389.33
11.8002;;1218.84;376.803;1595.64;;2389.33
11.8102;;1218.84;375.428;1594.27;;2389.33
11.8202;;1218.84;378.925;1597.76;;2389.33
11.8302;;1218.84;374.662;1593.5;;2389.33
11.8402;;1218.84;375.167;1594.01;;2389.33
11.8502;;1218.84;377.866;1596.7;;2389.33
11.8602;;1218.84;385.514;1604.35;;2389.33
11.8702;;1218.84;376.42;1595.26;;2389.33
11.8802;;1218.84;376.496;1595.34;;2389.33
11.8902;;1218.84;380.042;1598.88;;2389.33
11.9002;;1218.84;376.004;1594.84;;2389.33
11.9102;;1218.84;372.785;1591.62;;2389.33
11.9202;;1218.84;377.589;1596.43;;2389.33
11.9302;;1218.84;384.795;1603.63;;2389.33
11.9402;;1218.84;374.95;1593.79;;2389.33
11.9502;;1218.84;383.832;1602.67;;2389.33
11.9602;;1218.84;377.443;1596.28;;2389.33
11.9702;;1218.84;384.764;1603.6;;2389.33
11.9802;;1218.84;375.384;1594.22;;2389.33
11.9902;;1218.84;376.861;1595.7;;2389.33
12.0002;;1218.84;376.247;1595.09;;2389.33
12.0102;;1218.84;375.971;1594.81;;2389.33
12.0202;;1218.84;374.289;1593.13;;2389.33
12.0302;;1218.84;379.091;1597.93;;2389.33
12.0402;;1218.84;384.759;1603.6;;2389.33
12.0502;;1218.84;376.689;1595.53;;2389.33
12.0602;;1218.84;374.924;1593.76;;2389.33
12.0702;;1218.84;379.136;1597.98;;2389.33
12.0802;;1218.84;373.674;1592.51;;2389.33
12.0902;;1218.84;375.049;1593.89;;2389.33
12.1002;;1218.84;377.615;1596.45;;2389.33
12.1102;;1218.84;385.119;1603.96;;2389.33
12.1202;;1218.84;375.163;1594;;2389.33
12.1302;;1218.84;379.648;1598.49;;2389.33
12.1402;;1218.84;379.896;1598.74;;2389.33
12.1502;;1218.84;376.42;1595.26;;2389.33
12.1602;;1218.84;372.513;1591.35;;2389.33
12.1702;;1218.84;377.59;1596.43;;2389.33
12.1802;;1218.84;384.513;1603.35;;2389.33
12.1902;;1218.84;374.387;1593.23;;2389.33
12.2002;;1218.84;383.985;1602.82;;2389.33
12.2102;;1218.84;378.205;1597.04;;2389.33
12.2202;;1218.84;381.279;1600.12;;2389.33
12.2302;;1218.84;376.021;1594.86;;2389.33
12.2402;;1218.84;376.594;1595.43;;2389.33
12.2502;;1218.84;377.23;1596.07;;2389.33
12.2602;;1218.84;375.095;1593.93;;2389.33
12.2702;;1218.84;373.659;1592.5;;2389.33
12.2802;;1218.84;378.536;1597.38;;2389.33
12.2902;;1218.84;384.876;1603.71;;2389.33
12.3002;;1218.84;376.754;1595.59;;2389.33
12.3102;;1218.84;375.147;1593.99;;2389.33
12.3202;;1218.84;379.454;1598.29;;2389.33
12.3302;;1218.84;373.192;1592.03;;2389.33
12.3402;;1218.84;374.922;1593.76;;2389.33
12.3502;;1218.84;376.318;1595.16;;2389.33
12.3602;;1218.84;384.78;1603.62;;2389.33
12.3702;;1218.84;374.306;1593.15;;2389.33
12.3802;;1218.84;381.216;1600.06;;2389.33
12.3902;;1218.84;379.585;1598.42;;2389.33
12.4002;;1218.84;376.18;1595.02;;2389.33
12.4102;;1218.84;373.416;1592.25;;2389.33
12.4202;;1218.84;377.531;1596.37;;2389.33
12.4302;;1218.84;379.021;1597.86;;2389.33
12.4402;;1218.84;374.564;1593.4;;2389.33
12.4502;;1218.84;382.876;1601.72;;2389.33
12.4602;;1218.84;378.216;1597.06;;2389.33
12.4702;;1218.84;375.212;1594.05;;2389.33
12.4802;;1218.84;376.514;1595.35;;2389.33
12.4902;;1218.84;376.472;1595.31;;2389.33
12.5002;;1218.84;376.492;1595.33;;2389.33
12.5102;;1218.84;375.037;1593.88;;2389.33
12.5202;;1218.84;372.972;1591.81;;2389.33
12.5302;;1218.84;377.848;1596.69;;2389.33
12.5402;;1218.84;384.517;1603.36;;2389.33
12.5502;;1218.84;377.377;1596.22;;2389.33
12.5602;;1218.84;375.429;1594.27;;2389.33
12.5702;;1218.84;377.563;1596.4;;2389.33
12.5802;;1218.84;373.291;1592.13;;2389.33
12.5902;;1218.84;375.481;1594.32;;2389.33
12.6002;;1218.84;374.992;1593.83;;2389.33
12.6102;;1218.84;383.411;1602.25;;2389.33
12.6202;;1218.84;375.505;1594.34;;2389.33
12.6302;;1218.84;381.109;1599.95;;2389.33
12.6402;;1218.84;376.889;1595.73;;2389.33
12.6502;;1218.84;375.47;1594.31;;2389.33
12.6602;;1218.84;372.775;1591.61;;2389.33
12.6702;;1218.84;376.654;1595.49;;2389.33
12.6802;;1218.84;376.92;1595.76;;2389.33
12.6902;;1218.84;374.352;1593.19;;2389.33
12.7002;;1218.84;384.276;1603.12;;2389.33
12.7102;;1218.84;377.452;1596.29;;2389.33
12.7202;;1218.84;373.556;1592.4;;2389.33
12.7302;;1218.84;378.399;1597.24;;2389.33
12.7402;;1218.84;375.626;1594.46;;2389.33
12.7502;;1218.84;377.883;1596.72;;2389.33
12.7602;;1218.84;375.051;1593.89;;2389.33
12.7702;;1218.84;373.554;1592.39;;2389.33
12.7802;;1218.84;376.469;1595.31;;2389.33
12.7902;;1218.84;382.7;1601.54;;2389.33
12.8002;;1218.84;377.172;1596.01;;2389.33
12.8102;;1218.84;376.443;1595.28;;2389.33
12.8202;;1218.84;376.721;1595.56;;2389.33
12.8302;;1218.84;373.276;1592.12;;2389.33
12.8402;;1218.84;375.592;1594.43;;2389.33
12.8502;;1218.84;374.107;1592.95;;2389.33
12.8602;;1218.84;382.284;1601.12;;2389.33
12.8702;;1218.84;375.507;1594.35;;2389.33
12.8802;;1218.84;382.256;1601.1;;2389.33
12.8902;;1218.84;375.244;1594.08;;2389.33
12.9002;;1218.84;375.406;1594.25;;2389.33
12.9102;;1218.84;373.678;1592.52;;2389.33
12.9202;;1218.84;376.848;1595.69;;2389.33
12.9302;;1218.84;373.412;1592.25;;2389.33
12.9402;;1218.84;374.408;1593.25;;2389.33
12.9502;;1218.84;383.941;1602.78;;2389.33
12.9602;;1218.84;376.611;1595.45;;2389.33
12.9702;;1218.84;372.972;1591.81;;2389.33
12.9802;;1218.84;378.919;1597.76;;2389.33
12.9902;;1218.84;374.729;1593.57;;2389.33
13.0002;;1218.84;378.404;1597.24;;2389.33
13.0102;;1218.84;374.992;1593.83;;2389.33
13.0202;;1218.84;373.818;1592.66;;2389.33
13.0302;;1218.84;374.328;1593.17;;2389.33
13.0402;;1218.84;383.71;1602.55;;2389.33
13.0502;;1218.84;375.861;1594.7;;2389.33
13.0602;;1218.84;384.276;1603.11;;2389.33
13.0702;;1218.84;376.836;1595.68;;2389.33
13.0802;;1218.84;375.526;1594.37;;2389.33
13.0902;;1218.84;374.875;1593.71;;2389.33
13.1002;;1218.84;376.056;1594.9;;2389.33
13.1102;;1218.84;375.341;1594.18;;2389.33
13.1202;;1218.84;376.014;1594.85;;2389.33
13.1302;;1218.84;381.801;1600.64;;2389.33
13.1402;;1218.84;376.106;1594.94;;2389.33
13.1502;;1218.84;374.492;1593.33;;2389.33
13.1602;;1218.84;375.872;1594.71;;2389.33
13.1702;;1218.84;376.288;1595.13;;2389.33
13.1802;;1218.84;374.082;1592.92;;2389.33
13.1902;;1218.84;375.002;1593.84;;2389.33
13.2002;;1218.84;384.824;1603.66;;2389.33
13.2102;;1218.84;375.401;1594.24;;2389.33
13.2202;;1218.84;372.981;1591.82;;2389.33
13.2302;;1218.84;378.194;1597.03;;2389.33
13.2402;;1218.84;374.226;1593.06;;2389.33
13.2502;;1218.84;377.899;1596.74;;2389.33
13.2602;;1218.84;374.898;1593.74;;2389.33
13.2702;;1218.84;374.256;1593.09;;2389.33
13.2802;;1218.84;373.867;1592.71;;2389.33
13.2902;;1218.84;382.219;1601.06;;2389.33
13.3002;;1218.84;376.36;1595.2;;2389.33
13.3102;;1218.84;384.447;1603.29;;2389.33
13.3202;;1218.84;373.979;1592.82;;2389.33
13.3302;;1218.84;375.209;1594.05;;2389.33
13.3402;;1218.84;374.907;1593.75;;2389.33
13.3502;;1218.84;375.125;1593.96;;2389.33
13.3602;;1218.84;374.244;1593.08;;2389.33
13.3702;;1218.84;377.164;1596;;2389.33
13.3802;;1218.84;382.21;1601.05;;2389.33
13.3902;;1218.84;375.635;1594.47;;2389.33
13.4002;;1218.84;373.396;1592.23;;2389.33
13.4102;;1218.84;377.154;1595.99;;2389.33
13.4202;;1218.84;375.531;1594.37;;2389.33
13.4302;;1218.84;372.912;1591.75;;2389.33
13.4402;;1218.84;375.736;1594.57;;2389.33
13.4502;;1218.84;385.423;1604.26;;2389.33
13.4602;;1218.84;373.977;1592.82;;2389.33
13.4702;;1218.84;373.119;1591.96;;2389.33
13.4802;;1218.84;378.451;1597.29;;2389.33
13.4902;;1218.84;373.349;1592.19;;2389.33
13.5002;;1218.84;375.714;1594.55;;2389.33
13.5102;;1218.84;375.256;1594.1;;2389.33
13.5202;;1218.84;378.285;1597.12;;2389.33
13.5302;;1218.84;373.034;1591.87;;2389.33
13.5402;;1218.84;382.029;1600.87;;2389.33
13.5502;;1218.84;377.041;1595.88;;2389.33
13.5602;;1218.84;384.649;1603.49;;2389.33
13.5702;;1218.84;372.273;1591.11;;2389.33
13.5802;;1218.84;375.567;1594.41;;2389.33
13.5902;;1218.84;374.884;1593.72;;2389.33
13.6002;;1218.84;373.718;1592.56;;2389.33
13.6102;;1218.84;374.409;1593.25;;2389.33
13.6202;;1218.84;378.784;1597.62;;2389.33
13.6302;;1218.84;381.964;1600.8;;2389.33
13.6402;;1218.84;373.881;1592.72;;2389.33
13.6502;;1218.84;374.047;1592.89;;2389.33
13.6602;;1218.84;376.698;1595.54;;2389.33
13.6702;;1218.84;374.593;1593.43;;2389.33
13.6802;;1218.84;372.742;1591.58;;2389.33
13.6902;;1218.84;375.775;1594.61;;2389.33
13.7002;;1218.84;385.49;1604.33;;2389.33
13.7102;;1218.84;373.643;1592.48;;2389.33
13.7202;;1218.84;373.268;1592.11;;2389.33
13.7302;;1218.84;378.913;1597.75;;2389.33
13.7402;;1218.84;373.019;1591.86;;2389.33
13.7502;;1218.84;373.903;1592.74;;2389.33
13.7602;;1218.84;375.771;1594.61;;2389.33
13.7702;;1218.84;377.159;1596;;2389.33
13.7802;;1218.84;373.339;1592.18;;2389.33
13.7902;;1218.84;379.464;1598.3;;2389.33
13.8002;;1218.84;377.513;1596.35;;2389.33
13.8102;;1218.84;385.333;1604.17;;2389.33
13.8202;;1218.84;372.916;1591.76;;2389.33
13.8302;;1218.84;375.919;1594.76;;2389.33
13.8402;;1218.84;375.073;1593.91;;2389.33
13.8502;;1218.84;373.415;1592.25;;2389.33
13.8602;;1218.84;373.562;1592.4;;2389.33
13.8702;;1218.84;378.802;1597.64;;2389.33
13.8802;;1218.84;382.757;1601.6;;2389.33
13.8902;;1218.84;376.336;1595.17;;2389.33
13.9002;;1218.84;373.48;1592.32;;2389.33
13.9102;;1218.84;378.336;1597.18;;2389.33
13.9202;;1218.84;373.978;1592.82;;2389.33
13.9302;;1218.84;372.337;1591.18;;2389.33
13.9402;;1218.84;375.287;1594.13;;2389.33
13.9502;;1218.84;386.158;1605;;2389.33
13.9602;;1218.84;373.129;1591.97;;2389.33
13.9702;;1218.84;375.383;1594.22;;2389.33
13.9802;;1218.84;378.836;1597.67;;2389.33
13.9902;;1218.84;373.127;1591.97;;2389.33
14.0002;;1218.84;372.965;1591.8;;2389.33
14.0102;;1218.84;375.624;1594.46;;2389.33
14.0202;;1218.84;376.179;1595.02;;2389.33
14.0302;;1218.84;373.75;1592.59;;2389.33
14.0402;;1218.84;378.704;1597.54;;2389.33
14.0502;;1218.84;377.49;1596.33;;2389.33
14.0602;;1218.84;383.471;1602.31;;2389.33
14.0702;;1218.84;373.533;1592.37;;2389.33
14.0802;;1218.84;375.582;1594.42;;2389.33
14.0902;;1218.84;375.333;1594.17;;2389.33
14.1002;;1218.84;372.799;1591.64;;2389.33
14.1102;;1218.84;374.143;1592.98;;2389.33
14.1202;;1218.84;377.968;1596.81;;2389.33
14.1302;;1218.84;380.823;1599.66;;2389.33
14.1402;;1218.84;377.459;1596.3;;2389.33
14.1502;;1218.84;373.859;1592.7;;2389.33
14.1602;;1218.84;376.991;1595.83;;2389.33
14.1702;;1218.84;373.852;1592.69;;2389.33
14.1802;;1218.84;371.954;1590.79;;2389.33
14.1902;;1218.84;374.305;1593.14;;2389.33
14.2002;;1218.84;385.705;1604.54;;2389.33
14.2102;;1218.84;373.375;1592.21;;2389.33
14.2202;;1218.84;377.466;1596.31;;2389.33
14.2302;;1218.84;378.653;1597.49;;2389.33
14.2402;;1218.84;373.507;1592.35;;2389.33
14.2502;;1218.84;373.525;1592.36;;2389.33
14.2602;;1218.84;375.201;1594.04;;2389.33
14.2702;;1218.84;373.404;1592.24;;2389.33
14.2802;;1218.84;374.412;1593.25;;2389.33
14.2902;;1218.84;378.437;1597.28;;2389.33
14.3002;;1218.84;376.464;1595.3;;2389.33
14.3102;;1218.84;377.641;1596.48;;2389.33
14.3202;;1218.84;374.029;1592.87;;2389.33
14.3302;;1218.84;374.916;1593.76;;2389.33
14.3402;;1218.84;374.272;1593.11;;2389.33
14.3502;;1218.84;374.189;1593.03;;2389.33
14.3602;;1218.84;379.138;1597.98;;2389.33
14.3702;;1218.84;377.415;1596.25;;2389.33
14.3802;;1218.84;375.189;1594.03;;2389.33
14.3902;;1218.84;378.225;1597.06;;2389.33
14.4002;;1218.84;374.395;1593.23;;2389.33
14.4102;;1218.84;374.589;1593.43;;2389.33
14.4202;;1218.84;374.294;1593.13;;2389.33
14.4302;;1218.84;381.226;1600.06;;2389.33
14.4402;;1218.84;372.784;1591.62;;2389.33
14.4502;;1218.84;381.006;1599.85;;2389.33
14.4602;;1218.84;374.987;1593.83;;2389.33
14.4702;;1218.84;376.202;1595.04;;2389.33
14.4802;;1218.84;377.069;1595.91;;2389.33
14.4902;;1218.84;374.43;1593.27;;2389.33
14.5002;;1218.84;373.473;1592.31;;2389.33
14.5102;;1218.84;374.453;1593.29;;2389.33
14.5202;;1218.84;373.483;1592.32;;2389.33
14.5302;;1218.84;375.52;1594.36;;2389.33
14.5402;;1218.84;382.657;1601.5;;2389.33
14.5502;;1218.84;374.029;1592.87;;2389.33
14.5602;;1218.84;374.465;1593.3;;2389.33
14.5702;;1218.84;374.772;1593.61;;2389.33
14.5802;;1218.84;374.093;1592.93;;2389.33
14.5902;;1218.84;373.496;1592.34;;2389.33
14.6002;;1218.84;375.767;1594.61;;2389.33
14.6102;;1218.84;382.233;1601.07;;2389.33
14.6202;;1218.84;376.267;1595.11;;2389.33
14.6302;;1218.84;373.862;1592.7;;2389.33
14.6402;;1218.84;378.783;1597.62;;2389.33
14.6502;;1218.84;374.256;1593.09;;2389.33
14.6602;;1218.84;372.192;1591.03;;2389.33
14.6702;;1218.84;374.592;1593.43;;2389.33
14.6802;;1218.84;385.47;1604.31;;2389.33
14.6902;;1218.84;372.079;1590.92;;2389.33
14.7002;;1218.84;381.151;1599.99;;2389.33
14.7102;;1218.84;375.93;1594.77;;2389.33
14.7202;;1218.84;376.928;1595.77;;2389.33
14.7302;;1218.84;374.751;1593.59;;2389.33
14.7402;;1218.84;375.226;1594.07;;2389.33
14.7502;;1218.84;373.092;1591.93;;2389.33
14.7602;;1218.84;373.51;1592.35;;2389.33
14.7702;;1218.84;372.987;1591.83;;2389.33
14.7802;;1218.84;376.985;1595.82;;2389.33
14.7902;;1218.84;383.565;1602.4;;2389.33
14.8002;;1218.84;373.487;1592.33;;2389.33
14.8102;;1218.84;374.174;1593.01;;2389.33
14.8202;;1218.84;375.265;1594.1;;2389.33
14.8302;;1218.84;373.023;1591.86;;2389.33
14.8402;;1218.84;372.996;1591.84;;2389.33
14.8502;;1218.84;378.275;1597.11;;2389.33
14.8602;;1218.84;382.934;1601.77;;2389.33
14.8702;;1218.84;376.034;1594.87;;2389.33
14.8802;;1218.84;372.2;1591.04;;2389.33
14.8902;;1218.84;378.498;1597.34;;2389.33
14.9002;;1218.84;373.297;1592.14;;2389.33
14.9102;;1218.84;372.313;1591.15;;2389.33
14.9202;;1218.84;374.685;1593.52;;2389.33
14.9302;;1218.84;384.628;1603.47;;2389.33
14.9402;;1218.84;372.053;1590.89;;2389.33
14.9502;;1218.84;380.33;1599.17;;2389.33
14.9602;;1218.84;377.062;1595.9;;2389.33
14.9702;;1218.84;374.312;1593.15;;2389.33
14.9802;;1218.84;372.919;1591.76;;2389.33
14.9902;;1218.84;375.462;1594.3;;2389.33
