0;;1029.25;0.200317;1029.45;;682.67
0.01;;1029.25;0.298096;1029.55;;682.67
0.02;;1029.25;0.289795;1029.54;;682.67
0.03;;1029.25;0.28125;1029.53;;682.67
0.04;;1029.25;0.331787;1029.58;;682.67
0.05;;1029.25;0.295288;1029.55;;682.67
0.06;;1029.25;0.321167;1029.57;;682.67
0.07;;1029.25;0.257812;1029.51;;682.67
0.08;;1029.25;0.27478;1029.53;;682.67
0.09;;1029.25;0.298218;1029.55;;682.67
0.1;;1029.25;0.344971;1029.6;;682.67
0.11;;1029.25;0.417358;1029.67;;682.67
0.12;;1029.25;0.354492;1029.61;;682.67
0.13;;1029.25;0.364624;1029.62;;682.67
0.14;;1029.25;0.288086;1029.54;;682.67
0.15;;1029.25;0.416748;1029.67;;682.67
0.16;;1029.25;0.418091;1029.67;;682.67
0.17;;1029.25;0.363892;1029.62;;682.67
0.18;;1029.25;0.333984;1029.59;;682.67
0.19;;1029.25;0.327271;1029.58;;682.67
0.2;;1029.25;0.380981;1029.63;;682.67
0.21;;1029.25;0.295654;1029.55;;682.67
0.22;;1029.25;0.509399;1029.76;;682.67
0.23;;1029.25;1.88708;1031.14;;682.67
0.24;;1029.25;2.4458;1031.7;;682.67
0.25;;1029.25;2.10608;1031.36;;682.67
0.26;;1029.25;3.16455;1032.42;;682.67
0.27;;1029.25;3.875;1033.13;;682.67
0.28;;1029.25;5.59802;1034.85;;682.67
0.29;;1029.25;6.05371;1035.31;;682.67
0.3;;1029.25;6.22571;1035.48;;682.67
0.31;;1029.25;7.88342;1037.14;;682.67
0.32;;1029.25;7.30212;1036.55;;682.67
0.33;;1029.25;7.99902;1037.25;;682.67
0.34;;1029.25;8.9353;1038.19;;682.67
0.35;;1029.25;9.93237;1039.18;;682.67
0.36;;1029.25;10.0846;1039.34;;682.67
0.37;;1029.25;9.93298;1039.18;;682.67
0.38;;1029.25;10.6975;1039.95;;682.67
0.39;;1029.25;10.8898;1040.14;;682.67
0.4;;1029.25;11.0636;1040.32;;682.67
0.41;;1029.25;11.8676;1041.12;;682.67
0.42;;1029.25;12.7412;1041.99;;682.67
0.43;;1029.25;13.006;1042.26;;682.67
0.44;;1029.25;12.2406;1041.49;;682.67
0.45;;1029.25;13.0941;1042.35;;682.67
0.46;;1029.25;13.8661;1043.12;;682.67
0.47;;1029.25;13.567;1042.82;;682.67
0.48;;1029.25;14.0502;1043.3;;682.67
0.49;;1029.25;13.5636;1042.82;;682.67
0.5;;1029.25;14.4324;1043.68;;682.67
0.51;;1029.25;14.4091;1043.66;;682.67
0.52;;1029.25;15.0791;1044.33;;682.67
0.53;;1029.25;15.9843;1045.24;;682.67
0.54;;1029.25;14.901;1044.15;;682.67
0.55;;1029.25;15.5181;1044.77;;682.67
0.56;;1029.25;15.2278;1044.48;;682.67
0.57;;1029.25;15.955;1045.21;;682.67
0.58;;1029.25;16.0153;1045.27;;682.67
0.59;;1029.25;16.557;1045.81;;682.67
0.6;;1029.25;17.4182;1046.67;;682.67
0.61;;1029.25;15.9604;1045.21;;682.67
0.62;;1029.25;16.1714;1045.42;;682.67
0.63;;1029.25;16.4585;1045.71;;682.67
0.64;;1029.25;17.0536;1046.31;;682.67
0.65;;1029.25;17.319;1046.57;;682.67
0.66;;1029.25;17.1521;1046.4;;682.67
0.67;;1029.25;17.9142;1047.17;;682.67
0.68;;1029.25;17.177;1046.43;;682.67
0.69;;1029.25;16.8384;1046.09;;682.67
0.7;;1029.25;17.5114;1046.76;;682.67
0.71;;1029.25;18.6782;1047.93;;682.67
0.72;;1029.25;18.2262;1047.48;;682.67
0.73;;1029.25;17.6245;1046.88;;682.67
0.74;;1029.25;18.7771;1048.03;;682.67
0.75;;1029.25;18.1631;1047.42;;682.67
0.76;;1029.25;18.0746;1047.33;;682.67
0.77;;1029.25;18.5354;1047.79;;682.67
0.78;;1029.25;18.1895;1047.44;;682.67
0.79;;1029.25;19.0161;1048.27;;682.67
0.8;;1029.25;18.1952;1047.45;;682.67
0.81;;1029.25;18.6482;1047.9;;682.67
0.82;;1029.25;18.9817;1048.23;;682.67
0.83;;1029.25;18.5293;1047.78;;682.67
0.839999;;1029.25;19.0889;1048.34;;682.67
0.849999;;1029.25;19.396;1048.65;;682.67
0.859999;;1029.25;19.7626;1049.01;;682.67
0.869999;;1029.25;18.7682;1048.02;;682.67
0.879999;;1029.25;19.3385;1048.59;;682.67
0.889999;;1029.25;20.0961;1049.35;;682.67
0.899999;;1029.25;19.385;1048.64;;682.67
0.909999;;1029.25;19.6824;1048.93;;682.67
0.919999;;1029.25;19.0491;1048.3;;682.67
0.929999;;1029.25;19.4159;1048.67;;682.67
0.939999;;1029.25;19.4521;1048.7;;682.67
0.949999;;1029.25;19.9646;1049.22;;682.67
0.959999;;1029.25;20.6648;1049.92;;682.67
0.969999;;1029.25;19.2573;1048.51;;682.67
0.979999;;1029.25;19.8706;1049.12;;682.67
0.989999;;1029.25;19.484;1048.74;;682.67
0.999999;;1029.25;20.1046;1049.36;;682.67
1.01;;1029.25;20.0503;1049.3;;682.67
1.02;;1029.25;20.3219;1049.57;;682.67
1.03;;1029.25;21.2035;1050.46;;682.67
1.04;;1029.25;19.7632;1049.02;;682.67
1.05;;1029.25;19.5929;1048.84;;682.67
1.06;;1029.25;19.9557;1049.21;;682.67
1.07;;1029.25;20.3069;1049.56;;682.67
1.08;;1029.25;20.4259;1049.68;;682.67
1.09;;1029.25;20.3491;1049.6;;682.67
1.1;;1029.25;21.0668;1050.32;;682.67
1.11;;1029.25;20.329;1049.58;;682.67
1.12;;1029.25;19.9242;1049.18;;682.67
1.13;;1029.25;20.3031;1049.56;;682.67
1.14;;1029.25;21.3849;1050.64;;682.67
1.15;;1029.25;21.0778;1050.33;;682.67
1.16;;1029.25;20.361;1049.61;;682.67
1.17;;1029.25;21.2583;1050.51;;682.67
1.18;;1029.25;20.6825;1049.93;;682.67
1.19;;1029.25;20.4556;1049.71;;682.67
1.2;;1029.25;20.7274;1049.98;;682.67
1.21;;1029.25;20.2129;1049.46;;682.67
1.22;;1029.25;21.0514;1050.3;;682.67
1.23;;1029.25;20.45;1049.7;;682.67
1.24;;1029.25;20.8794;1050.13;;682.67
1.25;;1029.25;21.1914;1050.44;;682.67
1.26;;1029.25;20.6658;1049.92;;682.67
1.27;;1029.25;21.1459;1050.4;;682.67
1.28;;1029.25;20.7227;1049.97;;682.67
1.29;;1029.25;21.5061;1050.76;;682.67
1.3;;1029.25;20.5386;1049.79;;682.67
1.31;;1029.25;21.1963;1050.45;;682.67
1.32;;1029.25;21.8059;1051.06;;682.67
1.33;;1029.25;20.9562;1050.21;;682.67
1.34;;1029.25;21.1266;1050.38;;682.67
1.35;;1029.25;20.7147;1049.97;;682.67
1.36;;1029.25;20.761;1050.01;;682.67
1.37;;1029.25;20.8065;1050.06;;682.67
1.38;;1029.25;21.5032;1050.76;;682.67
1.39;;1029.25;22.1991;1051.45;;682.67
1.4;;1029.25;20.8173;1050.07;;682.67
1.41;;1029.25;21.4958;1050.75;;682.67
1.42;;1029.25;21.0166;1050.27;;682.67
1.43;;1029.25;21.5087;1050.76;;682.67
1.44;;1029.25;21.4512;1050.7;;682.67
1.45;;1029.25;21.7858;1051.04;;682.67
1.46;;1029.25;22.3096;1051.56;;682.67
1.47;;1029.25;20.8584;1050.11;;682.67
1.48;;1029.25;20.771;1050.02;;682.67
1.49;;1029.25;20.9988;1050.25;;682.67
1.5;;1029.25;21.3737;1050.63;;682.67
1.51;;1029.25;21.6244;1050.88;;682.67
1.52;;1029.25;21.2863;1050.54;;682.67
1.53;;1029.25;22.1444;1051.4;;682.67
1.54;;1029.25;21.4451;1050.7;;682.67
1.55;;1029.25;20.9629;1050.21;;682.67
1.56;;1029.25;21.3418;1050.59;;682.67
1.57;;1029.25;22.2642;1051.52;;682.67
1.58;;1029.25;22.0603;1051.31;;682.67
1.59;;1029.25;21.3499;1050.6;;682.67
1.6;;1029.25;22.224;1051.48;;682.67
1.61;;1029.25;21.6581;1050.91;;682.67
1.62;;1029.25;21.2401;1050.49;;682.67
1.63;;1029.25;21.6746;1050.93;;682.67
1.64;;1029.25;21.6765;1050.93;;682.67
1.65;;1029.25;21.8766;1051.13;;682.67
1.66;;1029.25;21.2925;1050.54;;682.67
1.67;;1029.25;21.8781;1051.13;;682.67
1.68;;1029.25;22.1245;1051.38;;682.67
1.69;;1029.25;21.5066;1050.76;;682.67
1.7;;1029.25;21.9867;1051.24;;682.67
1.71;;1029.25;21.5116;1050.76;;682.67
1.72;;1029.25;22.3483;1051.6;;682.67
1.73;;1029.25;21.4185;1050.67;;682.67
1.74;;1029.25;22.0061;1051.26;;682.67
1.75;;1029.25;22.73;1051.98;;682.67
1.76;;1029.25;21.6953;1050.95;;682.67
1.77;;1029.25;21.6792;1050.93;;682.67
1.78;;1029.25;21.474;1050.73;;682.67
1.79;;1029.25;21.5967;1050.85;;682.67
1.8;;1029.25;21.5243;1050.78;;682.67
1.81;;1029.25;22.2671;1051.52;;682.67
1.82;;1029.25;22.9973;1052.25;;682.67
1.83;;1029.25;21.5696;1050.82;;682.67
1.84;;1029.25;22.3208;1051.57;;682.67
1.85;;1029.25;21.6533;1050.91;;682.67
1.86;;1029.25;22.2428;1051.49;;682.67
1.87;;1029.25;22.2877;1051.54;;682.67
1.88;;1029.25;22.3186;1051.57;;682.67
1.89;;1029.25;22.8954;1052.15;;682.67
1.9;;1029.25;21.6256;1050.88;;682.67
1.91;;1029.25;21.3988;1050.65;;682.67
1.92;;1029.25;21.7268;1050.98;;682.67
1.93;;1029.25;22.0332;1051.29;;682.67
1.94;;1029.25;22.2638;1051.52;;682.67
1.95;;1029.25;21.9121;1051.16;;682.67
1.96;;1029.25;22.8212;1052.07;;682.67
1.97;;1029.25;21.9854;1051.24;;682.67
1.98;;1029.25;21.5355;1050.79;;682.67
1.99;;1029.25;21.9602;1051.21;;682.67
2;;1029.25;22.6299;1051.88;;682.67
2.01;;1029.25;22.6855;1051.94;;682.67
2.02;;1029.25;21.9977;1051.25;;682.67
2.03;;1029.25;22.5802;1051.83;;682.67
2.04;;1029.25;22.2957;1051.55;;682.67
2.05;;1029.25;21.9752;1051.23;;682.67
2.06;;1029.25;22.147;1051.4;;682.67
2.07;;1029.25;22.7705;1052.02;;682.67
2.08;;1029.25;22.1569;1051.41;;682.67
2.09;;1029.25;21.62;1050.87;;682.67
2.1;;1029.25;22.2567;1051.51;;682.67
2.11;;1029.25;22.5336;1051.79;;682.67
2.12;;1029.25;22.0071;1051.26;;682.67
2.13;;1029.25;22.6531;1051.91;;682.67
2.14;;1029.25;21.6157;1050.87;;682.67
2.15;;1029.25;22.583;1051.83;;682.67
2.16;;1029.25;21.6029;1050.85;;682.67
2.17;;1029.25;22.4756;1051.73;;682.67
2.18;;1029.25;23.1215;1052.37;;682.67
2.19;;1029.25;22.0114;1051.26;;682.67
2.2;;1029.25;22.0813;1051.33;;682.67
2.21;;1029.25;21.8401;1051.09;;682.67
2.22;;1029.25;21.9324;1051.18;;682.67
2.23;;1029.25;21.9674;1051.22;;682.67
2.24;;1029.25;22.7788;1052.03;;682.67
2.25;;1029.25;23.5034;1052.76;;682.67
2.26;;1029.25;21.8092;1051.06;;682.67
2.27;;1029.25;22.6178;1051.87;;682.67
2.28;;1029.25;21.7461;1051;;682.67
2.29;;1029.25;22.5557;1051.81;;682.67
2.3;;1029.25;22.5928;1051.84;;682.67
2.31;;1029.25;22.6796;1051.93;;682.67
2.32;;1029.25;23.184;1052.44;;682.67
2.33;;1029.25;22.0221;1051.27;;682.67
2.34;;1029.25;21.6438;1050.9;;682.67
2.35;;1029.25;21.8789;1051.13;;682.67
2.36;;1029.25;22.7671;1052.02;;682.67
2.37;;1029.25;22.4998;1051.75;;682.67
2.38;;1029.25;22.0974;1051.35;;682.67
2.39;;1029.25;23.11;1052.36;;682.67
2.4;;1029.25;22.3838;1051.64;;682.67
2.41;;1029.25;21.8643;1051.12;;682.67
2.42;;1029.25;22.3352;1051.59;;682.67
2.43;;1029.25;22.557;1051.81;;682.67
2.44;;1029.25;23.1067;1052.36;;682.67
2.45;;1029.25;22.3314;1051.58;;682.67
2.46;;1029.25;22.7625;1052.01;;682.67
2.47;;1029.25;22.7428;1051.99;;682.67
2.48;;1029.25;22.4031;1051.66;;682.67
2.49;;1029.25;22.4972;1051.75;;682.67
2.5;;1029.25;22.9911;1052.24;;682.67
2.51;;1029.25;22.4843;1051.74;;682.67
2.52;;1029.25;22.1166;1051.37;;682.67
2.53;;1029.25;22.7256;1051.98;;682.67
2.54;;1029.25;23.0048;1052.26;;682.67
2.55;;1029.25;22.313;1051.56;;682.67
2.56;;1029.25;23.0596;1052.31;;682.67
2.57;;1029.25;22.0907;1051.34;;682.67
2.58;;1029.25;22.6936;1051.95;;682.67
2.59;;1029.25;22.2042;1051.46;;682.67
2.6;;1029.25;22.7808;1052.03;;682.67
2.61;;1029.25;23.5475;1052.8;;682.67
2.62;;1029.25;22.4762;1051.73;;682.67
2.63;;1029.25;22.2682;1051.52;;682.67
2.64;;1029.25;22.2122;1051.46;;682.67
2.65;;1029.25;22.3833;1051.64;;682.67
2.66;;1029.25;22.1372;1051.39;;682.67
2.67;;1029.25;22.7941;1052.05;;682.67
2.68;;1029.25;23.5974;1052.85;;682.67
2.69;;1029.25;22.1895;1051.44;;682.67
2.7;;1029.25;22.7899;1052.04;;682.67
2.71;;1029.25;22.2925;1051.54;;682.67
2.72;;1029.25;22.8168;1052.07;;682.67
2.73;;1029.25;22.7642;1052.02;;682.67
2.74;;1029.25;22.792;1052.04;;682.67
2.75;;1029.25;23.5077;1052.76;;682.67
2.76;;1029.25;22.3334;1051.59;;682.67
2.77;;1029.25;21.9929;1051.24;;682.67
2.78;;1029.25;22.3805;1051.63;;682.67
2.79;;1029.25;23.0448;1052.3;;682.67
2.8;;1029.25;22.8009;1052.05;;682.67
2.81;;1029.25;22.5264;1051.78;;682.67
2.82;;1029.25;23.7008;1052.95;;682.67
2.83;;1029.25;22.6288;1051.88;;682.67
2.84;;1029.25;22.0696;1051.32;;682.67
2.85;;1029.25;22.5905;1051.84;;682.67
2.86;;1029.25;22.5889;1051.84;;682.67
2.87;;1029.25;23.1719;1052.42;;682.67
2.88;;1029.25;22.4503;1051.7;;682.67
2.89;;1029.25;23.0275;1052.28;;682.67
2.9;;1029.25;23.0127;1052.26;;682.67
2.91;;1029.25;22.5496;1051.8;;682.67
2.92;;1029.25;22.6704;1051.92;;682.67
2.93;;1029.25;23.2593;1052.51;;682.67
2.94;;1029.25;22.7957;1052.05;;682.67
2.95;;1029.25;22.3369;1051.59;;682.67
2.96;;1029.25;22.8397;1052.09;;682.67
2.97;;1029.25;23.2932;1052.55;;682.67
2.98;;1029.25;22.6813;1051.93;;682.67
2.99;;1029.25;23.1659;1052.42;;682.67
3;;1029.25;22.0698;1051.32;;682.67
3.01;;1029.25;23.0647;1052.32;;682.67
3.02;;1029.25;22.3717;1051.62;;682.67
3.03;;1029.25;23.0127;1052.26;;682.67
3.04;;1029.25;23.6748;1052.93;;682.67
3.05;;1029.25;22.6559;1051.91;;682.67
3.06;;1029.25;22.5753;1051.83;;682.67
3.07;;1029.25;22.35;1051.6;;682.67
3.08;;1029.25;22.4972;1051.75;;682.67
3.09;;1029.25;22.5111;1051.76;;682.67
3.1;;1029.25;23.2539;1052.51;;682.67
3.11;;1029.25;23.994;1053.25;;682.67
3.12;;1029.25;22.3163;1051.57;;682.67
3.13;;1029.25;23.0334;1052.29;;682.67
3.14;;1029.25;22.5465;1051.8;;682.67
3.15;;1029.25;22.9572;1052.21;;682.67
3.16;;1029.25;23.021;1052.27;;682.67
3.17;;1029.25;22.9955;1052.25;;682.67
3.18;;1029.25;23.6908;1052.94;;682.67
3.19;;1029.25;22.6361;1051.89;;682.67
3.2;;1029.25;22.1631;1051.42;;682.67
3.21;;1029.25;22.6404;1051.89;;682.67
3.22;;1029.25;23.3282;1052.58;;682.67
3.23;;1029.25;22.9773;1052.23;;682.67
3.24;;1029.25;22.5875;1051.84;;682.67
3.25;;1029.25;23.8169;1053.07;;682.67
3.26;;1029.25;22.8062;1052.06;;682.67
3.27;;1029.25;22.4601;1051.71;;682.67
3.28;;1029.25;22.9182;1052.17;;682.67
3.29;;1029.25;22.9646;1052.22;;682.67
3.3;;1029.25;23.5415;1052.79;;682.67
3.31;;1029.25;22.6565;1051.91;;682.67
3.32;;1029.25;23.2876;1052.54;;682.67
3.33;;1029.25;23.3053;1052.56;;682.67
3.34;;1029.25;22.7377;1051.99;;682.67
3.35;;1029.25;22.9856;1052.24;;682.67
3.36;;1029.25;23.4268;1052.68;;682.67
3.37;;1029.25;23.0321;1052.28;;682.67
3.38;;1029.25;22.3756;1051.63;;682.67
3.39;;1029.25;22.9794;1052.23;;682.67
3.4;;1029.25;23.4043;1052.66;;682.67
3.41;;1029.25;22.897;1052.15;;682.67
3.42;;1029.25;23.3301;1052.58;;682.67
3.43;;1029.25;22.2815;1051.53;;682.67
3.44;;1029.25;23.0463;1052.3;;682.67
3.45;;1029.25;22.5448;1051.8;;682.67
3.46;;1029.25;23.2306;1052.48;;682.67
3.47;;1029.25;24.0009;1053.25;;682.67
3.48;;1029.25;22.7277;1051.98;;682.67
3.49;;1029.25;22.7017;1051.95;;682.67
3.5;;1029.25;22.6444;1051.9;;682.67
3.51;;1029.25;22.688;1051.94;;682.67
3.52;;1029.25;22.8135;1052.07;;682.67
3.53;;1029.25;23.3717;1052.62;;682.67
3.54;;1029.25;24.0521;1053.3;;682.67
3.55;;1029.25;22.4889;1051.74;;682.67
3.56;;1029.25;23.1256;1052.38;;682.67
3.57;;1029.25;22.7642;1052.02;;682.67
3.58;;1029.25;22.9489;1052.2;;682.67
3.59;;1029.25;23.2334;1052.49;;682.67
3.6;;1029.25;23.2021;1052.45;;682.67
3.61;;1029.25;23.8545;1053.11;;682.67
3.62;;1029.25;22.7505;1052;;682.67
3.63;;1029.25;22.3384;1051.59;;682.67
3.64;;1029.25;22.6281;1051.88;;682.67
3.65;;1029.25;23.5938;1052.85;;682.67
3.66;;1029.25;23.2251;1052.48;;682.67
3.67;;1029.25;22.7924;1052.04;;682.67
3.68;;1029.25;24.0548;1053.31;;682.67
3.69;;1029.25;23.1044;1052.36;;682.67
3.7;;1029.25;22.6488;1051.9;;682.67
3.71;;1029.25;23.0131;1052.27;;682.67
3.72;;1029.25;22.9032;1052.16;;682.67
3.73;;1029.25;23.7107;1052.96;;682.67
3.74;;1029.25;23.0896;1052.34;;682.67
3.75;;1029.25;23.37;1052.62;;682.67
3.76;;1029.25;23.3605;1052.61;;682.67
3.77;;1029.25;22.7843;1052.04;;682.67
3.78;;1029.25;23.1387;1052.39;;682.67
3.79;;1029.25;23.7848;1053.04;;682.67
3.8;;1029.25;23.3225;1052.57;;682.67
3.81;;1029.25;22.5551;1051.81;;682.67
3.82;;1029.25;23.1974;1052.45;;682.67
3.83;;1029.25;23.6549;1052.91;;682.67
3.84;;1029.25;23.0879;1052.34;;682.67
3.85;;1029.25;23.5557;1052.81;;682.67
3.86;;1029.25;22.5272;1051.78;;682.67
3.87;;1029.25;23.1051;1052.36;;682.67
3.88;;1029.25;22.7915;1052.04;;682.67
3.89;;1029.25;23.4308;1052.68;;682.67
3.9;;1029.25;23.9954;1053.25;;682.67
3.91;;1029.25;22.7429;1051.99;;682.67
3.92;;1029.25;22.8516;1052.1;;682.67
3.93;;1029.25;22.7979;1052.05;;682.67
3.94;;1029.25;22.9821;1052.23;;682.67
3.95;;1029.25;22.8207;1052.07;;682.67
3.96;;1029.25;23.3375;1052.59;;682.67
3.97;;1029.25;24.2699;1053.52;;682.67
3.98;;1029.25;22.698;1051.95;;682.67
3.99;;1029.25;23.2533;1052.51;;682.67
4;;1029.25;22.913;1052.16;;682.67
4.01;;1029.25;23.0858;1052.34;;682.67
4.02;;1029.25;23.4116;1052.66;;682.67
4.03;;1029.25;23.3484;1052.6;;682.67
4.04;;1029.25;23.7943;1053.05;;682.67
4.05;;1029.25;22.9153;1052.17;;682.67
4.06;;1029.25;22.5536;1051.81;;682.67
4.07;;1029.25;22.8474;1052.1;;682.67
4.08;;1029.25;23.729;1052.98;;682.67
4.09;;1029.25;23.4973;1052.75;;682.67
4.1;;1029.25;22.8483;1052.1;;682.67
4.11;;1029.25;24.0249;1053.28;;682.67
4.12;;1029.25;23.1884;1052.44;;682.67
4.13;;1029.25;22.796;1052.05;;682.67
4.14;;1029.25;23.2805;1052.53;;682.67
4.15;;1029.25;22.938;1052.19;;682.67
4.16;;1029.25;23.5774;1052.83;;682.67
4.17;;1029.25;23.0131;1052.27;;682.67
4.18;;1029.25;23.4115;1052.66;;682.67
4.19;;1029.25;23.626;1052.88;;682.67
4.2;;1029.25;23.0636;1052.32;;682.67
4.21;;1029.25;23.2986;1052.55;;682.67
4.22;;1029.25;23.9796;1053.23;;682.67
4.23;;1029.25;23.5447;1052.8;;682.67
4.24;;1029.25;22.8136;1052.07;;682.67
4.25;;1029.25;23.4185;1052.67;;682.67
4.26;;1029.25;23.7959;1053.05;;682.67
4.27;;1029.25;23.3308;1052.58;;682.67
4.28;;1029.25;23.5178;1052.77;;682.67
4.29;;1029.25;22.6062;1051.86;;682.67
4.3;;1029.25;23.1665;1052.42;;682.67
4.31;;1029.25;22.844;1052.1;;682.67
4.32;;1029.25;23.4846;1052.74;;682.67
4.33;;1029.25;24.1989;1053.45;;682.67
4.34;;1029.25;22.9557;1052.21;;682.67
4.35;;1029.25;23.0774;1052.33;;682.67
4.36;;1029.25;22.8745;1052.13;;682.67
4.37001;;1029.25;23.0133;1052.27;;682.67
4.38001;;1029.25;23.1116;1052.36;;682.67
4.39001;;1029.25;23.6115;1052.86;;682.67
4.40001;;1029.25;24.4159;1053.67;;682.67
4.41001;;1029.25;22.8767;1052.13;;682.67
4.42001;;1029.25;23.2373;1052.49;;682.67
4.43001;;1029.25;23.0537;1052.31;;682.67
4.44001;;1029.25;23.2035;1052.46;;682.67
4.45001;;1029.25;23.6686;1052.92;;682.67
4.46001;;1029.25;23.481;1052.73;;682.67
4.47001;;1029.25;24.0751;1053.33;;682.67
4.48001;;1029.25;23.1792;1052.43;;682.67
4.49001;;1029.25;22.7046;1051.96;;682.67
4.50001;;1029.25;23.0061;1052.26;;682.67
4.51001;;1029.25;23.9833;1053.24;;682.67
4.52001;;1029.25;23.5083;1052.76;;682.67
4.53001;;1029.25;23.0028;1052.25;;682.67
4.54001;;1029.25;24.3153;1053.57;;682.67
4.55001;;1029.25;23.3783;1052.63;;682.67
4.56001;;1029.25;22.9203;1052.17;;682.67
4.57001;;1029.25;23.511;1052.76;;682.67
4.58001;;1029.25;23.0983;1052.35;;682.67
4.59001;;1029.25;23.7504;1053;;682.67
4.60001;;1029.25;23.1304;1052.38;;682.67
4.61001;;1029.25;23.5071;1052.76;;682.67
4.62001;;1029.25;23.6808;1052.93;;682.67
4.63001;;1029.25;23.0564;1052.31;;682.67
4.64001;;1029.25;23.2865;1052.54;;682.67
4.65001;;1029.25;23.6045;1052.86;;682.67
4.66001;;1029.25;23.6923;1052.94;;682.67
4.67001;;1029.25;22.8062;1052.06;;682.67
4.68001;;1029.25;23.5507;1052.8;;682.67
4.69001;;1029.25;24.1042;1053.36;;682.67
4.70001;;1029.25;23.6393;1052.89;;682.67
4.71001;;1029.25;23.7477;1053;;682.67
4.72001;;1029.25;22.9044;1052.16;;682.67
4.73001;;1029.25;23.0906;1052.34;;682.67
4.74001;;1029.25;23.072;1052.32;;682.67
4.75001;;1029.25;23.6525;1052.9;;682.67
4.76001;;1029.25;24.2366;1053.49;;682.67
4.77001;;1029.25;22.8917;1052.14;;682.67
4.78001;;1029.25;23.3081;1052.56;;682.67
4.79001;;1029.25;22.8468;1052.1;;682.67
4.80001;;1029.25;23.2034;1052.46;;682.67
4.81002;;1029.25;23.2157;1052.47;;682.67
4.82002;;1029.25;23.6763;1052.93;;682.67
4.83002;;1029.25;24.3771;1053.63;;682.67
4.84002;;1029.25;22.8623;1052.11;;682.67
4.85002;;1029.25;23.1306;1052.38;;682.67
4.86002;;1029.25;23.123;1052.38;;682.67
4.87002;;1029.25;23.2522;1052.5;;682.67
4.88002;;1029.25;23.5238;1052.78;;682.67
4.89002;;1029.25;23.4962;1052.75;;682.67
4.90002;;1029.25;24.0557;1053.31;;682.67
4.91002;;1029.25;23.1554;1052.41;;682.67
4.92002;;1029.25;22.8501;1052.1;;682.67
4.93002;;1029.25;23.2128;1052.46;;682.67
4.94002;;1029.25;24.174;1053.43;;682.67
4.95002;;1029.25;23.7117;1052.96;;682.67
4.96002;;1029.25;23.0724;1052.32;;682.67
4.97002;;1029.25;24.3406;1053.59;;682.67
4.98002;;1029.25;23.5337;1052.79;;682.67
4.99002;;1029.25;23.0812;1052.33;;682.67
5.00002;;1029.25;23.6525;1052.9;;682.67
5.01002;;1029.25;23.0708;1052.32;;682.67
5.02002;;1029.25;23.8007;1053.05;;682.67
5.03002;;1029.25;23.1947;1052.45;;682.67
5.04002;;1029.25;23.6354;1052.89;;682.67
5.05002;;1029.25;23.6343;1052.89;;682.67
5.06002;;1029.25;23.2278;1052.48;;682.67
5.07002;;1029.25;23.5243;1052.78;;682.67
5.08002;;1029.25;23.3539;1052.61;;682.67
5.09002;;1029.25;23.9149;1053.17;;682.67
5.10002;;1029.25;22.9998;1052.25;;682.67
5.11002;;1029.25;23.7423;1052.99;;682.67
5.12002;;1029.25;24.2616;1053.51;;682.67
5.13002;;1029.25;23.5791;1052.83;;682.67
5.14002;;1029.25;23.7915;1053.04;;682.67
5.15002;;1029.25;22.897;1052.15;;682.67
5.16002;;1029.25;23.2139;1052.47;;682.67
5.17002;;1029.25;23.0205;1052.27;;682.67
5.18002;;1029.25;23.7581;1053.01;;682.67
5.19002;;1029.25;24.4513;1053.7;;682.67
5.20002;;1029.25;22.9971;1052.25;;682.67
5.21002;;1029.25;23.4989;1052.75;;682.67
5.22002;;1029.25;23.0072;1052.26;;682.67
5.23002;;1029.25;23.3943;1052.65;;682.67
5.24003;;1029.25;23.4362;1052.69;;682.67
5.25003;;1029.25;23.8278;1053.08;;682.67
5.26003;;1029.25;24.5325;1053.78;;682.67
5.27003;;1029.25;22.9512;1052.2;;682.67
5.28003;;1029.25;23.1056;1052.36;;682.67
5.29003;;1029.25;23.1469;1052.4;;682.67
5.30003;;1029.25;23.2887;1052.54;;682.67
5.31003;;1029.25;23.6588;1052.91;;682.67
5.32003;;1029.25;23.5872;1052.84;;682.67
5.33003;;1029.25;24.1559;1053.41;;682.67
5.34003;;1029.25;23.3186;1052.57;;682.67
5.35003;;1029.25;22.8468;1052.1;;682.67
5.36003;;1029.25;23.1726;1052.42;;682.67
5.37003;;1029.25;24.1271;1053.38;;682.67
5.38003;;1029.25;23.822;1053.07;;682.67
5.39003;;1029.25;23.085;1052.34;;682.67
5.40003;;1029.25;24.365;1053.62;;682.67
5.41003;;1029.25;23.6348;1052.89;;682.67
5.42003;;1029.25;23.0784;1052.33;;682.67
5.43003;;1029.25;23.6049;1052.86;;682.67
5.44003;;1029.25;23.1044;1052.36;;682.67
5.45003;;1029.25;23.6228;1052.87;;682.67
5.46003;;1029.25;23.0608;1052.31;;682.67
5.47003;;1029.25;23.7111;1052.96;;682.67
5.48003;;1029.25;23.99;1053.24;;682.67
5.49003;;1029.25;23.2887;1052.54;;682.67
5.50003;;1029.25;23.6416;1052.89;;682.67
5.51003;;1029.25;23.3628;1052.61;;682.67
5.52003;;1029.25;23.9911;1053.24;;682.67
5.53003;;1029.25;22.8347;1052.09;;682.67
5.54003;;1029.25;23.6737;1052.93;;682.67
5.55003;;1029.25;24.4529;1053.7;;682.67
5.56003;;1029.25;23.6354;1052.89;;682.67
5.57003;;1029.25;23.5509;1052.8;;682.67
5.58003;;1029.25;23.1106;1052.36;;682.67
5.59003;;1029.25;23.01;1052.26;;682.67
5.60003;;1029.25;23.1725;1052.42;;682.67
5.61003;;1029.25;23.7992;1053.05;;682.67
5.62003;;1029.25;24.5492;1053.8;;682.67
5.63003;;1029.25;23.1189;1052.37;;682.67
5.64003;;1029.25;23.7128;1052.96;;682.67
5.65003;;1029.25;23.0924;1052.34;;682.67
5.66003;;1029.25;23.4084;1052.66;;682.67
5.67003;;1029.25;23.7206;1052.97;;682.67
5.68004;;1029.25;23.7317;1052.98;;682.67
5.69004;;1029.25;24.6616;1053.91;;682.67
5.70004;;1029.25;23.0392;1052.29;;682.67
5.71004;;1029.25;23.0292;1052.28;;682.67
5.72004;;1029.25;23.3773;1052.63;;682.67
5.73004;;1029.25;23.5541;1052.81;;682.67
5.74004;;1029.25;23.6759;1052.93;;682.67
5.75004;;1029.25;23.5576;1052.81;;682.67
5.76004;;1029.25;24.3728;1053.62;;682.67
5.77004;;1029.25;23.4508;1052.7;;682.67
5.78004;;1029.25;22.8988;1052.15;;682.67
5.79004;;1029.25;23.3086;1052.56;;682.67
5.80004;;1029.25;24.1438;1053.4;;682.67
5.81004;;1029.25;24.0874;1053.34;;682.67
5.82004;;1029.25;23.4248;1052.68;;682.67
5.83004;;1029.25;24.2985;1053.55;;682.67
5.84004;;1029.25;23.6824;1052.93;;682.67
5.85004;;1029.25;23.3142;1052.57;;682.67
5.86004;;1029.25;23.6309;1052.88;;682.67
5.87004;;1029.25;23.6681;1052.92;;682.67
5.88004;;1029.25;23.5824;1052.83;;682.67
5.89004;;1029.25;23.2599;1052.51;;682.67
5.90004;;1029.25;23.6898;1052.94;;682.67
5.91004;;1029.25;24.1088;1053.36;;682.67
5.92004;;1029.25;23.3368;1052.59;;682.67
5.93004;;1029.25;23.8751;1053.13;;682.67
5.94004;;1029.25;23.1593;1052.41;;682.67
5.95004;;1029.25;24.1183;1053.37;;682.67
5.96004;;1029.25;23.1938;1052.45;;682.67
5.97004;;1029.25;23.886;1053.14;;682.67
5.98004;;1029.25;24.5089;1053.76;;682.67
5.99004;;1029.25;23.5999;1052.85;;682.67
6.00004;;1029.25;23.5487;1052.8;;682.67
6.01004;;1029.25;23.0352;1052.29;;682.67
6.02004;;1029.25;23.1454;1052.4;;682.67
6.03004;;1029.25;23.2445;1052.5;;682.67
6.04004;;1029.25;23.8859;1053.14;;682.67
6.05004;;1029.25;24.5979;1053.85;;682.67
6.06004;;1029.25;23.2351;1052.49;;682.67
6.07004;;1029.25;23.908;1053.16;;682.67
6.08004;;1029.25;23.3003;1052.55;;682.67
6.09004;;1029.25;23.6482;1052.9;;682.67
6.10004;;1029.25;23.7423;1052.99;;682.67
6.11004;;1029.25;23.9093;1053.16;;682.67
6.12005;;1029.25;24.8112;1054.06;;682.67
6.13005;;1029.25;23.2354;1052.49;;682.67
6.14005;;1029.25;23.2179;1052.47;;682.67
6.15005;;1029.25;23.4254;1052.68;;682.67
6.16005;;1029.25;23.6469;1052.9;;682.67
6.17005;;1029.25;23.8826;1053.13;;682.67
6.18005;;1029.25;23.5741;1052.83;;682.67
6.19005;;1029.25;24.2781;1053.53;;682.67
6.20005;;1029.25;23.6538;1052.91;;682.67
6.21005;;1029.25;22.8302;1052.08;;682.67
6.22005;;1029.25;23.2593;1052.51;;682.67
6.23005;;1029.25;23.8119;1053.06;;682.67
6.24005;;1029.25;23.9888;1053.24;;682.67
6.25005;;1029.25;23.375;1052.63;;682.67
6.26005;;1029.25;24.1624;1053.41;;682.67
6.27005;;1029.25;23.8926;1053.14;;682.67
6.28005;;1029.25;23.4402;1052.69;;682.67
6.29005;;1029.25;23.7157;1052.97;;682.67
6.30005;;1029.25;23.8987;1053.15;;682.67
6.31005;;1029.25;23.4224;1052.67;;682.67
6.32005;;1029.25;23.1813;1052.43;;682.67
6.33005;;1029.25;23.6272;1052.88;;682.67
6.34005;;1029.25;23.9965;1053.25;;682.67
6.35005;;1029.25;23.2478;1052.5;;682.67
6.36005;;1029.25;23.9622;1053.21;;682.67
6.37005;;1029.25;23.0985;1052.35;;682.67
6.38005;;1029.25;23.9817;1053.23;;682.67
6.39005;;1029.25;23.3073;1052.56;;682.67
6.40005;;1029.25;23.9503;1053.2;;682.67
6.41005;;1029.25;24.5735;1053.83;;682.67
6.42005;;1029.25;23.724;1052.98;;682.67
6.43005;;1029.25;23.5857;1052.84;;682.67
6.44005;;1029.25;23.1498;1052.4;;682.67
6.45005;;1029.25;23.1339;1052.39;;682.67
6.46005;;1029.25;23.4254;1052.68;;682.67
6.47005;;1029.25;24.234;1053.49;;682.67
6.48005;;1029.25;24.6361;1053.89;;682.67
6.49005;;1029.25;23.1731;1052.43;;682.67
6.50005;;1029.25;23.9965;1053.25;;682.67
6.51005;;1029.25;23.4329;1052.68;;682.67
6.52005;;1029.25;23.6046;1052.86;;682.67
6.53005;;1029.25;23.7528;1053;;682.67
6.54005;;1029.25;23.866;1053.12;;682.67
6.55006;;1029.25;24.7107;1053.96;;682.67
6.56006;;1029.25;23.2926;1052.54;;682.67
6.57006;;1029.25;23.0526;1052.3;;682.67
6.58006;;1029.25;23.5482;1052.8;;682.67
6.59006;;1029.25;23.8379;1053.09;;682.67
6.60006;;1029.25;23.8333;1053.09;;682.67
6.61006;;1029.25;23.624;1052.88;;682.67
6.62006;;1029.25;24.5187;1053.77;;682.67
6.63006;;1029.25;23.7599;1053.01;;682.67
6.64006;;1029.25;23.1564;1052.41;;682.67
6.65006;;1029.25;23.5463;1052.8;;682.67
6.66006;;1029.25;24.046;1053.3;;682.67
6.67006;;1029.25;24.2125;1053.46;;682.67
6.68006;;1029.25;23.6259;1052.88;;682.67
6.69006;;1029.25;24.3091;1053.56;;682.67
6.70006;;1029.25;24.0005;1053.25;;682.67
6.71006;;1029.25;23.5094;1052.76;;682.67
6.72006;;1029.25;23.8068;1053.06;;682.67
6.73006;;1029.25;24.2537;1053.51;;682.67
6.74006;;1029.25;23.7209;1052.97;;682.67
6.75006;;1029.25;23.3263;1052.58;;682.67
6.76006;;1029.25;23.8717;1053.12;;682.67
6.77006;;1029.25;24.2971;1053.55;;682.67
6.78006;;1029.25;23.5308;1052.78;;682.67
6.79006;;1029.25;24.2252;1053.48;;682.67
6.80006;;1029.25;23.3153;1052.57;;682.67
6.81006;;1029.25;24.2716;1053.52;;682.67
6.82006;;1029.25;23.2917;1052.54;;682.67
6.83006;;1029.25;24.0393;1053.29;;682.67
6.84006;;1029.25;24.7859;1054.04;;682.67
6.85006;;1029.25;23.7976;1053.05;;682.67
6.86006;;1029.25;23.5608;1052.81;;682.67
6.87006;;1029.25;23.3217;1052.57;;682.67
6.88006;;1029.25;23.3516;1052.6;;682.67
6.89006;;1029.25;23.5801;1052.83;;682.67
6.90006;;1029.25;24.156;1053.41;;682.67
6.91006;;1029.25;24.9193;1054.17;;682.67
6.92006;;1029.25;23.4049;1052.66;;682.67
6.93006;;1029.25;24.2439;1053.5;;682.67
6.94006;;1029.25;23.4573;1052.71;;682.67
6.95006;;1029.25;23.8766;1053.13;;682.67
6.96006;;1029.25;23.9772;1053.23;;682.67
6.97006;;1029.25;24.1498;1053.4;;682.67
6.98006;;1029.25;24.8491;1054.1;;682.67
6.99007;;1029.25;23.4839;1052.74;;682.67
7.00007;;1029.25;23.1591;1052.41;;682.67
7.01007;;1029.25;23.4745;1052.73;;682.67
7.02007;;1029.25;23.9453;1053.2;;682.67
7.03007;;1029.25;24.0973;1053.35;;682.67
7.04007;;1029.25;23.7842;1053.04;;682.67
7.05007;;1029.25;24.7162;1053.97;;682.67
7.06007;;1029.25;23.9303;1053.18;;682.67
7.07007;;1029.25;23.2386;1052.49;;682.67
7.08007;;1029.25;23.7705;1053.02;;682.67
7.09007;;1029.25;24.0088;1053.26;;682.67
7.10007;;1029.25;24.4608;1053.71;;682.67
7.11007;;1029.25;23.7107;1052.96;;682.67
7.12007;;1029.25;24.3267;1053.58;;682.67
7.13007;;1029.25;24.1021;1053.35;;682.67
7.14007;;1029.25;23.5364;1052.79;;682.67
7.15007;;1029.25;23.642;1052.89;;682.67
7.16007;;1029.25;24.261;1053.51;;682.67
7.17007;;1029.25;23.8325;1053.08;;682.67
7.18007;;1029.25;23.3755;1052.63;;682.67
7.19007;;1029.25;23.9746;1053.23;;682.67
7.20007;;1029.25;24.3866;1053.64;;682.67
7.21007;;1029.25;23.7091;1052.96;;682.67
7.22007;;1029.25;24.3578;1053.61;;682.67
7.23007;;1029.25;23.0161;1052.27;;682.67
7.24007;;1029.25;24.011;1053.26;;682.67
7.25007;;1029.25;23.3794;1052.63;;682.67
7.26007;;1029.25;24.075;1053.33;;682.67
7.27007;;1029.25;24.7454;1054;;682.67
7.28007;;1029.25;23.5034;1052.76;;682.67
7.29007;;1029.25;23.5918;1052.84;;682.67
7.30007;;1029.25;23.374;1052.63;;682.67
7.31007;;1029.25;23.4408;1052.69;;682.67
7.32007;;1029.25;23.6442;1052.9;;682.67
7.33007;;1029.25;24.2439;1053.5;;682.67
7.34007;;1029.25;24.7924;1054.04;;682.67
7.35007;;1029.25;23.4413;1052.69;;682.67
7.36007;;1029.25;24.1952;1053.45;;682.67
7.37007;;1029.25;23.4789;1052.73;;682.67
7.38007;;1029.25;23.7256;1052.98;;682.67
7.39007;;1029.25;24.0562;1053.31;;682.67
7.40007;;1029.25;24.1519;1053.4;;682.67
7.41007;;1029.25;24.833;1054.08;;682.67
7.42007;;1029.25;23.7238;1052.98;;682.67
7.43008;;1029.25;23.2407;1052.49;;682.67
7.44008;;1029.25;23.6956;1052.95;;682.67
7.45008;;1029.25;24.2152;1053.47;;682.67
7.46008;;1029.25;24.0082;1053.26;;682.67
7.47008;;1029.25;23.6665;1052.92;;682.67
7.48008;;1029.25;24.7716;1054.02;;682.67
7.49008;;1029.25;23.9501;1053.2;;682.67
7.50008;;1029.25;23.2865;1052.54;;682.67
7.51008;;1029.25;23.7617;1053.01;;682.67
7.52008;;1029.25;23.7577;1053.01;;682.67
7.53008;;1029.25;24.5668;1053.82;;682.67
7.54008;;1029.25;23.9218;1053.17;;682.67
7.55008;;1029.25;24.4247;1053.68;;682.67
7.56008;;1029.25;24.1281;1053.38;;682.67
7.57008;;1029.25;23.6165;1052.87;;682.67
7.58008;;1029.25;23.908;1053.16;;682.67
7.59008;;1029.25;24.4252;1053.68;;682.67
7.60008;;1029.25;23.9478;1053.2;;682.67
7.61008;;1029.25;23.6066;1052.86;;682.67
7.62008;;1029.25;24.1046;1053.36;;682.67
7.63008;;1029.25;24.4938;1053.75;;682.67
7.64008;;1029.25;23.8893;1053.14;;682.67
7.65008;;1029.25;24.3245;1053.58;;682.67
7.66008;;1029.25;23.2443;1052.5;;682.67
7.67008;;1029.25;24.1934;1053.45;;682.67
7.68008;;1029.25;23.4557;1052.71;;682.67
7.69008;;1029.25;24.1255;1053.38;;682.67
7.70008;;1029.25;24.8542;1054.11;;682.67
7.71008;;1029.25;23.8456;1053.1;;682.67
7.72008;;1029.25;23.7925;1053.04;;682.67
7.73008;;1029.25;23.5312;1052.78;;682.67
7.74008;;1029.25;23.4473;1052.7;;682.67
7.75008;;1029.25;23.6605;1052.91;;682.67
7.76008;;1029.25;24.302;1053.55;;682.67
7.77008;;1029.25;25.0447;1054.3;;682.67
7.78008;;1029.25;23.4438;1052.7;;682.67
7.79008;;1029.25;24.4406;1053.69;;682.67
7.80008;;1029.25;23.6792;1052.93;;682.67
7.81008;;1029.25;24.0148;1053.27;;682.67
7.82008;;1029.25;24.1835;1053.44;;682.67
7.83008;;1029.25;24.2792;1053.53;;682.67
7.84008;;1029.25;24.9492;1054.2;;682.67
7.85008;;1029.25;23.673;1052.92;;682.67
7.86009;;1029.25;23.123;1052.38;;682.67
7.87009;;1029.25;23.6305;1052.88;;682.67
7.88009;;1029.25;24.2393;1053.49;;682.67
7.89009;;1029.25;24.1447;1053.4;;682.67
7.90009;;1029.25;23.7946;1053.05;;682.67
7.91009;;1029.25;24.8369;1054.09;;682.67
7.92009;;1029.25;24.0199;1053.27;;682.67
7.93009;;1029.25;23.4578;1052.71;;682.67
7.94009;;1029.25;23.9895;1053.24;;682.67
7.95009;;1029.25;23.8562;1053.11;;682.67
7.96009;;1029.25;24.5385;1053.79;;682.67
7.97009;;1029.25;23.9109;1053.16;;682.67
7.98009;;1029.25;24.499;1053.75;;682.67
7.99009;;1029.25;24.208;1053.46;;682.67
8.00009;;1029.25;23.8002;1053.05;;682.67
8.01009;;1029.25;23.9915;1053.24;;682.67
8.02009;;1029.25;24.391;1053.64;;682.67
8.03009;;1029.25;24.0319;1053.28;;682.67
8.04009;;1029.25;23.5756;1052.83;;682.67
8.05009;;1029.25;24.1979;1053.45;;682.67
8.06009;;1029.25;24.5631;1053.82;;682.67
8.07009;;1029.25;23.927;1053.18;;682.67
8.08009;;1029.25;24.4823;1053.73;;682.67
8.09009;;1029.25;23.2178;1052.47;;682.67
8.10009;;1029.25;24.1581;1053.41;;682.67
8.11009;;1029.25;23.6283;1052.88;;682.67
8.12009;;1029.25;24.2594;1053.51;;682.67
8.13009;;1029.25;24.9696;1054.22;;682.67
8.14009;;1029.25;23.7057;1052.96;;682.67
8.15009;;1029.25;23.8091;1053.06;;682.67
8.16009;;1029.25;23.6676;1052.92;;682.67
8.17009;;1029.25;23.6238;1052.88;;682.67
8.18009;;1029.25;23.6824;1052.93;;682.67
8.19009;;1029.25;24.3921;1053.64;;682.67
8.20009;;1029.25;25.1748;1054.43;;682.67
8.21009;;1029.25;23.5034;1052.76;;682.67
8.22009;;1029.25;24.3417;1053.59;;682.67
8.23009;;1029.25;23.7761;1053.03;;682.67
8.24009;;1029.25;24.0884;1053.34;;682.67
8.25009;;1029.25;24.3905;1053.64;;682.67
8.26009;;1029.25;24.4219;1053.67;;682.67
8.27009;;1029.25;24.9406;1054.19;;682.67
8.28009;;1029.25;23.8141;1053.07;;682.67
8.29009;;1029.25;23.2836;1052.54;;682.67
8.30009;;1029.25;23.6759;1052.93;;682.67
8.31009;;1029.25;24.3484;1053.6;;682.67
8.3201;;1029.25;24.2443;1053.5;;682.67
8.3301;;1029.25;23.8075;1053.06;;682.67
8.3401;;1029.25;24.9156;1054.17;;682.67
8.3501;;1029.25;24.1707;1053.42;;682.67
8.3601;;1029.25;23.5048;1052.76;;682.67
8.3701;;1029.25;24.1753;1053.43;;682.67
8.3801;;1029.25;23.9309;1053.18;;682.67
8.3901;;1029.25;24.632;1053.88;;682.67
8.4001;;1029.25;23.891;1053.14;;682.67
8.4101;;1029.25;24.4602;1053.71;;682.67
8.4201;;1029.25;24.3213;1053.57;;682.67
8.4301;;1029.25;23.8202;1053.07;;682.67
8.4401;;1029.25;24.0701;1053.32;;682.67
8.4501;;1029.25;24.5509;1053.8;;682.67
8.4601;;1029.25;24.0406;1053.29;;682.67
8.4701;;1029.25;23.6648;1052.92;;682.67
8.4801;;1029.25;24.3268;1053.58;;682.67
8.4901;;1029.25;24.5605;1053.81;;682.67
8.5001;;1029.25;23.8981;1053.15;;682.67
8.5101;;1029.25;24.6544;1053.91;;682.67
8.5201;;1029.25;23.359;1052.61;;682.67
8.5301;;1029.25;24.3424;1053.59;;682.67
8.5401;;1029.25;23.7506;1053;;682.67
8.5501;;1029.25;24.4036;1053.66;;682.67
8.5601;;1029.25;24.9514;1054.2;;682.67
8.5701;;1029.25;23.8864;1053.14;;682.67
8.5801;;1029.25;23.8329;1053.08;;682.67
8.5901;;1029.25;23.5697;1052.82;;682.67
8.6001;;1029.25;23.7035;1052.96;;682.67
8.6101;;1029.25;23.7758;1053.03;;682.67
8.6201;;1029.25;24.4293;1053.68;;682.67
8.6301;;1029.25;25.1614;1054.41;;682.67
8.6401;;1029.25;23.5121;1052.76;;682.67
8.6501;;1029.25;24.4065;1053.66;;682.67
8.6601;;1029.25;23.7506;1053;;682.67
8.6701;;1029.25;24.0808;1053.33;;682.67
8.6801;;1029.25;24.3717;1053.62;;682.67
8.6901;;1029.25;24.4689;1053.72;;682.67
8.7001;;1029.25;24.9398;1054.19;;682.67
8.7101;;1029.25;23.8439;1053.1;;682.67
8.7201;;1029.25;23.5287;1052.78;;682.67
8.7301;;1029.25;23.8612;1053.11;;682.67
8.7401;;1029.25;24.4049;1053.66;;682.67
8.7501;;1029.25;24.1724;1053.42;;682.67
8.76011;;1029.25;23.7151;1052.97;;682.67
8.77011;;1029.25;24.856;1054.11;;682.67
8.78011;;1029.25;23.9176;1053.17;;682.67
8.79011;;1029.25;23.3795;1052.63;;682.67
8.80011;;1029.25;23.9928;1053.24;;682.67
8.81011;;1029.25;23.5586;1052.81;;682.67
8.82011;;1029.25;24.5304;1053.78;;682.67
8.83011;;1029.25;23.9409;1053.19;;682.67
8.84011;;1029.25;24.4314;1053.68;;682.67
8.85011;;1029.25;24.1891;1053.44;;682.67
8.86011;;1029.25;23.6355;1052.89;;682.67
8.87011;;1029.25;23.8914;1053.14;;682.67
8.88011;;1029.25;24.5381;1053.79;;682.67
8.89011;;1029.25;24.0603;1053.31;;682.67
8.90011;;1029.25;23.5789;1052.83;;682.67
8.91011;;1029.25;24.1879;1053.44;;682.67
8.92011;;1029.25;24.6033;1053.86;;682.67
8.93011;;1029.25;24.0851;1053.34;;682.67
8.94011;;1029.25;24.5786;1053.83;;682.67
8.95011;;1029.25;23.359;1052.61;;682.67
8.96011;;1029.25;24.0153;1053.27;;682.67
8.97011;;1029.25;23.8063;1053.06;;682.67
8.98011;;1029.25;24.3644;1053.62;;682.67
8.99011;;1029.25;24.973;1054.22;;682.67
9.00011;;1029.25;23.6442;1052.9;;682.67
9.01011;;1029.25;23.5868;1052.84;;682.67
9.02011;;1029.25;23.5536;1052.81;;682.67
9.03011;;1029.25;23.5801;1052.83;;682.67
9.04011;;1029.25;23.9115;1053.16;;682.67
9.05011;;1029.25;24.4032;1053.66;;682.67
9.06011;;1029.25;25.2511;1054.5;;682.67
9.07011;;1029.25;23.856;1053.11;;682.67
9.08011;;1029.25;24.5164;1053.77;;682.67
9.09011;;1029.25;23.9639;1053.22;;682.67
9.10011;;1029.25;24.2483;1053.5;;682.67
9.11011;;1029.25;24.3772;1053.63;;682.67
9.12011;;1029.25;24.3555;1053.61;;682.67
9.13011;;1029.25;24.8606;1054.11;;682.67
9.14011;;1029.25;23.9608;1053.21;;682.67
9.15011;;1029.25;23.439;1052.69;;682.67
9.16011;;1029.25;23.8352;1053.09;;682.67
9.17011;;1029.25;24.6239;1053.88;;682.67
9.18011;;1029.25;24.3684;1053.62;;682.67
9.19011;;1029.25;23.8312;1053.08;;682.67
9.20012;;1029.25;25.0216;1054.27;;682.67
9.21012;;1029.25;24.2963;1053.55;;682.67
9.22012;;1029.25;23.4973;1052.75;;682.67
9.23012;;1029.25;24.1958;1053.45;;682.67
9.24012;;1029.25;24.0363;1053.29;;682.67
9.25012;;1029.25;24.749;1054;;682.67
9.26012;;1029.25;24.1096;1053.36;;682.67
9.27012;;1029.25;24.4237;1053.68;;682.67
9.28012;;1029.25;24.3834;1053.64;;682.67
9.29012;;1029.25;24.0249;1053.28;;682.67
9.30012;;1029.25;24.1234;1053.38;;682.67
9.31012;;1029.25;24.8585;1054.11;;682.67
9.32012;;1029.25;24.3208;1053.57;;682.67
9.33012;;1029.25;23.8325;1053.08;;682.67
9.34012;;1029.25;24.4435;1053.7;;682.67
9.35012;;1029.25;24.9041;1054.16;;682.67
9.36012;;1029.25;24.0885;1053.34;;682.67
9.37012;;1029.25;24.7565;1054.01;;682.67
9.38012;;1029.25;23.547;1052.8;;682.67
9.39012;;1029.25;24.3112;1053.56;;682.67
9.40012;;1029.25;23.8795;1053.13;;682.67
9.41012;;1029.25;24.5045;1053.76;;682.67
9.42012;;1029.25;25.3291;1054.58;;682.67
9.43012;;1029.25;23.9492;1053.2;;682.67
9.44012;;1029.25;24.0011;1053.25;;682.67
9.45012;;1029.25;23.8621;1053.11;;682.67
9.46012;;1029.25;24.1265;1053.38;;682.67
9.47012;;1029.25;24.0076;1053.26;;682.67
9.48012;;1029.25;24.6493;1053.9;;682.67
9.49012;;1029.25;25.4762;1054.73;;682.67
9.50012;;1029.25;23.8459;1053.1;;682.67
9.51012;;1029.25;24.2791;1053.53;;682.67
9.52012;;1029.25;23.9834;1053.24;;682.67
9.53012;;1029.25;24.3661;1053.62;;682.67
9.54012;;1029.25;24.5;1053.75;;682.67
9.55012;;1029.25;24.3634;1053.62;;682.67
9.56012;;1029.25;24.9915;1054.24;;682.67
9.57012;;1029.25;24.1647;1053.42;;682.67
9.58012;;1029.25;23.6428;1052.89;;682.67
9.59012;;1029.25;23.9484;1053.2;;682.67
9.60012;;1029.25;24.8041;1054.06;;682.67
9.61012;;1029.25;24.4402;1053.69;;682.67
9.62012;;1029.25;23.9474;1053.2;;682.67
9.63013;;1029.25;25.1654;1054.42;;682.67
9.64013;;1029.25;24.313;1053.56;;682.67
9.65013;;1029.25;23.7667;1053.02;;682.67
9.66013;;1029.25;24.3101;1053.56;;682.67
9.67013;;1029.25;24.1254;1053.38;;682.67
9.68013;;1029.25;24.7184;1053.97;;682.67
9.69013;;1029.25;24.1063;1053.36;;682.67
9.70013;;1029.25;24.563;1053.81;;682.67
9.71013;;1029.25;24.548;1053.8;;682.67
9.72013;;1029.25;24.1027;1053.35;;682.67
9.73013;;1029.25;24.2621;1053.51;;682.67
9.74013;;1029.25;24.8722;1054.12;;682.67
9.75013;;1029.25;24.4325;1053.68;;682.67
9.76013;;1029.25;23.7898;1053.04;;682.67
9.77013;;1029.25;24.4556;1053.71;;682.67
9.78013;;1029.25;24.9087;1054.16;;682.67
9.79013;;1029.25;24.2611;1053.51;;682.67
9.80013;;1029.25;24.7101;1053.96;;682.67
9.81013;;1029.25;23.5072;1052.76;;682.67
9.82013;;1029.25;24.171;1053.42;;682.67
9.83013;;1029.25;23.9286;1053.18;;682.67
9.84013;;1029.25;24.632;1053.88;;682.67
9.85013;;1029.25;25.3075;1054.56;;682.67
9.86013;;1029.25;24.135;1053.39;;682.67
9.87013;;1029.25;24.0767;1053.33;;682.67
9.88013;;1029.25;23.9464;1053.2;;682.67
9.89013;;1029.25;24.0255;1053.28;;682.67
9.90013;;1029.25;23.9834;1053.24;;682.67
9.91013;;1029.25;24.5625;1053.81;;682.67
9.92013;;1029.25;25.4508;1054.7;;682.67
9.93013;;1029.25;23.6786;1052.93;;682.67
9.94013;;1029.25;24.2726;1053.52;;682.67
9.95013;;1029.25;23.887;1053.14;;682.67
9.96013;;1029.25;24.1731;1053.43;;682.67
9.97013;;1029.25;24.5441;1053.8;;682.67
9.98013;;1029.25;24.5216;1053.77;;682.67
9.99013;;1029.25;24.985;1054.24;;682.67
10.0001;;1029.25;24.0707;1053.32;;682.67
10.0101;;1029.25;23.6333;1052.89;;682.67
10.0201;;1029.25;23.8943;1053.15;;682.67
10.0301;;1029.25;24.8894;1054.14;;682.67
10.0401;;1029.25;24.4066;1053.66;;682.67
10.0501;;1029.25;23.8661;1053.12;;682.67
10.0601;;1029.25;25.1741;1054.43;;682.67
10.0701;;1029.25;24.2378;1053.49;;682.67
10.0801;;1029.25;23.886;1053.14;;682.67
10.0901;;1029.25;24.292;1053.54;;682.67
10.1001;;1029.25;23.8794;1053.13;;682.67
10.1101;;1029.25;24.761;1054.01;;682.67
10.1201;;1029.25;24.2782;1053.53;;682.67
10.1301;;1029.25;24.5966;1053.85;;682.67
10.1401;;1029.25;24.6934;1053.95;;682.67
10.1501;;1029.25;24.2041;1053.46;;682.67
10.1601;;1029.25;24.4087;1053.66;;682.67
10.1701;;1029.25;24.9843;1054.24;;682.67
10.1801;;1029.25;24.5845;1053.84;;682.67
10.1901;;1029.25;23.8896;1053.14;;682.67
10.2001;;1029.25;24.4469;1053.7;;682.67
10.2101;;1029.25;24.8972;1054.15;;682.67
10.2201;;1029.25;24.2903;1053.54;;682.67
10.2301;;1029.25;24.9243;1054.18;;682.67
10.2401;;1029.25;23.7761;1053.03;;682.67
10.2501;;1029.25;24.2782;1053.53;;682.67
10.2601;;1029.25;23.9867;1053.24;;682.67
10.2701;;1029.25;24.6934;1053.95;;682.67
10.2801;;1029.25;25.3462;1054.6;;682.67
10.2901;;1029.25;24.0784;1053.33;;682.67
10.3001;;1029.25;24.0923;1053.34;;682.67
10.3101;;1029.25;24.0735;1053.33;;682.67
10.3201;;1029.25;24.1667;1053.42;;682.67
10.3301;;1029.25;24.05;1053.3;;682.67
10.3401;;1029.25;24.6643;1053.92;;682.67
10.3501;;1029.25;25.4644;1054.72;;682.67
10.3601;;1029.25;23.8441;1053.1;;682.67
10.3701;;1029.25;24.2859;1053.54;;682.67
10.3801;;1029.25;24.0785;1053.33;;682.67
10.3901;;1029.25;24.2489;1053.5;;682.67
10.4001;;1029.25;24.7183;1053.97;;682.67
10.4101;;1029.25;24.4706;1053.72;;682.67
10.4201;;1029.25;25.0507;1054.3;;682.67
10.4301;;1029.25;24.2682;1053.52;;682.67
10.4401;;1029.25;23.59;1052.84;;682.67
10.4501;;1029.25;23.981;1053.23;;682.67
10.4601;;1029.25;24.9369;1054.19;;682.67
10.4701;;1029.25;24.5641;1053.82;;682.67
10.4801;;1029.25;24.0242;1053.28;;682.67
10.4901;;1029.25;25.2848;1054.54;;682.67
10.5001;;1029.25;24.3766;1053.63;;682.67
10.5101;;1029.25;24.0092;1053.26;;682.67
10.5201;;1029.25;24.4719;1053.72;;682.67
10.5301;;1029.25;24.1167;1053.37;;682.67
10.5401;;1029.25;24.7847;1054.04;;682.67
10.5501;;1029.25;24.0912;1053.34;;682.67
10.5601;;1029.25;24.6621;1053.91;;682.67
10.5701;;1029.25;24.5762;1053.83;;682.67
10.5801;;1029.25;24.3236;1053.58;;682.67
10.5901;;1029.25;24.4818;1053.73;;682.67
10.6001;;1029.25;25.0927;1054.34;;682.67
10.6101;;1029.25;24.5216;1053.77;;682.67
10.6201;;1029.25;23.8766;1053.13;;682.67
10.6301;;1029.25;24.4784;1053.73;;682.67
10.6401;;1029.25;25.043;1054.29;;682.67
10.6501;;1029.25;24.3823;1053.63;;682.67
10.6601;;1029.25;24.8556;1054.11;;682.67
10.6701;;1029.25;23.6726;1052.92;;682.67
10.6801;;1029.25;24.2332;1053.49;;682.67
10.6901;;1029.25;23.9932;1053.25;;682.67
10.7001;;1029.25;24.6792;1053.93;;682.67
10.7101;;1029.25;25.3252;1054.58;;682.67
10.7201;;1029.25;24.1144;1053.37;;682.67
10.7302;;1029.25;24.2487;1053.5;;682.67
10.7402;;1029.25;23.9351;1053.19;;682.67
10.7502;;1029.25;24.0482;1053.3;;682.67
10.7602;;1029.25;24.146;1053.4;;682.67
10.7702;;1029.25;24.679;1053.93;;682.67
10.7802;;1029.25;25.4945;1054.75;;682.67
10.7902;;1029.25;23.9387;1053.19;;682.67
10.8002;;1029.25;24.3427;1053.59;;682.67
10.8102;;1029.25;24.1367;1053.39;;682.67
10.8202;;1029.25;24.2539;1053.51;;682.67
10.8302;;1029.25;24.5579;1053.81;;682.67
10.8402;;1029.25;24.6388;1053.89;;682.67
10.8502;;1029.25;25.1183;1054.37;;682.67
10.8602;;1029.25;24.2616;1053.51;;682.67
10.8702;;1029.25;23.7792;1053.03;;682.67
10.8802;;1029.25;24.1466;1053.4;;682.67
10.8902;;1029.25;25.0669;1054.32;;682.67
10.9002;;1029.25;24.5764;1053.83;;682.67
10.9102;;1029.25;24.0249;1053.28;;682.67
10.9202;;1029.25;25.2971;1054.55;;682.67
10.9302;;1029.25;24.4623;1053.71;;682.67
10.9402;;1029.25;23.9823;1053.23;;682.67
10.9502;;1029.25;24.5181;1053.77;;682.67
10.9602;;1029.25;24.1294;1053.38;;682.67
10.9702;;1029.25;24.7053;1053.96;;682.67
10.9802;;1029.25;24.2249;1053.48;;682.67
10.9902;;1029.25;24.6239;1053.88;;682.67
11.0002;;1029.25;24.6656;1053.92;;682.67
11.0102;;1029.25;24.1089;1053.36;;682.67
11.0202;;1029.25;24.4193;1053.67;;682.67
11.0302;;1029.25;24.9872;1054.24;;682.67
11.0402;;1029.25;24.6603;1053.91;;682.67
11.0502;;1029.25;23.8689;1053.12;;682.67
11.0602;;1029.25;24.5497;1053.8;;682.67
11.0702;;1029.25;25.1459;1054.4;;682.67
11.0802;;1029.25;24.5387;1053.79;;682.67
11.0902;;1029.25;24.7812;1054.03;;682.67
11.1002;;1029.25;23.7804;1053.03;;682.67
11.1102;;1029.25;24.2433;1053.5;;682.67
11.1202;;1029.25;24.1812;1053.43;;682.67
11.1302;;1029.25;24.7819;1054.03;;682.67
11.1402;;1029.25;25.3418;1054.59;;682.67
11.1502;;1029.25;24.0376;1053.29;;682.67
11.1602;;1029.25;24.2526;1053.5;;682.67
11.1702;;1029.25;24.1144;1053.37;;682.67
11.1802;;1029.25;24.2604;1053.51;;682.67
11.1902;;1029.25;24.1844;1053.44;;682.67
11.2002;;1029.25;24.7726;1054.02;;682.67
11.2102;;1029.25;25.6316;1054.88;;682.67
11.2202;;1029.25;23.9672;1053.22;;682.67
11.2302;;1029.25;24.3384;1053.59;;682.67
11.2402;;1029.25;24.2274;1053.48;;682.67
11.2502;;1029.25;24.328;1053.58;;682.67
11.2602;;1029.25;24.6818;1053.93;;682.67
11.2702;;1029.25;24.578;1053.83;;682.67
11.2802;;1029.25;25.1519;1054.4;;682.67
11.2902;;1029.25;24.1714;1053.42;;682.67
11.3002;;1029.25;23.8418;1053.09;;682.67
11.3102;;1029.25;24.0946;1053.35;;682.67
11.3202;;1029.25;25.2317;1054.48;;682.67
11.3302;;1029.25;24.6626;1053.91;;682.67
11.3402;;1029.25;24.1094;1053.36;;682.67
11.3502;;1029.25;25.2964;1054.55;;682.67
11.3602;;1029.25;24.4779;1053.73;;682.67
11.3702;;1029.25;23.9722;1053.22;;682.67
11.3802;;1029.25;24.4987;1053.75;;682.67
11.3902;;1029.25;24.0758;1053.33;;682.67
11.4002;;1029.25;24.8668;1054.12;;682.67
11.4102;;1029.25;24.2653;1053.52;;682.67
11.4202;;1029.25;24.6765;1053.93;;682.67
11.4302;;1029.25;24.7809;1054.03;;682.67
11.4402;;1029.25;24.267;1053.52;;682.67
11.4502;;1029.25;24.5066;1053.76;;682.67
11.4602;;1029.25;24.7515;1054;;682.67
11.4702;;1029.25;24.6699;1053.92;;682.67
11.4802;;1029.25;24.0363;1053.29;;682.67
11.4902;;1029.25;24.6125;1053.86;;682.67
11.5002;;1029.25;25.2729;1054.52;;682.67
11.5102;;1029.25;24.6062;1053.86;;682.67
11.5202;;1029.25;24.8562;1054.11;;682.67
11.5302;;1029.25;23.8427;1053.09;;682.67
11.5402;;1029.25;24.2986;1053.55;;682.67
11.5502;;1029.25;24.214;1053.47;;682.67
11.5602;;1029.25;24.8231;1054.08;;682.67
11.5702;;1029.25;25.5807;1054.83;;682.67
11.5802;;1029.25;24.1599;1053.41;;682.67
11.5902;;1029.25;24.3888;1053.64;;682.67
11.6002;;1029.25;24.1956;1053.45;;682.67
11.6102;;1029.25;24.3783;1053.63;;682.67
11.6202;;1029.25;24.4668;1053.72;;682.67
11.6302;;1029.25;24.7753;1054.03;;682.67
11.6402;;1029.25;25.6211;1054.87;;682.67
11.6502;;1029.25;24.0125;1053.26;;682.67
11.6602;;1029.25;24.4219;1053.67;;682.67
11.6702;;1029.25;24.2041;1053.46;;682.67
11.6802;;1029.25;24.3217;1053.57;;682.67
11.6902;;1029.25;24.6134;1053.87;;682.67
11.7002;;1029.25;24.5635;1053.82;;682.67
11.7102;;1029.25;25.0861;1054.34;;682.67
11.7202;;1029.25;24.307;1053.56;;682.67
11.7302;;1029.25;23.7212;1052.97;;682.67
11.7402;;1029.25;24.224;1053.48;;682.67
11.7502;;1029.25;25.1698;1054.42;;682.67
11.7602;;1029.25;24.6801;1053.93;;682.67
11.7702;;1029.25;24.2356;1053.49;;682.67
11.7802;;1029.25;25.4065;1054.66;;682.67
11.7902;;1029.25;24.5316;1053.78;;682.67
11.8002;;1029.25;24.2095;1053.46;;682.67
11.8102;;1029.25;24.6125;1053.86;;682.67
11.8202;;1029.25;24.1333;1053.39;;682.67
11.8302;;1029.25;24.7991;1054.05;;682.67
11.8402;;1029.25;24.2722;1053.52;;682.67
11.8502;;1029.25;24.7653;1054.02;;682.67
11.8602;;1029.25;24.7646;1054.02;;682.67
11.8702;;1029.25;24.2544;1053.51;;682.67
11.8802;;1029.25;24.6033;1053.86;;682.67
11.8902;;1029.25;24.7188;1053.97;;682.67
11.9002;;1029.25;24.8748;1054.13;;682.67
11.9102;;1029.25;23.9497;1053.2;;682.67
11.9202;;1029.25;24.6793;1053.93;;682.67
11.9302;;1029.25;25.1381;1054.39;;682.67
11.9402;;1029.25;24.5785;1053.83;;682.67
11.9502;;1029.25;24.8319;1054.08;;682.67
11.9602;;1029.25;23.8795;1053.13;;682.67
11.9702;;1029.25;24.2091;1053.46;;682.67
11.9802;;1029.25;24.1305;1053.38;;682.67
11.9902;;1029.25;24.7971;1054.05;;682.67
12.0002;;1029.25;25.4319;1054.68;;682.67
12.0102;;1029.25;24.1735;1053.43;;682.67
12.0202;;1029.25;24.3708;1053.62;;682.67
12.0302;;1029.25;24.1105;1053.36;;682.67
12.0402;;1029.25;24.511;1053.76;;682.67
12.0502;;1029.25;24.287;1053.54;;682.67
12.0602;;1029.25;24.7534;1054.01;;682.67
12.0702;;1029.25;25.583;1054.83;;682.67
12.0802;;1029.25;23.9822;1053.23;;682.67
12.0902;;1029.25;24.2174;1053.47;;682.67
12.1002;;1029.25;24.2517;1053.5;;682.67
12.1102;;1029.25;24.3998;1053.65;;682.67
12.1202;;1029.25;24.7;1053.95;;682.67
12.1302;;1029.25;24.5988;1053.85;;682.67
12.1402;;1029.25;25.1619;1054.41;;682.67
12.1502;;1029.25;24.2981;1053.55;;682.67
12.1602;;1029.25;23.8744;1053.13;;682.67
12.1702;;1029.25;24.1842;1053.44;;682.67
12.1802;;1029.25;25.1475;1054.4;;682.67
12.1902;;1029.25;24.8678;1054.12;;682.67
12.2002;;1029.25;24.2074;1053.46;;682.67
12.2102;;1029.25;25.266;1054.52;;682.67
12.2202;;1029.25;24.5653;1053.82;;682.67
12.2302;;1029.25;24.1658;1053.42;;682.67
12.2402;;1029.25;24.5242;1053.78;;682.67
12.2502;;1029.25;23.9973;1053.25;;682.67
12.2602;;1029.25;24.5089;1053.76;;682.67
12.2702;;1029.25;24.2039;1053.46;;682.67
12.2802;;1029.25;24.5718;1053.82;;682.67
12.2902;;1029.25;24.7703;1054.02;;682.67
12.3002;;1029.25;24.2216;1053.47;;682.67
12.3102;;1029.25;24.6759;1053.93;;682.67
12.3202;;1029.25;24.1415;1053.39;;682.67
12.3302;;1029.25;24.8938;1054.15;;682.67
12.3402;;1029.25;24.1066;1053.36;;682.67
12.3502;;1029.25;24.5443;1053.8;;682.67
12.3602;;1029.25;25.229;1054.48;;682.67
12.3702;;1029.25;24.5802;1053.83;;682.67
12.3802;;1029.25;24.6813;1053.93;;682.67
12.3902;;1029.25;23.822;1053.07;;682.67
12.4002;;1029.25;24.2097;1053.46;;682.67
12.4102;;1029.25;24.1309;1053.38;;682.67
12.4202;;1029.25;24.8322;1054.08;;682.67
12.4302;;1029.25;25.4802;1054.73;;682.67
12.4402;;1029.25;24.1704;1053.42;;682.67
12.4502;;1029.25;24.682;1053.93;;682.67
12.4602;;1029.25;24.1554;1053.41;;682.67
12.4702;;1029.25;24.4452;1053.7;;682.67
12.4802;;1029.25;24.3556;1053.61;;682.67
12.4902;;1029.25;24.8534;1054.11;;682.67
12.5002;;1029.25;25.5199;1054.77;;682.67
12.5102;;1029.25;23.8628;1053.11;;682.67
12.5202;;1029.25;24.0973;1053.35;;682.67
12.5302;;1029.25;24.2494;1053.5;;682.67
12.5402;;1029.25;24.3402;1053.59;;682.67
12.5502;;1029.25;24.6233;1053.88;;682.67
12.5602;;1029.25;24.417;1053.67;;682.67
12.5702;;1029.25;25.0856;1054.34;;682.67
12.5802;;1029.25;24.3955;1053.65;;682.67
12.5902;;1029.25;23.8722;1053.12;;682.67
12.6002;;1029.25;24.2072;1053.46;;682.67
12.6102;;1029.25;25.1758;1054.43;;682.67
12.6202;;1029.25;24.9026;1054.15;;682.67
12.6302;;1029.25;24.2987;1053.55;;682.67
12.6402;;1029.25;25.292;1054.54;;682.67
12.6502;;1029.25;24.6;1053.85;;682.67
12.6602;;1029.25;24.1735;1053.43;;682.67
12.6702;;1029.25;24.647;1053.9;;682.67
12.6802;;1029.25;24.2008;1053.45;;682.67
12.6902;;1029.25;24.5138;1053.77;;682.67
12.7002;;1029.25;24.1729;1053.42;;682.67
12.7102;;1029.25;24.6338;1053.89;;682.67
12.7202;;1029.25;24.7913;1054.04;;682.67
12.7302;;1029.25;24.0453;1053.3;;682.67
12.7402;;1029.25;24.6868;1053.94;;682.67
12.7502;;1029.25;24.0366;1053.29;;682.67
12.7602;;1029.25;24.953;1054.2;;682.67
12.7702;;1029.25;24.0082;1053.26;;682.67
12.7802;;1029.25;24.5979;1053.85;;682.67
12.7902;;1029.25;25.3087;1054.56;;682.67
12.8002;;1029.25;24.5094;1053.76;;682.67
12.8102;;1029.25;24.6688;1053.92;;682.67
12.8202;;1029.25;24.1144;1053.37;;682.67
12.8302;;1029.25;24.0631;1053.32;;682.67
12.8402;;1029.25;24.2437;1053.5;;682.67
12.8502;;1029.25;24.8734;1054.13;;682.67
12.8602;;1029.25;25.4342;1054.69;;682.67
12.8702;;1029.25;24.0839;1053.34;;682.67
12.8802;;1029.25;24.8025;1054.05;;682.67
12.8902;;1029.25;24.3351;1053.59;;682.67
12.9002;;1029.25;24.6895;1053.94;;682.67
12.9102;;1029.25;24.7119;1053.96;;682.67
12.9202;;1029.25;24.9093;1054.16;;682.67
12.9302;;1029.25;25.5518;1054.8;;682.67
12.9402;;1029.25;24.1847;1053.44;;682.67
12.9502;;1029.25;24.0895;1053.34;;682.67
12.9602;;1029.25;24.3411;1053.59;;682.67
12.9702;;1029.25;24.4998;1053.75;;682.67
12.9802;;1029.25;24.7753;1054.03;;682.67
12.9902;;1029.25;24.5739;1053.83;;682.67
13.0002;;1029.25;25.2096;1054.46;;682.67
13.0102;;1029.25;24.4896;1053.74;;682.67
13.0202;;1029.25;23.7979;1053.05;;682.67
13.0302;;1029.25;24.3285;1053.58;;682.67
13.0402;;1029.25;25.2437;1054.5;;682.67
13.0502;;1029.25;24.9165;1054.17;;682.67
13.0602;;1029.25;24.1837;1053.44;;682.67
13.0702;;1029.25;25.3151;1054.57;;682.67
13.0802;;1029.25;24.573;1053.82;;682.67
13.0902;;1029.25;24.2064;1053.46;;682.67
13.1002;;1029.25;24.6945;1053.95;;682.67
13.1102;;1029.25;24.2781;1053.53;;682.67
13.1202;;1029.25;24.7277;1053.98;;682.67
13.1302;;1029.25;24.1985;1053.45;;682.67
13.1402;;1029.25;24.5658;1053.82;;682.67
13.1502;;1029.25;24.7483;1054;;682.67
13.1602;;1029.25;24.2072;1053.46;;682.67
13.1702;;1029.25;24.7799;1054.03;;682.67
13.1802;;1029.25;24.0004;1053.25;;682.67
13.1902;;1029.25;24.925;1054.18;;682.67
13.2002;;1029.25;24.0994;1053.35;;682.67
13.2102;;1029.25;24.5708;1053.82;;682.67
13.2202;;1029.25;25.3003;1054.55;;682.67
13.2302;;1029.25;24.6676;1053.92;;682.67
13.2402;;1029.25;24.6115;1053.86;;682.67
13.2502;;1029.25;24.0546;1053.31;;682.67
13.2602;;1029.25;24.1179;1053.37;;682.67
13.2702;;1029.25;24.297;1053.55;;682.67
13.2802;;1029.25;25.0366;1054.29;;682.67
13.2902;;1029.25;25.5642;1054.82;;682.67
13.3002;;1029.25;24.1334;1053.39;;682.67
13.3102;;1029.25;24.7283;1053.98;;682.67
13.3202;;1029.25;24.2826;1053.53;;682.67
13.3302;;1029.25;24.5658;1053.82;;682.67
13.3402;;1029.25;24.4907;1053.74;;682.67
13.3502;;1029.25;24.9114;1054.16;;682.67
13.3602;;1029.25;25.6693;1054.92;;682.67
13.3702;;1029.25;24.1094;1053.36;;682.67
13.3802;;1029.25;24.2476;1053.5;;682.67
13.3902;;1029.25;24.3683;1053.62;;682.67
13.4002;;1029.25;24.5779;1053.83;;682.67
13.4102;;1029.25;24.7456;1054;;682.67
13.4202;;1029.25;24.5431;1053.8;;682.67
13.4302;;1029.25;25.2422;1054.49;;682.67
13.4402;;1029.25;24.6405;1053.89;;682.67
13.4502;;1029.25;23.9772;1053.23;;682.67
13.4602;;1029.25;24.3435;1053.6;;682.67
13.4702;;1029.25;25.3162;1054.57;;682.67
13.4802;;1029.25;25.0396;1054.29;;682.67
13.4902;;1029.25;24.3748;1053.63;;682.67
13.5002;;1029.25;25.3412;1054.59;;682.67
13.5102;;1029.25;24.6818;1053.93;;682.67
13.5202;;1029.25;24.3286;1053.58;;682.67
13.5302;;1029.25;24.7323;1053.98;;682.67
13.5402;;1029.25;24.4995;1053.75;;682.67
13.5502;;1029.25;24.5912;1053.84;;682.67
13.5602;;1029.25;24.2637;1053.52;;682.67
13.5702;;1029.25;24.7573;1054.01;;682.67
13.5802;;1029.25;24.9368;1054.19;;682.67
13.5902;;1029.25;24.1576;1053.41;;682.67
13.6002;;1029.25;24.8391;1054.09;;682.67
13.6102;;1029.25;24.2252;1053.48;;682.67
13.6202;;1029.25;25.1339;1054.39;;682.67
13.6302;;1029.25;24.1405;1053.39;;682.67
13.6402;;1029.25;24.7667;1054.02;;682.67
13.6502;;1029.25;25.4701;1054.72;;682.67
13.6602;;1029.25;24.5431;1053.8;;682.67
13.6702;;1029.25;24.5493;1053.8;;682.67
13.6802;;1029.25;24.0657;1053.32;;682.67
13.6902;;1029.25;24.0001;1053.25;;682.67
13.7002;;1029.25;24.1482;1053.4;;682.67
13.7102;;1029.25;24.9529;1054.2;;682.67
13.7202;;1029.25;25.4442;1054.7;;682.67
13.7302;;1029.25;24.1345;1053.39;;682.67
13.7402;;1029.25;24.7544;1054.01;;682.67
13.7502;;1029.25;24.2699;1053.52;;682.67
13.7602;;1029.25;24.62;1053.87;;682.67
13.7702;;1029.25;24.5768;1053.83;;682.67
13.7802;;1029.25;24.9164;1054.17;;682.67
13.7902;;1029.25;25.7062;1054.96;;682.67
13.8002;;1029.25;24.1267;1053.38;;682.67
13.8102;;1029.25;24.1703;1053.42;;682.67
13.8202;;1029.25;24.4606;1053.71;;682.67
13.8302;;1029.25;24.621;1053.87;;682.67
13.8402;;1029.25;24.8784;1054.13;;682.67
13.8502;;1029.25;24.5248;1053.78;;682.67
13.8602;;1029.25;25.3828;1054.63;;682.67
13.8702;;1029.25;24.6342;1053.89;;682.67
13.8802;;1029.25;23.9379;1053.19;;682.67
13.8902;;1029.25;24.4048;1053.66;;682.67
13.9002;;1029.25;25.1443;1054.4;;682.67
13.9102;;1029.25;25.124;1054.38;;682.67
13.9202;;1029.25;24.479;1053.73;;682.67
13.9302;;1029.25;25.3578;1054.61;;682.67
13.9402;;1029.25;24.7113;1053.96;;682.67
13.9502;;1029.25;24.374;1053.63;;682.67
13.9602;;1029.25;24.6621;1053.91;;682.67
13.9702;;1029.25;24.5225;1053.77;;682.67
13.9802;;1029.25;24.7135;1053.97;;682.67
13.9902;;1029.25;24.3629;1053.61;;682.67
14.0002;;1029.25;24.7749;1054.03;;682.67
14.0102;;1029.25;25.0327;1054.28;;682.67
14.0202;;1029.25;24.4298;1053.68;;682.67
14.0302;;1029.25;24.9406;1054.19;;682.67
14.0402;;1029.25;24.3197;1053.57;;682.67
14.0502;;1029.25;25.2032;1054.46;;682.67
14.0602;;1029.25;24.267;1053.52;;682.67
14.0702;;1029.25;24.803;1054.05;;682.67
14.0802;;1029.25;25.3811;1054.63;;682.67
14.0902;;1029.25;24.6743;1053.93;;682.67
14.1002;;1029.25;24.6338;1053.89;;682.67
14.1102;;1029.25;24.1273;1053.38;;682.67
14.1202;;1029.25;24.1714;1053.42;;682.67
14.1302;;1029.25;24.3412;1053.59;;682.67
14.1402;;1029.25;24.9341;1054.19;;682.67
14.1502;;1029.25;25.6732;1054.93;;682.67
14.1602;;1029.25;24.1923;1053.44;;682.67
14.1702;;1029.25;24.8694;1054.12;;682.67
14.1802;;1029.25;24.4568;1053.71;;682.67
14.1902;;1029.25;24.7152;1053.97;;682.67
14.2002;;1029.25;24.7936;1054.05;;682.67
14.2102;;1029.25;24.9218;1054.17;;682.67
14.2202;;1029.25;25.6112;1054.86;;682.67
14.2302;;1029.25;24.1344;1053.39;;682.67
14.2402;;1029.25;24.1245;1053.38;;682.67
14.2502;;1029.25;24.5614;1053.81;;682.67
14.2602;;1029.25;24.7113;1053.96;;682.67
14.2702;;1029.25;24.9297;1054.18;;682.67
14.2802;;1029.25;24.5662;1053.82;;682.67
14.2902;;1029.25;25.3885;1054.64;;682.67
14.3002;;1029.25;24.6674;1053.92;;682.67
14.3102;;1029.25;24.0255;1053.28;;682.67
14.3202;;1029.25;24.626;1053.88;;682.67
14.3302;;1029.25;25.3251;1054.58;;682.67
14.3402;;1029.25;25.1819;1054.43;;682.67
14.3502;;1029.25;24.401;1053.65;;682.67
14.3602;;1029.25;25.3524;1054.6;;682.67
14.3702;;1029.25;24.8893;1054.14;;682.67
14.3802;;1029.25;24.4567;1053.71;;682.67
14.3902;;1029.25;24.781;1054.03;;682.67
14.4002;;1029.25;24.6698;1053.92;;682.67
14.4102;;1029.25;24.7344;1053.99;;682.67
14.4202;;1029.25;24.3726;1053.62;;682.67
14.4302;;1029.25;24.7815;1054.03;;682.67
14.4402;;1029.25;24.9429;1054.19;;682.67
14.4502;;1029.25;24.2493;1053.5;;682.67
14.4602;;1029.25;24.8645;1054.12;;682.67
14.4702;;1029.25;24.1514;1053.4;;682.67
14.4802;;1029.25;25.2013;1054.45;;682.67
14.4902;;1029.25;24.2904;1053.54;;682.67
14.5002;;1029.25;24.7057;1053.96;;682.67
14.5102;;1029.25;25.6228;1054.87;;682.67
14.5202;;1029.25;24.6936;1053.95;;682.67
14.5302;;1029.25;24.7782;1054.03;;682.67
14.5402;;1029.25;24.2709;1053.52;;682.67
14.5502;;1029.25;24.3292;1053.58;;682.67
14.5602;;1029.25;24.3538;1053.61;;682.67
14.5702;;1029.25;25.1165;1054.37;;682.67
14.5802;;1029.25;25.7771;1055.03;;682.67
14.5902;;1029.25;24.1315;1053.38;;682.67
14.6002;;1029.25;24.9955;1054.25;;682.67
14.6102;;1029.25;24.4059;1053.66;;682.67
14.6202;;1029.25;24.6833;1053.94;;682.67
14.6302;;1029.25;24.8011;1054.05;;682.67
14.6402;;1029.25;24.9788;1054.23;;682.67
14.6502;;1029.25;25.8081;1055.06;;682.67
14.6602;;1029.25;24.34;1053.59;;682.67
14.6702;;1029.25;24.1769;1053.43;;682.67
14.6802;;1029.25;24.5237;1053.78;;682.67
14.6902;;1029.25;24.7124;1053.96;;682.67
14.7002;;1029.25;24.8539;1054.11;;682.67
14.7102;;1029.25;24.6027;1053.85;;682.67
14.7202;;1029.25;25.4574;1054.71;;682.67
14.7302;;1029.25;24.536;1053.79;;682.67
14.7402;;1029.25;24.2018;1053.45;;682.67
14.7502;;1029.25;24.7356;1053.99;;682.67
14.7602;;1029.25;25.3883;1054.64;;682.67
14.7702;;1029.25;25.2522;1054.5;;682.67
14.7802;;1029.25;24.4491;1053.7;;682.67
14.7902;;1029.25;25.4258;1054.68;;682.67
14.8002;;1029.25;24.8544;1054.11;;682.67
14.8102;;1029.25;24.527;1053.78;;682.67
14.8202;;1029.25;24.7881;1054.04;;682.67
14.8302;;1029.25;24.9331;1054.19;;682.67
14.8402;;1029.25;24.7111;1053.96;;682.67
14.8502;;1029.25;24.2812;1053.53;;682.67
14.8602;;1029.25;24.8064;1054.06;;682.67
14.8702;;1029.25;25.1831;1054.44;;682.67
14.8802;;1029.25;24.406;1053.66;;682.67
14.8902;;1029.25;25.0961;1054.35;;682.67
14.9002;;1029.25;24.2268;1053.48;;682.67
14.9102;;1029.25;25.175;1054.43;;682.67
14.9202;;1029.25;24.3118;1053.56;;682.67
14.9302;;1029.25;24.8505;1054.1;;682.67
14.9402;;1029.25;25.4192;1054.67;;682.67
14.9502;;1029.25;24.6688;1053.92;;682.67
14.9602;;1029.25;24.7571;1054.01;;682.67
14.9702;;1029.25;24.2587;1053.51;;682.67
14.9802;;1029.25;24.255;1053.51;;682.67
14.9902;;1029.25;24.39;1053.64;;682.67
