0;;1443.62;-2.56177;1441.06;;2730.67
0.01;;1443.62;-4.82166;1438.8;;2730.67
0.02;;1443.62;-413.785;1029.84;;2730.67
0.03;;1443.62;-413.795;1029.83;;2730.67
0.04;;1443.62;-413.936;1029.69;;2730.67
0.05;;1443.62;-413.759;1029.86;;2730.67
0.06;;1443.62;-413.844;1029.78;;2730.67
0.07;;1443.62;-413.841;1029.78;;2730.67
0.08;;1443.62;-413.814;1029.81;;2730.67
0.09;;1443.62;-413.855;1029.77;;2730.67
0.1;;1443.62;-413.801;1029.82;;2730.67
0.11;;1443.62;-413.643;1029.98;;2730.67
0.12;;1443.62;-413.819;1029.8;;2730.67
0.13;;1443.62;-413.857;1029.76;;2730.67
0.14;;1443.62;-413.771;1029.85;;2730.67
0.15;;1443.62;-413.87;1029.75;;2730.67
0.16;;1443.62;-413.88;1029.74;;2730.67
0.17;;1443.62;-413.723;1029.9;;2730.67
0.18;;1443.62;-413.753;1029.87;;2730.67
0.19;;1443.62;-413.744;1029.88;;2730.67
0.2;;1443.62;-413.777;1029.84;;2730.67
0.21;;1443.62;-408.574;1035.05;;2730.67
0.22;;1443.62;-394.122;1049.5;;2730.67
0.23;;1443.62;-378.395;1065.23;;2730.67
0.24;;1443.62;-361.451;1082.17;;2730.67
0.25;;1443.62;-343.588;1100.03;;2730.67
0.26;;1443.62;-329.403;1114.22;;2730.67
0.27;;1443.62;-304.493;1139.13;;2730.67
0.28;;1443.62;-292.574;1151.05;;2730.67
0.29;;1443.62;-278.079;1165.54;;2730.67
0.3;;1443.62;-268.61;1175.01;;2730.67
0.31;;1443.62;-244.155;1199.47;;2730.67
0.32;;1443.62;-231.589;1212.03;;2730.67
0.33;;1443.62;-216.86;1226.76;;2730.67
0.34;;1443.62;-202.918;1240.7;;2730.67
0.35;;1443.62;-193.797;1249.82;;2730.67
0.36;;1443.62;-182.085;1261.54;;2730.67
0.37;;1443.62;-170.047;1273.57;;2730.67
0.38;;1443.62;-156.807;1286.81;;2730.67
0.39;;1443.62;-148.926;1294.7;;2730.67
0.4;;1443.62;-136.701;1306.92;;2730.67
0.41;;1443.62;-125.117;1318.5;;2730.67
0.42;;1443.62;-110.943;1332.68;;2730.67
0.43;;1443.62;-100.24;1343.38;;2730.67
0.44;;1443.62;-93.4054;1350.22;;2730.67
0.45;;1443.62;-71.8146;1371.81;;2730.67
0.46;;1443.62;-64.2914;1379.33;;2730.67
0.47;;1443.62;-64.4847;1379.14;;2730.67
0.48;;1443.62;-56.8854;1386.74;;2730.67
0.49;;1443.62;-48.611;1395.01;;2730.67
0.5;;1443.62;-38.2542;1405.37;;2730.67
0.51;;1443.62;-32.4117;1411.21;;2730.67
0.52;;1443.62;-20.4092;1423.21;;2730.67
0.53;;1443.62;-6.89087;1436.73;;2730.67
0.54;;1443.62;-6.48779;1437.13;;2730.67
0.55;;1443.62;1.4519;1445.07;;2730.67
0.56;;1443.62;10.5144;1454.14;;2730.67
0.57;;1443.62;15.2568;1458.88;;2730.67
0.58;;1443.62;31.9978;1475.62;;2730.67
0.59;;1443.62;40.1628;1483.78;;2730.67
0.6;;1443.62;36.6311;1480.25;;2730.67
0.61;;1443.62;43.8809;1487.5;;2730.67
0.62;;1443.62;51.4497;1495.07;;2730.67
0.63;;1443.62;54.3472;1497.97;;2730.67
0.64;;1443.62;72.3792;1516;;2730.67
0.65;;1443.62;69.6995;1513.32;;2730.67
0.66;;1443.62;76.9034;1520.53;;2730.67
0.67;;1443.62;80.3646;1523.99;;2730.67
0.68;;1443.62;91.7828;1535.4;;2730.67
0.69;;1443.62;99.3944;1543.02;;2730.67
0.7;;1443.62;100.615;1544.24;;2730.67
0.71;;1443.62;104.456;1548.08;;2730.67
0.72;;1443.62;105.163;1548.79;;2730.67
0.73;;1443.62;122.839;1566.46;;2730.67
0.74;;1443.62;116.578;1560.2;;2730.67
0.75;;1443.62;129.498;1573.12;;2730.67
0.76;;1443.62;127.877;1571.5;;2730.67
0.77;;1443.62;131.341;1574.96;;2730.67
0.78;;1443.62;141.098;1584.72;;2730.67
0.79;;1443.62;143.111;1586.73;;2730.67
0.8;;1443.62;151.497;1595.12;;2730.67
0.81;;1443.62;149.457;1593.08;;2730.67
0.82;;1443.62;160.573;1604.19;;2730.67
0.83;;1443.62;158.805;1602.43;;2730.67
0.839999;;1443.62;169.132;1612.75;;2730.67
0.849999;;1443.62;165.222;1608.84;;2730.67
0.859999;;1443.62;172.476;1616.1;;2730.67
0.869999;;1443.62;186.358;1629.98;;2730.67
0.879999;;1443.62;182.616;1626.24;;2730.67
0.889999;;1443.62;189.043;1632.66;;2730.67
0.899999;;1443.62;189.079;1632.7;;2730.67
0.909999;;1443.62;203.802;1647.42;;2730.67
0.919999;;1443.62;192.696;1636.32;;2730.67
0.929999;;1443.62;205.351;1648.97;;2730.67
0.939999;;1443.62;204.948;1648.57;;2730.67
0.949999;;1443.62;213.819;1657.44;;2730.67
0.959999;;1443.62;218.537;1662.16;;2730.67
0.969999;;1443.62;216.436;1660.06;;2730.67
0.979999;;1443.62;221.867;1665.49;;2730.67
0.989999;;1443.62;219.748;1663.37;;2730.67
0.999999;;1443.62;236.699;1680.32;;2730.67
1.01;;1443.62;226.067;1669.69;;2730.67
1.02;;1443.62;235.427;1679.05;;2730.67
1.03;;1443.62;230.343;1673.96;;2730.67
1.04;;1443.62;236.859;1680.48;;2730.67
1.05;;1443.62;241.463;1685.08;;2730.67
1.06;;1443.62;244.246;1687.87;;2730.67
1.07;;1443.62;244.837;1688.46;;2730.67
1.08;;1443.62;244.856;1688.48;;2730.67
1.09;;1443.62;264.767;1708.39;;2730.67
1.1;;1443.62;251.762;1695.38;;2730.67
1.11;;1443.62;260.922;1704.54;;2730.67
1.12;;1443.62;256.259;1699.88;;2730.67
1.13;;1443.62;259.316;1702.94;;2730.67
1.14;;1443.62;277.636;1721.26;;2730.67
1.15;;1443.62;266.165;1709.79;;2730.67
1.16;;1443.62;275.24;1718.86;;2730.67
1.17;;1443.62;266.502;1710.12;;2730.67
1.18;;1443.62;274.311;1717.93;;2730.67
1.19;;1443.62;286.461;1730.08;;2730.67
1.2;;1443.62;282.625;1726.25;;2730.67
1.21;;1443.62;286.301;1729.92;;2730.67
1.22;;1443.62;282.973;1726.59;;2730.67
1.23;;1443.62;294.85;1738.47;;2730.67
1.24;;1443.62;291.333;1734.95;;2730.67
1.25;;1443.62;295.407;1739.03;;2730.67
1.26;;1443.62;297.321;1740.94;;2730.67
1.27;;1443.62;294.906;1738.53;;2730.67
1.28;;1443.62;308.778;1752.4;;2730.67
1.29;;1443.62;297.864;1741.49;;2730.67
1.3;;1443.62;303.268;1746.89;;2730.67
1.31;;1443.62;310.237;1753.86;;2730.67
1.32;;1443.62;302.863;1746.48;;2730.67
1.33;;1443.62;320.014;1763.64;;2730.67
1.34;;1443.62;307.9;1751.52;;2730.67
1.35;;1443.62;312.441;1756.06;;2730.67
1.36;;1443.62;320.026;1763.65;;2730.67
1.37;;1443.62;309.328;1752.95;;2730.67
1.38;;1443.62;323.617;1767.24;;2730.67
1.39;;1443.62;322.933;1766.56;;2730.67
1.4;;1443.62;320.802;1764.42;;2730.67
1.41;;1443.62;327.651;1771.27;;2730.67
1.42;;1443.62;319.652;1763.27;;2730.67
1.43;;1443.62;324.413;1768.03;;2730.67
1.44;;1443.62;338.497;1782.12;;2730.67
1.45;;1443.62;327.925;1771.55;;2730.67
1.46;;1443.62;336.721;1780.34;;2730.67
1.47;;1443.62;328.362;1771.98;;2730.67
1.48;;1443.62;331.561;1775.18;;2730.67
1.49;;1443.62;340.474;1784.1;;2730.67
1.5;;1443.62;334.876;1778.5;;2730.67
1.51;;1443.62;343.522;1787.14;;2730.67
1.52;;1443.62;336.097;1779.72;;2730.67
1.53;;1443.62;336.936;1780.56;;2730.67
1.54;;1443.62;345.999;1789.62;;2730.67
1.55;;1443.62;347.131;1790.75;;2730.67
1.56;;1443.62;345.539;1789.16;;2730.67
1.57;;1443.62;349.611;1793.23;;2730.67
1.58;;1443.62;344.213;1787.83;;2730.67
1.59;;1443.62;345.572;1789.19;;2730.67
1.6;;1443.62;358.931;1802.55;;2730.67
1.61;;1443.62;353.122;1796.74;;2730.67
1.62;;1443.62;358.341;1801.96;;2730.67
1.63;;1443.62;359.528;1803.15;;2730.67
1.64;;1443.62;350.893;1794.51;;2730.67
1.65;;1443.62;362.188;1805.81;;2730.67
1.66;;1443.62;368.921;1812.54;;2730.67
1.67;;1443.62;361.446;1805.07;;2730.67
1.68;;1443.62;363.167;1806.79;;2730.67
1.69;;1443.62;369.081;1812.7;;2730.67
1.7;;1443.62;357.306;1800.93;;2730.67
1.71;;1443.62;361.1;1804.72;;2730.67
1.72;;1443.62;373.223;1816.84;;2730.67
1.73;;1443.62;364.822;1808.44;;2730.67
1.74;;1443.62;366.453;1810.08;;2730.67
1.75;;1443.62;372.003;1815.62;;2730.67
1.76;;1443.62;367.351;1810.97;;2730.67
1.77;;1443.62;363.325;1806.95;;2730.67
1.78;;1443.62;378.331;1821.95;;2730.67
1.79;;1443.62;380.545;1824.17;;2730.67
1.8;;1443.62;376.285;1819.91;;2730.67
1.81;;1443.62;377.623;1821.24;;2730.67
1.82;;1443.62;380.358;1823.98;;2730.67
1.83;;1443.62;370.278;1813.9;;2730.67
1.84;;1443.62;372.195;1815.82;;2730.67
1.85;;1443.62;378.84;1822.46;;2730.67
1.86;;1443.62;382.651;1826.27;;2730.67
1.87;;1443.62;376.477;1820.1;;2730.67
1.88;;1443.62;383.983;1827.6;;2730.67
1.89;;1443.62;385.146;1828.77;;2730.67
1.9;;1443.62;379.94;1823.56;;2730.67
1.91;;1443.62;380.417;1824.04;;2730.67
1.92;;1443.62;385.211;1828.83;;2730.67
1.93;;1443.62;393.823;1837.44;;2730.67
1.94;;1443.62;381.294;1824.92;;2730.67
1.95;;1443.62;387;1830.62;;2730.67
1.96;;1443.62;389.239;1832.86;;2730.67
1.97;;1443.62;387.587;1831.21;;2730.67
1.98;;1443.62;383.117;1826.74;;2730.67
1.99;;1443.62;392.681;1836.3;;2730.67
2;;1443.62;399.032;1842.65;;2730.67
2.01;;1443.62;387.627;1831.25;;2730.67
2.02;;1443.62;389.595;1833.22;;2730.67
2.03;;1443.62;393.994;1837.62;;2730.67
2.04;;1443.62;391.247;1834.87;;2730.67
2.05;;1443.62;386.106;1829.73;;2730.67
2.06;;1443.62;390.19;1833.81;;2730.67
2.07;;1443.62;400.795;1844.42;;2730.67
2.08;;1443.62;393.96;1837.58;;2730.67
2.09;;1443.62;392.427;1836.05;;2730.67
2.1;;1443.62;397.963;1841.58;;2730.67
2.11;;1443.62;401.72;1845.34;;2730.67
2.12;;1443.62;389.303;1832.92;;2730.67
2.13;;1443.62;392.416;1836.04;;2730.67
2.14;;1443.62;404.619;1848.24;;2730.67
2.15;;1443.62;400.64;1844.26;;2730.67
2.16;;1443.62;395.653;1839.27;;2730.67
2.17;;1443.62;401.543;1845.16;;2730.67
2.18;;1443.62;404.574;1848.2;;2730.67
2.19;;1443.62;399.93;1843.55;;2730.67
2.2;;1443.62;395.313;1838.93;;2730.67
2.21;;1443.62;397.375;1841;;2730.67
2.22;;1443.62;402.642;1846.26;;2730.67
2.23;;1443.62;404.933;1848.56;;2730.67
2.24;;1443.62;398.845;1842.47;;2730.67
2.25;;1443.62;405.456;1849.08;;2730.67
2.26;;1443.62;408.177;1851.8;;2730.67
2.27;;1443.62;406.126;1849.75;;2730.67
2.28;;1443.62;398.832;1842.45;;2730.67
2.29;;1443.62;399.099;1842.72;;2730.67
2.3;;1443.62;407.292;1850.91;;2730.67
2.31;;1443.62;406.196;1849.82;;2730.67
2.32;;1443.62;400.887;1844.51;;2730.67
2.33;;1443.62;405.818;1849.44;;2730.67
2.34;;1443.62;409.597;1853.22;;2730.67
2.35;;1443.62;412.121;1855.74;;2730.67
2.36;;1443.62;399.915;1843.54;;2730.67
2.37;;1443.62;402.263;1845.88;;2730.67
2.38;;1443.62;414.711;1858.33;;2730.67
2.39;;1443.62;409.533;1853.15;;2730.67
2.4;;1443.62;405.738;1849.36;;2730.67
2.41;;1443.62;408.791;1852.41;;2730.67
2.42;;1443.62;412.829;1856.45;;2730.67
2.43;;1443.62;412.436;1856.06;;2730.67
2.44;;1443.62;402.722;1846.34;;2730.67
2.45;;1443.62;402.806;1846.43;;2730.67
2.46;;1443.62;407.254;1850.88;;2730.67
2.47;;1443.62;415.297;1858.92;;2730.67
2.48;;1443.62;415.602;1859.22;;2730.67
2.49;;1443.62;411.135;1854.76;;2730.67
2.5;;1443.62;412.634;1856.26;;2730.67
2.51;;1443.62;416.053;1859.68;;2730.67
2.52;;1443.62;411.046;1854.67;;2730.67
2.53;;1443.62;408.189;1851.81;;2730.67
2.54;;1443.62;403.151;1846.77;;2730.67
2.55;;1443.62;419.292;1862.91;;2730.67
2.56;;1443.62;420.075;1863.7;;2730.67
2.57;;1443.62;409.557;1853.18;;2730.67
2.58;;1443.62;409.241;1852.86;;2730.67
2.59;;1443.62;412.949;1856.57;;2730.67
2.6;;1443.62;415.007;1858.63;;2730.67
2.61;;1443.62;409.116;1852.74;;2730.67
2.62;;1443.62;403.613;1847.23;;2730.67
2.63;;1443.62;418.016;1861.64;;2730.67
2.64;;1443.62;421.869;1865.49;;2730.67
2.65;;1443.62;418.707;1862.33;;2730.67
2.66;;1443.62;409.592;1853.21;;2730.67
2.67;;1443.62;413.312;1856.93;;2730.67
2.68;;1443.62;416.145;1859.77;;2730.67
2.69;;1443.62;415.107;1858.73;;2730.67
2.7;;1443.62;410.931;1854.55;;2730.67
2.71;;1443.62;408.989;1852.61;;2730.67
2.72;;1443.62;410.53;1854.15;;2730.67
2.73;;1443.62;418.581;1862.2;;2730.67
2.74;;1443.62;410.878;1854.5;;2730.67
2.75;;1443.62;408.836;1852.46;;2730.67
2.76;;1443.62;414.53;1858.15;;2730.67
2.77;;1443.62;416.888;1860.51;;2730.67
2.78;;1443.62;418.073;1861.69;;2730.67
2.79;;1443.62;406.314;1849.94;;2730.67
2.8;;1443.62;407.053;1850.67;;2730.67
2.81;;1443.62;418.91;1862.53;;2730.67
2.82;;1443.62;417.091;1860.71;;2730.67
2.83;;1443.62;413.111;1856.73;;2730.67
2.84;;1443.62;411.937;1855.56;;2730.67
2.85;;1443.62;416.144;1859.77;;2730.67
2.86;;1443.62;418.762;1862.38;;2730.67
2.87;;1443.62;407.347;1850.97;;2730.67
2.88;;1443.62;405.937;1849.56;;2730.67
2.89;;1443.62;406.319;1849.94;;2730.67
2.9;;1443.62;417.065;1860.69;;2730.67
2.91;;1443.62;419.609;1863.23;;2730.67
2.92;;1443.62;415.792;1859.41;;2730.67
2.93;;1443.62;411.215;1854.84;;2730.67
2.94;;1443.62;414.904;1858.53;;2730.67
2.95;;1443.62;415.684;1859.31;;2730.67
2.96;;1443.62;414.118;1857.74;;2730.67
2.97;;1443.62;408.834;1852.46;;2730.67
2.98;;1443.62;413.115;1856.74;;2730.67
2.99;;1443.62;421.408;1865.03;;2730.67
3;;1443.62;419.971;1863.59;;2730.67
3.01;;1443.62;409.02;1852.64;;2730.67
3.02;;1443.62;408.5;1852.12;;2730.67
3.03;;1443.62;415.861;1859.48;;2730.67
3.04;;1443.62;416.711;1860.33;;2730.67
3.05;;1443.62;409.08;1852.7;;2730.67
3.06;;1443.62;407.716;1851.34;;2730.67
3.07;;1443.62;409.982;1853.6;;2730.67
3.08;;1443.62;413.321;1856.94;;2730.67
3.09;;1443.62;415.86;1859.48;;2730.67
3.1;;1443.62;410.692;1854.31;;2730.67
3.11;;1443.62;413.929;1857.55;;2730.67
3.12;;1443.62;416.252;1859.87;;2730.67
3.13;;1443.62;417.24;1860.86;;2730.67
3.14;;1443.62;409.4;1853.02;;2730.67
3.15;;1443.62;406.675;1850.3;;2730.67
3.16;;1443.62;404.588;1848.21;;2730.67
3.17;;1443.62;419.202;1862.82;;2730.67
3.18;;1443.62;416.264;1859.89;;2730.67
3.19;;1443.62;408.336;1851.96;;2730.67
3.2;;1443.62;409.749;1853.37;;2730.67
3.21;;1443.62;414.655;1858.28;;2730.67
3.22;;1443.62;410.227;1853.85;;2730.67
3.23;;1443.62;405.348;1848.97;;2730.67
3.24;;1443.62;403.617;1847.24;;2730.67
3.25;;1443.62;417.728;1861.35;;2730.67
3.26;;1443.62;420.566;1864.19;;2730.67
3.27;;1443.62;416.299;1859.92;;2730.67
3.28;;1443.62;408.653;1852.27;;2730.67
3.29;;1443.62;413.281;1856.9;;2730.67
3.3;;1443.62;413.653;1857.28;;2730.67
3.31;;1443.62;411.99;1855.61;;2730.67
3.32;;1443.62;409.143;1852.76;;2730.67
3.33;;1443.62;407.928;1851.55;;2730.67
3.34;;1443.62;412.015;1855.64;;2730.67
3.35;;1443.62;420.263;1863.88;;2730.67
3.36;;1443.62;406.614;1850.24;;2730.67
3.37;;1443.62;407.564;1851.19;;2730.67
3.38;;1443.62;413.531;1857.15;;2730.67
3.39;;1443.62;415.581;1859.2;;2730.67
3.4;;1443.62;412.036;1855.66;;2730.67
3.41;;1443.62;405.245;1848.87;;2730.67
3.42;;1443.62;412.275;1855.9;;2730.67
3.43;;1443.62;420.626;1864.25;;2730.67
3.44;;1443.62;409.564;1853.19;;2730.67
3.45;;1443.62;406.171;1849.79;;2730.67
3.46;;1443.62;413.235;1856.86;;2730.67
3.47;;1443.62;415.664;1859.29;;2730.67
3.48;;1443.62;410.567;1854.19;;2730.67
3.49;;1443.62;404.436;1848.06;;2730.67
3.5;;1443.62;405.522;1849.14;;2730.67
3.51;;1443.62;409.307;1852.93;;2730.67
3.52;;1443.62;413.971;1857.59;;2730.67
3.53;;1443.62;409.243;1852.86;;2730.67
3.54;;1443.62;411.468;1855.09;;2730.67
3.55;;1443.62;414.026;1857.65;;2730.67
3.56;;1443.62;414.572;1858.19;;2730.67
3.57;;1443.62;406.328;1849.95;;2730.67
3.58;;1443.62;403.892;1847.51;;2730.67
3.59;;1443.62;405.315;1848.94;;2730.67
3.6;;1443.62;415.636;1859.26;;2730.67
3.61;;1443.62;408.77;1852.39;;2730.67
3.62;;1443.62;406.863;1850.48;;2730.67
3.63;;1443.62;410.514;1854.14;;2730.67
3.64;;1443.62;414.234;1857.86;;2730.67
3.65;;1443.62;404.725;1848.35;;2730.67
3.66;;1443.62;401.416;1845.04;;2730.67
3.67;;1443.62;406.793;1850.41;;2730.67
3.68;;1443.62;415.904;1859.53;;2730.67
3.69;;1443.62;415.633;1859.25;;2730.67
3.7;;1443.62;410.052;1853.67;;2730.67
3.71;;1443.62;410.101;1853.72;;2730.67
3.72;;1443.62;414.61;1858.23;;2730.67
3.73;;1443.62;406.904;1850.53;;2730.67
3.74;;1443.62;404.599;1848.22;;2730.67
3.75;;1443.62;403.541;1847.16;;2730.67
3.76;;1443.62;409.14;1852.76;;2730.67
3.77;;1443.62;415.683;1859.31;;2730.67
3.78;;1443.62;414.45;1858.07;;2730.67
3.79;;1443.62;405.995;1849.62;;2730.67
3.8;;1443.62;410.264;1853.89;;2730.67
3.81;;1443.62;411.906;1855.53;;2730.67
3.82;;1443.62;410.161;1853.78;;2730.67
3.83;;1443.62;404.833;1848.45;;2730.67
3.84;;1443.62;409.817;1853.44;;2730.67
3.85;;1443.62;418.213;1861.83;;2730.67
3.86;;1443.62;414.592;1858.21;;2730.67
3.87;;1443.62;405.149;1848.77;;2730.67
3.88;;1443.62;405.203;1848.83;;2730.67
3.89;;1443.62;412.266;1855.89;;2730.67
3.9;;1443.62;411.185;1854.81;;2730.67
3.91;;1443.62;403.43;1847.05;;2730.67
3.92;;1443.62;406.015;1849.64;;2730.67
3.93;;1443.62;411.012;1854.63;;2730.67
3.94;;1443.62;413.282;1856.9;;2730.67
3.95;;1443.62;409.834;1853.46;;2730.67
3.96;;1443.62;405.39;1849.01;;2730.67
3.97;;1443.62;411.547;1855.17;;2730.67
3.98;;1443.62;413.286;1856.91;;2730.67
3.99;;1443.62;409.945;1853.57;;2730.67
4;;1443.62;403.199;1846.82;;2730.67
4.01;;1443.62;403.109;1846.73;;2730.67
4.02;;1443.62;409.705;1853.33;;2730.67
4.03;;1443.62;410.594;1854.22;;2730.67
4.04;;1443.62;403.827;1847.45;;2730.67
4.05;;1443.62;407.467;1851.09;;2730.67
4.06;;1443.62;411.29;1854.91;;2730.67
4.07;;1443.62;414.143;1857.76;;2730.67
4.08;;1443.62;401.417;1845.04;;2730.67
4.09;;1443.62;401.322;1844.94;;2730.67
4.1;;1443.62;412.726;1856.35;;2730.67
4.11;;1443.62;412.413;1856.03;;2730.67
4.12;;1443.62;407.759;1851.38;;2730.67
4.13;;1443.62;407.178;1850.8;;2730.67
4.14;;1443.62;411.293;1854.91;;2730.67
4.15;;1443.62;413.621;1857.24;;2730.67
4.16;;1443.62;402.041;1845.66;;2730.67
4.17;;1443.62;400.696;1844.32;;2730.67
4.18;;1443.62;402.313;1845.93;;2730.67
4.19;;1443.62;413.016;1856.64;;2730.67
4.2;;1443.62;414.449;1858.07;;2730.67
4.21;;1443.62;409.517;1853.14;;2730.67
4.22;;1443.62;408.219;1851.84;;2730.67
4.23;;1443.62;411.557;1855.18;;2730.67
4.24;;1443.62;409.431;1853.05;;2730.67
4.25;;1443.62;406.405;1850.03;;2730.67
4.26;;1443.62;401.224;1844.85;;2730.67
4.27;;1443.62;413.879;1857.5;;2730.67
4.28;;1443.62;417.395;1861.02;;2730.67
4.29;;1443.62;408.393;1852.02;;2730.67
4.3;;1443.62;404.188;1847.81;;2730.67
4.31;;1443.62;407.273;1850.89;;2730.67
4.32;;1443.62;410.982;1854.6;;2730.67
4.33;;1443.62;405.346;1848.97;;2730.67
4.34;;1443.62;399.325;1842.95;;2730.67
4.35;;1443.62;412.019;1855.64;;2730.67
4.36;;1443.62;416.101;1859.72;;2730.67
4.37001;;1443.62;414.252;1857.87;;2730.67
4.38001;;1443.62;404.688;1848.31;;2730.67
4.39001;;1443.62;407.263;1850.88;;2730.67
4.40001;;1443.62;410.531;1854.15;;2730.67
4.41001;;1443.62;408.759;1852.38;;2730.67
4.42001;;1443.62;404.771;1848.39;;2730.67
4.43001;;1443.62;404.042;1847.66;;2730.67
4.44001;;1443.62;406.304;1849.93;;2730.67
4.45001;;1443.62;413.929;1857.55;;2730.67
4.46001;;1443.62;403.403;1847.03;;2730.67
4.47001;;1443.62;404.396;1848.02;;2730.67
4.48001;;1443.62;410.354;1853.98;;2730.67
4.49001;;1443.62;411.836;1855.46;;2730.67
4.50001;;1443.62;408.092;1851.71;;2730.67
4.51001;;1443.62;402.239;1845.86;;2730.67
4.52001;;1443.62;411.459;1855.08;;2730.67
4.53001;;1443.62;417.015;1860.64;;2730.67
4.54001;;1443.62;403.992;1847.61;;2730.67
4.55001;;1443.62;402.815;1846.44;;2730.67
4.56001;;1443.62;410.383;1854.01;;2730.67
4.57001;;1443.62;411.822;1855.44;;2730.67
4.58001;;1443.62;403.523;1847.14;;2730.67
4.59001;;1443.62;403.532;1847.15;;2730.67
4.60001;;1443.62;409.928;1853.55;;2730.67
4.61001;;1443.62;413.673;1857.29;;2730.67
4.62001;;1443.62;407.259;1850.88;;2730.67
4.63001;;1443.62;403.636;1847.26;;2730.67
4.64001;;1443.62;409.462;1853.08;;2730.67
4.65001;;1443.62;411.679;1855.3;;2730.67
4.66001;;1443.62;407.996;1851.62;;2730.67
4.67001;;1443.62;400.975;1844.6;;2730.67
4.68001;;1443.62;401.988;1845.61;;2730.67
4.69001;;1443.62;405.47;1849.09;;2730.67
4.70001;;1443.62;410.661;1854.28;;2730.67
4.71001;;1443.62;402.583;1846.2;;2730.67
4.72001;;1443.62;406.925;1850.55;;2730.67
4.73001;;1443.62;409.085;1852.71;;2730.67
4.74001;;1443.62;411.981;1855.6;;2730.67
4.75001;;1443.62;402.277;1845.9;;2730.67
4.76001;;1443.62;399.189;1842.81;;2730.67
4.77001;;1443.62;406.783;1850.4;;2730.67
4.78001;;1443.62;412.889;1856.51;;2730.67
4.79001;;1443.62;408.628;1852.25;;2730.67
4.80001;;1443.62;404.201;1847.82;;2730.67
4.81002;;1443.62;408.342;1851.96;;2730.67
4.82002;;1443.62;412.509;1856.13;;2730.67
4.83002;;1443.62;401.891;1845.51;;2730.67
4.84002;;1443.62;399.317;1842.94;;2730.67
4.85002;;1443.62;399.516;1843.14;;2730.67
4.86002;;1443.62;412.137;1855.76;;2730.67
4.87002;;1443.62;412.963;1856.58;;2730.67
4.88002;;1443.62;411.574;1855.2;;2730.67
4.89002;;1443.62;405.407;1849.03;;2730.67
4.90002;;1443.62;409.336;1852.96;;2730.67
4.91002;;1443.62;408.009;1851.63;;2730.67
4.92002;;1443.62;406.586;1850.21;;2730.67
4.93002;;1443.62;402.058;1845.68;;2730.67
4.94002;;1443.62;407.485;1851.11;;2730.67
4.95002;;1443.62;416.239;1859.86;;2730.67
4.96002;;1443.62;408.615;1852.24;;2730.67
4.97002;;1443.62;402.64;1846.26;;2730.67
4.98002;;1443.62;404.736;1848.36;;2730.67
4.99002;;1443.62;409.928;1853.55;;2730.67
5.00002;;1443.62;407.626;1851.25;;2730.67
5.01002;;1443.62;400.557;1844.18;;2730.67
5.02002;;1443.62;406.729;1850.35;;2730.67
5.03002;;1443.62;413.53;1857.15;;2730.67
5.04002;;1443.62;415.146;1858.77;;2730.67
5.05002;;1443.62;404.43;1848.05;;2730.67
5.06002;;1443.62;403.332;1846.95;;2730.67
5.07002;;1443.62;409.671;1853.29;;2730.67
5.08002;;1443.62;411.126;1854.75;;2730.67
5.09002;;1443.62;406.857;1850.48;;2730.67
5.10002;;1443.62;401.168;1844.79;;2730.67
5.11002;;1443.62;401.858;1845.48;;2730.67
5.12002;;1443.62;404.848;1848.47;;2730.67
5.13002;;1443.62;410.607;1854.23;;2730.67
5.14002;;1443.62;402.957;1846.58;;2730.67
5.15002;;1443.62;405.997;1849.62;;2730.67
5.16002;;1443.62;408.515;1852.14;;2730.67
5.17002;;1443.62;411.635;1855.26;;2730.67
5.18002;;1443.62;401.983;1845.6;;2730.67
5.19002;;1443.62;398.708;1842.33;;2730.67
5.20002;;1443.62;407.096;1850.72;;2730.67
5.21002;;1443.62;412.482;1856.1;;2730.67
5.22002;;1443.62;406.765;1850.39;;2730.67
5.23002;;1443.62;403.686;1847.31;;2730.67
5.24003;;1443.62;408.452;1852.07;;2730.67
5.25003;;1443.62;412.368;1855.99;;2730.67
5.26003;;1443.62;400.722;1844.34;;2730.67
5.27003;;1443.62;398.43;1842.05;;2730.67
5.28003;;1443.62;400.699;1844.32;;2730.67
5.29003;;1443.62;412.661;1856.28;;2730.67
5.30003;;1443.62;412.36;1855.98;;2730.67
5.31003;;1443.62;409.46;1853.08;;2730.67
5.32003;;1443.62;406.894;1850.52;;2730.67
5.33003;;1443.62;410.486;1854.11;;2730.67
5.34003;;1443.62;405.529;1849.15;;2730.67
5.35003;;1443.62;404.469;1848.09;;2730.67
5.36003;;1443.62;400.468;1844.09;;2730.67
5.37003;;1443.62;408.808;1852.43;;2730.67
5.38003;;1443.62;415.218;1858.84;;2730.67
5.39003;;1443.62;406.641;1850.26;;2730.67
5.40003;;1443.62;402.77;1846.39;;2730.67
5.41003;;1443.62;405.934;1849.56;;2730.67
5.42003;;1443.62;409.376;1853;;2730.67
5.43003;;1443.62;405.152;1848.77;;2730.67
5.44003;;1443.62;398.526;1842.15;;2730.67
5.45003;;1443.62;409.687;1853.31;;2730.67
5.46003;;1443.62;415.089;1858.71;;2730.67
5.47003;;1443.62;413.193;1856.81;;2730.67
5.48003;;1443.62;402.208;1845.83;;2730.67
5.49003;;1443.62;404.128;1847.75;;2730.67
5.50003;;1443.62;409.39;1853.01;;2730.67
5.51003;;1443.62;408.589;1852.21;;2730.67
5.52003;;1443.62;403.606;1847.23;;2730.67
5.53003;;1443.62;401.977;1845.6;;2730.67
5.54003;;1443.62;401.822;1845.44;;2730.67
5.55003;;1443.62;406.998;1850.62;;2730.67
5.56003;;1443.62;409.006;1852.63;;2730.67
5.57003;;1443.62;401.145;1844.77;;2730.67
5.58003;;1443.62;407.989;1851.61;;2730.67
5.59003;;1443.62;409.48;1853.1;;2730.67
5.60003;;1443.62;410.949;1854.57;;2730.67
5.61003;;1443.62;399.8;1843.42;;2730.67
5.62003;;1443.62;399.478;1843.1;;2730.67
5.63003;;1443.62;410.692;1854.31;;2730.67
5.64003;;1443.62;408.881;1852.5;;2730.67
5.65003;;1443.62;403.213;1846.83;;2730.67
5.66003;;1443.62;404.019;1847.64;;2730.67
5.67003;;1443.62;408.66;1852.28;;2730.67
5.68004;;1443.62;411.642;1855.26;;2730.67
5.69004;;1443.62;399.432;1843.05;;2730.67
5.70004;;1443.62;397.978;1841.6;;2730.67
5.71004;;1443.62;402.466;1846.09;;2730.67
5.72004;;1443.62;412.026;1855.65;;2730.67
5.73004;;1443.62;411.477;1855.1;;2730.67
5.74004;;1443.62;407.876;1851.5;;2730.67
5.75004;;1443.62;407.814;1851.44;;2730.67
5.76004;;1443.62;411.088;1854.71;;2730.67
5.77004;;1443.62;403.802;1847.42;;2730.67
5.78004;;1443.62;402.561;1846.18;;2730.67
5.79004;;1443.62;399.318;1842.94;;2730.67
5.80004;;1443.62;410.082;1853.7;;2730.67
5.81004;;1443.62;414.458;1858.08;;2730.67
5.82004;;1443.62;403.868;1847.49;;2730.67
5.83004;;1443.62;403.245;1846.87;;2730.67
5.84004;;1443.62;406.35;1849.97;;2730.67
5.85004;;1443.62;408.117;1851.74;;2730.67
5.86004;;1443.62;403.022;1846.64;;2730.67
5.87004;;1443.62;396.778;1840.4;;2730.67
5.88004;;1443.62;412.267;1855.89;;2730.67
5.89004;;1443.62;415.545;1859.17;;2730.67
5.90004;;1443.62;407.734;1851.36;;2730.67
5.91004;;1443.62;401.51;1845.13;;2730.67
5.92004;;1443.62;406.697;1850.32;;2730.67
5.93004;;1443.62;407.631;1851.25;;2730.67
5.94004;;1443.62;404.096;1847.72;;2730.67
5.95004;;1443.62;399.922;1843.54;;2730.67
5.96004;;1443.62;403.63;1847.25;;2730.67
5.97004;;1443.62;405.906;1849.53;;2730.67
5.98004;;1443.62;410.072;1853.69;;2730.67
5.99004;;1443.62;403.418;1847.04;;2730.67
6.00004;;1443.62;402.642;1846.26;;2730.67
6.01004;;1443.62;408.806;1852.43;;2730.67
6.02004;;1443.62;409.621;1853.24;;2730.67
6.03004;;1443.62;408.663;1852.28;;2730.67
6.04004;;1443.62;399.722;1843.34;;2730.67
6.05004;;1443.62;402.431;1846.05;;2730.67
6.06004;;1443.62;413.827;1857.45;;2730.67
6.07004;;1443.62;402.933;1846.55;;2730.67
6.08004;;1443.62;401.373;1844.99;;2730.67
6.09004;;1443.62;406.683;1850.3;;2730.67
6.10004;;1443.62;409.697;1853.32;;2730.67
6.11004;;1443.62;407.613;1851.23;;2730.67
6.12005;;1443.62;398.947;1842.57;;2730.67
6.13005;;1443.62;402.941;1846.56;;2730.67
6.14005;;1443.62;410.434;1854.06;;2730.67
6.15005;;1443.62;408.691;1852.31;;2730.67
6.16005;;1443.62;404.158;1847.78;;2730.67
6.17005;;1443.62;407.454;1851.08;;2730.67
6.18005;;1443.62;409.996;1853.62;;2730.67
6.19005;;1443.62;409.123;1852.74;;2730.67
6.20005;;1443.62;399.396;1843.02;;2730.67
6.21005;;1443.62;399.624;1843.25;;2730.67
6.22005;;1443.62;398.963;1842.58;;2730.67
6.23005;;1443.62;409.81;1853.43;;2730.67
6.24005;;1443.62;407.066;1850.69;;2730.67
6.25005;;1443.62;404.341;1847.96;;2730.67
6.26005;;1443.62;407.771;1851.39;;2730.67
6.27005;;1443.62;409.337;1852.96;;2730.67
6.28005;;1443.62;402.038;1845.66;;2730.67
6.29005;;1443.62;398.595;1842.22;;2730.67
6.30005;;1443.62;401.939;1845.56;;2730.67
6.31005;;1443.62;411.346;1854.97;;2730.67
6.32005;;1443.62;405.459;1849.08;;2730.67
6.33005;;1443.62;401.846;1845.47;;2730.67
6.34005;;1443.62;405.194;1848.82;;2730.67
6.35005;;1443.62;410.733;1854.36;;2730.67
6.36005;;1443.62;399.706;1843.33;;2730.67
6.37005;;1443.62;396.883;1840.51;;2730.67
6.38005;;1443.62;399.861;1843.48;;2730.67
6.39005;;1443.62;411.641;1855.26;;2730.67
6.40005;;1443.62;411.875;1855.5;;2730.67
6.41005;;1443.62;409.663;1853.29;;2730.67
6.42005;;1443.62;405.041;1848.66;;2730.67
6.43005;;1443.62;409.354;1852.98;;2730.67
6.44005;;1443.62;404.73;1848.35;;2730.67
6.45005;;1443.62;401.918;1845.54;;2730.67
6.46005;;1443.62;401.036;1844.66;;2730.67
6.47005;;1443.62;404.767;1848.39;;2730.67
6.48005;;1443.62;412.204;1855.83;;2730.67
6.49005;;1443.62;408.963;1852.58;;2730.67
6.50005;;1443.62;401.177;1844.8;;2730.67
6.51005;;1443.62;403.246;1846.87;;2730.67
6.52005;;1443.62;408.121;1851.74;;2730.67
6.53005;;1443.62;407.892;1851.51;;2730.67
6.54005;;1443.62;399.647;1843.27;;2730.67
6.55006;;1443.62;405.789;1849.41;;2730.67
6.56006;;1443.62;413.418;1857.04;;2730.67
6.57006;;1443.62;412.798;1856.42;;2730.67
6.58006;;1443.62;401.694;1845.32;;2730.67
6.59006;;1443.62;401.437;1845.06;;2730.67
6.60006;;1443.62;408.285;1851.91;;2730.67
6.61006;;1443.62;407.854;1851.48;;2730.67
6.62006;;1443.62;401.594;1845.22;;2730.67
6.63006;;1443.62;400.604;1844.23;;2730.67
6.64006;;1443.62;402.976;1846.6;;2730.67
6.65006;;1443.62;404.579;1848.2;;2730.67
6.66006;;1443.62;407.377;1851;;2730.67
6.67006;;1443.62;401.135;1844.76;;2730.67
6.68006;;1443.62;407.021;1850.64;;2730.67
6.69006;;1443.62;409.443;1853.06;;2730.67
6.70006;;1443.62;409.73;1853.35;;2730.67
6.71006;;1443.62;400.395;1844.02;;2730.67
6.72006;;1443.62;398.53;1842.15;;2730.67
6.73006;;1443.62;403.929;1847.55;;2730.67
6.74006;;1443.62;410.879;1854.5;;2730.67
6.75006;;1443.62;405.733;1849.35;;2730.67
6.76006;;1443.62;401.941;1845.56;;2730.67
6.77006;;1443.62;404.856;1848.48;;2730.67
6.78006;;1443.62;410.279;1853.9;;2730.67
6.79006;;1443.62;401.129;1844.75;;2730.67
6.80006;;1443.62;397.917;1841.54;;2730.67
6.81006;;1443.62;397.311;1840.93;;2730.67
6.82006;;1443.62;410.338;1853.96;;2730.67
6.83006;;1443.62;412.11;1855.73;;2730.67
6.84006;;1443.62;412.527;1856.15;;2730.67
6.85006;;1443.62;402.303;1845.92;;2730.67
6.86006;;1443.62;406.619;1850.24;;2730.67
6.87006;;1443.62;407.964;1851.59;;2730.67
6.88006;;1443.62;406.777;1850.4;;2730.67
6.89006;;1443.62;405.073;1848.69;;2730.67
6.90006;;1443.62;401.076;1844.7;;2730.67
6.91006;;1443.62;406.686;1850.31;;2730.67
6.92006;;1443.62;414.661;1858.28;;2730.67
6.93006;;1443.62;401.443;1845.06;;2730.67
6.94006;;1443.62;401.178;1844.8;;2730.67
6.95006;;1443.62;407.531;1851.15;;2730.67
6.96006;;1443.62;409.72;1853.34;;2730.67
6.97006;;1443.62;405.35;1848.97;;2730.67
6.98006;;1443.62;399.146;1842.77;;2730.67
6.99007;;1443.62;402.226;1845.85;;2730.67
7.00007;;1443.62;408.89;1852.51;;2730.67
7.01007;;1443.62;410.07;1853.69;;2730.67
7.02007;;1443.62;408.522;1852.14;;2730.67
7.03007;;1443.62;406.941;1850.56;;2730.67
7.04007;;1443.62;407.537;1851.16;;2730.67
7.05007;;1443.62;410.991;1854.61;;2730.67
7.06007;;1443.62;403.646;1847.27;;2730.67
7.07007;;1443.62;403.226;1846.85;;2730.67
7.08007;;1443.62;399.829;1843.45;;2730.67
7.09007;;1443.62;406.848;1850.47;;2730.67
7.10007;;1443.62;414.836;1858.46;;2730.67
7.11007;;1443.62;407.908;1851.53;;2730.67
7.12007;;1443.62;401.521;1845.14;;2730.67
7.13007;;1443.62;402.983;1846.6;;2730.67
7.14007;;1443.62;408.66;1852.28;;2730.67
7.15007;;1443.62;406.867;1850.49;;2730.67
7.16007;;1443.62;400.004;1843.63;;2730.67
7.17007;;1443.62;404.175;1847.8;;2730.67
7.18007;;1443.62;411.394;1855.02;;2730.67
7.19007;;1443.62;413.571;1857.19;;2730.67
7.20007;;1443.62;403.881;1847.5;;2730.67
7.21007;;1443.62;402.371;1845.99;;2730.67
7.22007;;1443.62;407.819;1851.44;;2730.67
7.23007;;1443.62;410.48;1854.1;;2730.67
7.24007;;1443.62;407.516;1851.14;;2730.67
7.25007;;1443.62;399.287;1842.91;;2730.67
7.26007;;1443.62;400.315;1843.94;;2730.67
7.27007;;1443.62;400.477;1844.1;;2730.67
7.28007;;1443.62;409.892;1853.51;;2730.67
7.29007;;1443.62;403.314;1846.94;;2730.67
7.30007;;1443.62;404.162;1847.78;;2730.67
7.31007;;1443.62;406.38;1850;;2730.67
7.32007;;1443.62;409.307;1852.93;;2730.67
7.33007;;1443.62;402.527;1846.15;;2730.67
7.34007;;1443.62;397.628;1841.25;;2730.67
7.35007;;1443.62;400.816;1844.44;;2730.67
7.36007;;1443.62;411.949;1855.57;;2730.67
7.37007;;1443.62;411.304;1854.93;;2730.67
7.38007;;1443.62;404.115;1847.74;;2730.67
7.39007;;1443.62;403.732;1847.35;;2730.67
7.40007;;1443.62;408.901;1852.52;;2730.67
7.41007;;1443.62;403.173;1846.79;;2730.67
7.42007;;1443.62;400.185;1843.81;;2730.67
7.43008;;1443.62;398.313;1841.93;;2730.67
7.44008;;1443.62;406.319;1849.94;;2730.67
7.45008;;1443.62;409.575;1853.2;;2730.67
7.46008;;1443.62;413.246;1856.87;;2730.67
7.47008;;1443.62;401.233;1844.85;;2730.67
7.48008;;1443.62;404.775;1848.4;;2730.67
7.49008;;1443.62;408.09;1851.71;;2730.67
7.50008;;1443.62;408.332;1851.95;;2730.67
7.51008;;1443.62;404.87;1848.49;;2730.67
7.52008;;1443.62;400.18;1843.8;;2730.67
7.53008;;1443.62;409.911;1853.53;;2730.67
7.54008;;1443.62;414.399;1858.02;;2730.67
7.55008;;1443.62;401.835;1845.46;;2730.67
7.56008;;1443.62;400.62;1844.24;;2730.67
7.57008;;1443.62;407.378;1851;;2730.67
7.58008;;1443.62;409.893;1853.51;;2730.67
7.59008;;1443.62;404.586;1848.21;;2730.67
7.60008;;1443.62;399.197;1842.82;;2730.67
7.61008;;1443.62;401.823;1845.45;;2730.67
7.62008;;1443.62;407.525;1851.15;;2730.67
7.63008;;1443.62;408.202;1851.82;;2730.67
7.64008;;1443.62;406.673;1850.29;;2730.67
7.65008;;1443.62;406.119;1849.74;;2730.67
7.66008;;1443.62;408.799;1852.42;;2730.67
7.67008;;1443.62;409.516;1853.14;;2730.67
7.68008;;1443.62;400.105;1843.73;;2730.67
7.69008;;1443.62;399.559;1843.18;;2730.67
7.70008;;1443.62;396.568;1840.19;;2730.67
7.71008;;1443.62;410.819;1854.44;;2730.67
7.72008;;1443.62;408.173;1851.79;;2730.67
7.73008;;1443.62;401.756;1845.38;;2730.67
7.74008;;1443.62;403.861;1847.48;;2730.67
7.75008;;1443.62;407.219;1850.84;;2730.67
7.76008;;1443.62;404.321;1847.94;;2730.67
7.77008;;1443.62;398.375;1842;;2730.67
7.78008;;1443.62;396.297;1839.92;;2730.67
7.79008;;1443.62;411.62;1855.24;;2730.67
7.80008;;1443.62;413.193;1856.81;;2730.67
7.81008;;1443.62;405.582;1849.2;;2730.67
7.82008;;1443.62;402.027;1845.65;;2730.67
7.83008;;1443.62;407.268;1850.89;;2730.67
7.84008;;1443.62;404.487;1848.11;;2730.67
7.85008;;1443.62;401.416;1845.04;;2730.67
7.86009;;1443.62;398.743;1842.36;;2730.67
7.87009;;1443.62;403.426;1847.05;;2730.67
7.88009;;1443.62;406.232;1849.85;;2730.67
7.89009;;1443.62;412.181;1855.8;;2730.67
7.90009;;1443.62;400.269;1843.89;;2730.67
7.91009;;1443.62;403.055;1846.68;;2730.67
7.92009;;1443.62;407.903;1851.53;;2730.67
7.93009;;1443.62;408.724;1852.35;;2730.67
7.94009;;1443.62;405.836;1849.46;;2730.67
7.95009;;1443.62;399.165;1842.79;;2730.67
7.96009;;1443.62;406.512;1850.13;;2730.67
7.97009;;1443.62;414.078;1857.7;;2730.67
7.98009;;1443.62;401.965;1845.59;;2730.67
7.99009;;1443.62;400.092;1843.71;;2730.67
8.00009;;1443.62;406.403;1850.02;;2730.67
8.01009;;1443.62;409.364;1852.99;;2730.67
8.02009;;1443.62;404.971;1848.59;;2730.67
8.03009;;1443.62;398.293;1841.92;;2730.67
8.04009;;1443.62;400.082;1843.7;;2730.67
8.05009;;1443.62;406.006;1849.63;;2730.67
8.06009;;1443.62;408.12;1851.74;;2730.67
8.07009;;1443.62;407.079;1850.7;;2730.67
8.08009;;1443.62;405.659;1849.28;;2730.67
8.09009;;1443.62;407.911;1851.53;;2730.67
8.10009;;1443.62;409.54;1853.16;;2730.67
8.11009;;1443.62;400.508;1844.13;;2730.67
8.12009;;1443.62;399.427;1843.05;;2730.67
8.13009;;1443.62;395.825;1839.45;;2730.67
8.14009;;1443.62;410.793;1854.42;;2730.67
8.15009;;1443.62;408.884;1852.51;;2730.67
8.16009;;1443.62;401.26;1844.88;;2730.67
8.17009;;1443.62;402.776;1846.4;;2730.67
8.18009;;1443.62;406.336;1849.96;;2730.67
8.19009;;1443.62;404.286;1847.91;;2730.67
8.20009;;1443.62;397.593;1841.21;;2730.67
8.21009;;1443.62;396.087;1839.71;;2730.67
8.22009;;1443.62;411.084;1854.71;;2730.67
8.23009;;1443.62;412.171;1855.79;;2730.67
8.24009;;1443.62;404.633;1848.26;;2730.67
8.25009;;1443.62;401.6;1845.22;;2730.67
8.26009;;1443.62;407.377;1851;;2730.67
8.27009;;1443.62;403.117;1846.74;;2730.67
8.28009;;1443.62;399.52;1843.14;;2730.67
8.29009;;1443.62;397.187;1840.81;;2730.67
8.30009;;1443.62;404.967;1848.59;;2730.67
8.31009;;1443.62;408.961;1852.58;;2730.67
8.3201;;1443.62;412.067;1855.69;;2730.67
8.3301;;1443.62;400.363;1843.98;;2730.67
8.3401;;1443.62;404.26;1847.88;;2730.67
8.3501;;1443.62;406.731;1850.35;;2730.67
8.3601;;1443.62;406.933;1850.56;;2730.67
8.3701;;1443.62;402.784;1846.41;;2730.67
8.3801;;1443.62;399.712;1843.33;;2730.67
8.3901;;1443.62;410.752;1854.37;;2730.67
8.4001;;1443.62;412.292;1855.91;;2730.67
8.4101;;1443.62;400.364;1843.99;;2730.67
8.4201;;1443.62;399.583;1843.2;;2730.67
8.4301;;1443.62;406.993;1850.61;;2730.67
8.4401;;1443.62;409.153;1852.77;;2730.67
8.4501;;1443.62;401.988;1845.61;;2730.67
8.4601;;1443.62;398.866;1842.49;;2730.67
8.4701;;1443.62;403.843;1847.46;;2730.67
8.4801;;1443.62;408.782;1852.4;;2730.67
8.4901;;1443.62;405.889;1849.51;;2730.67
8.5001;;1443.62;403.304;1846.93;;2730.67
8.5101;;1443.62;405.917;1849.54;;2730.67
8.5201;;1443.62;408.761;1852.38;;2730.67
8.5301;;1443.62;408.049;1851.67;;2730.67
8.5401;;1443.62;398.677;1842.3;;2730.67
8.5501;;1443.62;398.654;1842.28;;2730.67
8.5601;;1443.62;396.514;1840.14;;2730.67
8.5701;;1443.62;409.987;1853.61;;2730.67
8.5801;;1443.62;407.08;1850.7;;2730.67
8.5901;;1443.62;401.39;1845.01;;2730.67
8.6001;;1443.62;403.085;1846.71;;2730.67
8.6101;;1443.62;406.583;1850.2;;2730.67
8.6201;;1443.62;403.543;1847.16;;2730.67
8.6301;;1443.62;396.759;1840.38;;2730.67
8.6401;;1443.62;397.868;1841.49;;2730.67
8.6501;;1443.62;410.924;1854.55;;2730.67
8.6601;;1443.62;410.453;1854.07;;2730.67
8.6701;;1443.62;403.345;1846.97;;2730.67
8.6801;;1443.62;402.676;1846.3;;2730.67
8.6901;;1443.62;407.67;1851.29;;2730.67
8.7001;;1443.62;402.552;1846.17;;2730.67
8.7101;;1443.62;399.359;1842.98;;2730.67
8.7201;;1443.62;397.419;1841.04;;2730.67
8.7301;;1443.62;404.113;1847.73;;2730.67
8.7401;;1443.62;408.005;1851.63;;2730.67
8.7501;;1443.62;412.39;1856.01;;2730.67
8.76011;;1443.62;400.048;1843.67;;2730.67
8.77011;;1443.62;403.311;1846.93;;2730.67
8.78011;;1443.62;407.271;1850.89;;2730.67
8.79011;;1443.62;408.075;1851.7;;2730.67
8.80011;;1443.62;405.428;1849.05;;2730.67
8.81011;;1443.62;398.477;1842.1;;2730.67
8.82011;;1443.62;404.477;1848.1;;2730.67
8.83011;;1443.62;412.706;1856.33;;2730.67
8.84011;;1443.62;402.499;1846.12;;2730.67
8.85011;;1443.62;399.923;1843.54;;2730.67
8.86011;;1443.62;405.484;1849.11;;2730.67
8.87011;;1443.62;408.86;1852.48;;2730.67
8.88011;;1443.62;405.506;1849.13;;2730.67
8.89011;;1443.62;397.529;1841.15;;2730.67
8.90011;;1443.62;398.396;1842.02;;2730.67
8.91011;;1443.62;404.551;1848.17;;2730.67
8.92011;;1443.62;407.679;1851.3;;2730.67
8.93011;;1443.62;407.462;1851.08;;2730.67
8.94011;;1443.62;404.775;1848.4;;2730.67
8.95011;;1443.62;406.804;1850.43;;2730.67
8.96011;;1443.62;409.021;1852.64;;2730.67
8.97011;;1443.62;401.17;1844.79;;2730.67
8.98011;;1443.62;399.88;1843.5;;2730.67
8.99011;;1443.62;395.694;1839.32;;2730.67
9.00011;;1443.62;410.489;1854.11;;2730.67
9.01011;;1443.62;410.679;1854.3;;2730.67
9.02011;;1443.62;400.707;1844.33;;2730.67
9.03011;;1443.62;401.538;1845.16;;2730.67
9.04011;;1443.62;405.364;1848.99;;2730.67
9.05011;;1443.62;405.234;1848.86;;2730.67
9.06011;;1443.62;399.134;1842.76;;2730.67
9.07011;;1443.62;394.563;1838.18;;2730.67
9.08011;;1443.62;409.861;1853.48;;2730.67
9.09011;;1443.62;413.25;1856.87;;2730.67
9.10011;;1443.62;407.456;1851.08;;2730.67
9.11011;;1443.62;399.709;1843.33;;2730.67
9.12011;;1443.62;404.892;1848.51;;2730.67
9.13011;;1443.62;405.522;1849.14;;2730.67
9.14011;;1443.62;401.734;1845.36;;2730.67
9.15011;;1443.62;398.354;1841.98;;2730.67
9.16011;;1443.62;402.18;1845.8;;2730.67
9.17011;;1443.62;405.433;1849.05;;2730.67
9.18011;;1443.62;410.856;1854.48;;2730.67
9.19011;;1443.62;399.083;1842.71;;2730.67
9.20012;;1443.62;402.279;1845.9;;2730.67
9.21012;;1443.62;406.625;1850.25;;2730.67
9.22012;;1443.62;407.281;1850.9;;2730.67
9.23012;;1443.62;403.629;1847.25;;2730.67
9.24012;;1443.62;398.767;1842.39;;2730.67
9.25012;;1443.62;408.044;1851.67;;2730.67
9.26012;;1443.62;413.016;1856.64;;2730.67
9.27012;;1443.62;400.393;1844.01;;2730.67
9.28012;;1443.62;399.004;1842.63;;2730.67
9.29012;;1443.62;406.08;1849.7;;2730.67
9.30012;;1443.62;408.359;1851.98;;2730.67
9.31012;;1443.62;402.217;1845.84;;2730.67
9.32012;;1443.62;398.009;1841.63;;2730.67
9.33012;;1443.62;402.207;1845.83;;2730.67
9.34012;;1443.62;407.753;1851.37;;2730.67
9.35012;;1443.62;405.416;1849.04;;2730.67
9.36012;;1443.62;401.938;1845.56;;2730.67
9.37012;;1443.62;405.309;1848.93;;2730.67
9.38012;;1443.62;408.385;1852.01;;2730.67
9.39012;;1443.62;405.827;1849.45;;2730.67
9.40012;;1443.62;397.4;1841.02;;2730.67
9.41012;;1443.62;398.158;1841.78;;2730.67
9.42012;;1443.62;398.936;1842.56;;2730.67
9.43012;;1443.62;407.751;1851.37;;2730.67
9.44012;;1443.62;400.078;1843.7;;2730.67
9.45012;;1443.62;403.27;1846.89;;2730.67
9.46012;;1443.62;405.583;1849.2;;2730.67
9.47012;;1443.62;408.357;1851.98;;2730.67
9.48012;;1443.62;397.788;1841.41;;2730.67
9.49012;;1443.62;395.683;1839.3;;2730.67
9.50012;;1443.62;405.817;1849.44;;2730.67
9.51012;;1443.62;407.275;1850.9;;2730.67
9.52012;;1443.62;400.446;1844.07;;2730.67
9.53012;;1443.62;401.061;1844.68;;2730.67
9.54012;;1443.62;406.039;1849.66;;2730.67
9.55012;;1443.62;408.437;1852.06;;2730.67
9.56012;;1443.62;395.849;1839.47;;2730.67
9.57012;;1443.62;396.218;1839.84;;2730.67
9.58012;;1443.62;404.481;1848.1;;2730.67
9.59012;;1443.62;407.697;1851.32;;2730.67
9.60012;;1443.62;404.592;1848.21;;2730.67
9.61012;;1443.62;404.108;1847.73;;2730.67
9.62012;;1443.62;406.886;1850.51;;2730.67
9.63013;;1443.62;406.871;1850.49;;2730.67
9.64013;;1443.62;396.747;1840.37;;2730.67
9.65013;;1443.62;396.906;1840.53;;2730.67
9.66013;;1443.62;395.892;1839.51;;2730.67
9.67013;;1443.62;407.201;1850.82;;2730.67
9.68013;;1443.62;406.06;1849.68;;2730.67
9.69013;;1443.62;401.483;1845.1;;2730.67
9.70013;;1443.62;404.982;1848.6;;2730.67
9.71013;;1443.62;406.119;1849.74;;2730.67
9.72013;;1443.62;399.698;1843.32;;2730.67
9.73013;;1443.62;396.311;1839.93;;2730.67
9.74013;;1443.62;397.97;1841.59;;2730.67
9.75013;;1443.62;409.319;1852.94;;2730.67
9.76013;;1443.62;403.312;1846.93;;2730.67
9.77013;;1443.62;399.4;1843.02;;2730.67
9.78013;;1443.62;403.274;1846.9;;2730.67
9.79013;;1443.62;408.152;1851.77;;2730.67
9.80013;;1443.62;396.481;1840.1;;2730.67
9.81013;;1443.62;394.348;1837.97;;2730.67
9.82013;;1443.62;401.976;1845.6;;2730.67
9.83013;;1443.62;408.697;1852.32;;2730.67
9.84013;;1443.62;406.442;1850.06;;2730.67
9.85013;;1443.62;403.579;1847.2;;2730.67
9.86013;;1443.62;404.752;1848.37;;2730.67
9.87013;;1443.62;407.991;1851.61;;2730.67
9.88013;;1443.62;396.971;1840.59;;2730.67
9.89013;;1443.62;395.647;1839.27;;2730.67
9.90013;;1443.62;395.782;1839.4;;2730.67
9.91013;;1443.62;407.609;1851.23;;2730.67
9.92013;;1443.62;407.937;1851.56;;2730.67
9.93013;;1443.62;401.338;1844.96;;2730.67
9.94013;;1443.62;404.25;1847.87;;2730.67
9.95013;;1443.62;406.506;1850.13;;2730.67
9.96013;;1443.62;400.299;1843.92;;2730.67
9.97013;;1443.62;396.238;1839.86;;2730.67
9.98013;;1443.62;394.849;1838.47;;2730.67
9.99013;;1443.62;408.967;1852.59;;2730.67
10.0001;;1443.62;402.777;1846.4;;2730.67
10.0101;;1443.62;398.997;1842.62;;2730.67
10.0201;;1443.62;402.487;1846.11;;2730.67
10.0301;;1443.62;406.679;1850.3;;2730.67
10.0401;;1443.62;396.955;1840.58;;2730.67
10.0501;;1443.62;393.875;1837.5;;2730.67
10.0601;;1443.62;400.601;1844.22;;2730.67
10.0701;;1443.62;408.673;1852.3;;2730.67
10.0801;;1443.62;406.497;1850.12;;2730.67
10.0901;;1443.62;400.631;1844.25;;2730.67
10.1001;;1443.62;404.392;1848.01;;2730.67
10.1101;;1443.62;407.916;1851.54;;2730.67
10.1201;;1443.62;396.177;1839.8;;2730.67
10.1301;;1443.62;395.045;1838.67;;2730.67
10.1401;;1443.62;396.079;1839.7;;2730.67
10.1501;;1443.62;407.189;1850.81;;2730.67
10.1601;;1443.62;408.118;1851.74;;2730.67
10.1701;;1443.62;403.285;1846.91;;2730.67
10.1801;;1443.62;402.804;1846.43;;2730.67
10.1901;;1443.62;406.173;1849.79;;2730.67
10.2001;;1443.62;401.631;1845.25;;2730.67
10.2101;;1443.62;398.932;1842.55;;2730.67
10.2201;;1443.62;393.574;1837.2;;2730.67
10.2301;;1443.62;409.138;1852.76;;2730.67
10.2401;;1443.62;407.369;1850.99;;2730.67
10.2501;;1443.62;398.765;1842.39;;2730.67
10.2601;;1443.62;400.703;1844.32;;2730.67
10.2701;;1443.62;404.828;1848.45;;2730.67
10.2801;;1443.62;399.528;1843.15;;2730.67
10.2901;;1443.62;394.102;1837.72;;2730.67
10.3001;;1443.62;398.067;1841.69;;2730.67
10.3101;;1443.62;408.369;1851.99;;2730.67
10.3201;;1443.62;404.096;1847.72;;2730.67
10.3301;;1443.62;398.837;1842.46;;2730.67
10.3401;;1443.62;404.203;1847.82;;2730.67
10.3501;;1443.62;407.681;1851.3;;2730.67
10.3601;;1443.62;395.301;1838.92;;2730.67
10.3701;;1443.62;393.977;1837.6;;2730.67
10.3801;;1443.62;398.776;1842.4;;2730.67
10.3901;;1443.62;407.626;1851.25;;2730.67
10.4001;;1443.62;407.374;1851;;2730.67
10.4101;;1443.62;403.013;1846.63;;2730.67
10.4201;;1443.62;403.988;1847.61;;2730.67
10.4301;;1443.62;407.321;1850.94;;2730.67
10.4401;;1443.62;398.097;1841.72;;2730.67
10.4501;;1443.62;396.605;1840.23;;2730.67
10.4601;;1443.62;394.115;1837.74;;2730.67
10.4701;;1443.62;407.545;1851.17;;2730.67
10.4801;;1443.62;406.313;1849.93;;2730.67
10.4901;;1443.62;399.421;1843.04;;2730.67
10.5001;;1443.62;403.189;1846.81;;2730.67
10.5101;;1443.62;405.331;1848.95;;2730.67
10.5201;;1443.62;398.152;1841.77;;2730.67
10.5301;;1443.62;394.259;1837.88;;2730.67
10.5401;;1443.62;402.833;1846.45;;2730.67
10.5501;;1443.62;405.425;1849.05;;2730.67
10.5601;;1443.62;398.412;1842.03;;2730.67
10.5701;;1443.62;399.776;1843.4;;2730.67
10.5801;;1443.62;404.339;1847.96;;2730.67
10.5901;;1443.62;406.683;1850.3;;2730.67
10.6001;;1443.62;393.867;1837.49;;2730.67
10.6101;;1443.62;395.408;1839.03;;2730.67
10.6201;;1443.62;406.492;1850.11;;2730.67
10.6301;;1443.62;405.206;1848.83;;2730.67
10.6401;;1443.62;399.085;1842.71;;2730.67
10.6501;;1443.62;403.116;1846.74;;2730.67
10.6601;;1443.62;405.889;1849.51;;2730.67
10.6701;;1443.62;401.532;1845.15;;2730.67
10.6801;;1443.62;395.456;1839.08;;2730.67
10.6901;;1443.62;397.456;1841.08;;2730.67
10.7001;;1443.62;401.89;1845.51;;2730.67
10.7101;;1443.62;403.754;1847.38;;2730.67
10.7201;;1443.62;397.082;1840.7;;2730.67
10.7302;;1443.62;403.466;1847.09;;2730.67
10.7402;;1443.62;406.095;1849.72;;2730.67
10.7502;;1443.62;402.951;1846.57;;2730.67
10.7602;;1443.62;395.767;1839.39;;2730.67
10.7702;;1443.62;396.31;1839.93;;2730.67
10.7802;;1443.62;405.399;1849.02;;2730.67
10.7902;;1443.62;398.821;1842.44;;2730.67
10.8002;;1443.62;396.623;1840.24;;2730.67
10.8102;;1443.62;403.019;1846.64;;2730.67
10.8202;;1443.62;405.089;1848.71;;2730.67
10.8302;;1443.62;403.015;1846.64;;2730.67
10.8402;;1443.62;395.496;1839.12;;2730.67
10.8502;;1443.62;404.44;1848.06;;2730.67
10.8602;;1443.62;410.557;1854.18;;2730.67
10.8702;;1443.62;397.193;1840.81;;2730.67
10.8802;;1443.62;396.488;1840.11;;2730.67
10.8902;;1443.62;404.461;1848.08;;2730.67
10.9002;;1443.62;403.323;1846.94;;2730.67
10.9102;;1443.62;394.55;1838.17;;2730.67
10.9202;;1443.62;402.629;1846.25;;2730.67
10.9302;;1443.62;409.525;1853.15;;2730.67
10.9402;;1443.62;406.651;1850.27;;2730.67
10.9502;;1443.62;396.311;1839.93;;2730.67
10.9602;;1443.62;401.216;1844.84;;2730.67
10.9702;;1443.62;402.339;1845.96;;2730.67
10.9802;;1443.62;398.11;1841.73;;2730.67
10.9902;;1443.62;394.403;1838.02;;2730.67
11.0002;;1443.62;401.309;1844.93;;2730.67
11.0102;;1443.62;405.046;1848.67;;2730.67
11.0202;;1443.62;408.278;1851.9;;2730.67
11.0302;;1443.62;397.744;1841.37;;2730.67
11.0402;;1443.62;402.242;1845.86;;2730.67
11.0502;;1443.62;402.222;1845.84;;2730.67
11.0602;;1443.62;399.941;1843.56;;2730.67
11.0702;;1443.62;396.829;1840.45;;2730.67
11.0802;;1443.62;401.63;1845.25;;2730.67
11.0902;;1443.62;409.379;1853;;2730.67
11.1002;;1443.62;401.113;1844.74;;2730.67
11.1102;;1443.62;398.041;1841.66;;2730.67
11.1202;;1443.62;401.092;1844.71;;2730.67
11.1302;;1443.62;402.558;1846.18;;2730.67
11.1402;;1443.62;398.049;1841.67;;2730.67
11.1502;;1443.62;391.549;1835.17;;2730.67
11.1602;;1443.62;408.397;1852.02;;2730.67
11.1702;;1443.62;408.823;1852.44;;2730.67
11.1802;;1443.62;397.758;1841.38;;2730.67
11.1902;;1443.62;397.832;1841.45;;2730.67
11.2002;;1443.62;403.468;1847.09;;2730.67
11.2102;;1443.62;399.334;1842.96;;2730.67
11.2202;;1443.62;393.751;1837.37;;2730.67
11.2302;;1443.62;393.201;1836.82;;2730.67
11.2402;;1443.62;406.998;1850.62;;2730.67
11.2502;;1443.62;408.639;1852.26;;2730.67
11.2602;;1443.62;403.771;1847.39;;2730.67
11.2702;;1443.62;401.072;1844.69;;2730.67
11.2802;;1443.62;405.687;1849.31;;2730.67
11.2902;;1443.62;396.905;1840.53;;2730.67
11.3002;;1443.62;394.45;1838.07;;2730.67
11.3102;;1443.62;394.221;1837.84;;2730.67
11.3202;;1443.62;405.44;1849.06;;2730.67
11.3302;;1443.62;407.015;1850.64;;2730.67
11.3402;;1443.62;400.171;1843.79;;2730.67
11.3502;;1443.62;401.661;1845.28;;2730.67
11.3602;;1443.62;404.975;1848.6;;2730.67
11.3702;;1443.62;399.472;1843.09;;2730.67
11.3802;;1443.62;395.228;1838.85;;2730.67
11.3902;;1443.62;391.804;1835.43;;2730.67
11.4002;;1443.62;407.438;1851.06;;2730.67
11.4102;;1443.62;401.682;1845.3;;2730.67
11.4202;;1443.62;397.751;1841.37;;2730.67
11.4302;;1443.62;401.24;1844.86;;2730.67
11.4402;;1443.62;405.28;1848.9;;2730.67
11.4502;;1443.62;395.673;1839.3;;2730.67
11.4602;;1443.62;392.329;1835.95;;2730.67
11.4702;;1443.62;401.646;1845.27;;2730.67
11.4802;;1443.62;405.825;1849.45;;2730.67
11.4902;;1443.62;399.614;1843.24;;2730.67
11.5002;;1443.62;398.917;1842.54;;2730.67
11.5102;;1443.62;404.341;1847.96;;2730.67
11.5202;;1443.62;404.468;1848.09;;2730.67
11.5302;;1443.62;393.718;1837.34;;2730.67
11.5402;;1443.62;395.213;1838.83;;2730.67
11.5502;;1443.62;403.161;1846.78;;2730.67
11.5602;;1443.62;403.387;1847.01;;2730.67
11.5702;;1443.62;400.209;1843.83;;2730.67
11.5802;;1443.62;402.498;1846.12;;2730.67
11.5902;;1443.62;405.687;1849.31;;2730.67
11.6002;;1443.62;402.201;1845.82;;2730.67
11.6102;;1443.62;394.756;1838.38;;2730.67
11.6202;;1443.62;395.934;1839.56;;2730.67
11.6302;;1443.62;400.644;1844.27;;2730.67
11.6402;;1443.62;402.603;1846.22;;2730.67
11.6502;;1443.62;395.585;1839.21;;2730.67
11.6602;;1443.62;403.114;1846.74;;2730.67
11.6702;;1443.62;404.803;1848.42;;2730.67
11.6802;;1443.62;402.678;1846.3;;2730.67
11.6902;;1443.62;395.226;1838.85;;2730.67
11.7002;;1443.62;399.795;1843.42;;2730.67
11.7102;;1443.62;409.336;1852.96;;2730.67
11.7202;;1443.62;395.835;1839.46;;2730.67
11.7302;;1443.62;396.347;1839.97;;2730.67
11.7402;;1443.62;403.361;1846.98;;2730.67
11.7502;;1443.62;404.487;1848.11;;2730.67
11.7602;;1443.62;395.69;1839.31;;2730.67
11.7702;;1443.62;400.346;1843.97;;2730.67
11.7802;;1443.62;409.541;1853.16;;2730.67
11.7902;;1443.62;403.094;1846.72;;2730.67
11.8002;;1443.62;395.708;1839.33;;2730.67
11.8102;;1443.62;399.092;1842.71;;2730.67
11.8202;;1443.62;402.946;1846.57;;2730.67
11.8302;;1443.62;396.489;1840.11;;2730.67
11.8402;;1443.62;391.302;1834.92;;2730.67
11.8502;;1443.62;405.807;1849.43;;2730.67
11.8602;;1443.62;409.083;1852.7;;2730.67
11.8702;;1443.62;402.724;1846.35;;2730.67
11.8802;;1443.62;397.827;1841.45;;2730.67
11.8902;;1443.62;403.634;1847.26;;2730.67
11.9002;;1443.62;398.457;1842.08;;2730.67
11.9102;;1443.62;395.499;1839.12;;2730.67
11.9202;;1443.62;393.813;1837.43;;2730.67
11.9302;;1443.62;401.038;1844.66;;2730.67
11.9402;;1443.62;406.541;1850.16;;2730.67
11.9502;;1443.62;404.025;1847.65;;2730.67
11.9602;;1443.62;398.851;1842.47;;2730.67
11.9702;;1443.62;402.866;1846.49;;2730.67
11.9802;;1443.62;400.787;1844.41;;2730.67
11.9902;;1443.62;397.724;1841.35;;2730.67
12.0002;;1443.62;392.378;1836;;2730.67
12.0102;;1443.62;406.79;1850.41;;2730.67
12.0202;;1443.62;407.468;1851.09;;2730.67
12.0302;;1443.62;396.71;1840.33;;2730.67
12.0402;;1443.62;398.284;1841.91;;2730.67
12.0502;;1443.62;402.485;1846.11;;2730.67
12.0602;;1443.62;398.789;1842.41;;2730.67
12.0702;;1443.62;392.413;1836.03;;2730.67
12.0802;;1443.62;395.769;1839.39;;2730.67
12.0902;;1443.62;406.523;1850.14;;2730.67
12.1002;;1443.62;401.326;1844.95;;2730.67
12.1102;;1443.62;397.078;1840.7;;2730.67
12.1202;;1443.62;402.427;1846.05;;2730.67
12.1302;;1443.62;405.778;1849.4;;2730.67
12.1402;;1443.62;393.318;1836.94;;2730.67
12.1502;;1443.62;392.589;1836.21;;2730.67
12.1602;;1443.62;399.083;1842.7;;2730.67
12.1702;;1443.62;405.486;1849.11;;2730.67
12.1802;;1443.62;403.297;1846.92;;2730.67
12.1902;;1443.62;401.124;1844.75;;2730.67
12.2002;;1443.62;404.054;1847.68;;2730.67
12.2102;;1443.62;404.316;1847.94;;2730.67
12.2202;;1443.62;393.947;1837.57;;2730.67
12.2302;;1443.62;394.371;1837.99;;2730.67
12.2402;;1443.62;393.916;1837.54;;2730.67
12.2502;;1443.62;404.234;1847.86;;2730.67
12.2602;;1443.62;400.828;1844.45;;2730.67
12.2702;;1443.62;399.919;1843.54;;2730.67
12.2802;;1443.62;403.432;1847.05;;2730.67
12.2902;;1443.62;404.622;1848.24;;2730.67
12.3002;;1443.62;395.446;1839.07;;2730.67
12.3102;;1443.62;393.239;1836.86;;2730.67
12.3202;;1443.62;400.99;1844.61;;2730.67
12.3302;;1443.62;403.893;1847.51;;2730.67
12.3402;;1443.62;396.61;1840.23;;2730.67
12.3502;;1443.62;399.212;1842.83;;2730.67
12.3602;;1443.62;403.208;1846.83;;2730.67
12.3702;;1443.62;405.289;1848.91;;2730.67
12.3802;;1443.62;392.473;1836.09;;2730.67
12.3902;;1443.62;396.438;1840.06;;2730.67
12.4002;;1443.62;407.113;1850.73;;2730.67
12.4102;;1443.62;400.742;1844.36;;2730.67
12.4202;;1443.62;396.178;1839.8;;2730.67
12.4302;;1443.62;402.366;1845.99;;2730.67
12.4402;;1443.62;404.946;1848.57;;2730.67
12.4502;;1443.62;399.755;1843.38;;2730.67
12.4602;;1443.62;394.629;1838.25;;2730.67
12.4702;;1443.62;396.796;1840.42;;2730.67
12.4802;;1443.62;401.862;1845.48;;2730.67
12.4902;;1443.62;402.8;1846.42;;2730.67
12.5002;;1443.62;397.067;1840.69;;2730.67
12.5102;;1443.62;402.548;1846.17;;2730.67
12.5202;;1443.62;405.119;1848.74;;2730.67
12.5302;;1443.62;402.879;1846.5;;2730.67
12.5402;;1443.62;395.019;1838.64;;2730.67
12.5502;;1443.62;394.768;1838.39;;2730.67
12.5602;;1443.62;401.739;1845.36;;2730.67
12.5702;;1443.62;401.583;1845.21;;2730.67
12.5802;;1443.62;395.485;1839.11;;2730.67
12.5902;;1443.62;401.167;1844.79;;2730.67
12.6002;;1443.62;404.097;1847.72;;2730.67
12.6102;;1443.62;404.171;1847.79;;2730.67
12.6202;;1443.62;393.807;1837.43;;2730.67
12.6302;;1443.62;399.796;1843.42;;2730.67
12.6402;;1443.62;409.183;1852.8;;2730.67
12.6502;;1443.62;397.714;1841.34;;2730.67
12.6602;;1443.62;395.685;1839.31;;2730.67
12.6702;;1443.62;403.097;1846.72;;2730.67
12.6802;;1443.62;405.332;1848.95;;2730.67
12.6902;;1443.62;397.703;1841.32;;2730.67
12.7002;;1443.62;396.27;1839.89;;2730.67
12.7102;;1443.62;403.287;1846.91;;2730.67
12.7202;;1443.62;406.935;1850.56;;2730.67
12.7302;;1443.62;398.588;1842.21;;2730.67
12.7402;;1443.62;396.898;1840.52;;2730.67
12.7502;;1443.62;403.354;1846.98;;2730.67
12.7602;;1443.62;403.084;1846.71;;2730.67
12.7702;;1443.62;397.975;1841.6;;2730.67
12.7802;;1443.62;396.265;1839.89;;2730.67
12.7902;;1443.62;396.785;1840.41;;2730.67
12.8002;;1443.62;404.27;1847.89;;2730.67
12.8102;;1443.62;398.912;1842.53;;2730.67
12.8202;;1443.62;396.296;1839.92;;2730.67
12.8302;;1443.62;403.204;1846.83;;2730.67
12.8402;;1443.62;404.168;1847.79;;2730.67
12.8502;;1443.62;401.863;1845.48;;2730.67
12.8602;;1443.62;394.712;1838.33;;2730.67
12.8702;;1443.62;400.489;1844.11;;2730.67
12.8802;;1443.62;409.129;1852.75;;2730.67
12.8902;;1443.62;396.817;1840.44;;2730.67
12.9002;;1443.62;395.939;1839.56;;2730.67
12.9102;;1443.62;403.035;1846.66;;2730.67
12.9202;;1443.62;405.365;1848.99;;2730.67
12.9302;;1443.62;397.036;1840.66;;2730.67
12.9402;;1443.62;397.507;1841.13;;2730.67
12.9502;;1443.62;406.983;1850.6;;2730.67
12.9602;;1443.62;408.866;1852.49;;2730.67
12.9702;;1443.62;396.953;1840.57;;2730.67
12.9802;;1443.62;396.66;1840.28;;2730.67
12.9902;;1443.62;403.764;1847.39;;2730.67
13.0002;;1443.62;402.454;1846.08;;2730.67
13.0102;;1443.62;395.873;1839.5;;2730.67
13.0202;;1443.62;396.801;1840.42;;2730.67
13.0302;;1443.62;400.55;1844.17;;2730.67
13.0402;;1443.62;402.443;1846.06;;2730.67
13.0502;;1443.62;401.236;1844.86;;2730.67
13.0602;;1443.62;396.671;1840.29;;2730.67
13.0702;;1443.62;403.048;1846.67;;2730.67
13.0802;;1443.62;404.932;1848.55;;2730.67
13.0902;;1443.62;403.074;1846.7;;2730.67
13.1002;;1443.62;394.794;1838.42;;2730.67
13.1102;;1443.62;395.065;1838.69;;2730.67
13.1202;;1443.62;406.591;1850.21;;2730.67
13.1302;;1443.62;399.218;1842.84;;2730.67
13.1402;;1443.62;396.215;1839.84;;2730.67
13.1502;;1443.62;401.156;1844.78;;2730.67
13.1602;;1443.62;404.003;1847.63;;2730.67
13.1702;;1443.62;404.818;1848.44;;2730.67
13.1802;;1443.62;393.262;1836.88;;2730.67
13.1902;;1443.62;397.174;1840.8;;2730.67
13.2002;;1443.62;407.683;1851.3;;2730.67
13.2102;;1443.62;402.181;1845.8;;2730.67
13.2202;;1443.62;396.7;1840.32;;2730.67
13.2302;;1443.62;403.115;1846.74;;2730.67
13.2402;;1443.62;405.613;1849.23;;2730.67
13.2502;;1443.62;400.587;1844.21;;2730.67
13.2602;;1443.62;394.997;1838.62;;2730.67
13.2702;;1443.62;396.926;1840.55;;2730.67
13.2802;;1443.62;401.035;1844.66;;2730.67
13.2902;;1443.62;403.242;1846.86;;2730.67
13.3002;;1443.62;397.313;1840.93;;2730.67
13.3102;;1443.62;402.434;1846.06;;2730.67
13.3202;;1443.62;405.208;1848.83;;2730.67
13.3302;;1443.62;403.83;1847.45;;2730.67
13.3402;;1443.62;395.557;1839.18;;2730.67
13.3502;;1443.62;394.45;1838.07;;2730.67
13.3602;;1443.62;401.975;1845.6;;2730.67
13.3702;;1443.62;399.84;1843.46;;2730.67
13.3802;;1443.62;395.59;1839.21;;2730.67
13.3902;;1443.62;401.165;1844.79;;2730.67
13.4002;;1443.62;404.468;1848.09;;2730.67
13.4102;;1443.62;404.176;1847.8;;2730.67
13.4202;;1443.62;393.928;1837.55;;2730.67
13.4302;;1443.62;400.63;1844.25;;2730.67
13.4402;;1443.62;409.962;1853.58;;2730.67
13.4502;;1443.62;397.671;1841.29;;2730.67
13.4602;;1443.62;395.8;1839.42;;2730.67
13.4702;;1443.62;403.58;1847.2;;2730.67
13.4802;;1443.62;405.308;1848.93;;2730.67
13.4902;;1443.62;397.473;1841.09;;2730.67
13.5002;;1443.62;395.793;1839.42;;2730.67
13.5102;;1443.62;401.019;1844.64;;2730.67
13.5202;;1443.62;405.665;1849.29;;2730.67
13.5302;;1443.62;401.045;1844.67;;2730.67
13.5402;;1443.62;396.939;1840.56;;2730.67
13.5502;;1443.62;403.14;1846.76;;2730.67
13.5602;;1443.62;404.232;1847.85;;2730.67
13.5702;;1443.62;399.711;1843.33;;2730.67
13.5802;;1443.62;395.746;1839.37;;2730.67
13.5902;;1443.62;395.922;1839.54;;2730.67
13.6002;;1443.62;403.402;1847.02;;2730.67
13.6102;;1443.62;400.087;1843.71;;2730.67
13.6202;;1443.62;395.766;1839.39;;2730.67
13.6302;;1443.62;403.001;1846.62;;2730.67
13.6402;;1443.62;404.204;1847.83;;2730.67
13.6502;;1443.62;402.987;1846.61;;2730.67
13.6602;;1443.62;394.416;1838.04;;2730.67
13.6702;;1443.62;401.045;1844.67;;2730.67
13.6802;;1443.62;409.458;1853.08;;2730.67
13.6902;;1443.62;396.978;1840.6;;2730.67
13.7002;;1443.62;395.767;1839.39;;2730.67
13.7102;;1443.62;403.102;1846.72;;2730.67
13.7202;;1443.62;405.282;1848.9;;2730.67
13.7302;;1443.62;397.78;1841.4;;2730.67
13.7402;;1443.62;396.643;1840.26;;2730.67
13.7502;;1443.62;405.975;1849.6;;2730.67
13.7602;;1443.62;408.768;1852.39;;2730.67
13.7702;;1443.62;397.092;1840.71;;2730.67
13.7802;;1443.62;396.503;1840.12;;2730.67
13.7902;;1443.62;403.443;1847.06;;2730.67
13.8002;;1443.62;401.791;1845.41;;2730.67
13.8102;;1443.62;395.896;1839.52;;2730.67
13.8202;;1443.62;397.001;1840.62;;2730.67
13.8302;;1443.62;400.548;1844.17;;2730.67
13.8402;;1443.62;403.673;1847.3;;2730.67
13.8502;;1443.62;397.465;1841.09;;2730.67
13.8602;;1443.62;398.387;1842.01;;2730.67
13.8702;;1443.62;403.165;1846.79;;2730.67
13.8802;;1443.62;402.111;1845.73;;2730.67
13.8902;;1443.62;399.913;1843.53;;2730.67
13.9002;;1443.62;396.535;1840.16;;2730.67
13.9102;;1443.62;402.659;1846.28;;2730.67
13.9202;;1443.62;408.23;1851.85;;2730.67
13.9302;;1443.62;395.329;1838.95;;2730.67
13.9402;;1443.62;397.235;1840.86;;2730.67
13.9502;;1443.62;403.106;1846.73;;2730.67
13.9602;;1443.62;402.813;1846.43;;2730.67
13.9702;;1443.62;395.236;1838.86;;2730.67
13.9802;;1443.62;402.235;1845.86;;2730.67
13.9902;;1443.62;409.942;1853.56;;2730.67
14.0002;;1443.62;402.017;1845.64;;2730.67
14.0102;;1443.62;395.786;1839.41;;2730.67
14.0202;;1443.62;399.557;1843.18;;2730.67
14.0302;;1443.62;402.445;1846.07;;2730.67
14.0402;;1443.62;395.786;1839.41;;2730.67
14.0502;;1443.62;391.269;1834.89;;2730.67
14.0602;;1443.62;405.338;1848.96;;2730.67
14.0702;;1443.62;408.91;1852.53;;2730.67
14.0802;;1443.62;403.184;1846.81;;2730.67
14.0902;;1443.62;397.376;1841;;2730.67
14.1002;;1443.62;402.779;1846.4;;2730.67
14.1102;;1443.62;398.742;1842.36;;2730.67
14.1202;;1443.62;395.322;1838.94;;2730.67
14.1302;;1443.62;394.12;1837.74;;2730.67
14.1402;;1443.62;401.133;1844.75;;2730.67
14.1502;;1443.62;406.121;1849.74;;2730.67
14.1602;;1443.62;404.715;1848.34;;2730.67
14.1702;;1443.62;398.189;1841.81;;2730.67
14.1802;;1443.62;402.042;1845.66;;2730.67
14.1902;;1443.62;401.015;1844.64;;2730.67
14.2002;;1443.62;398.823;1842.44;;2730.67
14.2102;;1443.62;393.064;1836.69;;2730.67
14.2202;;1443.62;405.8;1849.42;;2730.67
14.2302;;1443.62;408.527;1852.15;;2730.67
14.2402;;1443.62;397.136;1840.76;;2730.67
14.2502;;1443.62;397.141;1840.76;;2730.67
14.2602;;1443.62;401.693;1845.31;;2730.67
14.2702;;1443.62;400.022;1843.64;;2730.67
14.2802;;1443.62;393.137;1836.76;;2730.67
14.2902;;1443.62;392.14;1835.76;;2730.67
14.3002;;1443.62;406.777;1850.4;;2730.67
14.3102;;1443.62;405.186;1848.81;;2730.67
14.3202;;1443.62;396.828;1840.45;;2730.67
14.3302;;1443.62;400.315;1843.94;;2730.67
14.3402;;1443.62;405.04;1848.66;;2730.67
14.3502;;1443.62;393.95;1837.57;;2730.67
14.3602;;1443.62;391.705;1835.33;;2730.67
14.3702;;1443.62;396.224;1839.85;;2730.67
14.3802;;1443.62;406.082;1849.7;;2730.67
14.3902;;1443.62;404.959;1848.58;;2730.67
14.4002;;1443.62;400.996;1844.62;;2730.67
14.4102;;1443.62;402.294;1845.92;;2730.67
14.4202;;1443.62;405.196;1848.82;;2730.67
14.4302;;1443.62;394.708;1838.33;;2730.67
14.4402;;1443.62;393.825;1837.45;;2730.67
14.4502;;1443.62;392.659;1836.28;;2730.67
14.4602;;1443.62;404.563;1848.18;;2730.67
14.4702;;1443.62;402.18;1845.8;;2730.67
14.4802;;1443.62;398.753;1842.37;;2730.67
14.4902;;1443.62;402.734;1846.36;;2730.67
14.5002;;1443.62;403.908;1847.53;;2730.67
14.5102;;1443.62;395.141;1838.76;;2730.67
14.5202;;1443.62;392.885;1836.51;;2730.67
14.5302;;1443.62;400.193;1843.81;;2730.67
14.5402;;1443.62;403.094;1846.72;;2730.67
14.5502;;1443.62;396.204;1839.83;;2730.67
14.5602;;1443.62;398.165;1841.79;;2730.67
14.5702;;1443.62;402.818;1846.44;;2730.67
14.5802;;1443.62;404.596;1848.22;;2730.67
14.5902;;1443.62;391.849;1835.47;;2730.67
14.6002;;1443.62;395.579;1839.2;;2730.67
14.6102;;1443.62;407.047;1850.67;;2730.67
14.6202;;1443.62;400.425;1844.05;;2730.67
14.6302;;1443.62;395.885;1839.51;;2730.67
14.6402;;1443.62;401.842;1845.46;;2730.67
14.6502;;1443.62;404.55;1848.17;;2730.67
14.6602;;1443.62;399.558;1843.18;;2730.67
14.6702;;1443.62;393.545;1837.17;;2730.67
14.6802;;1443.62;395.649;1839.27;;2730.67
14.6902;;1443.62;401.586;1845.21;;2730.67
14.7002;;1443.62;401.728;1845.35;;2730.67
14.7102;;1443.62;395.883;1839.5;;2730.67
14.7202;;1443.62;402.27;1845.89;;2730.67
14.7302;;1443.62;404.273;1847.89;;2730.67
14.7402;;1443.62;400.798;1844.42;;2730.67
14.7502;;1443.62;394.402;1838.02;;2730.67
14.7602;;1443.62;394.619;1838.24;;2730.67
14.7702;;1443.62;402.38;1846;;2730.67
14.7802;;1443.62;399.018;1842.64;;2730.67
14.7902;;1443.62;394.914;1838.54;;2730.67
14.8002;;1443.62;401.704;1845.33;;2730.67
14.8102;;1443.62;403.584;1847.21;;2730.67
14.8202;;1443.62;401.724;1845.35;;2730.67
14.8302;;1443.62;393.518;1837.14;;2730.67
14.8402;;1443.62;402.433;1846.05;;2730.67
14.8502;;1443.62;409.009;1852.63;;2730.67
14.8602;;1443.62;396.08;1839.7;;2730.67
14.8702;;1443.62;395.039;1838.66;;2730.67
14.8802;;1443.62;402.574;1846.2;;2730.67
14.8902;;1443.62;403.429;1847.05;;2730.67
14.9002;;1443.62;394.998;1838.62;;2730.67
14.9102;;1443.62;397.331;1840.95;;2730.67
14.9202;;1443.62;405.9;1849.52;;2730.67
14.9302;;1443.62;407.59;1851.21;;2730.67
14.9402;;1443.62;395.95;1839.57;;2730.67
14.9502;;1443.62;396.407;1840.03;;2730.67
14.9602;;1443.62;402.627;1846.25;;2730.67
14.9702;;1443.62;402.153;1845.77;;2730.67
14.9802;;1443.62;397.135;1840.76;;2730.67
14.9902;;1443.62;395.651;1839.27;;2730.67
