0;;1069.02;-1.25989;1067.76;;3754.67
0.01;;1069.02;-2.61597;1066.41;;3754.67
0.02;;1069.02;-4.05603;1064.97;;3754.67
0.03;;1069.02;-5.31848;1063.7;;3754.67
0.04;;1069.02;-6.71106;1062.31;;3754.67
0.05;;1069.02;-7.93604;1061.09;;3754.67
0.06;;1069.02;-9.2511;1059.77;;3754.67
0.07;;1069.02;-10.2732;1058.75;;3754.67
0.08;;1069.02;-11.4623;1057.56;;3754.67
0.09;;1069.02;-12.5912;1056.43;;3754.67
0.1;;1069.02;-13.7311;1055.29;;3754.67
0.11;;1069.02;-14.7297;1054.29;;3754.67
0.12;;1069.02;-15.8036;1053.22;;3754.67
0.13;;1069.02;-16.8544;1052.17;;3754.67
0.14;;1069.02;-17.6385;1051.38;;3754.67
0.15;;1069.02;-18.6158;1050.41;;3754.67
0.16;;1069.02;-19.5594;1049.46;;3754.67
0.17;;1069.02;-20.4811;1048.54;;3754.67
0.18;;1069.02;-21.2457;1047.78;;3754.67
0.19;;1069.02;-12.2175;1056.81;;3754.67
0.2;;1069.02;6.57617;1075.6;;3754.67
0.21;;1069.02;24.4775;1093.5;;3754.67
0.22;;1069.02;41.0837;1110.11;;3754.67
0.23;;1069.02;71.6854;1140.71;;3754.67
0.24;;1069.02;103.511;1172.53;;3754.67
0.25;;1069.02;130.897;1199.92;;3754.67
0.26;;1069.02;141.069;1210.09;;3754.67
0.27;;1069.02;157.508;1226.53;;3754.67
0.28;;1069.02;168.937;1237.96;;3754.67
0.29;;1069.02;183.784;1252.81;;3754.67
0.3;;1069.02;199.021;1268.04;;3754.67
0.31;;1069.02;214.497;1283.52;;3754.67
0.32;;1069.02;229.574;1298.6;;3754.67
0.33;;1069.02;243.558;1312.58;;3754.67
0.34;;1069.02;257.816;1326.84;;3754.67
0.35;;1069.02;273.471;1342.49;;3754.67
0.36;;1069.02;290.762;1359.78;;3754.67
0.37;;1069.02;303.909;1372.93;;3754.67
0.38;;1069.02;329.097;1398.12;;3754.67
0.39;;1069.02;344.54;1413.56;;3754.67
0.4;;1069.02;354.993;1424.02;;3754.67
0.41;;1069.02;344.907;1413.93;;3754.67
0.42;;1069.02;348.982;1418;;3754.67
0.43;;1069.02;357.82;1426.84;;3754.67
0.44;;1069.02;373.467;1442.49;;3754.67
0.45;;1069.02;397.559;1466.58;;3754.67
0.46;;1069.02;399.12;1468.14;;3754.67
0.47;;1069.02;390.627;1459.65;;3754.67
0.48;;1069.02;394.09;1463.11;;3754.67
0.49;;1069.02;409.4;1478.42;;3754.67
0.5;;1069.02;435.923;1504.95;;3754.67
0.51;;1069.02;432.243;1501.27;;3754.67
0.52;;1069.02;416.07;1485.09;;3754.67
0.53;;1069.02;428.24;1497.26;;3754.67
0.54;;1069.02;455.152;1524.17;;3754.67
0.55;;1069.02;455.755;1524.78;;3754.67
0.56;;1069.02;445.372;1514.39;;3754.67
0.57;;1069.02;445.255;1514.28;;3754.67
0.58;;1069.02;465.954;1534.98;;3754.67
0.59;;1069.02;480.305;1549.33;;3754.67
0.6;;1069.02;468.041;1537.06;;3754.67
0.61;;1069.02;461.524;1530.55;;3754.67
0.62;;1069.02;473.269;1542.29;;3754.67
0.63;;1069.02;498.486;1567.51;;3754.67
0.64;;1069.02;485.136;1554.16;;3754.67
0.65;;1069.02;474.448;1543.47;;3754.67
0.66;;1069.02;491.919;1560.94;;3754.67
0.67;;1069.02;510.291;1579.31;;3754.67
0.68;;1069.02;499.839;1568.86;;3754.67
0.69;;1069.02;490.382;1559.4;;3754.67
0.7;;1069.02;499.163;1568.19;;3754.67
0.71;;1069.02;520.002;1589.02;;3754.67
0.72;;1069.02;511.791;1580.81;;3754.67
0.73;;1069.02;502.344;1571.37;;3754.67
0.74;;1069.02;509.011;1578.03;;3754.67
0.75;;1069.02;534.313;1603.34;;3754.67
0.76;;1069.02;523.514;1592.54;;3754.67
0.77;;1069.02;508.408;1577.43;;3754.67
0.78;;1069.02;523.662;1592.69;;3754.67
0.79;;1069.02;541.226;1610.25;;3754.67
0.8;;1069.02;530.296;1599.32;;3754.67
0.81;;1069.02;520.438;1589.46;;3754.67
0.82;;1069.02;526.34;1595.36;;3754.67
0.83;;1069.02;547.176;1616.2;;3754.67
0.839999;;1069.02;538.306;1607.33;;3754.67
0.849999;;1069.02;526.967;1595.99;;3754.67
0.859999;;1069.02;533.03;1602.05;;3754.67
0.869999;;1069.02;556.273;1625.3;;3754.67
0.879999;;1069.02;543.633;1612.66;;3754.67
0.889999;;1069.02;530.031;1599.05;;3754.67
0.899999;;1069.02;546.974;1616;;3754.67
0.909999;;1069.02;562.089;1631.11;;3754.67
0.919999;;1069.02;550.148;1619.17;;3754.67
0.929999;;1069.02;539.589;1608.61;;3754.67
0.939999;;1069.02;543.547;1612.57;;3754.67
0.949999;;1069.02;565.103;1634.13;;3754.67
0.959999;;1069.02;555.789;1624.81;;3754.67
0.969999;;1069.02;543.529;1612.55;;3754.67
0.979999;;1069.02;547.751;1616.77;;3754.67
0.989999;;1069.02;570.838;1639.86;;3754.67
0.999999;;1069.02;562.491;1631.51;;3754.67
1.01;;1069.02;544.527;1613.55;;3754.67
1.02;;1069.02;555.672;1624.69;;3754.67
1.03;;1069.02;574.201;1643.22;;3754.67
1.04;;1069.02;563.325;1632.35;;3754.67
1.05;;1069.02;554.857;1623.88;;3754.67
1.06;;1069.02;552.984;1622.01;;3754.67
1.07;;1069.02;574.529;1643.55;;3754.67
1.08;;1069.02;568.501;1637.52;;3754.67
1.09;;1069.02;556.618;1625.64;;3754.67
1.1;;1069.02;556.738;1625.76;;3754.67
1.11;;1069.02;580.135;1649.16;;3754.67
1.12;;1069.02;575.9;1644.92;;3754.67
1.13;;1069.02;557.5;1626.52;;3754.67
1.14;;1069.02;558.131;1627.15;;3754.67
1.15;;1069.02;580.246;1649.27;;3754.67
1.16;;1069.02;571.343;1640.37;;3754.67
1.17;;1069.02;564.554;1633.58;;3754.67
1.18;;1069.02;560.501;1629.52;;3754.67
1.19;;1069.02;580.203;1649.23;;3754.67
1.2;;1069.02;579.149;1648.17;;3754.67
1.21;;1069.02;566.653;1635.68;;3754.67
1.22;;1069.02;562.228;1631.25;;3754.67
1.23;;1069.02;583.737;1652.76;;3754.67
1.24;;1069.02;586.726;1655.75;;3754.67
1.25;;1069.02;566.705;1635.73;;3754.67
1.26;;1069.02;560.464;1629.49;;3754.67
1.27;;1069.02;584.088;1653.11;;3754.67
1.28;;1069.02;577.938;1646.96;;3754.67
1.29;;1069.02;571.521;1640.54;;3754.67
1.3;;1069.02;565.419;1634.44;;3754.67
1.31;;1069.02;581.837;1650.86;;3754.67
1.32;;1069.02;588.462;1657.48;;3754.67
1.33;;1069.02;573.817;1642.84;;3754.67
1.34;;1069.02;564.948;1633.97;;3754.67
1.35;;1069.02;583.733;1652.76;;3754.67
1.36;;1069.02;592.552;1661.57;;3754.67
1.37;;1069.02;574.031;1643.05;;3754.67
1.38;;1069.02;564.165;1633.19;;3754.67
1.39;;1069.02;587.221;1656.24;;3754.67
1.4;;1069.02;585.331;1654.35;;3754.67
1.41;;1069.02;577.161;1646.18;;3754.67
1.42;;1069.02;567.998;1637.02;;3754.67
1.43;;1069.02;581.157;1650.18;;3754.67
1.44;;1069.02;594.315;1663.34;;3754.67
1.45;;1069.02;580.505;1649.53;;3754.67
1.46;;1069.02;566.544;1635.57;;3754.67
1.47;;1069.02;579.702;1648.72;;3754.67
1.48;;1069.02;595.286;1664.31;;3754.67
1.49;;1069.02;578.928;1647.95;;3754.67
1.5;;1069.02;567.127;1636.15;;3754.67
1.51;;1069.02;586.939;1655.96;;3754.67
1.52;;1069.02;593.394;1662.42;;3754.67
1.53;;1069.02;581.148;1650.17;;3754.67
1.54;;1069.02;570.012;1639.03;;3754.67
1.55;;1069.02;576.78;1645.8;;3754.67
1.56;;1069.02;593.953;1662.98;;3754.67
1.57;;1069.02;585.762;1654.78;;3754.67
1.58;;1069.02;571.603;1640.63;;3754.67
1.59;;1069.02;573.923;1642.95;;3754.67
1.6;;1069.02;596.323;1665.35;;3754.67
1.61;;1069.02;587.823;1656.85;;3754.67
1.62;;1069.02;571.852;1640.88;;3754.67
1.63;;1069.02;572.001;1641.02;;3754.67
1.64;;1069.02;595.516;1664.54;;3754.67
1.65;;1069.02;585.572;1654.59;;3754.67
1.66;;1069.02;576.703;1645.73;;3754.67
1.67;;1069.02;572.532;1641.55;;3754.67
1.68;;1069.02;591.049;1660.07;;3754.67
1.69;;1069.02;593.468;1662.49;;3754.67
1.7;;1069.02;580.11;1649.13;;3754.67
1.71;;1069.02;571.12;1640.14;;3754.67
1.72;;1069.02;588.179;1657.2;;3754.67
1.73;;1069.02;599.203;1668.23;;3754.67
1.74;;1069.02;581.232;1650.25;;3754.67
1.75;;1069.02;570.414;1639.44;;3754.67
1.76;;1069.02;590.219;1659.24;;3754.67
1.77;;1069.02;595.083;1664.11;;3754.67
1.78;;1069.02;583.664;1652.69;;3754.67
1.79;;1069.02;572.833;1641.86;;3754.67
1.8;;1069.02;580.905;1649.93;;3754.67
1.81;;1069.02;596.696;1665.72;;3754.67
1.82;;1069.02;588.764;1657.79;;3754.67
1.83;;1069.02;573.858;1642.88;;3754.67
1.84;;1069.02;576.179;1645.2;;3754.67
1.85;;1069.02;598.772;1667.79;;3754.67
1.86;;1069.02;590.075;1659.1;;3754.67
1.87;;1069.02;574.397;1643.42;;3754.67
1.88;;1069.02;574.436;1643.46;;3754.67
1.89;;1069.02;597.144;1666.17;;3754.67
1.9;;1069.02;587.776;1656.8;;3754.67
1.91;;1069.02;578.469;1647.49;;3754.67
1.92;;1069.02;574.352;1643.37;;3754.67
1.93;;1069.02;592.783;1661.81;;3754.67
1.94;;1069.02;593.045;1662.07;;3754.67
1.95;;1069.02;581.604;1650.63;;3754.67
1.96;;1069.02;573.073;1642.1;;3754.67
1.97;;1069.02;592.693;1661.72;;3754.67
1.98;;1069.02;601.042;1670.06;;3754.67
1.99;;1069.02;581.871;1650.89;;3754.67
2;;1069.02;571.786;1640.81;;3754.67
2.01;;1069.02;592.433;1661.46;;3754.67
2.02;;1069.02;595.296;1664.32;;3754.67
2.03;;1069.02;584.555;1653.58;;3754.67
2.04;;1069.02;574.104;1643.13;;3754.67
2.05;;1069.02;586.71;1655.73;;3754.67
2.06;;1069.02;599.4;1668.42;;3754.67
2.07;;1069.02;589.189;1658.21;;3754.67
2.08;;1069.02;574.32;1643.34;;3754.67
2.09;;1069.02;577.351;1646.37;;3754.67
2.1;;1069.02;599.669;1668.69;;3754.67
2.11;;1069.02;590.991;1660.01;;3754.67
2.12;;1069.02;575.449;1644.47;;3754.67
2.13;;1069.02;574.748;1643.77;;3754.67
2.14;;1069.02;597.487;1666.51;;3754.67
2.15;;1069.02;588.622;1657.65;;3754.67
2.16;;1069.02;579.598;1648.62;;3754.67
2.17;;1069.02;574.822;1643.84;;3754.67
2.18;;1069.02;592.663;1661.69;;3754.67
2.19;;1069.02;596.273;1665.3;;3754.67
2.2;;1069.02;584.26;1653.28;;3754.67
2.21;;1069.02;572.527;1641.55;;3754.67
2.22;;1069.02;588.626;1657.65;;3754.67
2.23;;1069.02;601.309;1670.33;;3754.67
2.24;;1069.02;584.094;1653.12;;3754.67
2.25;;1069.02;572.402;1641.42;;3754.67
2.26;;1069.02;586.914;1655.94;;3754.67
2.27;;1069.02;601.348;1670.37;;3754.67
2.28;;1069.02;588.214;1657.24;;3754.67
2.29;;1069.02;576.447;1645.47;;3754.67
2.3;;1069.02;577.319;1646.34;;3754.67
2.31;;1069.02;594.905;1663.93;;3754.67
2.32;;1069.02;591.117;1660.14;;3754.67
2.33;;1069.02;579.074;1648.1;;3754.67
2.34;;1069.02;575.218;1644.24;;3754.67
2.35;;1069.02;597.535;1666.56;;3754.67
2.36;;1069.02;599.342;1668.36;;3754.67
2.37;;1069.02;580.636;1649.66;;3754.67
2.38;;1069.02;572.012;1641.03;;3754.67
2.39;;1069.02;594.409;1663.43;;3754.67
2.4;;1069.02;592.259;1661.28;;3754.67
2.41;;1069.02;583.691;1652.71;;3754.67
2.42;;1069.02;574.855;1643.88;;3754.67
2.43;;1069.02;586.401;1655.42;;3754.67
2.44;;1069.02;599.933;1668.96;;3754.67
2.45;;1069.02;589.479;1658.5;;3754.67
2.46;;1069.02;574.432;1643.45;;3754.67
2.47;;1069.02;578.649;1647.67;;3754.67
2.48;;1069.02;599.837;1668.86;;3754.67
2.49;;1069.02;589.258;1658.28;;3754.67
2.5;;1069.02;573.934;1642.96;;3754.67
2.51;;1069.02;576.957;1645.98;;3754.67
2.52;;1069.02;599.236;1668.26;;3754.67
2.53;;1069.02;588.913;1657.94;;3754.67
2.54;;1069.02;578.929;1647.95;;3754.67
2.55;;1069.02;575.441;1644.46;;3754.67
2.56;;1069.02;593.836;1662.86;;3754.67
2.57;;1069.02;595.719;1664.74;;3754.67
2.58;;1069.02;582.898;1651.92;;3754.67
2.59;;1069.02;572.97;1641.99;;3754.67
2.6;;1069.02;590.67;1659.69;;3754.67
2.61;;1069.02;601.542;1670.56;;3754.67
2.62;;1069.02;583.82;1652.84;;3754.67
2.63;;1069.02;572.618;1641.64;;3754.67
2.64;;1069.02;590.945;1659.97;;3754.67
2.65;;1069.02;599.508;1668.53;;3754.67
2.66;;1069.02;586.763;1655.79;;3754.67
2.67;;1069.02;575.417;1644.44;;3754.67
2.68;;1069.02;578.648;1647.67;;3754.67
2.69;;1069.02;596.427;1665.45;;3754.67
2.7;;1069.02;590.922;1659.94;;3754.67
2.71;;1069.02;577.906;1646.93;;3754.67
2.72;;1069.02;576.247;1645.27;;3754.67
2.73;;1069.02;599.445;1668.47;;3754.67
2.74;;1069.02;596.471;1665.49;;3754.67
2.75;;1069.02;579.164;1648.19;;3754.67
2.76;;1069.02;572.019;1641.04;;3754.67
2.77;;1069.02;594.683;1663.71;;3754.67
2.78;;1069.02;591.167;1660.19;;3754.67
2.79;;1069.02;582.942;1651.96;;3754.67
2.8;;1069.02;574.903;1643.93;;3754.67
2.81;;1069.02;587.349;1656.37;;3754.67
2.82;;1069.02;599.903;1668.93;;3754.67
2.83;;1069.02;588.844;1657.87;;3754.67
2.84;;1069.02;574.752;1643.78;;3754.67
2.85;;1069.02;578.576;1647.6;;3754.67
2.86;;1069.02;599.74;1668.76;;3754.67
2.87;;1069.02;591.038;1660.06;;3754.67
2.88;;1069.02;575.26;1644.28;;3754.67
2.89;;1069.02;575.408;1644.43;;3754.67
2.9;;1069.02;597.234;1666.26;;3754.67
2.91;;1069.02;588.332;1657.36;;3754.67
2.92;;1069.02;580.278;1649.3;;3754.67
2.93;;1069.02;575.21;1644.23;;3754.67
2.94;;1069.02;591.959;1660.98;;3754.67
2.95;;1069.02;598.798;1667.82;;3754.67
2.96;;1069.02;584.428;1653.45;;3754.67
2.97;;1069.02;572.263;1641.29;;3754.67
2.98;;1069.02;586.357;1655.38;;3754.67
2.99;;1069.02;600.67;1669.69;;3754.67
3;;1069.02;584.602;1653.62;;3754.67
3.01;;1069.02;572.069;1641.09;;3754.67
3.02;;1069.02;589.066;1658.09;;3754.67
3.03;;1069.02;600.536;1669.56;;3754.67
3.04;;1069.02;587.383;1656.41;;3754.67
3.05;;1069.02;575.574;1644.6;;3754.67
3.06;;1069.02;577.338;1646.36;;3754.67
3.07;;1069.02;595.563;1664.59;;3754.67
3.08;;1069.02;590.827;1659.85;;3754.67
3.09;;1069.02;578.501;1647.52;;3754.67
3.1;;1069.02;575.571;1644.59;;3754.67
3.11;;1069.02;598.278;1667.3;;3754.67
3.12;;1069.02;596.858;1665.88;;3754.67
3.13;;1069.02;579.356;1648.38;;3754.67
3.14;;1069.02;571.664;1640.69;;3754.67
3.15;;1069.02;594.51;1663.53;;3754.67
3.16;;1069.02;589.639;1658.66;;3754.67
3.17;;1069.02;582.708;1651.73;;3754.67
3.18;;1069.02;574.621;1643.64;;3754.67
3.19;;1069.02;588.01;1657.03;;3754.67
3.2;;1069.02;600.156;1669.18;;3754.67
3.21;;1069.02;587.509;1656.53;;3754.67
3.22;;1069.02;573.299;1642.32;;3754.67
3.23;;1069.02;579.755;1648.78;;3754.67
3.24;;1069.02;599.312;1668.33;;3754.67
3.25;;1069.02;588.257;1657.28;;3754.67
3.26;;1069.02;573.681;1642.7;;3754.67
3.27;;1069.02;580.329;1649.35;;3754.67
3.28;;1069.02;599.742;1668.77;;3754.67
3.29;;1069.02;588.315;1657.34;;3754.67
3.3;;1069.02;578.38;1647.4;;3754.67
3.31;;1069.02;574.947;1643.97;;3754.67
3.32;;1069.02;593.743;1662.77;;3754.67
3.33;;1069.02;593.922;1662.94;;3754.67
3.34;;1069.02;581.027;1650.05;;3754.67
3.35;;1069.02;573.981;1643;;3754.67
3.36;;1069.02;593.85;1662.87;;3754.67
3.37;;1069.02;600.098;1669.12;;3754.67
3.38;;1069.02;581.738;1650.76;;3754.67
3.39;;1069.02;571.698;1640.72;;3754.67
3.4;;1069.02;593.606;1662.63;;3754.67
3.41;;1069.02;594.369;1663.39;;3754.67
3.42;;1069.02;584.728;1653.75;;3754.67
3.43;;1069.02;574.206;1643.23;;3754.67
3.44;;1069.02;582.566;1651.59;;3754.67
3.45;;1069.02;597.965;1666.99;;3754.67
3.46;;1069.02;589.415;1658.44;;3754.67
3.47;;1069.02;575.649;1644.67;;3754.67
3.48;;1069.02;576.638;1645.66;;3754.67
3.49;;1069.02;599.136;1668.16;;3754.67
3.5;;1069.02;591.994;1661.02;;3754.67
3.51;;1069.02;575.755;1644.78;;3754.67
3.52;;1069.02;574.882;1643.9;;3754.67
3.53;;1069.02;596.866;1665.89;;3754.67
3.54;;1069.02;587.871;1656.89;;3754.67
3.55;;1069.02;579.597;1648.62;;3754.67
3.56;;1069.02;574.817;1643.84;;3754.67
3.57;;1069.02;592.232;1661.26;;3754.67
3.58;;1069.02;597.508;1666.53;;3754.67
3.59;;1069.02;583.473;1652.5;;3754.67
3.6;;1069.02;572.164;1641.19;;3754.67
3.61;;1069.02;587.535;1656.56;;3754.67
3.62;;1069.02;600.294;1669.32;;3754.67
3.63;;1069.02;583.932;1652.95;;3754.67
3.64;;1069.02;571.73;1640.75;;3754.67
3.65;;1069.02;589.519;1658.54;;3754.67
3.66;;1069.02;599.855;1668.88;;3754.67
3.67;;1069.02;586.857;1655.88;;3754.67
3.68;;1069.02;575.319;1644.34;;3754.67
3.69;;1069.02;577.623;1646.65;;3754.67
3.7;;1069.02;595.878;1664.9;;3754.67
3.71;;1069.02;589.915;1658.94;;3754.67
3.72;;1069.02;576.762;1645.78;;3754.67
3.73;;1069.02;575.962;1644.98;;3754.67
3.74;;1069.02;598.83;1667.85;;3754.67
3.75;;1069.02;593.599;1662.62;;3754.67
3.76;;1069.02;577.528;1646.55;;3754.67
3.77;;1069.02;572.192;1641.21;;3754.67
3.78;;1069.02;595.171;1664.19;;3754.67
3.79;;1069.02;587.959;1656.98;;3754.67
3.8;;1069.02;580.732;1649.75;;3754.67
3.81;;1069.02;574.705;1643.73;;3754.67
3.82;;1069.02;590.351;1659.37;;3754.67
3.83;;1069.02;598.787;1667.81;;3754.67
3.84;;1069.02;584.001;1653.02;;3754.67
3.85;;1069.02;571.96;1640.98;;3754.67
3.86;;1069.02;586.595;1655.62;;3754.67
3.87;;1069.02;599.889;1668.91;;3754.67
3.88;;1069.02;584.051;1653.07;;3754.67
3.89;;1069.02;571.609;1640.63;;3754.67
3.9;;1069.02;587.661;1656.68;;3754.67
3.91;;1069.02;600.411;1669.43;;3754.67
3.92;;1069.02;586.989;1656.01;;3754.67
3.93;;1069.02;575.578;1644.6;;3754.67
3.94;;1069.02;576.532;1645.56;;3754.67
3.95;;1069.02;594.888;1663.91;;3754.67
3.96;;1069.02;590.126;1659.15;;3754.67
3.97;;1069.02;577.642;1646.67;;3754.67
3.98;;1069.02;575.104;1644.13;;3754.67
3.99;;1069.02;597.972;1666.99;;3754.67
4;;1069.02;595.538;1664.56;;3754.67
4.01;;1069.02;578.115;1647.14;;3754.67
4.02;;1069.02;571.391;1640.41;;3754.67
4.03;;1069.02;594.547;1663.57;;3754.67
4.04;;1069.02;588.153;1657.18;;3754.67
4.05;;1069.02;580.487;1649.51;;3754.67
4.06;;1069.02;574.618;1643.64;;3754.67
4.07;;1069.02;590.868;1659.89;;3754.67
4.08;;1069.02;598.538;1667.56;;3754.67
4.09;;1069.02;583.571;1652.59;;3754.67
4.1;;1069.02;571.779;1640.8;;3754.67
4.11;;1069.02;587.446;1656.47;;3754.67
4.12;;1069.02;600.248;1669.27;;3754.67
4.13;;1069.02;582.773;1651.8;;3754.67
4.14;;1069.02;571.78;1640.8;;3754.67
4.15;;1069.02;590.471;1659.49;;3754.67
4.16;;1069.02;597.443;1666.47;;3754.67
4.17;;1069.02;585.182;1654.2;;3754.67
4.18;;1069.02;573.98;1643;;3754.67
4.19;;1069.02;580.199;1649.22;;3754.67
4.2;;1069.02;596.694;1665.72;;3754.67
4.21;;1069.02;589.222;1658.24;;3754.67
4.22;;1069.02;574.735;1643.76;;3754.67
4.23;;1069.02;576.026;1645.05;;3754.67
4.24;;1069.02;598.667;1667.69;;3754.67
4.25;;1069.02;590.177;1659.2;;3754.67
4.26;;1069.02;574.412;1643.43;;3754.67
4.27;;1069.02;574.031;1643.05;;3754.67
4.28;;1069.02;596.995;1666.02;;3754.67
4.29;;1069.02;587.711;1656.73;;3754.67
4.3;;1069.02;578.303;1647.33;;3754.67
4.31;;1069.02;574.085;1643.11;;3754.67
4.32;;1069.02;592.265;1661.29;;3754.67
4.33;;1069.02;593.79;1662.81;;3754.67
4.34;;1069.02;581.478;1650.5;;3754.67
4.35;;1069.02;572.71;1641.73;;3754.67
4.36;;1069.02;592.139;1661.16;;3754.67
4.37001;;1069.02;600.074;1669.1;;3754.67
4.38001;;1069.02;581.366;1650.39;;3754.67
4.39001;;1069.02;571.759;1640.78;;3754.67
4.40001;;1069.02;592.232;1661.25;;3754.67
4.41001;;1069.02;593.979;1663;;3754.67
4.42001;;1069.02;583.201;1652.22;;3754.67
4.43001;;1069.02;573.583;1642.61;;3754.67
4.44001;;1069.02;584.211;1653.23;;3754.67
4.45001;;1069.02;597.595;1666.62;;3754.67
4.46001;;1069.02;588.639;1657.66;;3754.67
4.47001;;1069.02;573.805;1642.83;;3754.67
4.48001;;1069.02;576.79;1645.81;;3754.67
4.49001;;1069.02;598.864;1667.89;;3754.67
4.50001;;1069.02;589.031;1658.05;;3754.67
4.51001;;1069.02;574.1;1643.12;;3754.67
4.52001;;1069.02;574.977;1644;;3754.67
4.53001;;1069.02;596.65;1665.67;;3754.67
4.54001;;1069.02;587.696;1656.72;;3754.67
4.55001;;1069.02;577.75;1646.77;;3754.67
4.56001;;1069.02;574.198;1643.22;;3754.67
4.57001;;1069.02;592.389;1661.41;;3754.67
4.58001;;1069.02;592.199;1661.22;;3754.67
4.59001;;1069.02;581.317;1650.34;;3754.67
4.60001;;1069.02;572.596;1641.62;;3754.67
4.61001;;1069.02;592.113;1661.14;;3754.67
4.62001;;1069.02;600.199;1669.22;;3754.67
4.63001;;1069.02;581.167;1650.19;;3754.67
4.64001;;1069.02;571.823;1640.85;;3754.67
4.65001;;1069.02;590.672;1659.69;;3754.67
4.66001;;1069.02;596.222;1665.24;;3754.67
4.67001;;1069.02;584.662;1653.68;;3754.67
4.68001;;1069.02;573.278;1642.3;;3754.67
4.69001;;1069.02;581.393;1650.42;;3754.67
4.70001;;1069.02;595.673;1664.7;;3754.67
4.71001;;1069.02;589.172;1658.19;;3754.67
4.72001;;1069.02;575.25;1644.27;;3754.67
4.73001;;1069.02;575.48;1644.5;;3754.67
4.74001;;1069.02;598.826;1667.85;;3754.67
4.75001;;1069.02;592.03;1661.05;;3754.67
4.76001;;1069.02;576.275;1645.3;;3754.67
4.77001;;1069.02;572.77;1641.79;;3754.67
4.78001;;1069.02;595.487;1664.51;;3754.67
4.79001;;1069.02;587.871;1656.89;;3754.67
4.80001;;1069.02;579.308;1648.33;;3754.67
4.81002;;1069.02;574.207;1643.23;;3754.67
4.82002;;1069.02;592.083;1661.11;;3754.67
4.83002;;1069.02;595.553;1664.58;;3754.67
4.84002;;1069.02;584.215;1653.24;;3754.67
4.85002;;1069.02;571.339;1640.36;;3754.67
4.86002;;1069.02;585.479;1654.5;;3754.67
4.87002;;1069.02;599.819;1668.84;;3754.67
4.88002;;1069.02;583.053;1652.08;;3754.67
4.89002;;1069.02;571.82;1640.84;;3754.67
4.90002;;1069.02;588.058;1657.08;;3754.67
4.91002;;1069.02;599.072;1668.09;;3754.67
4.92002;;1069.02;585.197;1654.22;;3754.67
4.93002;;1069.02;573.524;1642.55;;3754.67
4.94002;;1069.02;580.933;1649.96;;3754.67
4.95002;;1069.02;595.452;1664.47;;3754.67
4.96002;;1069.02;589.009;1658.03;;3754.67
4.97002;;1069.02;575.917;1644.94;;3754.67
4.98002;;1069.02;575.819;1644.84;;3754.67
4.99002;;1069.02;599.046;1668.07;;3754.67
5.00002;;1069.02;591.554;1660.58;;3754.67
5.01002;;1069.02;575.711;1644.73;;3754.67
5.02002;;1069.02;573.1;1642.12;;3754.67
5.03002;;1069.02;595.185;1664.21;;3754.67
5.04002;;1069.02;587.93;1656.95;;3754.67
5.05002;;1069.02;579.259;1648.28;;3754.67
5.06002;;1069.02;574.204;1643.23;;3754.67
5.07002;;1069.02;591.958;1660.98;;3754.67
5.08002;;1069.02;596.164;1665.19;;3754.67
5.09002;;1069.02;584.301;1653.32;;3754.67
5.10002;;1069.02;571.434;1640.46;;3754.67
5.11002;;1069.02;586.265;1655.29;;3754.67
5.12002;;1069.02;600.021;1669.04;;3754.67
5.13002;;1069.02;582.531;1651.55;;3754.67
5.14002;;1069.02;571.843;1640.87;;3754.67
5.15002;;1069.02;588.409;1657.43;;3754.67
5.16002;;1069.02;599.343;1668.37;;3754.67
5.17002;;1069.02;585.138;1654.16;;3754.67
5.18002;;1069.02;573.767;1642.79;;3754.67
5.19002;;1069.02;580.211;1649.23;;3754.67
5.20002;;1069.02;595.417;1664.44;;3754.67
5.21002;;1069.02;588.9;1657.92;;3754.67
5.22002;;1069.02;576.504;1645.53;;3754.67
5.23002;;1069.02;575.11;1644.13;;3754.67
5.24003;;1069.02;598.94;1667.96;;3754.67
5.25003;;1069.02;594.418;1663.44;;3754.67
5.26003;;1069.02;576.858;1645.88;;3754.67
5.27003;;1069.02;572.263;1641.29;;3754.67
5.28003;;1069.02;593.992;1663.01;;3754.67
5.29003;;1069.02;588.906;1657.93;;3754.67
5.30003;;1069.02;580.192;1649.21;;3754.67
5.31003;;1069.02;574.082;1643.1;;3754.67
5.32003;;1069.02;590.632;1659.65;;3754.67
5.33003;;1069.02;597.705;1666.73;;3754.67
5.34003;;1069.02;586.228;1655.25;;3754.67
5.35003;;1069.02;571.771;1640.79;;3754.67
5.36003;;1069.02;581.786;1650.81;;3754.67
5.37003;;1069.02;599.331;1668.35;;3754.67
5.38003;;1069.02;585.171;1654.19;;3754.67
5.39003;;1069.02;572.039;1641.06;;3754.67
5.40003;;1069.02;581.264;1650.29;;3754.67
5.41003;;1069.02;599.216;1668.24;;3754.67
5.42003;;1069.02;587.74;1656.76;;3754.67
5.43003;;1069.02;576.612;1645.64;;3754.67
5.44003;;1069.02;574.827;1643.85;;3754.67
5.45003;;1069.02;592.783;1661.81;;3754.67
5.46003;;1069.02;590.657;1659.68;;3754.67
5.47003;;1069.02;580.463;1649.49;;3754.67
5.48003;;1069.02;573.087;1642.11;;3754.67
5.49003;;1069.02;596.705;1665.73;;3754.67
5.50003;;1069.02;598.111;1667.13;;3754.67
5.51003;;1069.02;579.683;1648.71;;3754.67
5.52003;;1069.02;572.028;1641.05;;3754.67
5.53003;;1069.02;593.311;1662.33;;3754.67
5.54003;;1069.02;593.135;1662.16;;3754.67
5.55003;;1069.02;582.838;1651.86;;3754.67
5.56003;;1069.02;573.632;1642.66;;3754.67
5.57003;;1069.02;586.649;1655.67;;3754.67
5.58003;;1069.02;598.086;1667.11;;3754.67
5.59003;;1069.02;588.507;1657.53;;3754.67
5.60003;;1069.02;573.913;1642.94;;3754.67
5.61003;;1069.02;577.063;1646.09;;3754.67
5.62003;;1069.02;598.99;1668.01;;3754.67
5.63003;;1069.02;589.493;1658.52;;3754.67
5.64003;;1069.02;574.864;1643.89;;3754.67
5.65003;;1069.02;574.384;1643.41;;3754.67
5.66003;;1069.02;596.026;1665.05;;3754.67
5.67003;;1069.02;587.67;1656.69;;3754.67
5.68004;;1069.02;578.854;1647.88;;3754.67
5.69004;;1069.02;574.059;1643.08;;3754.67
5.70004;;1069.02;592.116;1661.14;;3754.67
5.71004;;1069.02;595.492;1664.52;;3754.67
5.72004;;1069.02;584.188;1653.21;;3754.67
5.73004;;1069.02;571.548;1640.57;;3754.67
5.74004;;1069.02;586.401;1655.42;;3754.67
5.75004;;1069.02;600.064;1669.09;;3754.67
5.76004;;1069.02;582.833;1651.86;;3754.67
5.77004;;1069.02;571.882;1640.91;;3754.67
5.78004;;1069.02;587.741;1656.76;;3754.67
5.79004;;1069.02;599.942;1668.96;;3754.67
5.80004;;1069.02;585.708;1654.73;;3754.67
5.81004;;1069.02;573.891;1642.91;;3754.67
5.82004;;1069.02;578.501;1647.52;;3754.67
5.83004;;1069.02;594.568;1663.59;;3754.67
5.84004;;1069.02;589.056;1658.08;;3754.67
5.85004;;1069.02;576.729;1645.75;;3754.67
5.86004;;1069.02;575.279;1644.3;;3754.67
5.87004;;1069.02;598.579;1667.6;;3754.67
5.88004;;1069.02;594.276;1663.3;;3754.67
5.89004;;1069.02;577.076;1646.1;;3754.67
5.90004;;1069.02;572.413;1641.44;;3754.67
5.91004;;1069.02;594.134;1663.16;;3754.67
5.92004;;1069.02;588.198;1657.22;;3754.67
5.93004;;1069.02;580.124;1649.15;;3754.67
5.94004;;1069.02;574.063;1643.09;;3754.67
5.95004;;1069.02;590.772;1659.79;;3754.67
5.96004;;1069.02;597.558;1666.58;;3754.67
5.97004;;1069.02;585.986;1655.01;;3754.67
5.98004;;1069.02;571.492;1640.51;;3754.67
5.99004;;1069.02;581.622;1650.65;;3754.67
6.00004;;1069.02;599.464;1668.49;;3754.67
6.01004;;1069.02;585.329;1654.35;;3754.67
6.02004;;1069.02;571.849;1640.87;;3754.67
6.03004;;1069.02;581.451;1650.47;;3754.67
6.04004;;1069.02;599.706;1668.73;;3754.67
6.05004;;1069.02;587.804;1656.83;;3754.67
6.06004;;1069.02;576.442;1645.46;;3754.67
6.07004;;1069.02;575.081;1644.1;;3754.67
6.08004;;1069.02;593.017;1662.04;;3754.67
6.09004;;1069.02;590.594;1659.62;;3754.67
6.10004;;1069.02;579.773;1648.8;;3754.67
6.11004;;1069.02;574.025;1643.05;;3754.67
6.12005;;1069.02;595.226;1664.25;;3754.67
6.13005;;1069.02;599.743;1668.77;;3754.67
6.14005;;1069.02;581.13;1650.15;;3754.67
6.15005;;1069.02;571.965;1640.99;;3754.67
6.16005;;1069.02;592.151;1661.17;;3754.67
6.17005;;1069.02;595.56;1664.58;;3754.67
6.18005;;1069.02;584.31;1653.33;;3754.67
6.19005;;1069.02;573.707;1642.73;;3754.67
6.20005;;1069.02;581.931;1650.95;;3754.67
6.21005;;1069.02;596.476;1665.5;;3754.67
6.22005;;1069.02;589.542;1658.57;;3754.67
6.23005;;1069.02;576.426;1645.45;;3754.67
6.24005;;1069.02;575.333;1644.36;;3754.67
6.25005;;1069.02;598.804;1667.83;;3754.67
6.26005;;1069.02;594.569;1663.59;;3754.67
6.27005;;1069.02;578.137;1647.16;;3754.67
6.28005;;1069.02;571.952;1640.97;;3754.67
6.29005;;1069.02;594.198;1663.22;;3754.67
6.30005;;1069.02;589.695;1658.72;;3754.67
6.31005;;1069.02;581.361;1650.38;;3754.67
6.32005;;1069.02;573.994;1643.02;;3754.67
6.33005;;1069.02;586.699;1655.72;;3754.67
6.34005;;1069.02;599.391;1668.41;;3754.67
6.35005;;1069.02;588.301;1657.32;;3754.67
6.36005;;1069.02;573.473;1642.5;;3754.67
6.37005;;1069.02;577.958;1646.98;;3754.67
6.38005;;1069.02;599.276;1668.3;;3754.67
6.39005;;1069.02;590.213;1659.24;;3754.67
6.40005;;1069.02;575.051;1644.07;;3754.67
6.41005;;1069.02;573.049;1642.07;;3754.67
6.42005;;1069.02;596.02;1665.04;;3754.67
6.43005;;1069.02;588.529;1657.55;;3754.67
6.44005;;1069.02;580.716;1649.74;;3754.67
6.45005;;1069.02;574.592;1643.61;;3754.67
6.46005;;1069.02;589.412;1658.43;;3754.67
6.47005;;1069.02;600.385;1669.41;;3754.67
6.48005;;1069.02;587.25;1656.27;;3754.67
6.49005;;1069.02;573.3;1642.32;;3754.67
6.50005;;1069.02;578.236;1647.26;;3754.67
6.51005;;1069.02;599.119;1668.14;;3754.67
6.52005;;1069.02;591.218;1660.24;;3754.67
6.53005;;1069.02;575.861;1644.88;;3754.67
6.54005;;1069.02;573.942;1642.96;;3754.67
6.55006;;1069.02;596.203;1665.23;;3754.67
6.56006;;1069.02;588.267;1657.29;;3754.67
6.57006;;1069.02;580.827;1649.85;;3754.67
6.58006;;1069.02;574.786;1643.81;;3754.67
6.59006;;1069.02;589.943;1658.97;;3754.67
6.60006;;1069.02;599.987;1669.01;;3754.67
6.61006;;1069.02;586.228;1655.25;;3754.67
6.62006;;1069.02;572.401;1641.42;;3754.67
6.63006;;1069.02;582.935;1651.96;;3754.67
6.64006;;1069.02;599.509;1668.53;;3754.67
6.65006;;1069.02;586.56;1655.58;;3754.67
6.66006;;1069.02;572.013;1641.04;;3754.67
6.67006;;1069.02;581.124;1650.15;;3754.67
6.68006;;1069.02;599.303;1668.33;;3754.67
6.69006;;1069.02;588.236;1657.26;;3754.67
6.70006;;1069.02;579.384;1648.41;;3754.67
6.71006;;1069.02;575.013;1644.04;;3754.67
6.72006;;1069.02;593.96;1662.98;;3754.67
6.73006;;1069.02;593.9;1662.92;;3754.67
6.74006;;1069.02;580.799;1649.82;;3754.67
6.75006;;1069.02;573.507;1642.53;;3754.67
6.76006;;1069.02;591.489;1660.51;;3754.67
6.77006;;1069.02;600.585;1669.61;;3754.67
6.78006;;1069.02;583.441;1652.46;;3754.67
6.79006;;1069.02;571.403;1640.43;;3754.67
6.80006;;1069.02;590.542;1659.56;;3754.67
6.81006;;1069.02;599.571;1668.59;;3754.67
6.82006;;1069.02;587.491;1656.51;;3754.67
6.83006;;1069.02;576.183;1645.21;;3754.67
6.84006;;1069.02;575.957;1644.98;;3754.67
6.85006;;1069.02;595.252;1664.28;;3754.67
6.86006;;1069.02;591.708;1660.73;;3754.67
6.87006;;1069.02;579.245;1648.27;;3754.67
6.88006;;1069.02;574.776;1643.8;;3754.67
6.89006;;1069.02;594.934;1663.96;;3754.67
6.90006;;1069.02;599.949;1668.97;;3754.67
6.91006;;1069.02;581.009;1650.03;;3754.67
6.92006;;1069.02;571.369;1640.39;;3754.67
6.93006;;1069.02;593.491;1662.51;;3754.67
6.94006;;1069.02;596.529;1665.55;;3754.67
6.95006;;1069.02;586.706;1655.73;;3754.67
6.96006;;1069.02;575.507;1644.53;;3754.67
6.97006;;1069.02;576.621;1645.64;;3754.67
6.98006;;1069.02;596.611;1665.63;;3754.67
6.99007;;1069.02;590.398;1659.42;;3754.67
7.00007;;1069.02;578.574;1647.6;;3754.67
7.01007;;1069.02;574.86;1643.88;;3754.67
7.02007;;1069.02;595.514;1664.54;;3754.67
7.03007;;1069.02;600.435;1669.46;;3754.67
7.04007;;1069.02;580.823;1649.85;;3754.67
7.05007;;1069.02;571.45;1640.47;;3754.67
7.06007;;1069.02;592.901;1661.92;;3754.67
7.07007;;1069.02;597.229;1666.25;;3754.67
7.08007;;1069.02;586.856;1655.88;;3754.67
7.09007;;1069.02;575.504;1644.53;;3754.67
7.10007;;1069.02;576.668;1645.69;;3754.67
7.11007;;1069.02;596.899;1665.92;;3754.67
7.12007;;1069.02;589.965;1658.99;;3754.67
7.13007;;1069.02;577.877;1646.9;;3754.67
7.14007;;1069.02;575.325;1644.35;;3754.67
7.15007;;1069.02;595.975;1665;;3754.67
7.16007;;1069.02;600.716;1669.74;;3754.67
7.17007;;1069.02;579.543;1648.57;;3754.67
7.18007;;1069.02;571.205;1640.23;;3754.67
7.19007;;1069.02;593.508;1662.53;;3754.67
7.20007;;1069.02;593.438;1662.46;;3754.67
7.21007;;1069.02;585.698;1654.72;;3754.67
7.22007;;1069.02;574.055;1643.08;;3754.67
7.23007;;1069.02;580.384;1649.41;;3754.67
7.24007;;1069.02;598.832;1667.85;;3754.67
7.25007;;1069.02;588.953;1657.98;;3754.67
7.26007;;1069.02;576.027;1645.05;;3754.67
7.27007;;1069.02;575.934;1644.96;;3754.67
7.28007;;1069.02;598.847;1667.87;;3754.67
7.29007;;1069.02;597.915;1666.94;;3754.67
7.30007;;1069.02;576.787;1645.81;;3754.67
7.31007;;1069.02;572.288;1641.31;;3754.67
7.32007;;1069.02;593.782;1662.8;;3754.67
7.33007;;1069.02;588.998;1658.02;;3754.67
7.34007;;1069.02;582.994;1652.02;;3754.67
7.35007;;1069.02;573.512;1642.53;;3754.67
7.36007;;1069.02;588.868;1657.89;;3754.67
7.37007;;1069.02;599.626;1668.65;;3754.67
7.38007;;1069.02;586.394;1655.42;;3754.67
7.39007;;1069.02;572.981;1642;;3754.67
7.40007;;1069.02;578.755;1647.78;;3754.67
7.41007;;1069.02;599.283;1668.31;;3754.67
7.42007;;1069.02;590.284;1659.31;;3754.67
7.43008;;1069.02;573.799;1642.82;;3754.67
7.44008;;1069.02;575.014;1644.04;;3754.67
7.45008;;1069.02;594.864;1663.89;;3754.67
7.46008;;1069.02;587.447;1656.47;;3754.67
7.47008;;1069.02;582.052;1651.07;;3754.67
7.48008;;1069.02;573.965;1642.99;;3754.67
7.49008;;1069.02;590.682;1659.71;;3754.67
7.50008;;1069.02;598.224;1667.25;;3754.67
7.51008;;1069.02;585.911;1654.93;;3754.67
7.52008;;1069.02;573.087;1642.11;;3754.67
7.53008;;1069.02;578.331;1647.35;;3754.67
7.54008;;1069.02;599.67;1668.69;;3754.67
7.55008;;1069.02;591.75;1660.77;;3754.67
7.56008;;1069.02;573.801;1642.82;;3754.67
7.57008;;1069.02;574.588;1643.61;;3754.67
7.58008;;1069.02;594.442;1663.46;;3754.67
7.59008;;1069.02;587.875;1656.9;;3754.67
7.60008;;1069.02;582.634;1651.66;;3754.67
7.61008;;1069.02;573.984;1643.01;;3754.67
7.62008;;1069.02;590.32;1659.34;;3754.67
7.63008;;1069.02;599.251;1668.27;;3754.67
7.64008;;1069.02;587.177;1656.2;;3754.67
7.65008;;1069.02;574.176;1643.2;;3754.67
7.66008;;1069.02;576.956;1645.98;;3754.67
7.67008;;1069.02;600.486;1669.51;;3754.67
7.68008;;1069.02;592.229;1661.25;;3754.67
7.69008;;1069.02;574.851;1643.87;;3754.67
7.70008;;1069.02;574.143;1643.17;;3754.67
7.71008;;1069.02;594.496;1663.52;;3754.67
7.72008;;1069.02;588.541;1657.56;;3754.67
7.73008;;1069.02;581.9;1650.92;;3754.67
7.74008;;1069.02;573.908;1642.93;;3754.67
7.75008;;1069.02;591.486;1660.51;;3754.67
7.76008;;1069.02;596.732;1665.76;;3754.67
7.77008;;1069.02;585.759;1654.78;;3754.67
7.78008;;1069.02;572.854;1641.88;;3754.67
7.79008;;1069.02;578.404;1647.43;;3754.67
7.80008;;1069.02;600.076;1669.1;;3754.67
7.81008;;1069.02;588.274;1657.3;;3754.67
7.82008;;1069.02;572.526;1641.55;;3754.67
7.83008;;1069.02;578.367;1647.39;;3754.67
7.84008;;1069.02;595.6;1664.62;;3754.67
7.85008;;1069.02;587.806;1656.83;;3754.67
7.86009;;1069.02;579.679;1648.7;;3754.67
7.87009;;1069.02;574.066;1643.09;;3754.67
7.88009;;1069.02;593.447;1662.47;;3754.67
7.89009;;1069.02;593.648;1662.67;;3754.67
7.90009;;1069.02;584.043;1653.07;;3754.67
7.91009;;1069.02;571.99;1641.01;;3754.67
7.92009;;1069.02;581.398;1650.42;;3754.67
7.93009;;1069.02;600.233;1669.26;;3754.67
7.94009;;1069.02;584.485;1653.51;;3754.67
7.95009;;1069.02;571.63;1640.65;;3754.67
7.96009;;1069.02;584.732;1653.75;;3754.67
7.97009;;1069.02;598.975;1668;;3754.67
7.98009;;1069.02;588.507;1657.53;;3754.67
7.99009;;1069.02;576.369;1645.39;;3754.67
8.00009;;1069.02;574.847;1643.87;;3754.67
8.01009;;1069.02;594.054;1663.08;;3754.67
8.02009;;1069.02;589.529;1658.55;;3754.67
8.03009;;1069.02;580.752;1649.77;;3754.67
8.04009;;1069.02;573.301;1642.32;;3754.67
8.05009;;1069.02;592.153;1661.18;;3754.67
8.06009;;1069.02;601.897;1670.92;;3754.67
8.07009;;1069.02;580.867;1649.89;;3754.67
8.08009;;1069.02;571.953;1640.98;;3754.67
8.09009;;1069.02;591.291;1660.31;;3754.67
8.10009;;1069.02;597.521;1666.54;;3754.67
8.11009;;1069.02;586.074;1655.1;;3754.67
8.12009;;1069.02;573.663;1642.69;;3754.67
8.13009;;1069.02;582.348;1651.37;;3754.67
8.14009;;1069.02;597.31;1666.33;;3754.67
8.15009;;1069.02;588.605;1657.63;;3754.67
8.16009;;1069.02;577.486;1646.51;;3754.67
8.17009;;1069.02;574.82;1643.84;;3754.67
8.18009;;1069.02;599.281;1668.3;;3754.67
8.19009;;1069.02;598.076;1667.1;;3754.67
8.20009;;1069.02;577.353;1646.38;;3754.67
8.21009;;1069.02;572.233;1641.26;;3754.67
8.22009;;1069.02;592.78;1661.8;;3754.67
8.23009;;1069.02;592.42;1661.44;;3754.67
8.24009;;1069.02;582.463;1651.49;;3754.67
8.25009;;1069.02;573.898;1642.92;;3754.67
8.26009;;1069.02;588.823;1657.85;;3754.67
8.27009;;1069.02;598.803;1667.83;;3754.67
8.28009;;1069.02;588.341;1657.36;;3754.67
8.29009;;1069.02;575.343;1644.37;;3754.67
8.30009;;1069.02;576.245;1645.27;;3754.67
8.31009;;1069.02;600.199;1669.22;;3754.67
8.3201;;1069.02;592.712;1661.73;;3754.67
8.3301;;1069.02;575.808;1644.83;;3754.67
8.3401;;1069.02;573.541;1642.56;;3754.67
8.3501;;1069.02;594.068;1663.09;;3754.67
8.3601;;1069.02;588.939;1657.96;;3754.67
8.3701;;1069.02;580.669;1649.69;;3754.67
8.3801;;1069.02;574.573;1643.6;;3754.67
8.3901;;1069.02;591.893;1660.92;;3754.67
8.4001;;1069.02;597.171;1666.19;;3754.67
8.4101;;1069.02;586.368;1655.39;;3754.67
8.4201;;1069.02;572.77;1641.79;;3754.67
8.4301;;1069.02;579.916;1648.94;;3754.67
8.4401;;1069.02;599.582;1668.6;;3754.67
8.4501;;1069.02;586.549;1655.57;;3754.67
8.4601;;1069.02;572.334;1641.36;;3754.67
8.4701;;1069.02;581.035;1650.06;;3754.67
8.4801;;1069.02;597.376;1666.4;;3754.67
8.4901;;1069.02;588.594;1657.62;;3754.67
8.5001;;1069.02;577.78;1646.8;;3754.67
8.5101;;1069.02;574.856;1643.88;;3754.67
8.5201;;1069.02;593.581;1662.6;;3754.67
8.5301;;1069.02;592.588;1661.61;;3754.67
8.5401;;1069.02;583.941;1652.96;;3754.67
8.5501;;1069.02;571.839;1640.86;;3754.67
8.5601;;1069.02;586.169;1655.19;;3754.67
8.5701;;1069.02;600.943;1669.97;;3754.67
8.5801;;1069.02;583.699;1652.72;;3754.67
8.5901;;1069.02;572.135;1641.16;;3754.67
8.6001;;1069.02;584.409;1653.43;;3754.67
8.6101;;1069.02;600.567;1669.59;;3754.67
8.6201;;1069.02;588.623;1657.65;;3754.67
8.6301;;1069.02;576.058;1645.08;;3754.67
8.6401;;1069.02;575.941;1644.96;;3754.67
8.6501;;1069.02;593.794;1662.82;;3754.67
8.6601;;1069.02;590.365;1659.39;;3754.67
8.6701;;1069.02;581.82;1650.84;;3754.67
8.6801;;1069.02;572.504;1641.53;;3754.67
8.6901;;1069.02;591.136;1660.16;;3754.67
8.7001;;1069.02;601.466;1670.49;;3754.67
8.7101;;1069.02;583.297;1652.32;;3754.67
8.7201;;1069.02;572.26;1641.28;;3754.67
8.7301;;1069.02;586.47;1655.49;;3754.67
8.7401;;1069.02;601.578;1670.6;;3754.67
8.7501;;1069.02;587.545;1656.57;;3754.67
8.76011;;1069.02;575.664;1644.69;;3754.67
8.77011;;1069.02;576.881;1645.9;;3754.67
8.78011;;1069.02;594.613;1663.64;;3754.67
8.79011;;1069.02;590.593;1659.62;;3754.67
8.80011;;1069.02;580.309;1649.33;;3754.67
8.81011;;1069.02;573.67;1642.69;;3754.67
8.82011;;1069.02;594.102;1663.12;;3754.67
8.83011;;1069.02;601.147;1670.17;;3754.67
8.84011;;1069.02;581.837;1650.86;;3754.67
8.85011;;1069.02;572.765;1641.79;;3754.67
8.86011;;1069.02;590.843;1659.87;;3754.67
8.87011;;1069.02;600.316;1669.34;;3754.67
8.88011;;1069.02;586.134;1655.16;;3754.67
8.89011;;1069.02;574.781;1643.8;;3754.67
8.90011;;1069.02;579.041;1648.06;;3754.67
8.91011;;1069.02;595.322;1664.34;;3754.67
8.92011;;1069.02;590.102;1659.12;;3754.67
8.93011;;1069.02;578.87;1647.89;;3754.67
8.94011;;1069.02;575.563;1644.59;;3754.67
8.95011;;1069.02;598.543;1667.57;;3754.67
8.96011;;1069.02;598.828;1667.85;;3754.67
8.97011;;1069.02;580.441;1649.46;;3754.67
8.98011;;1069.02;572.891;1641.91;;3754.67
8.99011;;1069.02;593.926;1662.95;;3754.67
9.00011;;1069.02;593.261;1662.28;;3754.67
9.01011;;1069.02;583.399;1652.42;;3754.67
9.02011;;1069.02;573.161;1642.18;;3754.67
9.03011;;1069.02;584.742;1653.76;;3754.67
9.04011;;1069.02;597.683;1666.71;;3754.67
9.05011;;1069.02;587.289;1656.31;;3754.67
9.06011;;1069.02;571.207;1640.23;;3754.67
9.07011;;1069.02;574.565;1643.59;;3754.67
9.08011;;1069.02;596.696;1665.72;;3754.67
9.09011;;1069.02;586.981;1656;;3754.67
9.10011;;1069.02;570.786;1639.81;;3754.67
9.11011;;1069.02;572.866;1641.89;;3754.67
9.12011;;1069.02;594.888;1663.91;;3754.67
9.13011;;1069.02;584.663;1653.69;;3754.67
9.14011;;1069.02;573.559;1642.58;;3754.67
9.15011;;1069.02;570.959;1639.98;;3754.67
9.16011;;1069.02;589.726;1658.75;;3754.67
9.17011;;1069.02;588.797;1657.82;;3754.67
9.18011;;1069.02;576.769;1645.79;;3754.67
9.19011;;1069.02;569.125;1638.15;;3754.67
9.20012;;1069.02;590.199;1659.22;;3754.67
9.21012;;1069.02;595.943;1664.97;;3754.67
9.22012;;1069.02;575.964;1644.99;;3754.67
9.23012;;1069.02;568.148;1637.17;;3754.67
9.24012;;1069.02;589.435;1658.46;;3754.67
9.25012;;1069.02;588.688;1657.71;;3754.67
9.26012;;1069.02;579.066;1648.09;;3754.67
9.27012;;1069.02;570.14;1639.16;;3754.67
9.28012;;1069.02;583.14;1652.16;;3754.67
9.29012;;1069.02;595.329;1664.35;;3754.67
9.30012;;1069.02;584.833;1653.86;;3754.67
9.31012;;1069.02;569.746;1638.77;;3754.67
9.32012;;1069.02;575.546;1644.57;;3754.67
9.33012;;1069.02;595.848;1664.87;;3754.67
9.34012;;1069.02;583.73;1652.75;;3754.67
9.35012;;1069.02;569.239;1638.26;;3754.67
9.36012;;1069.02;574.943;1643.97;;3754.67
9.37012;;1069.02;594.817;1663.84;;3754.67
9.38012;;1069.02;584.96;1653.98;;3754.67
9.39012;;1069.02;574.047;1643.07;;3754.67
9.40012;;1069.02;571.902;1640.92;;3754.67
9.41012;;1069.02;590.742;1659.76;;3754.67
9.42012;;1069.02;588.084;1657.11;;3754.67
9.43012;;1069.02;577.484;1646.51;;3754.67
9.44012;;1069.02;571.066;1640.09;;3754.67
9.45012;;1069.02;592.573;1661.6;;3754.67
9.46012;;1069.02;597.116;1666.14;;3754.67
9.47012;;1069.02;576.909;1645.93;;3754.67
9.48012;;1069.02;569.909;1638.93;;3754.67
9.49012;;1069.02;591.089;1660.11;;3754.67
9.50012;;1069.02;592.561;1661.58;;3754.67
9.51012;;1069.02;579.312;1648.33;;3754.67
9.52012;;1069.02;569.972;1638.99;;3754.67
9.53012;;1069.02;581.939;1650.96;;3754.67
9.54012;;1069.02;594.172;1663.19;;3754.67
9.55012;;1069.02;584.56;1653.58;;3754.67
9.56012;;1069.02;571.307;1640.33;;3754.67
9.57012;;1069.02;573.781;1642.8;;3754.67
9.58012;;1069.02;596.506;1665.53;;3754.67
9.59012;;1069.02;587.592;1656.61;;3754.67
9.60012;;1069.02;571.542;1640.56;;3754.67
9.61012;;1069.02;570.222;1639.24;;3754.67
9.62012;;1069.02;593.106;1662.13;;3754.67
9.63013;;1069.02;583.984;1653.01;;3754.67
9.64013;;1069.02;574.673;1643.7;;3754.67
9.65013;;1069.02;571.524;1640.55;;3754.67
9.66013;;1069.02;590.326;1659.35;;3754.67
9.67013;;1069.02;590.772;1659.79;;3754.67
9.68013;;1069.02;578.263;1647.29;;3754.67
9.69013;;1069.02;568.838;1637.86;;3754.67
9.70013;;1069.02;588.434;1657.46;;3754.67
9.71013;;1069.02;597.03;1666.05;;3754.67
9.72013;;1069.02;576.859;1645.88;;3754.67
9.73013;;1069.02;569.233;1638.26;;3754.67
9.74013;;1069.02;590.078;1659.1;;3754.67
9.75013;;1069.02;593.603;1662.63;;3754.67
9.76013;;1069.02;579.896;1648.92;;3754.67
9.77013;;1069.02;570.717;1639.74;;3754.67
9.78013;;1069.02;583.97;1652.99;;3754.67
9.79013;;1069.02;595.984;1665.01;;3754.67
9.80013;;1069.02;584.812;1653.83;;3754.67
9.81013;;1069.02;570.682;1639.7;;3754.67
9.82013;;1069.02;576.026;1645.05;;3754.67
9.83013;;1069.02;596.878;1665.9;;3754.67
9.84013;;1069.02;584.167;1653.19;;3754.67
9.85013;;1069.02;568.982;1638;;3754.67
9.86013;;1069.02;575.593;1644.62;;3754.67
9.87013;;1069.02;595.97;1664.99;;3754.67
9.88013;;1069.02;584.458;1653.48;;3754.67
9.89013;;1069.02;573.043;1642.07;;3754.67
9.90013;;1069.02;571.989;1641.01;;3754.67
9.91013;;1069.02;590.81;1659.83;;3754.67
9.92013;;1069.02;587.816;1656.84;;3754.67
9.93013;;1069.02;576.613;1645.64;;3754.67
9.94013;;1069.02;569.337;1638.36;;3754.67
9.95013;;1069.02;589.662;1658.68;;3754.67
9.96013;;1069.02;597.361;1666.38;;3754.67
9.97013;;1069.02;577.084;1646.11;;3754.67
9.98013;;1069.02;569.1;1638.12;;3754.67
9.99013;;1069.02;589.099;1658.12;;3754.67
10.0001;;1069.02;595.647;1664.67;;3754.67
10.0101;;1069.02;580.546;1649.57;;3754.67
10.0201;;1069.02;570.127;1639.15;;3754.67
10.0301;;1069.02;578.396;1647.42;;3754.67
10.0401;;1069.02;593.315;1662.34;;3754.67
10.0501;;1069.02;585.368;1654.39;;3754.67
10.0601;;1069.02;572.928;1641.95;;3754.67
10.0701;;1069.02;573.238;1642.26;;3754.67
10.0801;;1069.02;596.674;1665.7;;3754.67
10.0901;;1069.02;589.725;1658.75;;3754.67
10.1001;;1069.02;572.651;1641.67;;3754.67
10.1101;;1069.02;570.241;1639.26;;3754.67
10.1201;;1069.02;592.578;1661.6;;3754.67
10.1301;;1069.02;585.697;1654.72;;3754.67
10.1401;;1069.02;576.531;1645.55;;3754.67
10.1501;;1069.02;571.394;1640.42;;3754.67
10.1601;;1069.02;589.48;1658.5;;3754.67
10.1701;;1069.02;592.539;1661.56;;3754.67
10.1801;;1069.02;580.867;1649.89;;3754.67
10.1901;;1069.02;568.781;1637.8;;3754.67
10.2001;;1069.02;585.257;1654.28;;3754.67
10.2101;;1069.02;597.739;1666.76;;3754.67
10.2201;;1069.02;579.696;1648.72;;3754.67
10.2301;;1069.02;569.124;1638.15;;3754.67
10.2401;;1069.02;584.938;1653.96;;3754.67
10.2501;;1069.02;597.386;1666.41;;3754.67
10.2601;;1069.02;583.068;1652.09;;3754.67
10.2701;;1069.02;570.914;1639.94;;3754.67
10.2801;;1069.02;576.663;1645.69;;3754.67
10.2901;;1069.02;593.005;1662.03;;3754.67
10.3001;;1069.02;586.11;1655.13;;3754.67
10.3101;;1069.02;573.841;1642.86;;3754.67
10.3201;;1069.02;572.522;1641.54;;3754.67
10.3301;;1069.02;596.524;1665.55;;3754.67
10.3401;;1069.02;590.035;1659.06;;3754.67
10.3501;;1069.02;573.122;1642.14;;3754.67
10.3601;;1069.02;570.061;1639.08;;3754.67
10.3701;;1069.02;591.96;1660.98;;3754.67
10.3801;;1069.02;585.438;1654.46;;3754.67
10.3901;;1069.02;575.736;1644.76;;3754.67
10.4001;;1069.02;571.452;1640.47;;3754.67
10.4101;;1069.02;589.944;1658.97;;3754.67
10.4201;;1069.02;588.649;1657.67;;3754.67
10.4301;;1069.02;579.006;1648.03;;3754.67
10.4401;;1069.02;569.495;1638.52;;3754.67
10.4501;;1069.02;590.734;1659.76;;3754.67
10.4601;;1069.02;597.898;1666.92;;3754.67
10.4701;;1069.02;577.294;1646.32;;3754.67
10.4801;;1069.02;569.457;1638.48;;3754.67
10.4901;;1069.02;589.309;1658.33;;3754.67
10.5001;;1069.02;592.115;1661.14;;3754.67
10.5101;;1069.02;580.643;1649.67;;3754.67
10.5201;;1069.02;570.449;1639.47;;3754.67
10.5301;;1069.02;583.365;1652.39;;3754.67
10.5401;;1069.02;595.224;1664.25;;3754.67
10.5501;;1069.02;585.469;1654.49;;3754.67
10.5601;;1069.02;571.61;1640.63;;3754.67
10.5701;;1069.02;574.062;1643.08;;3754.67
10.5801;;1069.02;596.532;1665.56;;3754.67
10.5901;;1069.02;585.741;1654.76;;3754.67
10.6001;;1069.02;570.886;1639.91;;3754.67
10.6101;;1069.02;573.282;1642.3;;3754.67
10.6201;;1069.02;593.724;1662.75;;3754.67
10.6301;;1069.02;585.654;1654.68;;3754.67
10.6401;;1069.02;574.581;1643.6;;3754.67
10.6501;;1069.02;571.457;1640.48;;3754.67
10.6601;;1069.02;590.245;1659.27;;3754.67
10.6701;;1069.02;588.397;1657.42;;3754.67
10.6801;;1069.02;579.371;1648.39;;3754.67
10.6901;;1069.02;569.457;1638.48;;3754.67
10.7001;;1069.02;587.752;1656.77;;3754.67
10.7101;;1069.02;597.897;1666.92;;3754.67
10.7201;;1069.02;577.558;1646.58;;3754.67
10.7302;;1069.02;568.571;1637.59;;3754.67
10.7402;;1069.02;587.266;1656.29;;3754.67
10.7502;;1069.02;595.75;1664.77;;3754.67
10.7602;;1069.02;579.948;1648.97;;3754.67
10.7702;;1069.02;568.866;1637.89;;3754.67
10.7802;;1069.02;580.927;1649.95;;3754.67
10.7902;;1069.02;593.67;1662.69;;3754.67
10.8002;;1069.02;582.351;1651.37;;3754.67
10.8102;;1069.02;568.958;1637.98;;3754.67
10.8202;;1069.02;573.028;1642.05;;3754.67
10.8302;;1069.02;594.914;1663.94;;3754.67
10.8402;;1069.02;580.448;1649.47;;3754.67
10.8502;;1069.02;565.749;1634.77;;3754.67
10.8602;;1069.02;576.615;1645.64;;3754.67
10.8702;;1069.02;593.248;1662.27;;3754.67
10.8802;;1069.02;581.231;1650.25;;3754.67
10.8902;;1069.02;569.363;1638.39;;3754.67
10.9002;;1069.02;571.85;1640.87;;3754.67
10.9102;;1069.02;589.798;1658.82;;3754.67
10.9202;;1069.02;582.332;1651.35;;3754.67
10.9302;;1069.02;573.033;1642.06;;3754.67
10.9402;;1069.02;569.411;1638.43;;3754.67
10.9502;;1069.02;593.463;1662.49;;3754.67
10.9602;;1069.02;590.7;1659.72;;3754.67
10.9702;;1069.02;571.632;1640.65;;3754.67
10.9802;;1069.02;567.163;1636.19;;3754.67
10.9902;;1069.02;588.592;1657.61;;3754.67
11.0002;;1069.02;586.132;1655.16;;3754.67
11.0102;;1069.02;576.276;1645.3;;3754.67
11.0202;;1069.02;569.313;1638.34;;3754.67
11.0302;;1069.02;585.452;1654.47;;3754.67
11.0402;;1069.02;593.614;1662.64;;3754.67
11.0502;;1069.02;581.919;1650.94;;3754.67
11.0602;;1069.02;569.018;1638.04;;3754.67
11.0702;;1069.02;574.046;1643.07;;3754.67
11.0802;;1069.02;595.488;1664.51;;3754.67
11.0902;;1069.02;581.401;1650.42;;3754.67
11.1002;;1069.02;566.742;1635.76;;3754.67
11.1102;;1069.02;576.2;1645.22;;3754.67
11.1202;;1069.02;593.953;1662.98;;3754.67
11.1302;;1069.02;582.31;1651.33;;3754.67
11.1402;;1069.02;569.858;1638.88;;3754.67
11.1502;;1069.02;571.781;1640.8;;3754.67
11.1602;;1069.02;591.117;1660.14;;3754.67
11.1702;;1069.02;582.537;1651.56;;3754.67
11.1802;;1069.02;574.257;1643.28;;3754.67
11.1902;;1069.02;569.424;1638.45;;3754.67
11.2002;;1069.02;592.533;1661.56;;3754.67
11.2102;;1069.02;594.699;1663.72;;3754.67
11.2202;;1069.02;573.46;1642.48;;3754.67
11.2302;;1069.02;567.77;1636.79;;3754.67
11.2402;;1069.02;588.197;1657.22;;3754.67
11.2502;;1069.02;586.735;1655.76;;3754.67
11.2602;;1069.02;576.856;1645.88;;3754.67
11.2702;;1069.02;569.484;1638.51;;3754.67
11.2802;;1069.02;587.481;1656.5;;3754.67
11.2902;;1069.02;590.763;1659.79;;3754.67
11.3002;;1069.02;580.16;1649.18;;3754.67
11.3102;;1069.02;567.25;1636.27;;3754.67
11.3202;;1069.02;581.222;1650.24;;3754.67
11.3302;;1069.02;596.123;1665.15;;3754.67
11.3402;;1069.02;577.475;1646.5;;3754.67
11.3502;;1069.02;567.584;1636.61;;3754.67
11.3602;;1069.02;586.16;1655.18;;3754.67
11.3702;;1069.02;593.162;1662.18;;3754.67
11.3802;;1069.02;581.26;1650.28;;3754.67
11.3902;;1069.02;569.178;1638.2;;3754.67
11.4002;;1069.02;580.776;1649.8;;3754.67
11.4102;;1069.02;594.057;1663.08;;3754.67
11.4202;;1069.02;583.651;1652.67;;3754.67
11.4302;;1069.02;570.336;1639.36;;3754.67
11.4402;;1069.02;572.714;1641.74;;3754.67
11.4502;;1069.02;595.515;1664.54;;3754.67
11.4602;;1069.02;584.86;1653.88;;3754.67
11.4702;;1069.02;568.321;1637.34;;3754.67
11.4802;;1069.02;573.483;1642.51;;3754.67
11.4902;;1069.02;591.474;1660.5;;3754.67
11.5002;;1069.02;584.273;1653.3;;3754.67
11.5102;;1069.02;574.73;1643.75;;3754.67
11.5202;;1069.02;570.28;1639.3;;3754.67
11.5302;;1069.02;589.532;1658.55;;3754.67
11.5402;;1069.02;586.979;1656;;3754.67
11.5502;;1069.02;578.311;1647.33;;3754.67
11.5602;;1069.02;568.77;1637.79;;3754.67
11.5702;;1069.02;584.972;1653.99;;3754.67
11.5802;;1069.02;597.677;1666.7;;3754.67
11.5902;;1069.02;578.013;1647.04;;3754.67
11.6002;;1069.02;568.274;1637.3;;3754.67
11.6102;;1069.02;585.945;1654.97;;3754.67
11.6202;;1069.02;595.845;1664.87;;3754.67
11.6302;;1069.02;583.887;1652.91;;3754.67
11.6402;;1069.02;570.844;1639.87;;3754.67
11.6502;;1069.02;575.931;1644.95;;3754.67
11.6602;;1069.02;592.718;1661.74;;3754.67
11.6702;;1069.02;585.133;1654.16;;3754.67
11.6802;;1069.02;574.523;1643.55;;3754.67
11.6902;;1069.02;571.629;1640.65;;3754.67
11.7002;;1069.02;595.623;1664.65;;3754.67
11.7102;;1069.02;595.182;1664.2;;3754.67
11.7202;;1069.02;574.049;1643.07;;3754.67
11.7302;;1069.02;568.953;1637.98;;3754.67
11.7402;;1069.02;589.722;1658.74;;3754.67
11.7502;;1069.02;589.02;1658.04;;3754.67
11.7602;;1069.02;579.369;1648.39;;3754.67
11.7702;;1069.02;570.769;1639.79;;3754.67
11.7802;;1069.02;587.011;1656.03;;3754.67
11.7902;;1069.02;594.516;1663.54;;3754.67
11.8002;;1069.02;583.361;1652.38;;3754.67
11.8102;;1069.02;569.324;1638.35;;3754.67
11.8202;;1069.02;575.019;1644.04;;3754.67
11.8302;;1069.02;596.582;1665.6;;3754.67
11.8402;;1069.02;582.706;1651.73;;3754.67
11.8502;;1069.02;568.643;1637.67;;3754.67
11.8602;;1069.02;579.274;1648.3;;3754.67
11.8702;;1069.02;595.22;1664.24;;3754.67
11.8802;;1069.02;585.251;1654.27;;3754.67
11.8902;;1069.02;573.146;1642.17;;3754.67
11.9002;;1069.02;571.994;1641.02;;3754.67
11.9102;;1069.02;590.933;1659.96;;3754.67
11.9202;;1069.02;586.254;1655.28;;3754.67
11.9302;;1069.02;577.302;1646.33;;3754.67
11.9402;;1069.02;570.312;1639.33;;3754.67
11.9502;;1069.02;591.033;1660.06;;3754.67
11.9602;;1069.02;598.802;1667.82;;3754.67
11.9702;;1069.02;576.688;1645.71;;3754.67
11.9802;;1069.02;568.924;1637.95;;3754.67
11.9902;;1069.02;589.625;1658.65;;3754.67
12.0002;;1069.02;590.736;1659.76;;3754.67
12.0102;;1069.02;580.83;1649.85;;3754.67
12.0202;;1069.02;570.426;1639.45;;3754.67
12.0302;;1069.02;585.956;1654.98;;3754.67
12.0402;;1069.02;594.718;1663.74;;3754.67
12.0502;;1069.02;583.012;1652.03;;3754.67
12.0602;;1069.02;569.705;1638.73;;3754.67
12.0702;;1069.02;575.15;1644.17;;3754.67
12.0802;;1069.02;596.652;1665.68;;3754.67
12.0902;;1069.02;582.671;1651.69;;3754.67
12.1002;;1069.02;568.348;1637.37;;3754.67
12.1102;;1069.02;580.789;1649.81;;3754.67
12.1202;;1069.02;595.09;1664.11;;3754.67
12.1302;;1069.02;584.761;1653.78;;3754.67
12.1402;;1069.02;572.46;1641.48;;3754.67
12.1502;;1069.02;573.199;1642.22;;3754.67
12.1602;;1069.02;592.015;1661.04;;3754.67
12.1702;;1069.02;585.415;1654.44;;3754.67
12.1802;;1069.02;575.228;1644.25;;3754.67
12.1902;;1069.02;572.044;1641.07;;3754.67
12.2002;;1069.02;595.087;1664.11;;3754.67
12.2102;;1069.02;594.669;1663.69;;3754.67
12.2202;;1069.02;573.808;1642.83;;3754.67
12.2302;;1069.02;569.223;1638.25;;3754.67
12.2402;;1069.02;589.801;1658.82;;3754.67
12.2502;;1069.02;585.986;1655.01;;3754.67
12.2602;;1069.02;578.435;1647.46;;3754.67
12.2702;;1069.02;571.156;1640.18;;3754.67
12.2802;;1069.02;589.142;1658.16;;3754.67
12.2902;;1069.02;591.214;1660.24;;3754.67
12.3002;;1069.02;580.173;1649.2;;3754.67
12.3102;;1069.02;568.91;1637.93;;3754.67
12.3202;;1069.02;580.753;1649.78;;3754.67
12.3302;;1069.02;596.989;1666.01;;3754.67
12.3402;;1069.02;579.233;1648.26;;3754.67
12.3502;;1069.02;568.457;1637.48;;3754.67
12.3602;;1069.02;586.227;1655.25;;3754.67
12.3702;;1069.02;594.813;1663.84;;3754.67
12.3802;;1069.02;583.949;1652.97;;3754.67
12.3902;;1069.02;571.295;1640.32;;3754.67
12.4002;;1069.02;576.657;1645.68;;3754.67
12.4102;;1069.02;593.983;1663.01;;3754.67
12.4202;;1069.02;585.284;1654.31;;3754.67
12.4302;;1069.02;573.062;1642.08;;3754.67
12.4402;;1069.02;572.979;1642;;3754.67
12.4502;;1069.02;596.463;1665.49;;3754.67
12.4602;;1069.02;590.85;1659.87;;3754.67
12.4702;;1069.02;572.188;1641.21;;3754.67
12.4802;;1069.02;569.865;1638.89;;3754.67
12.4902;;1069.02;590.584;1659.61;;3754.67
12.5002;;1069.02;584.991;1654.01;;3754.67
12.5102;;1069.02;577.784;1646.81;;3754.67
12.5202;;1069.02;571.026;1640.05;;3754.67
12.5302;;1069.02;590.024;1659.05;;3754.67
12.5402;;1069.02;589.27;1658.29;;3754.67
12.5502;;1069.02;578.949;1647.97;;3754.67
12.5602;;1069.02;569.044;1638.07;;3754.67
12.5702;;1069.02;585.075;1654.1;;3754.67
12.5802;;1069.02;598.103;1667.13;;3754.67
12.5902;;1069.02;577.717;1646.74;;3754.67
12.6002;;1069.02;568.432;1637.45;;3754.67
12.6102;;1069.02;588.83;1657.85;;3754.67
12.6202;;1069.02;592.397;1661.42;;3754.67
12.6302;;1069.02;582.856;1651.88;;3754.67
12.6402;;1069.02;569.788;1638.81;;3754.67
12.6502;;1069.02;584.583;1653.61;;3754.67
12.6602;;1069.02;595.592;1664.61;;3754.67
12.6702;;1069.02;582.782;1651.8;;3754.67
12.6802;;1069.02;569.398;1638.42;;3754.67
12.6902;;1069.02;574.95;1643.97;;3754.67
12.7002;;1069.02;595.97;1664.99;;3754.67
12.7102;;1069.02;584.126;1653.15;;3754.67
12.7202;;1069.02;567.94;1636.96;;3754.67
12.7302;;1069.02;579.279;1648.3;;3754.67
12.7402;;1069.02;594.776;1663.8;;3754.67
12.7502;;1069.02;584.603;1653.63;;3754.67
12.7602;;1069.02;573.38;1642.4;;3754.67
12.7702;;1069.02;571.936;1640.96;;3754.67
12.7802;;1069.02;592.096;1661.12;;3754.67
12.7902;;1069.02;586.088;1655.11;;3754.67
12.8002;;1069.02;574.979;1644;;3754.67
12.8102;;1069.02;571.856;1640.88;;3754.67
12.8202;;1069.02;593.281;1662.3;;3754.67
12.8302;;1069.02;596.247;1665.27;;3754.67
12.8402;;1069.02;573.669;1642.69;;3754.67
12.8502;;1069.02;568.494;1637.52;;3754.67
12.8602;;1069.02;589.83;1658.85;;3754.67
12.8702;;1069.02;585.558;1654.58;;3754.67
12.8802;;1069.02;578.821;1647.84;;3754.67
12.8902;;1069.02;570.627;1639.65;;3754.67
12.9002;;1069.02;588.56;1657.58;;3754.67
12.9102;;1069.02;592.186;1661.21;;3754.67
12.9202;;1069.02;579.641;1648.66;;3754.67
12.9302;;1069.02;569.116;1638.14;;3754.67
12.9402;;1069.02;580.442;1649.46;;3754.67
12.9502;;1069.02;596.468;1665.49;;3754.67
12.9602;;1069.02;579.903;1648.93;;3754.67
12.9702;;1069.02;568.232;1637.25;;3754.67
12.9802;;1069.02;585.001;1654.02;;3754.67
12.9902;;1069.02;595.287;1664.31;;3754.67
13.0002;;1069.02;584.138;1653.16;;3754.67
13.0102;;1069.02;572.061;1641.08;;3754.67
13.0202;;1069.02;574.549;1643.57;;3754.67
13.0302;;1069.02;593.7;1662.72;;3754.67
13.0402;;1069.02;585.548;1654.57;;3754.67
13.0502;;1069.02;573.029;1642.05;;3754.67
13.0602;;1069.02;572.787;1641.81;;3754.67
13.0702;;1069.02;595.607;1664.63;;3754.67
13.0802;;1069.02;591.664;1660.69;;3754.67
13.0902;;1069.02;572.205;1641.23;;3754.67
13.1002;;1069.02;570.386;1639.41;;3754.67
13.1102;;1069.02;590.839;1659.86;;3754.67
13.1202;;1069.02;584.132;1653.16;;3754.67
13.1302;;1069.02;578.216;1647.24;;3754.67
13.1402;;1069.02;570.964;1639.99;;3754.67
13.1502;;1069.02;589.788;1658.81;;3754.67
13.1602;;1069.02;591.232;1660.25;;3754.67
13.1702;;1069.02;579.285;1648.31;;3754.67
13.1802;;1069.02;569.526;1638.55;;3754.67
13.1902;;1069.02;582.97;1651.99;;3754.67
13.2002;;1069.02;596.848;1665.87;;3754.67
13.2102;;1069.02;579.383;1648.41;;3754.67
13.2202;;1069.02;568.397;1637.42;;3754.67
13.2302;;1069.02;586.075;1655.1;;3754.67
13.2402;;1069.02;595.328;1664.35;;3754.67
13.2502;;1069.02;584.096;1653.12;;3754.67
13.2602;;1069.02;572.37;1641.39;;3754.67
13.2702;;1069.02;574.82;1643.84;;3754.67
13.2802;;1069.02;593.696;1662.72;;3754.67
13.2902;;1069.02;585.552;1654.57;;3754.67
13.3002;;1069.02;572.854;1641.88;;3754.67
13.3102;;1069.02;572.699;1641.72;;3754.67
13.3202;;1069.02;595.297;1664.32;;3754.67
13.3302;;1069.02;592.032;1661.05;;3754.67
13.3402;;1069.02;572.251;1641.27;;3754.67
13.3502;;1069.02;569.867;1638.89;;3754.67
13.3602;;1069.02;591.143;1660.17;;3754.67
13.3702;;1069.02;583.68;1652.7;;3754.67
13.3802;;1069.02;577.953;1646.98;;3754.67
13.3902;;1069.02;570.69;1639.71;;3754.67
13.4002;;1069.02;589.332;1658.35;;3754.67
13.4102;;1069.02;591.185;1660.21;;3754.67
13.4202;;1069.02;578.997;1648.02;;3754.67
13.4302;;1069.02;569.508;1638.53;;3754.67
13.4402;;1069.02;584.179;1653.2;;3754.67
13.4502;;1069.02;596.551;1665.57;;3754.67
13.4602;;1069.02;578.981;1648;;3754.67
13.4702;;1069.02;568.131;1637.15;;3754.67
13.4802;;1069.02;586.849;1655.87;;3754.67
13.4902;;1069.02;594.556;1663.58;;3754.67
13.5002;;1069.02;583.776;1652.8;;3754.67
13.5102;;1069.02;572.1;1641.12;;3754.67
13.5202;;1069.02;574.357;1643.38;;3754.67
13.5302;;1069.02;593.698;1662.72;;3754.67
13.5402;;1069.02;585.433;1654.46;;3754.67
13.5502;;1069.02;572.596;1641.62;;3754.67
13.5602;;1069.02;572.726;1641.75;;3754.67
13.5702;;1069.02;595.507;1664.53;;3754.67
13.5802;;1069.02;590.91;1659.93;;3754.67
13.5902;;1069.02;571.092;1640.11;;3754.67
13.6002;;1069.02;571.444;1640.47;;3754.67
13.6102;;1069.02;591.508;1660.53;;3754.67
13.6202;;1069.02;583.699;1652.72;;3754.67
13.6302;;1069.02;577.192;1646.21;;3754.67
13.6402;;1069.02;570.972;1639.99;;3754.67
13.6502;;1069.02;589.71;1658.73;;3754.67
13.6602;;1069.02;591.733;1660.76;;3754.67
13.6702;;1069.02;578.821;1647.84;;3754.67
13.6802;;1069.02;569.6;1638.62;;3754.67
13.6902;;1069.02;584.879;1653.9;;3754.67
13.7002;;1069.02;596.853;1665.88;;3754.67
13.7102;;1069.02;578.61;1647.63;;3754.67
13.7202;;1069.02;567.781;1636.8;;3754.67
13.7302;;1069.02;586.515;1655.54;;3754.67
13.7402;;1069.02;594.842;1663.86;;3754.67
13.7502;;1069.02;583.906;1652.93;;3754.67
13.7602;;1069.02;571.922;1640.94;;3754.67
13.7702;;1069.02;573.889;1642.91;;3754.67
13.7802;;1069.02;593.697;1662.72;;3754.67
13.7902;;1069.02;585.393;1654.42;;3754.67
13.8002;;1069.02;573.046;1642.07;;3754.67
13.8102;;1069.02;572.3;1641.32;;3754.67
13.8202;;1069.02;595.257;1664.28;;3754.67
13.8302;;1069.02;594.675;1663.7;;3754.67
13.8402;;1069.02;573.484;1642.51;;3754.67
13.8502;;1069.02;568.905;1637.93;;3754.67
13.8602;;1069.02;590.391;1659.41;;3754.67
13.8702;;1069.02;585.653;1654.68;;3754.67
13.8802;;1069.02;579.788;1648.81;;3754.67
13.8902;;1069.02;570.36;1639.38;;3754.67
13.9002;;1069.02;585.969;1654.99;;3754.67
13.9102;;1069.02;596.005;1665.03;;3754.67
13.9202;;1069.02;582.112;1651.14;;3754.67
13.9302;;1069.02;569.19;1638.21;;3754.67
13.9402;;1069.02;576.837;1645.86;;3754.67
13.9502;;1069.02;595.706;1664.73;;3754.67
13.9602;;1069.02;585.322;1654.34;;3754.67
13.9702;;1069.02;568.843;1637.87;;3754.67
13.9802;;1069.02;575.732;1644.75;;3754.67
13.9902;;1069.02;592.95;1661.97;;3754.67
14.0002;;1069.02;583.934;1652.96;;3754.67
14.0102;;1069.02;577.286;1646.31;;3754.67
14.0202;;1069.02;571.044;1640.07;;3754.67
14.0302;;1069.02;590.593;1659.62;;3754.67
14.0402;;1069.02;591.134;1660.16;;3754.67
14.0502;;1069.02;579.27;1648.29;;3754.67
14.0602;;1069.02;569.32;1638.34;;3754.67
14.0702;;1069.02;582.721;1651.74;;3754.67
14.0802;;1069.02;596.714;1665.74;;3754.67
14.0902;;1069.02;580.254;1649.28;;3754.67
14.1002;;1069.02;568.134;1637.16;;3754.67
14.1102;;1069.02;583.552;1652.57;;3754.67
14.1202;;1069.02;596.137;1665.16;;3754.67
14.1302;;1069.02;584.542;1653.56;;3754.67
14.1402;;1069.02;574.405;1643.43;;3754.67
14.1502;;1069.02;571.942;1640.96;;3754.67
14.1602;;1069.02;592.282;1661.31;;3754.67
14.1702;;1069.02;586.224;1655.25;;3754.67
14.1802;;1069.02;575.776;1644.8;;3754.67
14.1902;;1069.02;571.834;1640.86;;3754.67
14.2002;;1069.02;591.288;1660.31;;3754.67
14.2102;;1069.02;598.756;1667.78;;3754.67
14.2202;;1069.02;576.986;1646.01;;3754.67
14.2302;;1069.02;568.871;1637.89;;3754.67
14.2402;;1069.02;589.922;1658.94;;3754.67
14.2502;;1069.02;591.962;1660.98;;3754.67
14.2602;;1069.02;583.121;1652.14;;3754.67
14.2702;;1069.02;570.88;1639.9;;3754.67
14.2802;;1069.02;577.728;1646.75;;3754.67
14.2902;;1069.02;595.33;1664.35;;3754.67
14.3002;;1069.02;585.735;1654.76;;3754.67
14.3102;;1069.02;573.391;1642.41;;3754.67
14.3202;;1069.02;573.103;1642.13;;3754.67
14.3302;;1069.02;595.523;1664.55;;3754.67
14.3402;;1069.02;595.486;1664.51;;3754.67
14.3502;;1069.02;573.679;1642.7;;3754.67
14.3602;;1069.02;569.081;1638.1;;3754.67
14.3702;;1069.02;590.402;1659.42;;3754.67
14.3802;;1069.02;586.271;1655.29;;3754.67
14.3902;;1069.02;580.865;1649.89;;3754.67
14.4002;;1069.02;570.565;1639.59;;3754.67
14.4102;;1069.02;586.218;1655.24;;3754.67
14.4202;;1069.02;596.153;1665.18;;3754.67
14.4302;;1069.02;583.23;1652.25;;3754.67
14.4402;;1069.02;569.846;1638.87;;3754.67
14.4502;;1069.02;575.189;1644.21;;3754.67
14.4602;;1069.02;596.398;1665.42;;3754.67
14.4702;;1069.02;586.017;1655.04;;3754.67
14.4802;;1069.02;568.998;1638.02;;3754.67
14.4902;;1069.02;575.361;1644.38;;3754.67
14.5002;;1069.02;592.476;1661.5;;3754.67
14.5102;;1069.02;584.598;1653.62;;3754.67
14.5202;;1069.02;577.023;1646.05;;3754.67
14.5302;;1069.02;570.939;1639.96;;3754.67
14.5402;;1069.02;590.691;1659.71;;3754.67
14.5502;;1069.02;590.196;1659.22;;3754.67
14.5602;;1069.02;579.62;1648.64;;3754.67
14.5702;;1069.02;569.22;1638.24;;3754.67
14.5802;;1069.02;580.658;1649.68;;3754.67
14.5902;;1069.02;597.46;1666.48;;3754.67
14.6002;;1069.02;580.236;1649.26;;3754.67
14.6102;;1069.02;568.396;1637.42;;3754.67
14.6202;;1069.02;582.499;1651.52;;3754.67
14.6302;;1069.02;596.084;1665.11;;3754.67
14.6402;;1069.02;585.392;1654.41;;3754.67
14.6502;;1069.02;573.631;1642.65;;3754.67
14.6602;;1069.02;572.004;1641.03;;3754.67
14.6702;;1069.02;591.611;1660.63;;3754.67
14.6802;;1069.02;586.589;1655.61;;3754.67
14.6902;;1069.02;577.133;1646.16;;3754.67
14.7002;;1069.02;570.331;1639.35;;3754.67
14.7102;;1069.02;587.745;1656.77;;3754.67
14.7202;;1069.02;598.88;1667.9;;3754.67
14.7302;;1069.02;578.401;1647.42;;3754.67
14.7402;;1069.02;569.031;1638.05;;3754.67
14.7502;;1069.02;588.021;1657.04;;3754.67
14.7602;;1069.02;595.426;1664.45;;3754.67
14.7702;;1069.02;584.382;1653.4;;3754.67
14.7802;;1069.02;571.789;1640.81;;3754.67
14.7902;;1069.02;575.529;1644.55;;3754.67
14.8002;;1069.02;593.486;1662.51;;3754.67
14.8102;;1069.02;585.98;1655;;3754.67
14.8202;;1069.02;575.212;1644.23;;3754.67
14.8302;;1069.02;572.253;1641.28;;3754.67
14.8402;;1069.02;593.617;1662.64;;3754.67
14.8502;;1069.02;597.499;1666.52;;3754.67
14.8602;;1069.02;575.946;1644.97;;3754.67
14.8702;;1069.02;569.246;1638.27;;3754.67
14.8802;;1069.02;590.194;1659.22;;3754.67
14.8902;;1069.02;592.063;1661.09;;3754.67
14.9002;;1069.02;582.445;1651.47;;3754.67
14.9102;;1069.02;570.431;1639.45;;3754.67
14.9202;;1069.02;580.472;1649.49;;3754.67
14.9302;;1069.02;594.817;1663.84;;3754.67
14.9402;;1069.02;585.562;1654.58;;3754.67
14.9502;;1069.02;573.827;1642.85;;3754.67
14.9602;;1069.02;572.749;1641.77;;3754.67
14.9702;;1069.02;596.879;1665.9;;3754.67
14.9802;;1069.02;594.396;1663.42;;3754.67
14.9902;;1069.02;574.57;1643.59;;3754.67
