0;;1258.1;-3.01843;1255.08;;4096
0.01;;1258.1;-5.96655;1252.13;;4096
0.02;;1258.1;-228.231;1029.87;;4096
0.03;;1258.1;-228.27;1029.83;;4096
0.04;;1258.1;-228.253;1029.84;;4096
0.05;;1258.1;-228.304;1029.79;;4096
0.06;;1258.1;-228.246;1029.85;;4096
0.07;;1258.1;-228.318;1029.78;;4096
0.08;;1258.1;-228.358;1029.74;;4096
0.09;;1258.1;-228.199;1029.9;;4096
0.1;;1258.1;-228.37;1029.73;;4096
0.11;;1258.1;-228.217;1029.88;;4096
0.12;;1258.1;-228.289;1029.81;;4096
0.13;;1258.1;-228.36;1029.74;;4096
0.14;;1258.1;-228.299;1029.8;;4096
0.15;;1258.1;-228.315;1029.78;;4096
0.16;;1258.1;-228.359;1029.74;;4096
0.17;;1258.1;-228.289;1029.81;;4096
0.18;;1258.1;-228.319;1029.78;;4096
0.19;;1258.1;-228.369;1029.73;;4096
0.2;;1258.1;-228.252;1029.84;;4096
0.21;;1258.1;-220.151;1037.95;;4096
0.22;;1258.1;-203.132;1054.96;;4096
0.23;;1258.1;-175.686;1082.41;;4096
0.24;;1258.1;-156.462;1101.63;;4096
0.25;;1258.1;-114.61;1143.49;;4096
0.26;;1258.1;-97.3894;1160.71;;4096
0.27;;1258.1;-56.3717;1201.72;;4096
0.28;;1258.1;-53.9618;1204.13;;4096
0.29;;1258.1;-3.33154;1254.77;;4096
0.3;;1258.1;-10.051;1248.05;;4096
0.31;;1258.1;41.8134;1299.91;;4096
0.32;;1258.1;39.2605;1297.36;;4096
0.33;;1258.1;68.7089;1326.81;;4096
0.34;;1258.1;96.1498;1354.25;;4096
0.35;;1258.1;86.334;1344.43;;4096
0.36;;1258.1;127.961;1386.06;;4096
0.37;;1258.1;149.529;1407.63;;4096
0.38;;1258.1;141.82;1399.92;;4096
0.39;;1258.1;153.411;1411.51;;4096
0.4;;1258.1;197.895;1455.99;;4096
0.41;;1258.1;210.273;1468.37;;4096
0.42;;1258.1;201.644;1459.74;;4096
0.43;;1258.1;206.349;1464.45;;4096
0.44;;1258.1;231.457;1489.55;;4096
0.45;;1258.1;264.241;1522.34;;4096
0.46;;1258.1;273.358;1531.45;;4096
0.47;;1258.1;259.386;1517.48;;4096
0.48;;1258.1;262.164;1520.26;;4096
0.49;;1258.1;281.918;1540.01;;4096
0.5;;1258.1;319.268;1577.36;;4096
0.51;;1258.1;328.377;1586.47;;4096
0.52;;1258.1;318.011;1576.11;;4096
0.53;;1258.1;315.359;1573.46;;4096
0.54;;1258.1;321.919;1580.02;;4096
0.55;;1258.1;339.326;1597.42;;4096
0.56;;1258.1;369.418;1627.51;;4096
0.57;;1258.1;377.873;1635.97;;4096
0.58;;1258.1;372.71;1630.81;;4096
0.59;;1258.1;363.531;1621.63;;4096
0.6;;1258.1;369.576;1627.67;;4096
0.61;;1258.1;385.766;1643.86;;4096
0.62;;1258.1;409.351;1667.45;;4096
0.63;;1258.1;420.635;1678.73;;4096
0.64;;1258.1;415.033;1673.13;;4096
0.65;;1258.1;398.238;1656.33;;4096
0.66;;1258.1;409.164;1667.26;;4096
0.67;;1258.1;433.378;1691.47;;4096
0.68;;1258.1;451.811;1709.91;;4096
0.69;;1258.1;450.103;1708.2;;4096
0.7;;1258.1;428.96;1687.06;;4096
0.71;;1258.1;435.532;1693.63;;4096
0.72;;1258.1;453.7;1711.8;;4096
0.73;;1258.1;476.291;1734.39;;4096
0.74;;1258.1;475.244;1733.34;;4096
0.75;;1258.1;452.92;1711.02;;4096
0.76;;1258.1;460.033;1718.13;;4096
0.77;;1258.1;478.408;1736.5;;4096
0.78;;1258.1;499.186;1757.28;;4096
0.79;;1258.1;490.766;1748.86;;4096
0.8;;1258.1;469.984;1728.08;;4096
0.81;;1258.1;484.678;1742.77;;4096
0.82;;1258.1;515.994;1774.09;;4096
0.83;;1258.1;513.502;1771.6;;4096
0.839999;;1258.1;486.3;1744.4;;4096
0.849999;;1258.1;495.114;1753.21;;4096
0.859999;;1258.1;518.376;1776.47;;4096
0.869999;;1258.1;528.375;1786.47;;4096
0.879999;;1258.1;509.372;1767.47;;4096
0.889999;;1258.1;505.378;1763.47;;4096
0.899999;;1258.1;520.882;1778.98;;4096
0.909999;;1258.1;539.211;1797.31;;4096
0.919999;;1258.1;535.627;1793.72;;4096
0.929999;;1258.1;512.883;1770.98;;4096
0.939999;;1258.1;526.035;1784.13;;4096
0.949999;;1258.1;553.9;1812;;4096
0.959999;;1258.1;550.35;1808.45;;4096
0.969999;;1258.1;523.379;1781.48;;4096
0.979999;;1258.1;534.033;1792.13;;4096
0.989999;;1258.1;557.084;1815.18;;4096
0.999999;;1258.1;561.201;1819.3;;4096
1.01;;1258.1;537.052;1795.15;;4096
1.02;;1258.1;541.401;1799.5;;4096
1.03;;1258.1;558.193;1816.29;;4096
1.04;;1258.1;574.176;1832.27;;4096
1.05;;1258.1;555.736;1813.83;;4096
1.06;;1258.1;545.835;1803.93;;4096
1.07;;1258.1;565;1823.1;;4096
1.08;;1258.1;583.052;1841.15;;4096
1.09;;1258.1;559.909;1818.01;;4096
1.1;;1258.1;555.075;1813.17;;4096
1.11;;1258.1;573.294;1831.39;;4096
1.12;;1258.1;588.255;1846.35;;4096
1.13;;1258.1;569.823;1827.92;;4096
1.14;;1258.1;561.682;1819.78;;4096
1.15;;1258.1;577.785;1835.88;;4096
1.16;;1258.1;594.651;1852.75;;4096
1.17;;1258.1;580.422;1838.52;;4096
1.18;;1258.1;565.413;1823.51;;4096
1.19;;1258.1;583.382;1841.48;;4096
1.2;;1258.1;602.906;1861;;4096
1.21;;1258.1;579.043;1837.14;;4096
1.22;;1258.1;573.958;1832.05;;4096
1.23;;1258.1;591.731;1849.83;;4096
1.24;;1258.1;604.273;1862.37;;4096
1.25;;1258.1;583.579;1841.68;;4096
1.26;;1258.1;579.412;1837.51;;4096
1.27;;1258.1;595.073;1853.17;;4096
1.28;;1258.1;610.832;1868.93;;4096
1.29;;1258.1;591.993;1850.09;;4096
1.3;;1258.1;581.579;1839.68;;4096
1.31;;1258.1;599.839;1857.94;;4096
1.32;;1258.1;614.537;1872.63;;4096
1.33;;1258.1;586.988;1845.08;;4096
1.34;;1258.1;588.914;1847.01;;4096
1.35;;1258.1;607.721;1865.82;;4096
1.36;;1258.1;613.715;1871.81;;4096
1.37;;1258.1;588.603;1846.7;;4096
1.38;;1258.1;595.282;1853.38;;4096
1.39;;1258.1;611.07;1869.17;;4096
1.4;;1258.1;615.656;1873.75;;4096
1.41;;1258.1;591.466;1849.56;;4096
1.42;;1258.1;601.621;1859.72;;4096
1.43;;1258.1;628.796;1886.89;;4096
1.44;;1258.1;611.591;1869.69;;4096
1.45;;1258.1;594.817;1852.91;;4096
1.46;;1258.1;612.002;1870.1;;4096
1.47;;1258.1;625.656;1883.75;;4096
1.48;;1258.1;601.704;1859.8;;4096
1.49;;1258.1;601.4;1859.5;;4096
1.5;;1258.1;617.54;1875.64;;4096
1.51;;1258.1;624.03;1882.13;;4096
1.52;;1258.1;599.438;1857.53;;4096
1.53;;1258.1;609.288;1867.38;;4096
1.54;;1258.1;636.167;1894.26;;4096
1.55;;1258.1;616.466;1874.56;;4096
1.56;;1258.1;602.128;1860.22;;4096
1.57;;1258.1;620.168;1878.26;;4096
1.58;;1258.1;629.477;1887.57;;4096
1.59;;1258.1;603.287;1861.38;;4096
1.6;;1258.1;610.852;1868.95;;4096
1.61;;1258.1;627.884;1885.98;;4096
1.62;;1258.1;624.483;1882.58;;4096
1.63;;1258.1;602.028;1860.12;;4096
1.64;;1258.1;619.575;1877.67;;4096
1.65;;1258.1;636.032;1894.13;;4096
1.66;;1258.1;604.775;1862.87;;4096
1.67;;1258.1;614.181;1872.28;;4096
1.68;;1258.1;637.47;1895.57;;4096
1.69;;1258.1;625.363;1883.46;;4096
1.7;;1258.1;608.091;1866.19;;4096
1.71;;1258.1;624.038;1882.14;;4096
1.72;;1258.1;637.261;1895.36;;4096
1.73;;1258.1;610.994;1869.09;;4096
1.74;;1258.1;617.441;1875.54;;4096
1.75;;1258.1;645.351;1903.45;;4096
1.76;;1258.1;621.002;1879.1;;4096
1.77;;1258.1;612.146;1870.24;;4096
1.78;;1258.1;633.151;1891.25;;4096
1.79;;1258.1;632.902;1891;;4096
1.8;;1258.1;609.306;1867.4;;4096
1.81;;1258.1;624.471;1882.57;;4096
1.82;;1258.1;642.421;1900.52;;4096
1.83;;1258.1;619.316;1877.41;;4096
1.84;;1258.1;617.083;1875.18;;4096
1.85;;1258.1;643.982;1902.08;;4096
1.86;;1258.1;629.383;1887.48;;4096
1.87;;1258.1;613.201;1871.3;;4096
1.88;;1258.1;631.72;1889.82;;4096
1.89;;1258.1;637.45;1895.55;;4096
1.9;;1258.1;611.479;1869.58;;4096
1.91;;1258.1;625.419;1883.52;;4096
1.92;;1258.1;644.469;1902.57;;4096
1.93;;1258.1;624.497;1882.59;;4096
1.94;;1258.1;617.783;1875.88;;4096
1.95;;1258.1;644.751;1902.85;;4096
1.96;;1258.1;632.93;1891.03;;4096
1.97;;1258.1;615.046;1873.14;;4096
1.98;;1258.1;634.101;1892.2;;4096
1.99;;1258.1;638.601;1896.7;;4096
2;;1258.1;613.485;1871.58;;4096
2.01;;1258.1;628.865;1886.96;;4096
2.02;;1258.1;646.835;1904.93;;4096
2.03;;1258.1;621.169;1879.27;;4096
2.04;;1258.1;623.314;1881.41;;4096
2.05;;1258.1;651.759;1909.86;;4096
2.06;;1258.1;623.848;1881.94;;4096
2.07;;1258.1;620.5;1878.6;;4096
2.08;;1258.1;645.186;1903.28;;4096
2.09;;1258.1;633.937;1892.03;;4096
2.1;;1258.1;617.484;1875.58;;4096
2.11;;1258.1;634.616;1892.71;;4096
2.12;;1258.1;640.025;1898.12;;4096
2.13;;1258.1;613.789;1871.89;;4096
2.14;;1258.1;631.052;1889.15;;4096
2.15;;1258.1;644.137;1902.23;;4096
2.16;;1258.1;614.323;1872.42;;4096
2.17;;1258.1;630.857;1888.95;;4096
2.18;;1258.1;647.534;1905.63;;4096
2.19;;1258.1;619.328;1877.42;;4096
2.2;;1258.1;625.44;1883.54;;4096
2.21;;1258.1;645.734;1903.83;;4096
2.22;;1258.1;632.585;1890.68;;4096
2.23;;1258.1;618.827;1876.92;;4096
2.24;;1258.1;642.667;1900.76;;4096
2.25;;1258.1;639.039;1897.14;;4096
2.26;;1258.1;617.205;1875.3;;4096
2.27;;1258.1;635.338;1893.43;;4096
2.28;;1258.1;642.618;1900.71;;4096
2.29;;1258.1;616.355;1874.45;;4096
2.3;;1258.1;630.875;1888.97;;4096
2.31;;1258.1;649.568;1907.66;;4096
2.32;;1258.1;625.129;1883.23;;4096
2.33;;1258.1;625.186;1883.28;;4096
2.34;;1258.1;652.869;1910.97;;4096
2.35;;1258.1;631.834;1889.93;;4096
2.36;;1258.1;620.206;1878.3;;4096
2.37;;1258.1;640.089;1898.19;;4096
2.38;;1258.1;640.608;1898.7;;4096
2.39;;1258.1;616.971;1875.07;;4096
2.4;;1258.1;632.783;1890.88;;4096
2.41;;1258.1;649.156;1907.25;;4096
2.42;;1258.1;623.088;1881.18;;4096
2.43;;1258.1;626.183;1884.28;;4096
2.44;;1258.1;654.15;1912.25;;4096
2.45;;1258.1;629.009;1887.11;;4096
2.46;;1258.1;621.467;1879.56;;4096
2.47;;1258.1;643.243;1901.34;;4096
2.48;;1258.1;639.735;1897.83;;4096
2.49;;1258.1;618.045;1876.14;;4096
2.5;;1258.1;633.933;1892.03;;4096
2.51;;1258.1;647.371;1905.47;;4096
2.52;;1258.1;620.466;1878.56;;4096
2.53;;1258.1;629.321;1887.42;;4096
2.54;;1258.1;653.497;1911.59;;4096
2.55;;1258.1;621.165;1879.26;;4096
2.56;;1258.1;625.932;1884.03;;4096
2.57;;1258.1;650.874;1908.97;;4096
2.58;;1258.1;629.958;1888.06;;4096
2.59;;1258.1;622.258;1880.35;;4096
2.6;;1258.1;640.263;1898.36;;4096
2.61;;1258.1;638.901;1897;;4096
2.62;;1258.1;616.329;1874.43;;4096
2.63;;1258.1;635.45;1893.55;;4096
2.64;;1258.1;644.2;1902.3;;4096
2.65;;1258.1;616.417;1874.51;;4096
2.66;;1258.1;633.717;1891.81;;4096
2.67;;1258.1;647.9;1906;;4096
2.68;;1258.1;619.875;1877.97;;4096
2.69;;1258.1;627.802;1885.9;;4096
2.7;;1258.1;647.78;1905.88;;4096
2.71;;1258.1;633.447;1891.54;;4096
2.72;;1258.1;620.776;1878.87;;4096
2.73;;1258.1;644.722;1902.82;;4096
2.74;;1258.1;639.426;1897.52;;4096
2.75;;1258.1;618.452;1876.55;;4096
2.76;;1258.1;636.707;1894.8;;4096
2.77;;1258.1;643.47;1901.57;;4096
2.78;;1258.1;617.548;1875.64;;4096
2.79;;1258.1;631.888;1889.98;;4096
2.8;;1258.1;650.508;1908.6;;4096
2.81;;1258.1;627.519;1885.62;;4096
2.82;;1258.1;624.4;1882.5;;4096
2.83;;1258.1;651.717;1909.81;;4096
2.84;;1258.1;633.919;1892.02;;4096
2.85;;1258.1;620.242;1878.34;;4096
2.86;;1258.1;641.126;1899.22;;4096
2.87;;1258.1;640.391;1898.49;;4096
2.88;;1258.1;617.963;1876.06;;4096
2.89;;1258.1;633.775;1891.87;;4096
2.9;;1258.1;646.775;1904.87;;4096
2.91;;1258.1;619.236;1877.33;;4096
2.92;;1258.1;629.56;1887.66;;4096
2.93;;1258.1;653.353;1911.45;;4096
2.94;;1258.1;621.915;1880.01;;4096
2.95;;1258.1;625.07;1883.17;;4096
2.96;;1258.1;649.153;1907.25;;4096
2.97;;1258.1;634.245;1892.34;;4096
2.98;;1258.1;620.349;1878.45;;4096
2.99;;1258.1;636.945;1895.04;;4096
3;;1258.1;641.236;1899.33;;4096
3.01;;1258.1;615.66;1873.76;;4096
3.02;;1258.1;632.93;1891.03;;4096
3.03;;1258.1;646.41;1904.51;;4096
3.04;;1258.1;615.749;1873.85;;4096
3.05;;1258.1;631.264;1889.36;;4096
3.06;;1258.1;649.776;1907.87;;4096
3.07;;1258.1;622.332;1880.43;;4096
3.08;;1258.1;625.531;1883.63;;4096
3.09;;1258.1;645.636;1903.73;;4096
3.1;;1258.1;634.312;1892.41;;4096
3.11;;1258.1;619.961;1878.06;;4096
3.12;;1258.1;645.053;1903.15;;4096
3.13;;1258.1;637.87;1895.97;;4096
3.14;;1258.1;619.656;1877.75;;4096
3.15;;1258.1;639.241;1897.34;;4096
3.16;;1258.1;640.317;1898.41;;4096
3.17;;1258.1;618.029;1876.13;;4096
3.18;;1258.1;634.415;1892.51;;4096
3.19;;1258.1;644.42;1902.52;;4096
3.2;;1258.1;616.693;1874.79;;4096
3.21;;1258.1;631.526;1889.62;;4096
3.22;;1258.1;648.128;1906.22;;4096
3.23;;1258.1;616.008;1874.1;;4096
3.24;;1258.1;631.047;1889.14;;4096
3.25;;1258.1;649.253;1907.35;;4096
3.26;;1258.1;621.282;1879.38;;4096
3.27;;1258.1;626.234;1884.33;;4096
3.28;;1258.1;647.708;1905.8;;4096
3.29;;1258.1;632.801;1890.9;;4096
3.3;;1258.1;621.045;1879.14;;4096
3.31;;1258.1;648.568;1906.67;;4096
3.32;;1258.1;634.687;1892.78;;4096
3.33;;1258.1;619.949;1878.05;;4096
3.34;;1258.1;641.437;1899.53;;4096
3.35;;1258.1;639.435;1897.53;;4096
3.36;;1258.1;618.117;1876.21;;4096
3.37;;1258.1;634.676;1892.77;;4096
3.38;;1258.1;643.594;1901.69;;4096
3.39;;1258.1;615.809;1873.91;;4096
3.4;;1258.1;631.503;1889.6;;4096
3.41;;1258.1;647.072;1905.17;;4096
3.42;;1258.1;615.346;1873.44;;4096
3.43;;1258.1;631.846;1889.94;;4096
3.44;;1258.1;648.746;1906.84;;4096
3.45;;1258.1;620.075;1878.17;;4096
3.46;;1258.1;627.089;1885.19;;4096
3.47;;1258.1;648.142;1906.24;;4096
3.48;;1258.1;631.608;1889.7;;4096
3.49;;1258.1;621.692;1879.79;;4096
3.5;;1258.1;648.826;1906.92;;4096
3.51;;1258.1;634.381;1892.48;;4096
3.52;;1258.1;620.114;1878.21;;4096
3.53;;1258.1;642.171;1900.27;;4096
3.54;;1258.1;638.889;1896.99;;4096
3.55;;1258.1;618.13;1876.23;;4096
3.56;;1258.1;634.79;1892.89;;4096
3.57;;1258.1;642.824;1900.92;;4096
3.58;;1258.1;615.33;1873.43;;4096
3.59;;1258.1;631.975;1890.07;;4096
3.6;;1258.1;645.442;1903.54;;4096
3.61;;1258.1;615.348;1873.44;;4096
3.62;;1258.1;633.075;1891.17;;4096
3.63;;1258.1;646.04;1904.14;;4096
3.64;;1258.1;617.695;1875.79;;4096
3.65;;1258.1;629.964;1888.06;;4096
3.66;;1258.1;650.557;1908.65;;4096
3.67;;1258.1;624.42;1882.52;;4096
3.68;;1258.1;626.409;1884.51;;4096
3.69;;1258.1;654.123;1912.22;;4096
3.7;;1258.1;622.374;1880.47;;4096
3.71;;1258.1;625.24;1883.34;;4096
3.72;;1258.1;650.663;1908.76;;4096
3.73;;1258.1;629.432;1887.53;;4096
3.74;;1258.1;622.182;1880.28;;4096
3.75;;1258.1;642.513;1900.61;;4096
3.76;;1258.1;636.124;1894.22;;4096
3.77;;1258.1;618.846;1876.94;;4096
3.78;;1258.1;644.549;1902.65;;4096
3.79;;1258.1;636.571;1894.67;;4096
3.8;;1258.1;619.2;1877.3;;4096
3.81;;1258.1;640.007;1898.1;;4096
3.82;;1258.1;639.841;1897.94;;4096
3.83;;1258.1;617.752;1875.85;;4096
3.84;;1258.1;634.126;1892.22;;4096
3.85;;1258.1;643.928;1902.02;;4096
3.86;;1258.1;615.733;1873.83;;4096
3.87;;1258.1;631.056;1889.15;;4096
3.88;;1258.1;647.16;1905.26;;4096
3.89;;1258.1;615.337;1873.43;;4096
3.9;;1258.1;631.161;1889.26;;4096
3.91;;1258.1;648.349;1906.45;;4096
3.92;;1258.1;619.867;1877.96;;4096
3.93;;1258.1;626.474;1884.57;;4096
3.94;;1258.1;648.288;1906.38;;4096
3.95;;1258.1;629.828;1887.92;;4096
3.96;;1258.1;622.145;1880.24;;4096
3.97;;1258.1;650.095;1908.19;;4096
3.98;;1258.1;632.528;1890.62;;4096
3.99;;1258.1;620.323;1878.42;;4096
4;;1258.1;642.13;1900.23;;4096
4.01;;1258.1;638.648;1896.74;;4096
4.02;;1258.1;617.654;1875.75;;4096
4.03;;1258.1;634.211;1892.31;;4096
4.04;;1258.1;642.684;1900.78;;4096
4.05;;1258.1;615.944;1874.04;;4096
4.06;;1258.1;630.229;1888.33;;4096
4.07;;1258.1;648.53;1906.63;;4096
4.08;;1258.1;615.723;1873.82;;4096
4.09;;1258.1;628.575;1886.67;;4096
4.1;;1258.1;649.735;1907.83;;4096
4.11;;1258.1;623.722;1881.82;;4096
4.12;;1258.1;623.283;1881.38;;4096
4.13;;1258.1;645.132;1903.23;;4096
4.14;;1258.1;632.596;1890.69;;4096
4.15;;1258.1;620.139;1878.24;;4096
4.16;;1258.1;648.689;1906.79;;4096
4.17;;1258.1;632.786;1890.88;;4096
4.18;;1258.1;619.758;1877.85;;4096
4.19;;1258.1;643.268;1901.36;;4096
4.2;;1258.1;636.441;1894.54;;4096
4.21;;1258.1;618.522;1876.62;;4096
4.22;;1258.1;636.273;1894.37;;4096
4.23;;1258.1;638.951;1897.05;;4096
4.24;;1258.1;615.064;1873.16;;4096
4.25;;1258.1;635.12;1893.22;;4096
4.26;;1258.1;640.493;1898.59;;4096
4.27;;1258.1;616.32;1874.42;;4096
4.28;;1258.1;635.346;1893.44;;4096
4.29;;1258.1;641.124;1899.22;;4096
4.3;;1258.1;615.887;1873.98;;4096
4.31;;1258.1;632.183;1890.28;;4096
4.32;;1258.1;645.239;1903.34;;4096
4.33;;1258.1;616.315;1874.41;;4096
4.34;;1258.1;629.797;1887.89;;4096
4.35;;1258.1;647.51;1905.61;;4096
4.36;;1258.1;614.758;1872.85;;4096
4.37001;;1258.1;629.644;1887.74;;4096
4.38001;;1258.1;648.395;1906.49;;4096
4.39001;;1258.1;620.697;1878.79;;4096
4.40001;;1258.1;625.134;1883.23;;4096
4.41001;;1258.1;646.556;1904.65;;4096
4.42001;;1258.1;630.299;1888.4;;4096
4.43001;;1258.1;621.007;1879.1;;4096
4.44001;;1258.1;649.952;1908.05;;4096
4.45001;;1258.1;631.071;1889.17;;4096
4.46001;;1258.1;619.75;1877.85;;4096
4.47001;;1258.1;644.652;1902.75;;4096
4.48001;;1258.1;635.388;1893.48;;4096
4.49001;;1258.1;618.628;1876.72;;4096
4.50001;;1258.1;636.886;1894.98;;4096
4.51001;;1258.1;637.887;1895.98;;4096
4.52001;;1258.1;615.318;1873.41;;4096
4.53001;;1258.1;639.366;1897.46;;4096
4.54001;;1258.1;637.45;1895.55;;4096
4.55001;;1258.1;618.091;1876.19;;4096
4.56001;;1258.1;640.795;1898.89;;4096
4.57001;;1258.1;636.845;1894.94;;4096
4.58001;;1258.1;618.691;1876.79;;4096
4.59001;;1258.1;637.242;1895.34;;4096
4.60001;;1258.1;637.515;1895.61;;4096
4.61001;;1258.1;616.411;1874.51;;4096
4.62001;;1258.1;641.262;1899.36;;4096
4.63001;;1258.1;636.848;1894.94;;4096
4.64001;;1258.1;618.503;1876.6;;4096
4.65001;;1258.1;641.263;1899.36;;4096
4.66001;;1258.1;636.886;1894.98;;4096
4.67001;;1258.1;618.654;1876.75;;4096
4.68001;;1258.1;637.001;1895.1;;4096
4.69001;;1258.1;638.09;1896.19;;4096
4.70001;;1258.1;615.998;1874.09;;4096
4.71001;;1258.1;639.733;1897.83;;4096
4.72001;;1258.1;637.865;1895.96;;4096
4.73001;;1258.1;617.837;1875.93;;4096
4.74001;;1258.1;638.636;1896.73;;4096
4.75001;;1258.1;638.371;1896.47;;4096
4.76001;;1258.1;617.264;1875.36;;4096
4.77001;;1258.1;633.938;1892.03;;4096
4.78001;;1258.1;640.587;1898.68;;4096
4.79001;;1258.1;614.301;1872.4;;4096
4.80001;;1258.1;632.765;1890.86;;4096
4.81002;;1258.1;641.971;1900.07;;4096
4.82002;;1258.1;615.03;1873.13;;4096
4.83002;;1258.1;633.841;1891.94;;4096
4.84002;;1258.1;641.82;1899.92;;4096
4.85002;;1258.1;615.572;1873.67;;4096
4.86002;;1258.1;630.592;1888.69;;4096
4.87002;;1258.1;646.797;1904.89;;4096
4.88002;;1258.1;617.572;1875.67;;4096
4.89002;;1258.1;628.205;1886.3;;4096
4.90002;;1258.1;648.61;1906.71;;4096
4.91002;;1258.1;614.797;1872.89;;4096
4.92002;;1258.1;628.633;1886.73;;4096
4.93002;;1258.1;647.796;1905.89;;4096
4.94002;;1258.1;618.983;1877.08;;4096
4.95002;;1258.1;625.561;1883.66;;4096
4.96002;;1258.1;648.013;1906.11;;4096
4.97002;;1258.1;626.529;1884.63;;4096
4.98002;;1258.1;622.637;1880.73;;4096
4.99002;;1258.1;652.023;1910.12;;4096
5.00002;;1258.1;624.797;1882.89;;4096
5.01002;;1258.1;621.638;1879.73;;4096
5.02002;;1258.1;647.139;1905.24;;4096
5.03002;;1258.1;631.44;1889.54;;4096
5.04002;;1258.1;619.334;1877.43;;4096
5.05002;;1258.1;639.034;1897.13;;4096
5.06002;;1258.1;635.958;1894.05;;4096
5.07002;;1258.1;615.926;1874.02;;4096
5.08002;;1258.1;640.168;1898.26;;4096
5.09002;;1258.1;636.871;1894.97;;4096
5.10002;;1258.1;616.931;1875.03;;4096
5.11002;;1258.1;637.7;1895.8;;4096
5.12002;;1258.1;638.483;1896.58;;4096
5.13002;;1258.1;616.134;1874.23;;4096
5.14002;;1258.1;633.114;1891.21;;4096
5.15002;;1258.1;639.932;1898.03;;4096
5.16002;;1258.1;613.323;1871.42;;4096
5.17002;;1258.1;632.097;1890.19;;4096
5.18002;;1258.1;641.152;1899.25;;4096
5.19002;;1258.1;614.15;1872.25;;4096
5.20002;;1258.1;632.754;1890.85;;4096
5.21002;;1258.1;641.788;1899.89;;4096
5.22002;;1258.1;614.882;1872.98;;4096
5.23002;;1258.1;630.046;1888.14;;4096
5.24003;;1258.1;646.157;1904.25;;4096
5.25003;;1258.1;616.281;1874.38;;4096
5.26003;;1258.1;628.334;1886.43;;4096
5.27003;;1258.1;647.457;1905.55;;4096
5.28003;;1258.1;613.931;1872.03;;4096
5.29003;;1258.1;628.303;1886.4;;4096
5.30003;;1258.1;647.115;1905.21;;4096
5.31003;;1258.1;618.365;1876.46;;4096
5.32003;;1258.1;625.18;1883.28;;4096
5.33003;;1258.1;647.939;1906.04;;4096
5.34003;;1258.1;626.088;1884.18;;4096
5.35003;;1258.1;621.712;1879.81;;4096
5.36003;;1258.1;651.292;1909.39;;4096
5.37003;;1258.1;626.039;1884.14;;4096
5.38003;;1258.1;620.316;1878.41;;4096
5.39003;;1258.1;644.723;1902.82;;4096
5.40003;;1258.1;633.562;1891.66;;4096
5.41003;;1258.1;617.172;1875.27;;4096
5.42003;;1258.1;635.051;1893.15;;4096
5.43003;;1258.1;637.541;1895.64;;4096
5.44003;;1258.1;613.644;1871.74;;4096
5.45003;;1258.1;633.199;1891.3;;4096
5.46003;;1258.1;639.623;1897.72;;4096
5.47003;;1258.1;614.352;1872.45;;4096
5.48003;;1258.1;632.514;1890.61;;4096
5.49003;;1258.1;640.994;1899.09;;4096
5.50003;;1258.1;614.351;1872.45;;4096
5.51003;;1258.1;629.033;1887.13;;4096
5.52003;;1258.1;646.749;1904.85;;4096
5.53003;;1258.1;617.642;1875.74;;4096
5.54003;;1258.1;626.325;1884.42;;4096
5.55003;;1258.1;649.491;1907.59;;4096
5.56003;;1258.1;615.488;1873.58;;4096
5.57003;;1258.1;625.592;1883.69;;4096
5.58003;;1258.1;648.116;1906.21;;4096
5.59003;;1258.1;622.21;1880.31;;4096
5.60003;;1258.1;621.39;1879.49;;4096
5.61003;;1258.1;643.982;1902.08;;4096
5.62003;;1258.1;630.649;1888.75;;4096
5.63003;;1258.1;618.615;1876.71;;4096
5.64003;;1258.1;647.519;1905.62;;4096
5.65003;;1258.1;630.147;1888.24;;4096
5.66003;;1258.1;618.083;1876.18;;4096
5.67003;;1258.1;640.257;1898.35;;4096
5.68004;;1258.1;635.643;1893.74;;4096
5.69004;;1258.1;615.976;1874.07;;4096
5.70004;;1258.1;632.7;1890.8;;4096
5.71004;;1258.1;638.845;1896.94;;4096
5.72004;;1258.1;612.652;1870.75;;4096
5.73004;;1258.1;629.814;1887.91;;4096
5.74004;;1258.1;642.408;1900.5;;4096
5.75004;;1258.1;612.712;1870.81;;4096
5.76004;;1258.1;630.211;1888.31;;4096
5.77004;;1258.1;643.515;1901.61;;4096
5.78004;;1258.1;614.698;1872.79;;4096
5.79004;;1258.1;626.691;1884.79;;4096
5.80004;;1258.1;647.785;1905.88;;4096
5.81004;;1258.1;619.855;1877.95;;4096
5.82004;;1258.1;624.681;1882.78;;4096
5.83004;;1258.1;650.306;1908.4;;4096
5.84004;;1258.1;616.532;1874.63;;4096
5.85004;;1258.1;624.572;1882.67;;4096
5.86004;;1258.1;648.033;1906.13;;4096
5.87004;;1258.1;621.778;1879.87;;4096
5.88004;;1258.1;621.554;1879.65;;4096
5.89004;;1258.1;643.648;1901.74;;4096
5.90004;;1258.1;629.879;1887.98;;4096
5.91004;;1258.1;618.316;1876.41;;4096
5.92004;;1258.1;647.584;1905.68;;4096
5.93004;;1258.1;629.427;1887.52;;4096
5.94004;;1258.1;618.239;1876.34;;4096
5.95004;;1258.1;642.535;1900.63;;4096
5.96004;;1258.1;633.658;1891.75;;4096
5.97004;;1258.1;616.575;1874.67;;4096
5.98004;;1258.1;634.232;1892.33;;4096
5.99004;;1258.1;636.686;1894.78;;4096
6.00004;;1258.1;612.941;1871.04;;4096
6.01004;;1258.1;632.669;1890.77;;4096
6.02004;;1258.1;638.859;1896.96;;4096
6.03004;;1258.1;613.782;1871.88;;4096
6.04004;;1258.1;631.908;1890;;4096
6.05004;;1258.1;640.041;1898.14;;4096
6.06004;;1258.1;613.592;1871.69;;4096
6.07004;;1258.1;628.777;1886.87;;4096
6.08004;;1258.1;644.418;1902.51;;4096
6.09004;;1258.1;614.932;1873.03;;4096
6.10004;;1258.1;626.845;1884.94;;4096
6.11004;;1258.1;645.998;1904.09;;4096
6.12005;;1258.1;613.036;1871.13;;4096
6.13005;;1258.1;626.951;1885.05;;4096
6.14005;;1258.1;645.986;1904.08;;4096
6.15005;;1258.1;617.601;1875.7;;4096
6.16005;;1258.1;623.992;1882.09;;4096
6.17005;;1258.1;647.14;1905.24;;4096
6.18005;;1258.1;624.212;1882.31;;4096
6.19005;;1258.1;621.303;1879.4;;4096
6.20005;;1258.1;651.076;1909.17;;4096
6.21005;;1258.1;622.386;1880.48;;4096
6.22005;;1258.1;620.942;1879.04;;4096
6.23005;;1258.1;647.031;1905.13;;4096
6.24005;;1258.1;626.311;1884.41;;4096
6.25005;;1258.1;619.327;1877.42;;4096
6.26005;;1258.1;640.782;1898.88;;4096
6.27005;;1258.1;632.039;1890.14;;4096
6.28005;;1258.1;617.075;1875.17;;4096
6.29005;;1258.1;643.38;1901.48;;4096
6.30005;;1258.1;632.526;1890.62;;4096
6.31005;;1258.1;617.064;1875.16;;4096
6.32005;;1258.1;639.241;1897.34;;4096
6.33005;;1258.1;635.471;1893.57;;4096
6.34005;;1258.1;615.691;1873.79;;4096
6.35005;;1258.1;632.973;1891.07;;4096
6.36005;;1258.1;637.58;1895.68;;4096
6.37005;;1258.1;612.385;1870.48;;4096
6.38005;;1258.1;632.628;1890.72;;4096
6.39005;;1258.1;638.542;1896.64;;4096
6.40005;;1258.1;613.792;1871.89;;4096
6.41005;;1258.1;632.494;1890.59;;4096
6.42005;;1258.1;639.484;1897.58;;4096
6.43005;;1258.1;613.522;1871.62;;4096
6.44005;;1258.1;629.379;1887.48;;4096
6.45005;;1258.1;642.4;1900.5;;4096
6.46005;;1258.1;612.983;1871.08;;4096
6.47005;;1258.1;627.911;1886.01;;4096
6.48005;;1258.1;643.127;1901.22;;4096
6.49005;;1258.1;612.339;1870.44;;4096
6.50005;;1258.1;629.412;1887.51;;4096
6.51005;;1258.1;642.85;1900.95;;4096
6.52005;;1258.1;614.302;1872.4;;4096
6.53005;;1258.1;626.829;1884.93;;4096
6.54005;;1258.1;647.242;1905.34;;4096
6.55006;;1258.1;619.186;1877.28;;4096
6.56006;;1258.1;624.259;1882.36;;4096
6.57006;;1258.1;649.959;1908.06;;4096
6.58006;;1258.1;616.804;1874.9;;4096
6.59006;;1258.1;623.474;1881.57;;4096
6.60006;;1258.1;647.593;1905.69;;4096
6.61006;;1258.1;622.451;1880.55;;4096
6.62006;;1258.1;620.49;1878.59;;4096
6.63006;;1258.1;643.087;1901.18;;4096
6.64006;;1258.1;628.759;1886.86;;4096
6.65006;;1258.1;618.661;1876.76;;4096
6.66006;;1258.1;648.616;1906.71;;4096
6.67006;;1258.1;626.203;1884.3;;4096
6.68006;;1258.1;618.655;1876.75;;4096
6.69006;;1258.1;644.443;1902.54;;4096
6.70006;;1258.1;629.739;1887.84;;4096
6.71006;;1258.1;617.288;1875.38;;4096
6.72006;;1258.1;636.891;1894.99;;4096
6.73006;;1258.1;634.379;1892.48;;4096
6.74006;;1258.1;614.098;1872.19;;4096
6.75006;;1258.1;638.247;1896.34;;4096
6.76006;;1258.1;635.348;1893.44;;4096
6.77006;;1258.1;615.097;1873.19;;4096
6.78006;;1258.1;635.66;1893.76;;4096
6.79006;;1258.1;636.52;1894.62;;4096
6.80006;;1258.1;614.356;1872.45;;4096
6.81006;;1258.1;630.994;1889.09;;4096
6.82006;;1258.1;639.149;1897.25;;4096
6.83006;;1258.1;611.494;1869.59;;4096
6.84006;;1258.1;628.769;1886.87;;4096
6.85006;;1258.1;641.517;1899.61;;4096
6.86006;;1258.1;611.818;1869.91;;4096
6.87006;;1258.1;629.812;1887.91;;4096
6.88006;;1258.1;641.407;1899.5;;4096
6.89006;;1258.1;613.365;1871.46;;4096
6.90006;;1258.1;627.021;1885.12;;4096
6.91006;;1258.1;645.529;1903.63;;4096
6.92006;;1258.1;616.468;1874.56;;4096
6.93006;;1258.1;625.656;1883.75;;4096
6.94006;;1258.1;646.986;1905.08;;4096
6.95006;;1258.1;612.378;1870.47;;4096
6.96006;;1258.1;626.505;1884.6;;4096
6.97006;;1258.1;645.498;1903.59;;4096
6.98006;;1258.1;616.333;1874.43;;4096
6.99007;;1258.1;623.513;1881.61;;4096
7.00007;;1258.1;646.353;1904.45;;4096
7.01007;;1258.1;624.869;1882.97;;4096
7.02007;;1258.1;620.101;1878.2;;4096
7.03007;;1258.1;649.652;1907.75;;4096
7.04007;;1258.1;623.946;1882.04;;4096
7.05007;;1258.1;618.929;1877.03;;4096
7.06007;;1258.1;644.001;1902.1;;4096
7.07007;;1258.1;629.488;1887.58;;4096
7.08007;;1258.1;616.717;1874.81;;4096
7.09007;;1258.1;635.764;1893.86;;4096
7.10007;;1258.1;634.463;1892.56;;4096
7.11007;;1258.1;613.187;1871.28;;4096
7.12007;;1258.1;636.889;1894.99;;4096
7.13007;;1258.1;635.469;1893.57;;4096
7.14007;;1258.1;614.649;1872.75;;4096
7.15007;;1258.1;634.978;1893.07;;4096
7.16007;;1258.1;636.028;1894.12;;4096
7.17007;;1258.1;614.232;1872.33;;4096
7.18007;;1258.1;631.264;1889.36;;4096
7.19007;;1258.1;636.891;1894.99;;4096
7.20007;;1258.1;611.297;1869.39;;4096
7.21007;;1258.1;630.731;1888.83;;4096
7.22007;;1258.1;638.672;1896.77;;4096
7.23007;;1258.1;612.712;1870.81;;4096
7.24007;;1258.1;631.133;1889.23;;4096
7.25007;;1258.1;638.734;1896.83;;4096
7.26007;;1258.1;612.619;1870.72;;4096
7.27007;;1258.1;628.168;1886.26;;4096
7.28007;;1258.1;643.083;1901.18;;4096
7.29007;;1258.1;613.816;1871.91;;4096
7.30007;;1258.1;626.004;1884.1;;4096
7.31007;;1258.1;645.374;1903.47;;4096
7.32007;;1258.1;612.123;1870.22;;4096
7.33007;;1258.1;626.156;1884.25;;4096
7.34007;;1258.1;644.426;1902.52;;4096
7.35007;;1258.1;615.183;1873.28;;4096
7.36007;;1258.1;624.125;1882.22;;4096
7.37007;;1258.1;647.047;1905.14;;4096
7.38007;;1258.1;620.227;1878.32;;4096
7.39007;;1258.1;623.057;1881.15;;4096
7.40007;;1258.1;649.055;1907.15;;4096
7.41007;;1258.1;614.532;1872.63;;4096
7.42007;;1258.1;624.19;1882.29;;4096
7.43008;;1258.1;646.399;1904.5;;4096
7.44008;;1258.1;618.373;1876.47;;4096
7.45008;;1258.1;621.255;1879.35;;4096
7.46008;;1258.1;645.233;1903.33;;4096
7.47008;;1258.1;625.684;1883.78;;4096
7.48008;;1258.1;619.187;1877.28;;4096
7.49008;;1258.1;648.903;1907;;4096
7.50008;;1258.1;624.275;1882.37;;4096
7.51008;;1258.1;618.806;1876.9;;4096
7.52008;;1258.1;643.691;1901.79;;4096
7.53008;;1258.1;629.091;1887.19;;4096
7.54008;;1258.1;616.594;1874.69;;4096
7.55008;;1258.1;636.157;1894.25;;4096
7.56008;;1258.1;633.948;1892.04;;4096
7.57008;;1258.1;613.266;1871.36;;4096
7.58008;;1258.1;636.584;1894.68;;4096
7.59008;;1258.1;635.08;1893.18;;4096
7.60008;;1258.1;614.282;1872.38;;4096
7.61008;;1258.1;634.168;1892.27;;4096
7.62008;;1258.1;636.178;1894.27;;4096
7.63008;;1258.1;613.554;1871.65;;4096
7.64008;;1258.1;629.879;1887.98;;4096
7.65008;;1258.1;638.56;1896.66;;4096
7.66008;;1258.1;611.224;1869.32;;4096
7.67008;;1258.1;628.454;1886.55;;4096
7.68008;;1258.1;639.936;1898.03;;4096
7.69008;;1258.1;611.716;1869.81;;4096
7.70008;;1258.1;629.58;1887.68;;4096
7.71008;;1258.1;640.252;1898.35;;4096
7.72008;;1258.1;612.669;1870.77;;4096
7.73008;;1258.1;627.133;1885.23;;4096
7.74008;;1258.1;644.349;1902.45;;4096
7.75008;;1258.1;614.375;1872.47;;4096
7.76008;;1258.1;625.436;1883.53;;4096
7.77008;;1258.1;645.832;1903.93;;4096
7.78008;;1258.1;611.913;1870.01;;4096
7.79008;;1258.1;626.262;1884.36;;4096
7.80008;;1258.1;644.276;1902.37;;4096
7.81008;;1258.1;615.396;1873.49;;4096
7.82008;;1258.1;624.092;1882.19;;4096
7.83008;;1258.1;647.213;1905.31;;4096
7.84008;;1258.1;619.478;1877.57;;4096
7.85008;;1258.1;623.252;1881.35;;4096
7.86009;;1258.1;648.229;1906.33;;4096
7.87009;;1258.1;613.029;1871.13;;4096
7.88009;;1258.1;625.76;1883.86;;4096
7.89009;;1258.1;644.118;1902.21;;4096
7.90009;;1258.1;613.679;1871.78;;4096
7.91009;;1258.1;625.632;1883.73;;4096
7.92009;;1258.1;645.029;1903.13;;4096
7.93009;;1258.1;613.779;1871.88;;4096
7.94009;;1258.1;626.498;1884.59;;4096
7.95009;;1258.1;642.486;1900.58;;4096
7.96009;;1258.1;611.25;1869.35;;4096
7.97009;;1258.1;629.776;1887.87;;4096
7.98009;;1258.1;639.621;1897.72;;4096
7.99009;;1258.1;612.737;1870.83;;4096
8.00009;;1258.1;629.024;1887.12;;4096
8.01009;;1258.1;640.138;1898.23;;4096
8.02009;;1258.1;611.527;1869.62;;4096
8.03009;;1258.1;629.073;1887.17;;4096
8.04009;;1258.1;638.689;1896.79;;4096
8.05009;;1258.1;612.479;1870.58;;4096
8.06009;;1258.1;631.507;1889.6;;4096
8.07009;;1258.1;638.029;1896.13;;4096
8.08009;;1258.1;612.942;1871.04;;4096
8.09009;;1258.1;629.512;1887.61;;4096
8.10009;;1258.1;639.167;1897.26;;4096
8.11009;;1258.1;611.145;1869.24;;4096
8.12009;;1258.1;629.363;1887.46;;4096
8.13009;;1258.1;638.806;1896.9;;4096
8.14009;;1258.1;612.293;1870.39;;4096
8.15009;;1258.1;631.296;1889.39;;4096
8.16009;;1258.1;637.491;1895.59;;4096
8.17009;;1258.1;612.591;1870.69;;4096
8.18009;;1258.1;628.895;1886.99;;4096
8.19009;;1258.1;640.447;1898.54;;4096
8.20009;;1258.1;611.732;1869.83;;4096
8.21009;;1258.1;627.229;1885.33;;4096
8.22009;;1258.1;641.116;1899.21;;4096
8.23009;;1258.1;611.04;1869.14;;4096
8.24009;;1258.1;629.244;1887.34;;4096
8.25009;;1258.1;639.839;1897.94;;4096
8.26009;;1258.1;612.184;1870.28;;4096
8.27009;;1258.1;627.791;1885.89;;4096
8.28009;;1258.1;641.555;1899.65;;4096
8.29009;;1258.1;611.52;1869.62;;4096
8.30009;;1258.1;626.945;1885.04;;4096
8.31009;;1258.1;640.929;1899.03;;4096
8.3201;;1258.1;611.024;1869.12;;4096
8.3301;;1258.1;629.275;1887.37;;4096
8.3401;;1258.1;639.896;1897.99;;4096
8.3501;;1258.1;612.361;1870.46;;4096
8.3601;;1258.1;627.73;1885.83;;4096
8.3701;;1258.1;642.435;1900.53;;4096
8.3801;;1258.1;612.143;1870.24;;4096
8.3901;;1258.1;626.393;1884.49;;4096
8.4001;;1258.1;642.472;1900.57;;4096
8.4101;;1258.1;611.025;1869.12;;4096
8.4201;;1258.1;628.01;1886.11;;4096
8.4301;;1258.1;641.363;1899.46;;4096
8.4401;;1258.1;612.825;1870.92;;4096
8.4501;;1258.1;625.378;1883.47;;4096
8.4601;;1258.1;645.736;1903.83;;4096
8.4701;;1258.1;616.586;1874.68;;4096
8.4801;;1258.1;623.427;1881.52;;4096
8.4901;;1258.1;647.726;1905.82;;4096
8.5001;;1258.1;613.428;1871.52;;4096
8.5101;;1258.1;623.687;1881.78;;4096
8.5201;;1258.1;645.565;1903.66;;4096
8.5301;;1258.1;617.323;1875.42;;4096
8.5401;;1258.1;621.272;1879.37;;4096
8.5501;;1258.1;645.098;1903.19;;4096
8.5601;;1258.1;624.268;1882.36;;4096
8.5701;;1258.1;619.158;1877.25;;4096
8.5801;;1258.1;648.912;1907.01;;4096
8.5901;;1258.1;621.138;1879.23;;4096
8.6001;;1258.1;619.172;1877.27;;4096
8.6101;;1258.1;645.968;1904.06;;4096
8.6201;;1258.1;622.474;1880.57;;4096
8.6301;;1258.1;619.529;1877.63;;4096
8.6401;;1258.1;643.888;1901.98;;4096
8.6501;;1258.1;623.961;1882.06;;4096
8.6601;;1258.1;619.662;1877.76;;4096
8.6701;;1258.1;649.29;1907.39;;4096
8.6801;;1258.1;614.753;1872.85;;4096
8.6901;;1258.1;623.259;1881.36;;4096
8.7001;;1258.1;645.427;1903.52;;4096
8.7101;;1258.1;615.994;1874.09;;4096
8.7201;;1258.1;622.791;1880.89;;4096
8.7301;;1258.1;646.713;1904.81;;4096
8.7401;;1258.1;620.197;1878.29;;4096
8.7501;;1258.1;622.199;1880.3;;4096
8.76011;;1258.1;648.8;1906.9;;4096
8.77011;;1258.1;614.406;1872.5;;4096
8.78011;;1258.1;622.986;1881.08;;4096
8.79011;;1258.1;645.86;1903.96;;4096
8.80011;;1258.1;617.739;1875.84;;4096
8.81011;;1258.1;621.03;1879.13;;4096
8.82011;;1258.1;644.25;1902.35;;4096
8.83011;;1258.1;624.895;1882.99;;4096
8.84011;;1258.1;618.444;1876.54;;4096
8.85011;;1258.1;648.257;1906.35;;4096
8.86011;;1258.1;622.717;1880.81;;4096
8.87011;;1258.1;617.924;1876.02;;4096
8.88011;;1258.1;643.584;1901.68;;4096
8.89011;;1258.1;627.282;1885.38;;4096
8.90011;;1258.1;616.593;1874.69;;4096
8.91011;;1258.1;637.53;1895.63;;4096
8.92011;;1258.1;631.532;1889.63;;4096
8.93011;;1258.1;614.643;1872.74;;4096
8.94011;;1258.1;642.458;1900.56;;4096
8.95011;;1258.1;629.785;1887.88;;4096
8.96011;;1258.1;615.525;1873.62;;4096
8.97011;;1258.1;640.41;1898.51;;4096
8.98011;;1258.1;630.307;1888.4;;4096
8.99011;;1258.1;615.294;1873.39;;4096
9.00011;;1258.1;635.396;1893.49;;4096
9.01011;;1258.1;631.473;1889.57;;4096
9.02011;;1258.1;614.685;1872.78;;4096
9.03011;;1258.1;643.412;1901.51;;4096
9.04011;;1258.1;628.169;1886.27;;4096
9.05011;;1258.1;615.675;1873.77;;4096
9.06011;;1258.1;641.538;1899.63;;4096
9.07011;;1258.1;628.221;1886.32;;4096
9.08011;;1258.1;615.662;1873.76;;4096
9.09011;;1258.1;636.48;1894.58;;4096
9.10011;;1258.1;631.122;1889.22;;4096
9.11011;;1258.1;614.421;1872.52;;4096
9.12011;;1258.1;641.779;1899.88;;4096
9.13011;;1258.1;629.023;1887.12;;4096
9.14011;;1258.1;615.124;1873.22;;4096
9.15011;;1258.1;639.013;1897.11;;4096
9.16011;;1258.1;630.394;1888.49;;4096
9.17011;;1258.1;614.38;1872.48;;4096
9.18011;;1258.1;633.397;1891.49;;4096
9.19011;;1258.1;633.041;1891.14;;4096
9.20012;;1258.1;611.978;1870.07;;4096
9.21012;;1258.1;635.216;1893.31;;4096
9.22012;;1258.1;632.863;1890.96;;4096
9.23012;;1258.1;613.26;1871.36;;4096
9.24012;;1258.1;633.206;1891.3;;4096
9.25012;;1258.1;634.228;1892.32;;4096
9.26012;;1258.1;612.119;1870.22;;4096
9.27012;;1258.1;628.356;1886.45;;4096
9.28012;;1258.1;637.354;1895.45;;4096
9.29012;;1258.1;609.731;1867.83;;4096
9.30012;;1258.1;626.271;1884.37;;4096
9.31012;;1258.1;639.718;1897.81;;4096
9.32012;;1258.1;609.32;1867.42;;4096
9.33012;;1258.1;626.537;1884.63;;4096
9.34012;;1258.1;640.426;1898.52;;4096
9.35012;;1258.1;612.15;1870.25;;4096
9.36012;;1258.1;623.396;1881.49;;4096
9.37012;;1258.1;644.812;1902.91;;4096
9.38012;;1258.1;618.038;1876.13;;4096
9.39012;;1258.1;620.223;1878.32;;4096
9.40012;;1258.1;647.828;1905.92;;4096
9.41012;;1258.1;617.108;1875.2;;4096
9.42012;;1258.1;618.146;1876.24;;4096
9.43012;;1258.1;643.59;1901.69;;4096
9.44012;;1258.1;624.958;1883.05;;4096
9.45012;;1258.1;615.109;1873.21;;4096
9.46012;;1258.1;634.301;1892.4;;4096
9.47012;;1258.1;631.307;1889.4;;4096
9.48012;;1258.1;611.513;1869.61;;4096
9.49012;;1258.1;633.794;1891.89;;4096
9.50012;;1258.1;633.347;1891.44;;4096
9.51012;;1258.1;611.836;1869.93;;4096
9.52012;;1258.1;631.835;1889.93;;4096
9.53012;;1258.1;634.24;1892.34;;4096
9.54012;;1258.1;611.226;1869.32;;4096
9.55012;;1258.1;627.606;1885.7;;4096
9.56012;;1258.1;637.205;1895.3;;4096
9.57012;;1258.1;609.137;1867.23;;4096
9.58012;;1258.1;625.797;1883.89;;4096
9.59012;;1258.1;638.507;1896.6;;4096
9.60012;;1258.1;609.211;1867.31;;4096
9.61012;;1258.1;627.032;1885.13;;4096
9.62012;;1258.1;639.065;1897.16;;4096
9.63013;;1258.1;611.052;1869.15;;4096
9.64013;;1258.1;623.485;1881.58;;4096
9.65013;;1258.1;644.048;1902.14;;4096
9.66013;;1258.1;615.845;1873.94;;4096
9.67013;;1258.1;621.005;1879.1;;4096
9.68013;;1258.1;646.816;1904.91;;4096
9.69013;;1258.1;612.435;1870.53;;4096
9.70013;;1258.1;620.754;1878.85;;4096
9.71013;;1258.1;644.3;1902.4;;4096
9.72013;;1258.1;617.664;1875.76;;4096
9.73013;;1258.1;617.904;1876;;4096
9.74013;;1258.1;640.629;1898.73;;4096
9.75013;;1258.1;625.569;1883.67;;4096
9.76013;;1258.1;615.301;1873.4;;4096
9.77013;;1258.1;645.139;1903.24;;4096
9.78013;;1258.1;624.445;1882.54;;4096
9.79013;;1258.1;614.928;1873.02;;4096
9.80013;;1258.1;639.922;1898.02;;4096
9.81013;;1258.1;627.935;1886.03;;4096
9.82013;;1258.1;613.617;1871.71;;4096
9.83013;;1258.1;632.223;1890.32;;4096
9.84013;;1258.1;631.859;1889.96;;4096
9.85013;;1258.1;610.719;1868.82;;4096
9.86013;;1258.1;633.866;1891.96;;4096
9.87013;;1258.1;632.635;1890.73;;4096
9.88013;;1258.1;611.971;1870.07;;4096
9.89013;;1258.1;632.544;1890.64;;4096
9.90013;;1258.1;633.128;1891.22;;4096
9.91013;;1258.1;611.32;1869.42;;4096
9.92013;;1258.1;628.04;1886.14;;4096
9.93013;;1258.1;635.032;1893.13;;4096
9.94013;;1258.1;608.735;1866.83;;4096
9.95013;;1258.1;627.327;1885.42;;4096
9.96013;;1258.1;636.56;1894.66;;4096
9.97013;;1258.1;609.528;1867.62;;4096
9.98013;;1258.1;627.775;1885.87;;4096
9.99013;;1258.1;635.765;1893.86;;4096
10.0001;;1258.1;609.982;1868.08;;4096
10.0101;;1258.1;625.965;1884.06;;4096
10.0201;;1258.1;639.066;1897.16;;4096
10.0301;;1258.1;609.917;1868.01;;4096
10.0401;;1258.1;623.618;1881.71;;4096
10.0501;;1258.1;641.076;1899.17;;4096
10.0601;;1258.1;608.662;1866.76;;4096
10.0701;;1258.1;624.251;1882.35;;4096
10.0801;;1258.1;640.902;1899;;4096
10.0901;;1258.1;612.26;1870.36;;4096
10.1001;;1258.1;621.363;1879.46;;4096
10.1101;;1258.1;644.221;1902.32;;4096
10.1201;;1258.1;619.254;1877.35;;4096
10.1301;;1258.1;618.404;1876.5;;4096
10.1401;;1258.1;647.244;1905.34;;4096
10.1501;;1258.1;617.813;1875.91;;4096
10.1601;;1258.1;617.22;1875.32;;4096
10.1701;;1258.1;643.557;1901.65;;4096
10.1801;;1258.1;621.878;1879.97;;4096
10.1901;;1258.1;616.084;1874.18;;4096
10.2001;;1258.1;639.074;1897.17;;4096
10.2101;;1258.1;625.809;1883.91;;4096
10.2201;;1258.1;614.961;1873.06;;4096
10.2301;;1258.1;645.149;1903.25;;4096
10.2401;;1258.1;622.314;1880.41;;4096
10.2501;;1258.1;615.556;1873.65;;4096
10.2601;;1258.1;641.791;1899.89;;4096
10.2701;;1258.1;625.282;1883.38;;4096
10.2801;;1258.1;614.432;1872.53;;4096
10.2901;;1258.1;635.052;1893.15;;4096
10.3001;;1258.1;630.089;1888.19;;4096
10.3101;;1258.1;612.422;1870.52;;4096
10.3201;;1258.1;637.16;1895.26;;4096
10.3301;;1258.1;630.07;1888.17;;4096
10.3401;;1258.1;612.91;1871.01;;4096
10.3501;;1258.1;634.961;1893.06;;4096
10.3601;;1258.1;631.768;1889.86;;4096
10.3701;;1258.1;611.971;1870.07;;4096
10.3801;;1258.1;629.487;1887.58;;4096
10.3901;;1258.1;633.521;1891.62;;4096
10.4001;;1258.1;608.912;1867.01;;4096
10.4101;;1258.1;628.78;1886.88;;4096
10.4201;;1258.1;635.363;1893.46;;4096
10.4301;;1258.1;610.197;1868.29;;4096
10.4401;;1258.1;629.059;1887.16;;4096
10.4501;;1258.1;635.506;1893.6;;4096
10.4601;;1258.1;610.155;1868.25;;4096
10.4701;;1258.1;626.238;1884.33;;4096
10.4801;;1258.1;638.083;1896.18;;4096
10.4901;;1258.1;609.266;1867.36;;4096
10.5001;;1258.1;624.533;1882.63;;4096
10.5101;;1258.1;639.488;1897.58;;4096
10.5201;;1258.1;608.611;1866.71;;4096
10.5301;;1258.1;625.99;1884.09;;4096
10.5401;;1258.1;639.067;1897.16;;4096
10.5501;;1258.1;610.711;1868.81;;4096
10.5601;;1258.1;623.062;1881.16;;4096
10.5701;;1258.1;643.538;1901.63;;4096
10.5801;;1258.1;615.172;1873.27;;4096
10.5901;;1258.1;620.989;1879.09;;4096
10.6001;;1258.1;646.143;1904.24;;4096
10.6101;;1258.1;612.144;1870.24;;4096
10.6201;;1258.1;620.495;1878.59;;4096
10.6301;;1258.1;644.199;1902.3;;4096
10.6401;;1258.1;617.939;1876.04;;4096
10.6501;;1258.1;617.782;1875.88;;4096
10.6601;;1258.1;641.065;1899.16;;4096
10.6701;;1258.1;625.019;1883.12;;4096
10.6801;;1258.1;615.308;1873.4;;4096
10.6901;;1258.1;644.102;1902.2;;4096
10.7001;;1258.1;624.646;1882.74;;4096
10.7101;;1258.1;614.055;1872.15;;4096
10.7201;;1258.1;638.961;1897.06;;4096
10.7302;;1258.1;629.026;1887.12;;4096
10.7402;;1258.1;612.767;1870.86;;4096
10.7502;;1258.1;630.294;1888.39;;4096
10.7602;;1258.1;632.272;1890.37;;4096
10.7702;;1258.1;610.055;1868.15;;4096
10.7802;;1258.1;633.306;1891.4;;4096
10.7902;;1258.1;632.877;1890.97;;4096
10.8002;;1258.1;611.664;1869.76;;4096
10.8102;;1258.1;632.348;1890.44;;4096
10.8202;;1258.1;633.058;1891.16;;4096
10.8302;;1258.1;611.135;1869.23;;4096
10.8402;;1258.1;628.232;1886.33;;4096
10.8502;;1258.1;634.481;1892.58;;4096
10.8602;;1258.1;608.532;1866.63;;4096
10.8702;;1258.1;627.414;1885.51;;4096
10.8802;;1258.1;636.318;1894.41;;4096
10.8902;;1258.1;609.205;1867.3;;4096
10.9002;;1258.1;627.575;1885.67;;4096
10.9102;;1258.1;636.906;1895;;4096
10.9202;;1258.1;609.701;1867.8;;4096
10.9302;;1258.1;624.545;1882.64;;4096
10.9402;;1258.1;641.205;1899.3;;4096
10.9502;;1258.1;612.217;1870.31;;4096
10.9602;;1258.1;622.016;1880.11;;4096
10.9702;;1258.1;643.817;1901.91;;4096
10.9802;;1258.1;609.81;1867.91;;4096
10.9902;;1258.1;622.333;1880.43;;4096
11.0002;;1258.1;642.608;1900.7;;4096
11.0102;;1258.1;613.871;1871.97;;4096
11.0202;;1258.1;619.609;1877.71;;4096
11.0302;;1258.1;643.316;1901.41;;4096
11.0402;;1258.1;621.939;1880.04;;4096
11.0502;;1258.1;616.422;1874.52;;4096
11.0602;;1258.1;646.138;1904.23;;4096
11.0702;;1258.1;621.288;1879.38;;4096
11.0802;;1258.1;615.726;1873.82;;4096
11.0902;;1258.1;641.12;1899.22;;4096
11.1002;;1258.1;625.279;1883.38;;4096
11.1102;;1258.1;614.185;1872.28;;4096
11.1202;;1258.1;633.612;1891.71;;4096
11.1302;;1258.1;631.44;1889.54;;4096
11.1402;;1258.1;610.563;1868.66;;4096
11.1502;;1258.1;632.656;1890.75;;4096
11.1602;;1258.1;632.759;1890.86;;4096
11.1702;;1258.1;611.12;1869.22;;4096
11.1802;;1258.1;630.204;1888.3;;4096
11.1902;;1258.1;634.222;1892.32;;4096
11.2002;;1258.1;610.001;1868.1;;4096
11.2102;;1258.1;625.806;1883.9;;4096
11.2202;;1258.1;638.665;1896.76;;4096
11.2302;;1258.1;609.281;1867.38;;4096
11.2402;;1258.1;623.445;1881.54;;4096
11.2502;;1258.1;641.377;1899.47;;4096
11.2602;;1258.1;608.634;1866.73;;4096
11.2702;;1258.1;622.929;1881.03;;4096
11.2802;;1258.1;641.901;1900;;4096
11.2902;;1258.1;613.71;1871.81;;4096
11.3002;;1258.1;619.123;1877.22;;4096
11.3102;;1258.1;643.594;1901.69;;4096
11.3202;;1258.1;619.544;1877.64;;4096
11.3302;;1258.1;617.401;1875.5;;4096
11.3402;;1258.1;646.832;1904.93;;4096
11.3502;;1258.1;615.772;1873.87;;4096
11.3602;;1258.1;618.057;1876.15;;4096
11.3702;;1258.1;643.511;1901.61;;4096
11.3802;;1258.1;622.366;1880.46;;4096
11.3902;;1258.1;615.285;1873.38;;4096
11.4002;;1258.1;637.127;1895.22;;4096
11.4102;;1258.1;628.015;1886.11;;4096
11.4202;;1258.1;613.357;1871.45;;4096
11.4302;;1258.1;640.291;1898.39;;4096
11.4402;;1258.1;628.058;1886.15;;4096
11.4502;;1258.1;612.989;1871.09;;4096
11.4602;;1258.1;636.712;1894.81;;4096
11.4702;;1258.1;629.589;1887.69;;4096
11.4802;;1258.1;612.315;1870.41;;4096
11.4902;;1258.1;630.67;1888.77;;4096
11.5002;;1258.1;632.21;1890.31;;4096
11.5102;;1258.1;609.895;1867.99;;4096
11.5202;;1258.1;631.141;1889.24;;4096
11.5302;;1258.1;632.971;1891.07;;4096
11.5402;;1258.1;611.189;1869.29;;4096
11.5502;;1258.1;630.754;1888.85;;4096
11.5602;;1258.1;633.421;1891.52;;4096
11.5702;;1258.1;610.55;1868.65;;4096
11.5802;;1258.1;627.318;1885.41;;4096
11.5902;;1258.1;634.718;1892.81;;4096
11.6002;;1258.1;608.25;1866.35;;4096
11.6102;;1258.1;626.502;1884.6;;4096
11.6202;;1258.1;636.401;1894.5;;4096
11.6302;;1258.1;608.847;1866.94;;4096
11.6402;;1258.1;627.256;1885.35;;4096
11.6502;;1258.1;636.345;1894.44;;4096
11.6602;;1258.1;609.619;1867.72;;4096
11.6702;;1258.1;624.647;1882.74;;4096
11.6802;;1258.1;640.297;1898.39;;4096
11.6902;;1258.1;610.112;1868.21;;4096
11.7002;;1258.1;623.006;1881.1;;4096
11.7102;;1258.1;640.464;1898.56;;4096
11.7202;;1258.1;608.501;1866.6;;4096
11.7302;;1258.1;624.973;1883.07;;4096
11.7402;;1258.1;639.393;1897.49;;4096
11.7502;;1258.1;610.667;1868.76;;4096
11.7602;;1258.1;622.643;1880.74;;4096
11.7702;;1258.1;642.918;1901.01;;4096
11.7802;;1258.1;613.31;1871.41;;4096
11.7902;;1258.1;621.774;1879.87;;4096
11.8002;;1258.1;643.396;1901.49;;4096
11.8102;;1258.1;609.121;1867.22;;4096
11.8202;;1258.1;623.157;1881.25;;4096
11.8302;;1258.1;641.117;1899.21;;4096
11.8402;;1258.1;611.863;1869.96;;4096
11.8502;;1258.1;621.565;1879.66;;4096
11.8602;;1258.1;644.028;1902.12;;4096
11.8702;;1258.1;615.985;1874.08;;4096
11.8802;;1258.1;620.13;1878.23;;4096
11.8902;;1258.1;645.589;1903.69;;4096
11.9002;;1258.1;611.373;1869.47;;4096
11.9102;;1258.1;620.821;1878.92;;4096
11.9202;;1258.1;643.313;1901.41;;4096
11.9302;;1258.1;616.921;1875.02;;4096
11.9402;;1258.1;618.036;1876.13;;4096
11.9502;;1258.1;641.286;1899.38;;4096
11.9602;;1258.1;623.664;1881.76;;4096
11.9702;;1258.1;615.186;1873.28;;4096
11.9802;;1258.1;644.553;1902.65;;4096
11.9902;;1258.1;623.524;1881.62;;4096
12.0002;;1258.1;614.402;1872.5;;4096
12.0102;;1258.1;639.597;1897.69;;4096
12.0202;;1258.1;626.781;1884.88;;4096
12.0302;;1258.1;613.379;1871.48;;4096
12.0402;;1258.1;632.306;1890.4;;4096
12.0502;;1258.1;631.847;1889.94;;4096
12.0602;;1258.1;609.694;1867.79;;4096
12.0702;;1258.1;631.323;1889.42;;4096
12.0802;;1258.1;633.528;1891.62;;4096
12.0902;;1258.1;610.415;1868.51;;4096
12.1002;;1258.1;629.401;1887.5;;4096
12.1102;;1258.1;634.005;1892.1;;4096
12.1202;;1258.1;609.834;1867.93;;4096
12.1302;;1258.1;626.011;1884.11;;4096
12.1402;;1258.1;637.11;1895.21;;4096
12.1502;;1258.1;608.85;1866.95;;4096
12.1602;;1258.1;623.956;1882.05;;4096
12.1702;;1258.1;639.64;1897.74;;4096
12.1802;;1258.1;608.132;1866.23;;4096
12.1902;;1258.1;623.827;1881.92;;4096
12.2002;;1258.1;640.666;1898.76;;4096
12.2102;;1258.1;611.835;1869.93;;4096
12.2202;;1258.1;620.284;1878.38;;4096
12.2302;;1258.1;642.9;1901;;4096
12.2402;;1258.1;620.432;1878.53;;4096
12.2502;;1258.1;615.859;1873.96;;4096
12.2602;;1258.1;645.154;1903.25;;4096
12.2702;;1258.1;621.368;1879.46;;4096
12.2802;;1258.1;613.97;1872.07;;4096
12.2902;;1258.1;638.258;1896.35;;4096
12.3002;;1258.1;627.757;1885.85;;4096
12.3102;;1258.1;612.144;1870.24;;4096
12.3202;;1258.1;630.07;1888.17;;4096
12.3302;;1258.1;631.791;1889.89;;4096
12.3402;;1258.1;608.855;1866.95;;4096
12.3502;;1258.1;629.004;1887.1;;4096
12.3602;;1258.1;634.221;1892.32;;4096
12.3702;;1258.1;609.217;1867.31;;4096
12.3802;;1258.1;627.646;1885.74;;4096
12.3902;;1258.1;634.843;1892.94;;4096
12.4002;;1258.1;609.115;1867.21;;4096
12.4102;;1258.1;624.662;1882.76;;4096
12.4202;;1258.1;639.436;1897.53;;4096
12.4302;;1258.1;609.774;1867.87;;4096
12.4402;;1258.1;622.108;1880.2;;4096
12.4502;;1258.1;641.47;1899.57;;4096
12.4602;;1258.1;608.254;1866.35;;4096
12.4702;;1258.1;622.237;1880.33;;4096
12.4802;;1258.1;641.242;1899.34;;4096
12.4902;;1258.1;612.289;1870.39;;4096
12.5002;;1258.1;619.188;1877.28;;4096
12.5102;;1258.1;642.77;1900.87;;4096
12.5202;;1258.1;619.839;1877.94;;4096
12.5302;;1258.1;616.694;1874.79;;4096
12.5402;;1258.1;645.987;1904.08;;4096
12.5502;;1258.1;618.167;1876.26;;4096
12.5602;;1258.1;616.098;1874.19;;4096
12.5702;;1258.1;642.009;1900.11;;4096
12.5802;;1258.1;621.882;1879.98;;4096
12.5902;;1258.1;614.625;1872.72;;4096
12.6002;;1258.1;636.138;1894.23;;4096
12.6102;;1258.1;627.949;1886.05;;4096
12.6202;;1258.1;612.103;1870.2;;4096
12.6302;;1258.1;638.11;1896.21;;4096
12.6402;;1258.1;628.862;1886.96;;4096
12.6502;;1258.1;612.019;1870.12;;4096
12.6602;;1258.1;634.12;1892.22;;4096
12.6702;;1258.1;630.031;1888.13;;4096
12.6802;;1258.1;611.697;1869.79;;4096
12.6902;;1258.1;631.198;1889.29;;4096
12.7002;;1258.1;631.231;1889.33;;4096
12.7102;;1258.1;610.314;1868.41;;4096
12.7202;;1258.1;635.243;1893.34;;4096
12.7302;;1258.1;629.748;1887.84;;4096
12.7402;;1258.1;612.125;1870.22;;4096
12.7502;;1258.1;635.558;1893.65;;4096
12.7602;;1258.1;628.65;1886.75;;4096
12.7702;;1258.1;612.28;1870.38;;4096
12.7802;;1258.1;631.94;1890.04;;4096
12.7902;;1258.1;630.764;1888.86;;4096
12.8002;;1258.1;610.58;1868.68;;4096
12.8102;;1258.1;634.231;1892.33;;4096
12.8202;;1258.1;631.352;1889.45;;4096
12.8302;;1258.1;611.464;1869.56;;4096
12.8402;;1258.1;632.157;1890.25;;4096
12.8502;;1258.1;632.075;1890.17;;4096
12.8602;;1258.1;610.401;1868.5;;4096
12.8702;;1258.1;627.406;1885.5;;4096
12.8802;;1258.1;633.324;1891.42;;4096
12.8902;;1258.1;607.814;1865.91;;4096
12.9002;;1258.1;626.634;1884.73;;4096
12.9102;;1258.1;635.062;1893.16;;4096
12.9202;;1258.1;608.369;1866.47;;4096
12.9302;;1258.1;626.665;1884.76;;4096
12.9402;;1258.1;635.72;1893.82;;4096
12.9502;;1258.1;609.059;1867.16;;4096
12.9602;;1258.1;623.215;1881.31;;4096
12.9702;;1258.1;640.099;1898.2;;4096
12.9802;;1258.1;610.763;1868.86;;4096
12.9902;;1258.1;621.473;1879.57;;4096
13.0002;;1258.1;642.838;1900.93;;4096
13.0102;;1258.1;609.04;1867.14;;4096
13.0202;;1258.1;621.19;1879.29;;4096
13.0302;;1258.1;641.625;1899.72;;4096
13.0402;;1258.1;613.313;1871.41;;4096
13.0502;;1258.1;618.537;1876.63;;4096
13.0602;;1258.1;641.793;1899.89;;4096
13.0702;;1258.1;621.056;1879.15;;4096
13.0802;;1258.1;615.285;1873.38;;4096
13.0902;;1258.1;645.114;1903.21;;4096
13.1002;;1258.1;619.689;1877.79;;4096
13.1102;;1258.1;614.571;1872.67;;4096
13.1202;;1258.1;639.036;1897.13;;4096
13.1302;;1258.1;626.366;1884.46;;4096
13.1402;;1258.1;612.397;1870.49;;4096
13.1502;;1258.1;631.051;1889.15;;4096
13.1602;;1258.1;630.792;1888.89;;4096
13.1702;;1258.1;608.887;1866.98;;4096
13.1802;;1258.1;632.1;1890.2;;4096
13.1902;;1258.1;631.744;1889.84;;4096
13.2002;;1258.1;610.435;1868.53;;4096
13.2102;;1258.1;630.792;1888.89;;4096
13.2202;;1258.1;631.753;1889.85;;4096
13.2302;;1258.1;609.968;1868.06;;4096
13.2402;;1258.1;627.172;1885.27;;4096
13.2502;;1258.1;632.725;1890.82;;4096
13.2602;;1258.1;608.033;1866.13;;4096
13.2702;;1258.1;628.568;1886.66;;4096
13.2802;;1258.1;633.332;1891.43;;4096
13.2902;;1258.1;609.757;1867.85;;4096
13.3002;;1258.1;629.518;1887.61;;4096
13.3102;;1258.1;632.642;1890.74;;4096
13.3202;;1258.1;609.523;1867.62;;4096
13.3302;;1258.1;626.729;1884.83;;4096
13.3402;;1258.1;633.545;1891.64;;4096
13.3502;;1258.1;607.519;1865.62;;4096
13.3602;;1258.1;626.873;1884.97;;4096
13.3702;;1258.1;634.07;1892.17;;4096
13.3802;;1258.1;609.147;1867.24;;4096
13.3902;;1258.1;627.903;1886;;4096
13.4002;;1258.1;634.138;1892.23;;4096
13.4102;;1258.1;608.861;1866.96;;4096
13.4202;;1258.1;624.414;1882.51;;4096
13.4302;;1258.1;637.65;1895.75;;4096
13.4402;;1258.1;608.322;1866.42;;4096
13.4502;;1258.1;622.698;1880.8;;4096
13.4602;;1258.1;639.642;1897.74;;4096
13.4702;;1258.1;607.514;1865.61;;4096
13.4802;;1258.1;623.058;1881.15;;4096
13.4902;;1258.1;639.309;1897.41;;4096
13.5002;;1258.1;610.53;1868.63;;4096
13.5102;;1258.1;620.129;1878.23;;4096
13.5202;;1258.1;643.061;1901.16;;4096
13.5302;;1258.1;615.125;1873.22;;4096
13.5402;;1258.1;618.635;1876.73;;4096
13.5502;;1258.1;645.175;1903.27;;4096
13.5602;;1258.1;611.37;1869.47;;4096
13.5702;;1258.1;618.78;1876.88;;4096
13.5802;;1258.1;642.615;1900.71;;4096
13.5902;;1258.1;615.947;1874.04;;4096
13.6002;;1258.1;616.702;1874.8;;4096
13.6102;;1258.1;641.474;1899.57;;4096
13.6202;;1258.1;621.326;1879.42;;4096
13.6302;;1258.1;615.144;1873.24;;4096
13.6402;;1258.1;645.167;1903.26;;4096
13.6502;;1258.1;617.353;1875.45;;4096
13.6602;;1258.1;615.866;1873.96;;4096
13.6702;;1258.1;642.391;1900.49;;4096
13.6802;;1258.1;618.854;1876.95;;4096
13.6902;;1258.1;615.162;1873.26;;4096
13.7002;;1258.1;639.095;1897.19;;4096
13.7102;;1258.1;623.358;1881.45;;4096
13.7202;;1258.1;614.495;1872.59;;4096
13.7302;;1258.1;645.137;1903.23;;4096
13.7402;;1258.1;616.924;1875.02;;4096
13.7502;;1258.1;616.333;1874.43;;4096
13.7602;;1258.1;642.091;1900.19;;4096
13.7702;;1258.1;618.242;1876.34;;4096
13.7802;;1258.1;615.939;1874.04;;4096
13.7902;;1258.1;639.55;1897.65;;4096
13.8002;;1258.1;622.952;1881.05;;4096
13.8102;;1258.1;614.014;1872.11;;4096
13.8202;;1258.1;643.646;1901.74;;4096
13.8302;;1258.1;621.723;1879.82;;4096
13.8402;;1258.1;613.735;1871.83;;4096
13.8502;;1258.1;638.67;1896.77;;4096
13.8602;;1258.1;625.842;1883.94;;4096
13.8702;;1258.1;611.849;1869.95;;4096
13.8802;;1258.1;631.149;1889.25;;4096
13.8902;;1258.1;630.726;1888.82;;4096
13.9002;;1258.1;608.256;1866.35;;4096
13.9102;;1258.1;629.023;1887.12;;4096
13.9202;;1258.1;632.812;1890.91;;4096
13.9302;;1258.1;608.761;1866.86;;4096
13.9402;;1258.1;626.794;1884.89;;4096
13.9502;;1258.1;633.929;1892.03;;4096
13.9602;;1258.1;608.105;1866.2;;4096
13.9702;;1258.1;622.384;1880.48;;4096
13.9802;;1258.1;640.706;1898.8;;4096
13.9902;;1258.1;613.337;1871.43;;4096
14.0002;;1258.1;618.26;1876.36;;4096
14.0102;;1258.1;644.988;1903.08;;4096
14.0202;;1258.1;615.792;1873.89;;4096
14.0302;;1258.1;614.802;1872.9;;4096
14.0402;;1258.1;638.763;1896.86;;4096
14.0502;;1258.1;625.869;1883.97;;4096
14.0602;;1258.1;611.212;1869.31;;4096
14.0702;;1258.1;628.691;1886.79;;4096
14.0802;;1258.1;631.194;1889.29;;4096
14.0902;;1258.1;606.809;1864.91;;4096
14.1002;;1258.1;624.598;1882.69;;4096
14.1102;;1258.1;635.442;1893.54;;4096
14.1202;;1258.1;606.298;1864.39;;4096
14.1302;;1258.1;623.548;1881.65;;4096
14.1402;;1258.1;638.003;1896.1;;4096
14.1502;;1258.1;610.592;1868.69;;4096
14.1602;;1258.1;617.765;1875.86;;4096
14.1702;;1258.1;639.488;1897.58;;4096
14.1802;;1258.1;622.794;1880.89;;4096
14.1902;;1258.1;612.35;1870.45;;4096
14.2002;;1258.1;639.472;1897.57;;4096
14.2102;;1258.1;625.771;1883.87;;4096
14.2202;;1258.1;610.401;1868.5;;4096
14.2302;;1258.1;630.987;1889.08;;4096
14.2402;;1258.1;630.792;1888.89;;4096
14.2502;;1258.1;608.415;1866.51;;4096
14.2602;;1258.1;624.392;1882.49;;4096
14.2702;;1258.1;635.187;1893.28;;4096
14.2802;;1258.1;607.177;1865.27;;4096
14.2902;;1258.1;621.395;1879.49;;4096
14.3002;;1258.1;639.397;1897.49;;4096
14.3102;;1258.1;607.102;1865.2;;4096
14.3202;;1258.1;619.816;1877.91;;4096
14.3302;;1258.1;641.175;1899.27;;4096
14.3402;;1258.1;615.83;1873.93;;4096
14.3502;;1258.1;614.222;1872.32;;4096
14.3602;;1258.1;634.915;1893.01;;4096
14.3702;;1258.1;626.386;1884.48;;4096
14.3802;;1258.1;609.559;1867.66;;4096
14.3902;;1258.1;632.19;1890.29;;4096
14.4002;;1258.1;630.545;1888.64;;4096
14.4102;;1258.1;608.709;1866.81;;4096
14.4202;;1258.1;627.119;1885.22;;4096
14.4302;;1258.1;632.229;1890.33;;4096
14.4402;;1258.1;607.66;1865.76;;4096
14.4502;;1258.1;623.163;1881.26;;4096
14.4602;;1258.1;636.899;1895;;4096
14.4702;;1258.1;607.929;1866.03;;4096
14.4802;;1258.1;620.448;1878.54;;4096
14.4902;;1258.1;640.647;1898.74;;4096
14.5002;;1258.1;607.325;1865.42;;4096
14.5102;;1258.1;619.806;1877.9;;4096
14.5202;;1258.1;640.556;1898.65;;4096
14.5302;;1258.1;613.235;1871.33;;4096
14.5402;;1258.1;615.685;1873.78;;4096
14.5502;;1258.1;639.643;1897.74;;4096
14.5602;;1258.1;620.836;1878.93;;4096
14.5702;;1258.1;612.867;1870.96;;4096
14.5802;;1258.1;642.379;1900.48;;4096
14.5902;;1258.1;621.4;1879.5;;4096
14.6002;;1258.1;611.995;1870.09;;4096
14.6102;;1258.1;637.248;1895.34;;4096
14.6202;;1258.1;624.848;1882.94;;4096
14.6302;;1258.1;611.118;1869.21;;4096
14.6402;;1258.1;631.326;1889.42;;4096
14.6502;;1258.1;628.146;1886.24;;4096
14.6602;;1258.1;609.666;1867.76;;4096
14.6702;;1258.1;636.37;1894.47;;4096
14.6802;;1258.1;625.703;1883.8;;4096
14.6902;;1258.1;611.229;1869.33;;4096
14.7002;;1258.1;636.27;1894.37;;4096
14.7102;;1258.1;625.24;1883.34;;4096
14.7202;;1258.1;611.657;1869.75;;4096
14.7302;;1258.1;632.496;1890.59;;4096
14.7402;;1258.1;627.467;1885.56;;4096
14.7502;;1258.1;610.641;1868.74;;4096
14.7602;;1258.1;639.286;1897.38;;4096
14.7702;;1258.1;624.441;1882.54;;4096
14.7802;;1258.1;611.794;1869.89;;4096
14.7902;;1258.1;637.049;1895.15;;4096
14.8002;;1258.1;625.19;1883.29;;4096
14.8102;;1258.1;611.416;1869.51;;4096
14.8202;;1258.1;630.601;1888.7;;4096
14.8302;;1258.1;628.83;1886.93;;4096
14.8402;;1258.1;608.673;1866.77;;4096
14.8502;;1258.1;632.51;1890.61;;4096
14.8602;;1258.1;630.227;1888.32;;4096
14.8702;;1258.1;609.247;1867.34;;4096
14.8802;;1258.1;628.944;1887.04;;4096
14.8902;;1258.1;631.516;1889.61;;4096
14.9002;;1258.1;608.324;1866.42;;4096
14.9102;;1258.1;624.541;1882.64;;4096
14.9202;;1258.1;633.972;1892.07;;4096
14.9302;;1258.1;606.17;1864.27;;4096
14.9402;;1258.1;623.729;1881.83;;4096
14.9502;;1258.1;635.014;1893.11;;4096
14.9602;;1258.1;607.021;1865.12;;4096
14.9702;;1258.1;625.621;1883.72;;4096
14.9802;;1258.1;633.756;1891.85;;4096
14.9902;;1258.1;607.605;1865.7;;4096
