0;;1501.46;-2.72327;1498.73;;1706.67
0.01;;1501.46;-5.22803;1496.23;;1706.67
0.02;;1501.46;-471.97;1029.49;;1706.67
0.03;;1501.46;-471.914;1029.54;;1706.67
0.04;;1501.46;-472.017;1029.44;;1706.67
0.05;;1501.46;-472.067;1029.39;;1706.67
0.06;;1501.46;-471.892;1029.57;;1706.67
0.07;;1501.46;-471.912;1029.55;;1706.67
0.08;;1501.46;-471.848;1029.61;;1706.67
0.09;;1501.46;-471.864;1029.59;;1706.67
0.1;;1501.46;-471.786;1029.67;;1706.67
0.11;;1501.46;-471.848;1029.61;;1706.67
0.12;;1501.46;-471.92;1029.54;;1706.67
0.13;;1501.46;-472.011;1029.45;;1706.67
0.14;;1501.46;-471.899;1029.56;;1706.67
0.15;;1501.46;-471.841;1029.62;;1706.67
0.16;;1501.46;-471.701;1029.76;;1706.67
0.17;;1501.46;-471.808;1029.65;;1706.67
0.18;;1501.46;-471.832;1029.63;;1706.67
0.19;;1501.46;-471.902;1029.56;;1706.67
0.2;;1501.46;-471.902;1029.56;;1706.67
0.21;;1501.46;-467.985;1033.47;;1706.67
0.22;;1501.46;-461.138;1040.32;;1706.67
0.23;;1501.46;-454.211;1047.25;;1706.67
0.24;;1501.46;-448.851;1052.61;;1706.67
0.25;;1501.46;-438.842;1062.62;;1706.67
0.26;;1501.46;-428.921;1072.54;;1706.67
0.27;;1501.46;-422.32;1079.14;;1706.67
0.28;;1501.46;-411.623;1089.83;;1706.67
0.29;;1501.46;-402.111;1099.35;;1706.67
0.3;;1501.46;-397.281;1104.18;;1706.67
0.31;;1501.46;-388.481;1112.98;;1706.67
0.32;;1501.46;-380.287;1121.17;;1706.67
0.33;;1501.46;-374.432;1127.03;;1706.67
0.34;;1501.46;-370.075;1131.38;;1706.67
0.35;;1501.46;-360.283;1141.17;;1706.67
0.36;;1501.46;-355.852;1145.61;;1706.67
0.37;;1501.46;-346.803;1154.66;;1706.67
0.38;;1501.46;-343.855;1157.6;;1706.67
0.39;;1501.46;-337.838;1163.62;;1706.67
0.4;;1501.46;-331.935;1169.52;;1706.67
0.41;;1501.46;-321.821;1179.64;;1706.67
0.42;;1501.46;-318.967;1182.49;;1706.67
0.43;;1501.46;-310.405;1191.05;;1706.67
0.44;;1501.46;-308.433;1193.02;;1706.67
0.45;;1501.46;-304.513;1196.95;;1706.67
0.46;;1501.46;-298.034;1203.42;;1706.67
0.47;;1501.46;-294.551;1206.91;;1706.67
0.48;;1501.46;-289.496;1211.96;;1706.67
0.49;;1501.46;-277.933;1223.52;;1706.67
0.5;;1501.46;-278.998;1222.46;;1706.67
0.51;;1501.46;-273.347;1228.11;;1706.67
0.52;;1501.46;-266.642;1234.82;;1706.67
0.53;;1501.46;-266.008;1235.45;;1706.67
0.54;;1501.46;-258.29;1243.17;;1706.67
0.55;;1501.46;-257.193;1244.26;;1706.67
0.56;;1501.46;-253.206;1248.25;;1706.67
0.57;;1501.46;-248.499;1252.96;;1706.67
0.58;;1501.46;-244.482;1256.98;;1706.67
0.59;;1501.46;-240.506;1260.95;;1706.67
0.6;;1501.46;-235.465;1265.99;;1706.67
0.61;;1501.46;-232.028;1269.43;;1706.67
0.62;;1501.46;-228.454;1273;;1706.67
0.63;;1501.46;-226.1;1275.36;;1706.67
0.64;;1501.46;-222.058;1279.4;;1706.67
0.65;;1501.46;-219.025;1282.43;;1706.67
0.66;;1501.46;-213.759;1287.7;;1706.67
0.67;;1501.46;-210.526;1290.93;;1706.67
0.68;;1501.46;-207.75;1293.71;;1706.67
0.69;;1501.46;-205.205;1296.25;;1706.67
0.7;;1501.46;-201.744;1299.71;;1706.67
0.71;;1501.46;-197.25;1304.21;;1706.67
0.72;;1501.46;-194.024;1307.43;;1706.67
0.73;;1501.46;-192.911;1308.55;;1706.67
0.74;;1501.46;-187.944;1313.51;;1706.67
0.75;;1501.46;-185.108;1316.35;;1706.67
0.76;;1501.46;-182.771;1318.69;;1706.67
0.77;;1501.46;-178.891;1322.57;;1706.67
0.78;;1501.46;-173.42;1328.04;;1706.67
0.79;;1501.46;-169.601;1331.86;;1706.67
0.8;;1501.46;-172.161;1329.3;;1706.67
0.81;;1501.46;-169.403;1332.05;;1706.67
0.82;;1501.46;-164.99;1336.47;;1706.67
0.83;;1501.46;-165.057;1336.4;;1706.67
0.839999;;1501.46;-164.212;1337.25;;1706.67
0.849999;;1501.46;-159.067;1342.39;;1706.67
0.859999;;1501.46;-156.077;1345.38;;1706.67
0.869999;;1501.46;-156.314;1345.14;;1706.67
0.879999;;1501.46;-148.632;1352.83;;1706.67
0.889999;;1501.46;-147.62;1353.84;;1706.67
0.899999;;1501.46;-148.3;1353.16;;1706.67
0.909999;;1501.46;-147.085;1354.37;;1706.67
0.919999;;1501.46;-141.368;1360.09;;1706.67
0.929999;;1501.46;-141.06;1360.4;;1706.67
0.939999;;1501.46;-141.104;1360.35;;1706.67
0.949999;;1501.46;-136.726;1364.73;;1706.67
0.959999;;1501.46;-135.772;1365.69;;1706.67
0.969999;;1501.46;-132.267;1369.19;;1706.67
0.979999;;1501.46;-130.204;1371.25;;1706.67
0.989999;;1501.46;-127.491;1373.97;;1706.67
0.999999;;1501.46;-130.525;1370.93;;1706.67
1.01;;1501.46;-122.449;1379.01;;1706.67
1.02;;1501.46;-124.169;1377.29;;1706.67
1.03;;1501.46;-122.181;1379.28;;1706.67
1.04;;1501.46;-122.142;1379.32;;1706.67
1.05;;1501.46;-117.309;1384.15;;1706.67
1.06;;1501.46;-115.71;1385.75;;1706.67
1.07;;1501.46;-115.228;1386.23;;1706.67
1.08;;1501.46;-112.568;1388.89;;1706.67
1.09;;1501.46;-110.172;1391.29;;1706.67
1.1;;1501.46;-108.25;1393.21;;1706.67
1.11;;1501.46;-106.447;1395.01;;1706.67
1.12;;1501.46;-106.947;1394.51;;1706.67
1.13;;1501.46;-104.614;1396.84;;1706.67
1.14;;1501.46;-103.294;1398.16;;1706.67
1.15;;1501.46;-98.332;1403.13;;1706.67
1.16;;1501.46;-99.1923;1402.27;;1706.67
1.17;;1501.46;-99.7627;1401.7;;1706.67
1.18;;1501.46;-98.9778;1402.48;;1706.67
1.19;;1501.46;-96.7979;1404.66;;1706.67
1.2;;1501.46;-94.1746;1407.28;;1706.67
1.21;;1501.46;-91.5568;1409.9;;1706.67
1.22;;1501.46;-90.7507;1410.71;;1706.67
1.23;;1501.46;-89.5579;1411.9;;1706.67
1.24;;1501.46;-91.7212;1409.74;;1706.67
1.25;;1501.46;-89.1139;1412.34;;1706.67
1.26;;1501.46;-87.3124;1414.15;;1706.67
1.27;;1501.46;-84.7277;1416.73;;1706.67
1.28;;1501.46;-84.5701;1416.89;;1706.67
1.29;;1501.46;-83.6692;1417.79;;1706.67
1.3;;1501.46;-91.2057;1410.25;;1706.67
1.31;;1501.46;-81.7338;1419.72;;1706.67
1.32;;1501.46;-79.6337;1421.82;;1706.67
1.33;;1501.46;-75.5208;1425.94;;1706.67
1.34;;1501.46;-75.4462;1426.01;;1706.67
1.35;;1501.46;-75.3768;1426.08;;1706.67
1.36;;1501.46;-76.2638;1425.19;;1706.67
1.37;;1501.46;-75.1785;1426.28;;1706.67
1.38;;1501.46;-71.5038;1429.95;;1706.67
1.39;;1501.46;-69.4556;1432;;1706.67
1.4;;1501.46;-70.9147;1430.54;;1706.67
1.41;;1501.46;-67.2144;1434.24;;1706.67
1.42;;1501.46;-70.4198;1431.04;;1706.67
1.43;;1501.46;-68.5944;1432.86;;1706.67
1.44;;1501.46;-65.297;1436.16;;1706.67
1.45;;1501.46;-64.4567;1437;;1706.67
1.46;;1501.46;-64.2859;1437.17;;1706.67
1.47;;1501.46;-61.5732;1439.88;;1706.67
1.48;;1501.46;-63.1558;1438.3;;1706.67
1.49;;1501.46;-61.7253;1439.73;;1706.67
1.5;;1501.46;-59.3179;1442.14;;1706.67
1.51;;1501.46;-57.0015;1444.46;;1706.67
1.52;;1501.46;-55.2527;1446.21;;1706.67
1.53;;1501.46;-54.8616;1446.6;;1706.67
1.54;;1501.46;-57.7537;1443.7;;1706.67
1.55;;1501.46;-56.4506;1445.01;;1706.67
1.56;;1501.46;-53.361;1448.1;;1706.67
1.57;;1501.46;-52.2775;1449.18;;1706.67
1.58;;1501.46;-53.9729;1447.49;;1706.67
1.59;;1501.46;-50.4423;1451.02;;1706.67
1.6;;1501.46;-52.5247;1448.93;;1706.67
1.61;;1501.46;-50.3575;1451.1;;1706.67
1.62;;1501.46;-47.1554;1454.3;;1706.67
1.63;;1501.46;-46.9285;1454.53;;1706.67
1.64;;1501.46;-45.7399;1455.72;;1706.67
1.65;;1501.46;-43.1663;1458.29;;1706.67
1.66;;1501.46;-46.9185;1454.54;;1706.67
1.67;;1501.46;-44.6198;1456.84;;1706.67
1.68;;1501.46;-42.9969;1458.46;;1706.67
1.69;;1501.46;-41.4893;1459.97;;1706.67
1.7;;1501.46;-38.4839;1462.97;;1706.67
1.71;;1501.46;-38.2729;1463.19;;1706.67
1.72;;1501.46;-42.2596;1459.2;;1706.67
1.73;;1501.46;-40.125;1461.33;;1706.67
1.74;;1501.46;-39.0625;1462.4;;1706.67
1.75;;1501.46;-37.5469;1463.91;;1706.67
1.76;;1501.46;-35.7039;1465.75;;1706.67
1.77;;1501.46;-37.3669;1464.09;;1706.67
1.78;;1501.46;-37.4661;1463.99;;1706.67
1.79;;1501.46;-35.0214;1466.44;;1706.67
1.8;;1501.46;-33.4491;1468.01;;1706.67
1.81;;1501.46;-31.5253;1469.93;;1706.67
1.82;;1501.46;-30.0192;1471.44;;1706.67
1.83;;1501.46;-27.8914;1473.57;;1706.67
1.84;;1501.46;-30.446;1471.01;;1706.67
1.85;;1501.46;-31.1982;1470.26;;1706.67
1.86;;1501.46;-30.3757;1471.08;;1706.67
1.87;;1501.46;-28.7826;1472.68;;1706.67
1.88;;1501.46;-26.2347;1475.22;;1706.67
1.89;;1501.46;-26.741;1474.72;;1706.67
1.9;;1501.46;-27.7112;1473.75;;1706.67
1.91;;1501.46;-26.5621;1474.9;;1706.67
1.92;;1501.46;-26.4924;1474.97;;1706.67
1.93;;1501.46;-24.3954;1477.06;;1706.67
1.94;;1501.46;-21.7212;1479.74;;1706.67
1.95;;1501.46;-23.3092;1478.15;;1706.67
1.96;;1501.46;-22.5988;1478.86;;1706.67
1.97;;1501.46;-23.0214;1478.44;;1706.67
1.98;;1501.46;-22.2373;1479.22;;1706.67
1.99;;1501.46;-19.1244;1482.33;;1706.67
2;;1501.46;-18.0653;1483.39;;1706.67
2.01;;1501.46;-18.6957;1482.76;;1706.67
2.02;;1501.46;-15.1687;1486.29;;1706.67
2.03;;1501.46;-20.5472;1480.91;;1706.67
2.04;;1501.46;-19.1924;1482.27;;1706.67
2.05;;1501.46;-17.0114;1484.45;;1706.67
2.06;;1501.46;-16.4108;1485.05;;1706.67
2.07;;1501.46;-16.5208;1484.94;;1706.67
2.08;;1501.46;-12.7867;1488.67;;1706.67
2.09;;1501.46;-16.4244;1485.03;;1706.67
2.1;;1501.46;-14.818;1486.64;;1706.67
2.11;;1501.46;-13.2341;1488.22;;1706.67
2.12;;1501.46;-10.9093;1490.55;;1706.67
2.13;;1501.46;-10.0656;1491.39;;1706.67
2.14;;1501.46;-9.16516;1492.29;;1706.67
2.15;;1501.46;-13.7454;1487.71;;1706.67
2.16;;1501.46;-12.2427;1489.22;;1706.67
2.17;;1501.46;-10.6624;1490.8;;1706.67
2.18;;1501.46;-9.8302;1491.63;;1706.67
2.19;;1501.46;-10.8781;1490.58;;1706.67
2.2;;1501.46;-8.30701;1493.15;;1706.67
2.21;;1501.46;-10.7979;1490.66;;1706.67
2.22;;1501.46;-8.64307;1492.81;;1706.67
2.23;;1501.46;-7.21985;1494.24;;1706.67
2.24;;1501.46;-6.25488;1495.2;;1706.67
2.25;;1501.46;-4.96997;1496.49;;1706.67
2.26;;1501.46;-3.48254;1497.98;;1706.67
2.27;;1501.46;-6.93738;1494.52;;1706.67
2.28;;1501.46;-5.66577;1495.79;;1706.67
2.29;;1501.46;-5.25696;1496.2;;1706.67
2.3;;1501.46;-3.85657;1497.6;;1706.67
2.31;;1501.46;-1.14417;1500.31;;1706.67
2.32;;1501.46;-1.8999;1499.56;;1706.67
2.33;;1501.46;-4.65234;1496.81;;1706.67
2.34;;1501.46;-3.28967;1498.17;;1706.67
2.35;;1501.46;-3.13147;1498.33;;1706.67
2.36;;1501.46;-1.3075;1500.15;;1706.67
2.37;;1501.46;0.276733;1501.73;;1706.67
2.38;;1501.46;-1.52295;1499.94;;1706.67
2.39;;1501.46;-1.19226;1500.27;;1706.67
2.4;;1501.46;-0.893066;1500.56;;1706.67
2.41;;1501.46;0.0483398;1501.51;;1706.67
2.42;;1501.46;2.50391;1503.96;;1706.67
2.43;;1501.46;3.67676;1505.13;;1706.67
2.44;;1501.46;3.14941;1504.61;;1706.67
2.45;;1501.46;4.86816;1506.33;;1706.67
2.46;;1501.46;0.642822;1502.1;;1706.67
2.47;;1501.46;1.50525;1502.96;;1706.67
2.48;;1501.46;3.104;1504.56;;1706.67
2.49;;1501.46;3.97681;1505.43;;1706.67
2.5;;1501.46;3.28882;1504.75;;1706.67
2.51;;1501.46;6.44299;1507.9;;1706.67
2.52;;1501.46;3.70825;1505.17;;1706.67
2.53;;1501.46;4.61792;1506.08;;1706.67
2.54;;1501.46;6.29236;1507.75;;1706.67
2.55;;1501.46;8.64893;1510.11;;1706.67
2.56;;1501.46;8.52124;1509.98;;1706.67
2.57;;1501.46;9.41394;1510.87;;1706.67
2.58;;1501.46;4.92981;1506.39;;1706.67
2.59;;1501.46;6.07117;1507.53;;1706.67
2.6;;1501.46;7.66235;1509.12;;1706.67
2.61;;1501.46;8.4502;1509.91;;1706.67
2.62;;1501.46;6.57947;1508.04;;1706.67
2.63;;1501.46;9.77246;1511.23;;1706.67
2.64;;1501.46;6.74194;1508.2;;1706.67
2.65;;1501.46;8.85144;1510.31;;1706.67
2.66;;1501.46;9.92725;1511.39;;1706.67
2.67;;1501.46;10.6163;1512.07;;1706.67
2.68;;1501.46;11.4126;1512.87;;1706.67
2.69;;1501.46;12.7109;1514.17;;1706.67
2.7;;1501.46;9.59985;1511.06;;1706.67
2.71;;1501.46;10.8746;1512.33;;1706.67
2.72;;1501.46;10.9183;1512.38;;1706.67
2.73;;1501.46;12.5592;1514.02;;1706.67
2.74;;1501.46;14.7371;1516.2;;1706.67
2.75;;1501.46;14.1019;1515.56;;1706.67
2.76;;1501.46;11.0389;1512.5;;1706.67
2.77;;1501.46;12.0443;1513.5;;1706.67
2.78;;1501.46;12.1926;1513.65;;1706.67
2.79;;1501.46;13.7872;1515.25;;1706.67
2.8;;1501.46;14.6711;1516.13;;1706.67
2.81;;1501.46;12.7904;1514.25;;1706.67
2.82;;1501.46;13.4299;1514.89;;1706.67
2.83;;1501.46;14.0874;1515.55;;1706.67
2.84;;1501.46;14.8004;1516.26;;1706.67
2.85;;1501.46;17.0465;1518.5;;1706.67
2.86;;1501.46;17.8215;1519.28;;1706.67
2.87;;1501.46;17.7025;1519.16;;1706.67
2.88;;1501.46;18.6893;1520.15;;1706.67
2.89;;1501.46;14.4998;1515.96;;1706.67
2.9;;1501.46;15.3746;1516.83;;1706.67
2.91;;1501.46;16.6497;1518.11;;1706.67
2.92;;1501.46;17.7883;1519.25;;1706.67
2.93;;1501.46;16.7749;1518.23;;1706.67
2.94;;1501.46;19.4139;1520.87;;1706.67
2.95;;1501.46;17.0474;1518.51;;1706.67
2.96;;1501.46;17.5775;1519.04;;1706.67
2.97;;1501.46;19.1168;1520.57;;1706.67
2.98;;1501.46;21.5211;1522.98;;1706.67
2.99;;1501.46;21.0183;1522.48;;1706.67
3;;1501.46;22.1168;1523.57;;1706.67
3.01;;1501.46;17.5354;1518.99;;1706.67
3.02;;1501.46;18.7085;1520.17;;1706.67
3.03;;1501.46;20.2603;1521.72;;1706.67
3.04;;1501.46;21.0239;1522.48;;1706.67
3.05;;1501.46;19.6639;1521.12;;1706.67
3.06;;1501.46;22.1729;1523.63;;1706.67
3.07;;1501.46;18.6865;1520.14;;1706.67
3.08;;1501.46;20.5341;1521.99;;1706.67
3.09;;1501.46;21.463;1522.92;;1706.67
3.1;;1501.46;21.9531;1523.41;;1706.67
3.11;;1501.46;22.6562;1524.11;;1706.67
3.12;;1501.46;23.9189;1525.38;;1706.67
3.13;;1501.46;20.8043;1522.26;;1706.67
3.14;;1501.46;22.1068;1523.56;;1706.67
3.15;;1501.46;22.1329;1523.59;;1706.67
3.16;;1501.46;23.8293;1525.29;;1706.67
3.17;;1501.46;25.7896;1527.25;;1706.67
3.18;;1501.46;24.6082;1526.07;;1706.67
3.19;;1501.46;22.0498;1523.51;;1706.67
3.2;;1501.46;22.5271;1523.99;;1706.67
3.21;;1501.46;22.7806;1524.24;;1706.67
3.22;;1501.46;24.2059;1525.66;;1706.67
3.23;;1501.46;24.9261;1526.38;;1706.67
3.24;;1501.46;23.2856;1524.74;;1706.67
3.25;;1501.46;23.5969;1525.05;;1706.67
3.26;;1501.46;24.0352;1525.49;;1706.67
3.27;;1501.46;24.811;1526.27;;1706.67
3.28;;1501.46;26.9084;1528.37;;1706.67
3.29;;1501.46;27.6654;1529.12;;1706.67
3.3;;1501.46;27.9764;1529.43;;1706.67
3.31;;1501.46;28.014;1529.47;;1706.67
3.32;;1501.46;24.304;1525.76;;1706.67
3.33;;1501.46;24.6849;1526.14;;1706.67
3.34;;1501.46;25.8448;1527.3;;1706.67
3.35;;1501.46;27.0732;1528.53;;1706.67
3.36;;1501.46;25.8571;1527.32;;1706.67
3.37;;1501.46;28.7482;1530.21;;1706.67
3.38;;1501.46;25.9742;1527.43;;1706.67
3.39;;1501.46;26.7755;1528.23;;1706.67
3.4;;1501.46;27.9935;1529.45;;1706.67
3.41;;1501.46;30.1947;1531.65;;1706.67
3.42;;1501.46;29.6445;1531.1;;1706.67
3.43;;1501.46;30.6208;1532.08;;1706.67
3.44;;1501.46;26.2756;1527.73;;1706.67
3.45;;1501.46;27.1632;1528.62;;1706.67
3.46;;1501.46;28.5312;1529.99;;1706.67
3.47;;1501.46;29.2089;1530.67;;1706.67
3.48;;1501.46;28.004;1529.46;;1706.67
3.49;;1501.46;29.7617;1531.22;;1706.67
3.5;;1501.46;26.9764;1528.43;;1706.67
3.51;;1501.46;28.848;1530.31;;1706.67
3.52;;1501.46;29.4594;1530.92;;1706.67
3.53;;1501.46;30.3024;1531.76;;1706.67
3.54;;1501.46;31.2808;1532.74;;1706.67
3.55;;1501.46;31.587;1533.05;;1706.67
3.56;;1501.46;28.8;1530.26;;1706.67
3.57;;1501.46;29.9736;1531.43;;1706.67
3.58;;1501.46;29.9384;1531.4;;1706.67
3.59;;1501.46;31.8173;1533.28;;1706.67
3.6;;1501.46;33.2651;1534.72;;1706.67
3.61;;1501.46;32.6986;1534.16;;1706.67
3.62;;1501.46;28.9047;1530.36;;1706.67
3.63;;1501.46;29.8453;1531.3;;1706.67
3.64;;1501.46;30.193;1531.65;;1706.67
3.65;;1501.46;31.462;1532.92;;1706.67
3.66;;1501.46;31.6779;1533.14;;1706.67
3.67;;1501.46;30.1469;1531.6;;1706.67
3.68;;1501.46;30.4285;1531.89;;1706.67
3.69;;1501.46;31.0417;1532.5;;1706.67
3.7;;1501.46;31.9199;1533.38;;1706.67
3.71;;1501.46;33.8199;1535.28;;1706.67
3.72;;1501.46;34.5328;1535.99;;1706.67
3.73;;1501.46;35.049;1536.51;;1706.67
3.74;;1501.46;34.5693;1536.03;;1706.67
3.75;;1501.46;30.9948;1532.45;;1706.67
3.76;;1501.46;31.5114;1532.97;;1706.67
3.77;;1501.46;32.4713;1533.93;;1706.67
3.78;;1501.46;33.9343;1535.39;;1706.67
3.79;;1501.46;32.5437;1534;;1706.67
3.8;;1501.46;34.5715;1536.03;;1706.67
3.81;;1501.46;32.2517;1533.71;;1706.67
3.82;;1501.46;32.995;1534.45;;1706.67
3.83;;1501.46;33.9969;1535.45;;1706.67
3.84;;1501.46;36.101;1537.56;;1706.67
3.85;;1501.46;35.2474;1536.71;;1706.67
3.86;;1501.46;36.4609;1537.92;;1706.67
3.87;;1501.46;32.2242;1533.68;;1706.67
3.88;;1501.46;33.2572;1534.72;;1706.67
3.89;;1501.46;34.7866;1536.24;;1706.67
3.9;;1501.46;35.1246;1536.58;;1706.67
3.91;;1501.46;35.0013;1536.46;;1706.67
3.92;;1501.46;36.5828;1538.04;;1706.67
3.93;;1501.46;32.4097;1533.87;;1706.67
3.94;;1501.46;34.0764;1535.53;;1706.67
3.95;;1501.46;34.6774;1536.14;;1706.67
3.96;;1501.46;35.2231;1536.68;;1706.67
3.97;;1501.46;35.8158;1537.27;;1706.67
3.98;;1501.46;37.9968;1539.45;;1706.67
3.99;;1501.46;33.7983;1535.26;;1706.67
4;;1501.46;35.1954;1536.65;;1706.67
4.01;;1501.46;35.2784;1536.74;;1706.67
4.02;;1501.46;37.3219;1538.78;;1706.67
4.03;;1501.46;38.4348;1539.89;;1706.67
4.04;;1501.46;39.0739;1540.53;;1706.67
4.05;;1501.46;33.8325;1535.29;;1706.67
4.06;;1501.46;34.7762;1536.23;;1706.67
4.07;;1501.46;35.1735;1536.63;;1706.67
4.08;;1501.46;36.1818;1537.64;;1706.67
4.09;;1501.46;35.9725;1537.43;;1706.67
4.1;;1501.46;35.4521;1536.91;;1706.67
4.11;;1501.46;34.6469;1536.1;;1706.67
4.12;;1501.46;35.8033;1537.26;;1706.67
4.13;;1501.46;36.4536;1537.91;;1706.67
4.14;;1501.46;37.998;1539.46;;1706.67
4.15;;1501.46;38.9443;1540.4;;1706.67
4.16;;1501.46;39.3149;1540.77;;1706.67
4.17;;1501.46;38.7592;1540.22;;1706.67
4.18;;1501.46;35.6119;1537.07;;1706.67
4.19;;1501.46;35.9095;1537.37;;1706.67
4.2;;1501.46;37.0135;1538.47;;1706.67
4.21;;1501.46;38.3619;1539.82;;1706.67
4.22;;1501.46;37.0822;1538.54;;1706.67
4.23;;1501.46;38.4653;1539.92;;1706.67
4.24;;1501.46;36.3136;1537.77;;1706.67
4.25;;1501.46;36.8165;1538.27;;1706.67
4.26;;1501.46;38.0389;1539.5;;1706.67
4.27;;1501.46;39.6313;1541.09;;1706.67
4.28;;1501.46;38.6688;1540.13;;1706.67
4.29;;1501.46;40.1075;1541.57;;1706.67
4.3;;1501.46;36.1095;1537.57;;1706.67
4.31;;1501.46;37.0775;1538.54;;1706.67
4.32;;1501.46;38.696;1540.15;;1706.67
4.33;;1501.46;39.0085;1540.47;;1706.67
4.34;;1501.46;38.7225;1540.18;;1706.67
4.35;;1501.46;40.6176;1542.08;;1706.67
4.36;;1501.46;36.1184;1537.58;;1706.67
4.37001;;1501.46;37.6991;1539.16;;1706.67
4.38001;;1501.46;38.0487;1539.51;;1706.67
4.39001;;1501.46;38.8145;1540.27;;1706.67
4.40001;;1501.46;39.0138;1540.47;;1706.67
4.41001;;1501.46;41.4094;1542.87;;1706.67
4.42001;;1501.46;37.1428;1538.6;;1706.67
4.43001;;1501.46;38.4371;1539.9;;1706.67
4.44001;;1501.46;38.6938;1540.15;;1706.67
4.45001;;1501.46;40.5782;1542.04;;1706.67
4.46001;;1501.46;41.8958;1543.35;;1706.67
4.47001;;1501.46;41.8044;1543.26;;1706.67
4.48001;;1501.46;37.2458;1538.7;;1706.67
4.49001;;1501.46;38.0513;1539.51;;1706.67
4.50001;;1501.46;38.2834;1539.74;;1706.67
4.51001;;1501.46;39.4171;1540.88;;1706.67
4.52001;;1501.46;39.2319;1540.69;;1706.67
4.53001;;1501.46;38.3641;1539.82;;1706.67
4.54001;;1501.46;38.2053;1539.66;;1706.67
4.55001;;1501.46;38.826;1540.28;;1706.67
4.56001;;1501.46;39.5697;1541.03;;1706.67
4.57001;;1501.46;41.2437;1542.7;;1706.67
4.58001;;1501.46;42.0634;1543.52;;1706.67
4.59001;;1501.46;42.1101;1543.57;;1706.67
4.60001;;1501.46;41.4199;1542.88;;1706.67
4.61001;;1501.46;38.5643;1540.02;;1706.67
4.62001;;1501.46;38.6215;1540.08;;1706.67
4.63001;;1501.46;39.9277;1541.39;;1706.67
4.64001;;1501.46;41.0844;1542.54;;1706.67
4.65001;;1501.46;40.0164;1541.47;;1706.67
4.66001;;1501.46;41.3835;1542.84;;1706.67
4.67001;;1501.46;39.2524;1540.71;;1706.67
4.68001;;1501.46;39.722;1541.18;;1706.67
4.69001;;1501.46;41.0697;1542.53;;1706.67
4.70001;;1501.46;42.5983;1544.06;;1706.67
4.71001;;1501.46;41.4724;1542.93;;1706.67
4.72001;;1501.46;42.7725;1544.23;;1706.67
4.73001;;1501.46;39.0341;1540.49;;1706.67
4.74001;;1501.46;39.7329;1541.19;;1706.67
4.75001;;1501.46;41.6469;1543.1;;1706.67
4.76001;;1501.46;42.1608;1543.62;;1706.67
4.77001;;1501.46;41.5835;1543.04;;1706.67
4.78001;;1501.46;43.3083;1544.77;;1706.67
4.79001;;1501.46;38.9272;1540.39;;1706.67
4.80001;;1501.46;40.3486;1541.81;;1706.67
4.81002;;1501.46;40.6346;1542.09;;1706.67
4.82002;;1501.46;41.343;1542.8;;1706.67
4.83002;;1501.46;41.0742;1542.53;;1706.67
4.84002;;1501.46;44.2242;1545.68;;1706.67
4.85002;;1501.46;39.9078;1541.37;;1706.67
4.86002;;1501.46;41.0676;1542.53;;1706.67
4.87002;;1501.46;41.3237;1542.78;;1706.67
4.88002;;1501.46;43.4462;1544.9;;1706.67
4.89002;;1501.46;44.3446;1545.8;;1706.67
4.90002;;1501.46;44.3519;1545.81;;1706.67
4.91002;;1501.46;39.6102;1541.07;;1706.67
4.92002;;1501.46;40.4637;1541.92;;1706.67
4.93002;;1501.46;40.7595;1542.22;;1706.67
4.94002;;1501.46;41.8204;1543.28;;1706.67
4.95002;;1501.46;41.0273;1542.49;;1706.67
4.96002;;1501.46;40.8748;1542.33;;1706.67
4.97002;;1501.46;40.2443;1541.7;;1706.67
4.98002;;1501.46;41.1921;1542.65;;1706.67
4.99002;;1501.46;41.7672;1543.23;;1706.67
5.00002;;1501.46;43.1333;1544.59;;1706.67
5.01002;;1501.46;44.1919;1545.65;;1706.67
5.02002;;1501.46;44.0533;1545.51;;1706.67
5.03002;;1501.46;43.4596;1544.92;;1706.67
5.04002;;1501.46;40.5637;1542.02;;1706.67
5.05002;;1501.46;40.9567;1542.41;;1706.67
5.06002;;1501.46;42.0151;1543.47;;1706.67
5.07002;;1501.46;43.4963;1544.95;;1706.67
5.08002;;1501.46;42.3149;1543.77;;1706.67
5.09002;;1501.46;43.0621;1544.52;;1706.67
5.10002;;1501.46;41.1567;1542.61;;1706.67
5.11002;;1501.46;41.6567;1543.11;;1706.67
5.12002;;1501.46;42.8448;1544.3;;1706.67
5.13002;;1501.46;44.2545;1545.71;;1706.67
5.14002;;1501.46;42.9913;1544.45;;1706.67
5.15002;;1501.46;44.5931;1546.05;;1706.67
5.16002;;1501.46;40.8873;1542.35;;1706.67
5.17002;;1501.46;41.6313;1543.09;;1706.67
5.18002;;1501.46;43.1012;1544.56;;1706.67
5.19002;;1501.46;43.6667;1545.12;;1706.67
5.20002;;1501.46;43.5149;1544.97;;1706.67
5.21002;;1501.46;45.67;1547.13;;1706.67
5.22002;;1501.46;40.5867;1542.04;;1706.67
5.23002;;1501.46;42.0667;1543.52;;1706.67
5.24003;;1501.46;42.2097;1543.67;;1706.67
5.25003;;1501.46;42.946;1544.4;;1706.67
5.26003;;1501.46;42.8884;1544.35;;1706.67
5.27003;;1501.46;45.7993;1547.26;;1706.67
5.28003;;1501.46;41.5687;1543.03;;1706.67
5.29003;;1501.46;42.6632;1544.12;;1706.67
5.30003;;1501.46;42.8986;1544.36;;1706.67
5.31003;;1501.46;45.1301;1546.59;;1706.67
5.32003;;1501.46;46.0389;1547.5;;1706.67
5.33003;;1501.46;46.3;1547.76;;1706.67
5.34003;;1501.46;41.1759;1542.63;;1706.67
5.35003;;1501.46;42.0208;1543.48;;1706.67
5.36003;;1501.46;42.3966;1543.85;;1706.67
5.37003;;1501.46;43.498;1544.96;;1706.67
5.38003;;1501.46;42.7738;1544.23;;1706.67
5.39003;;1501.46;42.3398;1543.8;;1706.67
5.40003;;1501.46;41.7623;1543.22;;1706.67
5.41003;;1501.46;42.676;1544.13;;1706.67
5.42003;;1501.46;43.4907;1544.95;;1706.67
5.43003;;1501.46;45.0023;1546.46;;1706.67
5.44003;;1501.46;45.7854;1547.24;;1706.67
5.45003;;1501.46;45.8267;1547.28;;1706.67
5.46003;;1501.46;45.4747;1546.93;;1706.67
5.47003;;1501.46;42.0538;1543.51;;1706.67
5.48003;;1501.46;42.5344;1543.99;;1706.67
5.49003;;1501.46;43.4825;1544.94;;1706.67
5.50003;;1501.46;44.9425;1546.4;;1706.67
5.51003;;1501.46;43.6812;1545.14;;1706.67
5.52003;;1501.46;45.0981;1546.56;;1706.67
5.53003;;1501.46;42.665;1544.12;;1706.67
5.54003;;1501.46;43.4211;1544.88;;1706.67
5.55003;;1501.46;44.593;1546.05;;1706.67
5.56003;;1501.46;46.0951;1547.55;;1706.67
5.57003;;1501.46;45.0902;1546.55;;1706.67
5.58003;;1501.46;46.5192;1547.98;;1706.67
5.59003;;1501.46;42.3448;1543.8;;1706.67
5.60003;;1501.46;43.2976;1544.76;;1706.67
5.61003;;1501.46;44.7242;1546.18;;1706.67
5.62003;;1501.46;45.2365;1546.69;;1706.67
5.63003;;1501.46;45.0277;1546.49;;1706.67
5.64003;;1501.46;47.212;1548.67;;1706.67
5.65003;;1501.46;41.9821;1543.44;;1706.67
5.66003;;1501.46;43.5698;1545.03;;1706.67
5.67003;;1501.46;43.7592;1545.22;;1706.67
5.68004;;1501.46;44.6093;1546.07;;1706.67
5.69004;;1501.46;44.5562;1546.01;;1706.67
5.70004;;1501.46;47.103;1548.56;;1706.67
5.71004;;1501.46;43.0649;1544.52;;1706.67
5.72004;;1501.46;44.1185;1545.58;;1706.67
5.73004;;1501.46;44.2281;1545.69;;1706.67
5.74004;;1501.46;46.259;1547.72;;1706.67
5.75004;;1501.46;47.2402;1548.7;;1706.67
5.76004;;1501.46;47.5503;1549.01;;1706.67
5.77004;;1501.46;42.6779;1544.14;;1706.67
5.78004;;1501.46;43.2944;1544.75;;1706.67
5.79004;;1501.46;43.6799;1545.14;;1706.67
5.80004;;1501.46;44.6226;1546.08;;1706.67
5.81004;;1501.46;44.1755;1545.63;;1706.67
5.82004;;1501.46;43.6252;1545.08;;1706.67
5.83004;;1501.46;43.2399;1544.7;;1706.67
5.84004;;1501.46;44.1003;1545.56;;1706.67
5.85004;;1501.46;44.8746;1546.33;;1706.67
5.86004;;1501.46;46.3066;1547.76;;1706.67
5.87004;;1501.46;47.1235;1548.58;;1706.67
5.88004;;1501.46;47.0179;1548.48;;1706.67
5.89004;;1501.46;46.9218;1548.38;;1706.67
5.90004;;1501.46;43.2047;1544.66;;1706.67
5.91004;;1501.46;43.8477;1545.31;;1706.67
5.92004;;1501.46;44.6521;1546.11;;1706.67
5.93004;;1501.46;45.759;1547.22;;1706.67
5.94004;;1501.46;44.623;1546.08;;1706.67
5.95004;;1501.46;46.1483;1547.61;;1706.67
5.96004;;1501.46;43.9293;1545.39;;1706.67
5.97004;;1501.46;44.4694;1545.93;;1706.67
5.98004;;1501.46;45.4948;1546.95;;1706.67
5.99004;;1501.46;47.0183;1548.48;;1706.67
6.00004;;1501.46;46.1743;1547.63;;1706.67
6.01004;;1501.46;47.5046;1548.96;;1706.67
6.02004;;1501.46;43.4841;1544.94;;1706.67
6.03004;;1501.46;44.5155;1545.97;;1706.67
6.04004;;1501.46;45.8397;1547.3;;1706.67
6.05004;;1501.46;46.0378;1547.5;;1706.67
6.06004;;1501.46;45.9777;1547.44;;1706.67
6.07004;;1501.46;47.4552;1548.91;;1706.67
6.08004;;1501.46;43.2395;1544.7;;1706.67
6.09004;;1501.46;44.6779;1546.14;;1706.67
6.10004;;1501.46;44.9692;1546.43;;1706.67
6.11004;;1501.46;45.9106;1547.37;;1706.67
6.12005;;1501.46;46.2415;1547.7;;1706.67
6.13005;;1501.46;48.0509;1549.51;;1706.67
6.14005;;1501.46;44.2639;1545.72;;1706.67
6.15005;;1501.46;45.2059;1546.66;;1706.67
6.16005;;1501.46;45.1619;1546.62;;1706.67
6.17005;;1501.46;47.1805;1548.64;;1706.67
6.18005;;1501.46;48.4434;1549.9;;1706.67
6.19005;;1501.46;47.9409;1549.4;;1706.67
6.20005;;1501.46;43.8044;1545.26;;1706.67
6.21005;;1501.46;44.26;1545.72;;1706.67
6.22005;;1501.46;44.6364;1546.09;;1706.67
6.23005;;1501.46;45.6257;1547.08;;1706.67
6.24005;;1501.46;45.4476;1546.91;;1706.67
6.25005;;1501.46;44.5942;1546.05;;1706.67
6.26005;;1501.46;44.1091;1545.57;;1706.67
6.27005;;1501.46;45.1295;1546.59;;1706.67
6.28005;;1501.46;45.597;1547.06;;1706.67
6.29005;;1501.46;47.2323;1548.69;;1706.67
6.30005;;1501.46;48.1118;1549.57;;1706.67
6.31005;;1501.46;47.8582;1549.32;;1706.67
6.32005;;1501.46;47.8846;1549.34;;1706.67
6.33005;;1501.46;44.3595;1545.82;;1706.67
6.34005;;1501.46;44.6501;1546.11;;1706.67
6.35005;;1501.46;45.6871;1547.15;;1706.67
6.36005;;1501.46;46.7987;1548.26;;1706.67
6.37005;;1501.46;45.4741;1546.93;;1706.67
6.38005;;1501.46;47.359;1548.82;;1706.67
6.39005;;1501.46;44.8094;1546.27;;1706.67
6.40005;;1501.46;45.4631;1546.92;;1706.67
6.41005;;1501.46;46.5255;1547.98;;1706.67
6.42005;;1501.46;48.1447;1549.6;;1706.67
6.43005;;1501.46;47.3989;1548.86;;1706.67
6.44005;;1501.46;48.8027;1550.26;;1706.67
6.45005;;1501.46;44.3073;1545.77;;1706.67
6.46005;;1501.46;45.3221;1546.78;;1706.67
6.47005;;1501.46;46.644;1548.1;;1706.67
6.48005;;1501.46;46.9222;1548.38;;1706.67
6.49005;;1501.46;46.9355;1548.39;;1706.67
6.50005;;1501.46;48.2699;1549.73;;1706.67
6.51005;;1501.46;44.019;1545.48;;1706.67
6.52005;;1501.46;45.4821;1546.94;;1706.67
6.53005;;1501.46;45.8197;1547.28;;1706.67
6.54005;;1501.46;46.5067;1547.96;;1706.67
6.55006;;1501.46;46.9005;1548.36;;1706.67
6.56006;;1501.46;49.1672;1550.63;;1706.67
6.57006;;1501.46;45.0516;1546.51;;1706.67
6.58006;;1501.46;46.1141;1547.57;;1706.67
6.59006;;1501.46;46.1313;1547.59;;1706.67
6.60006;;1501.46;47.9807;1549.44;;1706.67
6.61006;;1501.46;49.2413;1550.7;;1706.67
6.62006;;1501.46;48.7407;1550.2;;1706.67
6.63006;;1501.46;44.8088;1546.27;;1706.67
6.64006;;1501.46;45.3198;1546.78;;1706.67
6.65006;;1501.46;45.6635;1547.12;;1706.67
6.66006;;1501.46;46.5664;1548.02;;1706.67
6.67006;;1501.46;46.4958;1547.95;;1706.67
6.68006;;1501.46;45.1597;1546.62;;1706.67
6.69006;;1501.46;45.2493;1546.71;;1706.67
6.70006;;1501.46;45.7085;1547.17;;1706.67
6.71006;;1501.46;46.4915;1547.95;;1706.67
6.72006;;1501.46;48.161;1549.62;;1706.67
6.73006;;1501.46;48.9836;1550.44;;1706.67
6.74006;;1501.46;48.6704;1550.13;;1706.67
6.75006;;1501.46;48.4038;1549.86;;1706.67
6.76006;;1501.46;45.118;1546.58;;1706.67
6.77006;;1501.46;45.5422;1547;;1706.67
6.78006;;1501.46;46.4097;1547.87;;1706.67
6.79006;;1501.46;47.4594;1548.92;;1706.67
6.80006;;1501.46;46.0483;1547.51;;1706.67
6.81006;;1501.46;48.5261;1549.98;;1706.67
6.82006;;1501.46;45.3651;1546.82;;1706.67
6.83006;;1501.46;46.3806;1547.84;;1706.67
6.84006;;1501.46;47.3669;1548.82;;1706.67
6.85006;;1501.46;48.9325;1550.39;;1706.67
6.86006;;1501.46;48.4426;1549.9;;1706.67
6.87006;;1501.46;49.4836;1550.94;;1706.67
6.88006;;1501.46;45.0731;1546.53;;1706.67
6.89006;;1501.46;45.9326;1547.39;;1706.67
6.90006;;1501.46;47.2598;1548.72;;1706.67
6.91006;;1501.46;47.6312;1549.09;;1706.67
6.92006;;1501.46;47.5717;1549.03;;1706.67
6.93006;;1501.46;49.0286;1550.49;;1706.67
6.94006;;1501.46;44.8005;1546.26;;1706.67
6.95006;;1501.46;46.1799;1547.64;;1706.67
6.96006;;1501.46;46.5426;1548;;1706.67
6.97006;;1501.46;47.406;1548.86;;1706.67
6.98006;;1501.46;47.7573;1549.22;;1706.67
6.99007;;1501.46;49.6152;1551.07;;1706.67
7.00007;;1501.46;45.8308;1547.29;;1706.67
7.01007;;1501.46;46.7546;1548.21;;1706.67
7.02007;;1501.46;46.8405;1548.3;;1706.67
7.03007;;1501.46;48.6512;1550.11;;1706.67
7.04007;;1501.46;49.7938;1551.25;;1706.67
7.05007;;1501.46;49.5233;1550.98;;1706.67
7.06007;;1501.46;45.252;1546.71;;1706.67
7.07007;;1501.46;45.7036;1547.16;;1706.67
7.08007;;1501.46;46.2365;1547.69;;1706.67
7.09007;;1501.46;47.2502;1548.71;;1706.67
7.10007;;1501.46;47.0144;1548.47;;1706.67
7.11007;;1501.46;45.8521;1547.31;;1706.67
7.12007;;1501.46;45.9221;1547.38;;1706.67
7.13007;;1501.46;46.4534;1547.91;;1706.67
7.14007;;1501.46;47.2391;1548.7;;1706.67
7.15007;;1501.46;48.8088;1550.27;;1706.67
7.16007;;1501.46;49.5787;1551.04;;1706.67
7.17007;;1501.46;49.5153;1550.97;;1706.67
7.18007;;1501.46;49.6615;1551.12;;1706.67
7.19007;;1501.46;45.7856;1547.24;;1706.67
7.20007;;1501.46;46.2284;1547.69;;1706.67
7.21007;;1501.46;47.0278;1548.49;;1706.67
7.22007;;1501.46;47.8916;1549.35;;1706.67
7.23007;;1501.46;46.6523;1548.11;;1706.67
7.24007;;1501.46;49.2275;1550.69;;1706.67
7.25007;;1501.46;46.3256;1547.78;;1706.67
7.26007;;1501.46;46.9786;1548.44;;1706.67
7.27007;;1501.46;47.9343;1549.39;;1706.67
7.28007;;1501.46;49.5564;1551.01;;1706.67
7.29007;;1501.46;48.3969;1549.85;;1706.67
7.30007;;1501.46;49.8505;1551.31;;1706.67
7.31007;;1501.46;45.8414;1547.3;;1706.67
7.32007;;1501.46;46.7649;1548.22;;1706.67
7.33007;;1501.46;48.1425;1549.6;;1706.67
7.34007;;1501.46;48.4207;1549.88;;1706.67
7.35007;;1501.46;48.1938;1549.65;;1706.67
7.36007;;1501.46;49.8566;1551.31;;1706.67
7.37007;;1501.46;45.4587;1546.92;;1706.67
7.38007;;1501.46;46.9985;1548.46;;1706.67
7.39007;;1501.46;47.0629;1548.52;;1706.67
7.40007;;1501.46;48.0946;1549.55;;1706.67
7.41007;;1501.46;48.3313;1549.79;;1706.67
7.42007;;1501.46;50.2258;1551.68;;1706.67
7.43008;;1501.46;46.2828;1547.74;;1706.67
7.44008;;1501.46;47.2509;1548.71;;1706.67
7.45008;;1501.46;47.3136;1548.77;;1706.67
7.46008;;1501.46;49.53;1550.99;;1706.67
7.47008;;1501.46;50.3175;1551.78;;1706.67
7.48008;;1501.46;50.1899;1551.65;;1706.67
7.49008;;1501.46;45.8608;1547.32;;1706.67
7.50008;;1501.46;46.4921;1547.95;;1706.67
7.51008;;1501.46;46.5909;1548.05;;1706.67
7.52008;;1501.46;47.7002;1549.16;;1706.67
7.53008;;1501.46;47.5205;1548.98;;1706.67
7.54008;;1501.46;46.3796;1547.84;;1706.67
7.55008;;1501.46;46.3032;1547.76;;1706.67
7.56008;;1501.46;47.1541;1548.61;;1706.67
7.57008;;1501.46;47.5435;1549;;1706.67
7.58008;;1501.46;48.9139;1550.37;;1706.67
7.59008;;1501.46;49.9948;1551.45;;1706.67
7.60008;;1501.46;49.8812;1551.34;;1706.67
7.61008;;1501.46;49.561;1551.02;;1706.67
7.62008;;1501.46;46.1357;1547.59;;1706.67
7.63008;;1501.46;46.5892;1548.05;;1706.67
7.64008;;1501.46;47.2666;1548.72;;1706.67
7.65008;;1501.46;48.634;1550.09;;1706.67
7.66008;;1501.46;47.1396;1548.6;;1706.67
7.67008;;1501.46;49.0999;1550.56;;1706.67
7.68008;;1501.46;46.6412;1548.1;;1706.67
7.69008;;1501.46;47.3973;1548.86;;1706.67
7.70008;;1501.46;48.4323;1549.89;;1706.67
7.71008;;1501.46;50.004;1551.46;;1706.67
7.72008;;1501.46;49.4108;1550.87;;1706.67
7.73008;;1501.46;50.4426;1551.9;;1706.67
7.74008;;1501.46;46.0861;1547.54;;1706.67
7.75008;;1501.46;46.9491;1548.41;;1706.67
7.76008;;1501.46;48.222;1549.68;;1706.67
7.77008;;1501.46;48.5327;1549.99;;1706.67
7.78008;;1501.46;48.6086;1550.07;;1706.67
7.79008;;1501.46;49.7646;1551.22;;1706.67
7.80008;;1501.46;45.8291;1547.29;;1706.67
7.81008;;1501.46;47.2463;1548.7;;1706.67
7.82008;;1501.46;47.4985;1548.96;;1706.67
7.83008;;1501.46;48.2695;1549.73;;1706.67
7.84008;;1501.46;48.3984;1549.86;;1706.67
7.85008;;1501.46;50.8212;1552.28;;1706.67
7.86009;;1501.46;46.4703;1547.93;;1706.67
7.87009;;1501.46;47.7031;1549.16;;1706.67
7.88009;;1501.46;47.7657;1549.22;;1706.67
7.89009;;1501.46;49.5588;1551.02;;1706.67
7.90009;;1501.46;50.6619;1552.12;;1706.67
7.91009;;1501.46;49.9344;1551.39;;1706.67
7.92009;;1501.46;46.3132;1547.77;;1706.67
7.93009;;1501.46;46.8256;1548.28;;1706.67
7.94009;;1501.46;47.0944;1548.55;;1706.67
7.95009;;1501.46;47.9069;1549.36;;1706.67
7.96009;;1501.46;47.9865;1549.44;;1706.67
7.97009;;1501.46;46.728;1548.19;;1706.67
7.98009;;1501.46;46.7617;1548.22;;1706.67
7.99009;;1501.46;47.364;1548.82;;1706.67
8.00009;;1501.46;47.9918;1549.45;;1706.67
8.01009;;1501.46;49.3022;1550.76;;1706.67
8.02009;;1501.46;50.2883;1551.75;;1706.67
8.03009;;1501.46;50.1484;1551.61;;1706.67
8.04009;;1501.46;50.207;1551.67;;1706.67
8.05009;;1501.46;46.3617;1547.82;;1706.67
8.06009;;1501.46;46.9032;1548.36;;1706.67
8.07009;;1501.46;47.4594;1548.92;;1706.67
8.08009;;1501.46;48.5603;1550.02;;1706.67
8.09009;;1501.46;47.0806;1548.54;;1706.67
8.10009;;1501.46;49.9812;1551.44;;1706.67
8.11009;;1501.46;46.9387;1548.4;;1706.67
8.12009;;1501.46;47.6627;1549.12;;1706.67
8.13009;;1501.46;48.5594;1550.02;;1706.67
8.14009;;1501.46;50.4116;1551.87;;1706.67
8.15009;;1501.46;49.6445;1551.1;;1706.67
8.16009;;1501.46;50.9011;1552.36;;1706.67
8.17009;;1501.46;46.2523;1547.71;;1706.67
8.18009;;1501.46;47.4594;1548.92;;1706.67
8.19009;;1501.46;48.4669;1549.92;;1706.67
8.20009;;1501.46;48.8066;1550.26;;1706.67
8.21009;;1501.46;48.3934;1549.85;;1706.67
8.22009;;1501.46;49.29;1550.75;;1706.67
8.23009;;1501.46;46.1152;1547.57;;1706.67
8.24009;;1501.46;47.707;1549.17;;1706.67
8.25009;;1501.46;47.7115;1549.17;;1706.67
8.26009;;1501.46;48.7397;1550.2;;1706.67
8.27009;;1501.46;49.5518;1551.01;;1706.67
8.28009;;1501.46;49.9946;1551.45;;1706.67
8.29009;;1501.46;47.577;1549.04;;1706.67
8.30009;;1501.46;47.8654;1549.32;;1706.67
8.31009;;1501.46;47.6899;1549.15;;1706.67
8.3201;;1501.46;49.4152;1550.87;;1706.67
8.3301;;1501.46;50.8978;1552.36;;1706.67
8.3401;;1501.46;49.9288;1551.39;;1706.67
8.3501;;1501.46;46.4952;1547.95;;1706.67
8.3601;;1501.46;47.0101;1548.47;;1706.67
8.3701;;1501.46;47.306;1548.76;;1706.67
8.3801;;1501.46;48.192;1549.65;;1706.67
8.3901;;1501.46;48.5667;1550.02;;1706.67
8.4001;;1501.46;46.9641;1548.42;;1706.67
8.4101;;1501.46;47.5706;1549.03;;1706.67
8.4201;;1501.46;47.4449;1548.9;;1706.67
8.4301;;1501.46;48.264;1549.72;;1706.67
8.4401;;1501.46;49.8541;1551.31;;1706.67
8.4501;;1501.46;50.8016;1552.26;;1706.67
8.4601;;1501.46;50.5282;1551.99;;1706.67
8.4701;;1501.46;51.6055;1553.06;;1706.67
8.4801;;1501.46;46.5952;1548.05;;1706.67
8.4901;;1501.46;47.3286;1548.79;;1706.67
8.5001;;1501.46;47.8411;1549.3;;1706.67
8.5101;;1501.46;49.0109;1550.47;;1706.67
8.5201;;1501.46;47.3365;1548.79;;1706.67
8.5301;;1501.46;50.1152;1551.57;;1706.67
8.5401;;1501.46;47.4724;1548.93;;1706.67
8.5501;;1501.46;48.1486;1549.61;;1706.67
8.5601;;1501.46;49.0636;1550.52;;1706.67
8.5701;;1501.46;50.7972;1552.26;;1706.67
8.5801;;1501.46;49.9288;1551.39;;1706.67
8.5901;;1501.46;51.2263;1552.68;;1706.67
8.6001;;1501.46;46.5787;1548.04;;1706.67
8.6101;;1501.46;47.7429;1549.2;;1706.67
8.6201;;1501.46;48.7428;1550.2;;1706.67
8.6301;;1501.46;49.1235;1550.58;;1706.67
8.6401;;1501.46;49.1348;1550.59;;1706.67
8.6501;;1501.46;50.3619;1551.82;;1706.67
8.6601;;1501.46;46.4736;1547.93;;1706.67
8.6701;;1501.46;47.9089;1549.37;;1706.67
8.6801;;1501.46;48.2662;1549.72;;1706.67
8.6901;;1501.46;49.1989;1550.66;;1706.67
8.7001;;1501.46;49.8994;1551.36;;1706.67
8.7101;;1501.46;50.5955;1552.05;;1706.67
8.7201;;1501.46;47.7325;1549.19;;1706.67
8.7301;;1501.46;48.2963;1549.75;;1706.67
8.7401;;1501.46;48.2365;1549.69;;1706.67
8.7501;;1501.46;50.0833;1551.54;;1706.67
8.76011;;1501.46;51.1877;1552.65;;1706.67
8.77011;;1501.46;50.1202;1551.58;;1706.67
8.78011;;1501.46;47.2482;1548.71;;1706.67
8.79011;;1501.46;47.5538;1549.01;;1706.67
8.80011;;1501.46;47.8822;1549.34;;1706.67
8.81011;;1501.46;48.8322;1550.29;;1706.67
8.82011;;1501.46;48.8719;1550.33;;1706.67
8.83011;;1501.46;47.3984;1548.86;;1706.67
8.84011;;1501.46;47.8131;1549.27;;1706.67
8.85011;;1501.46;47.8833;1549.34;;1706.67
8.86011;;1501.46;48.6611;1550.12;;1706.67
8.87011;;1501.46;50.3057;1551.76;;1706.67
8.88011;;1501.46;51.1626;1552.62;;1706.67
8.89011;;1501.46;51.0035;1552.46;;1706.67
8.90011;;1501.46;51.3188;1552.78;;1706.67
8.91011;;1501.46;47.0455;1548.5;;1706.67
8.92011;;1501.46;47.8309;1549.29;;1706.67
8.93011;;1501.46;48.2126;1549.67;;1706.67
8.94011;;1501.46;49.4355;1550.89;;1706.67
8.95011;;1501.46;47.889;1549.35;;1706.67
8.96011;;1501.46;51.1191;1552.58;;1706.67
8.97011;;1501.46;47.8802;1549.34;;1706.67
8.98011;;1501.46;48.6556;1550.11;;1706.67
8.99011;;1501.46;49.4707;1550.93;;1706.67
9.00011;;1501.46;51.5085;1552.97;;1706.67
9.01011;;1501.46;51.0212;1552.48;;1706.67
9.02011;;1501.46;51.8044;1553.26;;1706.67
9.03011;;1501.46;46.939;1548.4;;1706.67
9.04011;;1501.46;48.059;1549.52;;1706.67
9.05011;;1501.46;49.1748;1550.63;;1706.67
9.06011;;1501.46;49.3792;1550.84;;1706.67
9.07011;;1501.46;49.1948;1550.65;;1706.67
9.08011;;1501.46;50.4572;1551.92;;1706.67
9.09011;;1501.46;46.9973;1548.46;;1706.67
9.10011;;1501.46;48.3109;1549.77;;1706.67
9.11011;;1501.46;48.5876;1550.05;;1706.67
9.12011;;1501.46;49.5903;1551.05;;1706.67
9.13011;;1501.46;50.3542;1551.81;;1706.67
9.14011;;1501.46;50.793;1552.25;;1706.67
9.15011;;1501.46;48.4231;1549.88;;1706.67
9.16011;;1501.46;48.6079;1550.07;;1706.67
9.17011;;1501.46;48.502;1549.96;;1706.67
9.18011;;1501.46;50.3608;1551.82;;1706.67
9.19011;;1501.46;51.4954;1552.95;;1706.67
9.20012;;1501.46;50.4093;1551.87;;1706.67
9.21012;;1501.46;47.6566;1549.11;;1706.67
9.22012;;1501.46;47.8098;1549.27;;1706.67
9.23012;;1501.46;48.1938;1549.65;;1706.67
9.24012;;1501.46;49.3129;1550.77;;1706.67
9.25012;;1501.46;49.3026;1550.76;;1706.67
9.26012;;1501.46;47.7065;1549.16;;1706.67
9.27012;;1501.46;48.363;1549.82;;1706.67
9.28012;;1501.46;48.3242;1549.78;;1706.67
9.29012;;1501.46;49.1566;1550.61;;1706.67
9.30012;;1501.46;50.6677;1552.13;;1706.67
9.31012;;1501.46;51.2305;1552.69;;1706.67
9.32012;;1501.46;51.0048;1552.46;;1706.67
9.33012;;1501.46;52.1555;1553.61;;1706.67
9.34012;;1501.46;47.3033;1548.76;;1706.67
9.35012;;1501.46;48.1792;1549.64;;1706.67
9.36012;;1501.46;48.5875;1550.05;;1706.67
9.37012;;1501.46;49.5377;1551;;1706.67
9.38012;;1501.46;48.0222;1549.48;;1706.67
9.39012;;1501.46;51.691;1553.15;;1706.67
9.40012;;1501.46;48.0616;1549.52;;1706.67
9.41012;;1501.46;48.8823;1550.34;;1706.67
9.42012;;1501.46;49.6497;1551.11;;1706.67
9.43012;;1501.46;51.7076;1553.17;;1706.67
9.44012;;1501.46;51.3267;1552.78;;1706.67
9.45012;;1501.46;52.249;1553.71;;1706.67
9.46012;;1501.46;47.4139;1548.87;;1706.67
9.47012;;1501.46;48.4382;1549.9;;1706.67
9.48012;;1501.46;49.3811;1550.84;;1706.67
9.49012;;1501.46;49.8265;1551.28;;1706.67
9.50012;;1501.46;49.2592;1550.72;;1706.67
9.51012;;1501.46;50.3234;1551.78;;1706.67
9.52012;;1501.46;47.2059;1548.66;;1706.67
9.53012;;1501.46;48.8054;1550.26;;1706.67
9.54012;;1501.46;48.8619;1550.32;;1706.67
9.55012;;1501.46;49.8982;1551.36;;1706.67
9.56012;;1501.46;50.6738;1552.13;;1706.67
9.57012;;1501.46;50.9548;1552.41;;1706.67
9.58012;;1501.46;48.7424;1550.2;;1706.67
9.59012;;1501.46;48.7653;1550.22;;1706.67
9.60012;;1501.46;48.7153;1550.17;;1706.67
9.61012;;1501.46;50.3868;1551.84;;1706.67
9.62012;;1501.46;52.0463;1553.5;;1706.67
9.63013;;1501.46;50.3221;1551.78;;1706.67
9.64013;;1501.46;47.911;1549.37;;1706.67
9.65013;;1501.46;48.2469;1549.7;;1706.67
9.66013;;1501.46;48.4355;1549.89;;1706.67
9.67013;;1501.46;49.4669;1550.92;;1706.67
9.68013;;1501.46;49.8352;1551.29;;1706.67
9.69013;;1501.46;48.3558;1549.81;;1706.67
9.70013;;1501.46;49.3864;1550.84;;1706.67
9.71013;;1501.46;48.4465;1549.9;;1706.67
9.72013;;1501.46;49.1661;1550.62;;1706.67
9.73013;;1501.46;50.9036;1552.36;;1706.67
9.74013;;1501.46;51.6254;1553.08;;1706.67
9.75013;;1501.46;51.4841;1552.94;;1706.67
9.76013;;1501.46;52.7021;1554.16;;1706.67
9.77013;;1501.46;47.6965;1549.15;;1706.67
9.78013;;1501.46;48.3734;1549.83;;1706.67
9.79013;;1501.46;49.0074;1550.47;;1706.67
9.80013;;1501.46;49.7867;1551.24;;1706.67
9.81013;;1501.46;48.3938;1549.85;;1706.67
9.82013;;1501.46;51.9561;1553.41;;1706.67
9.83013;;1501.46;48.4011;1549.86;;1706.67
9.84013;;1501.46;49.2461;1550.7;;1706.67
9.85013;;1501.46;50.113;1551.57;;1706.67
9.86013;;1501.46;52.1528;1553.61;;1706.67
9.87013;;1501.46;51.9852;1553.44;;1706.67
9.88013;;1501.46;52.6097;1554.07;;1706.67
9.89013;;1501.46;47.5118;1548.97;;1706.67
9.90013;;1501.46;48.5129;1549.97;;1706.67
9.91013;;1501.46;49.4646;1550.92;;1706.67
9.92013;;1501.46;49.8994;1551.36;;1706.67
9.93013;;1501.46;48.8909;1550.35;;1706.67
9.94013;;1501.46;50.0133;1551.47;;1706.67
9.95013;;1501.46;47.7617;1549.22;;1706.67
9.96013;;1501.46;49.2706;1550.73;;1706.67
9.97013;;1501.46;49.2169;1550.67;;1706.67
9.98013;;1501.46;50.4052;1551.86;;1706.67
9.99013;;1501.46;51.3007;1552.76;;1706.67
10.0001;;1501.46;50.8986;1552.36;;1706.67
10.0101;;1501.46;49.382;1550.84;;1706.67
10.0201;;1501.46;48.9945;1550.45;;1706.67
10.0301;;1501.46;48.8901;1550.35;;1706.67
10.0401;;1501.46;50.514;1551.97;;1706.67
10.0501;;1501.46;51.9543;1553.41;;1706.67
10.0601;;1501.46;50.373;1551.83;;1706.67
10.0701;;1501.46;48.2238;1549.68;;1706.67
10.0801;;1501.46;48.3624;1549.82;;1706.67
10.0901;;1501.46;48.8322;1550.29;;1706.67
10.1001;;1501.46;49.7614;1551.22;;1706.67
10.1101;;1501.46;50.2614;1551.72;;1706.67
10.1201;;1501.46;48.3857;1549.84;;1706.67
10.1301;;1501.46;49.2194;1550.68;;1706.67
10.1401;;1501.46;48.6147;1550.07;;1706.67
10.1501;;1501.46;49.5459;1551;;1706.67
10.1601;;1501.46;51.0208;1552.48;;1706.67
10.1701;;1501.46;51.9741;1553.43;;1706.67
10.1801;;1501.46;51.5498;1553.01;;1706.67
10.1901;;1501.46;52.8743;1554.33;;1706.67
10.2001;;1501.46;47.8353;1549.29;;1706.67
10.2101;;1501.46;48.6646;1550.12;;1706.67
10.2201;;1501.46;48.9694;1550.43;;1706.67
10.2301;;1501.46;50.1086;1551.57;;1706.67
10.2401;;1501.46;48.524;1549.98;;1706.67
10.2501;;1501.46;52.2496;1553.71;;1706.67
10.2601;;1501.46;48.4766;1549.93;;1706.67
10.2701;;1501.46;49.4344;1550.89;;1706.67
10.2801;;1501.46;50.2639;1551.72;;1706.67
10.2901;;1501.46;52.194;1553.65;;1706.67
10.3001;;1501.46;52.2495;1553.71;;1706.67
10.3101;;1501.46;52.8542;1554.31;;1706.67
10.3201;;1501.46;47.8046;1549.26;;1706.67
10.3301;;1501.46;48.5918;1550.05;;1706.67
10.3401;;1501.46;49.6084;1551.07;;1706.67
10.3501;;1501.46;50.0994;1551.56;;1706.67
10.3601;;1501.46;48.986;1550.44;;1706.67
10.3701;;1501.46;50.3726;1551.83;;1706.67
10.3801;;1501.46;47.7965;1549.25;;1706.67
10.3901;;1501.46;49.3945;1550.85;;1706.67
10.4001;;1501.46;49.5018;1550.96;;1706.67
10.4101;;1501.46;50.7026;1552.16;;1706.67
10.4201;;1501.46;51.573;1553.03;;1706.67
10.4301;;1501.46;50.8575;1552.32;;1706.67
10.4401;;1501.46;49.5911;1551.05;;1706.67
10.4501;;1501.46;49.1655;1550.62;;1706.67
10.4601;;1501.46;49.0999;1550.56;;1706.67
10.4701;;1501.46;50.8105;1552.27;;1706.67
10.4801;;1501.46;51.6289;1553.09;;1706.67
10.4901;;1501.46;50.2402;1551.7;;1706.67
10.5001;;1501.46;49.4749;1550.93;;1706.67
10.5101;;1501.46;48.745;1550.2;;1706.67
10.5201;;1501.46;49.165;1550.62;;1706.67
10.5301;;1501.46;50.0874;1551.55;;1706.67
10.5401;;1501.46;50.3851;1551.84;;1706.67
10.5501;;1501.46;48.4731;1549.93;;1706.67
10.5601;;1501.46;48.9979;1550.46;;1706.67
10.5701;;1501.46;49.0201;1550.48;;1706.67
10.5801;;1501.46;49.6792;1551.14;;1706.67
10.5901;;1501.46;51.1733;1552.63;;1706.67
10.6001;;1501.46;52.1906;1553.65;;1706.67
10.6101;;1501.46;52.0312;1553.49;;1706.67
10.6201;;1501.46;52.2605;1553.72;;1706.67
10.6301;;1501.46;47.8842;1549.34;;1706.67
10.6401;;1501.46;48.6768;1550.13;;1706.67
10.6501;;1501.46;49.0806;1550.54;;1706.67
10.6601;;1501.46;50.3281;1551.79;;1706.67
10.6701;;1501.46;48.5966;1550.05;;1706.67
10.6801;;1501.46;52.5223;1553.98;;1706.67
10.6901;;1501.46;48.7592;1550.22;;1706.67
10.7001;;1501.46;49.6746;1551.13;;1706.67
10.7101;;1501.46;50.2517;1551.71;;1706.67
10.7201;;1501.46;52.4176;1553.88;;1706.67
10.7302;;1501.46;51.3604;1552.82;;1706.67
10.7402;;1501.46;52.844;1554.3;;1706.67
10.7502;;1501.46;47.806;1549.26;;1706.67
10.7602;;1501.46;48.7817;1550.24;;1706.67
10.7702;;1501.46;49.9515;1551.41;;1706.67
10.7802;;1501.46;50.0367;1551.49;;1706.67
10.7902;;1501.46;49.0848;1550.54;;1706.67
10.8002;;1501.46;50.5938;1552.05;;1706.67
10.8102;;1501.46;47.9213;1549.38;;1706.67
10.8202;;1501.46;49.4696;1550.93;;1706.67
10.8302;;1501.46;49.5634;1551.02;;1706.67
10.8402;;1501.46;50.6162;1552.07;;1706.67
10.8502;;1501.46;51.5935;1553.05;;1706.67
10.8602;;1501.46;51.0594;1552.52;;1706.67
10.8702;;1501.46;49.2177;1550.68;;1706.67
10.8802;;1501.46;49.2295;1550.69;;1706.67
10.8902;;1501.46;49.1036;1550.56;;1706.67
10.9002;;1501.46;50.8785;1552.34;;1706.67
10.9102;;1501.46;52.2631;1553.72;;1706.67
10.9202;;1501.46;50.4624;1551.92;;1706.67
10.9302;;1501.46;48.379;1549.84;;1706.67
10.9402;;1501.46;48.6329;1550.09;;1706.67
10.9502;;1501.46;48.8519;1550.31;;1706.67
10.9602;;1501.46;50.0795;1551.54;;1706.67
10.9702;;1501.46;50.6624;1552.12;;1706.67
10.9802;;1501.46;48.5804;1550.04;;1706.67
10.9902;;1501.46;49.8;1551.26;;1706.67
11.0002;;1501.46;48.8901;1550.35;;1706.67
11.0102;;1501.46;49.7921;1551.25;;1706.67
11.0202;;1501.46;51.198;1552.66;;1706.67
11.0302;;1501.46;51.8617;1553.32;;1706.67
11.0402;;1501.46;51.4559;1552.91;;1706.67
11.0502;;1501.46;53.6021;1555.06;;1706.67
11.0602;;1501.46;47.8615;1549.32;;1706.67
11.0702;;1501.46;48.9022;1550.36;;1706.67
11.0802;;1501.46;49.1342;1550.59;;1706.67
11.0902;;1501.46;50.0509;1551.51;;1706.67
11.1002;;1501.46;48.9891;1550.45;;1706.67
11.1102;;1501.46;52.7506;1554.21;;1706.67
11.1202;;1501.46;48.4742;1549.93;;1706.67
11.1302;;1501.46;49.6667;1551.12;;1706.67
11.1402;;1501.46;50.2812;1551.74;;1706.67
11.1502;;1501.46;52.3698;1553.83;;1706.67
11.1602;;1501.46;52.3969;1553.85;;1706.67
11.1702;;1501.46;53.342;1554.8;;1706.67
11.1802;;1501.46;47.7706;1549.23;;1706.67
11.1902;;1501.46;48.9484;1550.41;;1706.67
11.2002;;1501.46;49.7247;1551.18;;1706.67
11.2102;;1501.46;50.0452;1551.5;;1706.67
11.2202;;1501.46;48.9146;1550.37;;1706.67
11.2302;;1501.46;50.5245;1551.98;;1706.67
11.2402;;1501.46;47.8973;1549.36;;1706.67
11.2502;;1501.46;49.3651;1550.82;;1706.67
11.2602;;1501.46;49.7279;1551.19;;1706.67
11.2702;;1501.46;50.6012;1552.06;;1706.67
11.2802;;1501.46;51.6906;1553.15;;1706.67
11.2902;;1501.46;51.1586;1552.62;;1706.67
11.3002;;1501.46;49.7386;1551.2;;1706.67
11.3102;;1501.46;49.2198;1550.68;;1706.67
11.3202;;1501.46;49.2203;1550.68;;1706.67
11.3302;;1501.46;50.6898;1552.15;;1706.67
11.3402;;1501.46;52.3225;1553.78;;1706.67
11.3502;;1501.46;50.5571;1552.02;;1706.67
11.3602;;1501.46;48.7771;1550.24;;1706.67
11.3702;;1501.46;48.7572;1550.22;;1706.67
11.3802;;1501.46;48.9054;1550.36;;1706.67
11.3902;;1501.46;50.0205;1551.48;;1706.67
11.4002;;1501.46;50.703;1552.16;;1706.67
11.4102;;1501.46;48.835;1550.29;;1706.67
11.4202;;1501.46;50.3636;1551.82;;1706.67
11.4302;;1501.46;48.8143;1550.27;;1706.67
11.4402;;1501.46;49.5784;1551.04;;1706.67
11.4502;;1501.46;50.92;1552.38;;1706.67
11.4602;;1501.46;51.8834;1553.34;;1706.67
11.4702;;1501.46;51.0828;1552.54;;1706.67
11.4802;;1501.46;53.6724;1555.13;;1706.67
11.4902;;1501.46;47.8881;1549.35;;1706.67
11.5002;;1501.46;48.8994;1550.36;;1706.67
11.5102;;1501.46;49.2;1550.66;;1706.67
11.5202;;1501.46;50.1206;1551.58;;1706.67
11.5302;;1501.46;49.2201;1550.68;;1706.67
11.5402;;1501.46;52.9388;1554.4;;1706.67
11.5502;;1501.46;48.5909;1550.05;;1706.67
11.5602;;1501.46;49.7645;1551.22;;1706.67
11.5702;;1501.46;50.1975;1551.66;;1706.67
11.5802;;1501.46;52.6136;1554.07;;1706.67
11.5902;;1501.46;52.3416;1553.8;;1706.67
11.6002;;1501.46;53.5323;1554.99;;1706.67
11.6102;;1501.46;47.7557;1549.21;;1706.67
11.6202;;1501.46;48.8698;1550.33;;1706.67
11.6302;;1501.46;49.5206;1550.98;;1706.67
11.6402;;1501.46;49.968;1551.43;;1706.67
11.6502;;1501.46;48.7408;1550.2;;1706.67
11.6602;;1501.46;50.5693;1552.03;;1706.67
11.6702;;1501.46;47.8813;1549.34;;1706.67
11.6802;;1501.46;49.512;1550.97;;1706.67
11.6902;;1501.46;49.7241;1551.18;;1706.67
11.7002;;1501.46;50.6589;1552.12;;1706.67
11.7102;;1501.46;51.7789;1553.24;;1706.67
11.7202;;1501.46;50.9094;1552.37;;1706.67
11.7302;;1501.46;50.3503;1551.81;;1706.67
11.7402;;1501.46;48.9574;1550.42;;1706.67
11.7502;;1501.46;49.0714;1550.53;;1706.67
11.7602;;1501.46;50.5117;1551.97;;1706.67
11.7702;;1501.46;52.0941;1553.55;;1706.67
11.7802;;1501.46;50.3209;1551.78;;1706.67
11.7902;;1501.46;49.1998;1550.66;;1706.67
11.8002;;1501.46;48.7402;1550.2;;1706.67
11.8102;;1501.46;49.144;1550.6;;1706.67
11.8202;;1501.46;50.08;1551.54;;1706.67
11.8302;;1501.46;50.9432;1552.4;;1706.67
11.8402;;1501.46;49.3984;1550.86;;1706.67
11.8502;;1501.46;51.4816;1552.94;;1706.67
11.8602;;1501.46;48.7528;1550.21;;1706.67
11.8702;;1501.46;49.5958;1551.05;;1706.67
11.8802;;1501.46;51.0693;1552.53;;1706.67
11.8902;;1501.46;51.8291;1553.29;;1706.67
11.9002;;1501.46;50.9556;1552.41;;1706.67
11.9102;;1501.46;53.8855;1555.34;;1706.67
11.9202;;1501.46;47.9122;1549.37;;1706.67
11.9302;;1501.46;49.186;1550.64;;1706.67
11.9402;;1501.46;49.4458;1550.9;;1706.67
11.9502;;1501.46;50.1705;1551.63;;1706.67
11.9602;;1501.46;49.0798;1550.54;;1706.67
11.9702;;1501.46;52.9886;1554.45;;1706.67
11.9802;;1501.46;48.8087;1550.27;;1706.67
11.9902;;1501.46;49.8402;1551.3;;1706.67
12.0002;;1501.46;50.2985;1551.76;;1706.67
12.0102;;1501.46;52.58;1554.04;;1706.67
12.0202;;1501.46;52.361;1553.82;;1706.67
12.0302;;1501.46;53.5312;1554.99;;1706.67
12.0402;;1501.46;48.009;1549.47;;1706.67
12.0502;;1501.46;48.7415;1550.2;;1706.67
12.0602;;1501.46;49.5367;1550.99;;1706.67
12.0702;;1501.46;50.0118;1551.47;;1706.67
12.0802;;1501.46;48.5389;1550;;1706.67
12.0902;;1501.46;50.5135;1551.97;;1706.67
12.1002;;1501.46;48.1042;1549.56;;1706.67
12.1102;;1501.46;49.5161;1550.97;;1706.67
12.1202;;1501.46;49.8411;1551.3;;1706.67
12.1302;;1501.46;50.7291;1552.19;;1706.67
12.1402;;1501.46;51.9242;1553.38;;1706.67
12.1502;;1501.46;50.9232;1552.38;;1706.67
12.1602;;1501.46;50.7321;1552.19;;1706.67
12.1702;;1501.46;49.2933;1550.75;;1706.67
12.1802;;1501.46;49.179;1550.64;;1706.67
12.1902;;1501.46;50.3665;1551.82;;1706.67
12.2002;;1501.46;52.4049;1553.86;;1706.67
12.2102;;1501.46;50.5864;1552.04;;1706.67
12.2202;;1501.46;49.163;1550.62;;1706.67
12.2302;;1501.46;48.936;1550.39;;1706.67
12.2402;;1501.46;49.3033;1550.76;;1706.67
12.2502;;1501.46;50.4602;1551.92;;1706.67
12.2602;;1501.46;51.4954;1552.95;;1706.67
12.2702;;1501.46;50.6949;1552.15;;1706.67
12.2802;;1501.46;51.9445;1553.4;;1706.67
12.2902;;1501.46;48.6606;1550.12;;1706.67
12.3002;;1501.46;49.5028;1550.96;;1706.67
12.3102;;1501.46;51.1838;1552.64;;1706.67
12.3202;;1501.46;51.8337;1553.29;;1706.67
12.3302;;1501.46;51.092;1552.55;;1706.67
12.3402;;1501.46;54.0815;1555.54;;1706.67
12.3502;;1501.46;48.1418;1549.6;;1706.67
12.3602;;1501.46;49.2509;1550.71;;1706.67
12.3702;;1501.46;49.4338;1550.89;;1706.67
12.3802;;1501.46;50.3315;1551.79;;1706.67
12.3902;;1501.46;49.5125;1550.97;;1706.67
12.4002;;1501.46;53.1847;1554.64;;1706.67
12.4102;;1501.46;48.6688;1550.13;;1706.67
12.4202;;1501.46;49.8811;1551.34;;1706.67
12.4302;;1501.46;50.3344;1551.79;;1706.67
12.4402;;1501.46;52.3741;1553.83;;1706.67
12.4502;;1501.46;52.7607;1554.22;;1706.67
12.4602;;1501.46;53.9802;1555.44;;1706.67
12.4702;;1501.46;48.0544;1549.51;;1706.67
12.4802;;1501.46;48.9406;1550.4;;1706.67
12.4902;;1501.46;49.514;1550.97;;1706.67
12.5002;;1501.46;50.004;1551.46;;1706.67
12.5102;;1501.46;48.6152;1550.07;;1706.67
12.5202;;1501.46;50.311;1551.77;;1706.67
12.5302;;1501.46;48.3427;1549.8;;1706.67
12.5402;;1501.46;49.6351;1551.09;;1706.67
12.5502;;1501.46;49.8772;1551.34;;1706.67
12.5602;;1501.46;50.9218;1552.38;;1706.67
12.5702;;1501.46;51.9288;1553.39;;1706.67
12.5802;;1501.46;51.2994;1552.76;;1706.67
12.5902;;1501.46;49.3523;1550.81;;1706.67
12.6002;;1501.46;49.3212;1550.78;;1706.67
12.6102;;1501.46;49.3311;1550.79;;1706.67
12.6202;;1501.46;50.6499;1552.11;;1706.67
12.6302;;1501.46;52.4355;1553.89;;1706.67
12.6402;;1501.46;50.4729;1551.93;;1706.67
12.6502;;1501.46;48.7854;1550.24;;1706.67
12.6602;;1501.46;48.8134;1550.27;;1706.67
12.6702;;1501.46;49.1533;1550.61;;1706.67
12.6802;;1501.46;50.0784;1551.54;;1706.67
12.6902;;1501.46;50.7805;1552.24;;1706.67
12.7002;;1501.46;48.869;1550.33;;1706.67
12.7102;;1501.46;50.6328;1552.09;;1706.67
12.7202;;1501.46;48.5664;1550.02;;1706.67
12.7302;;1501.46;49.6915;1551.15;;1706.67
12.7402;;1501.46;51.1218;1552.58;;1706.67
12.7502;;1501.46;52.0304;1553.49;;1706.67
12.7602;;1501.46;51.0232;1552.48;;1706.67
12.7702;;1501.46;54.049;1555.51;;1706.67
12.7802;;1501.46;47.9617;1549.42;;1706.67
12.7902;;1501.46;49.1401;1550.6;;1706.67
12.8002;;1501.46;49.314;1550.77;;1706.67
12.8102;;1501.46;50.3403;1551.8;;1706.67
12.8202;;1501.46;48.8033;1550.26;;1706.67
12.8302;;1501.46;52.8005;1554.26;;1706.67
12.8402;;1501.46;48.7546;1550.21;;1706.67
12.8502;;1501.46;49.3805;1550.84;;1706.67
12.8602;;1501.46;50.259;1551.72;;1706.67
12.8702;;1501.46;52.5588;1554.02;;1706.67
12.8802;;1501.46;51.9865;1553.44;;1706.67
12.8902;;1501.46;53.569;1555.03;;1706.67
12.9002;;1501.46;47.752;1549.21;;1706.67
12.9102;;1501.46;48.8282;1550.29;;1706.67
12.9202;;1501.46;49.6882;1551.15;;1706.67
12.9302;;1501.46;49.9917;1551.45;;1706.67
12.9402;;1501.46;48.6855;1550.14;;1706.67
12.9502;;1501.46;50.9948;1552.45;;1706.67
12.9602;;1501.46;47.7186;1549.18;;1706.67
12.9702;;1501.46;49.3546;1550.81;;1706.67
12.9802;;1501.46;49.774;1551.23;;1706.67
12.9902;;1501.46;50.3938;1551.85;;1706.67
13.0002;;1501.46;51.582;1553.04;;1706.67
13.0102;;1501.46;50.9808;1552.44;;1706.67
13.0202;;1501.46;49.0034;1550.46;;1706.67
13.0302;;1501.46;49.2207;1550.68;;1706.67
13.0402;;1501.46;49.0076;1550.47;;1706.67
13.0502;;1501.46;50.5378;1552;;1706.67
13.0602;;1501.46;52.4801;1553.94;;1706.67
13.0702;;1501.46;50.6403;1552.1;;1706.67
13.0802;;1501.46;48.5654;1550.02;;1706.67
13.0902;;1501.46;48.804;1550.26;;1706.67
13.1002;;1501.46;48.8883;1550.35;;1706.67
13.1102;;1501.46;49.8245;1551.28;;1706.67
13.1202;;1501.46;50.671;1552.13;;1706.67
13.1302;;1501.46;48.6843;1550.14;;1706.67
13.1402;;1501.46;50.2512;1551.71;;1706.67
13.1502;;1501.46;48.644;1550.1;;1706.67
13.1602;;1501.46;49.319;1550.78;;1706.67
13.1702;;1501.46;50.9115;1552.37;;1706.67
13.1802;;1501.46;51.9161;1553.37;;1706.67
13.1902;;1501.46;50.7793;1552.24;;1706.67
13.2002;;1501.46;53.8458;1555.3;;1706.67
13.2102;;1501.46;47.7019;1549.16;;1706.67
13.2202;;1501.46;48.9969;1550.45;;1706.67
13.2302;;1501.46;49.1447;1550.6;;1706.67
13.2402;;1501.46;49.9919;1551.45;;1706.67
13.2502;;1501.46;49.108;1550.57;;1706.67
13.2602;;1501.46;52.8182;1554.28;;1706.67
13.2702;;1501.46;48.5509;1550.01;;1706.67
13.2802;;1501.46;49.4978;1550.96;;1706.67
13.2902;;1501.46;50.0767;1551.53;;1706.67
13.3002;;1501.46;52.5472;1554.01;;1706.67
13.3102;;1501.46;52.2357;1553.69;;1706.67
13.3202;;1501.46;53.7192;1555.18;;1706.67
13.3302;;1501.46;47.8372;1549.3;;1706.67
13.3402;;1501.46;48.6617;1550.12;;1706.67
13.3502;;1501.46;49.4608;1550.92;;1706.67
13.3602;;1501.46;49.9333;1551.39;;1706.67
13.3702;;1501.46;48.4231;1549.88;;1706.67
13.3802;;1501.46;50.5991;1552.06;;1706.67
13.3902;;1501.46;47.8341;1549.29;;1706.67
13.4002;;1501.46;49.4802;1550.94;;1706.67
13.4102;;1501.46;49.7723;1551.23;;1706.67
13.4202;;1501.46;50.6196;1552.08;;1706.67
13.4302;;1501.46;52.1478;1553.61;;1706.67
13.4402;;1501.46;50.9127;1552.37;;1706.67
13.4502;;1501.46;50.6469;1552.1;;1706.67
13.4602;;1501.46;48.9382;1550.4;;1706.67
13.4702;;1501.46;49.1724;1550.63;;1706.67
13.4802;;1501.46;50.442;1551.9;;1706.67
13.4902;;1501.46;52.1844;1553.64;;1706.67
13.5002;;1501.46;50.3663;1551.82;;1706.67
13.5102;;1501.46;48.8442;1550.3;;1706.67
13.5202;;1501.46;48.6329;1550.09;;1706.67
13.5302;;1501.46;48.9216;1550.38;;1706.67
13.5402;;1501.46;50.052;1551.51;;1706.67
13.5502;;1501.46;50.9969;1552.45;;1706.67
13.5602;;1501.46;49.5494;1551.01;;1706.67
13.5702;;1501.46;51.1217;1552.58;;1706.67
13.5802;;1501.46;48.5981;1550.06;;1706.67
13.5902;;1501.46;49.509;1550.97;;1706.67
13.6002;;1501.46;51.0146;1552.47;;1706.67
13.6102;;1501.46;51.7617;1553.22;;1706.67
13.6202;;1501.46;50.7188;1552.18;;1706.67
13.6302;;1501.46;54.1259;1555.58;;1706.67
13.6402;;1501.46;47.7852;1549.24;;1706.67
13.6502;;1501.46;49.1622;1550.62;;1706.67
13.6602;;1501.46;49.1329;1550.59;;1706.67
13.6702;;1501.46;50.2924;1551.75;;1706.67
13.6802;;1501.46;48.8934;1550.35;;1706.67
13.6902;;1501.46;53.0321;1554.49;;1706.67
13.7002;;1501.46;48.4703;1549.93;;1706.67
13.7102;;1501.46;49.5847;1551.04;;1706.67
13.7202;;1501.46;49.9321;1551.39;;1706.67
13.7302;;1501.46;52.243;1553.7;;1706.67
13.7402;;1501.46;52.4205;1553.88;;1706.67
13.7502;;1501.46;53.889;1555.35;;1706.67
13.7602;;1501.46;47.7728;1549.23;;1706.67
13.7702;;1501.46;48.7074;1550.17;;1706.67
13.7802;;1501.46;49.2939;1550.75;;1706.67
13.7902;;1501.46;49.7139;1551.17;;1706.67
13.8002;;1501.46;48.2074;1549.67;;1706.67
13.8102;;1501.46;50.2076;1551.67;;1706.67
13.8202;;1501.46;48.1562;1549.61;;1706.67
13.8302;;1501.46;49.4056;1550.86;;1706.67
13.8402;;1501.46;49.775;1551.23;;1706.67
13.8502;;1501.46;50.7836;1552.24;;1706.67
13.8602;;1501.46;52.1138;1553.57;;1706.67
13.8702;;1501.46;50.9812;1552.44;;1706.67
13.8802;;1501.46;50.3491;1551.81;;1706.67
13.8902;;1501.46;48.8679;1550.33;;1706.67
13.9002;;1501.46;48.8503;1550.31;;1706.67
13.9102;;1501.46;50.097;1551.56;;1706.67
13.9202;;1501.46;51.7651;1553.22;;1706.67
13.9302;;1501.46;49.9183;1551.38;;1706.67
13.9402;;1501.46;50.0133;1551.47;;1706.67
13.9502;;1501.46;48.7861;1550.24;;1706.67
13.9602;;1501.46;49.132;1550.59;;1706.67
13.9702;;1501.46;49.9663;1551.42;;1706.67
13.9802;;1501.46;51.3038;1552.76;;1706.67
13.9902;;1501.46;49.733;1551.19;;1706.67
14.0002;;1501.46;51.4506;1552.91;;1706.67
14.0102;;1501.46;48.5002;1549.96;;1706.67
14.0202;;1501.46;49.2756;1550.73;;1706.67
14.0302;;1501.46;50.7198;1552.18;;1706.67
14.0402;;1501.46;51.5051;1552.96;;1706.67
14.0502;;1501.46;50.5332;1551.99;;1706.67
14.0602;;1501.46;54.0365;1555.49;;1706.67
14.0702;;1501.46;47.8341;1549.29;;1706.67
14.0802;;1501.46;48.8348;1550.29;;1706.67
14.0902;;1501.46;48.9421;1550.4;;1706.67
14.1002;;1501.46;50.0085;1551.47;;1706.67
14.1102;;1501.46;48.9769;1550.43;;1706.67
14.1202;;1501.46;52.9012;1554.36;;1706.67
14.1302;;1501.46;48.51;1549.97;;1706.67
14.1402;;1501.46;49.5889;1551.05;;1706.67
14.1502;;1501.46;49.9388;1551.4;;1706.67
14.1602;;1501.46;52.395;1553.85;;1706.67
14.1702;;1501.46;52.0681;1553.53;;1706.67
14.1802;;1501.46;53.8901;1555.35;;1706.67
14.1902;;1501.46;47.7247;1549.18;;1706.67
14.2002;;1501.46;48.592;1550.05;;1706.67
14.2102;;1501.46;49.0952;1550.55;;1706.67
14.2202;;1501.46;49.7585;1551.22;;1706.67
14.2302;;1501.46;48.0806;1549.54;;1706.67
14.2402;;1501.46;49.9036;1551.36;;1706.67
14.2502;;1501.46;47.9781;1549.44;;1706.67
14.2602;;1501.46;49.2552;1550.71;;1706.67
14.2702;;1501.46;49.6991;1551.16;;1706.67
14.2802;;1501.46;50.7778;1552.24;;1706.67
14.2902;;1501.46;52.2487;1553.71;;1706.67
14.3002;;1501.46;51.4659;1552.92;;1706.67
14.3102;;1501.46;51.3772;1552.84;;1706.67
14.3202;;1501.46;48.4073;1549.87;;1706.67
14.3302;;1501.46;48.7804;1550.24;;1706.67
14.3402;;1501.46;49.6234;1551.08;;1706.67
14.3502;;1501.46;51.0179;1552.48;;1706.67
14.3602;;1501.46;49.4587;1550.92;;1706.67
14.3702;;1501.46;50.4742;1551.93;;1706.67
14.3802;;1501.46;48.6803;1550.14;;1706.67
14.3902;;1501.46;49.077;1550.54;;1706.67
14.4002;;1501.46;49.8094;1551.27;;1706.67
14.4102;;1501.46;51.45;1552.91;;1706.67
14.4202;;1501.46;49.6099;1551.07;;1706.67
14.4302;;1501.46;51.3429;1552.8;;1706.67
14.4402;;1501.46;48.2844;1549.74;;1706.67
14.4502;;1501.46;49.2517;1550.71;;1706.67
14.4602;;1501.46;50.684;1552.14;;1706.67
14.4702;;1501.46;51.6157;1553.07;;1706.67
14.4802;;1501.46;50.2086;1551.67;;1706.67
14.4902;;1501.46;54.0682;1555.53;;1706.67
14.5002;;1501.46;47.483;1548.94;;1706.67
14.5102;;1501.46;48.983;1550.44;;1706.67
14.5202;;1501.46;49.2096;1550.67;;1706.67
14.5302;;1501.46;50.0704;1551.53;;1706.67
14.5402;;1501.46;48.7972;1550.26;;1706.67
14.5502;;1501.46;53.0885;1554.55;;1706.67
14.5602;;1501.46;48.335;1549.79;;1706.67
14.5702;;1501.46;49.5206;1550.98;;1706.67
14.5802;;1501.46;49.8687;1551.33;;1706.67
14.5902;;1501.46;52.1776;1553.64;;1706.67
14.6002;;1501.46;52.3909;1553.85;;1706.67
14.6102;;1501.46;54.1135;1555.57;;1706.67
14.6202;;1501.46;47.5627;1549.02;;1706.67
14.6302;;1501.46;48.379;1549.84;;1706.67
14.6402;;1501.46;49.2065;1550.66;;1706.67
14.6502;;1501.46;49.7257;1551.18;;1706.67
14.6602;;1501.46;47.9438;1549.4;;1706.67
14.6702;;1501.46;49.9277;1551.39;;1706.67
14.6802;;1501.46;47.8199;1549.28;;1706.67
14.6902;;1501.46;49.2136;1550.67;;1706.67
14.7002;;1501.46;49.5629;1551.02;;1706.67
14.7102;;1501.46;50.5382;1552;;1706.67
14.7202;;1501.46;52.0363;1553.49;;1706.67
14.7302;;1501.46;51.1965;1552.65;;1706.67
14.7402;;1501.46;50.6063;1552.06;;1706.67
14.7502;;1501.46;48.6179;1550.08;;1706.67
14.7602;;1501.46;48.6198;1550.08;;1706.67
14.7702;;1501.46;49.5692;1551.03;;1706.67
14.7802;;1501.46;51.4316;1552.89;;1706.67
14.7902;;1501.46;49.6241;1551.08;;1706.67
14.8002;;1501.46;49.6667;1551.12;;1706.67
14.8102;;1501.46;48.4858;1549.94;;1706.67
14.8202;;1501.46;48.7804;1550.24;;1706.67
14.8302;;1501.46;49.8;1551.26;;1706.67
14.8402;;1501.46;51.1906;1552.65;;1706.67
14.8502;;1501.46;49.1069;1550.56;;1706.67
14.8602;;1501.46;51.2448;1552.7;;1706.67
14.8702;;1501.46;48.1267;1549.58;;1706.67
14.8802;;1501.46;49.0922;1550.55;;1706.67
14.8902;;1501.46;50.5239;1551.98;;1706.67
14.9002;;1501.46;51.3521;1552.81;;1706.67
14.9102;;1501.46;50.2065;1551.66;;1706.67
14.9202;;1501.46;54.1755;1555.63;;1706.67
14.9302;;1501.46;47.4514;1548.91;;1706.67
14.9402;;1501.46;48.5983;1550.06;;1706.67
14.9502;;1501.46;48.8094;1550.27;;1706.67
14.9602;;1501.46;49.9476;1551.41;;1706.67
14.9702;;1501.46;48.6151;1550.07;;1706.67
14.9802;;1501.46;53.0056;1554.46;;1706.67
14.9902;;1501.46;48.1409;1549.6;;1706.67
