0;1006.2;0;1006.2;1706.67
0.01;1006.2;0;1006.2;1706.67
0.02;1006.2;0.08;1006.28;1706.67
0.03;1006.2;0.16;1006.36;1706.67
0.04;1006.2;30.37;1036.57;1706.67
0.05;1006.2;36.13;1042.33;1706.67
0.06;1006.2;110.66;1116.86;1706.67
0.07;1006.2;113.79;1119.99;1706.67
0.08;1006.2;202.48;1208.68;1706.67
0.09;1006.2;247.38;1253.58;1706.67
0.1;1006.2;276.31;1282.51;1706.67
0.11;1006.2;332.16;1338.36;1706.67
0.12;1006.2;351.46;1357.66;1706.67
0.13;1006.2;375.25;1381.45;1706.67
0.14;1006.2;410.31;1416.51;1706.67
0.15;1006.2;391.76;1397.96;1706.67
0.16;1006.2;438.78;1444.98;1706.67
0.17;1006.2;407.02;1413.22;1706.67
0.18;1006.2;454.5;1460.7;1706.67
0.19;1006.2;424.09;1430.29;1706.67
0.2;1006.2;461.43;1467.63;1706.67
0.21;1006.2;484.33;1490.53;1706.67
0.22;1006.2;469.09;1475.29;1706.67
0.23;1006.2;508.64;1514.84;1706.67
0.24;1006.2;477.2;1483.4;1706.67
0.25;1006.2;521.18;1527.38;1706.67
0.26;1006.2;492.93;1499.13;1706.67
0.27;1006.2;529.29;1535.49;1706.67
0.28;1006.2;492.16;1498.36;1706.67
0.29;1006.2;529.23;1535.43;1706.67
0.3;1006.2;512.2;1518.4;1706.67
0.31;1006.2;526.06;1532.26;1706.67
0.32;1006.2;529.55;1535.75;1706.67
0.33;1006.2;530.05;1536.25;1706.67
0.34;1006.2;529.32;1535.52;1706.67
0.35;1006.2;529.36;1535.56;1706.67
0.36;1006.2;545.53;1551.73;1706.67
0.37;1006.2;525.33;1531.53;1706.67
0.38;1006.2;556.31;1562.51;1706.67
0.39;1006.2;526.79;1532.99;1706.67
0.4;1006.2;557.68;1563.88;1706.67
0.41;1006.2;526.13;1532.33;1706.67
0.42;1006.2;561.32;1567.52;1706.67
0.43;1006.2;523.51;1529.71;1706.67
0.44;1006.2;521.87;1528.07;1706.67
0.45;1006.2;560.97;1567.17;1706.67
0.46;1006.2;560.97;1567.17;1706.67
0.47;1006.2;524.61;1530.81;1706.67
0.48;1006.2;545.74;1551.94;1706.67
0.49;1006.2;556.37;1562.57;1706.67
0.5;1006.2;538.24;1544.44;1706.67
0.51;1006.2;552.25;1558.45;1706.67
0.52;1006.2;556.08;1562.28;1706.67
0.53;1006.2;545.64;1551.84;1706.67
0.54;1006.2;564.95;1571.15;1706.67
0.55;1006.2;544.87;1551.07;1706.67
0.56;1006.2;565.58;1571.78;1706.67
0.57;1006.2;542.08;1548.28;1706.67
0.58;1006.2;571.93;1578.13;1706.67
0.59;1006.2;536.2;1542.4;1706.67
0.6;1006.2;576.62;1582.82;1706.67
0.61;1006.2;534.37;1540.57;1706.67
0.62;1006.2;572.8;1579;1706.67
0.63;1006.2;535.62;1541.82;1706.67
0.64;1006.2;564.49;1570.69;1706.67
0.65;1006.2;558.42;1564.62;1706.67
0.66;1006.2;564;1570.2;1706.67
0.67;1006.2;555.56;1561.76;1706.67
0.68;1006.2;558.13;1564.33;1706.67
0.69;1006.2;568.8;1575;1706.67
0.7;1006.2;549.61;1555.81;1706.67
0.71;1006.2;574.2;1580.4;1706.67
0.72;1006.2;546.78;1552.98;1706.67
0.73;1006.2;571.7;1577.9;1706.67
0.74;1006.2;542.92;1549.12;1706.67
0.75;1006.2;571.9;1578.1;1706.67
0.76;1006.2;546.08;1552.28;1706.67
0.77;1006.2;572.9;1579.1;1706.67
0.78;1006.2;536.97;1543.17;1706.67
0.79;1006.2;567.25;1573.45;1706.67
0.8;1006.2;545.52;1551.72;1706.67
0.81;1006.2;558.75;1564.95;1706.67
0.82;1006.2;556.52;1562.72;1706.67
0.83;1006.2;558.15;1564.35;1706.67
0.839999;1006.2;546.63;1552.83;1706.67
0.849999;1006.2;553.17;1559.37;1706.67
0.859999;1006.2;557.32;1563.52;1706.67
0.869999;1006.2;544.9;1551.1;1706.67
0.879999;1006.2;561.59;1567.79;1706.67
0.889999;1006.2;544.45;1550.65;1706.67
0.899999;1006.2;559.06;1565.26;1706.67
0.909999;1006.2;540.85;1547.05;1706.67
0.919999;1006.2;540.85;1547.05;1706.67
0.929999;1006.2;535;1541.2;1706.67
0.939999;1006.2;569.36;1575.56;1706.67
0.949999;1006.2;567.31;1573.51;1706.67
0.959999;1006.2;532.71;1538.91;1706.67
0.969999;1006.2;563.92;1570.12;1706.67
0.979999;1006.2;549.49;1555.69;1706.67
0.989999;1006.2;565.34;1571.54;1706.67
0.999999;1006.2;538.5;1544.7;1706.67
1.01;1006.2;560.19;1566.39;1706.67
1.02;1006.2;552.87;1559.07;1706.67
1.03;1006.2;552.15;1558.35;1706.67
1.04;1006.2;558.87;1565.07;1706.67
1.05;1006.2;552.01;1558.21;1706.67
1.06;1006.2;554.28;1560.48;1706.67
1.07;1006.2;548;1554.2;1706.67
1.08;1006.2;562.82;1569.02;1706.67
1.09;1006.2;540.73;1546.93;1706.67
1.1;1006.2;566.89;1573.09;1706.67
1.11;1006.2;539.42;1545.62;1706.67
1.12;1006.2;565.44;1571.64;1706.67
1.13;1006.2;537.3;1543.5;1706.67
1.14;1006.2;567.33;1573.53;1706.67
1.15;1006.2;542.66;1548.86;1706.67
1.16;1006.2;569.83;1576.03;1706.67
1.17;1006.2;534.6;1540.8;1706.67
1.18;1006.2;565.44;1571.64;1706.67
1.19;1006.2;542.98;1549.18;1706.67
1.2;1006.2;557.49;1563.69;1706.67
1.21;1006.2;555.51;1561.71;1706.67
1.22;1006.2;557.45;1563.65;1706.67
1.23;1006.2;546.61;1552.81;1706.67
1.24;1006.2;552.18;1558.38;1706.67
1.25;1006.2;558.24;1564.44;1706.67
1.26;1006.2;544.72;1550.92;1706.67
1.27;1006.2;563.68;1569.88;1706.67
1.28;1006.2;543.9;1550.1;1706.67
1.29;1006.2;561.11;1567.31;1706.67
1.3;1006.2;541.87;1548.07;1706.67
1.31;1006.2;566.07;1572.27;1706.67
1.32;1006.2;535.7;1541.9;1706.67
1.33;1006.2;569.7;1575.9;1706.67
1.34;1006.2;533.61;1539.81;1706.67
1.35;1006.2;567.63;1573.83;1706.67
1.36;1006.2;533.69;1539.89;1706.67
1.37;1006.2;563.04;1569.24;1706.67
1.38;1006.2;551.62;1557.82;1706.67
1.39;1006.2;563.81;1570.01;1706.67
1.4;1006.2;541.82;1548.02;1706.67
1.41;1006.2;558.55;1564.75;1706.67
1.42;1006.2;555;1561.2;1706.67
1.43;1006.2;559.38;1565.58;1706.67
1.44;1006.2;559.38;1565.58;1706.67
1.45;1006.2;555.19;1561.39;1706.67
1.46;1006.2;546.52;1552.72;1706.67
1.47;1006.2;563.03;1569.23;1706.67
1.48;1006.2;539.53;1545.73;1706.67
1.49;1006.2;567.25;1573.45;1706.67
1.5;1006.2;538.35;1544.55;1706.67
1.51;1006.2;566.27;1572.47;1706.67
1.52;1006.2;536.47;1542.67;1706.67
1.53;1006.2;566.89;1573.09;1706.67
1.54;1006.2;544.53;1550.73;1706.67
1.55;1006.2;569.04;1575.24;1706.67
1.56;1006.2;535.25;1541.45;1706.67
1.57;1006.2;564.79;1570.99;1706.67
1.58;1006.2;545.51;1551.71;1706.67
1.59;1006.2;557.14;1563.34;1706.67
1.6;1006.2;556.71;1562.91;1706.67
1.61;1006.2;557.13;1563.33;1706.67
1.62;1006.2;548.04;1554.24;1706.67
1.63;1006.2;552.74;1558.94;1706.67
1.64;1006.2;559.34;1565.54;1706.67
1.65;1006.2;545.61;1551.81;1706.67
1.66;1006.2;563.79;1569.99;1706.67
1.67;1006.2;544.8;1551;1706.67
1.68;1006.2;561.78;1567.98;1706.67
1.69;1006.2;541.76;1547.96;1706.67
1.7;1006.2;566.66;1572.86;1706.67
1.71;1006.2;536.06;1542.26;1706.67
1.72;1006.2;570.41;1576.61;1706.67
1.73;1006.2;533.72;1539.92;1706.67
1.74;1006.2;568.32;1574.52;1706.67
1.75;1006.2;534.59;1540.79;1706.67
1.76;1006.2;562.77;1568.97;1706.67
1.77;1006.2;552.73;1558.93;1706.67
1.78;1006.2;563.64;1569.84;1706.67
1.79;1006.2;542.86;1549.06;1706.67
1.8;1006.2;558.58;1564.78;1706.67
1.81;1006.2;555.42;1561.62;1706.67
1.82;1006.2;550.8;1557;1706.67
1.83;1006.2;560.61;1566.81;1706.67
1.84;1006.2;550.5;1556.7;1706.67
1.85;1006.2;556.3;1562.5;1706.67
1.86;1006.2;546.66;1552.86;1706.67
1.87;1006.2;564.07;1570.27;1706.67
1.88;1006.2;539.7;1545.9;1706.67
1.89;1006.2;568.68;1574.88;1706.67
1.9;1006.2;538.37;1544.57;1706.67
1.91;1006.2;538.37;1544.57;1706.67
1.92;1006.2;536.8;1543;1706.67
1.93;1006.2;536.8;1543;1706.67
1.94;1006.2;545.67;1551.87;1706.67
1.95;1006.2;535.31;1541.51;1706.67
1.96;1006.2;564.61;1570.81;1706.67
1.97;1006.2;545.43;1551.63;1706.67
1.98;1006.2;556.78;1562.98;1706.67
1.99;1006.2;556.84;1563.04;1706.67
2;1006.2;557.3;1563.5;1706.67
2.01;1006.2;548.44;1554.64;1706.67
2.02;1006.2;552.77;1558.97;1706.67
2.03;1006.2;559.84;1566.04;1706.67
2.04;1006.2;545.92;1552.12;1706.67
2.05;1006.2;565.09;1571.29;1706.67
2.06;1006.2;545.43;1551.63;1706.67
2.07;1006.2;562.21;1568.41;1706.67
2.08;1006.2;542.27;1548.47;1706.67
2.09;1006.2;568.29;1574.49;1706.67
2.1;1006.2;537.63;1543.83;1706.67
2.11;1006.2;572.22;1578.42;1706.67
2.12;1006.2;534.99;1541.19;1706.67
2.13;1006.2;570.1;1576.3;1706.67
2.14;1006.2;536.42;1542.62;1706.67
2.15;1006.2;564.9;1571.1;1706.67
2.16;1006.2;553.33;1559.53;1706.67
2.17;1006.2;565.61;1571.81;1706.67
2.18;1006.2;542.9;1549.1;1706.67
2.19;1006.2;560.36;1566.56;1706.67
2.2;1006.2;555.96;1562.16;1706.67
2.21;1006.2;552.82;1559.02;1706.67
2.22;1006.2;561.36;1567.56;1706.67
2.23;1006.2;552.63;1558.83;1706.67
2.24;1006.2;556.84;1563.04;1706.67
2.25;1006.2;549.32;1555.52;1706.67
2.26;1006.2;565.86;1572.06;1706.67
2.27;1006.2;542.27;1548.47;1706.67
2.28;1006.2;570.15;1576.35;1706.67
2.29;1006.2;540.43;1546.63;1706.67
2.3;1006.2;568.7;1574.9;1706.67
2.31;1006.2;539.13;1545.33;1706.67
2.32;1006.2;569.45;1575.65;1706.67
2.33;1006.2;544.54;1550.74;1706.67
2.34;1006.2;572.14;1578.34;1706.67
2.35;1006.2;535.99;1542.19;1706.67
2.36;1006.2;568.2;1574.4;1706.67
2.37;1006.2;544.13;1550.33;1706.67
2.38;1006.2;560.55;1566.75;1706.67
2.39;1006.2;558.54;1564.74;1706.67
2.4;1006.2;560.71;1566.91;1706.67
2.41;1006.2;550.76;1556.96;1706.67
2.42;1006.2;555.88;1562.08;1706.67
2.43;1006.2;562.69;1568.89;1706.67
2.44;1006.2;566.7;1572.9;1706.67
2.45;1006.2;547.64;1553.84;1706.67
2.46;1006.2;547.64;1553.84;1706.67
2.47;1006.2;564.95;1571.15;1706.67
2.48;1006.2;570.03;1576.23;1706.67
2.49;1006.2;570.03;1576.23;1706.67
2.5;1006.2;573.5;1579.7;1706.67
