0;1029.91;-0.278916;1029.63;;682.67
0.01;1029.91;-0.112412;1029.79;;682.67
0.02;1029.91;-0.308701;1029.6;;682.67
0.03;1029.91;0.0252832;1029.93;;682.67
0.04;1029.91;0.17189;1030.08;;682.67
0.05;1029.91;0.777847;1030.68;;682.67
0.06;1029.91;2.52699;1032.43;;682.67
0.07;1029.91;2.35512;1032.26;;682.67
0.08;1029.91;3.23109;1033.14;;682.67
0.09;1029.91;4.09596;1034;;682.67
0.1;1029.91;4.19179;1034.1;;682.67
0.11;1029.91;6.23866;1036.14;;682.67
0.12;1029.91;6.82289;1036.73;;682.67
0.13;1029.91;8.4546;1038.36;;682.67
0.14;1029.91;8.7549;1038.66;;682.67
0.15;1029.91;8.14979;1038.06;;682.67
0.16;1029.91;9.03297;1038.94;;682.67
0.17;1029.91;9.51662;1039.42;;682.67
0.18;1029.91;10.5563;1040.46;;682.67
0.19;1029.91;11.1574;1041.06;;682.67
0.2;1029.91;11.3417;1041.25;;682.67
0.21;1029.91;12.5652;1042.47;;682.67
0.22;1029.91;12.1626;1042.07;;682.67
0.23;1029.91;11.9957;1041.9;;682.67
0.24;1029.91;13.5081;1043.41;;682.67
0.25;1029.91;15.0319;1044.94;;682.67
0.26;1029.91;16.1832;1046.09;;682.67
0.27;1029.91;16.0458;1045.95;;682.67
0.28;1029.91;16.3215;1046.23;;682.67
0.29;1029.91;16.58;1046.49;;682.67
0.3;1029.91;16.4319;1046.34;;682.67
0.31;1029.91;17.3628;1047.27;;682.67
0.32;1029.91;17.4656;1047.37;;682.67
0.33;1029.91;19.0425;1048.95;;682.67
0.34;1029.91;18.9267;1048.83;;682.67
0.35;1029.91;19.1006;1049.01;;682.67
0.36;1029.91;19.5043;1049.41;;682.67
0.37;1029.91;18.7937;1048.7;;682.67
0.38;1029.91;20.0856;1049.99;;682.67
0.39;1029.91;20.2842;1050.19;;682.67
0.4;1029.91;21.8226;1051.73;;682.67
0.41;1029.91;21.6961;1051.6;;682.67
0.42;1029.91;21.673;1051.58;;682.67
0.43;1029.91;22.1294;1052.03;;682.67
0.44;1029.91;21.657;1051.56;;682.67
0.45;1029.91;22.6437;1052.55;;682.67
0.46;1029.91;21.9253;1051.83;;682.67
0.47;1029.91;23.2079;1053.11;;682.67
0.48;1029.91;23.745;1053.65;;682.67
0.49;1029.91;23.7984;1053.7;;682.67
0.5;1029.91;23.9085;1053.81;;682.67
0.51;1029.91;22.9612;1052.87;;682.67
0.52;1029.91;23.867;1053.77;;682.67
0.53;1029.91;23.7609;1053.67;;682.67
0.54;1029.91;24.7676;1054.67;;682.67
0.55;1029.91;25.3837;1055.29;;682.67
0.56;1029.91;25.4563;1055.36;;682.67
0.57;1029.91;26.0276;1055.93;;682.67
0.58;1029.91;24.7702;1054.68;;682.67
0.59;1029.91;25.4561;1055.36;;682.67
0.6;1029.91;25.4068;1055.31;;682.67
0.61;1029.91;26.33;1056.24;;682.67
0.62;1029.91;27.0204;1056.93;;682.67
0.63;1029.91;27.0408;1056.95;;682.67
0.64;1029.91;27.1853;1057.09;;682.67
0.65;1029.91;26.4418;1056.35;;682.67
0.66;1029.91;26.241;1056.15;;682.67
0.67;1029.91;26.7776;1056.68;;682.67
0.68;1029.91;27.7204;1057.63;;682.67
0.69;1029.91;28.3412;1058.25;;682.67
0.7;1029.91;28.298;1058.2;;682.67
0.71;1029.91;28.6354;1058.54;;682.67
0.72;1029.91;27.7753;1057.68;;682.67
0.73;1029.91;27.4125;1057.32;;682.67
0.74;1029.91;27.995;1057.9;;682.67
0.75;1029.91;27.8793;1057.78;;682.67
0.76;1029.91;29.5441;1059.45;;682.67
0.77;1029.91;29.2767;1059.18;;682.67
0.78;1029.91;29.2095;1059.11;;682.67
0.79;1029.91;28.9537;1058.86;;682.67
0.8;1029.91;28.3533;1058.26;;682.67
0.81;1029.91;29.2079;1059.11;;682.67
0.82;1029.91;29.8196;1059.72;;682.67
0.83;1029.91;30.1738;1060.08;;682.67
0.839999;1029.91;29.8572;1059.76;;682.67
0.849999;1029.91;29.6282;1059.53;;682.67
0.859999;1029.91;29.8959;1059.8;;682.67
0.869999;1029.91;28.9295;1058.83;;682.67
0.879999;1029.91;29.7276;1059.63;;682.67
0.889999;1029.91;29.2636;1059.17;;682.67
0.899999;1029.91;30.9142;1060.82;;682.67
0.909999;1029.91;30.662;1060.57;;682.67
0.919999;1029.91;30.6579;1060.56;;682.67
0.929999;1029.91;30.8506;1060.76;;682.67
0.939999;1029.91;29.704;1059.61;;682.67
0.949999;1029.91;30.9169;1060.82;;682.67
0.959999;1029.91;30.022;1059.93;;682.67
0.969999;1029.91;31.3768;1061.28;;682.67
0.979999;1029.91;31.3208;1061.23;;682.67
0.989999;1029.91;31.5513;1061.46;;682.67
0.999999;1029.91;31.8057;1061.71;;682.67
1.01;1029.91;30.5453;1060.45;;682.67
1.02;1029.91;30.9562;1060.86;;682.67
1.03;1029.91;30.8978;1060.8;;682.67
1.04;1029.91;31.495;1061.4;;682.67
1.05;1029.91;32.2659;1062.17;;682.67
1.06;1029.91;32.138;1062.04;;682.67
1.07;1029.91;32.3766;1062.28;;682.67
1.08;1029.91;31.121;1061.03;;682.67
1.09;1029.91;32.0055;1061.91;;682.67
1.1;1029.91;31.47;1061.38;;682.67
1.11;1029.91;31.6087;1061.51;;682.67
1.12;1029.91;32.7013;1062.61;;682.67
1.13;1029.91;32.6553;1062.56;;682.67
1.14;1029.91;33.0545;1062.96;;682.67
1.15;1029.91;31.9035;1061.81;;682.67
1.16;1029.91;31.6297;1061.53;;682.67
1.17;1029.91;32.047;1061.95;;682.67
1.18;1029.91;32.5101;1062.42;;682.67
1.19;1029.91;33.3351;1063.24;;682.67
1.2;1029.91;33.0448;1062.95;;682.67
1.21;1029.91;33.011;1062.92;;682.67
1.22;1029.91;32.617;1062.52;;682.67
1.23;1029.91;31.9236;1061.83;;682.67
1.24;1029.91;32.5166;1062.42;;682.67
1.25;1029.91;32.1465;1062.05;;682.67
1.26;1029.91;33.7706;1063.68;;682.67
1.27;1029.91;33.6393;1063.54;;682.67
1.28;1029.91;33.8844;1063.79;;682.67
1.29;1029.91;32.9704;1062.88;;682.67
1.3;1029.91;32.0746;1061.98;;682.67
1.31;1029.91;33.0784;1062.98;;682.67
1.32;1029.91;33.3937;1063.3;;682.67
1.33;1029.91;34.0929;1064;;682.67
1.34;1029.91;33.6073;1063.51;;682.67
1.35;1029.91;33.5669;1063.47;;682.67
1.36;1029.91;33.6437;1063.55;;682.67
1.37;1029.91;32.526;1062.43;;682.67
1.38;1029.91;33.2225;1063.13;;682.67
1.39;1029.91;32.4501;1062.36;;682.67
1.4;1029.91;33.7582;1063.66;;682.67
1.41;1029.91;33.8439;1063.75;;682.67
1.42;1029.91;33.7864;1063.69;;682.67
1.43;1029.91;33.8556;1063.76;;682.67
1.44;1029.91;32.7482;1062.65;;682.67
1.45;1029.91;33.7832;1063.69;;682.67
1.46;1029.91;32.8749;1062.78;;682.67
1.47;1029.91;34.2536;1064.16;;682.67
1.48;1029.91;34.2503;1064.16;;682.67
1.49;1029.91;34.1399;1064.05;;682.67
1.5;1029.91;34.4899;1064.4;;682.67
1.51;1029.91;33.0514;1062.96;;682.67
1.52;1029.91;33.9407;1063.85;;682.67
1.53;1029.91;33.4667;1063.37;;682.67
1.54;1029.91;34.0795;1063.98;;682.67
1.55;1029.91;34.6785;1064.58;;682.67
1.56;1029.91;34.4611;1064.37;;682.67
1.57;1029.91;34.6283;1064.53;;682.67
1.58;1029.91;33.4728;1063.38;;682.67
1.59;1029.91;33.6337;1063.54;;682.67
1.6;1029.91;33.7876;1063.69;;682.67
1.61;1029.91;33.4342;1063.34;;682.67
1.62;1029.91;34.8161;1064.72;;682.67
1.63;1029.91;34.6177;1064.52;;682.67
1.64;1029.91;35.2023;1065.11;;682.67
1.65;1029.91;33.8223;1063.73;;682.67
1.66;1029.91;34.2448;1064.15;;682.67
1.67;1029.91;33.9501;1063.86;;682.67
1.68;1029.91;34.074;1063.98;;682.67
1.69;1029.91;34.9451;1064.85;;682.67
1.7;1029.91;34.7422;1064.65;;682.67
1.71;1029.91;34.9447;1064.85;;682.67
1.72;1029.91;34.2736;1064.18;;682.67
1.73;1029.91;33.3237;1063.23;;682.67
1.74;1029.91;33.9826;1063.89;;682.67
1.75;1029.91;34.1043;1064.01;;682.67
1.76;1029.91;34.6303;1064.54;;682.67
1.77;1029.91;34.5291;1064.43;;682.67
1.78;1029.91;34.6985;1064.6;;682.67
1.79;1029.91;34.1901;1064.1;;682.67
1.8;1029.91;33.0154;1062.92;;682.67
1.81;1029.91;33.7511;1063.66;;682.67
1.82;1029.91;32.8859;1062.79;;682.67
1.83;1029.91;34.4103;1064.32;;682.67
1.84;1029.91;33.7682;1063.67;;682.67
1.85;1029.91;33.6298;1063.54;;682.67
1.86;1029.91;33.823;1063.73;;682.67
1.87;1029.91;32.4706;1062.38;;682.67
1.88;1029.91;31.8223;1061.73;;682.67
1.89;1029.91;32.2481;1062.15;;682.67
1.9;1029.91;31.0928;1061;;682.67
1.91;1029.91;32.5541;1062.46;;682.67
1.92;1029.91;31.9102;1061.82;;682.67
1.93;1029.91;31.9572;1061.86;;682.67
1.94;1029.91;32.2814;1062.19;;682.67
1.95;1029.91;30.7988;1060.7;;682.67
1.96;1029.91;31.9075;1061.81;;682.67
1.97;1029.91;31.3284;1061.23;;682.67
1.98;1029.91;31.9679;1061.87;;682.67
1.99;1029.91;32.4439;1062.35;;682.67
2;1029.91;32.3853;1062.29;;682.67
2.01;1029.91;32.9046;1062.81;;682.67
2.02;1029.91;31.6338;1061.54;;682.67
2.03;1029.91;31.8891;1061.79;;682.67
2.04;1029.91;31.9871;1061.89;;682.67
2.05;1029.91;31.8709;1061.78;;682.67
2.06;1029.91;33.2131;1063.12;;682.67
2.07;1029.91;33.1061;1063.01;;682.67
2.08;1029.91;33.454;1063.36;;682.67
2.09;1029.91;32.5735;1062.48;;682.67
2.1;1029.91;33.2151;1063.12;;682.67
2.11;1029.91;32.6008;1062.51;;682.67
2.12;1029.91;32.9527;1062.86;;682.67
2.13;1029.91;33.9517;1063.86;;682.67
2.14;1029.91;33.7405;1063.65;;682.67
2.15;1029.91;34.0148;1063.92;;682.67
2.16;1029.91;33.1548;1063.06;;682.67
2.17;1029.91;32.3626;1062.27;;682.67
2.18;1029.91;33.2376;1063.14;;682.67
2.19;1029.91;32.955;1062.86;;682.67
2.2;1029.91;34.3666;1064.27;;682.67
2.21;1029.91;34.2151;1064.12;;682.67
2.22;1029.91;34.1664;1064.07;;682.67
2.23;1029.91;34.0072;1063.91;;682.67
2.24;1029.91;32.9131;1062.82;;682.67
2.25;1029.91;33.5873;1063.49;;682.67
2.26;1029.91;34.0967;1064;;682.67
2.27;1029.91;34.7178;1064.62;;682.67
2.28;1029.91;34.2852;1064.19;;682.67
2.29;1029.91;34.6698;1064.58;;682.67
2.3;1029.91;34.3504;1064.26;;682.67
2.31;1029.91;33.3113;1063.22;;682.67
2.32;1029.91;34.1344;1064.04;;682.67
2.33;1029.91;33.2382;1063.14;;682.67
2.34;1029.91;34.7918;1064.7;;682.67
2.35;1029.91;34.6083;1064.51;;682.67
2.36;1029.91;34.2503;1064.16;;682.67
2.37;1029.91;34.6454;1064.55;;682.67
2.38;1029.91;33.3632;1063.27;;682.67
2.39;1029.91;34.2442;1064.15;;682.67
2.4;1029.91;33.6775;1063.58;;682.67
2.41;1029.91;34.5956;1064.5;;682.67
2.42;1029.91;34.7372;1064.64;;682.67
2.43;1029.91;34.5303;1064.44;;682.67
2.44;1029.91;34.9092;1064.81;;682.67
2.45;1029.91;33.7173;1063.62;;682.67
2.46;1029.91;34.7632;1064.67;;682.67
2.47;1029.91;33.6558;1063.56;;682.67
2.48;1029.91;34.4238;1064.33;;682.67
2.49;1029.91;34.6054;1064.51;;682.67
2.5;1029.91;33.9408;1063.85;;682.67
2.51;1029.91;34.7682;1064.67;;682.67
2.52;1029.91;33.6298;1063.54;;682.67
2.53;1029.91;33.7901;1063.7;;682.67
2.54;1029.91;32.6983;1062.6;;682.67
2.55;1029.91;31.9789;1061.88;;682.67
2.56;1029.91;32.2131;1062.12;;682.67
2.57;1029.91;32.2;1062.11;;682.67
2.58;1029.91;31.4175;1061.32;;682.67
2.59;1029.91;32.0899;1062;;682.67
2.6;1029.91;31.2245;1061.13;;682.67
2.61;1029.91;30.0944;1060;;682.67
2.62;1029.91;30.8882;1060.79;;682.67
2.63;1029.91;30.1952;1060.1;;682.67
2.64;1029.91;31.5663;1061.47;;682.67
2.65;1029.91;31.3461;1061.25;;682.67
2.66;1029.91;31.1725;1061.08;;682.67
2.67;1029.91;31.1779;1061.08;;682.67
2.68;1029.91;30.038;1059.94;;682.67
2.69;1029.91;29.6386;1059.54;;682.67
2.7;1029.91;29.7576;1059.66;;682.67
2.71;1029.91;30.1582;1060.06;;682.67
2.72;1029.91;30.6183;1060.52;;682.67
2.73;1029.91;30.2272;1060.13;;682.67
2.74;1029.91;30.0823;1059.99;;682.67
2.75;1029.91;30.2859;1060.19;;682.67
2.76;1029.91;29.4683;1059.37;;682.67
2.77;1029.91;30.1377;1060.04;;682.67
2.78;1029.91;29.6139;1059.52;;682.67
2.79;1029.91;31.0536;1060.96;;682.67
2.8;1029.91;31.2129;1061.12;;682.67
2.81;1029.91;31.1253;1061.03;;682.67
2.82;1029.91;31.5219;1061.43;;682.67
2.83;1029.91;30.5225;1060.43;;682.67
2.84;1029.91;31.7952;1061.7;;682.67
2.85;1029.91;30.8589;1060.76;;682.67
2.86;1029.91;32.0845;1061.99;;682.67
2.87;1029.91;32.2759;1062.18;;682.67
2.88;1029.91;32.3097;1062.21;;682.67
2.89;1029.91;32.7167;1062.62;;682.67
2.9;1029.91;31.3418;1061.25;;682.67
2.91;1029.91;31.794;1061.7;;682.67
2.92;1029.91;31.8306;1061.74;;682.67
2.93;1029.91;32.3389;1062.24;;682.67
2.94;1029.91;33.1228;1063.03;;682.67
2.95;1029.91;32.987;1062.89;;682.67
2.96;1029.91;33.4319;1063.34;;682.67
2.97;1029.91;32.2;1062.11;;682.67
2.98;1029.91;33.1039;1063.01;;682.67
2.99;1029.91;32.5176;1062.42;;682.67
3;1029.91;32.5997;1062.51;;682.67
3.01;1029.91;33.8401;1063.75;;682.67
3.02;1029.91;33.7177;1063.62;;682.67
3.03;1029.91;34.1353;1064.04;;682.67
3.04;1029.91;33.1026;1063.01;;682.67
3.05;1029.91;32.7077;1062.61;;682.67
3.06;1029.91;33.2399;1063.15;;682.67
3.07;1029.91;33.689;1063.59;;682.67
3.08;1029.91;34.504;1064.41;;682.67
3.09;1029.91;34.2544;1064.16;;682.67
3.1;1029.91;34.2796;1064.18;;682.67
3.11;1029.91;33.8709;1063.78;;682.67
3.12;1029.91;33.1113;1063.02;;682.67
3.13;1029.91;33.7764;1063.68;;682.67
3.14;1029.91;32.9013;1062.81;;682.67
3.15;1029.91;34.7687;1064.67;;682.67
3.16;1029.91;34.5055;1064.41;;682.67
3.17;1029.91;34.991;1064.9;;682.67
3.18;1029.91;34.3317;1064.24;;682.67
3.19;1029.91;33.3613;1063.27;;682.67
3.2;1029.91;34.2306;1064.14;;682.67
3.21;1029.91;33.5939;1063.5;;682.67
3.22;1029.91;35.0506;1064.96;;682.67
3.23;1029.91;34.5237;1064.43;;682.67
3.24;1029.91;34.5027;1064.41;;682.67
3.25;1029.91;34.7616;1064.67;;682.67
3.26;1029.91;33.7195;1063.62;;682.67
3.27;1029.91;34.4379;1064.34;;682.67
3.28;1029.91;33.8349;1063.74;;682.67
3.29;1029.91;34.7815;1064.69;;682.67
3.3;1029.91;34.9468;1064.85;;682.67
3.31;1029.91;34.8289;1064.73;;682.67
3.32;1029.91;35.3467;1065.25;;682.67
3.33;1029.91;34.0311;1063.94;;682.67
3.34;1029.91;34.767;1064.67;;682.67
3.35;1029.91;33.9346;1063.84;;682.67
3.36;1029.91;35.539;1065.44;;682.67
3.37;1029.91;35.3161;1065.22;;682.67
3.38;1029.91;34.9236;1064.83;;682.67
3.39;1029.91;35.513;1065.42;;682.67
3.4;1029.91;34.11;1064.02;;682.67
3.41;1029.91;34.2885;1064.19;;682.67
3.42;1029.91;34.5215;1064.43;;682.67
3.43;1029.91;34.0928;1064;;682.67
3.44;1029.91;35.0867;1064.99;;682.67
3.45;1029.91;34.6419;1064.55;;682.67
3.46;1029.91;34.7924;1064.7;;682.67
3.47;1029.91;34.1524;1064.06;;682.67
3.48;1029.91;32.7743;1062.68;;682.67
3.49;1029.91;32.9386;1062.84;;682.67
3.5;1029.91;32.3381;1062.24;;682.67
3.51;1029.91;32.138;1062.04;;682.67
3.52;1029.91;32.6441;1062.55;;682.67
3.53;1029.91;31.9472;1061.85;;682.67
3.54;1029.91;32.1398;1062.05;;682.67
3.55;1029.91;31.6416;1061.55;;682.67
3.56;1029.91;30.3898;1060.3;;682.67
3.57;1029.91;31.1182;1061.02;;682.67
3.58;1029.91;30.5899;1060.5;;682.67
3.59;1029.91;31.4384;1061.34;;682.67
3.6;1029.91;31.2492;1061.15;;682.67
3.61;1029.91;31.2096;1061.11;;682.67
3.62;1029.91;31.1532;1061.06;;682.67
3.63;1029.91;30.09;1060;;682.67
3.64;1029.91;29.1668;1059.07;;682.67
3.65;1029.91;29.6369;1059.54;;682.67
3.66;1029.91;29.0011;1058.91;;682.67
3.67;1029.91;30.3561;1060.26;;682.67
3.68;1029.91;30.4955;1060.4;;682.67
3.69;1029.91;30.5795;1060.48;;682.67
3.7;1029.91;31.101;1061.01;;682.67
3.71;1029.91;30.1131;1060.02;;682.67
3.72;1029.91;31.24;1061.15;;682.67
3.73;1029.91;30.4595;1060.36;;682.67
3.74;1029.91;31.8891;1061.79;;682.67
3.75;1029.91;31.8339;1061.74;;682.67
3.76;1029.91;31.8396;1061.74;;682.67
3.77;1029.91;32.3434;1062.25;;682.67
3.78;1029.91;30.9859;1060.89;;682.67
3.79;1029.91;31.6707;1061.58;;682.67
3.8;1029.91;31.3223;1061.23;;682.67
3.81;1029.91;32.1321;1062.04;;682.67
3.82;1029.91;32.7703;1062.68;;682.67
3.83;1029.91;32.6891;1062.59;;682.67
3.84;1029.91;32.9631;1062.87;;682.67
3.85;1029.91;32.0309;1061.94;;682.67
3.86;1029.91;32.6232;1062.53;;682.67
3.87;1029.91;32.329;1062.23;;682.67
3.88;1029.91;32.3082;1062.21;;682.67
3.89;1029.91;33.6398;1063.55;;682.67
3.9;1029.91;33.5051;1063.41;;682.67
3.91;1029.91;34.0513;1063.96;;682.67
3.92;1029.91;32.6963;1062.6;;682.67
3.93;1029.91;32.752;1062.66;;682.67
3.94;1029.91;33.0545;1062.96;;682.67
3.95;1029.91;33.688;1063.59;;682.67
3.96;1029.91;34.3683;1064.27;;682.67
3.97;1029.91;33.9932;1063.9;;682.67
3.98;1029.91;34.1991;1064.1;;682.67
3.99;1029.91;33.7312;1063.64;;682.67
4;1029.91;32.8554;1062.76;;682.67
4.01;1029.91;33.6239;1063.53;;682.67
4.02;1029.91;32.8123;1062.72;;682.67
4.03;1029.91;34.7505;1064.66;;682.67
4.04;1029.91;34.4732;1064.38;;682.67
4.05;1029.91;34.8604;1064.77;;682.67
4.06;1029.91;34.3223;1064.23;;682.67
4.07;1029.91;33.2498;1063.16;;682.67
4.08;1029.91;33.9369;1063.84;;682.67
4.09;1029.91;33.5757;1063.48;;682.67
4.1;1029.91;34.9827;1064.89;;682.67
4.11;1029.91;34.4511;1064.36;;682.67
4.12;1029.91;34.6398;1064.55;;682.67
4.13;1029.91;34.6976;1064.6;;682.67
4.14;1029.91;33.5794;1063.48;;682.67
4.15;1029.91;34.1759;1064.08;;682.67
4.16;1029.91;33.7366;1063.64;;682.67
4.17;1029.91;34.662;1064.57;;682.67
4.18;1029.91;34.9223;1064.83;;682.67
4.19;1029.91;34.6637;1064.57;;682.67
4.2;1029.91;35.117;1065.02;;682.67
4.21;1029.91;33.6779;1063.58;;682.67
4.22;1029.91;34.5614;1064.47;;682.67
4.23;1029.91;33.6836;1063.59;;682.67
4.24;1029.91;34.986;1064.89;;682.67
4.25;1029.91;34.9568;1064.86;;682.67
4.26;1029.91;34.3978;1064.3;;682.67
4.27;1029.91;35.1227;1065.03;;682.67
4.28;1029.91;33.6641;1063.57;;682.67
4.29;1029.91;33.0514;1062.96;;682.67
4.3;1029.91;33.9115;1063.82;;682.67
4.31;1029.91;32.3461;1062.25;;682.67
4.32;1029.91;33.0475;1062.95;;682.67
4.33;1029.91;32.6702;1062.58;;682.67
4.34;1029.91;32.0751;1061.98;;682.67
4.35;1029.91;32.0464;1061.95;;682.67
4.36;1029.91;31.0789;1060.98;;682.67
4.37001;1029.91;30.0568;1059.96;;682.67
4.38001;1029.91;30.832;1060.74;;682.67
4.39001;1029.91;29.84;1059.75;;682.67
4.40001;1029.91;31.4772;1061.38;;682.67
4.41001;1029.91;31.0403;1060.95;;682.67
4.42001;1029.91;30.7958;1060.7;;682.67
4.43001;1029.91;30.8862;1060.79;;682.67
4.44001;1029.91;29.6095;1059.51;;682.67
4.45001;1029.91;29.1502;1059.06;;682.67
4.46001;1029.91;29.5863;1059.49;;682.67
4.47001;1029.91;30.1763;1060.08;;682.67
4.48001;1029.91;30.7348;1060.64;;682.67
4.49001;1029.91;30.2045;1060.11;;682.67
4.50001;1029.91;30.4006;1060.31;;682.67
4.51001;1029.91;30.6426;1060.55;;682.67
4.52001;1029.91;29.6387;1059.54;;682.67
4.53001;1029.91;30.5412;1060.45;;682.67
4.54001;1029.91;29.8436;1059.75;;682.67
4.55001;1029.91;31.5524;1061.46;;682.67
4.56001;1029.91;31.3528;1061.26;;682.67
4.57001;1029.91;31.4386;1061.34;;682.67
4.58001;1029.91;31.8749;1061.78;;682.67
4.59001;1029.91;30.855;1060.76;;682.67
4.60001;1029.91;31.7926;1061.7;;682.67
4.61001;1029.91;31.1315;1061.04;;682.67
4.62001;1029.91;32.5663;1062.47;;682.67
4.63001;1029.91;32.4446;1062.35;;682.67
4.64001;1029.91;32.506;1062.41;;682.67
4.65001;1029.91;32.9158;1062.82;;682.67
4.66001;1029.91;31.7815;1061.69;;682.67
4.67001;1029.91;32.3779;1062.28;;682.67
4.68001;1029.91;32.0508;1061.96;;682.67
4.69001;1029.91;32.777;1062.68;;682.67
4.70001;1029.91;33.4888;1063.39;;682.67
4.71001;1029.91;33.3176;1063.22;;682.67
4.72001;1029.91;33.4362;1063.34;;682.67
4.73001;1029.91;32.5051;1062.41;;682.67
4.74001;1029.91;33.1279;1063.03;;682.67
4.75001;1029.91;32.8278;1062.73;;682.67
4.76001;1029.91;32.8112;1062.72;;682.67
4.77001;1029.91;33.9645;1063.87;;682.67
4.78001;1029.91;33.9426;1063.85;;682.67
4.79001;1029.91;34.4518;1064.36;;682.67
4.80001;1029.91;33.1967;1063.1;;682.67
4.81002;1029.91;33.2767;1063.18;;682.67
4.82002;1029.91;33.3406;1063.25;;682.67
4.83002;1029.91;33.881;1063.79;;682.67
4.84002;1029.91;34.7454;1064.65;;682.67
4.85002;1029.91;34.3949;1064.3;;682.67
4.86002;1029.91;34.5353;1064.44;;682.67
4.87002;1029.91;33.9922;1063.9;;682.67
4.88002;1029.91;33.2564;1063.16;;682.67
4.89002;1029.91;33.8418;1063.75;;682.67
4.90002;1029.91;33.2251;1063.13;;682.67
4.91002;1029.91;34.9679;1064.87;;682.67
4.92002;1029.91;34.8406;1064.75;;682.67
4.93002;1029.91;35.198;1065.1;;682.67
4.94002;1029.91;34.5319;1064.44;;682.67
4.95002;1029.91;33.496;1063.4;;682.67
4.96002;1029.91;34.3622;1064.27;;682.67
4.97002;1029.91;33.49;1063.4;;682.67
4.98002;1029.91;35.3259;1065.23;;682.67
4.99002;1029.91;34.667;1064.57;;682.67
5.00002;1029.91;34.8696;1064.77;;682.67
5.01002;1029.91;35.0087;1064.91;;682.67
5.02002;1029.91;33.6958;1063.6;;682.67
5.03002;1029.91;34.4501;1064.36;;682.67
5.04002;1029.91;33.9286;1063.83;;682.67
5.05002;1029.91;34.8654;1064.77;;682.67
5.06002;1029.91;34.7457;1064.65;;682.67
5.07002;1029.91;34.2713;1064.18;;682.67
5.08002;1029.91;34.893;1064.8;;682.67
5.09002;1029.91;33.6542;1063.56;;682.67
5.10002;1029.91;34.2164;1064.12;;682.67
5.11002;1029.91;33.2532;1063.16;;682.67
5.12002;1029.91;32.0619;1061.97;;682.67
5.13002;1029.91;32.7251;1062.63;;682.67
5.14002;1029.91;32.4434;1062.35;;682.67
5.15002;1029.91;31.5495;1061.45;;682.67
5.16002;1029.91;31.7521;1061.66;;682.67
5.17002;1029.91;30.8266;1060.73;;682.67
5.18002;1029.91;31.1105;1061.02;;682.67
5.19002;1029.91;30.4072;1060.31;;682.67
5.20002;1029.91;29.6741;1059.58;;682.67
5.21002;1029.91;30.496;1060.4;;682.67
5.22002;1029.91;30.0094;1059.91;;682.67
5.23002;1029.91;29.1012;1059.01;;682.67
5.24003;1029.91;29.5433;1059.45;;682.67
5.25003;1029.91;28.8425;1058.75;;682.67
5.26003;1029.91;27.8449;1057.75;;682.67
5.27003;1029.91;28.589;1058.49;;682.67
5.28003;1029.91;27.9817;1057.89;;682.67
5.29003;1029.91;29.2074;1059.11;;682.67
5.30003;1029.91;28.8854;1058.79;;682.67
5.31003;1029.91;29.2211;1059.13;;682.67
5.32003;1029.91;29.1727;1059.08;;682.67
5.33003;1029.91;28.1779;1058.08;;682.67
5.34003;1029.91;28.2399;1058.15;;682.67
5.35003;1029.91;27.8374;1057.74;;682.67
5.36003;1029.91;28.5187;1058.42;;682.67
5.37003;1029.91;28.7117;1058.62;;682.67
5.38003;1029.91;28.35;1058.26;;682.67
5.39003;1029.91;28.6126;1058.52;;682.67
5.40003;1029.91;28.8318;1058.74;;682.67
5.41003;1029.91;27.9645;1057.87;;682.67
5.42003;1029.91;28.9274;1058.83;;682.67
5.43003;1029.91;28.3717;1058.28;;682.67
5.44003;1029.91;29.9218;1059.83;;682.67
5.45003;1029.91;29.8222;1059.73;;682.67
5.46003;1029.91;30.1061;1060.01;;682.67
5.47003;1029.91;30.5851;1060.49;;682.67
5.48003;1029.91;29.4165;1059.32;;682.67
5.49003;1029.91;30.2944;1060.2;;682.67
5.50003;1029.91;29.8926;1059.8;;682.67
5.51003;1029.91;30.8173;1060.72;;682.67
5.52003;1029.91;31.5361;1061.44;;682.67
5.53003;1029.91;31.5187;1061.42;;682.67
5.54003;1029.91;31.7106;1061.62;;682.67
5.55003;1029.91;30.6246;1060.53;;682.67
5.56003;1029.91;31.3743;1061.28;;682.67
5.57003;1029.91;31.0967;1061;;682.67
5.58003;1029.91;31.3107;1061.22;;682.67
5.59003;1029.91;32.4086;1062.31;;682.67
5.60003;1029.91;32.4852;1062.39;;682.67
5.61003;1029.91;32.9426;1062.85;;682.67
5.62003;1029.91;31.6995;1061.6;;682.67
5.63003;1029.91;31.9784;1061.88;;682.67
5.64003;1029.91;32.0357;1061.94;;682.67
5.65003;1029.91;32.704;1062.61;;682.67
5.66003;1029.91;33.4732;1063.38;;682.67
5.67003;1029.91;33.1622;1063.07;;682.67
5.68004;1029.91;33.3716;1063.28;;682.67
5.69004;1029.91;32.6487;1062.55;;682.67
5.70004;1029.91;31.9887;1061.89;;682.67
5.71004;1029.91;32.9252;1062.83;;682.67
5.72004;1029.91;32.6266;1062.53;;682.67
5.73004;1029.91;33.9328;1063.84;;682.67
5.74004;1029.91;33.9402;1063.85;;682.67
5.75004;1029.91;34.1697;1064.07;;682.67
5.76004;1029.91;33.6658;1063.57;;682.67
5.77004;1029.91;32.5679;1062.47;;682.67
5.78004;1029.91;33.3277;1063.23;;682.67
5.79004;1029.91;33.7929;1063.7;;682.67
5.80004;1029.91;34.6983;1064.6;;682.67
5.81004;1029.91;34.1261;1064.03;;682.67
5.82004;1029.91;34.0397;1063.94;;682.67
5.83004;1029.91;34.3666;1064.27;;682.67
5.84004;1029.91;33.2769;1063.18;;682.67
5.85004;1029.91;34.0912;1064;;682.67
5.86004;1029.91;33.1917;1063.1;;682.67
5.87004;1029.91;34.715;1064.62;;682.67
5.88004;1029.91;34.6172;1064.52;;682.67
5.89004;1029.91;34.4168;1064.32;;682.67
5.90004;1029.91;34.7439;1064.65;;682.67
5.91004;1029.91;33.528;1063.43;;682.67
5.92004;1029.91;34.4152;1064.32;;682.67
5.93004;1029.91;33.6155;1063.52;;682.67
5.94004;1029.91;35.0332;1064.94;;682.67
5.95004;1029.91;34.9849;1064.89;;682.67
5.96004;1029.91;34.9014;1064.81;;682.67
5.97004;1029.91;35.3226;1065.23;;682.67
5.98004;1029.91;33.8771;1063.78;;682.67
5.99004;1029.91;34.9069;1064.81;;682.67
6.00004;1029.91;34.4982;1064.4;;682.67
6.01004;1029.91;34.7986;1064.7;;682.67
6.02004;1029.91;35.5441;1065.45;;682.67
6.03004;1029.91;35.0534;1064.96;;682.67
6.04004;1029.91;35.512;1065.42;;682.67
6.05004;1029.91;34.3002;1064.21;;682.67
6.06004;1029.91;34.183;1064.09;;682.67
6.07004;1029.91;34.4557;1064.36;;682.67
6.08004;1029.91;34.0121;1063.92;;682.67
6.09004;1029.91;35.2507;1065.16;;682.67
6.10004;1029.91;34.6663;1064.57;;682.67
6.11004;1029.91;35.2273;1065.13;;682.67
6.12005;1029.91;34.3633;1064.27;;682.67
6.13005;1029.91;33.1189;1063.02;;682.67
6.14005;1029.91;33.3521;1063.26;;682.67
6.15005;1029.91;32.6266;1062.53;;682.67
6.16005;1029.91;32.9634;1062.87;;682.67
6.17005;1029.91;33.0116;1062.92;;682.67
6.18005;1029.91;32.2576;1062.16;;682.67
6.19005;1029.91;32.5235;1062.43;;682.67
6.20005;1029.91;31.9462;1061.85;;682.67
6.21005;1029.91;30.9042;1060.81;;682.67
6.22005;1029.91;31.617;1061.52;;682.67
6.23005;1029.91;30.6436;1060.55;;682.67
6.24005;1029.91;32.1445;1062.05;;682.67
6.25005;1029.91;31.6664;1061.57;;682.67
6.26005;1029.91;30.9224;1060.83;;682.67
6.27005;1029.91;31.2841;1061.19;;682.67
6.28005;1029.91;30.1814;1060.09;;682.67
6.29005;1029.91;29.1193;1059.02;;682.67
6.30005;1029.91;30.2233;1060.13;;682.67
6.31005;1029.91;29.2974;1059.2;;682.67
6.32005;1029.91;30.6188;1060.52;;682.67
6.33005;1029.91;30.6768;1060.58;;682.67
6.34005;1029.91;30.992;1060.9;;682.67
6.35005;1029.91;31.3732;1061.28;;682.67
6.36005;1029.91;30.0895;1059.99;;682.67
6.37005;1029.91;31.2223;1061.13;;682.67
6.38005;1029.91;30.7367;1060.64;;682.67
6.39005;1029.91;31.4985;1061.4;;682.67
6.40005;1029.91;32.2188;1062.12;;682.67
6.41005;1029.91;32.2056;1062.11;;682.67
6.42005;1029.91;32.5285;1062.43;;682.67
6.43005;1029.91;31.3151;1061.22;;682.67
6.44005;1029.91;31.7405;1061.65;;682.67
6.45005;1029.91;31.94;1061.85;;682.67
6.46005;1029.91;32.1768;1062.08;;682.67
6.47005;1029.91;33.1633;1063.07;;682.67
6.48005;1029.91;32.9938;1062.9;;682.67
6.49005;1029.91;33.5496;1063.45;;682.67
6.50005;1029.91;32.4661;1062.37;;682.67
6.51005;1029.91;32.9424;1062.85;;682.67
6.52005;1029.91;32.6647;1062.57;;682.67
6.53005;1029.91;33.1579;1063.06;;682.67
6.54005;1029.91;34.086;1063.99;;682.67
6.55006;1029.91;33.6747;1063.58;;682.67
6.56006;1029.91;33.928;1063.83;;682.67
6.57006;1029.91;33.2643;1063.17;;682.67
6.58006;1029.91;32.6687;1062.57;;682.67
6.59006;1029.91;33.4534;1063.36;;682.67
6.60006;1029.91;32.9429;1062.85;;682.67
6.61006;1029.91;34.5007;1064.41;;682.67
6.62006;1029.91;34.4136;1064.32;;682.67
6.63006;1029.91;34.7002;1064.61;;682.67
6.64006;1029.91;34.1492;1064.05;;682.67
6.65006;1029.91;33.2621;1063.17;;682.67
6.66006;1029.91;33.8652;1063.77;;682.67
6.67006;1029.91;34.3533;1064.26;;682.67
6.68006;1029.91;35.1299;1065.04;;682.67
6.69006;1029.91;34.5625;1064.47;;682.67
6.70006;1029.91;34.9465;1064.85;;682.67
6.71006;1029.91;34.7444;1064.65;;682.67
6.72006;1029.91;33.4787;1063.38;;682.67
6.73006;1029.91;34.5645;1064.47;;682.67
6.74006;1029.91;33.6488;1063.55;;682.67
6.75006;1029.91;35.3467;1065.25;;682.67
6.76006;1029.91;34.9704;1064.88;;682.67
6.77006;1029.91;34.7457;1064.65;;682.67
6.78006;1029.91;35.2933;1065.2;;682.67
6.79006;1029.91;33.965;1063.87;;682.67
6.80006;1029.91;34.6275;1064.53;;682.67
6.81006;1029.91;33.9772;1063.88;;682.67
6.82006;1029.91;35.4302;1065.34;;682.67
6.83006;1029.91;35.4456;1065.35;;682.67
6.84006;1029.91;35.0757;1064.98;;682.67
6.85006;1029.91;35.7023;1065.61;;682.67
6.86006;1029.91;34.2326;1064.14;;682.67
6.87006;1029.91;35.4329;1065.34;;682.67
6.88006;1029.91;34.7864;1064.69;;682.67
6.89006;1029.91;34.8508;1064.76;;682.67
6.90006;1029.91;35.658;1065.56;;682.67
6.91006;1029.91;35.2726;1065.18;;682.67
6.92006;1029.91;35.6017;1065.51;;682.67
6.93006;1029.91;34.578;1064.48;;682.67
6.94006;1029.91;34.4751;1064.38;;682.67
6.95006;1029.91;34.5347;1064.44;;682.67
6.96006;1029.91;33.5005;1063.41;;682.67
6.97006;1029.91;34.9068;1064.81;;682.67
6.98006;1029.91;34.3472;1064.25;;682.67
6.99007;1029.91;34.7835;1064.69;;682.67
7.00007;1029.91;33.8161;1063.72;;682.67
7.01007;1029.91;32.4396;1062.34;;682.67
7.02007;1029.91;31.7051;1061.61;;682.67
7.03007;1029.91;32.3152;1062.22;;682.67
7.04007;1029.91;32.0209;1061.93;;682.67
7.05007;1029.91;33.5784;1063.48;;682.67
7.06007;1029.91;33.4225;1063.33;;682.67
7.07007;1029.91;33.7626;1063.67;;682.67
7.08007;1029.91;33.0823;1062.99;;682.67
7.09007;1029.91;32.3029;1062.21;;682.67
7.10007;1029.91;32.9949;1062.9;;682.67
7.11007;1029.91;33.5082;1063.41;;682.67
7.12007;1029.91;34.365;1064.27;;682.67
7.13007;1029.91;33.8204;1063.73;;682.67
7.14007;1029.91;34.1187;1064.02;;682.67
7.15007;1029.91;34.065;1063.97;;682.67
7.16007;1029.91;33.037;1062.94;;682.67
7.17007;1029.91;34.0177;1063.92;;682.67
7.18007;1029.91;33.116;1063.02;;682.67
7.19007;1029.91;34.7959;1064.7;;682.67
7.20007;1029.91;34.5087;1064.41;;682.67
7.21007;1029.91;34.2376;1064.14;;682.67
7.22007;1029.91;34.7041;1064.61;;682.67
7.23007;1029.91;33.6517;1063.56;;682.67
7.24007;1029.91;34.3681;1064.27;;682.67
7.25007;1029.91;33.6696;1063.57;;682.67
7.26007;1029.91;34.9733;1064.88;;682.67
7.27007;1029.91;34.9324;1064.84;;682.67
7.28007;1029.91;34.9555;1064.86;;682.67
7.29007;1029.91;35.3194;1065.22;;682.67
7.30007;1029.91;33.9153;1063.82;;682.67
7.31007;1029.91;35.1708;1065.08;;682.67
7.32007;1029.91;34.381;1064.29;;682.67
7.33007;1029.91;35.434;1065.34;;682.67
7.34007;1029.91;35.6972;1065.6;;682.67
7.35007;1029.91;35.3118;1065.22;;682.67
7.36007;1029.91;35.8309;1065.74;;682.67
7.37007;1029.91;34.4169;1064.32;;682.67
7.38007;1029.91;34.7095;1064.61;;682.67
7.39007;1029.91;34.855;1064.76;;682.67
7.40007;1029.91;34.3884;1064.29;;682.67
7.41007;1029.91;35.7211;1065.63;;682.67
7.42007;1029.91;35.5787;1065.48;;682.67
7.43008;1029.91;35.9667;1065.87;;682.67
7.44008;1029.91;34.9596;1064.86;;682.67
7.45008;1029.91;35.4257;1065.33;;682.67
7.46008;1029.91;34.7029;1064.61;;682.67
7.47008;1029.91;33.8725;1063.78;;682.67
7.48008;1029.91;35.736;1065.64;;682.67
7.49008;1029.91;35.0849;1064.99;;682.67
7.50008;1029.91;35.5452;1065.45;;682.67
7.51008;1029.91;35.1054;1065.01;;682.67
7.52008;1029.91;33.6426;1063.55;;682.67
7.53008;1029.91;33.6972;1063.6;;682.67
7.54008;1029.91;33.2413;1063.15;;682.67
7.55008;1029.91;32.9612;1062.87;;682.67
7.56008;1029.91;33.6459;1063.55;;682.67
7.57008;1029.91;32.5602;1062.47;;682.67
7.58008;1029.91;32.5235;1062.43;;682.67
7.59008;1029.91;32.4798;1062.39;;682.67
7.60008;1029.91;31.2323;1061.14;;682.67
7.61008;1029.91;31.7359;1061.64;;682.67
7.62008;1029.91;31.4728;1061.38;;682.67
7.63008;1029.91;32.1255;1062.03;;682.67
7.64008;1029.91;32.6275;1062.53;;682.67
7.65008;1029.91;31.3229;1061.23;;682.67
7.66008;1029.91;31.8207;1061.73;;682.67
7.67008;1029.91;30.9766;1060.88;;682.67
7.68008;1029.91;29.6155;1059.52;;682.67
7.69008;1029.91;30.2481;1060.15;;682.67
7.70008;1029.91;29.7238;1059.63;;682.67
7.71008;1029.91;30.547;1060.45;;682.67
7.72008;1029.91;31.1823;1061.09;;682.67
7.73008;1029.91;31.2466;1061.15;;682.67
7.74008;1029.91;31.5884;1061.49;;682.67
7.75008;1029.91;30.82;1060.73;;682.67
7.76008;1029.91;31.0922;1061;;682.67
7.77008;1029.91;31.106;1061.01;;682.67
7.78008;1029.91;31.7215;1061.63;;682.67
7.79008;1029.91;32.5569;1062.46;;682.67
7.80008;1029.91;32.5643;1062.47;;682.67
7.81008;1029.91;33.0126;1062.92;;682.67
7.82008;1029.91;31.8554;1061.76;;682.67
7.83008;1029.91;32.5623;1062.47;;682.67
7.84008;1029.91;32.1825;1062.09;;682.67
7.85008;1029.91;32.5425;1062.45;;682.67
7.86009;1029.91;33.73;1063.64;;682.67
7.87009;1029.91;33.4649;1063.37;;682.67
7.88009;1029.91;33.5403;1063.45;;682.67
7.89009;1029.91;32.9843;1062.89;;682.67
7.90009;1029.91;32.2593;1062.16;;682.67
7.91009;1029.91;33.0596;1062.96;;682.67
7.92009;1029.91;32.9346;1062.84;;682.67
7.93009;1029.91;34.2719;1064.18;;682.67
7.94009;1029.91;34.2836;1064.19;;682.67
7.95009;1029.91;34.2327;1064.14;;682.67
7.96009;1029.91;33.7194;1063.62;;682.67
7.97009;1029.91;33.075;1062.98;;682.67
7.98009;1029.91;33.7173;1063.62;;682.67
7.99009;1029.91;33.9545;1063.86;;682.67
8.00009;1029.91;34.8904;1064.8;;682.67
8.01009;1029.91;34.3937;1064.3;;682.67
8.02009;1029.91;34.8766;1064.78;;682.67
8.03009;1029.91;34.6182;1064.52;;682.67
8.04009;1029.91;33.5226;1063.43;;682.67
8.05009;1029.91;34.4751;1064.38;;682.67
8.06009;1029.91;33.4451;1063.35;;682.67
8.07009;1029.91;35.3605;1065.27;;682.67
8.08009;1029.91;34.9629;1064.87;;682.67
8.09009;1029.91;34.6946;1064.6;;682.67
8.10009;1029.91;35.2068;1065.11;;682.67
8.11009;1029.91;33.933;1063.84;;682.67
8.12009;1029.91;34.7173;1064.62;;682.67
8.13009;1029.91;33.9682;1063.87;;682.67
8.14009;1029.91;35.1475;1065.05;;682.67
8.15009;1029.91;35.3694;1065.27;;682.67
8.16009;1029.91;35.2022;1065.11;;682.67
8.17009;1029.91;35.762;1065.67;;682.67
8.18009;1029.91;34.3207;1064.23;;682.67
8.19009;1029.91;35.386;1065.29;;682.67
8.20009;1029.91;34.6344;1064.54;;682.67
8.21009;1029.91;35.5722;1065.48;;682.67
8.22009;1029.91;35.8165;1065.72;;682.67
8.23009;1029.91;35.5586;1065.46;;682.67
8.24009;1029.91;36.027;1065.93;;682.67
8.25009;1029.91;34.8002;1064.71;;682.67
8.26009;1029.91;34.9363;1064.84;;682.67
8.27009;1029.91;35.0951;1065;;682.67
8.28009;1029.91;34.7457;1064.65;;682.67
8.29009;1029.91;36.06;1065.97;;682.67
8.30009;1029.91;35.6575;1065.56;;682.67
8.31009;1029.91;36.1217;1066.03;;682.67
8.3201;1029.91;35.1248;1065.03;;682.67
8.3301;1029.91;35.7355;1065.64;;682.67
8.3401;1029.91;34.9965;1064.9;;682.67
8.3501;1029.91;34.3136;1064.22;;682.67
8.3601;1029.91;35.8798;1065.79;;682.67
8.3701;1029.91;35.163;1065.07;;682.67
8.3801;1029.91;35.9039;1065.81;;682.67
8.3901;1029.91;35.1221;1065.03;;682.67
8.4001;1029.91;33.8616;1063.77;;682.67
8.4101;1029.91;33.8919;1063.8;;682.67
8.4201;1029.91;33.3655;1063.27;;682.67
8.4301;1029.91;32.9097;1062.81;;682.67
8.4401;1029.91;33.909;1063.81;;682.67
8.4501;1029.91;32.9675;1062.87;;682.67
8.4601;1029.91;32.9606;1062.87;;682.67
8.4701;1029.91;32.7798;1062.69;;682.67
8.4801;1029.91;31.5242;1061.43;;682.67
8.4901;1029.91;32.4561;1062.36;;682.67
8.5001;1029.91;31.694;1061.6;;682.67
8.5101;1029.91;32.6106;1062.52;;682.67
8.5201;1029.91;32.9821;1062.89;;682.67
8.5301;1029.91;32.0696;1061.97;;682.67
8.5401;1029.91;32.8685;1062.77;;682.67
8.5501;1029.91;31.8782;1061.78;;682.67
8.5601;1029.91;30.9179;1060.82;;682.67
8.5701;1029.91;31.3395;1061.24;;682.67
8.5801;1029.91;30.2515;1060.16;;682.67
8.5901;1029.91;31.1431;1061.05;;682.67
8.6001;1029.91;31.0689;1060.97;;682.67
8.6101;1029.91;30.8794;1060.78;;682.67
8.6201;1029.91;31.0082;1060.91;;682.67
8.6301;1029.91;30.0988;1060;;682.67
8.6401;1029.91;30.0751;1059.98;;682.67
8.6501;1029.91;30.5042;1060.41;;682.67
8.6601;1029.91;30.5099;1060.42;;682.67
8.6701;1029.91;31.6073;1061.51;;682.67
8.6801;1029.91;31.5441;1061.45;;682.67
8.6901;1029.91;32.3118;1062.22;;682.67
8.7001;1029.91;31.231;1061.14;;682.67
8.7101;1029.91;31.6287;1061.53;;682.67
8.7201;1029.91;31.4419;1061.35;;682.67
8.7301;1029.91;31.7587;1061.66;;682.67
8.7401;1029.91;32.8986;1062.8;;682.67
8.7501;1029.91;32.5354;1062.44;;682.67
8.76011;1029.91;33.0596;1062.96;;682.67
8.77011;1029.91;32.544;1062.45;;682.67
8.78011;1029.91;31.7063;1061.61;;682.67
8.79011;1029.91;32.3528;1062.26;;682.67
8.80011;1029.91;32.0542;1061.96;;682.67
8.81011;1029.91;33.802;1063.71;;682.67
8.82011;1029.91;33.5016;1063.41;;682.67
8.83011;1029.91;33.6946;1063.6;;682.67
8.84011;1029.91;33.3954;1063.3;;682.67
8.85011;1029.91;32.7499;1062.66;;682.67
8.86011;1029.91;33.3063;1063.21;;682.67
8.87011;1029.91;33.3572;1063.26;;682.67
8.88011;1029.91;34.4922;1064.4;;682.67
8.89011;1029.91;34.2317;1064.14;;682.67
8.90011;1029.91;34.5497;1064.45;;682.67
8.91011;1029.91;34.3173;1064.22;;682.67
8.92011;1029.91;33.2344;1063.14;;682.67
8.93011;1029.91;34.2948;1064.2;;682.67
8.94011;1029.91;33.3884;1063.29;;682.67
8.95011;1029.91;35.0231;1064.93;;682.67
8.96011;1029.91;34.5513;1064.46;;682.67
8.97011;1029.91;34.4291;1064.33;;682.67
8.98011;1029.91;34.959;1064.86;;682.67
8.99011;1029.91;33.6686;1063.57;;682.67
9.00011;1029.91;34.4595;1064.36;;682.67
9.01011;1029.91;33.7233;1063.63;;682.67
9.02011;1029.91;35.0287;1064.93;;682.67
9.03011;1029.91;35.1315;1065.04;;682.67
9.04011;1029.91;34.9695;1064.87;;682.67
9.05011;1029.91;35.5236;1065.43;;682.67
9.06011;1029.91;34.1398;1064.05;;682.67
9.07011;1029.91;35.2269;1065.13;;682.67
9.08011;1029.91;34.3884;1064.29;;682.67
9.09011;1029.91;35.2675;1065.17;;682.67
9.10011;1029.91;35.537;1065.44;;682.67
9.11011;1029.91;35.1143;1065.02;;682.67
9.12011;1029.91;35.5856;1065.49;;682.67
9.13011;1029.91;34.4214;1064.33;;682.67
9.14011;1029.91;33.9671;1063.87;;682.67
9.15011;1029.91;34.4739;1064.38;;682.67
9.16011;1029.91;33.6749;1063.58;;682.67
9.17011;1029.91;34.8019;1064.71;;682.67
9.18011;1029.91;34.304;1064.21;;682.67
9.19011;1029.91;34.4656;1064.37;;682.67
9.20012;1029.91;33.5903;1063.5;;682.67
9.21012;1029.91;32.2516;1062.16;;682.67
9.22012;1029.91;31.6559;1061.56;;682.67
9.23012;1029.91;32.1355;1062.04;;682.67
9.24012;1029.91;31.7182;1061.62;;682.67
9.25012;1029.91;33.3309;1063.24;;682.67
9.26012;1029.91;33.2101;1063.12;;682.67
9.27012;1029.91;33.4447;1063.35;;682.67
9.28012;1029.91;32.985;1062.89;;682.67
9.29012;1029.91;32.1598;1062.07;;682.67
9.30012;1029.91;33.0424;1062.95;;682.67
9.31012;1029.91;33.0949;1063;;682.67
9.32012;1029.91;34.1279;1064.03;;682.67
9.33012;1029.91;33.8113;1063.72;;682.67
9.34012;1029.91;34.2179;1064.12;;682.67
9.35012;1029.91;33.909;1063.81;;682.67
9.36012;1029.91;32.933;1062.84;;682.67
9.37012;1029.91;33.8488;1063.75;;682.67
9.38012;1029.91;33.0578;1062.96;;682.67
9.39012;1029.91;34.7222;1064.63;;682.67
9.40012;1029.91;34.3827;1064.29;;682.67
9.41012;1029.91;34.1591;1064.06;;682.67
9.42012;1029.91;34.6017;1064.51;;682.67
9.43012;1029.91;33.5364;1063.44;;682.67
9.44012;1029.91;34.2294;1064.13;;682.67
9.45012;1029.91;33.5936;1063.5;;682.67
9.46012;1029.91;34.7558;1064.66;;682.67
9.47012;1029.91;34.9854;1064.89;;682.67
9.48012;1029.91;34.6714;1064.58;;682.67
9.49012;1029.91;35.0967;1065;;682.67
9.50012;1029.91;33.882;1063.79;;682.67
9.51012;1029.91;35.0169;1064.92;;682.67
9.52012;1029.91;33.892;1063.8;;682.67
9.53012;1029.91;34.8345;1064.74;;682.67
9.54012;1029.91;35.2582;1065.16;;682.67
9.55012;1029.91;34.7835;1064.69;;682.67
9.56012;1029.91;35.4751;1065.38;;682.67
9.57012;1029.91;34.241;1064.15;;682.67
9.58012;1029.91;33.5203;1063.43;;682.67
9.59012;1029.91;34.2466;1064.15;;682.67
9.60012;1029.91;32.8942;1062.8;;682.67
9.61012;1029.91;33.6548;1063.56;;682.67
9.62012;1029.91;33.2188;1063.12;;682.67
9.63013;1029.91;33.0061;1062.91;;682.67
9.64013;1029.91;32.57;1062.48;;682.67
9.65013;1029.91;31.5407;1061.45;;682.67
9.66013;1029.91;30.8035;1060.71;;682.67
9.67013;1029.91;31.4495;1061.35;;682.67
9.68013;1029.91;31.2521;1061.16;;682.67
9.69013;1029.91;32.5495;1062.45;;682.67
9.70013;1029.91;32.3678;1062.27;;682.67
9.71013;1029.91;32.4169;1062.32;;682.67
9.72013;1029.91;32.3826;1062.29;;682.67
9.73013;1029.91;31.1365;1061.04;;682.67
9.74013;1029.91;31.9518;1061.86;;682.67
9.75013;1029.91;31.2964;1061.2;;682.67
9.76013;1029.91;32.5739;1062.48;;682.67
9.77013;1029.91;32.0844;1061.99;;682.67
9.78013;1029.91;31.8388;1061.74;;682.67
9.79013;1029.91;32.105;1062.01;;682.67
9.80013;1029.91;30.8306;1060.74;;682.67
9.81013;1029.91;30.1521;1060.06;;682.67
9.82013;1029.91;30.5275;1060.43;;682.67
9.83013;1029.91;29.75;1059.66;;682.67
9.84013;1029.91;31.457;1061.36;;682.67
9.85013;1029.91;31.2289;1061.13;;682.67
9.86013;1029.91;31.3235;1061.23;;682.67
9.87013;1029.91;31.804;1061.71;;682.67
9.88013;1029.91;30.4281;1060.33;;682.67
9.89013;1029.91;31.8034;1061.71;;682.67
9.90013;1029.91;30.8687;1060.77;;682.67
9.91013;1029.91;31.9675;1061.87;;682.67
9.92013;1029.91;32.3202;1062.23;;682.67
9.93013;1029.91;32.5708;1062.48;;682.67
9.94013;1029.91;32.7861;1062.69;;682.67
9.95013;1029.91;31.7427;1061.65;;682.67
9.96013;1029.91;32.1182;1062.02;;682.67
9.97013;1029.91;32.2457;1062.15;;682.67
9.98013;1029.91;32.6315;1062.54;;682.67
9.99013;1029.91;33.4938;1063.4;;682.67
10.0001;1029.91;33.4253;1063.33;;682.67
10.0101;1029.91;33.8904;1063.8;;682.67
10.0201;1029.91;32.78;1062.69;;682.67
10.0301;1029.91;33.4905;1063.4;;682.67
10.0401;1029.91;33.0108;1062.92;;682.67
10.0501;1029.91;33.5385;1063.44;;682.67
10.0601;1029.91;34.3345;1064.24;;682.67
10.0701;1029.91;34.2621;1064.17;;682.67
10.0801;1029.91;34.4751;1064.38;;682.67
10.0901;1029.91;33.5831;1063.49;;682.67
10.1001;1029.91;33.043;1062.95;;682.67
10.1101;1029.91;33.8212;1063.73;;682.67
10.1201;1029.91;33.3843;1063.29;;682.67
10.1301;1029.91;34.8204;1064.73;;682.67
10.1401;1029.91;34.5707;1064.48;;682.67
10.1501;1029.91;34.8285;1064.73;;682.67
10.1601;1029.91;34.3843;1064.29;;682.67
10.1701;1029.91;33.4086;1063.31;;682.67
10.1801;1029.91;34.1874;1064.09;;682.67
10.1901;1029.91;34.2221;1064.13;;682.67
10.2001;1029.91;35.0144;1064.92;;682.67
10.2101;1029.91;34.4961;1064.4;;682.67
10.2201;1029.91;34.8257;1064.73;;682.67
10.2301;1029.91;34.5873;1064.49;;682.67
10.2401;1029.91;33.3356;1063.24;;682.67
10.2501;1029.91;33.7316;1063.64;;682.67
10.2601;1029.91;33.5474;1063.45;;682.67
10.2701;1029.91;32.9671;1062.87;;682.67
10.2801;1029.91;34.405;1064.31;;682.67
10.2901;1029.91;32.9247;1062.83;;682.67
10.3001;1029.91;33.0707;1062.98;;682.67
10.3101;1029.91;32.4263;1062.33;;682.67
10.3201;1029.91;31.34;1061.25;;682.67
10.3301;1029.91;32.2968;1062.2;;682.67
10.3401;1029.91;31.4159;1061.32;;682.67
10.3501;1029.91;32.4496;1062.35;;682.67
10.3601;1029.91;32.9363;1062.84;;682.67
10.3701;1029.91;32.7861;1062.69;;682.67
10.3801;1029.91;33.1203;1063.03;;682.67
10.3901;1029.91;32.0636;1061.97;;682.67
10.4001;1029.91;32.4865;1062.39;;682.67
10.4101;1029.91;32.5513;1062.46;;682.67
10.4201;1029.91;32.7092;1062.61;;682.67
10.4301;1029.91;33.8742;1063.78;;682.67
10.4401;1029.91;33.8814;1063.79;;682.67
10.4501;1029.91;34.2084;1064.11;;682.67
10.4601;1029.91;32.9977;1062.9;;682.67
10.4701;1029.91;33.9433;1063.85;;682.67
10.4801;1029.91;33.4225;1063.33;;682.67
10.4901;1029.91;33.5867;1063.49;;682.67
10.5001;1029.91;34.7319;1064.64;;682.67
10.5101;1029.91;34.4651;1064.37;;682.67
10.5201;1029.91;34.8113;1064.72;;682.67
10.5301;1029.91;33.9562;1063.86;;682.67
10.5401;1029.91;33.3135;1063.22;;682.67
10.5501;1029.91;34.0569;1063.96;;682.67
10.5601;1029.91;33.6979;1063.6;;682.67
10.5701;1029.91;35.3322;1065.24;;682.67
10.5801;1029.91;35.0966;1065;;682.67
10.5901;1029.91;35.0488;1064.95;;682.67
10.6001;1029.91;34.6275;1064.53;;682.67
10.6101;1029.91;33.8869;1063.79;;682.67
10.6201;1029.91;34.5112;1064.42;;682.67
10.6301;1029.91;35.0031;1064.91;;682.67
10.6401;1029.91;35.6038;1065.51;;682.67
10.6501;1029.91;35.2901;1065.2;;682.67
10.6601;1029.91;35.5397;1065.44;;682.67
10.6701;1029.91;35.3283;1065.23;;682.67
10.6801;1029.91;34.2581;1064.16;;682.67
10.6901;1029.91;35.1891;1065.09;;682.67
10.7001;1029.91;34.1329;1064.04;;682.67
10.7101;1029.91;35.7455;1065.65;;682.67
10.7201;1029.91;35.3633;1065.27;;682.67
10.7302;1029.91;35.2936;1065.2;;682.67
10.7402;1029.91;35.7061;1065.61;;682.67
10.7502;1029.91;34.4926;1064.4;;682.67
10.7602;1029.91;35.1513;1065.06;;682.67
10.7702;1029.91;34.6713;1064.58;;682.67
10.7802;1029.91;35.5928;1065.5;;682.67
10.7902;1029.91;35.6028;1065.51;;682.67
10.8002;1029.91;35.1343;1065.04;;682.67
10.8102;1029.91;35.7123;1065.62;;682.67
10.8202;1029.91;34.5419;1064.45;;682.67
10.8302;1029.91;34.9363;1064.84;;682.67
10.8402;1029.91;34.3694;1064.27;;682.67
10.8502;1029.91;33.0928;1063;;682.67
10.8602;1029.91;33.7201;1063.63;;682.67
10.8702;1029.91;33.384;1063.29;;682.67
10.8802;1029.91;32.7948;1062.7;;682.67
10.8902;1029.91;32.9269;1062.83;;682.67
10.9002;1029.91;31.5745;1061.48;;682.67
10.9102;1029.91;31.7561;1061.66;;682.67
10.9202;1029.91;31.5419;1061.45;;682.67
10.9302;1029.91;30.662;1060.57;;682.67
10.9402;1029.91;32.2321;1062.14;;682.67
10.9502;1029.91;31.6724;1061.58;;682.67
10.9602;1029.91;31.7695;1061.67;;682.67
10.9702;1029.91;31.6353;1061.54;;682.67
10.9802;1029.91;30.3876;1060.29;;682.67
10.9902;1029.91;29.6625;1059.57;;682.67
11.0002;1029.91;30.2551;1060.16;;682.67
11.0102;1029.91;29.6998;1059.61;;682.67
11.0202;1029.91;31.8074;1061.71;;682.67
11.0302;1029.91;31.0336;1060.94;;682.67
11.0402;1029.91;31.3998;1061.31;;682.67
11.0502;1029.91;31.2023;1061.11;;682.67
11.0602;1029.91;30.2583;1060.16;;682.67
11.0702;1029.91;31.298;1061.2;;682.67
11.0802;1029.91;30.8047;1060.71;;682.67
11.0902;1029.91;32.3519;1062.26;;682.67
11.1002;1029.91;31.9332;1061.84;;682.67
11.1102;1029.91;31.9424;1061.85;;682.67
11.1202;1029.91;32.4634;1062.37;;682.67
11.1302;1029.91;31.5259;1061.43;;682.67
11.1402;1029.91;32.2464;1062.15;;682.67
11.1502;1029.91;31.5519;1061.46;;682.67
11.1602;1029.91;33.0988;1063;;682.67
11.1702;1029.91;33.1692;1063.07;;682.67
11.1802;1029.91;32.9435;1062.85;;682.67
11.1902;1029.91;33.5181;1063.42;;682.67
11.2002;1029.91;32.1077;1062.01;;682.67
11.2102;1029.91;33.5047;1063.41;;682.67
11.2202;1029.91;32.5352;1062.44;;682.67
11.2302;1029.91;33.7437;1063.65;;682.67
11.2402;1029.91;34.002;1063.91;;682.67
11.2502;1029.91;33.9373;1063.84;;682.67
11.2602;1029.91;34.1329;1064.04;;682.67
11.2702;1029.91;33.1058;1063.01;;682.67
11.2802;1029.91;33.4705;1063.38;;682.67
11.2902;1029.91;33.4922;1063.4;;682.67
11.3002;1029.91;33.3416;1063.25;;682.67
11.3102;1029.91;34.6683;1064.57;;682.67
11.3202;1029.91;34.6109;1064.52;;682.67
11.3302;1029.91;35.0353;1064.94;;682.67
11.3402;1029.91;33.8273;1063.73;;682.67
11.3502;1029.91;34.5265;1064.43;;682.67
11.3602;1029.91;33.8978;1063.8;;682.67
11.3702;1029.91;34.1978;1064.1;;682.67
11.3802;1029.91;35.1631;1065.07;;682.67
11.3902;1029.91;34.7698;1064.68;;682.67
11.4002;1029.91;35.2951;1065.2;;682.67
11.4102;1029.91;34.4424;1064.35;;682.67
11.4202;1029.91;33.6348;1063.54;;682.67
11.4302;1029.91;34.1954;1064.1;;682.67
11.4402;1029.91;34.2477;1064.15;;682.67
11.4502;1029.91;35.1945;1065.1;;682.67
11.4602;1029.91;34.8988;1064.8;;682.67
11.4702;1029.91;34.8195;1064.72;;682.67
11.4802;1029.91;34.8414;1064.75;;682.67
11.4902;1029.91;33.6098;1063.52;;682.67
11.5002;1029.91;34.0678;1063.97;;682.67
11.5102;1029.91;33.293;1063.2;;682.67
11.5202;1029.91;34.0499;1063.96;;682.67
11.5302;1029.91;33.2791;1063.18;;682.67
11.5402;1029.91;32.6768;1062.58;;682.67
11.5502;1029.91;32.5652;1062.47;;682.67
11.5602;1029.91;31.9822;1061.89;;682.67
11.5702;1029.91;30.8484;1060.75;;682.67
11.5802;1029.91;31.4291;1061.33;;682.67
11.5902;1029.91;30.8427;1060.75;;682.67
11.6002;1029.91;31.6474;1061.55;;682.67
11.6102;1029.91;31.9811;1061.89;;682.67
11.6202;1029.91;31.5437;1061.45;;682.67
11.6302;1029.91;32.205;1062.11;;682.67
11.6402;1029.91;30.8827;1060.79;;682.67
11.6502;1029.91;30.8008;1060.71;;682.67
11.6602;1029.91;30.8173;1060.72;;682.67
11.6702;1029.91;29.5152;1059.42;;682.67
11.6802;1029.91;29.9534;1059.86;;682.67
11.6902;1029.91;30.2222;1060.13;;682.67
11.7002;1029.91;29.9053;1059.81;;682.67
11.7102;1029.91;30.314;1060.22;;682.67
11.7202;1029.91;29.3516;1059.26;;682.67
11.7302;1029.91;29.3593;1059.26;;682.67
11.7402;1029.91;29.5906;1059.5;;682.67
11.7502;1029.91;29.1586;1059.06;;682.67
11.7602;1029.91;30.6404;1060.55;;682.67
11.7702;1029.91;30.3152;1060.22;;682.67
11.7802;1029.91;30.8257;1060.73;;682.67
11.7902;1029.91;30.6879;1060.59;;682.67
11.8002;1029.91;29.4529;1059.36;;682.67
11.8102;1029.91;29.8656;1059.77;;682.67
11.8202;1029.91;29.5545;1059.46;;682.67
11.8302;1029.91;30.3772;1060.28;;682.67
11.8402;1029.91;30.1475;1060.05;;682.67
11.8502;1029.91;29.6255;1059.53;;682.67
11.8602;1029.91;29.3815;1059.29;;682.67
11.8702;1029.91;28.8095;1058.71;;682.67
11.8802;1029.91;28.0446;1057.95;;682.67
11.8902;1029.91;28.9922;1058.9;;682.67
11.9002;1029.91;28.2212;1058.13;;682.67
11.9102;1029.91;29.8842;1059.79;;682.67
11.9202;1029.91;29.7178;1059.62;;682.67
11.9302;1029.91;29.8974;1059.8;;682.67
11.9402;1029.91;30.4163;1060.32;;682.67
11.9502;1029.91;29.5137;1059.42;;682.67
11.9602;1029.91;30.5385;1060.44;;682.67
11.9702;1029.91;29.8478;1059.75;;682.67
11.9802;1029.91;31.3899;1061.3;;682.67
11.9902;1029.91;31.45;1061.36;;682.67
12.0002;1029.91;31.5303;1061.44;;682.67
12.0102;1029.91;31.9086;1061.81;;682.67
12.0202;1029.91;30.4627;1060.37;;682.67
12.0302;1029.91;31.879;1061.78;;682.67
12.0402;1029.91;31.2399;1061.15;;682.67
12.0502;1029.91;32.0253;1061.93;;682.67
12.0602;1029.91;32.6371;1062.54;;682.67
12.0702;1029.91;32.3588;1062.26;;682.67
12.0802;1029.91;32.8517;1062.76;;682.67
12.0902;1029.91;31.7509;1061.66;;682.67
12.1002;1029.91;32.0415;1061.95;;682.67
12.1102;1029.91;32.3244;1062.23;;682.67
12.1202;1029.91;32.4385;1062.34;;682.67
12.1302;1029.91;33.6015;1063.51;;682.67
12.1402;1029.91;33.3545;1063.26;;682.67
12.1502;1029.91;33.9541;1063.86;;682.67
12.1602;1029.91;32.7986;1062.7;;682.67
12.1702;1029.91;33.4942;1063.4;;682.67
12.1802;1029.91;32.9913;1062.9;;682.67
12.1902;1029.91;33.3244;1063.23;;682.67
12.2002;1029.91;34.4445;1064.35;;682.67
12.2102;1029.91;34.0679;1063.97;;682.67
12.2202;1029.91;34.4032;1064.31;;682.67
12.2302;1029.91;33.6951;1063.6;;682.67
12.2402;1029.91;32.9263;1062.83;;682.67
12.2502;1029.91;33.7243;1063.63;;682.67
12.2602;1029.91;33.3892;1063.29;;682.67
12.2702;1029.91;34.8014;1064.71;;682.67
12.2802;1029.91;34.7737;1064.68;;682.67
12.2902;1029.91;34.8703;1064.78;;682.67
12.3002;1029.91;34.3316;1064.24;;682.67
12.3102;1029.91;33.3655;1063.27;;682.67
12.3202;1029.91;34.0016;1063.91;;682.67
12.3302;1029.91;34.3499;1064.26;;682.67
12.3402;1029.91;35.2013;1065.11;;682.67
12.3502;1029.91;34.7018;1064.61;;682.67
12.3602;1029.91;35.168;1065.07;;682.67
12.3702;1029.91;34.9623;1064.87;;682.67
12.3802;1029.91;33.7128;1063.62;;682.67
12.3902;1029.91;34.6038;1064.51;;682.67
12.4002;1029.91;33.8422;1063.75;;682.67
12.4102;1029.91;34.959;1064.86;;682.67
12.4202;1029.91;34.9921;1064.9;;682.67
12.4302;1029.91;34.3969;1064.3;;682.67
12.4402;1029.91;34.9677;1064.87;;682.67
12.4502;1029.91;33.7461;1063.65;;682.67
12.4602;1029.91;34.2675;1064.17;;682.67
12.4702;1029.91;33.5873;1063.49;;682.67
12.4802;1029.91;32.5906;1062.5;;682.67
12.4902;1029.91;33.3587;1063.26;;682.67
12.5002;1029.91;33.006;1062.91;;682.67
12.5102;1029.91;32.6177;1062.52;;682.67
12.5202;1029.91;32.1679;1062.07;;682.67
12.5302;1029.91;31.0274;1060.93;;682.67
12.5402;1029.91;31.0965;1061;;682.67
12.5502;1029.91;31.0737;1060.98;;682.67
12.5602;1029.91;30.377;1060.28;;682.67
12.5702;1029.91;31.6493;1061.55;;682.67
12.5802;1029.91;31.4662;1061.37;;682.67
12.5902;1029.91;31.9656;1061.87;;682.67
12.6002;1029.91;31.0444;1060.95;;682.67
12.6102;1029.91;29.776;1059.68;;682.67
12.6202;1029.91;29.6528;1059.56;;682.67
12.6302;1029.91;29.8755;1059.78;;682.67
12.6402;1029.91;30.4319;1060.34;;682.67
12.6502;1029.91;30.987;1060.89;;682.67
12.6602;1029.91;31.0938;1061;;682.67
12.6702;1029.91;31.4595;1061.36;;682.67
12.6802;1029.91;30.6492;1060.55;;682.67
12.6902;1029.91;30.1752;1060.08;;682.67
12.7002;1029.91;30.8721;1060.78;;682.67
12.7102;1029.91;30.9777;1060.88;;682.67
12.7202;1029.91;32.3599;1062.27;;682.67
12.7302;1029.91;31.7383;1061.64;;682.67
12.7402;1029.91;32.0392;1061.94;;682.67
12.7502;1029.91;32.1592;1062.06;;682.67
12.7602;1029.91;31.1387;1061.04;;682.67
12.7702;1029.91;32.1109;1062.02;;682.67
12.7802;1029.91;31.3179;1061.22;;682.67
12.7902;1029.91;32.9939;1062.9;;682.67
12.8002;1029.91;32.8168;1062.72;;682.67
12.8102;1029.91;32.6608;1062.57;;682.67
12.8202;1029.91;33.0596;1062.96;;682.67
12.8302;1029.91;32.1132;1062.02;;682.67
12.8402;1029.91;32.6764;1062.58;;682.67
12.8502;1029.91;32.2273;1062.13;;682.67
12.8602;1029.91;33.6546;1063.56;;682.67
12.8702;1029.91;33.7477;1063.65;;682.67
12.8802;1029.91;33.6098;1063.52;;682.67
12.8902;1029.91;33.9944;1063.9;;682.67
12.9002;1029.91;32.5889;1062.49;;682.67
12.9102;1029.91;33.7775;1063.68;;682.67
12.9202;1029.91;33.2489;1063.15;;682.67
12.9302;1029.91;33.4457;1063.35;;682.67
12.9402;1029.91;34.3456;1064.25;;682.67
12.9502;1029.91;33.9252;1063.83;;682.67
12.9602;1029.91;34.3526;1064.26;;682.67
12.9702;1029.91;33.2767;1063.18;;682.67
12.9802;1029.91;33.0425;1062.95;;682.67
12.9902;1029.91;33.4933;1063.4;;682.67
13.0002;1029.91;32.6913;1062.6;;682.67
13.0102;1029.91;34.1463;1064.05;;682.67
13.0202;1029.91;33.7621;1063.67;;682.67
13.0302;1029.91;34.2532;1064.16;;682.67
13.0402;1029.91;33.4888;1063.39;;682.67
13.0502;1029.91;32.1155;1062.02;;682.67
13.0602;1029.91;32.303;1062.21;;682.67
13.0702;1029.91;31.8717;1061.78;;682.67
13.0802;1029.91;32.2686;1062.17;;682.67
13.0902;1029.91;32.3259;1062.23;;682.67
13.1002;1029.91;31.6985;1061.6;;682.67
13.1102;1029.91;32.1336;1062.04;;682.67
13.1202;1029.91;31.3262;1061.23;;682.67
13.1302;1029.91;30.3246;1060.23;;682.67
13.1402;1029.91;31.1631;1061.07;;682.67
13.1502;1029.91;30.3197;1060.22;;682.67
13.1602;1029.91;31.865;1061.77;;682.67
13.1702;1029.91;31.5437;1061.45;;682.67
13.1802;1029.91;31.0435;1060.95;;682.67
13.1902;1029.91;31.4644;1061.37;;682.67
13.2002;1029.91;30.511;1060.42;;682.67
13.2102;1029.91;29.8993;1059.8;;682.67
13.2202;1029.91;30.5287;1060.43;;682.67
13.2302;1029.91;29.1459;1059.05;;682.67
13.2402;1029.91;30.6851;1060.59;;682.67
13.2502;1029.91;30.2721;1060.18;;682.67
13.2602;1029.91;30.3682;1060.27;;682.67
13.2702;1029.91;30.5311;1060.44;;682.67
13.2802;1029.91;29.423;1059.33;;682.67
13.2902;1029.91;30.2201;1060.13;;682.67
13.3002;1029.91;30.0331;1059.94;;682.67
13.3102;1029.91;30.5071;1060.41;;682.67
13.3202;1029.91;31.5289;1061.43;;682.67
13.3302;1029.91;31.4877;1061.39;;682.67
13.3402;1029.91;31.9308;1061.84;;682.67
13.3502;1029.91;30.8925;1060.8;;682.67
13.3602;1029.91;31.537;1061.44;;682.67
13.3702;1029.91;31.3655;1061.27;;682.67
13.3802;1029.91;31.5303;1061.44;;682.67
13.3902;1029.91;32.8025;1062.71;;682.67
13.4002;1029.91;32.6259;1062.53;;682.67
13.4102;1029.91;33.2422;1063.15;;682.67
13.4202;1029.91;32.1712;1062.08;;682.67
13.4302;1029.91;32.3926;1062.3;;682.67
13.4402;1029.91;32.3882;1062.29;;682.67
13.4502;1029.91;32.9523;1062.86;;682.67
13.4602;1029.91;33.7177;1063.62;;682.67
13.4702;1029.91;33.448;1063.35;;682.67
13.4802;1029.91;33.4225;1063.33;;682.67
13.4902;1029.91;33.1767;1063.08;;682.67
13.5002;1029.91;32.2601;1062.17;;682.67
13.5102;1029.91;33.1641;1063.07;;682.67
13.5202;1029.91;32.5685;1062.47;;682.67
13.5302;1029.91;34.3721;1064.28;;682.67
13.5402;1029.91;34.0757;1063.98;;682.67
13.5502;1029.91;34.4295;1064.33;;682.67
13.5602;1029.91;33.9736;1063.88;;682.67
13.5702;1029.91;33.0353;1062.94;;682.67
13.5802;1029.91;33.9603;1063.87;;682.67
13.5902;1029.91;33.8937;1063.8;;682.67
13.6002;1029.91;35.0287;1064.93;;682.67
13.6102;1029.91;34.3438;1064.25;;682.67
13.6202;1029.91;34.548;1064.45;;682.67
13.6302;1029.91;34.7027;1064.61;;682.67
13.6402;1029.91;33.4675;1063.37;;682.67
13.6502;1029.91;34.3454;1064.25;;682.67
13.6602;1029.91;33.7156;1063.62;;682.67
13.6702;1029.91;34.5787;1064.48;;682.67
13.6802;1029.91;34.6947;1064.6;;682.67
13.6902;1029.91;34.3123;1064.22;;682.67
13.7002;1029.91;34.7724;1064.68;;682.67
13.7102;1029.91;33.6055;1063.51;;682.67
13.7202;1029.91;34.2703;1064.18;;682.67
13.7302;1029.91;33.3993;1063.3;;682.67
13.7402;1029.91;32.36;1062.27;;682.67
13.7502;1029.91;33.2796;1063.18;;682.67
13.7602;1029.91;32.8373;1062.74;;682.67
13.7702;1029.91;32.4308;1062.34;;682.67
13.7802;1029.91;32.1093;1062.01;;682.67
13.7902;1029.91;30.8848;1060.79;;682.67
13.8002;1029.91;31.3794;1061.28;;682.67
13.8102;1029.91;31.174;1061.08;;682.67
13.8202;1029.91;31.3461;1061.25;;682.67
13.8302;1029.91;32.3837;1062.29;;682.67
13.8402;1029.91;32.2704;1062.18;;682.67
13.8502;1029.91;32.78;1062.69;;682.67
13.8602;1029.91;31.8779;1061.78;;682.67
13.8702;1029.91;31.7446;1061.65;;682.67
13.8802;1029.91;32.0064;1061.91;;682.67
13.8902;1029.91;31.5048;1061.41;;682.67
13.9002;1029.91;33.2345;1063.14;;682.67
13.9102;1029.91;32.9915;1062.9;;682.67
13.9202;1029.91;33.0291;1062.93;;682.67
13.9302;1029.91;32.9671;1062.87;;682.67
13.9402;1029.91;31.6868;1061.59;;682.67
13.9502;1029.91;32.6083;1062.51;;682.67
13.9602;1029.91;32.0326;1061.94;;682.67
13.9702;1029.91;33.1388;1063.04;;682.67
13.9802;1029.91;32.9701;1062.88;;682.67
13.9902;1029.91;33.2684;1063.17;;682.67
14.0002;1029.91;32.8931;1062.8;;682.67
14.0102;1029.91;31.7947;1061.7;;682.67
14.0202;1029.91;31.5816;1061.49;;682.67
14.0302;1029.91;31.507;1061.41;;682.67
14.0402;1029.91;32.0347;1061.94;;682.67
14.0502;1029.91;31.5104;1061.42;;682.67
14.0602;1029.91;31.052;1060.96;;682.67
14.0702;1029.91;30.8008;1060.71;;682.67
14.0802;1029.91;31.0232;1060.93;;682.67
14.0902;1029.91;30.1182;1060.02;;682.67
14.1002;1029.91;30.861;1060.77;;682.67
14.1102;1029.91;30.0154;1059.92;;682.67
14.1202;1029.91;31.1369;1061.04;;682.67
14.1302;1029.91;31.5625;1061.47;;682.67
14.1402;1029.91;31.2658;1061.17;;682.67
14.1502;1029.91;31.9118;1061.82;;682.67
14.1602;1029.91;30.8114;1060.72;;682.67
14.1702;1029.91;30.3544;1060.26;;682.67
14.1802;1029.91;31.3593;1061.26;;682.67
14.1902;1029.91;29.7427;1059.65;;682.67
14.2002;1029.91;30.6264;1060.53;;682.67
14.2102;1029.91;30.3163;1060.22;;682.67
14.2202;1029.91;30.1377;1060.04;;682.67
14.2302;1029.91;30.1089;1060.01;;682.67
14.2402;1029.91;28.9257;1058.83;;682.67
14.2502;1029.91;28.7415;1058.65;;682.67
14.2602;1029.91;29.3624;1059.27;;682.67
14.2702;1029.91;29.7145;1059.62;;682.67
14.2802;1029.91;30.7465;1060.65;;682.67
14.2902;1029.91;30.8967;1060.8;;682.67
14.3002;1029.91;31.0199;1060.93;;682.67
14.3102;1029.91;30.6609;1060.57;;682.67
14.3202;1029.91;29.9296;1059.83;;682.67
14.3302;1029.91;31.0463;1060.95;;682.67
14.3402;1029.91;31.2322;1061.14;;682.67
14.3502;1029.91;32.3309;1062.24;;682.67
14.3602;1029.91;32.3235;1062.23;;682.67
14.3702;1029.91;32.6792;1062.58;;682.67
14.3802;1029.91;32.0021;1061.91;;682.67
14.3902;1029.91;31.4478;1061.35;;682.67
14.4002;1029.91;32.256;1062.16;;682.67
14.4102;1029.91;32.7442;1062.65;;682.67
14.4202;1029.91;33.3771;1063.28;;682.67
14.4302;1029.91;32.945;1062.85;;682.67
14.4402;1029.91;32.9052;1062.81;;682.67
14.4502;1029.91;33.2022;1063.11;;682.67
14.4602;1029.91;31.9212;1061.83;;682.67
14.4702;1029.91;32.9843;1062.89;;682.67
14.4802;1029.91;32.345;1062.25;;682.67
14.4902;1029.91;33.8582;1063.76;;682.67
14.5002;1029.91;33.8301;1063.74;;682.67
14.5102;1029.91;33.594;1063.5;;682.67
14.5202;1029.91;33.9877;1063.89;;682.67
14.5302;1029.91;32.9114;1062.82;;682.67
14.5402;1029.91;33.9119;1063.82;;682.67
14.5502;1029.91;33.1246;1063.03;;682.67
14.5602;1029.91;34.6437;1064.55;;682.67
14.5702;1029.91;34.6237;1064.53;;682.67
14.5802;1029.91;34.5468;1064.45;;682.67
14.5902;1029.91;34.8516;1064.76;;682.67
14.6002;1029.91;33.5346;1063.44;;682.67
14.6102;1029.91;34.5225;1064.43;;682.67
14.6202;1029.91;34.0614;1063.97;;682.67
14.6302;1029.91;34.6058;1064.51;;682.67
14.6402;1029.91;35.2807;1065.19;;682.67
14.6502;1029.91;35.1078;1065.01;;682.67
14.6602;1029.91;35.1619;1065.07;;682.67
14.6702;1029.91;34.2138;1064.12;;682.67
14.6802;1029.91;34.4058;1064.31;;682.67
14.6902;1029.91;34.3822;1064.29;;682.67
14.7002;1029.91;34.1863;1064.09;;682.67
14.7102;1029.91;35.4668;1065.37;;682.67
14.7202;1029.91;35.1211;1065.03;;682.67
14.7302;1029.91;35.8457;1065.75;;682.67
14.7402;1029.91;34.7641;1064.67;;682.67
14.7502;1029.91;34.9755;1064.88;;682.67
14.7602;1029.91;34.5131;1064.42;;682.67
14.7702;1029.91;33.6283;1063.53;;682.67
14.7802;1029.91;35.6259;1065.53;;682.67
14.7902;1029.91;35.0845;1064.99;;682.67
14.8002;1029.91;35.1741;1065.08;;682.67
14.8102;1029.91;34.862;1064.77;;682.67
14.8202;1029.91;33.533;1063.44;;682.67
14.8302;1029.91;33.8759;1063.78;;682.67
14.8402;1029.91;33.2282;1063.13;;682.67
14.8502;1029.91;32.9129;1062.82;;682.67
14.8602;1029.91;33.5855;1063.49;;682.67
14.8702;1029.91;32.4529;1062.36;;682.67
14.8802;1029.91;32.3482;1062.25;;682.67
14.8902;1029.91;32.2858;1062.19;;682.67
14.9002;1029.91;31.1166;1061.02;;682.67
14.9102;1029.91;31.3667;1061.27;;682.67
14.9202;1029.91;31.3735;1061.28;;682.67
14.9302;1029.91;32.2034;1062.11;;682.67
14.9402;1029.91;31.4057;1061.31;;682.67
14.9502;1029.91;30.534;1060.44;;682.67
14.9602;1029.91;30.5519;1060.46;;682.67
14.9702;1029.91;30.2206;1060.13;;682.67
14.9802;1029.91;28.9523;1058.86;;682.67
14.9902;1029.91;29.4977;1059.4;;682.67
