0;1032.66;-2.98822;1029.67;;1365.33
0.01;1032.66;-2.83856;1029.82;;1365.33
0.02;1032.66;-2.9599;1029.7;;1365.33
0.03;1032.66;-0.525818;1032.13;;1365.33
0.04;1032.66;4.72589;1037.39;;1365.33
0.05;1032.66;11.4643;1044.12;;1365.33
0.06;1032.66;17.5098;1050.17;;1365.33
0.07;1032.66;23.5342;1056.19;;1365.33
0.08;1032.66;29.5605;1062.22;;1365.33
0.09;1032.66;34.1785;1066.84;;1365.33
0.1;1032.66;41.1354;1073.8;;1365.33
0.11;1032.66;48.1657;1080.83;;1365.33
0.12;1032.66;54.9439;1087.6;;1365.33
0.13;1032.66;59.2265;1091.89;;1365.33
0.14;1032.66;64.1396;1096.8;;1365.33
0.15;1032.66;68.1834;1100.84;;1365.33
0.16;1032.66;70.1353;1102.8;;1365.33
0.17;1032.66;75.4976;1108.16;;1365.33
0.18;1032.66;81.9462;1114.61;;1365.33
0.19;1032.66;85.1058;1117.77;;1365.33
0.2;1032.66;85.9745;1118.63;;1365.33
0.21;1032.66;89.6508;1122.31;;1365.33
0.22;1032.66;94.1646;1126.82;;1365.33
0.23;1032.66;98.659;1131.32;;1365.33
0.24;1032.66;101.794;1134.45;;1365.33
0.25;1032.66;107.486;1140.15;;1365.33
0.26;1032.66;111.129;1143.79;;1365.33
0.27;1032.66;112.405;1145.06;;1365.33
0.28;1032.66;114.379;1147.04;;1365.33
0.29;1032.66;118.756;1151.42;;1365.33
0.3;1032.66;120.442;1153.1;;1365.33
0.31;1032.66;123.462;1156.12;;1365.33
0.32;1032.66;127.992;1160.65;;1365.33
0.33;1032.66;129.63;1162.29;;1365.33
0.34;1032.66;131.452;1164.11;;1365.33
0.35;1032.66;131.673;1164.33;;1365.33
0.36;1032.66;135.762;1168.42;;1365.33
0.37;1032.66;138.117;1170.78;;1365.33
0.38;1032.66;141.311;1173.97;;1365.33
0.39;1032.66;146.395;1179.05;;1365.33
0.4;1032.66;145.939;1178.6;;1365.33
0.41;1032.66;146.807;1179.47;;1365.33
0.42;1032.66;149.759;1182.42;;1365.33
0.43;1032.66;153.777;1186.44;;1365.33
0.44;1032.66;155.8;1188.46;;1365.33
0.45;1032.66;156.651;1189.31;;1365.33
0.46;1032.66;163.864;1196.52;;1365.33
0.47;1032.66;161.047;1193.71;;1365.33
0.48;1032.66;163.575;1196.23;;1365.33
0.49;1032.66;166.197;1198.86;;1365.33
0.5;1032.66;169.736;1202.4;;1365.33
0.51;1032.66;170.681;1203.34;;1365.33
0.52;1032.66;169.713;1202.37;;1365.33
0.53;1032.66;172.815;1205.47;;1365.33
0.54;1032.66;175.192;1207.85;;1365.33
0.55;1032.66;177.624;1210.28;;1365.33
0.56;1032.66;178.247;1210.91;;1365.33
0.57;1032.66;185.702;1218.36;;1365.33
0.58;1032.66;181.228;1213.89;;1365.33
0.59;1032.66;183.023;1215.68;;1365.33
0.6;1032.66;184.091;1216.75;;1365.33
0.61;1032.66;183.427;1216.09;;1365.33
0.62;1032.66;187.276;1219.94;;1365.33
0.63;1032.66;188.978;1221.64;;1365.33
0.64;1032.66;192.821;1225.48;;1365.33
0.65;1032.66;188.347;1221.01;;1365.33
0.66;1032.66;190.768;1223.43;;1365.33
0.67;1032.66;193.593;1226.25;;1365.33
0.68;1032.66;191.582;1224.24;;1365.33
0.69;1032.66;193.937;1226.6;;1365.33
0.7;1032.66;197.406;1230.07;;1365.33
0.71;1032.66;198.235;1230.9;;1365.33
0.72;1032.66;195.935;1228.59;;1365.33
0.73;1032.66;198.428;1231.09;;1365.33
0.74;1032.66;200.9;1233.56;;1365.33
0.75;1032.66;202.981;1235.64;;1365.33
0.76;1032.66;199.856;1232.52;;1365.33
0.77;1032.66;203.294;1235.95;;1365.33
0.78;1032.66;206.384;1239.04;;1365.33
0.79;1032.66;206.172;1238.83;;1365.33
0.8;1032.66;204.722;1237.38;;1365.33
0.81;1032.66;207.831;1240.49;;1365.33
0.82;1032.66;206.791;1239.45;;1365.33
0.83;1032.66;207.376;1240.04;;1365.33
0.839999;1032.66;209.383;1242.04;;1365.33
0.849999;1032.66;211.035;1243.69;;1365.33
0.859999;1032.66;210.845;1243.5;;1365.33
0.869999;1032.66;211.419;1244.08;;1365.33
0.879999;1032.66;213.462;1246.12;;1365.33
0.889999;1032.66;216.721;1249.38;;1365.33
0.899999;1032.66;212.347;1245.01;;1365.33
0.909999;1032.66;214.131;1246.79;;1365.33
0.919999;1032.66;215.009;1247.67;;1365.33
0.929999;1032.66;217.526;1250.19;;1365.33
0.939999;1032.66;216.649;1249.31;;1365.33
0.949999;1032.66;218.089;1250.75;;1365.33
0.959999;1032.66;215.749;1248.41;;1365.33
0.969999;1032.66;217.733;1250.39;;1365.33
0.979999;1032.66;218.526;1251.19;;1365.33
0.989999;1032.66;217.206;1249.87;;1365.33
0.999999;1032.66;219.246;1251.91;;1365.33
1.01;1032.66;221.311;1253.97;;1365.33
1.02;1032.66;220.863;1253.52;;1365.33
1.03;1032.66;220.503;1253.16;;1365.33
1.04;1032.66;222.325;1254.98;;1365.33
1.05;1032.66;222.556;1255.22;;1365.33
1.06;1032.66;223.954;1256.61;;1365.33
1.07;1032.66;224.338;1257;;1365.33
1.08;1032.66;225.659;1258.32;;1365.33
1.09;1032.66;223.207;1255.87;;1365.33
1.1;1032.66;224.669;1257.33;;1365.33
1.11;1032.66;226.413;1259.07;;1365.33
1.12;1032.66;229.625;1262.29;;1365.33
1.13;1032.66;225.992;1258.65;;1365.33
1.14;1032.66;228.965;1261.62;;1365.33
1.15;1032.66;225.648;1258.31;;1365.33
1.16;1032.66;226.241;1258.9;;1365.33
1.17;1032.66;227.721;1260.38;;1365.33
1.18;1032.66;227.009;1259.67;;1365.33
1.19;1032.66;228.293;1260.95;;1365.33
1.2;1032.66;230.531;1263.19;;1365.33
1.21;1032.66;227.143;1259.8;;1365.33
1.22;1032.66;229.752;1262.41;;1365.33
1.23;1032.66;231.474;1264.13;;1365.33
1.24;1032.66;228.82;1261.48;;1365.33
1.25;1032.66;230.147;1262.81;;1365.33
1.26;1032.66;232.452;1265.11;;1365.33
1.27;1032.66;236.091;1268.75;;1365.33
1.28;1032.66;230.821;1263.48;;1365.33
1.29;1032.66;233.412;1266.07;;1365.33
1.3;1032.66;235.025;1267.68;;1365.33
1.31;1032.66;232.381;1265.04;;1365.33
1.32;1032.66;235.432;1268.09;;1365.33
1.33;1032.66;235.973;1268.63;;1365.33
1.34;1032.66;232.424;1265.08;;1365.33
1.35;1032.66;234.887;1267.55;;1365.33
1.36;1032.66;234.762;1267.42;;1365.33
1.37;1032.66;232.949;1265.61;;1365.33
1.38;1032.66;235.8;1268.46;;1365.33
1.39;1032.66;234.445;1267.1;;1365.33
1.4;1032.66;234.298;1266.96;;1365.33
1.41;1032.66;236.473;1269.13;;1365.33
1.42;1032.66;237.937;1270.6;;1365.33
1.43;1032.66;235.385;1268.05;;1365.33
1.44;1032.66;238.069;1270.73;;1365.33
1.45;1032.66;235.648;1268.31;;1365.33
1.46;1032.66;236.088;1268.75;;1365.33
1.47;1032.66;237.826;1270.49;;1365.33
1.48;1032.66;239.64;1272.3;;1365.33
1.49;1032.66;237.113;1269.77;;1365.33
1.5;1032.66;238.799;1271.46;;1365.33
1.51;1032.66;240.99;1273.65;;1365.33
1.52;1032.66;236.911;1269.57;;1365.33
1.53;1032.66;238.863;1271.52;;1365.33
1.54;1032.66;239.982;1272.64;;1365.33
1.55;1032.66;238.075;1270.73;;1365.33
1.56;1032.66;239.067;1271.73;;1365.33
1.57;1032.66;238.024;1270.68;;1365.33
1.58;1032.66;238.665;1271.32;;1365.33
1.59;1032.66;241.449;1274.11;;1365.33
1.6;1032.66;242.275;1274.94;;1365.33
1.61;1032.66;240.031;1272.69;;1365.33
1.62;1032.66;242.318;1274.98;;1365.33
1.63;1032.66;241.097;1273.76;;1365.33
1.64;1032.66;239.966;1272.63;;1365.33
1.65;1032.66;241.751;1274.41;;1365.33
1.66;1032.66;242.828;1275.49;;1365.33
1.67;1032.66;241.772;1274.43;;1365.33
1.68;1032.66;243.302;1275.96;;1365.33
1.69;1032.66;240.924;1273.58;;1365.33
1.7;1032.66;241.258;1273.92;;1365.33
1.71;1032.66;243.317;1275.98;;1365.33
1.72;1032.66;245.435;1278.09;;1365.33
1.73;1032.66;242.098;1274.76;;1365.33
1.74;1032.66;242.848;1275.51;;1365.33
1.75;1032.66;240.585;1273.24;;1365.33
1.76;1032.66;242.866;1275.53;;1365.33
1.77;1032.66;244.637;1277.3;;1365.33
1.78;1032.66;241.974;1274.63;;1365.33
1.79;1032.66;242.448;1275.11;;1365.33
1.8;1032.66;244.368;1277.03;;1365.33
1.81;1032.66;243.202;1275.86;;1365.33
1.82;1032.66;243.619;1276.28;;1365.33
1.83;1032.66;244.839;1277.5;;1365.33
1.84;1032.66;242.586;1275.25;;1365.33
1.85;1032.66;244.351;1277.01;;1365.33
1.86;1032.66;245.234;1277.89;;1365.33
1.87;1032.66;245.174;1277.83;;1365.33
1.88;1032.66;244.375;1277.04;;1365.33
1.89;1032.66;246.768;1279.43;;1365.33
1.9;1032.66;244.241;1276.9;;1365.33
1.91;1032.66;245.669;1278.33;;1365.33
1.92;1032.66;245.23;1277.89;;1365.33
1.93;1032.66;244.216;1276.88;;1365.33
1.94;1032.66;246.756;1279.42;;1365.33
1.95;1032.66;245.456;1278.12;;1365.33
1.96;1032.66;244.493;1277.15;;1365.33
1.97;1032.66;245.613;1278.27;;1365.33
1.98;1032.66;247.75;1280.41;;1365.33
1.99;1032.66;245.225;1277.88;;1365.33
2;1032.66;246.95;1279.61;;1365.33
2.01;1032.66;245.565;1278.22;;1365.33
2.02;1032.66;244.974;1277.63;;1365.33
2.03;1032.66;247.06;1279.72;;1365.33
2.04;1032.66;248.851;1281.51;;1365.33
2.05;1032.66;245.93;1278.59;;1365.33
2.06;1032.66;246.5;1279.16;;1365.33
2.07;1032.66;245.564;1278.22;;1365.33
2.08;1032.66;245.826;1278.49;;1365.33
2.09;1032.66;247.927;1280.59;;1365.33
2.1;1032.66;245.369;1278.03;;1365.33
2.11;1032.66;246.778;1279.44;;1365.33
2.12;1032.66;247.921;1280.58;;1365.33
2.13;1032.66;246.703;1279.36;;1365.33
2.14;1032.66;247.111;1279.77;;1365.33
2.15;1032.66;249.013;1281.67;;1365.33
2.16;1032.66;246.209;1278.87;;1365.33
2.17;1032.66;248.151;1280.81;;1365.33
2.18;1032.66;248.889;1281.55;;1365.33
2.19;1032.66;248.736;1281.4;;1365.33
2.2;1032.66;247.838;1280.5;;1365.33
2.21;1032.66;249.373;1282.03;;1365.33
2.22;1032.66;247.287;1279.95;;1365.33
2.23;1032.66;248.252;1280.91;;1365.33
2.24;1032.66;248.852;1281.51;;1365.33
2.25;1032.66;247.184;1279.84;;1365.33
2.26;1032.66;249.673;1282.33;;1365.33
2.27;1032.66;246.978;1279.64;;1365.33
2.28;1032.66;247.313;1279.97;;1365.33
2.29;1032.66;248.673;1281.33;;1365.33
2.3;1032.66;252.026;1284.69;;1365.33
2.31;1032.66;248.137;1280.8;;1365.33
2.32;1032.66;249.727;1282.39;;1365.33
2.33;1032.66;252.537;1285.2;;1365.33
2.34;1032.66;247.528;1280.19;;1365.33
2.35;1032.66;249.888;1282.55;;1365.33
2.36;1032.66;250.292;1282.95;;1365.33
2.37;1032.66;249.069;1281.73;;1365.33
2.38;1032.66;251.557;1284.22;;1365.33
2.39;1032.66;253.612;1286.27;;1365.33
2.4;1032.66;248.631;1281.29;;1365.33
2.41;1032.66;251.247;1283.91;;1365.33
2.42;1032.66;248.025;1280.68;;1365.33
2.43;1032.66;248.453;1281.11;;1365.33
2.44;1032.66;251.773;1284.43;;1365.33
2.45;1032.66;251.582;1284.24;;1365.33
2.46;1032.66;248.541;1281.2;;1365.33
2.47;1032.66;251.291;1283.95;;1365.33
2.48;1032.66;248.519;1281.18;;1365.33
2.49;1032.66;249.116;1281.78;;1365.33
2.5;1032.66;251.184;1283.84;;1365.33
2.51;1032.66;247.492;1280.15;;1365.33
2.52;1032.66;250.076;1282.74;;1365.33
2.53;1032.66;255.286;1287.95;;1365.33
2.54;1032.66;248.311;1280.97;;1365.33
2.55;1032.66;250.309;1282.97;;1365.33
2.56;1032.66;249.314;1281.97;;1365.33
2.57;1032.66;249.352;1282.01;;1365.33
2.58;1032.66;250.975;1283.63;;1365.33
2.59;1032.66;250.815;1283.47;;1365.33
2.6;1032.66;249.082;1281.74;;1365.33
2.61;1032.66;250.293;1282.95;;1365.33
2.62;1032.66;248.979;1281.64;;1365.33
2.63;1032.66;250.629;1283.29;;1365.33
2.64;1032.66;251.66;1284.32;;1365.33
2.65;1032.66;248.983;1281.64;;1365.33
2.66;1032.66;249.786;1282.45;;1365.33
2.67;1032.66;253.643;1286.3;;1365.33
2.68;1032.66;249.785;1282.45;;1365.33
2.69;1032.66;250.757;1283.42;;1365.33
2.7;1032.66;250.303;1282.96;;1365.33
2.71;1032.66;248.93;1281.59;;1365.33
2.72;1032.66;251.006;1283.67;;1365.33
2.73;1032.66;252.744;1285.4;;1365.33
2.74;1032.66;249.912;1282.57;;1365.33
2.75;1032.66;250.68;1283.34;;1365.33
2.76;1032.66;254.652;1287.31;;1365.33
2.77;1032.66;249.938;1282.6;;1365.33
2.78;1032.66;252.696;1285.36;;1365.33
2.79;1032.66;249.166;1281.83;;1365.33
2.8;1032.66;249.573;1282.23;;1365.33
2.81;1032.66;251.29;1283.95;;1365.33
2.82;1032.66;252.619;1285.28;;1365.33
2.83;1032.66;250.668;1283.33;;1365.33
2.84;1032.66;253.904;1286.56;;1365.33
2.85;1032.66;248.739;1281.4;;1365.33
2.86;1032.66;250.218;1282.88;;1365.33
2.87;1032.66;250.721;1283.38;;1365.33
2.88;1032.66;249.042;1281.7;;1365.33
2.89;1032.66;251.37;1284.03;;1365.33
2.9;1032.66;256.234;1288.89;;1365.33
2.91;1032.66;248.975;1281.64;;1365.33
2.92;1032.66;250.831;1283.49;;1365.33
2.93;1032.66;249.632;1282.29;;1365.33
2.94;1032.66;250.47;1283.13;;1365.33
2.95;1032.66;251.955;1284.61;;1365.33
2.96;1032.66;254.504;1287.16;;1365.33
2.97;1032.66;249.606;1282.27;;1365.33
2.98;1032.66;252.07;1284.73;;1365.33
2.99;1032.66;249.464;1282.12;;1365.33
3;1032.66;250.337;1283;;1365.33
3.01;1032.66;253.835;1286.49;;1365.33
3.02;1032.66;249.478;1282.14;;1365.33
3.03;1032.66;251.579;1284.24;;1365.33
3.04;1032.66;254.839;1287.5;;1365.33
3.05;1032.66;251.142;1283.8;;1365.33
3.06;1032.66;252.089;1284.75;;1365.33
3.07;1032.66;249.347;1282.01;;1365.33
3.08;1032.66;250.357;1283.02;;1365.33
3.09;1032.66;252.32;1284.98;;1365.33
3.1;1032.66;250.404;1283.06;;1365.33
3.11;1032.66;250.927;1283.59;;1365.33
3.12;1032.66;250.675;1283.33;;1365.33
3.13;1032.66;254;1286.66;;1365.33
3.14;1032.66;251.07;1283.73;;1365.33
3.15;1032.66;254.397;1287.06;;1365.33
3.16;1032.66;249.972;1282.63;;1365.33
3.17;1032.66;250.382;1283.04;;1365.33
3.18;1032.66;251.322;1283.98;;1365.33
3.19;1032.66;251.481;1284.14;;1365.33
3.2;1032.66;251.969;1284.63;;1365.33
3.21;1032.66;252.6;1285.26;;1365.33
3.22;1032.66;249.868;1282.53;;1365.33
3.23;1032.66;251.527;1284.19;;1365.33
3.24;1032.66;253.324;1285.98;;1365.33
3.25;1032.66;250.642;1283.3;;1365.33
3.26;1032.66;251.108;1283.77;;1365.33
3.27;1032.66;253.045;1285.71;;1365.33
3.28;1032.66;250.326;1282.99;;1365.33
3.29;1032.66;252.309;1284.97;;1365.33
3.3;1032.66;250.098;1282.76;;1365.33
3.31;1032.66;251.717;1284.38;;1365.33
3.32;1032.66;251.582;1284.24;;1365.33
3.33;1032.66;249.693;1282.35;;1365.33
3.34;1032.66;251.403;1284.06;;1365.33
3.35;1032.66;254.058;1286.72;;1365.33
3.36;1032.66;250.43;1283.09;;1365.33
3.37;1032.66;251.387;1284.05;;1365.33
3.38;1032.66;252.048;1284.71;;1365.33
3.39;1032.66;251.678;1284.34;;1365.33
3.4;1032.66;252.662;1285.32;;1365.33
3.41;1032.66;251.342;1284;;1365.33
3.42;1032.66;251.974;1284.63;;1365.33
3.43;1032.66;252.021;1284.68;;1365.33
3.44;1032.66;254.052;1286.71;;1365.33
3.45;1032.66;251.257;1283.92;;1365.33
3.46;1032.66;253.708;1286.37;;1365.33
3.47;1032.66;256.041;1288.7;;1365.33
3.48;1032.66;250.903;1283.56;;1365.33
3.49;1032.66;252.763;1285.42;;1365.33
3.5;1032.66;250.991;1283.65;;1365.33
3.51;1032.66;252.828;1285.49;;1365.33
3.52;1032.66;253.898;1286.56;;1365.33
3.53;1032.66;250.838;1283.5;;1365.33
3.54;1032.66;251.794;1284.45;;1365.33
3.55;1032.66;251.794;1284.45;;1365.33
3.56;1032.66;252.195;1284.85;;1365.33
3.57;1032.66;251.967;1284.63;;1365.33
3.58;1032.66;254.383;1287.04;;1365.33
3.59;1032.66;250.729;1283.39;;1365.33
3.6;1032.66;252.85;1285.51;;1365.33
3.61;1032.66;250.944;1283.6;;1365.33
3.62;1032.66;250.418;1283.08;;1365.33
3.63;1032.66;253.278;1285.94;;1365.33
3.64;1032.66;249.891;1282.55;;1365.33
3.65;1032.66;252.818;1285.48;;1365.33
3.66;1032.66;254.049;1286.71;;1365.33
3.67;1032.66;250.217;1282.88;;1365.33
3.68;1032.66;252.706;1285.37;;1365.33
3.69;1032.66;252.761;1285.42;;1365.33
3.7;1032.66;251.409;1284.07;;1365.33
3.71;1032.66;251.864;1284.52;;1365.33
3.72;1032.66;250.193;1282.85;;1365.33
3.73;1032.66;250.764;1283.42;;1365.33
3.74;1032.66;253.56;1286.22;;1365.33
3.75;1032.66;252.355;1285.02;;1365.33
3.76;1032.66;251.739;1284.4;;1365.33
3.77;1032.66;250.196;1282.86;;1365.33
3.78;1032.66;250.342;1283;;1365.33
3.79;1032.66;252.63;1285.29;;1365.33
3.8;1032.66;253.148;1285.81;;1365.33
3.81;1032.66;250.895;1283.55;;1365.33
3.82;1032.66;250.448;1283.11;;1365.33
3.83;1032.66;248.352;1281.01;;1365.33
3.84;1032.66;250.85;1283.51;;1365.33
3.85;1032.66;252.04;1284.7;;1365.33
3.86;1032.66;249.975;1282.63;;1365.33
3.87;1032.66;249.967;1282.63;;1365.33
3.88;1032.66;250.616;1283.28;;1365.33
3.89;1032.66;248.796;1281.46;;1365.33
3.9;1032.66;250.824;1283.48;;1365.33
3.91;1032.66;253.522;1286.18;;1365.33
3.92;1032.66;250.262;1282.92;;1365.33
3.93;1032.66;251.413;1284.07;;1365.33
3.94;1032.66;252.207;1284.87;;1365.33
3.95;1032.66;251.035;1283.7;;1365.33
3.96;1032.66;252.289;1284.95;;1365.33
3.97;1032.66;250.04;1282.7;;1365.33
3.98;1032.66;251.208;1283.87;;1365.33
3.99;1032.66;252.436;1285.1;;1365.33
4;1032.66;253.847;1286.51;;1365.33
4.01;1032.66;251.302;1283.96;;1365.33
4.02;1032.66;252.566;1285.23;;1365.33
4.03;1032.66;252.645;1285.31;;1365.33
4.04;1032.66;250.728;1283.39;;1365.33
4.05;1032.66;253.115;1285.78;;1365.33
4.06;1032.66;251.39;1284.05;;1365.33
4.07;1032.66;252.563;1285.22;;1365.33
4.08;1032.66;254.047;1286.71;;1365.33
4.09;1032.66;250.74;1283.4;;1365.33
4.1;1032.66;252.165;1284.82;;1365.33
4.11;1032.66;254.336;1287;;1365.33
4.12;1032.66;252;1284.66;;1365.33
4.13;1032.66;252.803;1285.46;;1365.33
4.14;1032.66;249.61;1282.27;;1365.33
4.15;1032.66;251.237;1283.9;;1365.33
4.16;1032.66;253.437;1286.1;;1365.33
4.17;1032.66;250.783;1283.44;;1365.33
4.18;1032.66;251.651;1284.31;;1365.33
4.19;1032.66;251.107;1283.77;;1365.33
4.2;1032.66;250.646;1283.31;;1365.33
4.21;1032.66;252.63;1285.29;;1365.33
4.22;1032.66;249.909;1282.57;;1365.33
4.23;1032.66;250.729;1283.39;;1365.33
4.24;1032.66;251.845;1284.5;;1365.33
4.25;1032.66;252.895;1285.56;;1365.33
4.26;1032.66;251.919;1284.58;;1365.33
4.27;1032.66;251.53;1284.19;;1365.33
4.28;1032.66;253.228;1285.89;;1365.33
4.29;1032.66;250.535;1283.19;;1365.33
4.3;1032.66;253.949;1286.61;;1365.33
4.31;1032.66;250.847;1283.51;;1365.33
4.32;1032.66;251.401;1284.06;;1365.33
4.33;1032.66;253.862;1286.52;;1365.33
4.34;1032.66;250.388;1283.05;;1365.33
4.35;1032.66;252.481;1285.14;;1365.33
4.36;1032.66;253.863;1286.52;;1365.33
4.37001;1032.66;251.212;1283.87;;1365.33
4.38001;1032.66;252.036;1284.7;;1365.33
4.39001;1032.66;251.79;1284.45;;1365.33
4.40001;1032.66;251.248;1283.91;;1365.33
4.41001;1032.66;252.149;1284.81;;1365.33
4.42001;1032.66;250.204;1282.86;;1365.33
4.43001;1032.66;250.553;1283.21;;1365.33
4.44001;1032.66;252.178;1284.84;;1365.33
4.45001;1032.66;250.562;1283.22;;1365.33
4.46001;1032.66;251.178;1283.84;;1365.33
4.47001;1032.66;249.427;1282.09;;1365.33
4.48001;1032.66;250.444;1283.1;;1365.33
4.49001;1032.66;251.999;1284.66;;1365.33
4.50001;1032.66;252.336;1285;;1365.33
4.51001;1032.66;250.31;1282.97;;1365.33
4.52001;1032.66;252.607;1285.27;;1365.33
4.53001;1032.66;251.199;1283.86;;1365.33
4.54001;1032.66;250.945;1283.6;;1365.33
4.55001;1032.66;253.012;1285.67;;1365.33
4.56001;1032.66;254.288;1286.95;;1365.33
4.57001;1032.66;251.742;1284.4;;1365.33
4.58001;1032.66;253.053;1285.71;;1365.33
4.59001;1032.66;251.34;1284;;1365.33
4.60001;1032.66;251.438;1284.1;;1365.33
4.61001;1032.66;253.629;1286.29;;1365.33
4.62001;1032.66;250.774;1283.43;;1365.33
4.63001;1032.66;252.617;1285.28;;1365.33
4.64001;1032.66;252.126;1284.79;;1365.33
4.65001;1032.66;253.857;1286.52;;1365.33
4.66001;1032.66;252.468;1285.13;;1365.33
4.67001;1032.66;255.489;1288.15;;1365.33
4.68001;1032.66;252.154;1284.81;;1365.33
4.69001;1032.66;251.779;1284.44;;1365.33
4.70001;1032.66;254.058;1286.72;;1365.33
4.71001;1032.66;251.32;1283.98;;1365.33
4.72001;1032.66;253.735;1286.4;;1365.33
4.73001;1032.66;255.564;1288.22;;1365.33
4.74001;1032.66;251.059;1283.72;;1365.33
4.75001;1032.66;252.463;1285.12;;1365.33
4.76001;1032.66;251.122;1283.78;;1365.33
4.77001;1032.66;253.148;1285.81;;1365.33
4.78001;1032.66;253.435;1286.09;;1365.33
4.79001;1032.66;251.252;1283.91;;1365.33
4.80001;1032.66;251.869;1284.53;;1365.33
4.81002;1032.66;250.336;1283;;1365.33
4.82002;1032.66;252.244;1284.9;;1365.33
4.83002;1032.66;251.986;1284.65;;1365.33
4.84002;1032.66;254.479;1287.14;;1365.33
4.85002;1032.66;251.227;1283.89;;1365.33
4.86002;1032.66;253.23;1285.89;;1365.33
4.87002;1032.66;251.161;1283.82;;1365.33
4.88002;1032.66;250.575;1283.23;;1365.33
4.89002;1032.66;252.955;1285.62;;1365.33
4.90002;1032.66;250.518;1283.18;;1365.33
4.91002;1032.66;252.595;1285.26;;1365.33
4.92002;1032.66;254.367;1287.03;;1365.33
4.93002;1032.66;250.442;1283.1;;1365.33
4.94002;1032.66;251.771;1284.43;;1365.33
4.95002;1032.66;250.354;1283.01;;1365.33
4.96002;1032.66;252.575;1285.23;;1365.33
4.97002;1032.66;252.444;1285.1;;1365.33
4.98002;1032.66;250.401;1283.06;;1365.33
4.99002;1032.66;251.134;1283.79;;1365.33
5.00002;1032.66;250.06;1282.72;;1365.33
5.01002;1032.66;251.468;1284.13;;1365.33
5.02002;1032.66;250.938;1283.6;;1365.33
5.03002;1032.66;253.681;1286.34;;1365.33
5.04002;1032.66;250.59;1283.25;;1365.33
5.05002;1032.66;252.243;1284.9;;1365.33
5.06002;1032.66;250.568;1283.23;;1365.33
5.07002;1032.66;249.892;1282.55;;1365.33
5.08002;1032.66;252.056;1284.72;;1365.33
5.09002;1032.66;249.761;1282.42;;1365.33
5.10002;1032.66;251.749;1284.41;;1365.33
5.11002;1032.66;253.533;1286.19;;1365.33
5.12002;1032.66;249.675;1282.34;;1365.33
5.13002;1032.66;251.213;1283.87;;1365.33
5.14002;1032.66;255.018;1287.68;;1365.33
5.15002;1032.66;250.92;1283.58;;1365.33
5.16002;1032.66;253.057;1285.72;;1365.33
5.17002;1032.66;249.706;1282.37;;1365.33
5.18002;1032.66;250.749;1283.41;;1365.33
5.19002;1032.66;253.486;1286.15;;1365.33
5.20002;1032.66;250.652;1283.31;;1365.33
5.21002;1032.66;252.079;1284.74;;1365.33
5.22002;1032.66;250.971;1283.63;;1365.33
5.23002;1032.66;249.889;1282.55;;1365.33
5.24003;1032.66;251.65;1284.31;;1365.33
5.25003;1032.66;254.308;1286.97;;1365.33
5.26003;1032.66;250.771;1283.43;;1365.33
5.27003;1032.66;251.59;1284.25;;1365.33
5.28003;1032.66;255.304;1287.96;;1365.33
5.29003;1032.66;250.735;1283.39;;1365.33
5.30003;1032.66;253.022;1285.68;;1365.33
5.31003;1032.66;250.246;1282.91;;1365.33
5.32003;1032.66;250.887;1283.55;;1365.33
5.33003;1032.66;254.045;1286.7;;1365.33
5.34003;1032.66;250.102;1282.76;;1365.33
5.35003;1032.66;251.76;1284.42;;1365.33
5.36003;1032.66;249.939;1282.6;;1365.33
5.37003;1032.66;250.211;1282.87;;1365.33
5.38003;1032.66;252.989;1285.65;;1365.33
5.39003;1032.66;249.89;1282.55;;1365.33
5.40003;1032.66;251.14;1283.8;;1365.33
5.41003;1032.66;250.641;1283.3;;1365.33
5.42003;1032.66;249.845;1282.5;;1365.33
5.43003;1032.66;251.678;1284.34;;1365.33
5.44003;1032.66;251.972;1284.63;;1365.33
5.45003;1032.66;250.078;1282.74;;1365.33
5.46003;1032.66;251.671;1284.33;;1365.33
5.47003;1032.66;252.285;1284.94;;1365.33
5.48003;1032.66;250.214;1282.87;;1365.33
5.49003;1032.66;252.045;1284.71;;1365.33
5.50003;1032.66;251.797;1284.46;;1365.33
5.51003;1032.66;250.915;1283.57;;1365.33
5.52003;1032.66;252.164;1284.82;;1365.33
5.53003;1032.66;250.737;1283.4;;1365.33
5.54003;1032.66;250.779;1283.44;;1365.33
5.55003;1032.66;252.253;1284.91;;1365.33
5.56003;1032.66;249.912;1282.57;;1365.33
5.57003;1032.66;250.863;1283.52;;1365.33
5.58003;1032.66;251.004;1283.66;;1365.33
5.59003;1032.66;249.814;1282.47;;1365.33
5.60003;1032.66;251.874;1284.53;;1365.33
5.61003;1032.66;251.976;1284.64;;1365.33
5.62003;1032.66;250.282;1282.94;;1365.33
5.63003;1032.66;251.532;1284.19;;1365.33
5.64003;1032.66;251.067;1283.73;;1365.33
5.65003;1032.66;251.16;1283.82;;1365.33
5.66003;1032.66;251.91;1284.57;;1365.33
5.67003;1032.66;255.906;1288.57;;1365.33
5.68004;1032.66;250.1;1282.76;;1365.33
5.69004;1032.66;252.075;1284.73;;1365.33
5.70004;1032.66;250.54;1283.2;;1365.33
5.71004;1032.66;250.839;1283.5;;1365.33
5.72004;1032.66;254.848;1287.51;;1365.33
5.73004;1032.66;249.896;1282.56;;1365.33
5.74004;1032.66;252.003;1284.66;;1365.33
5.75004;1032.66;250.437;1283.1;;1365.33
5.76004;1032.66;251.697;1284.36;;1365.33
5.77004;1032.66;252.978;1285.64;;1365.33
5.78004;1032.66;252.034;1284.69;;1365.33
5.79004;1032.66;251.412;1284.07;;1365.33
5.80004;1032.66;252.539;1285.2;;1365.33
5.81004;1032.66;250.879;1283.54;;1365.33
5.82004;1032.66;251.167;1283.83;;1365.33
5.83004;1032.66;252.833;1285.49;;1365.33
5.84004;1032.66;250.312;1282.97;;1365.33
5.85004;1032.66;252.02;1284.68;;1365.33
5.86004;1032.66;255.122;1287.78;;1365.33
5.87004;1032.66;249.919;1282.58;;1365.33
5.88004;1032.66;252.399;1285.06;;1365.33
5.89004;1032.66;250.156;1282.82;;1365.33
5.90004;1032.66;252.26;1284.92;;1365.33
5.91004;1032.66;254.247;1286.91;;1365.33
5.92004;1032.66;250.106;1282.77;;1365.33
5.93004;1032.66;251.327;1283.99;;1365.33
5.94004;1032.66;250.842;1283.5;;1365.33
5.95004;1032.66;251.51;1284.17;;1365.33
5.96004;1032.66;252.165;1284.82;;1365.33
5.97004;1032.66;252.337;1285;;1365.33
5.98004;1032.66;250.678;1283.34;;1365.33
5.99004;1032.66;252.143;1284.8;;1365.33
6.00004;1032.66;250.466;1283.13;;1365.33
6.01004;1032.66;250.167;1282.83;;1365.33
6.02004;1032.66;252.344;1285;;1365.33
6.03004;1032.66;250.087;1282.75;;1365.33
6.04004;1032.66;252.439;1285.1;;1365.33
6.05004;1032.66;255.397;1288.06;;1365.33
6.06004;1032.66;249.42;1282.08;;1365.33
6.07004;1032.66;251.679;1284.34;;1365.33
6.08004;1032.66;249.777;1282.44;;1365.33
6.09004;1032.66;251.74;1284.4;;1365.33
6.10004;1032.66;253.29;1285.95;;1365.33
6.11004;1032.66;249.662;1282.32;;1365.33
6.12005;1032.66;250.86;1283.52;;1365.33
6.13005;1032.66;249.213;1281.87;;1365.33
6.14005;1032.66;251.141;1283.8;;1365.33
6.15005;1032.66;251.496;1284.16;;1365.33
6.16005;1032.66;253.299;1285.96;;1365.33
6.17005;1032.66;250.352;1283.01;;1365.33
6.18005;1032.66;252.375;1285.03;;1365.33
6.19005;1032.66;250.216;1282.88;;1365.33
6.20005;1032.66;249.881;1282.54;;1365.33
6.21005;1032.66;252.355;1285.01;;1365.33
6.22005;1032.66;249.688;1282.35;;1365.33
6.23005;1032.66;252.203;1284.86;;1365.33
6.24005;1032.66;254.384;1287.04;;1365.33
6.25005;1032.66;249.407;1282.07;;1365.33
6.26005;1032.66;251.345;1284.01;;1365.33
6.27005;1032.66;249.375;1282.03;;1365.33
6.28005;1032.66;251.524;1284.18;;1365.33
6.29005;1032.66;252.828;1285.49;;1365.33
6.30005;1032.66;249.606;1282.27;;1365.33
6.31005;1032.66;250.751;1283.41;;1365.33
6.32005;1032.66;248.792;1281.45;;1365.33
6.33005;1032.66;250.862;1283.52;;1365.33
6.34005;1032.66;250.851;1283.51;;1365.33
6.35005;1032.66;253.138;1285.8;;1365.33
6.36005;1032.66;250.074;1282.73;;1365.33
6.37005;1032.66;252.797;1285.46;;1365.33
6.38005;1032.66;250.025;1282.69;;1365.33
6.39005;1032.66;249.377;1282.04;;1365.33
6.40005;1032.66;251.788;1284.45;;1365.33
6.41005;1032.66;249.39;1282.05;;1365.33
6.42005;1032.66;251.997;1284.66;;1365.33
6.43005;1032.66;253.14;1285.8;;1365.33
6.44005;1032.66;249.345;1282;;1365.33
6.45005;1032.66;250.534;1283.19;;1365.33
6.46005;1032.66;249.026;1281.69;;1365.33
6.47005;1032.66;251.19;1283.85;;1365.33
6.48005;1032.66;251.31;1283.97;;1365.33
6.49005;1032.66;249.438;1282.1;;1365.33
6.50005;1032.66;250.331;1282.99;;1365.33
6.51005;1032.66;252.947;1285.61;;1365.33
6.52005;1032.66;250.522;1283.18;;1365.33
6.53005;1032.66;250.04;1282.7;;1365.33
6.54005;1032.66;252.149;1284.81;;1365.33
6.55006;1032.66;249.865;1282.52;;1365.33
6.56006;1032.66;253.761;1286.42;;1365.33
6.57006;1032.66;249.805;1282.47;;1365.33
6.58006;1032.66;249.3;1281.96;;1365.33
6.59006;1032.66;250.841;1283.5;;1365.33
6.60006;1032.66;249.525;1282.18;;1365.33
6.61006;1032.66;251.45;1284.11;;1365.33
6.62006;1032.66;250.953;1283.61;;1365.33
6.63006;1032.66;249.403;1282.06;;1365.33
6.64006;1032.66;249.938;1282.6;;1365.33
6.65006;1032.66;249.194;1281.85;;1365.33
6.66006;1032.66;250.525;1283.18;;1365.33
6.67006;1032.66;249.938;1282.6;;1365.33
6.68006;1032.66;249.502;1282.16;;1365.33
6.69006;1032.66;250.361;1283.02;;1365.33
6.70006;1032.66;254.336;1287;;1365.33
6.71006;1032.66;250.323;1282.98;;1365.33
6.72006;1032.66;250.102;1282.76;;1365.33
6.73006;1032.66;251.644;1284.3;;1365.33
6.74006;1032.66;249.986;1282.65;;1365.33
6.75006;1032.66;253.868;1286.53;;1365.33
6.76006;1032.66;249.875;1282.53;;1365.33
6.77006;1032.66;249.606;1282.27;;1365.33
6.78006;1032.66;250.302;1282.96;;1365.33
6.79006;1032.66;249.475;1282.13;;1365.33
6.80006;1032.66;251.358;1284.02;;1365.33
6.81006;1032.66;250.026;1282.69;;1365.33
6.82006;1032.66;249.468;1282.13;;1365.33
6.83006;1032.66;249.669;1282.33;;1365.33
6.84006;1032.66;249.072;1281.73;;1365.33
6.85006;1032.66;249.99;1282.65;;1365.33
6.86006;1032.66;249.393;1282.05;;1365.33
6.87006;1032.66;249.434;1282.09;;1365.33
6.88006;1032.66;250.269;1282.93;;1365.33
6.89006;1032.66;254.832;1287.49;;1365.33
6.90006;1032.66;250.242;1282.9;;1365.33
6.91006;1032.66;249.788;1282.45;;1365.33
6.92006;1032.66;250.485;1283.14;;1365.33
6.93006;1032.66;250.224;1282.88;;1365.33
6.94006;1032.66;252.207;1284.87;;1365.33
6.95006;1032.66;250.135;1282.8;;1365.33
6.96006;1032.66;250.005;1282.67;;1365.33
6.97006;1032.66;249.484;1282.14;;1365.33
6.98006;1032.66;249.644;1282.3;;1365.33
6.99007;1032.66;251.151;1283.81;;1365.33
7.00007;1032.66;249.194;1281.85;;1365.33
7.01007;1032.66;249.779;1282.44;;1365.33
7.02007;1032.66;249.399;1282.06;;1365.33
7.03007;1032.66;249.318;1281.98;;1365.33
7.04007;1032.66;250.031;1282.69;;1365.33
7.05007;1032.66;248.662;1281.32;;1365.33
7.06007;1032.66;249.024;1281.68;;1365.33
7.07007;1032.66;250.513;1283.17;;1365.33
7.08007;1032.66;254.87;1287.53;;1365.33
7.09007;1032.66;250.187;1282.85;;1365.33
7.10007;1032.66;250.361;1283.02;;1365.33
7.11007;1032.66;249.972;1282.63;;1365.33
7.12007;1032.66;250.235;1282.9;;1365.33
7.13007;1032.66;252.289;1284.95;;1365.33
7.14007;1032.66;250.1;1282.76;;1365.33
7.15007;1032.66;250.222;1282.88;;1365.33
7.16007;1032.66;248.941;1281.6;;1365.33
7.17007;1032.66;249.568;1282.23;;1365.33
7.18007;1032.66;250.845;1283.5;;1365.33
7.19007;1032.66;249.104;1281.76;;1365.33
7.20007;1032.66;250.06;1282.72;;1365.33
7.21007;1032.66;249.255;1281.91;;1365.33
7.22007;1032.66;249.161;1281.82;;1365.33
7.23007;1032.66;249.877;1282.54;;1365.33
7.24007;1032.66;248.027;1280.69;;1365.33
7.25007;1032.66;249.095;1281.76;;1365.33
7.26007;1032.66;250.594;1283.25;;1365.33
7.27007;1032.66;254.741;1287.4;;1365.33
7.28007;1032.66;250.21;1282.87;;1365.33
7.29007;1032.66;250.746;1283.41;;1365.33
7.30007;1032.66;249.452;1282.11;;1365.33
7.31007;1032.66;250.229;1282.89;;1365.33
7.32007;1032.66;252.493;1285.15;;1365.33
7.33007;1032.66;250.199;1282.86;;1365.33
7.34007;1032.66;250.531;1283.19;;1365.33
7.35007;1032.66;248.419;1281.08;;1365.33
7.36007;1032.66;249.642;1282.3;;1365.33
7.37007;1032.66;250.66;1283.32;;1365.33
7.38007;1032.66;249.042;1281.7;;1365.33
7.39007;1032.66;249.959;1282.62;;1365.33
7.40007;1032.66;249.669;1282.33;;1365.33
7.41007;1032.66;248.947;1281.61;;1365.33
7.42007;1032.66;249.95;1282.61;;1365.33
7.43008;1032.66;248.651;1281.31;;1365.33
7.44008;1032.66;248.921;1281.58;;1365.33
7.45008;1032.66;250.66;1283.32;;1365.33
7.46008;1032.66;250.215;1282.87;;1365.33
7.47008;1032.66;250.437;1283.1;;1365.33
7.48008;1032.66;251.516;1284.18;;1365.33
7.49008;1032.66;248.85;1281.51;;1365.33
7.50008;1032.66;250.355;1283.01;;1365.33
7.51008;1032.66;250.523;1283.18;;1365.33
7.52008;1032.66;250.224;1282.88;;1365.33
7.53008;1032.66;251.026;1283.69;;1365.33
7.54008;1032.66;247.882;1280.54;;1365.33
7.55008;1032.66;249.832;1282.49;;1365.33
7.56008;1032.66;250.625;1283.29;;1365.33
7.57008;1032.66;249.226;1281.89;;1365.33
7.58008;1032.66;250.054;1282.71;;1365.33
7.59008;1032.66;250.253;1282.91;;1365.33
7.60008;1032.66;249.039;1281.7;;1365.33
7.61008;1032.66;250.97;1283.63;;1365.33
7.62008;1032.66;251.21;1283.87;;1365.33
7.63008;1032.66;248.591;1281.25;;1365.33
7.64008;1032.66;251.094;1283.75;;1365.33
7.65008;1032.66;248.968;1281.63;;1365.33
7.66008;1032.66;250.97;1283.63;;1365.33
7.67008;1032.66;252.571;1285.23;;1365.33
7.68008;1032.66;248.887;1281.55;;1365.33
7.69008;1032.66;250.688;1283.35;;1365.33
7.70008;1032.66;251.153;1283.81;;1365.33
7.71008;1032.66;250.505;1283.16;;1365.33
7.72008;1032.66;251.424;1284.08;;1365.33
7.73008;1032.66;249.558;1282.22;;1365.33
7.74008;1032.66;249.697;1282.36;;1365.33
7.75008;1032.66;251.336;1284;;1365.33
7.76008;1032.66;249.482;1282.14;;1365.33
7.77008;1032.66;250.023;1282.68;;1365.33
7.78008;1032.66;250.88;1283.54;;1365.33
7.79008;1032.66;249.194;1281.85;;1365.33
7.80008;1032.66;250.747;1283.41;;1365.33
7.81008;1032.66;252.536;1285.2;;1365.33
7.82008;1032.66;248.833;1281.49;;1365.33
7.83008;1032.66;251.374;1284.03;;1365.33
7.84008;1032.66;249.009;1281.67;;1365.33
7.85008;1032.66;251.078;1283.74;;1365.33
7.86009;1032.66;253.08;1285.74;;1365.33
7.87009;1032.66;248.889;1281.55;;1365.33
7.88009;1032.66;250.499;1283.16;;1365.33
7.89009;1032.66;248.958;1281.62;;1365.33
7.90009;1032.66;250.158;1282.82;;1365.33
7.91009;1032.66;251.581;1284.24;;1365.33
7.92009;1032.66;250.395;1283.06;;1365.33
7.93009;1032.66;249.771;1282.43;;1365.33
7.94009;1032.66;252.041;1284.7;;1365.33
7.95009;1032.66;249.701;1282.36;;1365.33
7.96009;1032.66;249.942;1282.6;;1365.33
7.97009;1032.66;251.779;1284.44;;1365.33
7.98009;1032.66;249.181;1281.84;;1365.33
7.99009;1032.66;251.737;1284.4;;1365.33
8.00009;1032.66;254.495;1287.15;;1365.33
8.01009;1032.66;248.747;1281.41;;1365.33
8.02009;1032.66;251.18;1283.84;;1365.33
8.03009;1032.66;249.192;1281.85;;1365.33
8.04009;1032.66;250.554;1283.21;;1365.33
8.05009;1032.66;253.36;1286.02;;1365.33
8.06009;1032.66;249.317;1281.98;;1365.33
8.07009;1032.66;250.53;1283.19;;1365.33
8.08009;1032.66;254.189;1286.85;;1365.33
8.09009;1032.66;250.369;1283.03;;1365.33
8.10009;1032.66;251.294;1283.95;;1365.33
8.11009;1032.66;251.908;1284.57;;1365.33
8.12009;1032.66;250.005;1282.66;;1365.33
8.13009;1032.66;252.834;1285.49;;1365.33
8.14009;1032.66;249.938;1282.6;;1365.33
8.15009;1032.66;249.677;1282.34;;1365.33
8.16009;1032.66;252.126;1284.79;;1365.33
8.17009;1032.66;249.365;1282.02;;1365.33
8.18009;1032.66;252.072;1284.73;;1365.33
8.19009;1032.66;255.181;1287.84;;1365.33
8.20009;1032.66;248.971;1281.63;;1365.33
8.21009;1032.66;251.338;1284;;1365.33
8.22009;1032.66;249.34;1282;;1365.33
8.23009;1032.66;251.52;1284.18;;1365.33
8.24009;1032.66;253.443;1286.1;;1365.33
8.25009;1032.66;249.286;1281.95;;1365.33
8.26009;1032.66;250.666;1283.33;;1365.33
8.27009;1032.66;250.472;1283.13;;1365.33
8.28009;1032.66;250.689;1283.35;;1365.33
8.29009;1032.66;251.055;1283.71;;1365.33
8.30009;1032.66;253.196;1285.86;;1365.33
8.31009;1032.66;250.203;1282.86;;1365.33
8.3201;1032.66;253.588;1286.25;;1365.33
8.3301;1032.66;250.05;1282.71;;1365.33
8.3401;1032.66;249.677;1282.34;;1365.33
8.3501;1032.66;252.058;1284.72;;1365.33
8.3601;1032.66;249.492;1282.15;;1365.33
8.3701;1032.66;251.967;1284.63;;1365.33
8.3801;1032.66;254.407;1287.07;;1365.33
8.3901;1032.66;249.251;1281.91;;1365.33
8.4001;1032.66;251.245;1283.9;;1365.33
8.4101;1032.66;249.494;1282.15;;1365.33
8.4201;1032.66;251.465;1284.13;;1365.33
8.4301;1032.66;252.414;1285.07;;1365.33
8.4401;1032.66;249.757;1282.42;;1365.33
8.4501;1032.66;250.759;1283.42;;1365.33
8.4601;1032.66;254.618;1287.28;;1365.33
8.4701;1032.66;250.436;1283.1;;1365.33
8.4801;1032.66;250.616;1283.28;;1365.33
8.4901;1032.66;253.345;1286;;1365.33
8.5001;1032.66;250.337;1283;;1365.33
8.5101;1032.66;254.074;1286.73;;1365.33
8.5201;1032.66;250.258;1282.92;;1365.33
8.5301;1032.66;249.66;1282.32;;1365.33
8.5401;1032.66;252.251;1284.91;;1365.33
8.5501;1032.66;249.728;1282.39;;1365.33
8.5601;1032.66;252.419;1285.08;;1365.33
8.5701;1032.66;252.997;1285.66;;1365.33
8.5801;1032.66;249.51;1282.17;;1365.33
8.5901;1032.66;250.842;1283.5;;1365.33
8.6001;1032.66;249.495;1282.15;;1365.33
8.6101;1032.66;250.809;1283.47;;1365.33
8.6201;1032.66;251.239;1283.9;;1365.33
8.6301;1032.66;249.837;1282.5;;1365.33
8.6401;1032.66;250.789;1283.45;;1365.33
8.6501;1032.66;254.497;1287.16;;1365.33
8.6601;1032.66;250.654;1283.31;;1365.33
8.6701;1032.66;250.488;1283.15;;1365.33
8.6801;1032.66;252.651;1285.31;;1365.33
8.6901;1032.66;250.642;1283.3;;1365.33
8.7001;1032.66;253.979;1286.64;;1365.33
8.7101;1032.66;250.244;1282.9;;1365.33
8.7201;1032.66;249.936;1282.6;;1365.33
8.7301;1032.66;251.644;1284.3;;1365.33
8.7401;1032.66;249.994;1282.65;;1365.33
8.7501;1032.66;252.429;1285.09;;1365.33
8.76011;1032.66;251.966;1284.63;;1365.33
8.77011;1032.66;249.934;1282.59;;1365.33
8.78011;1032.66;250.428;1283.09;;1365.33
8.79011;1032.66;249.608;1282.27;;1365.33
8.80011;1032.66;250.344;1283;;1365.33
8.81011;1032.66;250.401;1283.06;;1365.33
8.82011;1032.66;249.859;1282.52;;1365.33
8.83011;1032.66;250.854;1283.51;;1365.33
8.84011;1032.66;253.445;1286.1;;1365.33
8.85011;1032.66;250.97;1283.63;;1365.33
8.86011;1032.66;250.563;1283.22;;1365.33
8.87011;1032.66;251.815;1284.47;;1365.33
8.88011;1032.66;250.747;1283.41;;1365.33
8.89011;1032.66;252.63;1285.29;;1365.33
8.90011;1032.66;250.636;1283.3;;1365.33
8.91011;1032.66;250.524;1283.18;;1365.33
8.92011;1032.66;250.696;1283.36;;1365.33
8.93011;1032.66;250.366;1283.03;;1365.33
8.94011;1032.66;251.394;1284.05;;1365.33
8.95011;1032.66;250.78;1283.44;;1365.33
8.96011;1032.66;250.452;1283.11;;1365.33
8.97011;1032.66;250.379;1283.04;;1365.33
8.98011;1032.66;249.706;1282.37;;1365.33
8.99011;1032.66;250.613;1283.27;;1365.33
9.00011;1032.66;250.383;1283.04;;1365.33
9.01011;1032.66;250.062;1282.72;;1365.33
9.02011;1032.66;251.235;1283.89;;1365.33
9.03011;1032.66;254.73;1287.39;;1365.33
9.04011;1032.66;250.914;1283.57;;1365.33
9.05011;1032.66;250.729;1283.39;;1365.33
9.06011;1032.66;251.534;1284.19;;1365.33
9.07011;1032.66;250.959;1283.62;;1365.33
9.08011;1032.66;252.55;1285.21;;1365.33
9.09011;1032.66;250.712;1283.37;;1365.33
9.10011;1032.66;250.742;1283.4;;1365.33
9.11011;1032.66;250.038;1282.7;;1365.33
9.12011;1032.66;250.446;1283.11;;1365.33
9.13011;1032.66;251.109;1283.77;;1365.33
9.14011;1032.66;249.984;1282.64;;1365.33
9.15011;1032.66;250.601;1283.26;;1365.33
9.16011;1032.66;250.37;1283.03;;1365.33
9.17011;1032.66;249.943;1282.6;;1365.33
9.18011;1032.66;250.74;1283.4;;1365.33
9.19011;1032.66;249.42;1282.08;;1365.33
9.20012;1032.66;249.998;1282.66;;1365.33
9.21012;1032.66;251.275;1283.93;;1365.33
9.22012;1032.66;249.48;1282.14;;1365.33
9.23012;1032.66;251.748;1284.41;;1365.33
9.24012;1032.66;250.945;1283.6;;1365.33
9.25012;1032.66;250.519;1283.18;;1365.33
9.26012;1032.66;251.177;1283.84;;1365.33
9.27012;1032.66;250.93;1283.59;;1365.33
9.28012;1032.66;251.064;1283.72;;1365.33
9.29012;1032.66;251.351;1284.01;;1365.33
9.30012;1032.66;249.323;1281.98;;1365.33
9.31012;1032.66;250.52;1283.18;;1365.33
9.32012;1032.66;251.667;1284.33;;1365.33
9.33012;1032.66;249.923;1282.58;;1365.33
9.34012;1032.66;250.98;1283.64;;1365.33
9.35012;1032.66;250.622;1283.28;;1365.33
9.36012;1032.66;250.234;1282.89;;1365.33
9.37012;1032.66;251.144;1283.8;;1365.33
9.38012;1032.66;248.986;1281.65;;1365.33
9.39012;1032.66;249.962;1282.62;;1365.33
9.40012;1032.66;251.718;1284.38;;1365.33
9.41012;1032.66;249.777;1282.44;;1365.33
9.42012;1032.66;251.854;1284.51;;1365.33
9.43012;1032.66;251.852;1284.51;;1365.33
9.44012;1032.66;250.335;1282.99;;1365.33
9.45012;1032.66;251.372;1284.03;;1365.33
9.46012;1032.66;250.808;1283.47;;1365.33
9.47012;1032.66;251.227;1283.89;;1365.33
9.48012;1032.66;252.112;1284.77;;1365.33
9.49012;1032.66;248.909;1281.57;;1365.33
9.50012;1032.66;250.674;1283.33;;1365.33
9.51012;1032.66;252.599;1285.26;;1365.33
9.52012;1032.66;250.221;1282.88;;1365.33
9.53012;1032.66;251.219;1283.88;;1365.33
9.54012;1032.66;251.195;1283.85;;1365.33
9.55012;1032.66;250.098;1282.76;;1365.33
9.56012;1032.66;251.983;1284.64;;1365.33
9.57012;1032.66;249.497;1282.16;;1365.33
9.58012;1032.66;249.908;1282.57;;1365.33
9.59012;1032.66;251.77;1284.43;;1365.33
9.60012;1032.66;249.927;1282.59;;1365.33
9.61012;1032.66;251.802;1284.46;;1365.33
9.62012;1032.66;252.575;1285.23;;1365.33
9.63013;1032.66;249.674;1282.33;;1365.33
9.64013;1032.66;251.709;1284.37;;1365.33
9.65013;1032.66;249.594;1282.25;;1365.33
9.66013;1032.66;251.133;1283.79;;1365.33
9.67013;1032.66;252.321;1284.98;;1365.33
9.68013;1032.66;249.881;1282.54;;1365.33
9.69013;1032.66;250.643;1283.3;;1365.33
9.70013;1032.66;253.637;1286.3;;1365.33
9.71013;1032.66;250.307;1282.97;;1365.33
9.72013;1032.66;251.316;1283.98;;1365.33
9.73013;1032.66;251.493;1284.15;;1365.33
9.74013;1032.66;250.183;1282.84;;1365.33
9.75013;1032.66;252.145;1284.8;;1365.33
9.76013;1032.66;251.768;1284.43;;1365.33
9.77013;1032.66;249.901;1282.56;;1365.33
9.78013;1032.66;251.972;1284.63;;1365.33
9.79013;1032.66;249.736;1282.4;;1365.33
9.80013;1032.66;251.777;1284.44;;1365.33
9.81013;1032.66;253.475;1286.13;;1365.33
9.82013;1032.66;249.883;1282.54;;1365.33
9.83013;1032.66;251.596;1284.26;;1365.33
9.84013;1032.66;250.408;1283.07;;1365.33
9.85013;1032.66;251.166;1283.83;;1365.33
9.86013;1032.66;252.597;1285.26;;1365.33
9.87013;1032.66;251.254;1283.91;;1365.33
9.88013;1032.66;250.647;1283.31;;1365.33
9.89013;1032.66;254.366;1287.03;;1365.33
9.90013;1032.66;250.6;1283.26;;1365.33
9.91013;1032.66;251.035;1283.69;;1365.33
9.92013;1032.66;252.059;1284.72;;1365.33
9.93013;1032.66;250.315;1282.97;;1365.33
9.94013;1032.66;252.223;1284.88;;1365.33
9.95013;1032.66;252.97;1285.63;;1365.33
9.96013;1032.66;249.962;1282.62;;1365.33
9.97013;1032.66;252.381;1285.04;;1365.33
9.98013;1032.66;250.216;1282.88;;1365.33
9.99013;1032.66;251.757;1284.42;;1365.33
10.0001;1032.66;254.023;1286.68;;1365.33
10.0101;1032.66;250.036;1282.7;;1365.33
10.0201;1032.66;251.768;1284.43;;1365.33
10.0301;1032.66;253.303;1285.96;;1365.33
10.0401;1032.66;251.327;1283.99;;1365.33
10.0501;1032.66;252.58;1285.24;;1365.33
10.0601;1032.66;251.593;1284.25;;1365.33
10.0701;1032.66;251.048;1283.71;;1365.33
10.0801;1032.66;254.302;1286.96;;1365.33
10.0901;1032.66;250.827;1283.49;;1365.33
10.1001;1032.66;251.249;1283.91;;1365.33
10.1101;1032.66;252.644;1285.3;;1365.33
10.1201;1032.66;250.227;1282.89;;1365.33
10.1301;1032.66;252.775;1285.43;;1365.33
10.1401;1032.66;254.178;1286.84;;1365.33
10.1501;1032.66;249.894;1282.55;;1365.33
10.1601;1032.66;252.253;1284.91;;1365.33
10.1701;1032.66;250.222;1282.88;;1365.33
10.1801;1032.66;251.453;1284.11;;1365.33
10.1901;1032.66;254.495;1287.15;;1365.33
10.2001;1032.66;250.004;1282.66;;1365.33
10.2101;1032.66;251.702;1284.36;;1365.33
10.2201;1032.66;255.937;1288.6;;1365.33
10.2301;1032.66;251.353;1284.01;;1365.33
10.2401;1032.66;252.555;1285.21;;1365.33
10.2501;1032.66;252.518;1285.18;;1365.33
10.2601;1032.66;251.043;1283.7;;1365.33
10.2701;1032.66;254.745;1287.4;;1365.33
10.2801;1032.66;250.927;1283.59;;1365.33
10.2901;1032.66;251.141;1283.8;;1365.33
10.3001;1032.66;253.156;1285.82;;1365.33
10.3101;1032.66;250.597;1283.26;;1365.33
10.3201;1032.66;252.609;1285.27;;1365.33
10.3301;1032.66;255.55;1288.21;;1365.33
10.3401;1032.66;249.973;1282.63;;1365.33
10.3501;1032.66;252.042;1284.7;;1365.33
10.3601;1032.66;250.353;1283.01;;1365.33
10.3701;1032.66;250.777;1283.44;;1365.33
10.3801;1032.66;254.315;1286.97;;1365.33
10.3901;1032.66;250.136;1282.8;;1365.33
10.4001;1032.66;251.532;1284.19;;1365.33
10.4101;1032.66;257.299;1289.96;;1365.33
10.4201;1032.66;251.36;1284.02;;1365.33
10.4301;1032.66;252.341;1285;;1365.33
10.4401;1032.66;253.597;1286.26;;1365.33
10.4501;1032.66;251.4;1284.06;;1365.33
10.4601;1032.66;254.776;1287.44;;1365.33
10.4701;1032.66;251.247;1283.91;;1365.33
10.4801;1032.66;251.096;1283.76;;1365.33
10.4901;1032.66;253.195;1285.85;;1365.33
10.5001;1032.66;250.947;1283.61;;1365.33
10.5101;1032.66;252.185;1284.84;;1365.33
10.5201;1032.66;255.735;1288.39;;1365.33
10.5301;1032.66;250.39;1283.05;;1365.33
10.5401;1032.66;251.931;1284.59;;1365.33
10.5501;1032.66;250.579;1283.24;;1365.33
10.5601;1032.66;251.176;1283.84;;1365.33
10.5701;1032.66;253.395;1286.06;;1365.33
10.5801;1032.66;250.606;1283.27;;1365.33
10.5901;1032.66;251.54;1284.2;;1365.33
10.6001;1032.66;250.122;1282.78;;1365.33
10.6101;1032.66;252.176;1284.84;;1365.33
10.6201;1032.66;250.922;1283.58;;1365.33
10.6301;1032.66;250.561;1283.22;;1365.33
10.6401;1032.66;251.899;1284.56;;1365.33
10.6501;1032.66;256.09;1288.75;;1365.33
10.6601;1032.66;250.09;1282.75;;1365.33
10.6701;1032.66;251.282;1283.94;;1365.33
10.6801;1032.66;250.468;1283.13;;1365.33
10.6901;1032.66;250.574;1283.23;;1365.33
10.7001;1032.66;248.563;1281.22;;1365.33
10.7101;1032.66;249.804;1282.46;;1365.33
10.7201;1032.66;250.879;1283.54;;1365.33
10.7302;1032.66;251.97;1284.63;;1365.33
10.7402;1032.66;250.103;1282.76;;1365.33
10.7502;1032.66;249.662;1282.32;;1365.33
10.7602;1032.66;251.064;1283.72;;1365.33
10.7702;1032.66;249.322;1281.98;;1365.33
10.7802;1032.66;251.925;1284.58;;1365.33
10.7902;1032.66;249.135;1281.79;;1365.33
10.8002;1032.66;249.621;1282.28;;1365.33
10.8102;1032.66;251.857;1284.52;;1365.33
10.8202;1032.66;248.455;1281.11;;1365.33
10.8302;1032.66;250.71;1283.37;;1365.33
10.8402;1032.66;252.986;1285.65;;1365.33
10.8502;1032.66;249.607;1282.27;;1365.33
10.8602;1032.66;251.611;1284.27;;1365.33
10.8702;1032.66;251.696;1284.36;;1365.33
10.8802;1032.66;250.195;1282.85;;1365.33
10.8902;1032.66;253.692;1286.35;;1365.33
10.9002;1032.66;250.16;1282.82;;1365.33
10.9102;1032.66;251.155;1283.81;;1365.33
10.9202;1032.66;252.176;1284.84;;1365.33
10.9302;1032.66;250.369;1283.03;;1365.33
10.9402;1032.66;252.083;1284.74;;1365.33
10.9502;1032.66;250.255;1282.92;;1365.33
10.9602;1032.66;250.257;1282.92;;1365.33
10.9702;1032.66;251.792;1284.45;;1365.33
10.9802;1032.66;249.852;1282.51;;1365.33
10.9902;1032.66;251.932;1284.59;;1365.33
11.0002;1032.66;251.024;1283.68;;1365.33
11.0102;1032.66;252.855;1285.51;;1365.33
11.0202;1032.66;251.6;1284.26;;1365.33
11.0302;1032.66;254.297;1286.96;;1365.33
11.0402;1032.66;251.517;1284.18;;1365.33
11.0502;1032.66;250.986;1283.65;;1365.33
11.0602;1032.66;252.571;1285.23;;1365.33
11.0702;1032.66;250.805;1283.46;;1365.33
11.0802;1032.66;253.374;1286.03;;1365.33
11.0902;1032.66;252.837;1285.5;;1365.33
11.1002;1032.66;250.851;1283.51;;1365.33
11.1102;1032.66;251.572;1284.23;;1365.33
11.1202;1032.66;250.652;1283.31;;1365.33
11.1302;1032.66;251.56;1284.22;;1365.33
11.1402;1032.66;252.04;1284.7;;1365.33
11.1502;1032.66;251.049;1283.71;;1365.33
11.1602;1032.66;251.892;1284.55;;1365.33
11.1702;1032.66;255.704;1288.36;;1365.33
11.1802;1032.66;251.801;1284.46;;1365.33
11.1902;1032.66;251.631;1284.29;;1365.33
11.2002;1032.66;253.288;1285.95;;1365.33
11.2102;1032.66;251.67;1284.33;;1365.33
11.2202;1032.66;255.237;1287.9;;1365.33
11.2302;1032.66;251.577;1284.24;;1365.33
11.2402;1032.66;251.123;1283.78;;1365.33
11.2502;1032.66;252.156;1284.82;;1365.33
11.2602;1032.66;250.971;1283.63;;1365.33
11.2702;1032.66;252.951;1285.61;;1365.33
11.2802;1032.66;251.931;1284.59;;1365.33
11.2902;1032.66;251.237;1283.9;;1365.33
11.3002;1032.66;251.373;1284.03;;1365.33
11.3102;1032.66;250.988;1283.65;;1365.33
11.3202;1032.66;252.09;1284.75;;1365.33
11.3302;1032.66;251.369;1284.03;;1365.33
11.3402;1032.66;251.045;1283.7;;1365.33
11.3502;1032.66;251.921;1284.58;;1365.33
11.3602;1032.66;256.528;1289.19;;1365.33
11.3702;1032.66;252.05;1284.71;;1365.33
11.3802;1032.66;251.672;1284.33;;1365.33
11.3902;1032.66;252.945;1285.6;;1365.33
11.4002;1032.66;251.927;1284.59;;1365.33
11.4102;1032.66;255.798;1288.46;;1365.33
11.4202;1032.66;251.652;1284.31;;1365.33
11.4302;1032.66;251.448;1284.11;;1365.33
11.4402;1032.66;251.555;1284.21;;1365.33
11.4502;1032.66;251.351;1284.01;;1365.33
11.4602;1032.66;253.003;1285.66;;1365.33
11.4702;1032.66;251.369;1284.03;;1365.33
11.4802;1032.66;251.775;1284.43;;1365.33
11.4902;1032.66;251.669;1284.33;;1365.33
11.5002;1032.66;251.031;1283.69;;1365.33
11.5102;1032.66;252.459;1285.12;;1365.33
11.5202;1032.66;251.144;1283.8;;1365.33
11.5302;1032.66;251.386;1284.05;;1365.33
11.5402;1032.66;252.244;1284.9;;1365.33
11.5502;1032.66;256.914;1289.57;;1365.33
11.5602;1032.66;252.1;1284.76;;1365.33
11.5702;1032.66;251.875;1284.53;;1365.33
11.5802;1032.66;252.444;1285.1;;1365.33
11.5902;1032.66;252.125;1284.78;;1365.33
11.6002;1032.66;254.639;1287.3;;1365.33
11.6102;1032.66;251.985;1284.64;;1365.33
11.6202;1032.66;251.919;1284.58;;1365.33
11.6302;1032.66;251.272;1283.93;;1365.33
11.6402;1032.66;251.499;1284.16;;1365.33
11.6502;1032.66;252.896;1285.56;;1365.33
11.6602;1032.66;251.145;1283.81;;1365.33
11.6702;1032.66;252.123;1284.78;;1365.33
11.6802;1032.66;251.379;1284.04;;1365.33
11.6902;1032.66;251.111;1283.77;;1365.33
11.7002;1032.66;252.064;1284.72;;1365.33
11.7102;1032.66;250.269;1282.93;;1365.33
11.7202;1032.66;251.256;1283.92;;1365.33
11.7302;1032.66;252.553;1285.21;;1365.33
11.7402;1032.66;256.847;1289.51;;1365.33
11.7502;1032.66;252.235;1284.9;;1365.33
11.7602;1032.66;252.625;1285.29;;1365.33
11.7702;1032.66;251.405;1284.06;;1365.33
11.7802;1032.66;252.245;1284.9;;1365.33
11.7902;1032.66;252.794;1285.45;;1365.33
11.8002;1032.66;252.031;1284.69;;1365.33
11.8102;1032.66;252.57;1285.23;;1365.33
11.8202;1032.66;250.878;1283.54;;1365.33
11.8302;1032.66;251.885;1284.54;;1365.33
11.8402;1032.66;253.657;1286.32;;1365.33
11.8502;1032.66;251.148;1283.81;;1365.33
11.8602;1032.66;252.04;1284.7;;1365.33
11.8702;1032.66;251.392;1284.05;;1365.33
11.8802;1032.66;251.138;1283.8;;1365.33
11.8902;1032.66;252.012;1284.67;;1365.33
11.9002;1032.66;250.085;1282.74;;1365.33
11.9102;1032.66;251.188;1283.85;;1365.33
11.9202;1032.66;252.715;1285.37;;1365.33
11.9302;1032.66;256.565;1289.22;;1365.33
11.9402;1032.66;252.331;1284.99;;1365.33
11.9502;1032.66;253.14;1285.8;;1365.33
11.9602;1032.66;251.328;1283.99;;1365.33
11.9702;1032.66;252.477;1285.14;;1365.33
11.9802;1032.66;252.918;1285.58;;1365.33
11.9902;1032.66;252.328;1284.99;;1365.33
12.0002;1032.66;252.891;1285.55;;1365.33
12.0102;1032.66;250.187;1282.85;;1365.33
12.0202;1032.66;251.858;1284.52;;1365.33
12.0302;1032.66;252.755;1285.41;;1365.33
12.0402;1032.66;251.365;1284.02;;1365.33
12.0502;1032.66;252.245;1284.9;;1365.33
12.0602;1032.66;251.974;1284.63;;1365.33
12.0702;1032.66;251.338;1284;;1365.33
12.0802;1032.66;252.48;1285.14;;1365.33
12.0902;1032.66;252.314;1284.97;;1365.33
12.1002;1032.66;250.97;1283.63;;1365.33
12.1102;1032.66;253.082;1285.74;;1365.33
12.1202;1032.66;251.204;1283.86;;1365.33
12.1302;1032.66;252.865;1285.52;;1365.33
12.1402;1032.66;254.203;1286.86;;1365.33
12.1502;1032.66;250.977;1283.64;;1365.33
12.1602;1032.66;252.652;1285.31;;1365.33
12.1702;1032.66;250.58;1283.24;;1365.33
12.1802;1032.66;252.304;1284.96;;1365.33
12.1902;1032.66;253.527;1286.19;;1365.33
12.2002;1032.66;250.377;1283.04;;1365.33
12.2102;1032.66;251.82;1284.48;;1365.33
12.2202;1032.66;253.079;1285.74;;1365.33
12.2302;1032.66;251.628;1284.29;;1365.33
12.2402;1032.66;252.314;1284.97;;1365.33
12.2502;1032.66;252.383;1285.04;;1365.33
12.2602;1032.66;251.33;1283.99;;1365.33
12.2702;1032.66;252.93;1285.59;;1365.33
12.2802;1032.66;252.249;1284.91;;1365.33
12.2902;1032.66;251.231;1283.89;;1365.33
12.3002;1032.66;253.176;1285.84;;1365.33
12.3102;1032.66;251.568;1284.23;;1365.33
12.3202;1032.66;252.91;1285.57;;1365.33
12.3302;1032.66;254.583;1287.24;;1365.33
12.3402;1032.66;251.122;1283.78;;1365.33
12.3502;1032.66;252.731;1285.39;;1365.33
12.3602;1032.66;251.255;1283.91;;1365.33
12.3702;1032.66;252.411;1285.07;;1365.33
12.3802;1032.66;253.665;1286.32;;1365.33
12.3902;1032.66;251.922;1284.58;;1365.33
12.4002;1032.66;251.973;1284.63;;1365.33
12.4102;1032.66;253.583;1286.24;;1365.33
12.4202;1032.66;251.623;1284.28;;1365.33
12.4302;1032.66;252.301;1284.96;;1365.33
12.4402;1032.66;252.992;1285.65;;1365.33
12.4502;1032.66;250.562;1283.22;;1365.33
12.4602;1032.66;253.348;1286.01;;1365.33
12.4702;1032.66;254.398;1287.06;;1365.33
12.4802;1032.66;250.931;1283.59;;1365.33
12.4902;1032.66;253.564;1286.22;;1365.33
12.5002;1032.66;251.252;1283.91;;1365.33
12.5102;1032.66;253.425;1286.09;;1365.33
12.5202;1032.66;255.461;1288.12;;1365.33
12.5302;1032.66;251.213;1283.87;;1365.33
12.5402;1032.66;252.737;1285.4;;1365.33
12.5502;1032.66;254.33;1286.99;;1365.33
12.5602;1032.66;252.504;1285.16;;1365.33
12.5702;1032.66;253.808;1286.47;;1365.33
12.5802;1032.66;253.073;1285.73;;1365.33
12.5902;1032.66;252.017;1284.68;;1365.33
12.6002;1032.66;255.098;1287.76;;1365.33
12.6102;1032.66;251.75;1284.41;;1365.33
12.6202;1032.66;251.946;1284.61;;1365.33
12.6302;1032.66;254.015;1286.68;;1365.33
12.6402;1032.66;251.466;1284.13;;1365.33
12.6502;1032.66;253.902;1286.56;;1365.33
12.6602;1032.66;256.599;1289.26;;1365.33
12.6702;1032.66;251.116;1283.78;;1365.33
12.6802;1032.66;253.485;1286.15;;1365.33
12.6902;1032.66;251.289;1283.95;;1365.33
12.7002;1032.66;250.665;1283.33;;1365.33
12.7102;1032.66;255.64;1288.3;;1365.33
12.7202;1032.66;251.401;1284.06;;1365.33
12.7302;1032.66;252.682;1285.34;;1365.33
12.7402;1032.66;255.84;1288.5;;1365.33
12.7502;1032.66;252.641;1285.3;;1365.33
12.7602;1032.66;253.701;1286.36;;1365.33
12.7702;1032.66;254.109;1286.77;;1365.33
12.7802;1032.66;252.266;1284.93;;1365.33
12.7902;1032.66;255.271;1287.93;;1365.33
12.8002;1032.66;251.891;1284.55;;1365.33
12.8102;1032.66;251.83;1284.49;;1365.33
12.8202;1032.66;254.442;1287.1;;1365.33
12.8302;1032.66;251.621;1284.28;;1365.33
12.8402;1032.66;254.198;1286.86;;1365.33
12.8502;1032.66;257.13;1289.79;;1365.33
12.8602;1032.66;251.309;1283.97;;1365.33
12.8702;1032.66;253.403;1286.06;;1365.33
12.8802;1032.66;251.541;1284.2;;1365.33
12.8902;1032.66;252.833;1285.49;;1365.33
12.9002;1032.66;254.929;1287.59;;1365.33
12.9102;1032.66;251.68;1284.34;;1365.33
12.9202;1032.66;252.852;1285.51;;1365.33
12.9302;1032.66;256.934;1289.59;;1365.33
12.9402;1032.66;252.655;1285.31;;1365.33
12.9502;1032.66;253.035;1285.69;;1365.33
12.9602;1032.66;255.323;1287.98;;1365.33
12.9702;1032.66;252.272;1284.93;;1365.33
12.9802;1032.66;255.988;1288.65;;1365.33
12.9902;1032.66;252.349;1285.01;;1365.33
13.0002;1032.66;251.981;1284.64;;1365.33
13.0102;1032.66;254.312;1286.97;;1365.33
13.0202;1032.66;251.859;1284.52;;1365.33
13.0302;1032.66;254.008;1286.67;;1365.33
13.0402;1032.66;256.283;1288.94;;1365.33
13.0502;1032.66;251.479;1284.14;;1365.33
13.0602;1032.66;253.229;1285.89;;1365.33
13.0702;1032.66;251.75;1284.41;;1365.33
13.0802;1032.66;252.796;1285.46;;1365.33
13.0902;1032.66;254.159;1286.82;;1365.33
13.1002;1032.66;251.864;1284.52;;1365.33
13.1102;1032.66;252.739;1285.4;;1365.33
13.1202;1032.66;258.436;1291.1;;1365.33
13.1302;1032.66;252.832;1285.49;;1365.33
13.1402;1032.66;252.469;1285.13;;1365.33
13.1502;1032.66;254.682;1287.34;;1365.33
13.1602;1032.66;252.68;1285.34;;1365.33
13.1702;1032.66;254.244;1286.9;;1365.33
13.1802;1032.66;252.522;1285.18;;1365.33
13.1902;1032.66;251.912;1284.57;;1365.33
13.2002;1032.66;253.859;1286.52;;1365.33
13.2102;1032.66;252.228;1284.89;;1365.33
13.2202;1032.66;253.367;1286.03;;1365.33
13.2302;1032.66;255.469;1288.13;;1365.33
13.2402;1032.66;251.789;1284.45;;1365.33
13.2502;1032.66;253.174;1285.83;;1365.33
13.2602;1032.66;251.815;1284.47;;1365.33
13.2702;1032.66;253.155;1285.81;;1365.33
13.2802;1032.66;253.972;1286.63;;1365.33
13.2902;1032.66;252.136;1284.8;;1365.33
13.3002;1032.66;253.13;1285.79;;1365.33
13.3102;1032.66;257.888;1290.55;;1365.33
13.3202;1032.66;252.905;1285.57;;1365.33
13.3302;1032.66;252.856;1285.52;;1365.33
13.3402;1032.66;255.08;1287.74;;1365.33
13.3502;1032.66;252.862;1285.52;;1365.33
13.3602;1032.66;256.195;1288.85;;1365.33
13.3702;1032.66;252.609;1285.27;;1365.33
13.3802;1032.66;252.236;1284.9;;1365.33
13.3902;1032.66;253.44;1286.1;;1365.33
13.4002;1032.66;252.148;1284.81;;1365.33
13.4102;1032.66;253.628;1286.29;;1365.33
13.4202;1032.66;253.832;1286.49;;1365.33
13.4302;1032.66;252.238;1284.9;;1365.33
13.4402;1032.66;252.652;1285.31;;1365.33
13.4502;1032.66;251.996;1284.66;;1365.33
13.4602;1032.66;252.456;1285.12;;1365.33
13.4702;1032.66;252.683;1285.34;;1365.33
13.4802;1032.66;252.172;1284.83;;1365.33
13.4902;1032.66;253.16;1285.82;;1365.33
13.5002;1032.66;252.66;1285.32;;1365.33
13.5102;1032.66;253.313;1285.97;;1365.33
13.5202;1032.66;252.545;1285.2;;1365.33
13.5302;1032.66;253.841;1286.5;;1365.33
13.5402;1032.66;252.976;1285.64;;1365.33
13.5502;1032.66;252.791;1285.45;;1365.33
13.5602;1032.66;252.978;1285.64;;1365.33
13.5702;1032.66;252.557;1285.22;;1365.33
13.5802;1032.66;252.694;1285.35;;1365.33
13.5902;1032.66;252.583;1285.24;;1365.33
13.6002;1032.66;253.135;1285.79;;1365.33
13.6102;1032.66;253.023;1285.68;;1365.33
13.6202;1032.66;252.673;1285.33;;1365.33
13.6302;1032.66;252.776;1285.44;;1365.33
13.6402;1032.66;251.949;1284.61;;1365.33
13.6502;1032.66;252.843;1285.5;;1365.33
13.6602;1032.66;252.472;1285.13;;1365.33
13.6702;1032.66;252.199;1284.86;;1365.33
13.6802;1032.66;253.402;1286.06;;1365.33
13.6902;1032.66;252.483;1285.14;;1365.33
13.7002;1032.66;253.674;1286.33;;1365.33
13.7102;1032.66;252.826;1285.49;;1365.33
13.7202;1032.66;253.556;1286.22;;1365.33
13.7302;1032.66;253.256;1285.92;;1365.33
13.7402;1032.66;252.45;1285.11;;1365.33
13.7502;1032.66;253.116;1285.78;;1365.33
13.7602;1032.66;253.115;1285.78;;1365.33
13.7702;1032.66;252.127;1284.79;;1365.33
13.7802;1032.66;252.718;1285.38;;1365.33
13.7902;1032.66;253.622;1286.28;;1365.33
13.8002;1032.66;252.45;1285.11;;1365.33
13.8102;1032.66;252.971;1285.63;;1365.33
13.8202;1032.66;252.608;1285.27;;1365.33
13.8302;1032.66;252.108;1284.77;;1365.33
13.8402;1032.66;253.253;1285.91;;1365.33
13.8502;1032.66;252.031;1284.69;;1365.33
13.8602;1032.66;252.452;1285.11;;1365.33
13.8702;1032.66;253.385;1286.04;;1365.33
13.8802;1032.66;251.863;1284.52;;1365.33
13.8902;1032.66;253.749;1286.41;;1365.33
13.9002;1032.66;252.981;1285.64;;1365.33
13.9102;1032.66;252.813;1285.47;;1365.33
13.9202;1032.66;253.495;1286.16;;1365.33
13.9302;1032.66;251.954;1284.61;;1365.33
13.9402;1032.66;252.879;1285.54;;1365.33
13.9502;1032.66;253.496;1286.16;;1365.33
13.9602;1032.66;251.476;1284.14;;1365.33
13.9702;1032.66;252.721;1285.38;;1365.33
13.9802;1032.66;254.741;1287.4;;1365.33
13.9902;1032.66;252.155;1284.81;;1365.33
14.0002;1032.66;253.076;1285.74;;1365.33
14.0102;1032.66;252.893;1285.55;;1365.33
14.0202;1032.66;252.241;1284.9;;1365.33
14.0302;1032.66;253.929;1286.59;;1365.33
14.0402;1032.66;250.754;1283.41;;1365.33
14.0502;1032.66;252.043;1284.7;;1365.33
14.0602;1032.66;253.85;1286.51;;1365.33
14.0702;1032.66;251.705;1284.36;;1365.33
14.0802;1032.66;253.635;1286.29;;1365.33
14.0902;1032.66;253.549;1286.21;;1365.33
14.1002;1032.66;252.158;1284.82;;1365.33
14.1102;1032.66;253.683;1286.34;;1365.33
14.1202;1032.66;251.263;1283.92;;1365.33
14.1302;1032.66;253.086;1285.75;;1365.33
14.1402;1032.66;253.741;1286.4;;1365.33
14.1502;1032.66;251.234;1283.89;;1365.33
14.1602;1032.66;252.918;1285.58;;1365.33
14.1702;1032.66;254.195;1286.85;;1365.33
14.1802;1032.66;252.312;1284.97;;1365.33
14.1902;1032.66;253.407;1286.07;;1365.33
14.2002;1032.66;253.01;1285.67;;1365.33
14.2102;1032.66;252.425;1285.08;;1365.33
14.2202;1032.66;253.911;1286.57;;1365.33
14.2302;1032.66;251.148;1283.81;;1365.33
14.2402;1032.66;252.319;1284.98;;1365.33
14.2502;1032.66;254.06;1286.72;;1365.33
14.2602;1032.66;252.099;1284.76;;1365.33
14.2702;1032.66;254.186;1286.85;;1365.33
14.2802;1032.66;254.255;1286.92;;1365.33
14.2902;1032.66;252.044;1284.7;;1365.33
14.3002;1032.66;253.816;1286.48;;1365.33
14.3102;1032.66;251.634;1284.29;;1365.33
14.3202;1032.66;253.11;1285.77;;1365.33
14.3302;1032.66;254.526;1287.19;;1365.33
14.3402;1032.66;251.856;1284.52;;1365.33
14.3502;1032.66;252.951;1285.61;;1365.33
14.3602;1032.66;256.266;1288.93;;1365.33
14.3702;1032.66;252.526;1285.19;;1365.33
14.3802;1032.66;253.461;1286.12;;1365.33
14.3902;1032.66;253.699;1286.36;;1365.33
14.4002;1032.66;252.515;1285.17;;1365.33
14.4102;1032.66;254.475;1287.13;;1365.33
14.4202;1032.66;252.025;1284.69;;1365.33
14.4302;1032.66;252.384;1285.04;;1365.33
14.4402;1032.66;254.203;1286.86;;1365.33
14.4502;1032.66;252.122;1284.78;;1365.33
14.4602;1032.66;254.28;1286.94;;1365.33
14.4702;1032.66;255.007;1287.67;;1365.33
14.4802;1032.66;252.328;1284.99;;1365.33
14.4902;1032.66;254.037;1286.7;;1365.33
14.5002;1032.66;251.649;1284.31;;1365.33
14.5102;1032.66;253.388;1286.05;;1365.33
14.5202;1032.66;254.62;1287.28;;1365.33
14.5302;1032.66;251.86;1284.52;;1365.33
14.5402;1032.66;253.099;1285.76;;1365.33
14.5502;1032.66;255.603;1288.26;;1365.33
14.5602;1032.66;252.639;1285.3;;1365.33
14.5702;1032.66;253.701;1286.36;;1365.33
14.5802;1032.66;253.885;1286.54;;1365.33
14.5902;1032.66;252.475;1285.13;;1365.33
14.6002;1032.66;254.672;1287.33;;1365.33
14.6102;1032.66;253.394;1286.05;;1365.33
14.6202;1032.66;252.18;1284.84;;1365.33
14.6302;1032.66;254.49;1287.15;;1365.33
14.6402;1032.66;252.072;1284.73;;1365.33
14.6502;1032.66;253.648;1286.31;;1365.33
14.6602;1032.66;255.639;1288.3;;1365.33
14.6702;1032.66;252.058;1284.72;;1365.33
14.6802;1032.66;253.743;1286.4;;1365.33
14.6902;1032.66;258.787;1291.45;;1365.33
14.7002;1032.66;253.037;1285.7;;1365.33
14.7102;1032.66;254.896;1287.56;;1365.33
14.7202;1032.66;253.22;1285.88;;1365.33
14.7302;1032.66;252.991;1285.65;;1365.33
14.7402;1032.66;256.858;1289.52;;1365.33
14.7502;1032.66;252.662;1285.32;;1365.33
14.7602;1032.66;253.375;1286.03;;1365.33
14.7702;1032.66;254.606;1287.27;;1365.33
14.7802;1032.66;252.519;1285.18;;1365.33
14.7902;1032.66;254.456;1287.12;;1365.33
14.8002;1032.66;254.887;1287.55;;1365.33
14.8102;1032.66;252.018;1284.68;;1365.33
14.8202;1032.66;254.337;1287;;1365.33
14.8302;1032.66;252.225;1284.88;;1365.33
14.8402;1032.66;253.247;1285.91;;1365.33
14.8502;1032.66;256.062;1288.72;;1365.33
14.8602;1032.66;252.076;1284.74;;1365.33
14.8702;1032.66;253.7;1286.36;;1365.33
14.8802;1032.66;258.446;1291.11;;1365.33
14.8902;1032.66;253.025;1285.69;;1365.33
14.9002;1032.66;254.81;1287.47;;1365.33
14.9102;1032.66;254.306;1286.97;;1365.33
14.9202;1032.66;252.909;1285.57;;1365.33
14.9302;1032.66;256.991;1289.65;;1365.33
14.9402;1032.66;252.864;1285.52;;1365.33
14.9502;1032.66;253.418;1286.08;;1365.33
14.9602;1032.66;254.864;1287.52;;1365.33
14.9702;1032.66;252.767;1285.43;;1365.33
14.9802;1032.66;253.76;1286.42;;1365.33
14.9902;1032.66;255.874;1288.53;;1365.33
