0;1029.77;-0.00219482;1029.77;;3072
0.01;1029.77;-0.0801978;1029.69;;3072
0.02;1029.77;6.99011;1036.76;;3072
0.03;1029.77;19.9655;1049.74;;3072
0.04;1029.77;38.9584;1068.73;;3072
0.05;1029.77;61.0929;1090.87;;3072
0.06;1029.77;80.3145;1110.09;;3072
0.07;1029.77;100.415;1130.19;;3072
0.08;1029.77;128.077;1157.85;;3072
0.09;1029.77;135.512;1165.29;;3072
0.1;1029.77;162.244;1192.02;;3072
0.11;1029.77;173.048;1202.82;;3072
0.12;1029.77;193.446;1223.22;;3072
0.13;1029.77;217.645;1247.42;;3072
0.14;1029.77;223.79;1253.56;;3072
0.15;1029.77;249.078;1278.85;;3072
0.16;1029.77;257.337;1287.11;;3072
0.17;1029.77;263.286;1293.06;;3072
0.18;1029.77;291.093;1320.87;;3072
0.19;1029.77;293.803;1323.58;;3072
0.2;1029.77;318.838;1348.61;;3072
0.21;1029.77;326.679;1356.45;;3072
0.22;1029.77;325.455;1355.23;;3072
0.23;1029.77;340.44;1370.21;;3072
0.24;1029.77;364.34;1394.11;;3072
0.25;1029.77;359.774;1389.55;;3072
0.26;1029.77;369.988;1399.76;;3072
0.27;1029.77;389.945;1419.72;;3072
0.28;1029.77;404.842;1434.62;;3072
0.29;1029.77;397.667;1427.44;;3072
0.3;1029.77;407.046;1436.82;;3072
0.31;1029.77;418.112;1447.89;;3072
0.32;1029.77;435.792;1465.57;;3072
0.33;1029.77;442.021;1471.8;;3072
0.34;1029.77;437.965;1467.74;;3072
0.35;1029.77;447.873;1477.65;;3072
0.36;1029.77;459.081;1488.86;;3072
0.37;1029.77;464.982;1494.76;;3072
0.38;1029.77;474.125;1503.9;;3072
0.39;1029.77;474.04;1503.81;;3072
0.4;1029.77;477.922;1507.7;;3072
0.41;1029.77;493.09;1522.86;;3072
0.42;1029.77;498.499;1528.27;;3072
0.43;1029.77;511.986;1541.76;;3072
0.44;1029.77;519.308;1549.08;;3072
0.45;1029.77;512.106;1541.88;;3072
0.46;1029.77;516.301;1546.08;;3072
0.47;1029.77;526.143;1555.92;;3072
0.48;1029.77;534.876;1564.65;;3072
0.49;1029.77;543.216;1572.99;;3072
0.5;1029.77;548.767;1578.54;;3072
0.51;1029.77;542.154;1571.93;;3072
0.52;1029.77;546.74;1576.51;;3072
0.53;1029.77;554.545;1584.32;;3072
0.54;1029.77;566.016;1595.79;;3072
0.55;1029.77;565.746;1595.52;;3072
0.56;1029.77;578.37;1608.14;;3072
0.57;1029.77;571.707;1601.48;;3072
0.58;1029.77;573.107;1602.88;;3072
0.59;1029.77;579.527;1609.3;;3072
0.6;1029.77;590.505;1620.28;;3072
0.61;1029.77;596.353;1626.13;;3072
0.62;1029.77;592.071;1621.85;;3072
0.63;1029.77;605.695;1635.47;;3072
0.64;1029.77;598.239;1628.01;;3072
0.65;1029.77;599.024;1628.8;;3072
0.66;1029.77;607.456;1637.23;;3072
0.67;1029.77;617.313;1647.09;;3072
0.68;1029.77;616.989;1646.76;;3072
0.69;1029.77;623.034;1652.81;;3072
0.7;1029.77;626.612;1656.39;;3072
0.71;1029.77;621.363;1651.14;;3072
0.72;1029.77;621.643;1651.42;;3072
0.73;1029.77;633.349;1663.12;;3072
0.74;1029.77;638.896;1668.67;;3072
0.75;1029.77;642.119;1671.89;;3072
0.76;1029.77;650.227;1680;;3072
0.77;1029.77;640.868;1670.64;;3072
0.78;1029.77;640.89;1670.66;;3072
0.79;1029.77;642.959;1672.73;;3072
0.8;1029.77;656.847;1686.62;;3072
0.81;1029.77;653.096;1682.87;;3072
0.82;1029.77;664.155;1693.93;;3072
0.83;1029.77;668.627;1698.4;;3072
0.839999;1029.77;657.55;1687.32;;3072
0.849999;1029.77;660.663;1690.44;;3072
0.859999;1029.77;669.953;1699.73;;3072
0.869999;1029.77;669.967;1699.74;;3072
0.879999;1029.77;675.714;1705.49;;3072
0.889999;1029.77;679.801;1709.58;;3072
0.899999;1029.77;679.779;1709.55;;3072
0.909999;1029.77;671.5;1701.27;;3072
0.919999;1029.77;683.601;1713.38;;3072
0.929999;1029.77;684.971;1714.75;;3072
0.939999;1029.77;680.535;1710.31;;3072
0.949999;1029.77;692.188;1721.96;;3072
0.959999;1029.77;681.029;1710.8;;3072
0.969999;1029.77;680.319;1710.09;;3072
0.979999;1029.77;692.146;1721.92;;3072
0.989999;1029.77;695.901;1725.68;;3072
0.999999;1029.77;699.748;1729.52;;3072
1.01;1029.77;704.486;1734.26;;3072
1.02;1029.77;693.223;1723;;3072
1.03;1029.77;692.742;1722.52;;3072
1.04;1029.77;699.935;1729.71;;3072
1.05;1029.77;706.278;1736.05;;3072
1.06;1029.77;706.002;1735.78;;3072
1.07;1029.77;708.372;1738.15;;3072
1.08;1029.77;698.985;1728.76;;3072
1.09;1029.77;704.26;1734.04;;3072
1.1;1029.77;715.564;1745.34;;3072
1.11;1029.77;714.517;1744.29;;3072
1.12;1029.77;710.208;1739.98;;3072
1.13;1029.77;714.281;1744.06;;3072
1.14;1029.77;708.18;1737.95;;3072
1.15;1029.77;712.48;1742.26;;3072
1.16;1029.77;723.298;1753.07;;3072
1.17;1029.77;716.943;1746.72;;3072
1.18;1029.77;726.946;1756.72;;3072
1.19;1029.77;718.161;1747.94;;3072
1.2;1029.77;720.595;1750.37;;3072
1.21;1029.77;730.127;1759.9;;3072
1.22;1029.77;728.591;1758.37;;3072
1.23;1029.77;723.844;1753.62;;3072
1.24;1029.77;731.69;1761.46;;3072
1.25;1029.77;723.957;1753.73;;3072
1.26;1029.77;732.362;1762.14;;3072
1.27;1029.77;733.504;1763.28;;3072
1.28;1029.77;737.076;1766.85;;3072
1.29;1029.77;739.418;1769.19;;3072
1.3;1029.77;725.156;1754.93;;3072
1.31;1029.77;737.557;1767.33;;3072
1.32;1029.77;737.852;1767.63;;3072
1.33;1029.77;748.775;1778.55;;3072
1.34;1029.77;745.956;1775.73;;3072
1.35;1029.77;732.584;1762.36;;3072
1.36;1029.77;739.08;1768.85;;3072
1.37;1029.77;744.519;1774.29;;3072
1.38;1029.77;737.224;1767;;3072
1.39;1029.77;746.851;1776.63;;3072
1.4;1029.77;734.019;1763.79;;3072
1.41;1029.77;736.152;1765.93;;3072
1.42;1029.77;748.768;1778.54;;3072
1.43;1029.77;741.566;1771.34;;3072
1.44;1029.77;750.324;1780.1;;3072
1.45;1029.77;735.689;1765.46;;3072
1.46;1029.77;744.117;1773.89;;3072
1.47;1029.77;753.33;1783.1;;3072
1.48;1029.77;748.255;1778.03;;3072
1.49;1029.77;758.764;1788.54;;3072
1.5;1029.77;744.466;1774.24;;3072
1.51;1029.77;750.825;1780.6;;3072
1.52;1029.77;757.046;1786.82;;3072
1.53;1029.77;748.345;1778.12;;3072
1.54;1029.77;758.495;1788.27;;3072
1.55;1029.77;745.854;1775.63;;3072
1.56;1029.77;752.476;1782.25;;3072
1.57;1029.77;756.091;1785.87;;3072
1.58;1029.77;760.303;1790.08;;3072
1.59;1029.77;759.234;1789.01;;3072
1.6;1029.77;744.743;1774.52;;3072
1.61;1029.77;757.616;1787.39;;3072
1.62;1029.77;755.226;1785;;3072
1.63;1029.77;761.768;1791.54;;3072
1.64;1029.77;756.364;1786.14;;3072
1.65;1029.77;751.731;1781.51;;3072
1.66;1029.77;763.747;1793.52;;3072
1.67;1029.77;758.695;1788.47;;3072
1.68;1029.77;766.717;1796.49;;3072
1.69;1029.77;753.827;1783.6;;3072
1.7;1029.77;760.395;1790.17;;3072
1.71;1029.77;766.377;1796.15;;3072
1.72;1029.77;756.995;1786.77;;3072
1.73;1029.77;767.111;1796.89;;3072
1.74;1029.77;753.985;1783.76;;3072
1.75;1029.77;765.188;1794.96;;3072
1.76;1029.77;763.098;1792.87;;3072
1.77;1029.77;767.559;1797.33;;3072
1.78;1029.77;757.099;1786.87;;3072
1.79;1029.77;753.597;1783.37;;3072
1.8;1029.77;768.266;1798.04;;3072
1.81;1029.77;760.061;1789.84;;3072
1.82;1029.77;765.858;1795.63;;3072
1.83;1029.77;752.405;1782.18;;3072
1.84;1029.77;763.451;1793.23;;3072
1.85;1029.77;767.49;1797.26;;3072
1.86;1029.77;770.87;1800.64;;3072
1.87;1029.77;772.347;1802.12;;3072
1.88;1029.77;762.955;1792.73;;3072
1.89;1029.77;773.357;1803.13;;3072
1.9;1029.77;772.297;1802.07;;3072
1.91;1029.77;775.892;1805.67;;3072
1.92;1029.77;760.747;1790.52;;3072
1.93;1029.77;770.44;1800.21;;3072
1.94;1029.77;768.605;1798.38;;3072
1.95;1029.77;776.726;1806.5;;3072
1.96;1029.77;762.577;1792.35;;3072
1.97;1029.77;762.469;1792.24;;3072
1.98;1029.77;773.516;1803.29;;3072
1.99;1029.77;763.819;1793.59;;3072
2;1029.77;773.002;1802.78;;3072
2.01;1029.77;761.408;1791.18;;3072
2.02;1029.77;769.406;1799.18;;3072
2.03;1029.77;770.664;1800.44;;3072
2.04;1029.77;775.092;1804.87;;3072
2.05;1029.77;762.689;1792.46;;3072
2.06;1029.77;767.859;1797.63;;3072
2.07;1029.77;772.532;1802.31;;3072
2.08;1029.77;776.148;1805.92;;3072
2.09;1029.77;768.867;1798.64;;3072
2.1;1029.77;760.741;1790.52;;3072
2.11;1029.77;776.301;1806.08;;3072
2.12;1029.77;767.338;1797.11;;3072
2.13;1029.77;773.422;1803.2;;3072
2.14;1029.77;760.989;1790.76;;3072
2.15;1029.77;773.668;1803.44;;3072
2.16;1029.77;772.682;1802.46;;3072
2.17;1029.77;778.112;1807.89;;3072
2.18;1029.77;771.429;1801.2;;3072
2.19;1029.77;772.881;1802.66;;3072
2.2;1029.77;774.838;1804.61;;3072
2.21;1029.77;783.41;1813.19;;3072
2.22;1029.77;778.868;1808.64;;3072
2.23;1029.77;765.567;1795.34;;3072
2.24;1029.77;778.993;1808.77;;3072
2.25;1029.77;771.979;1801.75;;3072
2.26;1029.77;779.281;1809.06;;3072
2.27;1029.77;765.414;1795.19;;3072
2.28;1029.77;771.791;1801.57;;3072
2.29;1029.77;778.772;1808.55;;3072
2.3;1029.77;771.026;1800.8;;3072
2.31;1029.77;770.188;1799.96;;3072
2.32;1029.77;772.671;1802.45;;3072
2.33;1029.77;779.505;1809.28;;3072
2.34;1029.77;772.236;1802.01;;3072
2.35;1029.77;779.58;1809.35;;3072
2.36;1029.77;765.945;1795.72;;3072
2.37;1029.77;778.037;1807.81;;3072
2.38;1029.77;771.747;1801.52;;3072
2.39;1029.77;778.675;1808.45;;3072
2.4;1029.77;764.577;1794.35;;3072
2.41;1029.77;770.072;1799.85;;3072
2.42;1029.77;776.43;1806.2;;3072
2.43;1029.77;779.568;1809.34;;3072
2.44;1029.77;766.514;1796.29;;3072
2.45;1029.77;771.69;1801.46;;3072
2.46;1029.77;778.708;1808.48;;3072
2.47;1029.77;777.357;1807.13;;3072
2.48;1029.77;778.949;1808.72;;3072
2.49;1029.77;765.879;1795.65;;3072
2.5;1029.77;779.904;1809.68;;3072
2.51;1029.77;775.794;1805.57;;3072
2.52;1029.77;777.914;1807.69;;3072
2.53;1029.77;764.34;1794.11;;3072
2.54;1029.77;775.584;1805.36;;3072
2.55;1029.77;774.502;1804.28;;3072
2.56;1029.77;780.366;1810.14;;3072
2.57;1029.77;765.186;1794.96;;3072
2.58;1029.77;774.368;1804.14;;3072
2.59;1029.77;778.751;1808.53;;3072
2.6;1029.77;782.315;1812.09;;3072
2.61;1029.77;782.979;1812.75;;3072
2.62;1029.77;771.497;1801.27;;3072
2.63;1029.77;780.151;1809.93;;3072
2.64;1029.77;786.642;1816.42;;3072
2.65;1029.77;782.02;1811.79;;3072
2.66;1029.77;768.496;1798.27;;3072
2.67;1029.77;779.728;1809.5;;3072
2.68;1029.77;775.426;1805.2;;3072
2.69;1029.77;784.913;1814.69;;3072
2.7;1029.77;768.525;1798.3;;3072
2.71;1029.77;775.513;1805.29;;3072
2.72;1029.77;781.168;1810.94;;3072
2.73;1029.77;773.644;1803.42;;3072
2.74;1029.77;774.776;1804.55;;3072
2.75;1029.77;776.109;1805.88;;3072
2.76;1029.77;781.661;1811.44;;3072
2.77;1029.77;777.39;1807.16;;3072
2.78;1029.77;778.953;1808.73;;3072
2.79;1029.77;768.239;1798.01;;3072
2.8;1029.77;779.61;1809.39;;3072
2.81;1029.77;772.389;1802.16;;3072
2.82;1029.77;780.493;1810.27;;3072
2.83;1029.77;766.983;1796.76;;3072
2.84;1029.77;773.937;1803.71;;3072
2.85;1029.77;777.549;1807.32;;3072
2.86;1029.77;781.944;1811.72;;3072
2.87;1029.77;769.007;1798.78;;3072
2.88;1029.77;775.404;1805.18;;3072
2.89;1029.77;778.822;1808.6;;3072
2.9;1029.77;782.152;1811.93;;3072
2.91;1029.77;774.898;1804.67;;3072
2.92;1029.77;767.007;1796.78;;3072
2.93;1029.77;780.648;1810.42;;3072
2.94;1029.77;775.216;1804.99;;3072
2.95;1029.77;773.647;1803.42;;3072
2.96;1029.77;764.773;1794.55;;3072
2.97;1029.77;778.206;1807.98;;3072
2.98;1029.77;775.243;1805.02;;3072
2.99;1029.77;782.175;1811.95;;3072
3;1029.77;767.711;1797.49;;3072
3.01;1029.77;778.441;1808.22;;3072
3.02;1029.77;778.011;1807.79;;3072
3.03;1029.77;784.849;1814.62;;3072
3.04;1029.77;782.668;1812.44;;3072
3.05;1029.77;771.894;1801.67;;3072
3.06;1029.77;778.817;1808.59;;3072
3.07;1029.77;783.847;1813.62;;3072
3.08;1029.77;779.08;1808.85;;3072
3.09;1029.77;769.937;1799.71;;3072
3.1;1029.77;782.839;1812.61;;3072
3.11;1029.77;775.752;1805.53;;3072
3.12;1029.77;784.726;1814.5;;3072
3.13;1029.77;770.41;1800.18;;3072
3.14;1029.77;782.34;1812.11;;3072
3.15;1029.77;779.487;1809.26;;3072
3.16;1029.77;785.28;1815.05;;3072
3.17;1029.77;770.425;1800.2;;3072
3.18;1029.77;778.028;1807.8;;3072
3.19;1029.77;777.807;1807.58;;3072
3.2;1029.77;784.413;1814.19;;3072
3.21;1029.77;769.972;1799.75;;3072
3.22;1029.77;770.968;1800.74;;3072
3.23;1029.77;781.707;1811.48;;3072
3.24;1029.77;771.257;1801.03;;3072
3.25;1029.77;778.719;1808.49;;3072
3.26;1029.77;770.932;1800.71;;3072
3.27;1029.77;779.165;1808.94;;3072
3.28;1029.77;775.988;1805.76;;3072
3.29;1029.77;782.282;1812.06;;3072
3.3;1029.77;769.006;1798.78;;3072
3.31;1029.77;777.246;1807.02;;3072
3.32;1029.77;776.559;1806.33;;3072
3.33;1029.77;780.934;1810.71;;3072
3.34;1029.77;766.629;1796.4;;3072
3.35;1029.77;768.79;1798.56;;3072
3.36;1029.77;779.764;1809.54;;3072
3.37;1029.77;777.531;1807.31;;3072
3.38;1029.77;768.734;1798.51;;3072
3.39;1029.77;770.716;1800.49;;3072
3.4;1029.77;781.132;1810.91;;3072
3.41;1029.77;776.33;1806.1;;3072
3.42;1029.77;781.493;1811.27;;3072
3.43;1029.77;766.311;1796.09;;3072
3.44;1029.77;781.658;1811.43;;3072
3.45;1029.77;776.335;1806.11;;3072
3.46;1029.77;781.414;1811.19;;3072
3.47;1029.77;767.026;1796.8;;3072
3.48;1029.77;775.483;1805.26;;3072
3.49;1029.77;776.297;1806.07;;3072
3.5;1029.77;781.488;1811.26;;3072
3.51;1029.77;767.168;1796.94;;3072
3.52;1029.77;773.913;1803.69;;3072
3.53;1029.77;780.739;1810.51;;3072
3.54;1029.77;782.976;1812.75;;3072
3.55;1029.77;783.657;1813.43;;3072
3.56;1029.77;772.416;1802.19;;3072
3.57;1029.77;780.068;1809.84;;3072
3.58;1029.77;787.676;1817.45;;3072
3.59;1029.77;782.05;1811.82;;3072
3.6;1029.77;769.185;1798.96;;3072
3.61;1029.77;783.123;1812.9;;3072
3.62;1029.77;774.361;1804.14;;3072
3.63;1029.77;782.524;1812.3;;3072
3.64;1029.77;769.729;1799.5;;3072
3.65;1029.77;780.15;1809.93;;3072
3.66;1029.77;778.113;1807.89;;3072
3.67;1029.77;784.69;1814.46;;3072
3.68;1029.77;770.482;1800.26;;3072
3.69;1029.77;780.312;1810.09;;3072
3.7;1029.77;778.819;1808.59;;3072
3.71;1029.77;785.058;1814.83;;3072
3.72;1029.77;771.814;1801.59;;3072
3.73;1029.77;772.478;1802.25;;3072
3.74;1029.77;782.297;1812.07;;3072
3.75;1029.77;771.404;1801.18;;3072
3.76;1029.77;772.152;1801.93;;3072
3.77;1029.77;771.691;1801.47;;3072
3.78;1029.77;779.487;1809.26;;3072
3.79;1029.77;773.118;1802.89;;3072
3.8;1029.77;782.539;1812.31;;3072
3.81;1029.77;769.371;1799.15;;3072
3.82;1029.77;781.436;1811.21;;3072
3.83;1029.77;775.823;1805.6;;3072
3.84;1029.77;781.254;1811.03;;3072
3.85;1029.77;767.55;1797.32;;3072
3.86;1029.77;772.186;1801.96;;3072
3.87;1029.77;777.017;1806.79;;3072
3.88;1029.77;780.491;1810.27;;3072
3.89;1029.77;766.286;1796.06;;3072
3.9;1029.77;770.952;1800.73;;3072
3.91;1029.77;779.886;1809.66;;3072
3.92;1029.77;779.005;1808.78;;3072
3.93;1029.77;772.251;1802.03;;3072
3.94;1029.77;772.278;1802.05;;3072
3.95;1029.77;779.729;1809.5;;3072
3.96;1029.77;781.076;1810.85;;3072
3.97;1029.77;779.731;1809.51;;3072
3.98;1029.77;765.334;1795.11;;3072
3.99;1029.77;780.724;1810.5;;3072
4;1029.77;771.91;1801.68;;3072
4.01;1029.77;778.853;1808.63;;3072
4.02;1029.77;765.22;1794.99;;3072
4.03;1029.77;777.099;1806.87;;3072
4.04;1029.77;776.402;1806.18;;3072
4.05;1029.77;781.629;1811.4;;3072
4.06;1029.77;769.995;1799.77;;3072
4.07;1029.77;777.063;1806.84;;3072
4.08;1029.77;777.842;1807.62;;3072
4.09;1029.77;785.126;1814.9;;3072
4.1;1029.77;781.965;1811.74;;3072
4.11;1029.77;769.597;1799.37;;3072
4.12;1029.77;779.91;1809.68;;3072
4.13;1029.77;780.41;1810.18;;3072
4.14;1029.77;778.973;1808.75;;3072
4.15;1029.77;769.076;1798.85;;3072
4.16;1029.77;781.38;1811.15;;3072
4.17;1029.77;776.098;1805.87;;3072
4.18;1029.77;785.425;1815.2;;3072
4.19;1029.77;769.505;1799.28;;3072
4.2;1029.77;781.868;1811.64;;3072
4.21;1029.77;778.478;1808.25;;3072
4.22;1029.77;784.256;1814.03;;3072
4.23;1029.77;770.114;1799.89;;3072
4.24;1029.77;775.838;1805.61;;3072
4.25;1029.77;776.727;1806.5;;3072
4.26;1029.77;780.533;1810.31;;3072
4.27;1029.77;768.175;1797.95;;3072
4.28;1029.77;771.911;1801.69;;3072
4.29;1029.77;781.144;1810.92;;3072
4.3;1029.77;770.585;1800.36;;3072
4.31;1029.77;778.866;1808.64;;3072
4.32;1029.77;772.079;1801.85;;3072
4.33;1029.77;780.484;1810.26;;3072
4.34;1029.77;775.165;1804.94;;3072
4.35;1029.77;781.17;1810.94;;3072
4.36;1029.77;767.867;1797.64;;3072
4.37001;1029.77;776.633;1806.41;;3072
4.38001;1029.77;774.423;1804.2;;3072
4.39001;1029.77;779.743;1809.52;;3072
4.40001;1029.77;765.15;1794.92;;3072
4.41001;1029.77;769.514;1799.29;;3072
4.42001;1029.77;778.367;1808.14;;3072
4.43001;1029.77;778.677;1808.45;;3072
4.44001;1029.77;767.734;1797.51;;3072
4.45001;1029.77;772.01;1801.79;;3072
4.46001;1029.77;779.15;1808.92;;3072
4.47001;1029.77;778.511;1808.29;;3072
4.48001;1029.77;780.479;1810.25;;3072
4.49001;1029.77;765.011;1794.79;;3072
4.50001;1029.77;780.425;1810.2;;3072
4.51001;1029.77;773.042;1802.82;;3072
4.52001;1029.77;779.555;1809.33;;3072
4.53001;1029.77;764.033;1793.81;;3072
4.54001;1029.77;774.658;1804.43;;3072
4.55001;1029.77;775.353;1805.13;;3072
4.56001;1029.77;781.277;1811.05;;3072
4.57001;1029.77;767.073;1796.85;;3072
4.58001;1029.77;774.926;1804.7;;3072
4.59001;1029.77;778.864;1808.64;;3072
4.60001;1029.77;782.988;1812.76;;3072
4.61001;1029.77;782.243;1812.02;;3072
4.62001;1029.77;770.428;1800.2;;3072
4.63001;1029.77;779.04;1808.82;;3072
4.64001;1029.77;784.754;1814.53;;3072
4.65001;1029.77;779.918;1809.69;;3072
4.66001;1029.77;767.993;1797.77;;3072
4.67001;1029.77;780.623;1810.4;;3072
4.68001;1029.77;773.968;1803.74;;3072
4.69001;1029.77;782.639;1812.41;;3072
4.70001;1029.77;768.58;1798.35;;3072
4.71001;1029.77;777.176;1806.95;;3072
4.72001;1029.77;778.033;1807.81;;3072
4.73001;1029.77;779.841;1809.62;;3072
4.74001;1029.77;771.871;1801.65;;3072
4.75001;1029.77;775.095;1804.87;;3072
4.76001;1029.77;777.638;1807.41;;3072
4.77001;1029.77;781.044;1810.82;;3072
4.78001;1029.77;775.026;1804.8;;3072
4.79001;1029.77;767.338;1797.11;;3072
4.80001;1029.77;779.212;1808.99;;3072
4.81002;1029.77;770.101;1799.88;;3072
4.82002;1029.77;779.085;1808.86;;3072
4.83002;1029.77;766.708;1796.48;;3072
4.84002;1029.77;774.567;1804.34;;3072
4.85002;1029.77;775.59;1805.36;;3072
4.86002;1029.77;780.235;1810.01;;3072
4.87002;1029.77;767.373;1797.15;;3072
4.88002;1029.77;774.128;1803.9;;3072
4.89002;1029.77;776.701;1806.48;;3072
4.90002;1029.77;779.946;1809.72;;3072
4.91002;1029.77;770.523;1800.3;;3072
4.92002;1029.77;765.974;1795.75;;3072
4.93002;1029.77;778.967;1808.74;;3072
4.94002;1029.77;772.075;1801.85;;3072
4.95002;1029.77;770.515;1800.29;;3072
4.96002;1029.77;765.513;1795.29;;3072
4.97002;1029.77;778.089;1807.86;;3072
4.98002;1029.77;773.282;1803.06;;3072
4.99002;1029.77;780.595;1810.37;;3072
5.00002;1029.77;765.017;1794.79;;3072
5.01002;1029.77;777.959;1807.73;;3072
5.02002;1029.77;775.607;1805.38;;3072
5.03002;1029.77;779.995;1809.77;;3072
5.04002;1029.77;776.096;1805.87;;3072
5.05002;1029.77;770.238;1800.01;;3072
5.06002;1029.77;776.422;1806.2;;3072
5.07002;1029.77;780.584;1810.36;;3072
5.08002;1029.77;772.35;1802.12;;3072
5.09002;1029.77;769.152;1798.93;;3072
5.10002;1029.77;780.957;1810.73;;3072
5.11002;1029.77;774.916;1804.69;;3072
5.12002;1029.77;782.394;1812.17;;3072
5.13002;1029.77;768.431;1798.21;;3072
5.14002;1029.77;782.125;1811.9;;3072
5.15002;1029.77;778.98;1808.75;;3072
5.16002;1029.77;782.426;1812.2;;3072
5.17002;1029.77;767.894;1797.67;;3072
5.18002;1029.77;777.098;1806.87;;3072
5.19002;1029.77;774.721;1804.5;;3072
5.20002;1029.77;782.368;1812.14;;3072
5.21002;1029.77;766.653;1796.43;;3072
5.22002;1029.77;771.695;1801.47;;3072
5.23002;1029.77;780.571;1810.35;;3072
5.24003;1029.77;769.236;1799.01;;3072
5.25003;1029.77;777.485;1807.26;;3072
5.26003;1029.77;771.132;1800.91;;3072
5.27003;1029.77;778.915;1808.69;;3072
5.28003;1029.77;773.684;1803.46;;3072
5.29003;1029.77;779.546;1809.32;;3072
5.30003;1029.77;766.566;1796.34;;3072
5.31003;1029.77;773.622;1803.4;;3072
5.32003;1029.77;774.507;1804.28;;3072
5.33003;1029.77;778.142;1807.92;;3072
5.34003;1029.77;763.566;1793.34;;3072
5.35003;1029.77;765.993;1795.77;;3072
5.36003;1029.77;778.707;1808.48;;3072
5.37003;1029.77;772.445;1802.22;;3072
5.38003;1029.77;771.582;1801.36;;3072
5.39003;1029.77;766.725;1796.5;;3072
5.40003;1029.77;778.883;1808.66;;3072
5.41003;1029.77;774.758;1804.53;;3072
5.42003;1029.77;779.369;1809.14;;3072
5.43003;1029.77;767.396;1797.17;;3072
5.44003;1029.77;775.684;1805.46;;3072
5.45003;1029.77;774.129;1803.9;;3072
5.46003;1029.77;779.619;1809.39;;3072
5.47003;1029.77;775.368;1805.14;;3072
5.48003;1029.77;768.48;1798.25;;3072
5.49003;1029.77;778.035;1807.81;;3072
5.50003;1029.77;773.699;1803.47;;3072
5.51003;1029.77;778.887;1808.66;;3072
5.52003;1029.77;768.292;1798.07;;3072
5.53003;1029.77;778.638;1808.41;;3072
5.54003;1029.77;774.996;1804.77;;3072
5.55003;1029.77;782.263;1812.04;;3072
5.56003;1029.77;767.908;1797.68;;3072
5.57003;1029.77;777.355;1807.13;;3072
5.58003;1029.77;776.446;1806.22;;3072
5.59003;1029.77;782.386;1812.16;;3072
5.60003;1029.77;770.9;1800.67;;3072
5.61003;1029.77;769.096;1798.87;;3072
5.62003;1029.77;779.946;1809.72;;3072
5.63003;1029.77;768.464;1798.24;;3072
5.64003;1029.77;772.998;1802.77;;3072
5.65003;1029.77;765.713;1795.49;;3072
5.66003;1029.77;773.297;1803.07;;3072
5.67003;1029.77;773.646;1803.42;;3072
5.68004;1029.77;779.687;1809.46;;3072
5.69004;1029.77;766.865;1796.64;;3072
5.70004;1029.77;774.36;1804.13;;3072
5.71004;1029.77;775.639;1805.41;;3072
5.72004;1029.77;778.615;1808.39;;3072
5.73004;1029.77;768.888;1798.66;;3072
5.74004;1029.77;765.698;1795.47;;3072
5.75004;1029.77;776.783;1806.56;;3072
5.76004;1029.77;774.843;1804.62;;3072
5.77004;1029.77;766.87;1796.64;;3072
5.78004;1029.77;764.138;1793.91;;3072
5.79004;1029.77;777.5;1807.27;;3072
5.80004;1029.77;770.374;1800.15;;3072
5.81004;1029.77;779.094;1808.87;;3072
5.82004;1029.77;763.885;1793.66;;3072
5.83004;1029.77;776.922;1806.7;;3072
5.84004;1029.77;775.021;1804.8;;3072
5.85004;1029.77;780.664;1810.44;;3072
5.86004;1029.77;777.866;1807.64;;3072
5.87004;1029.77;769.632;1799.41;;3072
5.88004;1029.77;775.682;1805.46;;3072
5.89004;1029.77;781.091;1810.87;;3072
5.90004;1029.77;776.007;1805.78;;3072
5.91004;1029.77;766.497;1796.27;;3072
5.92004;1029.77;778.873;1808.65;;3072
5.93004;1029.77;772.928;1802.7;;3072
5.94004;1029.77;782.163;1811.94;;3072
5.95004;1029.77;767.085;1796.86;;3072
5.96004;1029.77;775.7;1805.47;;3072
5.97004;1029.77;777.424;1807.2;;3072
5.98004;1029.77;776.017;1805.79;;3072
5.99004;1029.77;772.292;1802.07;;3072
6.00004;1029.77;771.589;1801.36;;3072
6.01004;1029.77;777.347;1807.12;;3072
6.02004;1029.77;775.279;1805.05;;3072
6.03004;1029.77;772.193;1801.97;;3072
6.04004;1029.77;764.839;1794.61;;3072
6.05004;1029.77;774.62;1804.4;;3072
6.06004;1029.77;769.801;1799.58;;3072
6.07004;1029.77;778.524;1808.3;;3072
6.08004;1029.77;765.008;1794.78;;3072
6.09004;1029.77;772.789;1802.56;;3072
6.10004;1029.77;774.68;1804.45;;3072
6.11004;1029.77;778.037;1807.81;;3072
6.12005;1029.77;766.361;1796.14;;3072
6.13005;1029.77;769.983;1799.76;;3072
6.14005;1029.77;775.226;1805;;3072
6.15005;1029.77;778.441;1808.22;;3072
6.16005;1029.77;771.757;1801.53;;3072
6.17005;1029.77;762.974;1792.75;;3072
6.18005;1029.77;777.824;1807.6;;3072
6.19005;1029.77;768.255;1798.03;;3072
6.20005;1029.77;776.227;1806;;3072
6.21005;1029.77;762.709;1792.48;;3072
6.22005;1029.77;773.99;1803.76;;3072
6.23005;1029.77;773.984;1803.76;;3072
6.24005;1029.77;779.475;1809.25;;3072
6.25005;1029.77;774.726;1804.5;;3072
6.26005;1029.77;772.498;1802.27;;3072
6.27005;1029.77;775.043;1804.82;;3072
6.28005;1029.77;783.833;1813.61;;3072
6.29005;1029.77;778.808;1808.58;;3072
6.30005;1029.77;765.877;1795.65;;3072
6.31005;1029.77;778.744;1808.52;;3072
6.32005;1029.77;771.469;1801.24;;3072
6.33005;1029.77;777.962;1807.74;;3072
6.34005;1029.77;765.957;1795.73;;3072
6.35005;1029.77;774.484;1804.26;;3072
6.36005;1029.77;774.538;1804.31;;3072
6.37005;1029.77;780.065;1809.84;;3072
6.38005;1029.77;767.586;1797.36;;3072
6.39005;1029.77;774.945;1804.72;;3072
6.40005;1029.77;777.433;1807.21;;3072
6.41005;1029.77;779.136;1808.91;;3072
6.42005;1029.77;773.348;1803.12;;3072
6.43005;1029.77;766.671;1796.45;;3072
6.44005;1029.77;779.322;1809.1;;3072
6.45005;1029.77;768.16;1797.93;;3072
6.46005;1029.77;773.617;1803.39;;3072
6.47005;1029.77;763.949;1793.72;;3072
6.48005;1029.77;771.915;1801.69;;3072
6.49005;1029.77;772.586;1802.36;;3072
6.50005;1029.77;778.767;1808.54;;3072
6.51005;1029.77;765.886;1795.66;;3072
6.52005;1029.77;774.088;1803.86;;3072
6.53005;1029.77;774.857;1804.63;;3072
6.54005;1029.77;778.125;1807.9;;3072
6.55006;1029.77;769.493;1799.27;;3072
6.56006;1029.77;765.384;1795.16;;3072
6.57006;1029.77;775.786;1805.56;;3072
6.58006;1029.77;773.624;1803.4;;3072
6.59006;1029.77;770.195;1799.97;;3072
6.60006;1029.77;762.418;1792.19;;3072
6.61006;1029.77;776.085;1805.86;;3072
6.62006;1029.77;769.379;1799.15;;3072
6.63006;1029.77;778.665;1808.44;;3072
6.64006;1029.77;763.849;1793.62;;3072
6.65006;1029.77;775.453;1805.23;;3072
6.66006;1029.77;774.389;1804.16;;3072
6.67006;1029.77;779.825;1809.6;;3072
6.68006;1029.77;776.937;1806.71;;3072
6.69006;1029.77;769.882;1799.66;;3072
6.70006;1029.77;774.641;1804.42;;3072
6.71006;1029.77;780.774;1810.55;;3072
6.72006;1029.77;775.396;1805.17;;3072
6.73006;1029.77;765.89;1795.66;;3072
6.74006;1029.77;779.084;1808.86;;3072
6.75006;1029.77;771.283;1801.06;;3072
6.76006;1029.77;779.719;1809.49;;3072
6.77006;1029.77;766.506;1796.28;;3072
6.78006;1029.77;775.04;1804.81;;3072
6.79006;1029.77;775.528;1805.3;;3072
6.80006;1029.77;777.517;1807.29;;3072
6.81006;1029.77;769.932;1799.71;;3072
6.82006;1029.77;772.773;1802.55;;3072
6.83006;1029.77;774.989;1804.76;;3072
6.84006;1029.77;779.332;1809.11;;3072
6.85006;1029.77;771.694;1801.47;;3072
6.86006;1029.77;765.249;1795.02;;3072
6.87006;1029.77;777.387;1807.16;;3072
6.88006;1029.77;767.832;1797.61;;3072
6.89006;1029.77;776.736;1806.51;;3072
6.90006;1029.77;764.915;1794.69;;3072
6.91006;1029.77;773.327;1803.1;;3072
6.92006;1029.77;773.087;1802.86;;3072
6.93006;1029.77;778.422;1808.2;;3072
6.94006;1029.77;765.611;1795.39;;3072
6.95006;1029.77;773.521;1803.3;;3072
6.96006;1029.77;774.174;1803.95;;3072
6.97006;1029.77;777.331;1807.11;;3072
6.98006;1029.77;766.238;1796.01;;3072
6.99007;1029.77;764.667;1794.44;;3072
7.00007;1029.77;776.646;1806.42;;3072
7.01007;1029.77;771.741;1801.52;;3072
7.02007;1029.77;764.68;1794.45;;3072
7.03007;1029.77;766.013;1795.79;;3072
7.04007;1029.77;777.675;1807.45;;3072
7.05007;1029.77;772.631;1802.41;;3072
7.06007;1029.77;778.04;1807.81;;3072
7.07007;1029.77;764.679;1794.45;;3072
7.08007;1029.77;778.197;1807.97;;3072
7.09007;1029.77;773.881;1803.66;;3072
7.10007;1029.77;778.323;1808.1;;3072
7.11007;1029.77;763.176;1792.95;;3072
7.12007;1029.77;773.246;1803.02;;3072
7.13007;1029.77;770.711;1800.49;;3072
7.14007;1029.77;777.893;1807.67;;3072
7.15007;1029.77;762.136;1791.91;;3072
7.16007;1029.77;773.378;1803.15;;3072
7.17007;1029.77;774.455;1804.23;;3072
7.18007;1029.77;779.657;1809.43;;3072
7.19007;1029.77;775.274;1805.05;;3072
7.20007;1029.77;772.224;1802;;3072
7.21007;1029.77;774.674;1804.45;;3072
7.22007;1029.77;780.696;1810.47;;3072
7.23007;1029.77;775.749;1805.52;;3072
7.24007;1029.77;767.773;1797.55;;3072
7.25007;1029.77;776.44;1806.21;;3072
7.26007;1029.77;777.613;1807.39;;3072
7.27007;1029.77;773.296;1803.07;;3072
7.28007;1029.77;769.682;1799.46;;3072
7.29007;1029.77;779.959;1809.73;;3072
7.30007;1029.77;777.659;1807.43;;3072
7.31007;1029.77;779.916;1809.69;;3072
7.32007;1029.77;767.221;1797;;3072
7.33007;1029.77;778.538;1808.31;;3072
7.34007;1029.77;783.538;1813.31;;3072
7.35007;1029.77;778.136;1807.91;;3072
7.36007;1029.77;766.287;1796.06;;3072
7.37007;1029.77;780.191;1809.97;;3072
7.38007;1029.77;771.711;1801.49;;3072
7.39007;1029.77;779.116;1808.89;;3072
7.40007;1029.77;767.758;1797.53;;3072
7.41007;1029.77;780.13;1809.9;;3072
7.42007;1029.77;776.886;1806.66;;3072
7.43008;1029.77;781.396;1811.17;;3072
7.44008;1029.77;766.587;1796.36;;3072
7.45008;1029.77;779.897;1809.67;;3072
7.46008;1029.77;774.444;1804.22;;3072
7.47008;1029.77;779.505;1809.28;;3072
7.48008;1029.77;765.966;1795.74;;3072
7.49008;1029.77;773.48;1803.25;;3072
7.50008;1029.77;774.815;1804.59;;3072
7.51008;1029.77;779.942;1809.72;;3072
7.52008;1029.77;767.587;1797.36;;3072
7.53008;1029.77;775.137;1804.91;;3072
7.54008;1029.77;778.055;1807.83;;3072
7.55008;1029.77;777.479;1807.25;;3072
7.56008;1029.77;771.293;1801.07;;3072
7.57008;1029.77;772.613;1802.39;;3072
7.58008;1029.77;776.218;1805.99;;3072
7.59008;1029.77;779.52;1809.3;;3072
7.60008;1029.77;768.349;1798.12;;3072
7.61008;1029.77;767.358;1797.13;;3072
7.62008;1029.77;778.823;1808.6;;3072
7.63008;1029.77;768.399;1798.17;;3072
7.64008;1029.77;775.314;1805.09;;3072
7.65008;1029.77;769.169;1798.94;;3072
7.66008;1029.77;777.984;1807.76;;3072
7.67008;1029.77;772.434;1802.21;;3072
7.68008;1029.77;779.363;1809.14;;3072
7.69008;1029.77;765.46;1795.23;;3072
7.70008;1029.77;778.034;1807.81;;3072
7.71008;1029.77;771.228;1801;;3072
7.72008;1029.77;777.72;1807.49;;3072
7.73008;1029.77;763.71;1793.48;;3072
7.74008;1029.77;769.928;1799.7;;3072
7.75008;1029.77;774.601;1804.38;;3072
7.76008;1029.77;778.648;1808.42;;3072
7.77008;1029.77;765.897;1795.67;;3072
7.78008;1029.77;772.299;1802.07;;3072
7.79008;1029.77;775.894;1805.67;;3072
7.80008;1029.77;777.818;1807.59;;3072
7.81008;1029.77;770.778;1800.55;;3072
7.82008;1029.77;766.785;1796.56;;3072
7.83008;1029.77;776.042;1805.82;;3072
7.84008;1029.77;776.158;1805.93;;3072
7.85008;1029.77;767.973;1797.75;;3072
7.86009;1029.77;763.704;1793.48;;3072
7.87009;1029.77;777.43;1807.2;;3072
7.88009;1029.77;769.074;1798.85;;3072
7.89009;1029.77;776.408;1806.18;;3072
7.90009;1029.77;765.304;1795.08;;3072
7.91009;1029.77;777.17;1806.94;;3072
7.92009;1029.77;774.291;1804.07;;3072
7.93009;1029.77;778.293;1808.07;;3072
7.94009;1029.77;769.413;1799.19;;3072
7.95009;1029.77;773.257;1803.03;;3072
7.96009;1029.77;773.076;1802.85;;3072
7.97009;1029.77;778.25;1808.03;;3072
7.98009;1029.77;771.586;1801.36;;3072
7.99009;1029.77;768.158;1797.93;;3072
8.00009;1029.77;776.4;1806.17;;3072
8.01009;1029.77;775.496;1805.27;;3072
8.02009;1029.77;777.314;1807.09;;3072
8.03009;1029.77;768.807;1798.58;;3072
8.04009;1029.77;779.988;1809.76;;3072
8.05009;1029.77;776.142;1805.92;;3072
8.06009;1029.77;780.967;1810.74;;3072
8.07009;1029.77;765.917;1795.69;;3072
8.08009;1029.77;779.197;1808.97;;3072
8.09009;1029.77;774.182;1803.96;;3072
8.10009;1029.77;779.615;1809.39;;3072
8.11009;1029.77;765.923;1795.7;;3072
8.12009;1029.77;771.211;1800.99;;3072
8.13009;1029.77;775.658;1805.43;;3072
8.14009;1029.77;771.813;1801.59;;3072
8.15009;1029.77;766.688;1796.46;;3072
8.16009;1029.77;771.156;1800.93;;3072
8.17009;1029.77;778.056;1807.83;;3072
8.18009;1029.77;769.388;1799.16;;3072
8.19009;1029.77;778.023;1807.8;;3072
8.20009;1029.77;767.673;1797.45;;3072
8.21009;1029.77;779.291;1809.07;;3072
8.22009;1029.77;771.718;1801.49;;3072
8.23009;1029.77;776.988;1806.76;;3072
8.24009;1029.77;764.182;1793.96;;3072
8.25009;1029.77;771.63;1801.4;;3072
8.26009;1029.77;770.81;1800.58;;3072
8.27009;1029.77;778.092;1807.87;;3072
8.28009;1029.77;764.093;1793.87;;3072
8.29009;1029.77;770.57;1800.34;;3072
8.30009;1029.77;774.577;1804.35;;3072
8.31009;1029.77;777.652;1807.43;;3072
8.3201;1029.77;765.389;1795.16;;3072
8.3301;1029.77;771.167;1800.94;;3072
8.3401;1029.77;774.417;1804.19;;3072
8.3501;1029.77;777.475;1807.25;;3072
8.3601;1029.77;766.46;1796.24;;3072
8.3701;1029.77;764.726;1794.5;;3072
8.3801;1029.77;776.811;1806.59;;3072
8.3901;1029.77;771.761;1801.54;;3072
8.4001;1029.77;765.519;1795.29;;3072
8.4101;1029.77;766.602;1796.38;;3072
8.4201;1029.77;777.432;1807.21;;3072
8.4301;1029.77;772.501;1802.28;;3072
8.4401;1029.77;778.042;1807.82;;3072
8.4501;1029.77;764.591;1794.37;;3072
8.4601;1029.77;777.822;1807.6;;3072
8.4701;1029.77;773.633;1803.41;;3072
8.4801;1029.77;776.928;1806.7;;3072
8.4901;1029.77;761.724;1791.5;;3072
8.5001;1029.77;773.405;1803.18;;3072
8.5101;1029.77;770.442;1800.22;;3072
8.5201;1029.77;777.852;1807.63;;3072
8.5301;1029.77;762.624;1792.4;;3072
8.5401;1029.77;773.261;1803.04;;3072
8.5501;1029.77;774.223;1804;;3072
8.5601;1029.77;779.206;1808.98;;3072
8.5701;1029.77;775.731;1805.51;;3072
8.5801;1029.77;771.509;1801.28;;3072
8.5901;1029.77;774.167;1803.94;;3072
8.6001;1029.77;779.588;1809.36;;3072
8.6101;1029.77;774.651;1804.43;;3072
8.6201;1029.77;767.767;1797.54;;3072
8.6301;1029.77;776.167;1805.94;;3072
8.6401;1029.77;777.216;1806.99;;3072
8.6501;1029.77;773.534;1803.31;;3072
8.6601;1029.77;770.023;1799.8;;3072
8.6701;1029.77;779.243;1809.02;;3072
8.6801;1029.77;778.085;1807.86;;3072
8.6901;1029.77;779.681;1809.46;;3072
8.7001;1029.77;766.348;1796.12;;3072
8.7101;1029.77;778.903;1808.68;;3072
8.7201;1029.77;778.558;1808.33;;3072
8.7301;1029.77;778.067;1807.84;;3072
8.7401;1029.77;765.387;1795.16;;3072
8.7501;1029.77;775.543;1805.32;;3072
8.76011;1029.77;773.16;1802.93;;3072
8.77011;1029.77;781.132;1810.91;;3072
8.78011;1029.77;766.272;1796.05;;3072
8.79011;1029.77;773.459;1803.23;;3072
8.80011;1029.77;777.213;1806.99;;3072
8.81011;1029.77;774.331;1804.11;;3072
8.82011;1029.77;772.102;1801.88;;3072
8.83011;1029.77;771.991;1801.77;;3072
8.84011;1029.77;776.24;1806.01;;3072
8.85011;1029.77;778.151;1807.93;;3072
8.86011;1029.77;772.999;1802.77;;3072
8.87011;1029.77;764.688;1794.46;;3072
8.88011;1029.77;776.413;1806.19;;3072
8.89011;1029.77;767.897;1797.67;;3072
8.90011;1029.77;777.456;1807.23;;3072
8.91011;1029.77;764.432;1794.21;;3072
8.92011;1029.77;772.649;1802.42;;3072
8.93011;1029.77;773.267;1803.04;;3072
8.94011;1029.77;777.803;1807.58;;3072
8.95011;1029.77;765.314;1795.09;;3072
8.96011;1029.77;772.982;1802.76;;3072
8.97011;1029.77;774.266;1804.04;;3072
8.98011;1029.77;777.369;1807.14;;3072
8.99011;1029.77;765.382;1795.16;;3072
9.00011;1029.77;764.065;1793.84;;3072
9.01011;1029.77;776.546;1806.32;;3072
9.02011;1029.77;770.977;1800.75;;3072
9.03011;1029.77;765.409;1795.18;;3072
9.04011;1029.77;764.648;1794.42;;3072
9.05011;1029.77;776.481;1806.26;;3072
9.06011;1029.77;771.264;1801.04;;3072
9.07011;1029.77;778.67;1808.44;;3072
9.08011;1029.77;763.562;1793.34;;3072
9.09011;1029.77;775.945;1805.72;;3072
9.10011;1029.77;773.374;1803.15;;3072
9.11011;1029.77;777.588;1807.36;;3072
9.12011;1029.77;767.517;1797.29;;3072
9.13011;1029.77;769.953;1799.73;;3072
9.14011;1029.77;772.461;1802.24;;3072
9.15011;1029.77;775.791;1805.57;;3072
9.16011;1029.77;763.166;1792.94;;3072
9.17011;1029.77;768.806;1798.58;;3072
9.18011;1029.77;776.843;1806.62;;3072
9.19011;1029.77;773.405;1803.18;;3072
9.20012;1029.77;779.884;1809.66;;3072
9.21012;1029.77;768.185;1797.96;;3072
9.22012;1029.77;777.431;1807.21;;3072
9.23012;1029.77;782.937;1812.71;;3072
9.24012;1029.77;777.956;1807.73;;3072
9.25012;1029.77;763.405;1793.18;;3072
9.26012;1029.77;778.269;1808.04;;3072
9.27012;1029.77;770.585;1800.36;;3072
9.28012;1029.77;778.112;1807.89;;3072
9.29012;1029.77;764.945;1794.72;;3072
9.30012;1029.77;772.43;1802.2;;3072
9.31012;1029.77;775.51;1805.28;;3072
9.32012;1029.77;774.93;1804.7;;3072
9.33012;1029.77;767.804;1797.58;;3072
9.34012;1029.77;773.806;1803.58;;3072
9.35012;1029.77;775.256;1805.03;;3072
9.36012;1029.77;780.537;1810.31;;3072
9.37012;1029.77;770.881;1800.66;;3072
9.38012;1029.77;767.192;1796.97;;3072
9.39012;1029.77;778.427;1808.2;;3072
9.40012;1029.77;767.472;1797.25;;3072
9.41012;1029.77;769.97;1799.74;;3072
9.42012;1029.77;764.455;1794.23;;3072
9.43012;1029.77;773.723;1803.5;;3072
9.44012;1029.77;770.264;1800.04;;3072
9.45012;1029.77;778.453;1808.23;;3072
9.46012;1029.77;764.904;1794.68;;3072
9.47012;1029.77;776.685;1806.46;;3072
9.48012;1029.77;772.755;1802.53;;3072
9.49012;1029.77;777.327;1807.1;;3072
9.50012;1029.77;763.869;1793.64;;3072
9.51012;1029.77;768.717;1798.49;;3072
9.52012;1029.77;773.093;1802.87;;3072
9.53012;1029.77;776.327;1806.1;;3072
9.54012;1029.77;762.041;1791.82;;3072
9.55012;1029.77;766.917;1796.69;;3072
9.56012;1029.77;775.751;1805.53;;3072
9.57012;1029.77;773.977;1803.75;;3072
9.58012;1029.77;768.044;1797.82;;3072
9.59012;1029.77;768.734;1798.51;;3072
9.60012;1029.77;775.998;1805.77;;3072
9.61012;1029.77;776.837;1806.61;;3072
9.62012;1029.77;775.588;1805.36;;3072
9.63013;1029.77;762.017;1791.79;;3072
9.64013;1029.77;776.536;1806.31;;3072
9.65013;1029.77;767.964;1797.74;;3072
9.66013;1029.77;773.177;1802.95;;3072
9.67013;1029.77;761.263;1791.04;;3072
9.68013;1029.77;772.897;1802.67;;3072
9.69013;1029.77;772.258;1802.03;;3072
9.70013;1029.77;777.866;1807.64;;3072
9.71013;1029.77;763.938;1793.71;;3072
9.72013;1029.77;773.688;1803.46;;3072
9.73013;1029.77;773.759;1803.53;;3072
9.74013;1029.77;778.932;1808.71;;3072
9.75013;1029.77;776.078;1805.85;;3072
9.76013;1029.77;767.511;1797.29;;3072
9.77013;1029.77;774.079;1803.85;;3072
9.78013;1029.77;778.297;1808.07;;3072
9.79013;1029.77;770.3;1800.07;;3072
9.80013;1029.77;766.805;1796.58;;3072
9.81013;1029.77;778.536;1808.31;;3072
9.82013;1029.77;772.467;1802.24;;3072
9.83013;1029.77;778.873;1808.65;;3072
9.84013;1029.77;765.937;1795.71;;3072
9.85013;1029.77;779.587;1809.36;;3072
9.86013;1029.77;777.818;1807.59;;3072
9.87013;1029.77;779.149;1808.92;;3072
9.88013;1029.77;765.077;1794.85;;3072
9.89013;1029.77;776.6;1806.37;;3072
9.90013;1029.77;771.788;1801.56;;3072
9.91013;1029.77;778.936;1808.71;;3072
9.92013;1029.77;764.331;1794.11;;3072
9.93013;1029.77;771.252;1801.03;;3072
9.94013;1029.77;776.075;1805.85;;3072
9.95013;1029.77;772.93;1802.7;;3072
9.96013;1029.77;767.764;1797.54;;3072
9.97013;1029.77;773.334;1803.11;;3072
9.98013;1029.77;776.915;1806.69;;3072
9.99013;1029.77;778.722;1808.5;;3072
10.0001;1029.77;772.542;1802.32;;3072
10.0101;1029.77;766.494;1796.27;;3072
10.0201;1029.77;779.032;1808.81;;3072
10.0301;1029.77;767.822;1797.6;;3072
10.0401;1029.77;770.928;1800.7;;3072
10.0501;1029.77;764.263;1794.04;;3072
10.0601;1029.77;773.988;1803.76;;3072
10.0701;1029.77;769.502;1799.28;;3072
10.0801;1029.77;778.425;1808.2;;3072
10.0901;1029.77;765.424;1795.2;;3072
10.1001;1029.77;778.157;1807.93;;3072
10.1101;1029.77;772.353;1802.13;;3072
10.1201;1029.77;777.306;1807.08;;3072
10.1301;1029.77;764.291;1794.07;;3072
10.1401;1029.77;771.566;1801.34;;3072
10.1501;1029.77;771.646;1801.42;;3072
10.1601;1029.77;776.674;1806.45;;3072
10.1701;1029.77;762.704;1792.48;;3072
10.1801;1029.77;768.425;1798.2;;3072
10.1901;1029.77;774.749;1804.52;;3072
10.2001;1029.77;776.963;1806.74;;3072
10.2101;1029.77;765.097;1794.87;;3072
10.2201;1029.77;771.334;1801.11;;3072
10.2301;1029.77;775.426;1805.2;;3072
10.2401;1029.77;778.215;1807.99;;3072
10.2501;1029.77;770.248;1800.02;;3072
10.2601;1029.77;763.932;1793.71;;3072
10.2701;1029.77;776.369;1806.14;;3072
10.2801;1029.77;771.888;1801.66;;3072
10.2901;1029.77;765.067;1794.84;;3072
10.3001;1029.77;764.068;1793.84;;3072
10.3101;1029.77;776.749;1806.52;;3072
10.3201;1029.77;770.217;1799.99;;3072
10.3301;1029.77;778.281;1808.06;;3072
10.3401;1029.77;763.889;1793.66;;3072
10.3501;1029.77;777.923;1807.7;;3072
10.3601;1029.77;774.672;1804.45;;3072
10.3701;1029.77;777.708;1807.48;;3072
10.3801;1029.77;762.695;1792.47;;3072
10.3901;1029.77;773.628;1803.4;;3072
10.4001;1029.77;769.799;1799.57;;3072
10.4101;1029.77;776.753;1806.53;;3072
10.4201;1029.77;761.085;1790.86;;3072
10.4301;1029.77;771.092;1800.87;;3072
10.4401;1029.77;774.14;1803.92;;3072
10.4501;1029.77;778.719;1808.49;;3072
10.4601;1029.77;774.644;1804.42;;3072
10.4701;1029.77;771.606;1801.38;;3072
10.4801;1029.77;775.258;1805.03;;3072
10.4901;1029.77;783.081;1812.86;;3072
10.5001;1029.77;778.178;1807.95;;3072
10.5101;1029.77;765.024;1794.8;;3072
10.5201;1029.77;777.766;1807.54;;3072
10.5301;1029.77;771.332;1801.11;;3072
10.5401;1029.77;777.1;1806.87;;3072
10.5501;1029.77;764.955;1794.73;;3072
10.5601;1029.77;773.785;1803.56;;3072
10.5701;1029.77;773.195;1802.97;;3072
10.5801;1029.77;781.131;1810.91;;3072
10.5901;1029.77;766.357;1796.13;;3072
10.6001;1029.77;775.323;1805.1;;3072
10.6101;1029.77;774.857;1804.63;;3072
10.6201;1029.77;780.732;1810.51;;3072
10.6301;1029.77;770.342;1800.12;;3072
10.6401;1029.77;768.658;1798.43;;3072
10.6501;1029.77;776.552;1806.33;;3072
10.6601;1029.77;768.662;1798.44;;3072
10.6701;1029.77;770.061;1799.84;;3072
10.6801;1029.77;763.856;1793.63;;3072
10.6901;1029.77;772.697;1802.47;;3072
10.7001;1029.77;769.859;1799.63;;3072
10.7101;1029.77;778.414;1808.19;;3072
10.7201;1029.77;764.501;1794.28;;3072
10.7302;1029.77;774.613;1804.39;;3072
10.7402;1029.77;773.546;1803.32;;3072
10.7502;1029.77;776.615;1806.39;;3072
10.7602;1029.77;764.967;1794.74;;3072
10.7702;1029.77;766.742;1796.52;;3072
10.7802;1029.77;774.033;1803.81;;3072
10.7902;1029.77;774.794;1804.57;;3072
10.8002;1029.77;764.172;1793.95;;3072
10.8102;1029.77;763.009;1792.78;;3072
10.8202;1029.77;775.717;1805.49;;3072
10.8302;1029.77;767.698;1797.47;;3072
10.8402;1029.77;776.854;1806.63;;3072
10.8502;1029.77;763.692;1793.47;;3072
10.8602;1029.77;775.316;1805.09;;3072
10.8702;1029.77;773.173;1802.95;;3072
10.8802;1029.77;777.225;1807;;3072
10.8902;1029.77;771.36;1801.13;;3072
10.9002;1029.77;770.113;1799.89;;3072
10.9102;1029.77;772.66;1802.43;;3072
10.9202;1029.77;777.038;1806.81;;3072
10.9302;1029.77;771.387;1801.16;;3072
10.9402;1029.77;765.218;1794.99;;3072
10.9502;1029.77;777.437;1807.21;;3072
10.9602;1029.77;769.856;1799.63;;3072
10.9702;1029.77;777.297;1807.07;;3072
10.9802;1029.77;765.475;1795.25;;3072
10.9902;1029.77;777.713;1807.49;;3072
11.0002;1029.77;774.656;1804.43;;3072
11.0102;1029.77;779.928;1809.7;;3072
11.0202;1029.77;765.166;1794.94;;3072
11.0302;1029.77;777.25;1807.02;;3072
11.0402;1029.77;772.123;1801.9;;3072
11.0502;1029.77;778.253;1808.03;;3072
11.0602;1029.77;764.663;1794.44;;3072
11.0702;1029.77;770.272;1800.05;;3072
11.0802;1029.77;774.448;1804.22;;3072
11.0902;1029.77;773.169;1802.94;;3072
11.1002;1029.77;766.093;1795.87;;3072
11.1102;1029.77;771.563;1801.34;;3072
11.1202;1029.77;777.738;1807.51;;3072
11.1302;1029.77;771.201;1800.98;;3072
11.1402;1029.77;773.873;1803.65;;3072
11.1502;1029.77;767.433;1797.21;;3072
11.1602;1029.77;777.946;1807.72;;3072
11.1702;1029.77;770.272;1800.05;;3072
11.1802;1029.77;774.551;1804.33;;3072
11.1902;1029.77;763.329;1793.1;;3072
11.2002;1029.77;771.62;1801.39;;3072
11.2102;1029.77;769.736;1799.51;;3072
11.2202;1029.77;777.175;1806.95;;3072
11.2302;1029.77;763.535;1793.31;;3072
11.2402;1029.77;771.406;1801.18;;3072
11.2502;1029.77;773.129;1802.9;;3072
11.2602;1029.77;776.748;1806.52;;3072
11.2702;1029.77;764.799;1794.57;;3072
11.2802;1029.77;769.627;1799.4;;3072
11.2902;1029.77;773.406;1803.18;;3072
11.3002;1029.77;776.471;1806.25;;3072
11.3102;1029.77;766.345;1796.12;;3072
11.3202;1029.77;763.462;1793.24;;3072
11.3302;1029.77;776.155;1805.93;;3072
11.3402;1029.77;768.971;1798.75;;3072
11.3502;1029.77;768.997;1798.77;;3072
11.3602;1029.77;764.142;1793.92;;3072
11.3702;1029.77;776.018;1805.79;;3072
11.3802;1029.77;771.178;1800.95;;3072
11.3902;1029.77;776.96;1806.74;;3072
11.4002;1029.77;762.313;1792.09;;3072
11.4102;1029.77;775.71;1805.48;;3072
11.4202;1029.77;772.034;1801.81;;3072
11.4302;1029.77;776.751;1806.53;;3072
11.4402;1029.77;769.526;1799.3;;3072
11.4502;1029.77;767.051;1796.83;;3072
11.4602;1029.77;773.859;1803.63;;3072
11.4702;1029.77;775.868;1805.64;;3072
11.4802;1029.77;771.68;1801.45;;3072
11.4902;1029.77;765.896;1795.67;;3072
11.5002;1029.77;777.273;1807.05;;3072
11.5102;1029.77;772.768;1802.54;;3072
11.5202;1029.77;779.874;1809.65;;3072
11.5302;1029.77;765.224;1795;;3072
11.5402;1029.77;777.051;1806.83;;3072
11.5502;1029.77;773.368;1803.14;;3072
11.5602;1029.77;779.672;1809.45;;3072
11.5702;1029.77;766.54;1796.31;;3072
11.5802;1029.77;768.614;1798.39;;3072
11.5902;1029.77;775.073;1804.85;;3072
11.6002;1029.77;769.132;1798.91;;3072
11.6102;1029.77;767.408;1797.18;;3072
11.6202;1029.77;764.32;1794.09;;3072
11.6302;1029.77;773.678;1803.45;;3072
11.6402;1029.77;768.234;1798.01;;3072
11.6502;1029.77;777.48;1807.25;;3072
11.6602;1029.77;763.889;1793.66;;3072
11.6702;1029.77;775.151;1804.93;;3072
11.6802;1029.77;772.348;1802.12;;3072
11.6902;1029.77;775.932;1805.71;;3072
11.7002;1029.77;764.199;1793.97;;3072
11.7102;1029.77;765.478;1795.25;;3072
11.7202;1029.77;773.377;1803.15;;3072
11.7302;1029.77;774.339;1804.11;;3072
11.7402;1029.77;762.612;1792.39;;3072
11.7502;1029.77;762.679;1792.45;;3072
11.7602;1029.77;775.519;1805.29;;3072
11.7702;1029.77;767.054;1796.83;;3072
11.7802;1029.77;776.486;1806.26;;3072
11.7902;1029.77;763.013;1792.79;;3072
11.8002;1029.77;774.914;1804.69;;3072
11.8102;1029.77;772.86;1802.63;;3072
11.8202;1029.77;776.471;1806.25;;3072
11.8302;1029.77;770.035;1799.81;;3072
11.8402;1029.77;769.7;1799.47;;3072
11.8502;1029.77;771.735;1801.51;;3072
11.8602;1029.77;776.252;1806.03;;3072
11.8702;1029.77;769.143;1798.92;;3072
11.8802;1029.77;764.955;1794.73;;3072
11.8902;1029.77;776.979;1806.75;;3072
11.9002;1029.77;769.551;1799.33;;3072
11.9102;1029.77;776.92;1806.69;;3072
11.9202;1029.77;765.323;1795.1;;3072
11.9302;1029.77;776.752;1806.53;;3072
11.9402;1029.77;773.708;1803.48;;3072
11.9502;1029.77;779.442;1809.22;;3072
11.9602;1029.77;765.211;1794.99;;3072
11.9702;1029.77;774.16;1803.93;;3072
11.9802;1029.77;771.518;1801.29;;3072
11.9902;1029.77;778.771;1808.55;;3072
12.0002;1029.77;765.109;1794.88;;3072
12.0102;1029.77;767.016;1796.79;;3072
12.0202;1029.77;777.233;1807.01;;3072
12.0302;1029.77;766.223;1796;;3072
12.0402;1029.77;769.783;1799.56;;3072
12.0502;1029.77;767.729;1797.5;;3072
12.0602;1029.77;775.952;1805.73;;3072
12.0702;1029.77;769.082;1798.86;;3072
12.0802;1029.77;777.071;1806.85;;3072
12.0902;1029.77;763.608;1793.38;;3072
12.1002;1029.77;775.038;1804.81;;3072
12.1102;1029.77;770.866;1800.64;;3072
12.1202;1029.77;775.33;1805.1;;3072
12.1302;1029.77;761.158;1790.93;;3072
12.1402;1029.77;765.02;1794.79;;3072
12.1502;1029.77;773.599;1803.37;;3072
12.1602;1029.77;772.833;1802.61;;3072
12.1702;1029.77;762.21;1791.99;;3072
12.1802;1029.77;765.092;1794.87;;3072
12.1902;1029.77;775.483;1805.26;;3072
12.2002;1029.77;769.804;1799.58;;3072
12.2102;1029.77;776.821;1806.6;;3072
12.2202;1029.77;762.315;1792.09;;3072
12.2302;1029.77;776.069;1805.84;;3072
12.2402;1029.77;771.64;1801.41;;3072
12.2502;1029.77;776.194;1805.97;;3072
12.2602;1029.77;765.591;1795.37;;3072
12.2702;1029.77;767.951;1797.73;;3072
12.2802;1029.77;771.433;1801.21;;3072
12.2902;1029.77;776.168;1805.94;;3072
12.3002;1029.77;763.497;1793.27;;3072
12.3102;1029.77;766.684;1796.46;;3072
12.3202;1029.77;776.524;1806.3;;3072
12.3302;1029.77;773.613;1803.39;;3072
12.3402;1029.77;778.026;1807.8;;3072
12.3502;1029.77;764.918;1794.69;;3072
12.3602;1029.77;777.966;1807.74;;3072
12.3702;1029.77;776.557;1806.33;;3072
12.3802;1029.77;777.959;1807.73;;3072
12.3902;1029.77;764.316;1794.09;;3072
12.4002;1029.77;771.526;1801.3;;3072
12.4102;1029.77;771.399;1801.17;;3072
12.4202;1029.77;777.43;1807.2;;3072
12.4302;1029.77;763.49;1793.27;;3072
12.4402;1029.77;766.942;1796.72;;3072
12.4502;1029.77;776.335;1806.11;;3072
12.4602;1029.77;765.962;1795.74;;3072
12.4702;1029.77;776.152;1805.93;;3072
12.4802;1029.77;766.397;1796.17;;3072
12.4902;1029.77;776.508;1806.28;;3072
12.5002;1029.77;770.924;1800.7;;3072
12.5102;1029.77;776.176;1805.95;;3072
12.5202;1029.77;763.138;1792.91;;3072
12.5302;1029.77;769.571;1799.35;;3072
12.5402;1029.77;771.256;1801.03;;3072
12.5502;1029.77;774.609;1804.38;;3072
12.5602;1029.77;760.405;1790.18;;3072
12.5702;1029.77;763.638;1793.41;;3072
12.5802;1029.77;774.969;1804.74;;3072
12.5902;1029.77;769.905;1799.68;;3072
12.6002;1029.77;768.382;1798.16;;3072
12.6102;1029.77;764.677;1794.45;;3072
12.6202;1029.77;775.854;1805.63;;3072
12.6302;1029.77;772.684;1802.46;;3072
12.6402;1029.77;776.058;1805.83;;3072
12.6502;1029.77;761.78;1791.55;;3072
12.6602;1029.77;772.722;1802.5;;3072
12.6702;1029.77;769.689;1799.46;;3072
12.6802;1029.77;775.246;1805.02;;3072
12.6902;1029.77;764.624;1794.4;;3072
12.7002;1029.77;765.978;1795.75;;3072
12.7102;1029.77;774.139;1803.91;;3072
12.7202;1029.77;773.559;1803.33;;3072
12.7302;1029.77;775.571;1805.35;;3072
12.7402;1029.77;766.159;1795.93;;3072
12.7502;1029.77;777.796;1807.57;;3072
12.7602;1029.77;773.99;1803.76;;3072
12.7702;1029.77;778.907;1808.68;;3072
12.7802;1029.77;764.208;1793.98;;3072
12.7902;1029.77;775.865;1805.64;;3072
12.8002;1029.77;771.549;1801.32;;3072
12.8102;1029.77;778.698;1808.47;;3072
12.8202;1029.77;765.125;1794.9;;3072
12.8302;1029.77;766.89;1796.67;;3072
12.8402;1029.77;776.464;1806.24;;3072
12.8502;1029.77;765.407;1795.18;;3072
12.8602;1029.77;769.893;1799.67;;3072
12.8702;1029.77;765.621;1795.4;;3072
12.8802;1029.77;773.095;1802.87;;3072
12.8902;1029.77;769.775;1799.55;;3072
12.9002;1029.77;776.613;1806.39;;3072
12.9102;1029.77;763.225;1793;;3072
12.9202;1029.77;773.567;1803.34;;3072
12.9302;1029.77;772.159;1801.93;;3072
12.9402;1029.77;775.301;1805.08;;3072
12.9502;1029.77;763.066;1792.84;;3072
12.9602;1029.77;762.886;1792.66;;3072
12.9702;1029.77;773.794;1803.57;;3072
12.9802;1029.77;769.441;1799.22;;3072
12.9902;1029.77;764.122;1793.9;;3072
13.0002;1029.77;761.636;1791.41;;3072
13.0102;1029.77;772.832;1802.61;;3072
13.0202;1029.77;769.052;1798.83;;3072
13.0302;1029.77;776.178;1805.95;;3072
13.0402;1029.77;762.126;1791.9;;3072
13.0502;1029.77;771.458;1801.23;;3072
13.0602;1029.77;772.098;1801.87;;3072
13.0702;1029.77;778.442;1808.22;;3072
13.0802;1029.77;776.25;1806.02;;3072
13.0902;1029.77;764.142;1793.92;;3072
13.1002;1029.77;774.153;1803.93;;3072
13.1102;1029.77;773.494;1803.27;;3072
13.1202;1029.77;774.906;1804.68;;3072
13.1302;1029.77;762.685;1792.46;;3072
13.1402;1029.77;771.873;1801.65;;3072
13.1502;1029.77;771.186;1800.96;;3072
13.1602;1029.77;777.323;1807.1;;3072
13.1702;1029.77;764.966;1794.74;;3072
13.1802;1029.77;771.448;1801.22;;3072
13.1902;1029.77;775.452;1805.23;;3072
13.2002;1029.77;771.279;1801.05;;3072
13.2102;1029.77;773.47;1803.24;;3072
13.2202;1029.77;765.732;1795.51;;3072
13.2302;1029.77;776.068;1805.84;;3072
13.2402;1029.77;767.238;1797.01;;3072
13.2502;1029.77;773.024;1802.8;;3072
13.2602;1029.77;761.685;1791.46;;3072
13.2702;1029.77;768.675;1798.45;;3072
13.2802;1029.77;770.349;1800.12;;3072
13.2902;1029.77;775.619;1805.39;;3072
13.3002;1029.77;762.939;1792.71;;3072
13.3102;1029.77;768.305;1798.08;;3072
13.3202;1029.77;773.858;1803.63;;3072
13.3302;1029.77;773.111;1802.89;;3072
13.3402;1029.77;771.724;1801.5;;3072
13.3502;1029.77;762.534;1792.31;;3072
13.3602;1029.77;774.809;1804.58;;3072
13.3702;1029.77;771.139;1800.91;;3072
13.3802;1029.77;774.431;1804.21;;3072
13.3902;1029.77;759.367;1789.14;;3072
13.4002;1029.77;769.014;1798.79;;3072
13.4102;1029.77;769.279;1799.05;;3072
13.4202;1029.77;774.921;1804.7;;3072
13.4302;1029.77;760.318;1790.09;;3072
13.4402;1029.77;766.887;1796.66;;3072
13.4502;1029.77;774.544;1804.32;;3072
13.4602;1029.77;774.382;1804.16;;3072
13.4702;1029.77;777.255;1807.03;;3072
13.4802;1029.77;764.521;1794.3;;3072
13.4902;1029.77;776.931;1806.71;;3072
13.5002;1029.77;776.018;1805.79;;3072
13.5102;1029.77;776.914;1806.69;;3072
13.5202;1029.77;763.804;1793.58;;3072
13.5302;1029.77;770.044;1799.82;;3072
13.5402;1029.77;771.216;1800.99;;3072
13.5502;1029.77;774.019;1803.79;;3072
13.5602;1029.77;763.748;1793.52;;3072
13.5702;1029.77;765.038;1794.81;;3072
13.5802;1029.77;774.041;1803.82;;3072
13.5902;1029.77;766.438;1796.21;;3072
13.6002;1029.77;776.087;1805.86;;3072
13.6102;1029.77;763.269;1793.04;;3072
13.6202;1029.77;773.757;1803.53;;3072
13.6302;1029.77;771.456;1801.23;;3072
13.6402;1029.77;774.805;1804.58;;3072
13.6502;1029.77;763.456;1793.23;;3072
13.6602;1029.77;764.741;1794.52;;3072
13.6702;1029.77;772.415;1802.19;;3072
13.6802;1029.77;771.951;1801.73;;3072
13.6902;1029.77;764.926;1794.7;;3072
13.7002;1029.77;760.169;1789.94;;3072
13.7102;1029.77;772.513;1802.29;;3072
13.7202;1029.77;766.487;1796.26;;3072
13.7302;1029.77;775.124;1804.9;;3072
13.7402;1029.77;760.668;1790.44;;3072
13.7502;1029.77;769.498;1799.27;;3072
13.7602;1029.77;772.513;1802.29;;3072
13.7702;1029.77;777.165;1806.94;;3072
13.7802;1029.77;777.245;1807.02;;3072
13.7902;1029.77;764.613;1794.39;;3072
13.8002;1029.77;774.892;1804.67;;3072
13.8102;1029.77;778.482;1808.26;;3072
13.8202;1029.77;775.254;1805.03;;3072
13.8302;1029.77;762.227;1792;;3072
13.8402;1029.77;771.557;1801.33;;3072
13.8502;1029.77;770.227;1800;;3072
13.8602;1029.77;777.816;1807.59;;3072
13.8702;1029.77;762.671;1792.45;;3072
13.8802;1029.77;767.582;1797.36;;3072
13.8902;1029.77;775.716;1805.49;;3072
13.9002;1029.77;765.906;1795.68;;3072
13.9102;1029.77;774.341;1804.12;;3072
13.9202;1029.77;765.859;1795.63;;3072
13.9302;1029.77;776.378;1806.15;;3072
13.9402;1029.77;769.211;1798.99;;3072
13.9502;1029.77;774.936;1804.71;;3072
13.9602;1029.77;761.437;1791.21;;3072
13.9702;1029.77;767.206;1796.98;;3072
13.9802;1029.77;769.875;1799.65;;3072
13.9902;1029.77;773.588;1803.36;;3072
14.0002;1029.77;759.55;1789.33;;3072
14.0102;1029.77;762.796;1792.57;;3072
14.0202;1029.77;774.121;1803.9;;3072
14.0302;1029.77;766.688;1796.46;;3072
14.0402;1029.77;774.094;1803.87;;3072
14.0502;1029.77;762.135;1791.91;;3072
14.0602;1029.77;774.788;1804.56;;3072
14.0702;1029.77;771.103;1800.88;;3072
14.0802;1029.77;774.744;1804.52;;3072
14.0902;1029.77;766.394;1796.17;;3072
14.1002;1029.77;767.813;1797.59;;3072
14.1102;1029.77;770.348;1800.12;;3072
14.1202;1029.77;774.999;1804.77;;3072
14.1302;1029.77;766.019;1795.79;;3072
14.1402;1029.77;763.735;1793.51;;3072
14.1502;1029.77;775.66;1805.43;;3072
14.1602;1029.77;768.058;1797.83;;3072
14.1702;1029.77;775.699;1805.47;;3072
14.1802;1029.77;763.514;1793.29;;3072
14.1902;1029.77;775.018;1804.79;;3072
14.2002;1029.77;771.567;1801.34;;3072
14.2102;1029.77;777.739;1807.51;;3072
14.2202;1029.77;765.277;1795.05;;3072
14.2302;1029.77;769.805;1799.58;;3072
14.2402;1029.77;771.636;1801.41;;3072
14.2502;1029.77;775.333;1805.11;;3072
14.2602;1029.77;768.403;1798.18;;3072
14.2702;1029.77;761.349;1791.12;;3072
14.2802;1029.77;771.136;1800.91;;3072
14.2902;1029.77;765.854;1795.63;;3072
14.3002;1029.77;774.456;1804.23;;3072
14.3102;1029.77;761.294;1791.07;;3072
14.3202;1029.77;766.641;1796.42;;3072
14.3302;1029.77;771.917;1801.69;;3072
14.3402;1029.77;772.253;1802.03;;3072
14.3502;1029.77;769.803;1799.58;;3072
14.3602;1029.77;761.776;1791.55;;3072
14.3702;1029.77;774.375;1804.15;;3072
14.3802;1029.77;771.012;1800.79;;3072
14.3902;1029.77;774.507;1804.28;;3072
14.4002;1029.77;762.767;1792.54;;3072
14.4102;1029.77;767.343;1797.12;;3072
14.4202;1029.77;768.762;1798.54;;3072
14.4302;1029.77;774.215;1803.99;;3072
14.4402;1029.77;766.464;1796.24;;3072
14.4502;1029.77;762.917;1792.69;;3072
14.4602;1029.77;774.931;1804.71;;3072
14.4702;1029.77;768.535;1798.31;;3072
14.4802;1029.77;778.052;1807.83;;3072
14.4902;1029.77;763.276;1793.05;;3072
14.5002;1029.77;771.306;1801.08;;3072
14.5102;1029.77;773.87;1803.64;;3072
14.5202;1029.77;768.143;1797.92;;3072
14.5302;1029.77;773.267;1803.04;;3072
14.5402;1029.77;762.861;1792.64;;3072
14.5502;1029.77;775.368;1805.14;;3072
14.5602;1029.77;767.311;1797.09;;3072
14.5702;1029.77;773.328;1803.1;;3072
14.5802;1029.77;759.604;1789.38;;3072
14.5902;1029.77;762.931;1792.71;;3072
14.6002;1029.77;771.844;1801.62;;3072
14.6102;1029.77;768.279;1798.05;;3072
14.6202;1029.77;761.514;1791.29;;3072
14.6302;1029.77;761.033;1790.81;;3072
14.6402;1029.77;771.817;1801.59;;3072
14.6502;1029.77;768.345;1798.12;;3072
14.6602;1029.77;774.294;1804.07;;3072
14.6702;1029.77;763.84;1793.61;;3072
14.6802;1029.77;768.082;1797.86;;3072
14.6902;1029.77;772.327;1802.1;;3072
14.7002;1029.77;778.9;1808.67;;3072
14.7102;1029.77;774.672;1804.45;;3072
14.7202;1029.77;761.551;1791.33;;3072
14.7302;1029.77;772.796;1802.57;;3072
14.7402;1029.77;768.873;1798.65;;3072
14.7502;1029.77;776.197;1805.97;;3072
14.7602;1029.77;762.54;1792.31;;3072
14.7702;1029.77;761.535;1791.31;;3072
14.7802;1029.77;771.061;1800.84;;3072
14.7902;1029.77;764.931;1794.71;;3072
14.8002;1029.77;773.756;1803.53;;3072
14.8102;1029.77;760.494;1790.27;;3072
14.8202;1029.77;765.876;1795.65;;3072
14.8302;1029.77;771.325;1801.1;;3072
14.8402;1029.77;771.052;1800.83;;3072
14.8502;1029.77;770.755;1800.53;;3072
14.8602;1029.77;760.529;1790.3;;3072
14.8702;1029.77;773.511;1803.29;;3072
14.8802;1029.77;769.109;1798.88;;3072
14.8902;1029.77;773.394;1803.17;;3072
14.9002;1029.77;770.093;1799.87;;3072
14.9102;1029.77;762.863;1792.64;;3072
14.9202;1029.77;770.864;1800.64;;3072
14.9302;1029.77;771.805;1801.58;;3072
14.9402;1029.77;772.203;1801.98;;3072
14.9502;1029.77;760.423;1790.2;;3072
14.9602;1029.77;769.512;1799.29;;3072
14.9702;1029.77;769.084;1798.86;;3072
14.9802;1029.77;772.693;1802.47;;3072
14.9902;1029.77;763.74;1793.51;;3072
