0;1039.46;-9.7284;1029.73;;4096
0.01;1039.46;-9.61891;1029.84;;4096
0.02;1039.46;-9.58399;1029.87;;4096
0.03;1039.46;2.73803;1042.2;;4096
0.04;1039.46;19.3463;1058.8;;4096
0.05;1039.46;43.0361;1082.49;;4096
0.06;1039.46;77.5803;1117.04;;4096
0.07;1039.46;112.324;1151.78;;4096
0.08;1039.46;128.98;1168.44;;4096
0.09;1039.46;166.362;1205.82;;4096
0.1;1039.46;184.694;1224.15;;4096
0.11;1039.46;217.015;1256.47;;4096
0.12;1039.46;221.849;1261.31;;4096
0.13;1039.46;275.937;1315.4;;4096
0.14;1039.46;266.72;1306.18;;4096
0.15;1039.46;306.456;1345.91;;4096
0.16;1039.46;333.193;1372.65;;4096
0.17;1039.46;322.773;1362.23;;4096
0.18;1039.46;357.492;1396.95;;4096
0.19;1039.46;392.156;1431.62;;4096
0.2;1039.46;384.032;1423.49;;4096
0.21;1039.46;386.632;1426.09;;4096
0.22;1039.46;414.438;1453.9;;4096
0.23;1039.46;451.537;1491;;4096
0.24;1039.46;460.613;1500.07;;4096
0.25;1039.46;452.249;1491.71;;4096
0.26;1039.46;459.15;1498.61;;4096
0.27;1039.46;479.771;1519.23;;4096
0.28;1039.46;509.876;1549.33;;4096
0.29;1039.46;528.19;1567.65;;4096
0.3;1039.46;531.142;1570.6;;4096
0.31;1039.46;517.854;1557.31;;4096
0.32;1039.46;527.481;1566.94;;4096
0.33;1039.46;550.333;1589.79;;4096
0.34;1039.46;586.519;1625.98;;4096
0.35;1039.46;589.928;1629.39;;4096
0.36;1039.46;574.895;1614.35;;4096
0.37;1039.46;575.45;1614.91;;4096
0.38;1039.46;591.826;1631.28;;4096
0.39;1039.46;616;1655.46;;4096
0.4;1039.46;633.363;1672.82;;4096
0.41;1039.46;635.547;1675.01;;4096
0.42;1039.46;619.864;1659.32;;4096
0.43;1039.46;626.628;1666.09;;4096
0.44;1039.46;643.389;1682.85;;4096
0.45;1039.46;660.976;1700.43;;4096
0.46;1039.46;678.333;1717.79;;4096
0.47;1039.46;670.176;1709.63;;4096
0.48;1039.46;653.768;1693.23;;4096
0.49;1039.46;671.683;1711.14;;4096
0.5;1039.46;701.267;1740.73;;4096
0.51;1039.46;707.23;1746.69;;4096
0.52;1039.46;687.025;1726.48;;4096
0.53;1039.46;688.26;1727.72;;4096
0.54;1039.46;708.182;1747.64;;4096
0.55;1039.46;730.381;1769.84;;4096
0.56;1039.46;727.9;1767.36;;4096
0.57;1039.46;707.658;1747.12;;4096
0.58;1039.46;719.747;1759.21;;4096
0.59;1039.46;738.288;1777.75;;4096
0.6;1039.46;752.156;1791.61;;4096
0.61;1039.46;742.603;1782.06;;4096
0.62;1039.46;729.909;1769.37;;4096
0.63;1039.46;751.279;1790.74;;4096
0.64;1039.46;776.586;1816.04;;4096
0.65;1039.46;763.324;1802.78;;4096
0.66;1039.46;746.675;1786.13;;4096
0.67;1039.46;765.573;1805.03;;4096
0.68;1039.46;787.037;1826.5;;4096
0.69;1039.46;782.68;1822.14;;4096
0.7;1039.46;762.168;1801.63;;4096
0.71;1039.46;776.401;1815.86;;4096
0.72;1039.46;791.625;1831.08;;4096
0.73;1039.46;801.787;1841.25;;4096
0.74;1039.46;782.876;1822.33;;4096
0.75;1039.46;784.047;1823.51;;4096
0.76;1039.46;806.24;1845.7;;4096
0.77;1039.46;813.057;1852.52;;4096
0.78;1039.46;786.405;1825.86;;4096
0.79;1039.46;801.003;1840.46;;4096
0.8;1039.46;823.107;1862.57;;4096
0.81;1039.46;819.715;1859.17;;4096
0.82;1039.46;799.986;1839.44;;4096
0.83;1039.46;818.345;1857.8;;4096
0.839999;1039.46;832.473;1871.93;;4096
0.849999;1039.46;822.383;1861.84;;4096
0.859999;1039.46;810.647;1850.11;;4096
0.869999;1039.46;832.961;1872.42;;4096
0.879999;1039.46;840.751;1880.21;;4096
0.889999;1039.46;814.335;1853.79;;4096
0.899999;1039.46;834.812;1874.27;;4096
0.909999;1039.46;854.615;1894.07;;4096
0.919999;1039.46;830.488;1869.95;;4096
0.929999;1039.46;832.878;1872.34;;4096
0.939999;1039.46;850.033;1889.49;;4096
0.949999;1039.46;849.561;1889.02;;4096
0.959999;1039.46;829.531;1868.99;;4096
0.969999;1039.46;851.709;1891.17;;4096
0.979999;1039.46;858.881;1898.34;;4096
0.989999;1039.46;834.343;1873.8;;4096
0.999999;1039.46;856.283;1895.74;;4096
1.01;1039.46;864.692;1904.15;;4096
1.02;1039.46;839.551;1879.01;;4096
1.03;1039.46;858.376;1897.83;;4096
1.04;1039.46;872.614;1912.07;;4096
1.05;1039.46;850.029;1889.49;;4096
1.06;1039.46;859.219;1898.68;;4096
1.07;1039.46;883.032;1922.49;;4096
1.08;1039.46;848.456;1887.91;;4096
1.09;1039.46;864.29;1903.75;;4096
1.1;1039.46;883.726;1923.18;;4096
1.11;1039.46;853.539;1893;;4096
1.12;1039.46;868.065;1907.52;;4096
1.13;1039.46;883.484;1922.94;;4096
1.14;1039.46;860.98;1900.44;;4096
1.15;1039.46;870.994;1910.45;;4096
1.16;1039.46;889.042;1928.5;;4096
1.17;1039.46;856.015;1895.47;;4096
1.18;1039.46;878.13;1917.59;;4096
1.19;1039.46;883.255;1922.71;;4096
1.2;1039.46;861.63;1901.09;;4096
1.21;1039.46;881.75;1921.21;;4096
1.22;1039.46;883.149;1922.61;;4096
1.23;1039.46;863.254;1902.71;;4096
1.24;1039.46;891.607;1931.07;;4096
1.25;1039.46;877.044;1916.5;;4096
1.26;1039.46;874.107;1913.57;;4096
1.27;1039.46;nan;nan;;4096
1.28;1039.46;886.003;1925.46;;4096
1.29;1039.46;871.88;1911.34;;4096
1.3;1039.46;891.782;1931.24;;4096
1.31;1039.46;881.562;1921.02;;4096
1.32;1039.46;878.2;1917.66;;4096
1.33;1039.46;nan;nan;;4096
1.34;1039.46;885.693;1925.15;;4096
1.35;1039.46;878.804;1918.26;;4096
1.36;1039.46;nan;nan;;4096
1.37;1039.46;890.843;1930.3;;4096
1.38;1039.46;877.228;1916.69;;4096
1.39;1039.46;897.921;1937.38;;4096
1.4;1039.46;884.36;1923.82;;4096
1.41;1039.46;886.539;1926;;4096
1.42;1039.46;nan;nan;;4096
1.43;1039.46;883.447;1922.91;;4096
1.44;1039.46;887.681;1927.14;;4096
1.45;1039.46;nan;nan;;4096
1.46;1039.46;887.766;1927.22;;4096
1.47;1039.46;886.646;1926.1;;4096
1.48;1039.46;nan;nan;;4096
1.49;1039.46;893.245;1932.7;;4096
1.5;1039.46;882.794;1922.25;;4096
1.51;1039.46;nan;nan;;4096
1.52;1039.46;893.778;1933.24;;4096
1.53;1039.46;886.606;1926.06;;4096
1.54;1039.46;nan;nan;;4096
1.55;1039.46;893.655;1933.11;;4096
1.56;1039.46;887.674;1927.13;;4096
1.57;1039.46;nan;nan;;4096
1.58;1039.46;896.119;1935.58;;4096
1.59;1039.46;884.908;1924.37;;4096
1.6;1039.46;nan;nan;;4096
1.61;1039.46;896.652;1936.11;;4096
1.62;1039.46;888.23;1927.69;;4096
1.63;1039.46;nan;nan;;4096
1.64;1039.46;897.679;1937.14;;4096
1.65;1039.46;888.396;1927.85;;4096
1.66;1039.46;nan;nan;;4096
1.67;1039.46;nan;nan;;4096
1.68;1039.46;885.273;1924.73;;4096
1.69;1039.46;899.323;1938.78;;4096
1.7;1039.46;nan;nan;;4096
1.71;1039.46;880.049;1919.51;;4096
1.72;1039.46;nan;nan;;4096
1.73;1039.46;nan;nan;;4096
1.74;1039.46;895.061;1934.52;;4096
1.75;1039.46;893.635;1933.09;;4096
1.76;1039.46;nan;nan;;4096
1.77;1039.46;896.825;1936.28;;4096
1.78;1039.46;893.726;1933.18;;4096
1.79;1039.46;nan;nan;;4096
1.8;1039.46;891.598;1931.06;;4096
1.81;1039.46;897.973;1937.43;;4096
1.82;1039.46;nan;nan;;4096
1.83;1039.46;888.254;1927.71;;4096
1.84;1039.46;nan;nan;;4096
1.85;1039.46;nan;nan;;4096
1.86;1039.46;nan;nan;;4096
1.87;1039.46;886.016;1925.47;;4096
1.88;1039.46;nan;nan;;4096
1.89;1039.46;nan;nan;;4096
1.9;1039.46;890.763;1930.22;;4096
1.91;1039.46;nan;nan;;4096
1.92;1039.46;nan;nan;;4096
1.93;1039.46;nan;nan;;4096
1.94;1039.46;884.231;1923.69;;4096
1.95;1039.46;nan;nan;;4096
1.96;1039.46;nan;nan;;4096
1.97;1039.46;898.057;1937.52;;4096
1.98;1039.46;896.179;1935.64;;4096
1.99;1039.46;nan;nan;;4096
2;1039.46;893.489;1932.95;;4096
2.01;1039.46;899.345;1938.8;;4096
2.02;1039.46;nan;nan;;4096
2.03;1039.46;894.119;1933.58;;4096
2.04;1039.46;898.975;1938.43;;4096
2.05;1039.46;nan;nan;;4096
2.06;1039.46;897.662;1937.12;;4096
2.07;1039.46;897.796;1937.25;;4096
2.08;1039.46;nan;nan;;4096
2.09;1039.46;891.596;1931.05;;4096
2.1;1039.46;nan;nan;;4096
2.11;1039.46;nan;nan;;4096
2.12;1039.46;nan;nan;;4096
2.13;1039.46;885.054;1924.51;;4096
2.14;1039.46;nan;nan;;4096
2.15;1039.46;nan;nan;;4096
2.16;1039.46;898.551;1938.01;;4096
2.17;1039.46;898.491;1937.95;;4096
2.18;1039.46;nan;nan;;4096
2.19;1039.46;888.681;1928.14;;4096
2.2;1039.46;nan;nan;;4096
2.21;1039.46;nan;nan;;4096
2.22;1039.46;nan;nan;;4096
2.23;1039.46;886.148;1925.61;;4096
2.24;1039.46;nan;nan;;4096
2.25;1039.46;nan;nan;;4096
2.26;1039.46;892.733;1932.19;;4096
2.27;1039.46;nan;nan;;4096
2.28;1039.46;nan;nan;;4096
2.29;1039.46;896.95;1936.41;;4096
2.3;1039.46;899.574;1939.03;;4096
2.31;1039.46;nan;nan;;4096
2.32;1039.46;890.362;1929.82;;4096
2.33;1039.46;nan;nan;;4096
2.34;1039.46;nan;nan;;4096
2.35;1039.46;nan;nan;;4096
2.36;1039.46;886.346;1925.8;;4096
2.37;1039.46;nan;nan;;4096
2.38;1039.46;nan;nan;;4096
2.39;1039.46;888.154;1927.61;;4096
2.4;1039.46;nan;nan;;4096
2.41;1039.46;nan;nan;;4096
2.42;1039.46;nan;nan;;4096
2.43;1039.46;886.791;1926.25;;4096
2.44;1039.46;nan;nan;;4096
2.45;1039.46;nan;nan;;4096
2.46;1039.46;891.531;1930.99;;4096
2.47;1039.46;nan;nan;;4096
2.48;1039.46;nan;nan;;4096
2.49;1039.46;895.63;1935.09;;4096
2.5;1039.46;nan;nan;;4096
2.51;1039.46;nan;nan;;4096
2.52;1039.46;nan;nan;;4096
2.53;1039.46;885.548;1925.01;;4096
2.54;1039.46;nan;nan;;4096
2.55;1039.46;nan;nan;;4096
2.56;1039.46;897.755;1937.21;;4096
2.57;1039.46;nan;nan;;4096
2.58;1039.46;nan;nan;;4096
2.59;1039.46;nan;nan;;4096
2.6;1039.46;883.959;1923.42;;4096
2.61;1039.46;nan;nan;;4096
2.62;1039.46;nan;nan;;4096
2.63;1039.46;890.82;1930.28;;4096
2.64;1039.46;nan;nan;;4096
2.65;1039.46;nan;nan;;4096
2.66;1039.46;nan;nan;;4096
2.67;1039.46;885.611;1925.07;;4096
2.68;1039.46;nan;nan;;4096
2.69;1039.46;nan;nan;;4096
2.7;1039.46;887.28;1926.74;;4096
2.71;1039.46;nan;nan;;4096
2.72;1039.46;nan;nan;;4096
2.73;1039.46;nan;nan;;4096
2.74;1039.46;886.878;1926.34;;4096
2.75;1039.46;nan;nan;;4096
2.76;1039.46;nan;nan;;4096
2.77;1039.46;892.66;1932.12;;4096
2.78;1039.46;nan;nan;;4096
2.79;1039.46;nan;nan;;4096
2.8;1039.46;899.065;1938.52;;4096
2.81;1039.46;897.733;1937.19;;4096
2.82;1039.46;nan;nan;;4096
2.83;1039.46;893.666;1933.12;;4096
2.84;1039.46;nan;nan;;4096
2.85;1039.46;nan;nan;;4096
2.86;1039.46;nan;nan;;4096
2.87;1039.46;889.196;1928.65;;4096
2.88;1039.46;nan;nan;;4096
2.89;1039.46;nan;nan;;4096
2.9;1039.46;893.404;1932.86;;4096
2.91;1039.46;nan;nan;;4096
2.92;1039.46;nan;nan;;4096
2.93;1039.46;nan;nan;;4096
2.94;1039.46;885.11;1924.57;;4096
2.95;1039.46;nan;nan;;4096
2.96;1039.46;nan;nan;;4096
2.97;1039.46;896.966;1936.42;;4096
2.98;1039.46;nan;nan;;4096
2.99;1039.46;nan;nan;;4096
3;1039.46;nan;nan;;4096
3.01;1039.46;883.118;1922.58;;4096
3.02;1039.46;nan;nan;;4096
3.03;1039.46;nan;nan;;4096
3.04;1039.46;890.142;1929.6;;4096
3.05;1039.46;nan;nan;;4096
3.06;1039.46;nan;nan;;4096
3.07;1039.46;nan;nan;;4096
3.08;1039.46;885.791;1925.25;;4096
3.09;1039.46;nan;nan;;4096
3.1;1039.46;nan;nan;;4096
3.11;1039.46;887.031;1926.49;;4096
3.12;1039.46;nan;nan;;4096
3.13;1039.46;nan;nan;;4096
3.14;1039.46;899.433;1938.89;;4096
3.15;1039.46;895.874;1935.33;;4096
3.16;1039.46;nan;nan;;4096
3.17;1039.46;897.861;1937.32;;4096
3.18;1039.46;898.183;1937.64;;4096
3.19;1039.46;nan;nan;;4096
3.2;1039.46;887.283;1926.74;;4096
3.21;1039.46;nan;nan;;4096
3.22;1039.46;nan;nan;;4096
3.23;1039.46;897.694;1937.15;;4096
3.24;1039.46;897.02;1936.48;;4096
3.25;1039.46;nan;nan;;4096
3.26;1039.46;896.203;1935.66;;4096
3.27;1039.46;nan;nan;;4096
3.28;1039.46;nan;nan;;4096
3.29;1039.46;nan;nan;;4096
3.3;1039.46;883.069;1922.53;;4096
3.31;1039.46;nan;nan;;4096
3.32;1039.46;nan;nan;;4096
3.33;1039.46;888.231;1927.69;;4096
3.34;1039.46;nan;nan;;4096
3.35;1039.46;nan;nan;;4096
3.36;1039.46;nan;nan;;4096
3.37;1039.46;884.708;1924.17;;4096
3.38;1039.46;nan;nan;;4096
3.39;1039.46;nan;nan;;4096
3.4;1039.46;889.524;1928.98;;4096
3.41;1039.46;nan;nan;;4096
3.42;1039.46;nan;nan;;4096
3.43;1039.46;nan;nan;;4096
3.44;1039.46;884.123;1923.58;;4096
3.45;1039.46;nan;nan;;4096
3.46;1039.46;nan;nan;;4096
3.47;1039.46;nan;nan;;4096
3.48;1039.46;883.578;1923.04;;4096
3.49;1039.46;nan;nan;;4096
3.5;1039.46;nan;nan;;4096
3.51;1039.46;887.007;1926.47;;4096
3.52;1039.46;nan;nan;;4096
3.53;1039.46;nan;nan;;4096
3.54;1039.46;nan;nan;;4096
3.55;1039.46;884.153;1923.61;;4096
3.56;1039.46;nan;nan;;4096
3.57;1039.46;nan;nan;;4096
3.58;1039.46;891.163;1930.62;;4096
3.59;1039.46;nan;nan;;4096
3.6;1039.46;nan;nan;;4096
3.61;1039.46;896.15;1935.61;;4096
3.62;1039.46;896.812;1936.27;;4096
3.63;1039.46;nan;nan;;4096
3.64;1039.46;890.141;1929.6;;4096
3.65;1039.46;nan;nan;;4096
3.66;1039.46;nan;nan;;4096
3.67;1039.46;nan;nan;;4096
3.68;1039.46;883.524;1922.98;;4096
3.69;1039.46;nan;nan;;4096
3.7;1039.46;nan;nan;;4096
3.71;1039.46;885.48;1924.94;;4096
3.72;1039.46;nan;nan;;4096
3.73;1039.46;nan;nan;;4096
3.74;1039.46;898.068;1937.53;;4096
3.75;1039.46;895.036;1934.49;;4096
3.76;1039.46;nan;nan;;4096
3.77;1039.46;895.842;1935.3;;4096
3.78;1039.46;897.678;1937.14;;4096
3.79;1039.46;nan;nan;;4096
3.8;1039.46;885.045;1924.5;;4096
3.81;1039.46;nan;nan;;4096
3.82;1039.46;nan;nan;;4096
3.83;1039.46;897.534;1936.99;;4096
3.84;1039.46;894.682;1934.14;;4096
3.85;1039.46;nan;nan;;4096
3.86;1039.46;896.152;1935.61;;4096
3.87;1039.46;897.319;1936.78;;4096
3.88;1039.46;nan;nan;;4096
3.89;1039.46;886.151;1925.61;;4096
3.9;1039.46;nan;nan;;4096
3.91;1039.46;nan;nan;;4096
3.92;1039.46;nan;nan;;4096
3.93;1039.46;883.173;1922.63;;4096
3.94;1039.46;nan;nan;;4096
3.95;1039.46;nan;nan;;4096
3.96;1039.46;893.075;1932.53;;4096
3.97;1039.46;899.161;1938.62;;4096
3.98;1039.46;nan;nan;;4096
3.99;1039.46;882.763;1922.22;;4096
4;1039.46;nan;nan;;4096
4.01;1039.46;nan;nan;;4096
4.02;1039.46;896.349;1935.81;;4096
4.03;1039.46;894.252;1933.71;;4096
4.04;1039.46;nan;nan;;4096
4.05;1039.46;896.41;1935.87;;4096
4.06;1039.46;895.393;1934.85;;4096
4.07;1039.46;nan;nan;;4096
4.08;1039.46;888.862;1928.32;;4096
4.09;1039.46;899.025;1938.48;;4096
4.1;1039.46;nan;nan;;4096
4.11;1039.46;887.021;1926.48;;4096
4.12;1039.46;899.477;1938.94;;4096
4.13;1039.46;nan;nan;;4096
4.14;1039.46;890.606;1930.06;;4096
4.15;1039.46;899.211;1938.67;;4096
4.16;1039.46;nan;nan;;4096
4.17;1039.46;882.003;1921.46;;4096
4.18;1039.46;nan;nan;;4096
4.19;1039.46;nan;nan;;4096
4.2;1039.46;896.825;1936.28;;4096
4.21;1039.46;892.915;1932.37;;4096
4.22;1039.46;nan;nan;;4096
4.23;1039.46;897.677;1937.14;;4096
4.24;1039.46;891.027;1930.49;;4096
4.25;1039.46;nan;nan;;4096
4.26;1039.46;896.477;1935.94;;4096
4.27;1039.46;892.074;1931.53;;4096
4.28;1039.46;nan;nan;;4096
4.29;1039.46;897.004;1936.46;;4096
4.3;1039.46;891.654;1931.11;;4096
4.31;1039.46;nan;nan;;4096
4.32;1039.46;898.9;1938.36;;4096
4.33;1039.46;887.795;1927.25;;4096
4.34;1039.46;nan;nan;;4096
4.35;1039.46;899.074;1938.53;;4096
4.36;1039.46;889.265;1928.72;;4096
4.37001;1039.46;nan;nan;;4096
4.38001;1039.46;899.228;1938.69;;4096
4.39001;1039.46;888.978;1928.44;;4096
4.40001;1039.46;nan;nan;;4096
4.41001;1039.46;nan;nan;;4096
4.42001;1039.46;883.401;1922.86;;4096
4.43001;1039.46;nan;nan;;4096
4.44001;1039.46;nan;nan;;4096
4.45001;1039.46;893.22;1932.68;;4096
4.46001;1039.46;893.947;1933.41;;4096
4.47001;1039.46;nan;nan;;4096
4.48001;1039.46;893.299;1932.76;;4096
4.49001;1039.46;893.32;1932.78;;4096
4.50001;1039.46;nan;nan;;4096
4.51001;1039.46;895.98;1935.44;;4096
4.52001;1039.46;891.734;1931.19;;4096
4.53001;1039.46;nan;nan;;4096
4.54001;1039.46;893.085;1932.54;;4096
4.55001;1039.46;893.521;1932.98;;4096
4.56001;1039.46;nan;nan;;4096
4.57001;1039.46;893.354;1932.81;;4096
4.58001;1039.46;893.29;1932.75;;4096
4.59001;1039.46;nan;nan;;4096
4.60001;1039.46;895.304;1934.76;;4096
4.61001;1039.46;891.444;1930.9;;4096
4.62001;1039.46;nan;nan;;4096
4.63001;1039.46;893.672;1933.13;;4096
4.64001;1039.46;892.504;1931.96;;4096
4.65001;1039.46;nan;nan;;4096
4.66001;1039.46;894.73;1934.19;;4096
4.67001;1039.46;891.404;1930.86;;4096
4.68001;1039.46;nan;nan;;4096
4.69001;1039.46;897.275;1936.73;;4096
4.70001;1039.46;888.487;1927.95;;4096
4.71001;1039.46;nan;nan;;4096
4.72001;1039.46;895.979;1935.44;;4096
4.73001;1039.46;890.768;1930.23;;4096
4.74001;1039.46;nan;nan;;4096
4.75001;1039.46;895.335;1934.79;;4096
4.76001;1039.46;890.78;1930.24;;4096
4.77001;1039.46;nan;nan;;4096
4.78001;1039.46;896.107;1935.57;;4096
4.79001;1039.46;889.995;1929.45;;4096
4.80001;1039.46;nan;nan;;4096
4.81002;1039.46;893.074;1932.53;;4096
4.82002;1039.46;892.875;1932.33;;4096
4.83002;1039.46;nan;nan;;4096
4.84002;1039.46;891.332;1930.79;;4096
4.85002;1039.46;894.581;1934.04;;4096
4.86002;1039.46;nan;nan;;4096
4.87002;1039.46;892.992;1932.45;;4096
4.88002;1039.46;894.961;1934.42;;4096
4.89002;1039.46;nan;nan;;4096
4.90002;1039.46;884.9;1924.36;;4096
4.91002;1039.46;898.036;1937.49;;4096
4.92002;1039.46;nan;nan;;4096
4.93002;1039.46;882.823;1922.28;;4096
4.94002;1039.46;898.734;1938.19;;4096
4.95002;1039.46;nan;nan;;4096
4.96002;1039.46;885.574;1925.03;;4096
4.97002;1039.46;898.47;1937.93;;4096
4.98002;1039.46;nan;nan;;4096
4.99002;1039.46;878.83;1918.29;;4096
5.00002;1039.46;nan;nan;;4096
5.01002;1039.46;nan;nan;;4096
5.02002;1039.46;888.341;1927.8;;4096
5.03002;1039.46;896.134;1935.59;;4096
5.04002;1039.46;nan;nan;;4096
5.05002;1039.46;889.597;1929.06;;4096
5.06002;1039.46;897.056;1936.51;;4096
5.07002;1039.46;nan;nan;;4096
5.08002;1039.46;880.195;1919.65;;4096
5.09002;1039.46;nan;nan;;4096
5.10002;1039.46;nan;nan;;4096
5.11002;1039.46;894.411;1933.87;;4096
5.12002;1039.46;892.338;1931.8;;4096
5.13002;1039.46;nan;nan;;4096
5.14002;1039.46;894.315;1933.77;;4096
5.15002;1039.46;893.403;1932.86;;4096
5.16002;1039.46;nan;nan;;4096
5.17002;1039.46;885.618;1925.08;;4096
5.18002;1039.46;897.427;1936.89;;4096
5.19002;1039.46;nan;nan;;4096
5.20002;1039.46;883.107;1922.57;;4096
5.21002;1039.46;898.396;1937.85;;4096
5.22002;1039.46;nan;nan;;4096
5.23002;1039.46;885.514;1924.97;;4096
5.24003;1039.46;898.269;1937.73;;4096
5.25003;1039.46;899.086;1938.54;;4096
5.26003;1039.46;888.299;1927.76;;4096
5.27003;1039.46;nan;nan;;4096
5.28003;1039.46;894.738;1934.2;;4096
5.29003;1039.46;892.254;1931.71;;4096
5.30003;1039.46;nan;nan;;4096
5.31003;1039.46;893.629;1933.09;;4096
5.32003;1039.46;894.12;1933.58;;4096
5.33003;1039.46;nan;nan;;4096
5.34003;1039.46;884.483;1923.94;;4096
5.35003;1039.46;898.14;1937.6;;4096
5.36003;1039.46;nan;nan;;4096
5.37003;1039.46;882.099;1921.56;;4096
5.38003;1039.46;898.937;1938.4;;4096
5.39003;1039.46;nan;nan;;4096
5.40003;1039.46;883.1;1922.56;;4096
5.41003;1039.46;899.491;1938.95;;4096
5.42003;1039.46;896.919;1936.38;;4096
5.43003;1039.46;889.431;1928.89;;4096
5.44003;1039.46;nan;nan;;4096
5.45003;1039.46;893.045;1932.5;;4096
5.46003;1039.46;892.797;1932.26;;4096
5.47003;1039.46;nan;nan;;4096
5.48003;1039.46;893.486;1932.94;;4096
5.49003;1039.46;894.307;1933.77;;4096
5.50003;1039.46;nan;nan;;4096
5.51003;1039.46;884.957;1924.42;;4096
5.52003;1039.46;897.417;1936.88;;4096
5.53003;1039.46;nan;nan;;4096
5.54003;1039.46;884.733;1924.19;;4096
5.55003;1039.46;897.308;1936.77;;4096
5.56003;1039.46;nan;nan;;4096
5.57003;1039.46;889.052;1928.51;;4096
5.58003;1039.46;896.095;1935.55;;4096
5.59003;1039.46;nan;nan;;4096
5.60003;1039.46;882.563;1922.02;;4096
5.61003;1039.46;897.937;1937.4;;4096
5.62003;1039.46;nan;nan;;4096
5.63003;1039.46;883.556;1923.01;;4096
5.64003;1039.46;897.55;1937.01;;4096
5.65003;1039.46;nan;nan;;4096
5.66003;1039.46;888.371;1927.83;;4096
5.67003;1039.46;896.427;1935.89;;4096
5.68004;1039.46;nan;nan;;4096
5.69004;1039.46;882.249;1921.71;;4096
5.70004;1039.46;897.257;1936.72;;4096
5.71004;1039.46;nan;nan;;4096
5.72004;1039.46;883.187;1922.65;;4096
5.73004;1039.46;897.378;1936.84;;4096
5.74004;1039.46;nan;nan;;4096
5.75004;1039.46;886.836;1926.3;;4096
5.76004;1039.46;897.109;1936.57;;4096
5.77004;1039.46;nan;nan;;4096
5.78004;1039.46;878.622;1918.08;;4096
5.79004;1039.46;899.482;1938.94;;4096
5.80004;1039.46;898.391;1937.85;;4096
5.81004;1039.46;886.366;1925.82;;4096
5.82004;1039.46;nan;nan;;4096
5.83004;1039.46;897.355;1936.81;;4096
5.84004;1039.46;886.596;1926.06;;4096
5.85004;1039.46;nan;nan;;4096
5.86004;1039.46;892.412;1931.87;;4096
5.87004;1039.46;892.304;1931.76;;4096
5.88004;1039.46;nan;nan;;4096
5.89004;1039.46;887.791;1927.25;;4096
5.90004;1039.46;895.553;1935.01;;4096
5.91004;1039.46;nan;nan;;4096
5.92004;1039.46;888.191;1927.65;;4096
5.93004;1039.46;896.359;1935.82;;4096
5.94004;1039.46;nan;nan;;4096
5.95004;1039.46;878.516;1917.97;;4096
5.96004;1039.46;nan;nan;;4096
5.97004;1039.46;nan;nan;;4096
5.98004;1039.46;890.488;1929.95;;4096
5.99004;1039.46;892.642;1932.1;;4096
6.00004;1039.46;nan;nan;;4096
6.01004;1039.46;891.42;1930.88;;4096
6.02004;1039.46;894.773;1934.23;;4096
6.03004;1039.46;nan;nan;;4096
6.04004;1039.46;881.468;1920.93;;4096
6.05004;1039.46;898.324;1937.78;;4096
6.06004;1039.46;nan;nan;;4096
6.07004;1039.46;879.893;1919.35;;4096
6.08004;1039.46;898.662;1938.12;;4096
6.09004;1039.46;898.303;1937.76;;4096
6.10004;1039.46;885.612;1925.07;;4096
6.11004;1039.46;nan;nan;;4096
6.12005;1039.46;892.954;1932.41;;4096
6.13005;1039.46;891.54;1931;;4096
6.14005;1039.46;nan;nan;;4096
6.15005;1039.46;889.11;1928.57;;4096
6.16005;1039.46;894.607;1934.07;;4096
6.17005;1039.46;nan;nan;;4096
6.18005;1039.46;889.605;1929.06;;4096
6.19005;1039.46;895.536;1934.99;;4096
6.20005;1039.46;nan;nan;;4096
6.21005;1039.46;878.961;1918.42;;4096
6.22005;1039.46;899.113;1938.57;;4096
6.23005;1039.46;898.447;1937.91;;4096
6.24005;1039.46;886.118;1925.58;;4096
6.25005;1039.46;nan;nan;;4096
6.26005;1039.46;896.477;1935.94;;4096
6.27005;1039.46;887.642;1927.1;;4096
6.28005;1039.46;nan;nan;;4096
6.29005;1039.46;891.802;1931.26;;4096
6.30005;1039.46;892.711;1932.17;;4096
6.31005;1039.46;nan;nan;;4096
6.32005;1039.46;887.564;1927.02;;4096
6.33005;1039.46;894.867;1934.33;;4096
6.34005;1039.46;nan;nan;;4096
6.35005;1039.46;888.835;1928.29;;4096
6.36005;1039.46;896.2;1935.66;;4096
6.37005;1039.46;nan;nan;;4096
6.38005;1039.46;878.666;1918.13;;4096
6.39005;1039.46;899.36;1938.82;;4096
6.40005;1039.46;898.385;1937.84;;4096
6.41005;1039.46;886.064;1925.52;;4096
6.42005;1039.46;nan;nan;;4096
6.43005;1039.46;896.749;1936.21;;4096
6.44005;1039.46;887.236;1926.69;;4096
6.45005;1039.46;nan;nan;;4096
6.46005;1039.46;891.864;1931.32;;4096
6.47005;1039.46;891.763;1931.22;;4096
6.48005;1039.46;nan;nan;;4096
6.49005;1039.46;888.438;1927.9;;4096
6.50005;1039.46;893.751;1933.21;;4096
6.51005;1039.46;nan;nan;;4096
6.52005;1039.46;889.955;1929.41;;4096
6.53005;1039.46;895.008;1934.47;;4096
6.54005;1039.46;nan;nan;;4096
6.55006;1039.46;879.428;1918.89;;4096
6.56006;1039.46;898.338;1937.8;;4096
6.57006;1039.46;898.98;1938.44;;4096
6.58006;1039.46;885.041;1924.5;;4096
6.59006;1039.46;nan;nan;;4096
6.60006;1039.46;897.34;1936.8;;4096
6.61006;1039.46;885.411;1924.87;;4096
6.62006;1039.46;nan;nan;;4096
6.63006;1039.46;891.985;1931.44;;4096
6.64006;1039.46;891.91;1931.37;;4096
6.65006;1039.46;nan;nan;;4096
6.66006;1039.46;887.93;1927.39;;4096
6.67006;1039.46;894.298;1933.76;;4096
6.68006;1039.46;nan;nan;;4096
6.69006;1039.46;888.198;1927.66;;4096
6.70006;1039.46;895.75;1935.21;;4096
6.71006;1039.46;nan;nan;;4096
6.72006;1039.46;877.933;1917.39;;4096
6.73006;1039.46;899.334;1938.79;;4096
6.74006;1039.46;896.541;1936;;4096
6.75006;1039.46;887.581;1927.04;;4096
6.76006;1039.46;nan;nan;;4096
6.77006;1039.46;894.447;1933.91;;4096
6.78006;1039.46;889.426;1928.89;;4096
6.79006;1039.46;nan;nan;;4096
6.80006;1039.46;887.112;1926.57;;4096
6.81006;1039.46;894.987;1934.45;;4096
6.82006;1039.46;nan;nan;;4096
6.83006;1039.46;882.117;1921.58;;4096
6.84006;1039.46;896.655;1936.11;;4096
6.85006;1039.46;nan;nan;;4096
6.86006;1039.46;883.011;1922.47;;4096
6.87006;1039.46;897.106;1936.56;;4096
6.88006;1039.46;896.247;1935.71;;4096
6.89006;1039.46;887.532;1926.99;;4096
6.90006;1039.46;nan;nan;;4096
6.91006;1039.46;891.666;1931.12;;4096
6.92006;1039.46;891.394;1930.85;;4096
6.93006;1039.46;nan;nan;;4096
6.94006;1039.46;890.668;1930.13;;4096
6.95006;1039.46;894.6;1934.06;;4096
6.96006;1039.46;nan;nan;;4096
6.97006;1039.46;880.338;1919.8;;4096
6.98006;1039.46;897.771;1937.23;;4096
6.99007;1039.46;899.146;1938.6;;4096
7.00007;1039.46;884.235;1923.69;;4096
7.01007;1039.46;nan;nan;;4096
7.02007;1039.46;898.082;1937.54;;4096
7.03007;1039.46;883.377;1922.84;;4096
7.04007;1039.46;nan;nan;;4096
7.05007;1039.46;895.696;1935.16;;4096
7.06007;1039.46;887.144;1926.6;;4096
7.07007;1039.46;nan;nan;;4096
7.08007;1039.46;893.842;1933.3;;4096
7.09007;1039.46;888.609;1928.07;;4096
7.10007;1039.46;nan;nan;;4096
7.11007;1039.46;894.255;1933.71;;4096
7.12007;1039.46;888.706;1928.16;;4096
7.13007;1039.46;nan;nan;;4096
7.14007;1039.46;890.056;1929.52;;4096
7.15007;1039.46;891.39;1930.85;;4096
7.16007;1039.46;nan;nan;;4096
7.17007;1039.46;888.787;1928.25;;4096
7.18007;1039.46;892.411;1931.87;;4096
7.19007;1039.46;nan;nan;;4096
7.20007;1039.46;890.924;1930.38;;4096
7.21007;1039.46;892.568;1932.03;;4096
7.22007;1039.46;nan;nan;;4096
7.23007;1039.46;883.58;1923.04;;4096
7.24007;1039.46;895.183;1934.64;;4096
7.25007;1039.46;nan;nan;;4096
7.26007;1039.46;882.258;1921.72;;4096
7.27007;1039.46;895.53;1934.99;;4096
7.28007;1039.46;nan;nan;;4096
7.29007;1039.46;885.416;1924.87;;4096
7.30007;1039.46;895.06;1934.52;;4096
7.31007;1039.46;nan;nan;;4096
7.32007;1039.46;877.42;1916.88;;4096
7.33007;1039.46;897.504;1936.96;;4096
7.34007;1039.46;897.59;1937.05;;4096
7.35007;1039.46;883.687;1923.15;;4096
7.36007;1039.46;nan;nan;;4096
7.37007;1039.46;897.348;1936.81;;4096
7.38007;1039.46;881.033;1920.49;;4096
7.39007;1039.46;nan;nan;;4096
7.40007;1039.46;896.661;1936.12;;4096
7.41007;1039.46;884.613;1924.07;;4096
7.42007;1039.46;nan;nan;;4096
7.43008;1039.46;895.546;1935;;4096
7.44008;1039.46;884.789;1924.25;;4096
7.45008;1039.46;nan;nan;;4096
7.46008;1039.46;896.131;1935.59;;4096
7.47008;1039.46;883.697;1923.16;;4096
7.48008;1039.46;nan;nan;;4096
7.49008;1039.46;893.938;1933.4;;4096
7.50008;1039.46;887.013;1926.47;;4096
7.51008;1039.46;nan;nan;;4096
7.52008;1039.46;892.402;1931.86;;4096
7.53008;1039.46;887.88;1927.34;;4096
7.54008;1039.46;nan;nan;;4096
7.55008;1039.46;893.215;1932.67;;4096
7.56008;1039.46;887.708;1927.17;;4096
7.57008;1039.46;nan;nan;;4096
7.58008;1039.46;889.444;1928.9;;4096
7.59008;1039.46;890.751;1930.21;;4096
7.60008;1039.46;nan;nan;;4096
7.61008;1039.46;887.467;1926.93;;4096
7.62008;1039.46;892.002;1931.46;;4096
7.63008;1039.46;nan;nan;;4096
7.64008;1039.46;889.672;1929.13;;4096
7.65008;1039.46;892.789;1932.25;;4096
7.66008;1039.46;nan;nan;;4096
7.67008;1039.46;880.693;1920.15;;4096
7.68008;1039.46;895.671;1935.13;;4096
7.69008;1039.46;nan;nan;;4096
7.70008;1039.46;879.882;1919.34;;4096
7.71008;1039.46;895.669;1935.13;;4096
7.72008;1039.46;899.323;1938.78;;4096
7.73008;1039.46;879.707;1919.17;;4096
7.74008;1039.46;nan;nan;;4096
7.75008;1039.46;896.938;1936.4;;4096
7.76008;1039.46;884.471;1923.93;;4096
7.77008;1039.46;nan;nan;;4096
7.78008;1039.46;894.183;1933.64;;4096
7.79008;1039.46;886.44;1925.9;;4096
7.80008;1039.46;nan;nan;;4096
7.81008;1039.46;893.379;1932.84;;4096
7.82008;1039.46;888.431;1927.89;;4096
7.83008;1039.46;nan;nan;;4096
7.84008;1039.46;886.465;1925.92;;4096
7.85008;1039.46;893.125;1932.58;;4096
7.86009;1039.46;nan;nan;;4096
7.87009;1039.46;882.37;1921.83;;4096
7.88009;1039.46;894.599;1934.06;;4096
7.89009;1039.46;nan;nan;;4096
7.90009;1039.46;884.235;1923.69;;4096
7.91009;1039.46;894.736;1934.19;;4096
7.92009;1039.46;898.604;1938.06;;4096
7.93009;1039.46;882.507;1921.97;;4096
7.94009;1039.46;nan;nan;;4096
7.95009;1039.46;895.557;1935.02;;4096
7.96009;1039.46;884.75;1924.21;;4096
7.97009;1039.46;nan;nan;;4096
7.98009;1039.46;894.432;1933.89;;4096
7.99009;1039.46;885.47;1924.93;;4096
8.00009;1039.46;nan;nan;;4096
8.01009;1039.46;890.094;1929.55;;4096
8.02009;1039.46;890.131;1929.59;;4096
8.03009;1039.46;nan;nan;;4096
8.04009;1039.46;886.978;1926.44;;4096
8.05009;1039.46;891.947;1931.41;;4096
8.06009;1039.46;nan;nan;;4096
8.07009;1039.46;888.978;1928.44;;4096
8.08009;1039.46;892.281;1931.74;;4096
8.09009;1039.46;nan;nan;;4096
8.10009;1039.46;880.08;1919.54;;4096
8.11009;1039.46;895.678;1935.14;;4096
8.12009;1039.46;899.329;1938.79;;4096
8.13009;1039.46;881.171;1920.63;;4096
8.14009;1039.46;nan;nan;;4096
8.15009;1039.46;897.471;1936.93;;4096
8.16009;1039.46;880.666;1920.12;;4096
8.17009;1039.46;nan;nan;;4096
8.18009;1039.46;895.018;1934.48;;4096
8.19009;1039.46;886.126;1925.58;;4096
8.20009;1039.46;nan;nan;;4096
8.21009;1039.46;891.017;1930.48;;4096
8.22009;1039.46;888.8;1928.26;;4096
8.23009;1039.46;nan;nan;;4096
8.24009;1039.46;890.753;1930.21;;4096
8.25009;1039.46;890.75;1930.21;;4096
8.26009;1039.46;nan;nan;;4096
8.27009;1039.46;881.999;1921.46;;4096
8.28009;1039.46;895.049;1934.51;;4096
8.29009;1039.46;nan;nan;;4096
8.30009;1039.46;879.956;1919.42;;4096
8.31009;1039.46;895.312;1934.77;;4096
8.3201;1039.46;nan;nan;;4096
8.3301;1039.46;882.414;1921.87;;4096
8.3401;1039.46;894.929;1934.39;;4096
8.3501;1039.46;896.984;1936.44;;4096
8.3601;1039.46;884.307;1923.77;;4096
8.3701;1039.46;nan;nan;;4096
8.3801;1039.46;892.921;1932.38;;4096
8.3901;1039.46;887.303;1926.76;;4096
8.4001;1039.46;nan;nan;;4096
8.4101;1039.46;892.058;1931.52;;4096
8.4201;1039.46;889.202;1928.66;;4096
8.4301;1039.46;nan;nan;;4096
8.4401;1039.46;884.723;1924.18;;4096
8.4501;1039.46;893.397;1932.86;;4096
8.4601;1039.46;nan;nan;;4096
8.4701;1039.46;880.679;1920.14;;4096
8.4801;1039.46;894.636;1934.09;;4096
8.4901;1039.46;nan;nan;;4096
8.5001;1039.46;881.817;1921.28;;4096
8.5101;1039.46;895.269;1934.73;;4096
8.5201;1039.46;895.419;1934.88;;4096
8.5301;1039.46;885.454;1924.91;;4096
8.5401;1039.46;nan;nan;;4096
8.5501;1039.46;890.578;1930.04;;4096
8.5601;1039.46;889.735;1929.19;;4096
8.5701;1039.46;nan;nan;;4096
8.5801;1039.46;890.087;1929.55;;4096
8.5901;1039.46;891.412;1930.87;;4096
8.6001;1039.46;nan;nan;;4096
8.6101;1039.46;880.676;1920.13;;4096
8.6201;1039.46;895.287;1934.75;;4096
8.6301;1039.46;899.513;1938.97;;4096
8.6401;1039.46;880.302;1919.76;;4096
8.6501;1039.46;nan;nan;;4096
8.6601;1039.46;898.095;1937.55;;4096
8.6701;1039.46;879.908;1919.37;;4096
8.6801;1039.46;nan;nan;;4096
8.6901;1039.46;894.99;1934.45;;4096
8.7001;1039.46;885.645;1925.1;;4096
8.7101;1039.46;nan;nan;;4096
8.7201;1039.46;890.215;1929.67;;4096
8.7301;1039.46;889.2;1928.66;;4096
8.7401;1039.46;nan;nan;;4096
8.7501;1039.46;890.181;1929.64;;4096
8.76011;1039.46;891.422;1930.88;;4096
8.77011;1039.46;nan;nan;;4096
8.78011;1039.46;879.951;1919.41;;4096
8.79011;1039.46;895.108;1934.57;;4096
8.80011;1039.46;898.552;1938.01;;4096
8.81011;1039.46;880.839;1920.3;;4096
8.82011;1039.46;nan;nan;;4096
8.83011;1039.46;896.231;1935.69;;4096
8.84011;1039.46;882.516;1921.97;;4096
8.85011;1039.46;nan;nan;;4096
8.86011;1039.46;891.317;1930.78;;4096
8.87011;1039.46;888.476;1927.93;;4096
8.88011;1039.46;nan;nan;;4096
8.89011;1039.46;886.525;1925.98;;4096
8.90011;1039.46;891.829;1931.29;;4096
8.91011;1039.46;nan;nan;;4096
8.92011;1039.46;887.097;1926.56;;4096
8.93011;1039.46;893.149;1932.61;;4096
8.94011;1039.46;nan;nan;;4096
8.95011;1039.46;877.309;1916.77;;4096
8.96011;1039.46;896.219;1935.68;;4096
8.97011;1039.46;896.968;1936.43;;4096
8.98011;1039.46;882.816;1922.27;;4096
8.99011;1039.46;nan;nan;;4096
9.00011;1039.46;896.711;1936.17;;4096
9.01011;1039.46;881.426;1920.88;;4096
9.02011;1039.46;nan;nan;;4096
9.03011;1039.46;892.505;1931.96;;4096
9.04011;1039.46;888.027;1927.49;;4096
9.05011;1039.46;nan;nan;;4096
9.06011;1039.46;886.868;1926.33;;4096
9.07011;1039.46;891.418;1930.88;;4096
9.08011;1039.46;nan;nan;;4096
9.09011;1039.46;886.826;1926.28;;4096
9.10011;1039.46;893.464;1932.92;;4096
9.11011;1039.46;899.477;1938.94;;4096
9.12011;1039.46;881.466;1920.92;;4096
9.13011;1039.46;nan;nan;;4096
9.14011;1039.46;895.356;1934.81;;4096
9.15011;1039.46;884.612;1924.07;;4096
9.16011;1039.46;nan;nan;;4096
9.17011;1039.46;893.509;1932.97;;4096
9.18011;1039.46;886.183;1925.64;;4096
9.19011;1039.46;nan;nan;;4096
9.20012;1039.46;886.967;1926.43;;4096
9.21012;1039.46;891.922;1931.38;;4096
9.22012;1039.46;nan;nan;;4096
9.23012;1039.46;882.725;1922.18;;4096
9.24012;1039.46;893.445;1932.9;;4096
9.25012;1039.46;nan;nan;;4096
9.26012;1039.46;884.385;1923.84;;4096
9.27012;1039.46;892.597;1932.06;;4096
9.28012;1039.46;nan;nan;;4096
9.29012;1039.46;878.028;1917.49;;4096
9.30012;1039.46;895.482;1934.94;;4096
9.31012;1039.46;898.624;1938.08;;4096
9.32012;1039.46;879.991;1919.45;;4096
9.33012;1039.46;nan;nan;;4096
9.34012;1039.46;nan;nan;;4096
9.35012;1039.46;883.373;1922.83;;4096
9.36012;1039.46;893.793;1933.25;;4096
9.37012;1039.46;898.271;1937.73;;4096
9.38012;1039.46;881.117;1920.58;;4096
9.39012;1039.46;nan;nan;;4096
9.40012;1039.46;896.253;1935.71;;4096
9.41012;1039.46;882.122;1921.58;;4096
9.42012;1039.46;nan;nan;;4096
9.43012;1039.46;895.038;1934.5;;4096
9.44012;1039.46;882.011;1921.47;;4096
9.45012;1039.46;nan;nan;;4096
9.46012;1039.46;892.463;1931.92;;4096
9.47012;1039.46;886.41;1925.87;;4096
9.48012;1039.46;nan;nan;;4096
9.49012;1039.46;888.919;1928.38;;4096
9.50012;1039.46;888.979;1928.44;;4096
9.51012;1039.46;nan;nan;;4096
9.52012;1039.46;889.929;1929.39;;4096
9.53012;1039.46;889.87;1929.33;;4096
9.54012;1039.46;nan;nan;;4096
9.55012;1039.46;882.33;1921.79;;4096
9.56012;1039.46;893.388;1932.85;;4096
9.57012;1039.46;nan;nan;;4096
9.58012;1039.46;880.221;1919.68;;4096
9.59012;1039.46;894.034;1933.49;;4096
9.60012;1039.46;899.358;1938.82;;4096
9.61012;1039.46;877.224;1916.68;;4096
9.62012;1039.46;nan;nan;;4096
9.63013;1039.46;896.656;1936.11;;4096
9.64013;1039.46;882.336;1921.79;;4096
9.65013;1039.46;nan;nan;;4096
9.66013;1039.46;893.578;1933.04;;4096
9.67013;1039.46;884.822;1924.28;;4096
9.68013;1039.46;nan;nan;;4096
9.69013;1039.46;892.814;1932.27;;4096
9.70013;1039.46;885.548;1925.01;;4096
9.71013;1039.46;nan;nan;;4096
9.72013;1039.46;888.14;1927.6;;4096
9.73013;1039.46;889.331;1928.79;;4096
9.74013;1039.46;nan;nan;;4096
9.75013;1039.46;886.973;1926.43;;4096
9.76013;1039.46;890.119;1929.58;;4096
9.77013;1039.46;nan;nan;;4096
9.78013;1039.46;888.768;1928.23;;4096
9.79013;1039.46;889.548;1929.01;;4096
9.80013;1039.46;nan;nan;;4096
9.81013;1039.46;883.657;1923.12;;4096
9.82013;1039.46;891.181;1930.64;;4096
9.83013;1039.46;nan;nan;;4096
9.84013;1039.46;883.379;1922.84;;4096
9.85013;1039.46;891.729;1931.19;;4096
9.86013;1039.46;nan;nan;;4096
9.87013;1039.46;886.891;1926.35;;4096
9.88013;1039.46;891.608;1931.07;;4096
9.89013;1039.46;nan;nan;;4096
9.90013;1039.46;878.924;1918.38;;4096
9.91013;1039.46;894.125;1933.58;;4096
9.92013;1039.46;897.756;1937.21;;4096
9.93013;1039.46;879.816;1919.27;;4096
9.94013;1039.46;nan;nan;;4096
9.95013;1039.46;896.622;1936.08;;4096
9.96013;1039.46;879.044;1918.5;;4096
9.97013;1039.46;nan;nan;;4096
9.98013;1039.46;893.985;1933.44;;4096
9.99013;1039.46;884.586;1924.04;;4096
10.0001;1039.46;nan;nan;;4096
10.0101;1039.46;889.643;1929.1;;4096
10.0201;1039.46;888.012;1927.47;;4096
10.0301;1039.46;nan;nan;;4096
10.0401;1039.46;888.97;1928.43;;4096
10.0501;1039.46;889.549;1929.01;;4096
10.0601;1039.46;nan;nan;;4096
10.0701;1039.46;880.398;1919.86;;4096
10.0801;1039.46;893.993;1933.45;;4096
10.0901;1039.46;898.474;1937.93;;4096
10.1001;1039.46;879.513;1918.97;;4096
10.1101;1039.46;nan;nan;;4096
10.1201;1039.46;897.164;1936.62;;4096
10.1301;1039.46;878.489;1917.95;;4096
10.1401;1039.46;nan;nan;;4096
10.1501;1039.46;894.48;1933.94;;4096
10.1601;1039.46;883.442;1922.9;;4096
10.1701;1039.46;nan;nan;;4096
10.1801;1039.46;891.459;1930.92;;4096
10.1901;1039.46;886.467;1925.93;;4096
10.2001;1039.46;nan;nan;;4096
10.2101;1039.46;890.937;1930.4;;4096
10.2201;1039.46;888.077;1927.54;;4096
10.2301;1039.46;nan;nan;;4096
10.2401;1039.46;881.971;1921.43;;4096
10.2501;1039.46;892.439;1931.9;;4096
10.2601;1039.46;nan;nan;;4096
10.2701;1039.46;879.689;1919.15;;4096
10.2801;1039.46;893.281;1932.74;;4096
10.2901;1039.46;899.578;1939.04;;4096
10.3001;1039.46;876.332;1915.79;;4096
10.3101;1039.46;nan;nan;;4096
10.3201;1039.46;896.859;1936.32;;4096
10.3301;1039.46;881.606;1921.06;;4096
10.3401;1039.46;nan;nan;;4096
10.3501;1039.46;893.078;1932.54;;4096
10.3601;1039.46;884.833;1924.29;;4096
10.3701;1039.46;nan;nan;;4096
10.3801;1039.46;891.807;1931.27;;4096
10.3901;1039.46;886.642;1926.1;;4096
10.4001;1039.46;nan;nan;;4096
10.4101;1039.46;884.952;1924.41;;4096
10.4201;1039.46;891.053;1930.51;;4096
10.4301;1039.46;nan;nan;;4096
10.4401;1039.46;880.562;1920.02;;4096
10.4501;1039.46;892.992;1932.45;;4096
10.4601;1039.46;nan;nan;;4096
10.4701;1039.46;881.945;1921.4;;4096
10.4801;1039.46;893.079;1932.54;;4096
10.4901;1039.46;896.436;1935.89;;4096
10.5001;1039.46;881.765;1921.22;;4096
10.5101;1039.46;nan;nan;;4096
10.5201;1039.46;892.916;1932.37;;4096
10.5301;1039.46;884.569;1924.03;;4096
10.5401;1039.46;nan;nan;;4096
10.5501;1039.46;891.629;1931.09;;4096
10.5601;1039.46;885.373;1924.83;;4096
10.5701;1039.46;nan;nan;;4096
10.5801;1039.46;886.051;1925.51;;4096
10.5901;1039.46;890.356;1929.81;;4096
10.6001;1039.46;nan;nan;;4096
10.6101;1039.46;881.877;1921.34;;4096
10.6201;1039.46;892.399;1931.86;;4096
10.6301;1039.46;nan;nan;;4096
10.6401;1039.46;883.053;1922.51;;4096
10.6501;1039.46;892.773;1932.23;;4096
10.6601;1039.46;896.512;1935.97;;4096
10.6701;1039.46;881.078;1920.54;;4096
10.6801;1039.46;nan;nan;;4096
10.6901;1039.46;893.101;1932.56;;4096
10.7001;1039.46;884.088;1923.55;;4096
10.7101;1039.46;nan;nan;;4096
10.7201;1039.46;891.179;1930.64;;4096
10.7302;1039.46;886.533;1925.99;;4096
10.7402;1039.46;nan;nan;;4096
10.7502;1039.46;882.7;1922.16;;4096
10.7602;1039.46;892.121;1931.58;;4096
10.7702;1039.46;899.627;1939.09;;4096
10.7802;1039.46;878.455;1917.91;;4096
10.7902;1039.46;nan;nan;;4096
10.8002;1039.46;896.958;1936.42;;4096
10.8102;1039.46;878.494;1917.95;;4096
10.8202;1039.46;nan;nan;;4096
10.8302;1039.46;893.362;1932.82;;4096
10.8402;1039.46;885.11;1924.57;;4096
10.8502;1039.46;nan;nan;;4096
10.8602;1039.46;888.889;1928.35;;4096
10.8702;1039.46;887.985;1927.44;;4096
10.8802;1039.46;nan;nan;;4096
10.8902;1039.46;889.233;1928.69;;4096
10.9002;1039.46;889.053;1928.51;;4096
10.9102;1039.46;nan;nan;;4096
10.9202;1039.46;879.496;1918.95;;4096
10.9302;1039.46;893.6;1933.06;;4096
10.9402;1039.46;898.101;1937.56;;4096
10.9502;1039.46;879.369;1918.83;;4096
10.9602;1039.46;nan;nan;;4096
10.9702;1039.46;895.18;1934.64;;4096
10.9802;1039.46;880.626;1920.08;;4096
10.9902;1039.46;nan;nan;;4096
11.0002;1039.46;891.291;1930.75;;4096
11.0102;1039.46;885.793;1925.25;;4096
11.0202;1039.46;nan;nan;;4096
11.0302;1039.46;888.168;1927.63;;4096
11.0402;1039.46;888.359;1927.82;;4096
11.0502;1039.46;nan;nan;;4096
11.0602;1039.46;887.477;1926.94;;4096
11.0702;1039.46;889.594;1929.05;;4096
11.0802;1039.46;nan;nan;;4096
11.0902;1039.46;879.399;1918.86;;4096
11.1002;1039.46;893.575;1933.03;;4096
11.1102;1039.46;897.995;1937.45;;4096
11.1202;1039.46;878.946;1918.4;;4096
11.1302;1039.46;nan;nan;;4096
11.1402;1039.46;896.746;1936.2;;4096
11.1502;1039.46;877.61;1917.07;;4096
11.1602;1039.46;nan;nan;;4096
11.1702;1039.46;893.998;1933.46;;4096
11.1802;1039.46;883.162;1922.62;;4096
11.1902;1039.46;nan;nan;;4096
11.2002;1039.46;891.414;1930.87;;4096
11.2102;1039.46;884.585;1924.04;;4096
11.2202;1039.46;nan;nan;;4096
11.2302;1039.46;891.106;1930.56;;4096
11.2402;1039.46;886.376;1925.83;;4096
11.2502;1039.46;nan;nan;;4096
11.2602;1039.46;884.914;1924.37;;4096
11.2702;1039.46;889.902;1929.36;;4096
11.2802;1039.46;nan;nan;;4096
11.2902;1039.46;882.6;1922.06;;4096
11.3002;1039.46;891.228;1930.69;;4096
11.3102;1039.46;nan;nan;;4096
11.3202;1039.46;884.569;1924.03;;4096
11.3302;1039.46;891.56;1931.02;;4096
11.3402;1039.46;898.895;1938.35;;4096
11.3502;1039.46;878.229;1917.69;;4096
11.3602;1039.46;nan;nan;;4096
11.3702;1039.46;895.343;1934.8;;4096
11.3802;1039.46;880.512;1919.97;;4096
11.3902;1039.46;nan;nan;;4096
11.4002;1039.46;894.156;1933.61;;4096
11.4102;1039.46;881.011;1920.47;;4096
11.4202;1039.46;nan;nan;;4096
11.4302;1039.46;890.864;1930.32;;4096
11.4402;1039.46;885.73;1925.19;;4096
11.4502;1039.46;nan;nan;;4096
11.4602;1039.46;887.242;1926.7;;4096
11.4702;1039.46;887.95;1927.41;;4096
11.4802;1039.46;nan;nan;;4096
11.4902;1039.46;888.125;1927.58;;4096
11.5002;1039.46;889.033;1928.49;;4096
11.5102;1039.46;nan;nan;;4096
11.5202;1039.46;880.717;1920.18;;4096
11.5302;1039.46;892.308;1931.77;;4096
11.5402;1039.46;899.09;1938.55;;4096
11.5502;1039.46;877.246;1916.7;;4096
11.5602;1039.46;898.879;1938.34;;4096
11.5702;1039.46;886.709;1926.17;;4096
11.5802;1039.46;890.083;1929.54;;4096
11.5902;1039.46;nan;nan;;4096
11.6002;1039.46;877.718;1917.18;;4096
11.6102;1039.46;893.617;1933.08;;4096
11.6202;1039.46;896.797;1936.26;;4096
11.6302;1039.46;879.426;1918.88;;4096
11.6402;1039.46;nan;nan;;4096
11.6502;1039.46;895.051;1934.51;;4096
11.6602;1039.46;879.702;1919.16;;4096
11.6702;1039.46;nan;nan;;4096
11.6802;1039.46;892.225;1931.68;;4096
11.6902;1039.46;883.698;1923.16;;4096
11.7002;1039.46;nan;nan;;4096
11.7102;1039.46;889.76;1929.22;;4096
11.7202;1039.46;886.025;1925.48;;4096
11.7302;1039.46;nan;nan;;4096
11.7402;1039.46;889.299;1928.76;;4096
11.7502;1039.46;887.438;1926.9;;4096
11.7602;1039.46;nan;nan;;4096
11.7702;1039.46;881.753;1921.21;;4096
11.7802;1039.46;891.533;1930.99;;4096
11.7902;1039.46;899.328;1938.79;;4096
11.8002;1039.46;877.585;1917.04;;4096
11.8102;1039.46;nan;nan;;4096
11.8202;1039.46;897.959;1937.42;;4096
11.8302;1039.46;876.002;1915.46;;4096
11.8402;1039.46;nan;nan;;4096
11.8502;1039.46;895.144;1934.6;;4096
11.8602;1039.46;880.71;1920.17;;4096
11.8702;1039.46;nan;nan;;4096
11.8802;1039.46;892.636;1932.09;;4096
11.8902;1039.46;883.198;1922.66;;4096
11.9002;1039.46;nan;nan;;4096
11.9102;1039.46;891.152;1930.61;;4096
11.9202;1039.46;885.01;1924.47;;4096
11.9302;1039.46;nan;nan;;4096
11.9402;1039.46;885.399;1924.86;;4096
11.9502;1039.46;889.093;1928.55;;4096
11.9602;1039.46;nan;nan;;4096
11.9702;1039.46;882.633;1922.09;;4096
11.9802;1039.46;890.627;1930.09;;4096
11.9902;1039.46;nan;nan;;4096
12.0002;1039.46;885.093;1924.55;;4096
12.0102;1039.46;890.587;1930.05;;4096
12.0202;1039.46;899.451;1938.91;;4096
12.0302;1039.46;876.704;1916.16;;4096
12.0402;1039.46;nan;nan;;4096
12.0502;1039.46;896.028;1935.49;;4096
12.0602;1039.46;878.533;1917.99;;4096
12.0702;1039.46;nan;nan;;4096
12.0802;1039.46;895.848;1935.31;;4096
12.0902;1039.46;876.838;1916.3;;4096
12.1002;1039.46;nan;nan;;4096
12.1102;1039.46;894.318;1933.78;;4096
12.1202;1039.46;880.801;1920.26;;4096
12.1302;1039.46;nan;nan;;4096
12.1402;1039.46;892.692;1932.15;;4096
12.1502;1039.46;882.268;1921.73;;4096
12.1602;1039.46;nan;nan;;4096
12.1702;1039.46;891.993;1931.45;;4096
12.1802;1039.46;882.153;1921.61;;4096
12.1902;1039.46;nan;nan;;4096
12.2002;1039.46;888.756;1928.21;;4096
12.2102;1039.46;885.559;1925.02;;4096
12.2202;1039.46;nan;nan;;4096
12.2302;1039.46;886.126;1925.58;;4096
12.2402;1039.46;887.725;1927.18;;4096
12.2502;1039.46;nan;nan;;4096
12.2602;1039.46;887.978;1927.44;;4096
12.2702;1039.46;887.722;1927.18;;4096
12.2802;1039.46;nan;nan;;4096
12.2902;1039.46;881.588;1921.05;;4096
12.3002;1039.46;890.973;1930.43;;4096
12.3102;1039.46;899.644;1939.1;;4096
12.3202;1039.46;875.817;1915.28;;4096
12.3302;1039.46;896.308;1935.77;;4096
12.3402;1039.46;888.903;1928.36;;4096
12.3502;1039.46;886.212;1925.67;;4096
12.3602;1039.46;nan;nan;;4096
12.3702;1039.46;884.349;1923.81;;4096
12.3802;1039.46;888.771;1928.23;;4096
12.3902;1039.46;nan;nan;;4096
12.4002;1039.46;882.576;1922.03;;4096
12.4102;1039.46;889.458;1928.92;;4096
12.4202;1039.46;nan;nan;;4096
12.4302;1039.46;885.581;1925.04;;4096
12.4402;1039.46;889.299;1928.76;;4096
12.4502;1039.46;nan;nan;;4096
12.4602;1039.46;878.099;1917.56;;4096
12.4702;1039.46;891.547;1931.01;;4096
12.4802;1039.46;898.193;1937.65;;4096
12.4902;1039.46;876.605;1916.06;;4096
12.5002;1039.46;897.734;1937.19;;4096
12.5102;1039.46;886.424;1925.88;;4096
12.5202;1039.46;888.296;1927.75;;4096
12.5302;1039.46;nan;nan;;4096
12.5402;1039.46;879.485;1918.94;;4096
12.5502;1039.46;891.289;1930.75;;4096
12.5602;1039.46;898.391;1937.85;;4096
12.5702;1039.46;876.503;1915.96;;4096
12.5802;1039.46;897.392;1936.85;;4096
12.5902;1039.46;887.247;1926.71;;4096
12.6002;1039.46;887.537;1927;;4096
12.6102;1039.46;nan;nan;;4096
12.6202;1039.46;879.96;1919.42;;4096
12.6302;1039.46;891.028;1930.49;;4096
12.6402;1039.46;898.392;1937.85;;4096
12.6502;1039.46;875.866;1915.32;;4096
12.6602;1039.46;896.763;1936.22;;4096
12.6702;1039.46;887.991;1927.45;;4096
12.6802;1039.46;886.662;1926.12;;4096
12.6902;1039.46;nan;nan;;4096
12.7002;1039.46;879.932;1919.39;;4096
12.7102;1039.46;891.535;1930.99;;4096
12.7202;1039.46;897.23;1936.69;;4096
12.7302;1039.46;878.16;1917.62;;4096
12.7402;1039.46;nan;nan;;4096
12.7502;1039.46;893.371;1932.83;;4096
12.7602;1039.46;880.658;1920.12;;4096
12.7702;1039.46;nan;nan;;4096
12.7802;1039.46;884.73;1924.19;;4096
12.7902;1039.46;889.525;1928.98;;4096
12.8002;1039.46;898.741;1938.2;;4096
12.8102;1039.46;877.046;1916.51;;4096
12.8202;1039.46;nan;nan;;4096
12.8302;1039.46;893.89;1933.35;;4096
12.8402;1039.46;880.702;1920.16;;4096
12.8502;1039.46;nan;nan;;4096
12.8602;1039.46;885.995;1925.45;;4096
12.8702;1039.46;888.942;1928.4;;4096
12.8802;1039.46;nan;nan;;4096
12.8902;1039.46;879.204;1918.66;;4096
12.9002;1039.46;891.852;1931.31;;4096
12.9102;1039.46;897.903;1937.36;;4096
12.9202;1039.46;875.773;1915.23;;4096
12.9302;1039.46;nan;nan;;4096
12.9402;1039.46;893.547;1933.01;;4096
12.9502;1039.46;881.607;1921.07;;4096
12.9602;1039.46;nan;nan;;4096
12.9702;1039.46;890.18;1929.64;;4096
12.9802;1039.46;885.257;1924.72;;4096
12.9902;1039.46;nan;nan;;4096
13.0002;1039.46;888.43;1927.89;;4096
13.0102;1039.46;887.513;1926.97;;4096
13.0202;1039.46;nan;nan;;4096
13.0302;1039.46;878.504;1917.96;;4096
13.0402;1039.46;892.3;1931.76;;4096
13.0502;1039.46;896.824;1936.28;;4096
13.0602;1039.46;877.89;1917.35;;4096
13.0702;1039.46;nan;nan;;4096
13.0802;1039.46;895.37;1934.83;;4096
13.0902;1039.46;876.844;1916.3;;4096
13.1002;1039.46;nan;nan;;4096
13.1102;1039.46;892.706;1932.16;;4096
13.1202;1039.46;883.296;1922.75;;4096
13.1302;1039.46;nan;nan;;4096
13.1402;1039.46;887.809;1927.27;;4096
13.1502;1039.46;886.772;1926.23;;4096
13.1602;1039.46;nan;nan;;4096
13.1702;1039.46;886.279;1925.74;;4096
13.1802;1039.46;889.336;1928.79;;4096
13.1902;1039.46;nan;nan;;4096
13.2002;1039.46;876.407;1915.87;;4096
13.2102;1039.46;892.554;1932.01;;4096
13.2202;1039.46;895.945;1935.4;;4096
13.2302;1039.46;878.57;1918.03;;4096
13.2402;1039.46;nan;nan;;4096
13.2502;1039.46;894.03;1933.49;;4096
13.2602;1039.46;878.861;1918.32;;4096
13.2702;1039.46;nan;nan;;4096
13.2802;1039.46;890.381;1929.84;;4096
13.2902;1039.46;883.941;1923.4;;4096
13.3002;1039.46;nan;nan;;4096
13.3102;1039.46;887.156;1926.61;;4096
13.3202;1039.46;886.662;1926.12;;4096
13.3302;1039.46;nan;nan;;4096
13.3402;1039.46;886.672;1926.13;;4096
13.3502;1039.46;888.264;1927.72;;4096
13.3602;1039.46;nan;nan;;4096
13.3702;1039.46;876.554;1916.01;;4096
13.3802;1039.46;892.717;1932.18;;4096
13.3902;1039.46;895.451;1934.91;;4096
13.4002;1039.46;878.867;1918.33;;4096
13.4102;1039.46;nan;nan;;4096
13.4202;1039.46;892.01;1931.47;;4096
13.4302;1039.46;882.839;1922.3;;4096
13.4402;1039.46;nan;nan;;4096
13.4502;1039.46;881.81;1921.27;;4096
13.4602;1039.46;890.551;1930.01;;4096
13.4702;1039.46;898.407;1937.87;;4096
13.4802;1039.46;876.677;1916.14;;4096
13.4902;1039.46;nan;nan;;4096
13.5002;1039.46;895.48;1934.94;;4096
13.5102;1039.46;877.298;1916.76;;4096
13.5202;1039.46;nan;nan;;4096
13.5302;1039.46;891.575;1931.03;;4096
13.5402;1039.46;883.424;1922.88;;4096
13.5502;1039.46;nan;nan;;4096
13.5602;1039.46;887.542;1927;;4096
13.5702;1039.46;886.608;1926.07;;4096
13.5802;1039.46;nan;nan;;4096
13.5902;1039.46;887.834;1927.29;;4096
13.6002;1039.46;887.284;1926.74;;4096
13.6102;1039.46;nan;nan;;4096
13.6202;1039.46;880.285;1919.74;;4096
13.6302;1039.46;890.584;1930.04;;4096
13.6402;1039.46;899.182;1938.64;;4096
13.6502;1039.46;875.753;1915.21;;4096
13.6602;1039.46;896.87;1936.33;;4096
13.6702;1039.46;887.012;1926.47;;4096
13.6802;1039.46;887.19;1926.65;;4096
13.6902;1039.46;nan;nan;;4096
13.7002;1039.46;880.11;1919.57;;4096
13.7102;1039.46;890.54;1930;;4096
13.7202;1039.46;898.67;1938.13;;4096
13.7302;1039.46;875.51;1914.97;;4096
13.7402;1039.46;896.05;1935.51;;4096
13.7502;1039.46;887.85;1927.31;;4096
13.7602;1039.46;886.254;1925.71;;4096
13.7702;1039.46;nan;nan;;4096
13.7802;1039.46;880.776;1920.23;;4096
13.7902;1039.46;889.745;1929.2;;4096
13.8002;1039.46;899.228;1938.69;;4096
13.8102;1039.46;875.369;1914.83;;4096
13.8202;1039.46;895.959;1935.42;;4096
13.8302;1039.46;887.894;1927.35;;4096
13.8402;1039.46;886.251;1925.71;;4096
13.8502;1039.46;nan;nan;;4096
13.8602;1039.46;882.264;1921.72;;4096
13.8702;1039.46;889.328;1928.79;;4096
13.8802;1039.46;899.624;1939.08;;4096
13.8902;1039.46;875.106;1914.56;;4096
13.9002;1039.46;895.043;1934.5;;4096
13.9102;1039.46;888.576;1928.03;;4096
13.9202;1039.46;885.002;1924.46;;4096
13.9302;1039.46;nan;nan;;4096
13.9402;1039.46;883.881;1923.34;;4096
13.9502;1039.46;887.67;1927.13;;4096
13.9602;1039.46;nan;nan;;4096
13.9702;1039.46;882.51;1921.97;;4096
13.9802;1039.46;888.518;1927.98;;4096
13.9902;1039.46;nan;nan;;4096
14.0002;1039.46;884.29;1923.75;;4096
14.0102;1039.46;888.587;1928.05;;4096
14.0202;1039.46;899.255;1938.71;;4096
14.0302;1039.46;874.198;1913.66;;4096
14.0402;1039.46;nan;nan;;4096
14.0502;1039.46;896.013;1935.47;;4096
14.0602;1039.46;876.032;1915.49;;4096
14.0702;1039.46;896.708;1936.17;;4096
14.0802;1039.46;886.504;1925.96;;4096
14.0902;1039.46;886.445;1925.9;;4096
14.1002;1039.46;nan;nan;;4096
14.1102;1039.46;882.672;1922.13;;4096
14.1202;1039.46;887.802;1927.26;;4096
14.1302;1039.46;nan;nan;;4096
14.1402;1039.46;881.954;1921.41;;4096
14.1502;1039.46;888.25;1927.71;;4096
14.1602;1039.46;nan;nan;;4096
14.1702;1039.46;884.51;1923.97;;4096
14.1802;1039.46;888.494;1927.95;;4096
14.1902;1039.46;899.683;1939.14;;4096
14.2002;1039.46;874.622;1914.08;;4096
14.2102;1039.46;nan;nan;;4096
14.2202;1039.46;894.796;1934.25;;4096
14.2302;1039.46;877.357;1916.82;;4096
14.2402;1039.46;nan;nan;;4096
14.2502;1039.46;893.392;1932.85;;4096
14.2602;1039.46;876.645;1916.1;;4096
14.2702;1039.46;nan;nan;;4096
14.2802;1039.46;890.51;1929.97;;4096
14.2902;1039.46;881.952;1921.41;;4096
14.3002;1039.46;nan;nan;;4096
14.3102;1039.46;887.389;1926.85;;4096
14.3202;1039.46;885.37;1924.83;;4096
14.3302;1039.46;nan;nan;;4096
14.3402;1039.46;887.151;1926.61;;4096
14.3502;1039.46;885.663;1925.12;;4096
14.3602;1039.46;nan;nan;;4096
14.3702;1039.46;881.144;1920.6;;4096
14.3802;1039.46;888.72;1928.18;;4096
14.3902;1039.46;899.009;1938.47;;4096
14.4002;1039.46;874.611;1914.07;;4096
14.4102;1039.46;894.796;1934.25;;4096
14.4202;1039.46;887.723;1927.18;;4096
14.4302;1039.46;885.125;1924.58;;4096
14.4402;1039.46;nan;nan;;4096
14.4502;1039.46;881.02;1920.48;;4096
14.4602;1039.46;889.066;1928.53;;4096
14.4702;1039.46;898.764;1938.22;;4096
14.4802;1039.46;874.283;1913.74;;4096
14.4902;1039.46;894.417;1933.88;;4096
14.5002;1039.46;888.357;1927.82;;4096
14.5102;1039.46;884.407;1923.87;;4096
14.5202;1039.46;nan;nan;;4096
14.5302;1039.46;882.878;1922.34;;4096
14.5402;1039.46;887.63;1927.09;;4096
14.5502;1039.46;nan;nan;;4096
14.5602;1039.46;882.151;1921.61;;4096
14.5702;1039.46;887.424;1926.88;;4096
14.5802;1039.46;nan;nan;;4096
14.5902;1039.46;885.21;1924.67;;4096
14.6002;1039.46;887.185;1926.64;;4096
14.6102;1039.46;nan;nan;;4096
14.6202;1039.46;879.053;1918.51;;4096
14.6302;1039.46;889.707;1929.17;;4096
14.6402;1039.46;897.935;1937.39;;4096
14.6502;1039.46;874.705;1914.16;;4096
14.6602;1039.46;895.124;1934.58;;4096
14.6702;1039.46;887.043;1926.5;;4096
14.6802;1039.46;885.268;1924.73;;4096
14.6902;1039.46;nan;nan;;4096
14.7002;1039.46;881.522;1920.98;;4096
14.7102;1039.46;888.16;1927.62;;4096
14.7202;1039.46;899.445;1938.9;;4096
14.7302;1039.46;874.017;1913.48;;4096
14.7402;1039.46;893.937;1933.4;;4096
14.7502;1039.46;888.109;1927.57;;4096
14.7602;1039.46;884.333;1923.79;;4096
14.7702;1039.46;nan;nan;;4096
14.7802;1039.46;882.661;1922.12;;4096
14.7902;1039.46;887.523;1926.98;;4096
14.8002;1039.46;nan;nan;;4096
14.8102;1039.46;881.073;1920.53;;4096
14.8202;1039.46;888.149;1927.61;;4096
14.8302;1039.46;nan;nan;;4096
14.8402;1039.46;883.976;1923.43;;4096
14.8502;1039.46;887.575;1927.03;;4096
14.8602;1039.46;nan;nan;;4096
14.8702;1039.46;877.488;1916.95;;4096
14.8802;1039.46;889.977;1929.44;;4096
14.8902;1039.46;896.81;1936.27;;4096
14.9002;1039.46;874.726;1914.18;;4096
14.9102;1039.46;894.66;1934.12;;4096
14.9202;1039.46;887.552;1927.01;;4096
14.9302;1039.46;884.554;1924.01;;4096
14.9402;1039.46;nan;nan;;4096
14.9502;1039.46;883.935;1923.39;;4096
14.9602;1039.46;886.131;1925.59;;4096
14.9702;1039.46;nan;nan;;4096
14.9802;1039.46;883.154;1922.61;;4096
14.9902;1039.46;886.093;1925.55;;4096
