0;1027.96;-4.82129;1023.14;2389.33;1.6712
0.01;1027.96;-4.76355;1023.2;2389.33;1.6728
0.02;1027.96;-4.82068;1023.14;2389.33;1.7272
0.03;1027.96;1.35584;1029.32;2389.33;3.1616
0.04;1027.96;12.9874;1040.95;2389.33;5.1229
0.05;1027.96;25.5911;1053.55;2389.33;7.5186
0.06;1027.96;40.7101;1068.67;2389.33;8.2071
0.07;1027.96;54.283;1082.25;2389.33;5.6435
0.08;1027.96;68.6807;1096.64;2389.33;4.0007
0.09;1027.96;85.778;1113.74;2389.33;4.9253
0.1;1027.96;102.789;1130.75;2389.33;7.8813
0.11;1027.96;115.41;1143.37;2389.33;11.7704
0.12;1027.96;121.478;1149.44;2389.33;14.5392
0.13;1027.96;129.209;1157.17;2389.33;12.1939
0.14;1027.96;140.556;1168.52;2389.33;10.0433
0.15;1027.96;158.302;1186.26;2389.33;9.1648
0.16;1027.96;170.426;1198.39;2389.33;9.7171
0.17;1027.96;174.784;1202.75;2389.33;10.3146
0.18;1027.96;197.038;1225;2389.33;22.2717
0.19;1027.96;193.418;1221.38;2389.33;32.3901
0.2;1027.96;206.481;1234.44;2389.33;28.1913
0.21;1027.96;214.391;1242.35;2389.33;25.1965
0.22;1027.96;229.256;1257.22;2389.33;23.4327
0.23;1027.96;229.554;1257.52;2389.33;22.1636
0.24;1027.96;238.7;1266.66;2389.33;21.1232
0.25;1027.96;243.732;1271.69;2389.33;27.1998
0.26;1027.96;249.223;1277.19;2389.33;24.0191
0.27;1027.96;254.484;1282.45;2389.33;23.495
0.28;1027.96;266.971;1294.93;2389.33;24.4262
0.29;1027.96;278.023;1305.99;2389.33;25.5226
0.3;1027.96;280.501;1308.46;2389.33;24.1966
0.31;1027.96;283.563;1311.53;2389.33;26.2135
0.32;1027.96;295.243;1323.2;2389.33;24.15
0.33;1027.96;301.666;1329.63;2389.33;24.3912
0.34;1027.96;302.76;1330.72;2389.33;23.938
0.35;1027.96;315.538;1343.5;2389.33;25.7207
0.36;1027.96;318.274;1346.24;2389.33;30.0171
0.37;1027.96;324.164;1352.13;2389.33;27.7114
0.38;1027.96;334.85;1362.81;2389.33;31.9036
0.39;1027.96;330.399;1358.36;2389.33;29.5055
0.4;1027.96;335.814;1363.78;2389.33;30.4035
0.41;1027.96;341.853;1369.82;2389.33;31.0599
0.42;1027.96;348.135;1376.1;2389.33;30.0853
0.43;1027.96;354.001;1381.96;2389.33;31.016
0.44;1027.96;360.064;1388.03;2389.33;28.1169
0.45;1027.96;363.89;1391.85;2389.33;29.633
0.46;1027.96;359.678;1387.64;2389.33;29.0502
0.47;1027.96;364.883;1392.85;2389.33;29.6385
0.48;1027.96;368.341;1396.3;2389.33;32.3475
0.49;1027.96;372.843;1400.81;2389.33;29.9276
0.5;1027.96;380.211;1408.17;2389.33;30.7284
0.51;1027.96;382.819;1410.78;2389.33;31.0559
0.52;1027.96;386.647;1414.61;2389.33;32.2399
0.53;1027.96;393.434;1421.4;2389.33;32.3013
0.54;1027.96;401.325;1429.29;2389.33;34.7096
0.55;1027.96;400.34;1428.3;2389.33;33.4596
0.56;1027.96;406.557;1434.52;2389.33;32.7399
0.57;1027.96;404.583;1432.55;2389.33;30.2141
0.58;1027.96;411.124;1439.09;2389.33;31.7903
0.59;1027.96;407.795;1435.76;2389.33;31.6013
0.6;1027.96;408.402;1436.36;2389.33;30.1652
0.61;1027.96;414.946;1442.91;2389.33;29.1193
0.62;1027.96;420.353;1448.31;2389.33;28.2892
0.63;1027.96;418.401;1446.36;2389.33;27.2686
0.64;1027.96;427.692;1455.65;2389.33;27.3351
0.65;1027.96;424.833;1452.8;2389.33;27.8768
0.66;1027.96;423.324;1451.29;2389.33;27.3664
0.67;1027.96;429.219;1457.18;2389.33;27.1269
0.68;1027.96;429.057;1457.02;2389.33;26.2614
0.69;1027.96;433.349;1461.31;2389.33;26.4412
0.7;1027.96;441.599;1469.56;2389.33;27.3146
0.71;1027.96;440.062;1468.02;2389.33;27.8016
0.72;1027.96;438.055;1466.02;2389.33;27.9873
0.73;1027.96;442.428;1470.39;2389.33;28.2644
0.74;1027.96;441.027;1468.99;2389.33;27.6177
0.75;1027.96;446.799;1474.76;2389.33;27.082
0.76;1027.96;456.245;1484.21;2389.33;28.0022
0.77;1027.96;452.107;1480.07;2389.33;27.7902
0.78;1027.96;449.471;1477.43;2389.33;28.5691
0.79;1027.96;454.668;1482.63;2389.33;28.8639
0.8;1027.96;452.516;1480.48;2389.33;27.8943
0.81;1027.96;459.45;1487.41;2389.33;27.1298
0.82;1027.96;468.5;1496.46;2389.33;27.1937
0.83;1027.96;462.389;1490.35;2389.33;27.4916
0.839999;1027.96;468.458;1496.42;2389.33;28.1306
0.849999;1027.96;466.113;1494.08;2389.33;28.6928
0.859999;1027.96;470.629;1498.59;2389.33;27.7117
0.869999;1027.96;473.497;1501.46;2389.33;27.6361
0.879999;1027.96;478.542;1506.5;2389.33;30.0507
0.889999;1027.96;475.36;1503.32;2389.33;29.3564
0.899999;1027.96;473.365;1501.33;2389.33;32.3981
0.909999;1027.96;477.774;1505.74;2389.33;33.5041
0.919999;1027.96;487.022;1514.98;2389.33;35.7924
0.929999;1027.96;483.641;1511.6;2389.33;35.4853
0.939999;1027.96;484.335;1512.3;2389.33;38.1697
0.949999;1027.96;484.838;1512.8;2389.33;36.4781
0.959999;1027.96;481.854;1509.82;2389.33;35.7327
0.969999;1027.96;489.379;1517.34;2389.33;37.7798
0.979999;1027.96;487.974;1515.94;2389.33;40.6327
0.989999;1027.96;489.231;1517.19;2389.33;40.0769
0.999999;1027.96;488.146;1516.11;2389.33;42.3511
1.01;1027.96;486.926;1514.89;2389.33;40.1886
1.02;1027.96;493.639;1521.6;2389.33;38.9977
1.03;1027.96;494.33;1522.29;2389.33;40.5191
1.04;1027.96;492.341;1520.3;2389.33;38.8001
1.05;1027.96;493.118;1521.08;2389.33;38.4326
1.06;1027.96;491.226;1519.19;2389.33;37.9807
1.07;1027.96;495.887;1523.85;2389.33;36.067
1.08;1027.96;494.942;1522.9;2389.33;35.3184
1.09;1027.96;501.146;1529.11;2389.33;36.7015
1.1;1027.96;496.031;1523.99;2389.33;35.9827
1.11;1027.96;496.566;1524.53;2389.33;35.5974
1.12;1027.96;504.309;1532.27;2389.33;34.982
1.13;1027.96;509.279;1537.24;2389.33;38.3819
1.14;1027.96;506.341;1534.3;2389.33;38.2815
1.15;1027.96;506.198;1534.16;2389.33;44.1462
1.16;1027.96;504.922;1532.88;2389.33;42.3441
1.17;1027.96;510.047;1538.01;2389.33;42.5148
1.18;1027.96;512.318;1540.28;2389.33;42.4103
1.19;1027.96;507.977;1535.94;2389.33;44.0863
1.2;1027.96;504.227;1532.19;2389.33;41.6484
1.21;1027.96;506.526;1534.49;2389.33;38.744
1.22;1027.96;512.016;1539.98;2389.33;39.243
1.23;1027.96;511.145;1539.11;2389.33;37.8499
1.24;1027.96;509.227;1537.19;2389.33;38.2352
1.25;1027.96;510.441;1538.4;2389.33;37.1034
1.26;1027.96;510.138;1538.1;2389.33;34.6845
1.27;1027.96;516.258;1544.22;2389.33;33.494
1.28;1027.96;519.541;1547.5;2389.33;33.0091
1.29;1027.96;515.17;1543.13;2389.33;33.0044
1.3;1027.96;509.456;1537.42;2389.33;32.1257
1.31;1027.96;513.958;1541.92;2389.33;31.4322
1.32;1027.96;525.35;1553.31;2389.33;31.8956
1.33;1027.96;515.157;1543.12;2389.33;31.9418
1.34;1027.96;515.605;1543.57;2389.33;39.0358
1.35;1027.96;515.113;1543.08;2389.33;37.8635
1.36;1027.96;521.636;1549.6;2389.33;39.2898
1.37;1027.96;522.532;1550.49;2389.33;38.8116
1.38;1027.96;518.665;1546.63;2389.33;43.8042
1.39;1027.96;522.442;1550.4;2389.33;42.1408
1.4;1027.96;519.484;1547.45;2389.33;41.0383
1.41;1027.96;527.924;1555.89;2389.33;41.2793
1.42;1027.96;523.239;1551.2;2389.33;39.6993
1.43;1027.96;527.175;1555.14;2389.33;41.4249
1.44;1027.96;521.885;1549.85;2389.33;41.6335
1.45;1027.96;519.425;1547.39;2389.33;38.9823
1.46;1027.96;526.015;1553.98;2389.33;38.0506
1.47;1027.96;522.357;1550.32;2389.33;37.5051
1.48;1027.96;525.039;1553;2389.33;36.6054
1.49;1027.96;518.651;1546.61;2389.33;35.3828
1.5;1027.96;525.474;1553.44;2389.33;34.3383
1.51;1027.96;531.328;1559.29;2389.33;33.5286
1.52;1027.96;527.212;1555.17;2389.33;33.1433
1.53;1027.96;530.998;1558.96;2389.33;37.3084
1.54;1027.96;526.476;1554.44;2389.33;37.3412
1.55;1027.96;536.142;1564.1;2389.33;37.3757
1.56;1027.96;533.107;1561.07;2389.33;37.4847
1.57;1027.96;537.397;1565.36;2389.33;38.8152
1.58;1027.96;531.567;1559.53;2389.33;37.8472
1.59;1027.96;528.321;1556.28;2389.33;37.91
1.6;1027.96;534.831;1562.79;2389.33;38.8452
1.61;1027.96;532.464;1560.43;2389.33;39.0686
1.62;1027.96;532.991;1560.95;2389.33;39.3687
1.63;1027.96;526.213;1554.18;2389.33;39.5755
1.64;1027.96;527.304;1555.27;2389.33;37.2327
1.65;1027.96;531.889;1559.85;2389.33;37.178
1.66;1027.96;532.3;1560.26;2389.33;37.4619
1.67;1027.96;530.317;1558.28;2389.33;36.9578
1.68;1027.96;528.129;1556.09;2389.33;36.7847
1.69;1027.96;533.352;1561.31;2389.33;36.1161
1.7;1027.96;540.427;1568.39;2389.33;34.9067
1.71;1027.96;536.919;1564.88;2389.33;36.1089
1.72;1027.96;540;1567.96;2389.33;44.2078
1.73;1027.96;532.899;1560.86;2389.33;42.5052
1.74;1027.96;538.763;1566.72;2389.33;41.1732
1.75;1027.96;542.026;1569.99;2389.33;42.5733
1.76;1027.96;539.219;1567.18;2389.33;44.7735
1.77;1027.96;533.62;1561.58;2389.33;42.4925
1.78;1027.96;532.465;1560.43;2389.33;43.1999
1.79;1027.96;538.812;1566.77;2389.33;42.268
1.8;1027.96;537.101;1565.06;2389.33;40.161
1.81;1027.96;537.436;1565.4;2389.33;40.5694
1.82;1027.96;535.612;1563.57;2389.33;41.0864
1.83;1027.96;530.087;1558.05;2389.33;38.1557
1.84;1027.96;540.444;1568.41;2389.33;36.8109
1.85;1027.96;543.791;1571.75;2389.33;36.7077
1.86;1027.96;539.749;1567.71;2389.33;35.8655
1.87;1027.96;531.016;1558.98;2389.33;35.0802
1.88;1027.96;535.845;1563.81;2389.33;34.2499
1.89;1027.96;545.977;1573.94;2389.33;34.5391
1.9;1027.96;537.312;1565.27;2389.33;34.4612
1.91;1027.96;538.331;1566.29;2389.33;44.1304
1.92;1027.96;535.508;1563.47;2389.33;41.9267
1.93;1027.96;542.18;1570.14;2389.33;43.4503
1.94;1027.96;541.638;1569.6;2389.33;43.0938
1.95;1027.96;540.706;1568.67;2389.33;45.4142
1.96;1027.96;542.501;1570.46;2389.33;43.5841
1.97;1027.96;537.597;1565.56;2389.33;42.027
1.98;1027.96;546.205;1574.17;2389.33;42.4097
1.99;1027.96;541.831;1569.79;2389.33;40.1042
2;1027.96;546.767;1574.73;2389.33;42.2086
2.01;1027.96;539.903;1567.87;2389.33;41.6064
2.02;1027.96;537.555;1565.52;2389.33;38.9673
2.03;1027.96;543.456;1571.42;2389.33;37.4229
2.04;1027.96;538.986;1566.95;2389.33;37.3379
2.05;1027.96;542.472;1570.43;2389.33;36.5428
2.06;1027.96;535.527;1563.49;2389.33;35.2676
2.07;1027.96;540.188;1568.15;2389.33;34.7896
2.08;1027.96;543.777;1571.74;2389.33;33.3953
2.09;1027.96;542.403;1570.37;2389.33;33.2961
2.1;1027.96;548.76;1576.72;2389.33;39.0121
2.11;1027.96;540.577;1568.54;2389.33;37.8188
2.12;1027.96;549.166;1577.13;2389.33;36.4308
2.13;1027.96;546.328;1574.29;2389.33;37.2846
2.14;1027.96;553.763;1581.73;2389.33;39.6035
2.15;1027.96;546.254;1574.22;2389.33;38.9716
2.16;1027.96;540.83;1568.79;2389.33;41.8891
2.17;1027.96;547.892;1575.85;2389.33;41.9832
2.18;1027.96;545.733;1573.7;2389.33;41.3737
2.19;1027.96;548.035;1576;2389.33;42.21
2.2;1027.96;540.271;1568.23;2389.33;45.1558
2.21;1027.96;540.028;1567.99;2389.33;41.8693
2.22;1027.96;544.908;1572.87;2389.33;40.8997
2.23;1027.96;541.588;1569.55;2389.33;40.3087
2.24;1027.96;544.63;1572.59;2389.33;38.8466
2.25;1027.96;541.303;1569.27;2389.33;40.4189
2.26;1027.96;540.429;1568.39;2389.33;39.2695
2.27;1027.96;545.966;1573.93;2389.33;37.5819
2.28;1027.96;545.947;1573.91;2389.33;36.9936
2.29;1027.96;553.003;1580.97;2389.33;39.957
2.3;1027.96;541.592;1569.55;2389.33;38.9854
2.31;1027.96;548.401;1576.36;2389.33;38.8523
2.32;1027.96;549.689;1577.65;2389.33;39.8805
2.33;1027.96;550.788;1578.75;2389.33;39.4569
2.34;1027.96;546.984;1574.95;2389.33;38.5538
2.35;1027.96;541.36;1569.32;2389.33;40.9199
2.36;1027.96;549.701;1577.66;2389.33;40.8794
2.37;1027.96;544.813;1572.78;2389.33;40.3848
2.38;1027.96;550.171;1578.13;2389.33;41.3779
2.39;1027.96;545.452;1573.41;2389.33;42.1839
2.4;1027.96;538.702;1566.66;2389.33;39.3306
2.41;1027.96;548.406;1576.37;2389.33;38.9164
2.42;1027.96;544.568;1572.53;2389.33;38.056
2.43;1027.96;549.731;1577.69;2389.33;37.0171
2.44;1027.96;540.529;1568.49;2389.33;36.1082
2.45;1027.96;543.163;1571.12;2389.33;35.2497
2.46;1027.96;551.492;1579.45;2389.33;34.9722
2.47;1027.96;544.806;1572.77;2389.33;34.8891
2.48;1027.96;554.034;1582;2389.33;44.156
2.49;1027.96;543.06;1571.02;2389.33;42.2167
2.5;1027.96;553.312;1581.27;2389.33;42.7788
2.51;1027.96;545.906;1573.87;2389.33;42.3536
2.52;1027.96;556.087;1584.05;2389.33;43.7814
2.53;1027.96;551.052;1579.01;2389.33;42.216
2.54;1027.96;543.203;1571.17;2389.33;49.2721
2.55;1027.96;550.752;1578.71;2389.33;47.4742
2.56;1027.96;546.656;1574.62;2389.33;44.5094
2.57;1027.96;553.974;1581.94;2389.33;44.6707
2.58;1027.96;547.48;1575.44;2389.33;47.4589
2.59;1027.96;546.928;1574.89;2389.33;44.2839
2.6;1027.96;548.762;1576.72;2389.33;42.3029
2.61;1027.96;545.493;1573.46;2389.33;40.4512
2.62;1027.96;549.918;1577.88;2389.33;38.4474
2.63;1027.96;547.607;1575.57;2389.33;37.8592
2.64;1027.96;544.599;1572.56;2389.33;37.3041
2.65;1027.96;542.13;1570.09;2389.33;35.7089
2.66;1027.96;546.327;1574.29;2389.33;35.088
2.67;1027.96;554.604;1582.57;2389.33;39.766
2.68;1027.96;546.004;1573.97;2389.33;38.2708
2.69;1027.96;548.504;1576.47;2389.33;36.8798
2.7;1027.96;548.182;1576.14;2389.33;36.2452
2.71;1027.96;553.709;1581.67;2389.33;33.9809
2.72;1027.96;552.542;1580.5;2389.33;34.5468
2.73;1027.96;548.983;1576.94;2389.33;39.2506
2.74;1027.96;551.156;1579.12;2389.33;37.9177
2.75;1027.96;548.435;1576.4;2389.33;39.5832
2.76;1027.96;552.911;1580.87;2389.33;40.9394
2.77;1027.96;551.67;1579.63;2389.33;45.1685
2.78;1027.96;547.625;1575.59;2389.33;43.4381
2.79;1027.96;549.545;1577.51;2389.33;47.5557
2.8;1027.96;545.775;1573.74;2389.33;45.1722
2.81;1027.96;551.177;1579.14;2389.33;42.6307
2.82;1027.96;549.782;1577.74;2389.33;44.1918
2.83;1027.96;543.19;1571.15;2389.33;43.0645
2.84;1027.96;544.909;1572.87;2389.33;40.5927
2.85;1027.96;546.441;1574.4;2389.33;39.3901
2.86;1027.96;555.483;1583.44;2389.33;40.6102
2.87;1027.96;545.574;1573.54;2389.33;39.4969
2.88;1027.96;550.518;1578.48;2389.33;39.8691
2.89;1027.96;548.859;1576.82;2389.33;40.0763
2.9;1027.96;552.525;1580.49;2389.33;39.0175
2.91;1027.96;554.955;1582.92;2389.33;40.3127
2.92;1027.96;549.92;1577.88;2389.33;48.3495
2.93;1027.96;554.057;1582.02;2389.33;46.5708
2.94;1027.96;545.701;1573.66;2389.33;45.655
2.95;1027.96;555.498;1583.46;2389.33;46.1743
2.96;1027.96;550.874;1578.84;2389.33;46.7139
2.97;1027.96;545.862;1573.82;2389.33;43.4794
2.98;1027.96;548.621;1576.58;2389.33;43.2072
2.99;1027.96;542.104;1570.07;2389.33;39.86
3;1027.96;551.442;1579.4;2389.33;37.4598
3.01;1027.96;547.302;1575.26;2389.33;36.8197
3.02;1027.96;548.03;1575.99;2389.33;36.1838
3.03;1027.96;541.661;1569.62;2389.33;34.5487
3.04;1027.96;547.76;1575.72;2389.33;34.3051
3.05;1027.96;557.425;1585.39;2389.33;40.9625
3.06;1027.96;549.659;1577.62;2389.33;39.8496
3.07;1027.96;553.226;1581.19;2389.33;40.3712
3.08;1027.96;546.497;1574.46;2389.33;38.7199
3.09;1027.96;553.908;1581.87;2389.33;36.6481
3.1;1027.96;551.555;1579.52;2389.33;36.4668
3.11;1027.96;550.148;1578.11;2389.33;45.6332
3.12;1027.96;548.798;1576.76;2389.33;43.0626
3.13;1027.96;546.721;1574.68;2389.33;46.6655
3.14;1027.96;551.374;1579.34;2389.33;45.5869
3.15;1027.96;550.254;1578.22;2389.33;48.0128
3.16;1027.96;552.96;1580.92;2389.33;46.7093
3.17;1027.96;548.518;1576.48;2389.33;49.5879
3.18;1027.96;549.513;1577.48;2389.33;46.1513
3.19;1027.96;550.461;1578.42;2389.33;42.8284
3.2;1027.96;555.4;1583.36;2389.33;47.1108
3.21;1027.96;548.912;1576.87;2389.33;45.2097
3.22;1027.96;547.787;1575.75;2389.33;42.3503
3.23;1027.96;547.983;1575.95;2389.33;40.4291
3.24;1027.96;552.039;1580;2389.33;38.8109
3.25;1027.96;549.875;1577.84;2389.33;38.055
3.26;1027.96;547.572;1575.53;2389.33;37.1324
3.27;1027.96;547.904;1575.87;2389.33;36.8616
3.28;1027.96;548.456;1576.42;2389.33;34.6052
3.29;1027.96;552.778;1580.74;2389.33;34.4366
3.3;1027.96;557.167;1585.13;2389.33;39.3893
3.31;1027.96;550.865;1578.83;2389.33;38.17
3.32;1027.96;547.942;1575.9;2389.33;40.2153
3.33;1027.96;552.423;1580.39;2389.33;39.5888
3.34;1027.96;557.772;1585.73;2389.33;39.9808
3.35;1027.96;552.598;1580.56;2389.33;39.7704
3.36;1027.96;550.618;1578.58;2389.33;45.2012
3.37;1027.96;548.344;1576.31;2389.33;42.7407
3.38;1027.96;551.559;1579.52;2389.33;41.3489
3.39;1027.96;553.687;1581.65;2389.33;43.617
3.4;1027.96;547.888;1575.85;2389.33;42.3301
3.41;1027.96;547.209;1575.17;2389.33;41.1037
3.42;1027.96;545.795;1573.76;2389.33;41.4551
3.43;1027.96;551.646;1579.61;2389.33;41.9314
3.44;1027.96;548.134;1576.1;2389.33;40.4933
3.45;1027.96;551.166;1579.13;2389.33;41.1469
3.46;1027.96;546.753;1574.71;2389.33;39.7451
3.47;1027.96;549.378;1577.34;2389.33;38.5097
3.48;1027.96;556.058;1584.02;2389.33;40.0959
3.49;1027.96;556.98;1584.94;2389.33;46.3624
3.5;1027.96;554.256;1582.22;2389.33;44.4622
3.51;1027.96;546.839;1574.8;2389.33;50.1249
3.52;1027.96;553.745;1581.71;2389.33;49.497
3.53;1027.96;554.011;1581.97;2389.33;49.7284
3.54;1027.96;551.829;1579.79;2389.33;48.7705
3.55;1027.96;548.129;1576.09;2389.33;50.4897
3.56;1027.96;544.213;1572.18;2389.33;45.7324
3.57;1027.96;550.159;1578.12;2389.33;42.1016
3.58;1027.96;550.029;1577.99;2389.33;42.9788
3.59;1027.96;550.503;1578.47;2389.33;41.7056
3.6;1027.96;544.797;1572.76;2389.33;39.2161
3.61;1027.96;547.932;1575.89;2389.33;38.1188
3.62;1027.96;556.604;1584.57;2389.33;36.4715
3.63;1027.96;552.038;1580;2389.33;35.7462
3.64;1027.96;554.835;1582.8;2389.33;38.2542
3.65;1027.96;548.245;1576.21;2389.33;37.4377
3.66;1027.96;551.551;1579.51;2389.33;35.9178
3.67;1027.96;550.182;1578.14;2389.33;35.2587
3.68;1027.96;560.88;1588.84;2389.33;37.5842
3.69;1027.96;548.017;1575.98;2389.33;36.5422
3.7;1027.96;546.753;1574.72;2389.33;41.2045
3.71;1027.96;548.553;1576.52;2389.33;39.9747
3.72;1027.96;551.129;1579.09;2389.33;41.1857
3.73;1027.96;555.144;1583.11;2389.33;41.3075
3.74;1027.96;548.457;1576.42;2389.33;44.8333
3.75;1027.96;550.424;1578.39;2389.33;43.0457
3.76;1027.96;549.659;1577.62;2389.33;40.7047
3.77;1027.96;556.018;1583.98;2389.33;44.5037
3.78;1027.96;550.511;1578.47;2389.33;42.6554
3.79;1027.96;550.031;1577.99;2389.33;42.7321
3.8;1027.96;547.527;1575.49;2389.33;41.9256
3.81;1027.96;548.46;1576.42;2389.33;39.2711
3.82;1027.96;550.183;1578.15;2389.33;38.6359
3.83;1027.96;550.456;1578.42;2389.33;38.32
3.84;1027.96;547.765;1575.73;2389.33;37.7554
3.85;1027.96;548.528;1576.49;2389.33;35.7633
3.86;1027.96;553.133;1581.09;2389.33;35.9593
3.87;1027.96;556.349;1584.31;2389.33;38.9676
3.88;1027.96;553.387;1581.35;2389.33;37.8526
3.89;1027.96;546.388;1574.35;2389.33;41.2025
3.9;1027.96;553.621;1581.58;2389.33;42.4813
3.91;1027.96;552.005;1579.97;2389.33;44.7808
3.92;1027.96;550.265;1578.23;2389.33;43.8462
3.93;1027.96;547.638;1575.6;2389.33;48.6011
3.94;1027.96;544.807;1572.77;2389.33;45.2347
3.95;1027.96;552.463;1580.43;2389.33;43.0404
3.96;1027.96;547.757;1575.72;2389.33;44.0324
3.97;1027.96;544.923;1572.89;2389.33;41.7489
3.98;1027.96;544.968;1572.93;2389.33;41.1498
3.99;1027.96;550.867;1578.83;2389.33;40.6209
4;1027.96;557.483;1585.44;2389.33;44.6402
4.01;1027.96;549;1576.96;2389.33;42.6857
4.02;1027.96;551.489;1579.45;2389.33;47.878
4.03;1027.96;549.229;1577.19;2389.33;46.9449
4.04;1027.96;554.38;1582.34;2389.33;46.4505
4.05;1027.96;553.454;1581.42;2389.33;46.6287
4.06;1027.96;546.587;1574.55;2389.33;49.133
4.07;1027.96;545.211;1573.17;2389.33;44.7492
4.08;1027.96;547.079;1575.04;2389.33;41.4777
4.09;1027.96;551.409;1579.37;2389.33;43.4715
4.1;1027.96;549.567;1577.53;2389.33;42.4394
4.11;1027.96;544.124;1572.09;2389.33;39.8519
4.12;1027.96;547.003;1574.96;2389.33;38.5325
4.13;1027.96;555.337;1583.3;2389.33;36.805
4.14;1027.96;550.872;1578.83;2389.33;36.2484
4.15;1027.96;553.348;1581.31;2389.33;36.1904
4.16;1027.96;546.361;1574.32;2389.33;35.6315
4.17;1027.96;552.763;1580.72;2389.33;34.6323
4.18;1027.96;550.037;1578;2389.33;34.3684
4.19;1027.96;554.721;1582.68;2389.33;39.8282
4.2;1027.96;549.187;1577.15;2389.33;38.567
4.21;1027.96;545.377;1573.34;2389.33;39.5599
4.22;1027.96;550.615;1578.58;2389.33;39.1877
4.23;1027.96;549.155;1577.12;2389.33;41.0445
4.24;1027.96;551.782;1579.74;2389.33;40.3574
4.25;1027.96;548.695;1576.66;2389.33;41.1658
4.26;1027.96;544.752;1572.71;2389.33;39.1442
4.27;1027.96;550.997;1578.96;2389.33;37.4437
4.28;1027.96;548.245;1576.21;2389.33;41.445
4.29;1027.96;546.815;1574.78;2389.33;40.2865
4.3;1027.96;541.941;1569.9;2389.33;38.417
4.31;1027.96;547.299;1575.26;2389.33;37.3171
4.32;1027.96;555.23;1583.19;2389.33;36.6627
4.33;1027.96;546.6;1574.56;2389.33;36.1676
4.34;1027.96;551.096;1579.06;2389.33;38.7982
4.35;1027.96;548.23;1576.19;2389.33;38.3033
4.36;1027.96;558.09;1586.05;2389.33;37.1317
4.37001;1027.96;552.72;1580.68;2389.33;37.4313
4.38001;1027.96;548.588;1576.55;2389.33;43.8066
4.39001;1027.96;547.742;1575.7;2389.33;41.3279
4.40001;1027.96;549.235;1577.2;2389.33;39.8874
4.41001;1027.96;551.81;1579.77;2389.33;42.2214
4.42001;1027.96;545.666;1573.63;2389.33;41.0676
4.43001;1027.96;545.292;1573.25;2389.33;40.0785
4.44001;1027.96;544.316;1572.28;2389.33;40.1288
4.45001;1027.96;553.028;1580.99;2389.33;42.9327
4.46001;1027.96;545.395;1573.36;2389.33;41.1864
4.47001;1027.96;550.989;1578.95;2389.33;42.5324
4.48001;1027.96;545.518;1573.48;2389.33;40.9281
4.49001;1027.96;549.929;1577.89;2389.33;39.9069
4.50001;1027.96;555.02;1582.98;2389.33;41.102
4.51001;1027.96;551.927;1579.89;2389.33;47.923
4.52001;1027.96;552.451;1580.41;2389.33;45.9533
4.53001;1027.96;543.797;1571.76;2389.33;48.9753
4.54001;1027.96;554.587;1582.55;2389.33;49.9628
4.55001;1027.96;548.688;1576.65;2389.33;49.8135
4.56001;1027.96;544.897;1572.86;2389.33;47.5337
4.57001;1027.96;548.559;1576.52;2389.33;48.205
4.58001;1027.96;545.202;1573.16;2389.33;44.6584
4.59001;1027.96;551.383;1579.35;2389.33;42.2316
4.60001;1027.96;544.12;1572.08;2389.33;40.8102
4.61001;1027.96;545.214;1573.18;2389.33;39.0647
4.62001;1027.96;550.059;1578.02;2389.33;37.7746
4.63001;1027.96;547.466;1575.43;2389.33;36.8626
4.64001;1027.96;553.055;1581.02;2389.33;46.3664
4.65001;1027.96;544.944;1572.91;2389.33;43.6095
4.66001;1027.96;544.192;1572.15;2389.33;48.5664
4.67001;1027.96;548.157;1576.12;2389.33;46.6648
4.68001;1027.96;547.708;1575.67;2389.33;49.0078
4.69001;1027.96;550.315;1578.28;2389.33;47.489
4.70001;1027.96;546.976;1574.94;2389.33;49.9141
4.71001;1027.96;546.158;1574.12;2389.33;46.0647
4.72001;1027.96;548.815;1576.78;2389.33;42.7693
4.73001;1027.96;549.972;1577.93;2389.33;46.3895
4.74001;1027.96;545.415;1573.38;2389.33;44.3424
4.75001;1027.96;542.944;1570.91;2389.33;41.3814
4.76001;1027.96;545.218;1573.18;2389.33;39.662
4.77001;1027.96;553.659;1581.62;2389.33;39.2487
4.78001;1027.96;545.482;1573.44;2389.33;38.2287
4.79001;1027.96;548.925;1576.89;2389.33;38.3901
4.80001;1027.96;546.483;1574.44;2389.33;38.1844
4.81002;1027.96;553.093;1581.05;2389.33;36.2034
4.82002;1027.96;551.785;1579.75;2389.33;36.3931
4.83002;1027.96;547.158;1575.12;2389.33;41.0219
4.84002;1027.96;550.771;1578.73;2389.33;39.5458
4.85002;1027.96;547.289;1575.25;2389.33;39.3855
4.86002;1027.96;552.437;1580.4;2389.33;40.5888
4.87002;1027.96;546.256;1574.22;2389.33;41.6313
4.88002;1027.96;544.928;1572.89;2389.33;39.9397
4.89002;1027.96;545.182;1573.14;2389.33;41.291
4.90002;1027.96;543.253;1571.21;2389.33;39.1253
4.91002;1027.96;548.977;1576.94;2389.33;37.6795
4.92002;1027.96;543.852;1571.81;2389.33;38.3637
4.93002;1027.96;542.63;1570.59;2389.33;37.4012
4.94002;1027.96;546.221;1574.18;2389.33;36.4855
4.95002;1027.96;551.476;1579.44;2389.33;36.55
4.96002;1027.96;553.553;1581.52;2389.33;46.5405
4.97002;1027.96;548.716;1576.68;2389.33;44.8409
4.98002;1027.96;543.824;1571.79;2389.33;46.9419
4.99002;1027.96;552.186;1580.15;2389.33;46.5388
5.00002;1027.96;549.211;1577.17;2389.33;47.5889
5.01002;1027.96;543.498;1571.46;2389.33;44.6641
5.02002;1027.96;545.778;1573.74;2389.33;44.8734
5.03002;1027.96;539.916;1567.88;2389.33;41.0981
5.04002;1027.96;549.148;1577.11;2389.33;38.9471
5.05002;1027.96;543.851;1571.81;2389.33;38.2793
5.06002;1027.96;544.549;1572.51;2389.33;37.2144
5.07002;1027.96;542.174;1570.14;2389.33;35.2991
5.08002;1027.96;544.118;1572.08;2389.33;34.6397
5.09002;1027.96;557.81;1585.77;2389.33;44.7564
5.10002;1027.96;543.289;1571.25;2389.33;42.6957
5.11002;1027.96;552.767;1580.73;2389.33;44.7959
5.12002;1027.96;544.037;1572;2389.33;42.8224
5.13002;1027.96;555.609;1583.57;2389.33;45.1761
5.14002;1027.96;550.731;1578.69;2389.33;43.5241
5.15002;1027.96;542.546;1570.51;2389.33;47.1954
5.16002;1027.96;550.691;1578.65;2389.33;44.4294
5.17002;1027.96;545.816;1573.78;2389.33;41.5256
5.18002;1027.96;553.167;1581.13;2389.33;44.9973
5.19002;1027.96;545.442;1573.4;2389.33;44.6324
5.20002;1027.96;544.036;1572;2389.33;42.9073
5.21002;1027.96;546.357;1574.32;2389.33;41.0566
5.22002;1027.96;543.852;1571.81;2389.33;39.5474
5.23002;1027.96;547.355;1575.32;2389.33;38.2984
5.24003;1027.96;539.379;1567.34;2389.33;38.6268
5.25003;1027.96;543.464;1571.43;2389.33;37.8884
5.26003;1027.96;545.152;1573.11;2389.33;35.5126
5.27003;1027.96;547.81;1575.77;2389.33;34.994
5.28003;1027.96;551.359;1579.32;2389.33;40.7021
5.29003;1027.96;545.945;1573.91;2389.33;39.0132
5.30003;1027.96;545.006;1572.97;2389.33;40.4183
5.31003;1027.96;549.348;1577.31;2389.33;41.3904
5.32003;1027.96;548.751;1576.71;2389.33;45.0311
5.33003;1027.96;543.773;1571.74;2389.33;43.3833
5.34003;1027.96;546.718;1574.68;2389.33;42.8488
5.35003;1027.96;541.657;1569.62;2389.33;41.0901
5.36003;1027.96;547.274;1575.24;2389.33;39.2943
5.37003;1027.96;542.687;1570.65;2389.33;41.2295
5.38003;1027.96;540.052;1568.01;2389.33;40.0934
5.39003;1027.96;546.419;1574.38;2389.33;38.6517
5.40003;1027.96;547.637;1575.6;2389.33;38.0359
5.41003;1027.96;552.084;1580.05;2389.33;45.7805
5.42003;1027.96;544.197;1572.16;2389.33;44.2824
5.43003;1027.96;546.384;1574.35;2389.33;45.1359
5.44003;1027.96;550.751;1578.71;2389.33;46.0782
5.45003;1027.96;549.495;1577.46;2389.33;45.8043
5.46003;1027.96;541.861;1569.82;2389.33;42.2711
5.47003;1027.96;542.229;1570.19;2389.33;41.0833
5.48003;1027.96;542.042;1570;2389.33;39.0703
5.49003;1027.96;546.246;1574.21;2389.33;36.91
5.50003;1027.96;542.838;1570.8;2389.33;36.5692
5.51003;1027.96;541.477;1569.44;2389.33;35.8803
5.52003;1027.96;545.321;1573.28;2389.33;34.005
5.53003;1027.96;542.305;1570.27;2389.33;34.04
5.54003;1027.96;552.66;1580.62;2389.33;44.4583
5.55003;1027.96;540.268;1568.23;2389.33;42.2538
5.56003;1027.96;549.147;1577.11;2389.33;43.773
5.57003;1027.96;545.172;1573.13;2389.33;42.9717
5.58003;1027.96;545.615;1573.58;2389.33;43.4662
5.59003;1027.96;546.313;1574.28;2389.33;41.7507
5.60003;1027.96;541.161;1569.12;2389.33;41.0227
5.61003;1027.96;549.363;1577.32;2389.33;41.2764
5.62003;1027.96;545.114;1573.08;2389.33;38.9954
5.63003;1027.96;548.321;1576.28;2389.33;41.9156
5.64003;1027.96;541.264;1569.23;2389.33;40.8155
5.65003;1027.96;538.659;1566.62;2389.33;38.044
5.66003;1027.96;543.02;1570.98;2389.33;37.0149
5.67003;1027.96;548.05;1576.01;2389.33;39.1959
5.68004;1027.96;542.173;1570.14;2389.33;38.256
5.69004;1027.96;540.442;1568.4;2389.33;36.2213
5.70004;1027.96;544.444;1572.41;2389.33;35.5635
5.71004;1027.96;549.354;1577.32;2389.33;36.6607
5.72004;1027.96;547.349;1575.31;2389.33;36.3862
5.73004;1027.96;539.3;1567.26;2389.33;41.1322
5.74004;1027.96;546.277;1574.24;2389.33;39.8859
5.75004;1027.96;545.15;1573.11;2389.33;40.2855
5.76004;1027.96;546.932;1574.89;2389.33;41.1056
5.77004;1027.96;540.322;1568.28;2389.33;44.2126
5.78004;1027.96;538.428;1566.39;2389.33;41.4433
5.79004;1027.96;543.68;1571.64;2389.33;41.1004
5.80004;1027.96;543.162;1571.12;2389.33;42.2643
5.81004;1027.96;540.429;1568.39;2389.33;40.7619
5.82004;1027.96;537.732;1565.69;2389.33;40.3763
5.83004;1027.96;543.917;1571.88;2389.33;39.1193
5.84004;1027.96;549.631;1577.59;2389.33;42.4127
5.85004;1027.96;547.644;1575.61;2389.33;42.6804
5.86004;1027.96;541.154;1569.12;2389.33;51.609
5.87004;1027.96;545.35;1573.31;2389.33;48.5891
5.88004;1027.96;542.882;1570.84;2389.33;48.1742
5.89004;1027.96;546.8;1574.76;2389.33;48.0372
5.90004;1027.96;542.53;1570.49;2389.33;50.1142
5.91004;1027.96;536.035;1564;2389.33;45.9698
5.92004;1027.96;542.974;1570.94;2389.33;42.7162
5.93004;1027.96;538.542;1566.5;2389.33;40.8562
5.94004;1027.96;544.449;1572.41;2389.33;38.8199
5.95004;1027.96;537.527;1565.49;2389.33;38.4745
5.96004;1027.96;538.814;1566.78;2389.33;37.7324
5.97004;1027.96;549.667;1577.63;2389.33;37.4428
5.98004;1027.96;540.176;1568.14;2389.33;36.4653
5.99004;1027.96;549.781;1577.74;2389.33;44.5042
6.00004;1027.96;538.505;1566.47;2389.33;42.5761
6.01004;1027.96;548.663;1576.63;2389.33;43.0272
6.02004;1027.96;543.513;1571.48;2389.33;42.3729
6.03004;1027.96;543.603;1571.57;2389.33;45.7292
6.04004;1027.96;545.449;1573.41;2389.33;43.8445
6.05004;1027.96;538.274;1566.24;2389.33;41.9033
6.06004;1027.96;546.963;1574.93;2389.33;42.904
6.07004;1027.96;542.561;1570.52;2389.33;41.4704
6.08004;1027.96;547.19;1575.15;2389.33;43.3383
6.09004;1027.96;540.931;1568.89;2389.33;46.2312
6.10004;1027.96;536.94;1564.9;2389.33;42.8656
6.11004;1027.96;543.135;1571.1;2389.33;41.2183
6.12005;1027.96;541.518;1569.48;2389.33;40.6059
6.13005;1027.96;539.816;1567.78;2389.33;39.4509
6.14005;1027.96;539.132;1567.09;2389.33;37.0108
6.15005;1027.96;544.072;1572.03;2389.33;36.4358
6.16005;1027.96;548.422;1576.38;2389.33;36.396
6.17005;1027.96;545.121;1573.08;2389.33;35.7663
6.18005;1027.96;537.596;1565.56;2389.33;36.8376
6.19005;1027.96;545.264;1573.23;2389.33;38.1696
6.20005;1027.96;543.032;1570.99;2389.33;40.37
6.21005;1027.96;541.898;1569.86;2389.33;40.0164
6.22005;1027.96;537.244;1565.21;2389.33;41.6686
6.23005;1027.96;536.304;1564.27;2389.33;39.307
6.24005;1027.96;542.164;1570.13;2389.33;38.2248
6.25005;1027.96;538.378;1566.34;2389.33;39.8957
6.26005;1027.96;537.165;1565.13;2389.33;38.6696
6.27005;1027.96;535.936;1563.9;2389.33;37.6835
6.28005;1027.96;543.6;1571.56;2389.33;36.9423
6.29005;1027.96;548.506;1576.47;2389.33;37.2909
6.30005;1027.96;543.176;1571.14;2389.33;37.462
6.31005;1027.96;539.975;1567.94;2389.33;43.9057
6.32005;1027.96;542.423;1570.39;2389.33;43.0497
6.33005;1027.96;542.878;1570.84;2389.33;43.4751
6.34005;1027.96;542.17;1570.13;2389.33;42.6164
6.35005;1027.96;539.817;1567.78;2389.33;44.3807
6.36005;1027.96;531.935;1559.9;2389.33;40.7351
6.37005;1027.96;543.132;1571.09;2389.33;38.0855
6.38005;1027.96;534.175;1562.14;2389.33;37.4025
6.39005;1027.96;539.722;1567.68;2389.33;36.4374
6.40005;1027.96;534.179;1562.14;2389.33;35.3169
6.41005;1027.96;538.341;1566.3;2389.33;34.5677
6.42005;1027.96;551.21;1579.17;2389.33;44.271
6.43005;1027.96;536.574;1564.54;2389.33;41.9057
6.44005;1027.96;536.781;1564.74;2389.33;47.3676
6.45005;1027.96;537.655;1565.62;2389.33;44.8383
6.46005;1027.96;541.896;1569.86;2389.33;46.9147
6.47005;1027.96;544.607;1572.57;2389.33;45.8004
6.48005;1027.96;537.902;1565.86;2389.33;48.7046
6.49005;1027.96;539.381;1567.34;2389.33;45.7908
6.50005;1027.96;540.22;1568.18;2389.33;42.7687
6.51005;1027.96;544.225;1572.19;2389.33;45.7518
6.52005;1027.96;538.926;1566.89;2389.33;43.9091
6.53005;1027.96;536.901;1564.86;2389.33;42.8626
6.54005;1027.96;536.922;1564.88;2389.33;41.4228
6.55006;1027.96;543.374;1571.34;2389.33;41.7658
6.56006;1027.96;538.165;1566.13;2389.33;40.218
6.57006;1027.96;541.798;1569.76;2389.33;40.0953
6.58006;1027.96;537.722;1565.68;2389.33;39.1746
6.59006;1027.96;544.57;1572.53;2389.33;38.356
6.60006;1027.96;543.94;1571.9;2389.33;38.4196
6.61006;1027.96;538.526;1566.49;2389.33;43.4373
6.62006;1027.96;541.217;1569.18;2389.33;41.2453
6.63006;1027.96;538.965;1566.93;2389.33;39.0249
6.64006;1027.96;543.614;1571.58;2389.33;41.2847
6.65006;1027.96;536.884;1564.85;2389.33;41.6223
6.66006;1027.96;535.483;1563.44;2389.33;40.4367
6.67006;1027.96;534.94;1562.9;2389.33;41.7254
6.68006;1027.96;541.237;1569.2;2389.33;41.934
6.69006;1027.96;536.885;1564.85;2389.33;40.2601
6.70006;1027.96;539.523;1567.48;2389.33;41.226
6.71006;1027.96;536.28;1564.24;2389.33;39.5601
6.72006;1027.96;541.084;1569.05;2389.33;38.3781
6.73006;1027.96;544.968;1572.93;2389.33;39.8136
6.74006;1027.96;540.078;1568.04;2389.33;47.8863
6.75006;1027.96;542.962;1570.92;2389.33;45.7531
6.76006;1027.96;534.404;1562.37;2389.33;43.283
6.77006;1027.96;544.886;1572.85;2389.33;45.507
6.78006;1027.96;538.531;1566.49;2389.33;46.7547
6.79006;1027.96;533.915;1561.88;2389.33;44.8761
6.80006;1027.96;539.548;1567.51;2389.33;43.6405
6.81006;1027.96;535.605;1563.57;2389.33;40.6546
6.82006;1027.96;541.777;1569.74;2389.33;38.4454
6.83006;1027.96;532.03;1559.99;2389.33;37.6883
6.84006;1027.96;535.582;1563.54;2389.33;37.0356
6.85006;1027.96;541.846;1569.81;2389.33;35.7194
6.86006;1027.96;537.747;1565.71;2389.33;35.3013
6.87006;1027.96;541.332;1569.29;2389.33;44.9955
6.88006;1027.96;535.136;1563.1;2389.33;42.3858
6.89006;1027.96;534.717;1562.68;2389.33;42.3165
6.90006;1027.96;539.374;1567.34;2389.33;41.7373
6.91006;1027.96;537.495;1565.46;2389.33;44.7917
6.92006;1027.96;539.087;1567.05;2389.33;43.6775
6.93006;1027.96;537.787;1565.75;2389.33;42.1962
6.94006;1027.96;535.817;1563.78;2389.33;40.2818
6.95006;1027.96;539.7;1567.66;2389.33;37.977
6.96006;1027.96;536.711;1564.67;2389.33;41.6848
6.97006;1027.96;534.219;1562.18;2389.33;40.1478
6.98006;1027.96;531.571;1559.53;2389.33;37.7054
6.99007;1027.96;536.161;1564.12;2389.33;36.6337
7.00007;1027.96;544.915;1572.88;2389.33;38.6082
7.01007;1027.96;534.938;1562.9;2389.33;37.3334
7.02007;1027.96;541.921;1569.88;2389.33;37.8991
7.03007;1027.96;539.094;1567.06;2389.33;37.9422
7.04007;1027.96;547.407;1575.37;2389.33;36.8358
7.05007;1027.96;539.626;1567.59;2389.33;36.1613
7.06007;1027.96;535.911;1563.87;2389.33;39.3329
7.07007;1027.96;538.735;1566.7;2389.33;38.3
7.08007;1027.96;538.812;1566.77;2389.33;37.3894
7.09007;1027.96;539.956;1567.92;2389.33;39.4043
7.10007;1027.96;531.505;1559.47;2389.33;39.0712
7.11007;1027.96;532.677;1560.64;2389.33;37.224
7.12007;1027.96;533.829;1561.79;2389.33;36.9482
7.13007;1027.96;543.179;1571.14;2389.33;44.883
7.14007;1027.96;533.028;1560.99;2389.33;42.6559
7.15007;1027.96;538.137;1566.1;2389.33;41.9484
7.16007;1027.96;539.534;1567.5;2389.33;41.9756
7.17007;1027.96;541.4;1569.36;2389.33;44.1208
7.18007;1027.96;538.343;1566.31;2389.33;42.5912
7.19007;1027.96;531.693;1559.66;2389.33;44.3411
7.20007;1027.96;539.248;1567.21;2389.33;43.4058
7.21007;1027.96;535.682;1563.64;2389.33;42.307
7.22007;1027.96;539.171;1567.13;2389.33;42.9673
7.23007;1027.96;535.116;1563.08;2389.33;42.6659
7.24007;1027.96;527.832;1555.79;2389.33;39.474
7.25007;1027.96;538.063;1566.03;2389.33;39.0932
7.26007;1027.96;542.49;1570.45;2389.33;41.8988
7.27007;1027.96;537.163;1565.13;2389.33;40.1537
7.28007;1027.96;536.019;1563.98;2389.33;38.5156
7.29007;1027.96;533.65;1561.61;2389.33;37.3585
7.30007;1027.96;542.651;1570.61;2389.33;39.0571
7.31007;1027.96;537.501;1565.46;2389.33;38.0782
7.32007;1027.96;532.561;1560.52;2389.33;47.0478
7.33007;1027.96;534.914;1562.88;2389.33;44.0504
7.34007;1027.96;534.345;1562.31;2389.33;43.1816
7.35007;1027.96;540.801;1568.76;2389.33;44.1137
7.36007;1027.96;535.646;1563.61;2389.33;48.1964
7.37007;1027.96;534.385;1562.35;2389.33;45.2269
7.38007;1027.96;536.637;1564.6;2389.33;42.3935
7.39007;1027.96;533.999;1561.96;2389.33;41.8149
7.40007;1027.96;536.754;1564.72;2389.33;40.0297
7.41007;1027.96;531.233;1559.19;2389.33;40.1596
7.42007;1027.96;533.055;1561.02;2389.33;39.2309
7.43008;1027.96;539.049;1567.01;2389.33;37.6966
7.44008;1027.96;535.542;1563.5;2389.33;36.6336
7.45008;1027.96;537.881;1565.84;2389.33;43.2698
7.46008;1027.96;534.529;1562.49;2389.33;41.2338
7.47008;1027.96;540.499;1568.46;2389.33;42.8445
7.48008;1027.96;539.637;1567.6;2389.33;42.6686
7.49008;1027.96;539.413;1567.38;2389.33;46.8523
7.50008;1027.96;533.23;1561.19;2389.33;43.8564
7.51008;1027.96;536.408;1564.37;2389.33;42.0014
7.52008;1027.96;535.143;1563.11;2389.33;41.5837
7.53008;1027.96;535.527;1563.49;2389.33;39.9444
7.54008;1027.96;533.628;1561.59;2389.33;41.5248
7.55008;1027.96;530.429;1558.39;2389.33;39.8946
7.56008;1027.96;536.572;1564.53;2389.33;38.6705
7.57008;1027.96;532.436;1560.4;2389.33;37.1991
7.58008;1027.96;541.605;1569.57;2389.33;43.8771
7.59008;1027.96;530.697;1558.66;2389.33;42.1724
7.60008;1027.96;537.251;1565.21;2389.33;42.1247
7.61008;1027.96;540.227;1568.19;2389.33;43.1316
7.62008;1027.96;538.216;1566.18;2389.33;44.009
7.63008;1027.96;533.923;1561.89;2389.33;42.5644
7.64008;1027.96;530.158;1558.12;2389.33;40.18
7.65008;1027.96;536.835;1564.8;2389.33;41.4364
7.66008;1027.96;535.016;1562.98;2389.33;40.0734
7.67008;1027.96;532.029;1559.99;2389.33;41.0973
7.68008;1027.96;531.787;1559.75;2389.33;39.8622
7.69008;1027.96;536.106;1564.07;2389.33;37.108
7.70008;1027.96;534.75;1562.71;2389.33;36.1667
7.71008;1027.96;541.68;1569.64;2389.33;37.8448
7.72008;1027.96;531.612;1559.57;2389.33;37.255
7.73008;1027.96;537.247;1565.21;2389.33;36.7163
7.74008;1027.96;534.662;1562.62;2389.33;36.001
7.75008;1027.96;539.333;1567.29;2389.33;38.7839
7.76008;1027.96;537.003;1564.97;2389.33;37.8929
7.77008;1027.96;530.056;1558.02;2389.33;38.6268
7.78008;1027.96;537.524;1565.49;2389.33;38.6897
7.79008;1027.96;534.338;1562.3;2389.33;39.701
7.80008;1027.96;537.861;1565.82;2389.33;39.9512
7.81008;1027.96;532.992;1560.95;2389.33;40.6574
7.82008;1027.96;528.637;1556.6;2389.33;38.5543
7.83008;1027.96;535.727;1563.69;2389.33;37.4486
7.84008;1027.96;529.42;1557.38;2389.33;37.9946
7.85008;1027.96;532.38;1560.34;2389.33;37.291
7.86009;1027.96;525.858;1553.82;2389.33;35.5882
7.87009;1027.96;533.224;1561.19;2389.33;34.589
7.88009;1027.96;538.905;1566.87;2389.33;33.6668
7.89009;1027.96;534.261;1562.22;2389.33;33.5331
7.90009;1027.96;531.686;1559.65;2389.33;38.5761
7.91009;1027.96;533.641;1561.6;2389.33;38.3205
7.92009;1027.96;539.954;1567.92;2389.33;38.2785
7.93009;1027.96;537.017;1564.98;2389.33;38.0841
7.94009;1027.96;533.933;1561.9;2389.33;44.9741
7.95009;1027.96;530.302;1558.26;2389.33;42.5216
7.96009;1027.96;535.016;1562.98;2389.33;41.2035
7.97009;1027.96;534.707;1562.67;2389.33;43.3915
7.98009;1027.96;531.635;1559.6;2389.33;41.445
7.99009;1027.96;530.69;1558.65;2389.33;40.7709
8.00009;1027.96;529.467;1557.43;2389.33;39.4407
8.01009;1027.96;538.647;1566.61;2389.33;42.6706
8.02009;1027.96;529.424;1557.39;2389.33;40.6184
8.03009;1027.96;538.483;1566.45;2389.33;46.2607
8.04009;1027.96;529.627;1557.59;2389.33;44.3225
8.05009;1027.96;535.705;1563.67;2389.33;42.4925
8.06009;1027.96;539.27;1567.23;2389.33;43.0734
8.07009;1027.96;532.765;1560.73;2389.33;45.9471
8.08009;1027.96;532.629;1560.59;2389.33;44.7151
8.09009;1027.96;528.51;1556.47;2389.33;45.3945
8.10009;1027.96;537.363;1565.33;2389.33;47.4063
8.11009;1027.96;532.453;1560.42;2389.33;46.1369
8.12009;1027.96;529.329;1557.29;2389.33;44.1482
8.13009;1027.96;531.251;1559.21;2389.33;44.6087
8.14009;1027.96;532.446;1560.41;2389.33;42.5795
8.15009;1027.96;535.187;1563.15;2389.33;40.806
8.16009;1027.96;535.901;1563.86;2389.33;40.3697
8.17009;1027.96;530.68;1558.64;2389.33;38.7699
8.18009;1027.96;530.307;1558.27;2389.33;37.0901
8.19009;1027.96;531.247;1559.21;2389.33;36.0588
8.20009;1027.96;542.549;1570.51;2389.33;41.9328
8.21009;1027.96;530.457;1558.42;2389.33;39.8707
8.22009;1027.96;528.217;1556.18;2389.33;47.4954
8.23009;1027.96;531.033;1559;2389.33;45.8964
8.24009;1027.96;531.302;1559.26;2389.33;46.9739
8.25009;1027.96;536.064;1564.03;2389.33;45.5538
8.26009;1027.96;531.09;1559.05;2389.33;48.9766
8.27009;1027.96;528.853;1556.82;2389.33;45.6756
8.28009;1027.96;533.014;1560.98;2389.33;42.3245
8.29009;1027.96;532.909;1560.87;2389.33;44.9561
8.30009;1027.96;530.241;1558.2;2389.33;42.8439
8.31009;1027.96;526.412;1554.37;2389.33;42.8242
8.3201;1027.96;528.994;1556.96;2389.33;40.7605
8.3301;1027.96;537.611;1565.57;2389.33;41.3832
8.3401;1027.96;528.946;1556.91;2389.33;40.0724
8.3501;1027.96;534.568;1562.53;2389.33;41.8512
8.3601;1027.96;530.431;1558.39;2389.33;41.1966
8.3701;1027.96;539.798;1567.76;2389.33;41.535
8.3801;1027.96;535.133;1563.1;2389.33;40.9774
8.3901;1027.96;531.276;1559.24;2389.33;44.7647
8.4001;1027.96;530.786;1558.75;2389.33;42.66
8.4101;1027.96;530.931;1558.89;2389.33;40.4528
8.4201;1027.96;534.651;1562.61;2389.33;43.2889
8.4301;1027.96;529.102;1557.06;2389.33;43.3091
8.4401;1027.96;528.079;1556.04;2389.33;41.1509
8.4501;1027.96;526.734;1554.7;2389.33;40.1237
8.4601;1027.96;533.82;1561.78;2389.33;39.7725
8.4701;1027.96;527.799;1555.76;2389.33;38.5608
8.4801;1027.96;533.052;1561.01;2389.33;40.69
8.4901;1027.96;527.563;1555.53;2389.33;39.916
8.5001;1027.96;532.241;1560.2;2389.33;38.3484
8.5101;1027.96;536.908;1564.87;2389.33;39.1675
8.5201;1027.96;534.391;1562.35;2389.33;43.7389
8.5301;1027.96;535.037;1563;2389.33;42.7457
8.5401;1027.96;525.923;1553.89;2389.33;43.0542
8.5501;1027.96;536.543;1564.51;2389.33;44.1274
8.5601;1027.96;530.393;1558.36;2389.33;45.6627
8.5701;1027.96;526.975;1554.94;2389.33;42.8532
8.5801;1027.96;530.812;1558.77;2389.33;42.7118
8.5901;1027.96;531.074;1559.04;2389.33;39.7274
8.6001;1027.96;533.23;1561.19;2389.33;37.5199
8.6101;1027.96;530.656;1558.62;2389.33;37.5114
8.6201;1027.96;527.022;1554.98;2389.33;36.593
8.6301;1027.96;533.943;1561.91;2389.33;34.885
8.6401;1027.96;530.615;1558.58;2389.33;34.5023
8.6501;1027.96;529.745;1557.71;2389.33;42.7614
8.6601;1027.96;529.209;1557.17;2389.33;40.8036
8.6701;1027.96;526.191;1554.15;2389.33;40.8865
8.6801;1027.96;532.333;1560.3;2389.33;40.0231
8.6901;1027.96;529.168;1557.13;2389.33;42.1725
8.7001;1027.96;531.28;1559.24;2389.33;41.1577
8.7101;1027.96;529.771;1557.73;2389.33;41.8289
8.7201;1027.96;525.77;1553.73;2389.33;39.9631
8.7301;1027.96;531.381;1559.34;2389.33;38.2638
8.7401;1027.96;527.437;1555.4;2389.33;38.5308
8.7501;1027.96;526.137;1554.1;2389.33;37.8902
8.76011;1027.96;522.099;1550.06;2389.33;36.42
8.77011;1027.96;527.882;1555.84;2389.33;35.5822
8.78011;1027.96;536.536;1564.5;2389.33;41.7434
8.79011;1027.96;526.879;1554.84;2389.33;40.0059
8.80011;1027.96;531.137;1559.1;2389.33;40.7211
8.81011;1027.96;530.635;1558.6;2389.33;39.8207
8.82011;1027.96;536.991;1564.95;2389.33;43.9786
8.83011;1027.96;529.338;1557.3;2389.33;42.4311
8.84011;1027.96;529.067;1557.03;2389.33;45.1814
8.85011;1027.96;526.074;1554.04;2389.33;42.6878
8.86011;1027.96;530.884;1558.85;2389.33;40.2624
8.87011;1027.96;527.971;1555.93;2389.33;40.9499
8.88011;1027.96;522.431;1550.39;2389.33;39.8033
8.89011;1027.96;524.923;1552.89;2389.33;37.9089
8.90011;1027.96;527.48;1555.44;2389.33;37.3452
8.91011;1027.96;536.045;1564.01;2389.33;45.6276
8.92011;1027.96;524.192;1552.15;2389.33;43.1107
8.93011;1027.96;531.549;1559.51;2389.33;43.6012
8.94011;1027.96;530.589;1558.55;2389.33;44.2865
8.95011;1027.96;532.844;1560.81;2389.33;44.1316
8.96011;1027.96;529.869;1557.83;2389.33;42.8766
8.97011;1027.96;523.422;1551.38;2389.33;46.5812
8.98011;1027.96;530.052;1558.01;2389.33;44.5867
8.99011;1027.96;526.291;1554.25;2389.33;41.3239
9.00011;1027.96;531.703;1559.67;2389.33;42.5213
9.01011;1027.96;526.915;1554.88;2389.33;43.185
9.02011;1027.96;520.38;1548.34;2389.33;40.463
9.03011;1027.96;529.058;1557.02;2389.33;39.112
9.04011;1027.96;534.025;1561.99;2389.33;39.6896
9.05011;1027.96;528.563;1556.53;2389.33;38.2669
9.06011;1027.96;530.365;1558.33;2389.33;37.4854
9.07011;1027.96;524.931;1552.89;2389.33;37.0846
9.08011;1027.96;533.972;1561.93;2389.33;37.3807
9.09011;1027.96;530.561;1558.52;2389.33;36.5175
9.10011;1027.96;523.024;1550.99;2389.33;45.8216
9.11011;1027.96;529.579;1557.54;2389.33;44.3395
9.12011;1027.96;526.446;1554.41;2389.33;41.6641
9.13011;1027.96;533.507;1561.47;2389.33;42.9826
9.14011;1027.96;526.188;1554.15;2389.33;45.5036
9.15011;1027.96;523.713;1551.68;2389.33;42.1541
9.16011;1027.96;528.32;1556.28;2389.33;40.0966
9.17011;1027.96;523.106;1551.07;2389.33;39.3596
9.18011;1027.96;527.462;1555.42;2389.33;37.9069
9.19011;1027.96;519.925;1547.89;2389.33;36.0247
9.20012;1027.96;524.451;1552.41;2389.33;35.4529
9.21012;1027.96;529.272;1557.23;2389.33;33.9303
9.22012;1027.96;528.051;1556.01;2389.33;33.6775
9.23012;1027.96;528.935;1556.9;2389.33;38.2887
9.24012;1027.96;526.385;1554.35;2389.33;37.5973
9.25012;1027.96;528.3;1556.26;2389.33;39.6121
9.26012;1027.96;530.418;1558.38;2389.33;39.8841
9.27012;1027.96;529.051;1557.01;2389.33;42.9299
9.28012;1027.96;523.667;1551.63;2389.33;40.5203
9.29012;1027.96;528.187;1556.15;2389.33;40.713
9.30012;1027.96;523.541;1551.5;2389.33;39.9806
9.31012;1027.96;526.472;1554.43;2389.33;38.0075
9.32012;1027.96;522.291;1550.25;2389.33;37.7976
9.33012;1027.96;522.806;1550.77;2389.33;36.9318
9.34012;1027.96;531.49;1559.45;2389.33;36.2453
9.35012;1027.96;527.649;1555.61;2389.33;35.6822
9.36012;1027.96;529.822;1557.78;2389.33;44.5523
9.37012;1027.96;524.573;1552.54;2389.33;43.1956
9.38012;1027.96;527.53;1555.49;2389.33;43.5249
9.39012;1027.96;530.983;1558.94;2389.33;44.7127
9.40012;1027.96;525.694;1553.66;2389.33;47.3875
9.41012;1027.96;519.992;1547.95;2389.33;43.3015
9.42012;1027.96;524.316;1552.28;2389.33;40.6167
9.43012;1027.96;522.172;1550.13;2389.33;39.8506
9.44012;1027.96;526.698;1554.66;2389.33;37.9846
9.45012;1027.96;521.213;1549.17;2389.33;37.0118
9.46012;1027.96;521.68;1549.64;2389.33;36.0898
9.47012;1027.96;531.924;1559.89;2389.33;34.3021
9.48012;1027.96;522.268;1550.23;2389.33;33.7659
9.49012;1027.96;529.259;1557.22;2389.33;43.6504
9.50012;1027.96;520.346;1548.31;2389.33;41.6093
9.51012;1027.96;531.31;1559.27;2389.33;41.7301
9.52012;1027.96;526.794;1554.76;2389.33;40.8266
9.53012;1027.96;523.387;1551.35;2389.33;45.7095
9.54012;1027.96;526.733;1554.69;2389.33;43.8008
9.55012;1027.96;522.171;1550.13;2389.33;42.0071
9.56012;1027.96;530.175;1558.14;2389.33;42.5133
9.57012;1027.96;524.792;1552.75;2389.33;41.0322
9.58012;1027.96;526.29;1554.25;2389.33;42.3529
9.59012;1027.96;521.477;1549.44;2389.33;41.4084
9.60012;1027.96;520.258;1548.22;2389.33;38.6827
9.61012;1027.96;522.943;1550.9;2389.33;37.6571
9.62012;1027.96;527.369;1555.33;2389.33;39.275
9.63013;1027.96;521.208;1549.17;2389.33;38.2464
9.64013;1027.96;524.577;1552.54;2389.33;36.0609
9.65013;1027.96;527.084;1555.05;2389.33;36.2707
9.66013;1027.96;530.691;1558.65;2389.33;39.4786
9.67013;1027.96;527.488;1555.45;2389.33;38.3054
9.68013;1027.96;520.284;1548.25;2389.33;40.1279
9.69013;1027.96;527.462;1555.42;2389.33;42.4726
9.70013;1027.96;524.823;1552.79;2389.33;42.526
9.71013;1027.96;523.583;1551.55;2389.33;42.0011
9.72013;1027.96;519.011;1546.97;2389.33;44.5807
9.73013;1027.96;518.867;1546.83;2389.33;41.6411
9.74013;1027.96;523.685;1551.65;2389.33;39.5739
9.75013;1027.96;521.524;1549.49;2389.33;40.278
9.76013;1027.96;519.658;1547.62;2389.33;38.9252
9.77013;1027.96;518.743;1546.71;2389.33;38.3684
9.78013;1027.96;526.294;1554.26;2389.33;38.7894
9.79013;1027.96;530.095;1558.06;2389.33;44.0455
9.80013;1027.96;527.082;1555.04;2389.33;42.8073
9.81013;1027.96;520.504;1548.47;2389.33;49.9564
9.82013;1027.96;525.9;1553.86;2389.33;49.8558
9.83013;1027.96;524.356;1552.32;2389.33;50.0807
9.84013;1027.96;524.407;1552.37;2389.33;48.2186
9.85013;1027.96;522.829;1550.79;2389.33;49.6155
9.86013;1027.96;514.631;1542.59;2389.33;45.5266
9.87013;1027.96;525.892;1553.85;2389.33;42.1382
9.88013;1027.96;516.641;1544.6;2389.33;40.6534
9.89013;1027.96;522.43;1550.39;2389.33;38.5284
9.90013;1027.96;517.121;1545.08;2389.33;37.2151
9.91013;1027.96;521.132;1549.09;2389.33;36.2068
9.92013;1027.96;533.843;1561.81;2389.33;42.4271
9.93013;1027.96;520.228;1548.19;2389.33;40.0193
9.94013;1027.96;519.224;1547.19;2389.33;47.3176
9.95013;1027.96;521.417;1549.38;2389.33;45.4444
9.96013;1027.96;522.837;1550.8;2389.33;47.3522
9.97013;1027.96;527.493;1555.46;2389.33;45.755
9.98013;1027.96;521.842;1549.8;2389.33;49.423
9.99013;1027.96;521.625;1549.59;2389.33;46.2673
10.0001;1027.96;523.764;1551.73;2389.33;42.4729
10.0101;1027.96;526.004;1553.97;2389.33;45.9485
10.0201;1027.96;521.529;1549.49;2389.33;43.9858
10.0301;1027.96;519.426;1547.39;2389.33;43.8438
10.0401;1027.96;520.395;1548.36;2389.33;41.4152
10.0501;1027.96;528.555;1556.52;2389.33;41.3634
10.0601;1027.96;520.825;1548.79;2389.33;39.7432
10.0701;1027.96;527.162;1555.12;2389.33;40.2807
10.0801;1027.96;521.609;1549.57;2389.33;39.7015
10.0901;1027.96;530.301;1558.26;2389.33;39.0629
10.1001;1027.96;527.302;1555.26;2389.33;38.5928
10.1101;1027.96;522.104;1550.07;2389.33;42.2084
10.1201;1027.96;523.465;1551.43;2389.33;40.4301
10.1301;1027.96;523.464;1551.43;2389.33;38.2628
10.1401;1027.96;526.515;1554.48;2389.33;41.2674
10.1501;1027.96;520.405;1548.37;2389.33;41.3159
10.1601;1027.96;519.62;1547.58;2389.33;39.1978
10.1701;1027.96;519.162;1547.12;2389.33;38.0689
10.1801;1027.96;527.023;1554.99;2389.33;38.6103
10.1901;1027.96;520.202;1548.16;2389.33;37.4102
10.2001;1027.96;525.548;1553.51;2389.33;39.3354
10.2101;1027.96;520.452;1548.41;2389.33;39.1754
10.2201;1027.96;525.573;1553.54;2389.33;38.0391
10.2301;1027.96;528.834;1556.8;2389.33;38.891
10.2401;1027.96;523.505;1551.47;2389.33;45.0036
10.2501;1027.96;526.603;1554.57;2389.33;43.2689
10.2601;1027.96;518.975;1546.94;2389.33;41.6496
10.2701;1027.96;529.096;1557.06;2389.33;43.5364
10.2801;1027.96;522.661;1550.62;2389.33;44.8151
10.2901;1027.96;517.71;1545.67;2389.33;41.3536
10.3001;1027.96;523.615;1551.58;2389.33;40.5307
10.3101;1027.96;527.534;1555.5;2389.33;38.4717
10.3201;1027.96;525.125;1553.09;2389.33;36.966
10.3301;1027.96;525.979;1553.94;2389.33;37.8381
10.3401;1027.96;519.577;1547.54;2389.33;36.9888
10.3501;1027.96;526.899;1554.86;2389.33;35.748
10.3601;1027.96;525.057;1553.02;2389.33;35.1241
10.3701;1027.96;519.481;1547.44;2389.33;44.2486
10.3801;1027.96;524.302;1552.26;2389.33;42.4568
10.3901;1027.96;520.473;1548.43;2389.33;40.5461
10.4001;1027.96;527.629;1555.59;2389.33;40.9157
10.4101;1027.96;522.663;1550.63;2389.33;43.7677
10.4201;1027.96;523.227;1551.19;2389.33;41.8006
10.4301;1027.96;524.027;1551.99;2389.33;40.7338
10.4401;1027.96;518.803;1546.77;2389.33;39.5152
10.4501;1027.96;524.904;1552.87;2389.33;37.4244
10.4601;1027.96;520.002;1547.96;2389.33;36.8231
10.4701;1027.96;519.796;1547.76;2389.33;36.1491
10.4801;1027.96;516.88;1544.84;2389.33;34.4527
10.4901;1027.96;522.412;1550.37;2389.33;33.8508
10.5001;1027.96;530.658;1558.62;2389.33;40.0296
10.5101;1027.96;521.353;1549.32;2389.33;38.4422
10.5201;1027.96;524.638;1552.6;2389.33;40.0148
10.5301;1027.96;525.452;1553.41;2389.33;39.767
10.5401;1027.96;529.806;1557.77;2389.33;44.6829
10.5501;1027.96;522.969;1550.93;2389.33;42.5599
10.5601;1027.96;524.103;1552.07;2389.33;43.9845
10.5701;1027.96;520.224;1548.19;2389.33;42.097
10.5801;1027.96;525.021;1552.98;2389.33;39.6146
10.5901;1027.96;521.109;1549.07;2389.33;39.5763
10.6001;1027.96;517.826;1545.79;2389.33;38.4373
10.6101;1027.96;523.112;1551.07;2389.33;36.9063
10.6201;1027.96;524.223;1552.19;2389.33;35.9227
10.6301;1027.96;530.394;1558.36;2389.33;45.7929
10.6401;1027.96;520.98;1548.94;2389.33;43.6547
10.6501;1027.96;525.138;1553.1;2389.33;44.7131
10.6601;1027.96;527.621;1555.58;2389.33;44.594
10.6701;1027.96;526.935;1554.9;2389.33;47.2101
10.6801;1027.96;519.961;1547.92;2389.33;44.0067
10.6901;1027.96;520.671;1548.63;2389.33;43.0076
10.7001;1027.96;519.797;1547.76;2389.33;41.3671
10.7101;1027.96;524.222;1552.18;2389.33;38.7292
10.7201;1027.96;520.866;1548.83;2389.33;38.3837
10.7302;1027.96;519.833;1547.8;2389.33;37.3437
10.7402;1027.96;525.097;1553.06;2389.33;35.1113
10.7502;1027.96;520.146;1548.11;2389.33;34.3477
10.7602;1027.96;526.932;1554.89;2389.33;44.7487
10.7702;1027.96;518.504;1546.47;2389.33;42.4825
10.7802;1027.96;524.078;1552.04;2389.33;43.9538
10.7902;1027.96;524.022;1551.98;2389.33;42.6337
10.8002;1027.96;522.558;1550.52;2389.33;47.2983
10.8102;1027.96;524.097;1552.06;2389.33;44.4599
10.8202;1027.96;521.116;1549.08;2389.33;43.0698
10.8302;1027.96;525.814;1553.78;2389.33;43.1053
10.8402;1027.96;523.569;1551.53;2389.33;41.0594
10.8502;1027.96;523.958;1551.92;2389.33;42.482
10.8602;1027.96;519.38;1547.34;2389.33;40.9888
10.8702;1027.96;517.928;1545.89;2389.33;38.4522
10.8802;1027.96;520.307;1548.27;2389.33;37.0881
10.8902;1027.96;528.151;1556.11;2389.33;40.5025
10.9002;1027.96;519.698;1547.66;2389.33;39.1373
10.9102;1027.96;524.907;1552.87;2389.33;37.0682
10.9202;1027.96;525.722;1553.68;2389.33;37.3099
10.9302;1027.96;530.985;1558.95;2389.33;40.2413
10.9402;1027.96;525.155;1553.12;2389.33;38.73
10.9502;1027.96;519.894;1547.86;2389.33;39.8137
10.9602;1027.96;526.057;1554.02;2389.33;41.76
10.9702;1027.96;523.117;1551.08;2389.33;40.0487
10.9802;1027.96;521.966;1549.93;2389.33;40.5961
10.9902;1027.96;517.088;1545.05;2389.33;40.7894
11.0002;1027.96;522.204;1550.17;2389.33;40.0448
11.0102;1027.96;518.865;1546.83;2389.33;38.2996
11.0202;1027.96;527.988;1555.95;2389.33;43.4909
11.0302;1027.96;517.906;1545.87;2389.33;41.7051
11.0402;1027.96;523.984;1551.95;2389.33;41.5634
11.0502;1027.96;528.002;1555.96;2389.33;41.999
11.0602;1027.96;523.998;1551.96;2389.33;45.1036
11.0702;1027.96;521.91;1549.87;2389.33;44.0053
11.0802;1027.96;517.774;1545.74;2389.33;45.275
11.0902;1027.96;525.584;1553.55;2389.33;46.4383
11.1002;1027.96;521.892;1549.85;2389.33;44.2042
11.1102;1027.96;518.9;1546.86;2389.33;43.3315
11.1202;1027.96;519.821;1547.78;2389.33;43.6036
11.1302;1027.96;526.336;1554.3;2389.33;41.6673
11.1402;1027.96;522.285;1550.25;2389.33;39.7691
11.1502;1027.96;528.131;1556.09;2389.33;42.2866
11.1602;1027.96;518.149;1546.11;2389.33;40.5291
11.1702;1027.96;525.032;1552.99;2389.33;40.1601
11.1802;1027.96;523.481;1551.44;2389.33;39.0848
11.1902;1027.96;518.344;1546.31;2389.33;45.5523
11.2002;1027.96;524.725;1552.69;2389.33;43.2826
11.2102;1027.96;518.39;1546.35;2389.33;40.0025
11.2202;1027.96;527.403;1555.36;2389.33;43.1569
11.2302;1027.96;521.165;1549.13;2389.33;42.1028
11.2402;1027.96;522.146;1550.11;2389.33;41.9531
11.2502;1027.96;519.335;1547.3;2389.33;40.2564
11.2602;1027.96;516.308;1544.27;2389.33;38.9387
11.2702;1027.96;521.204;1549.17;2389.33;37.7991
11.2802;1027.96;518.047;1546.01;2389.33;38.0595
11.2902;1027.96;518.208;1546.17;2389.33;37.5339
11.3002;1027.96;517.643;1545.61;2389.33;35.1593
11.3102;1027.96;523.229;1551.19;2389.33;34.7516
11.3202;1027.96;526.642;1554.6;2389.33;37.1362
11.3302;1027.96;523.737;1551.7;2389.33;36.1026
11.3402;1027.96;517.028;1544.99;2389.33;36.2231
11.3502;1027.96;524.285;1552.25;2389.33;37.771
11.3602;1027.96;520.036;1548;2389.33;41.4465
11.3702;1027.96;518.19;1546.15;2389.33;40.6109
11.3802;1027.96;517.261;1545.22;2389.33;40.6664
11.3902;1027.96;515.927;1543.89;2389.33;39.3098
11.4002;1027.96;520.316;1548.28;2389.33;37.8197
11.4102;1027.96;516.778;1544.74;2389.33;39.4204
11.4202;1027.96;516.025;1543.99;2389.33;38.7191
11.4302;1027.96;519.205;1547.17;2389.33;37.447
11.4402;1027.96;524.781;1552.74;2389.33;37.8743
11.4502;1027.96;523.62;1551.58;2389.33;45.7158
11.4602;1027.96;523.751;1551.71;2389.33;44.5335
11.4702;1027.96;514.88;1542.84;2389.33;43.6937
11.4802;1027.96;524.834;1552.8;2389.33;44.6479
11.4902;1027.96;519.021;1546.98;2389.33;45.93
11.5002;1027.96;515.419;1543.38;2389.33;42.4104
11.5102;1027.96;519.733;1547.69;2389.33;41.5813
11.5202;1027.96;515.379;1543.34;2389.33;38.9972
11.5302;1027.96;521.696;1549.66;2389.33;36.588
11.5402;1027.96;512.251;1540.21;2389.33;35.7457
11.5502;1027.96;515.62;1543.58;2389.33;35.2271
11.5602;1027.96;522.885;1550.85;2389.33;34.0655
11.5702;1027.96;518.37;1546.33;2389.33;33.4383
11.5802;1027.96;517.56;1545.52;2389.33;43.4035
11.5902;1027.96;516.288;1544.25;2389.33;41.5808
11.6002;1027.96;514.729;1542.69;2389.33;41.3586
11.6102;1027.96;520.428;1548.39;2389.33;40.8439
11.6202;1027.96;517.182;1545.14;2389.33;44.1676
11.6302;1027.96;518.549;1546.51;2389.33;42.0739
11.6402;1027.96;518.282;1546.24;2389.33;41.1192
11.6502;1027.96;514.376;1542.34;2389.33;40.0095
11.6602;1027.96;519.212;1547.17;2389.33;37.8744
11.6702;1027.96;515.249;1543.21;2389.33;37.1491
11.6802;1027.96;514.038;1542;2389.33;36.5412
11.6902;1027.96;511.166;1539.13;2389.33;34.9747
11.7002;1027.96;515.566;1543.53;2389.33;34.1807
11.7102;1027.96;524.362;1552.32;2389.33;40.5823
11.7202;1027.96;514.605;1542.57;2389.33;38.7236
11.7302;1027.96;521.312;1549.27;2389.33;39.2042
11.7402;1027.96;518.633;1546.6;2389.33;38.8062
11.7502;1027.96;525.818;1553.78;2389.33;37.7643
11.7602;1027.96;517.814;1545.78;2389.33;36.9985
11.7702;1027.96;516.336;1544.3;2389.33;38.7295
11.7802;1027.96;515.475;1543.44;2389.33;38.2729
11.7902;1027.96;518.099;1546.06;2389.33;36.5196
11.8002;1027.96;515.599;1543.56;2389.33;37.555
11.8102;1027.96;510.769;1538.73;2389.33;36.7501
11.8202;1027.96;515.722;1543.68;2389.33;35.4276
11.8302;1027.96;515.519;1543.48;2389.33;34.6445
11.8402;1027.96;523.388;1551.35;2389.33;44.7864
11.8502;1027.96;513.155;1541.12;2389.33;42.7931
11.8602;1027.96;518.605;1546.57;2389.33;43.0298
11.8702;1027.96;520.733;1548.7;2389.33;43.3378
11.8802;1027.96;518.75;1546.71;2389.33;46.2959
11.8902;1027.96;512.459;1540.42;2389.33;43.0744
11.9002;1027.96;512.523;1540.49;2389.33;42.2038
11.9102;1027.96;513.334;1541.3;2389.33;41.6779
11.9202;1027.96;516.241;1544.2;2389.33;39.2741
11.9302;1027.96;513.683;1541.65;2389.33;39.0198
11.9402;1027.96;512.526;1540.49;2389.33;37.9296
11.9502;1027.96;514.698;1542.66;2389.33;35.5947
11.9602;1027.96;512.936;1540.9;2389.33;34.5033
11.9702;1027.96;523.342;1551.3;2389.33;44.9995
11.9802;1027.96;510.857;1538.82;2389.33;42.6491
11.9902;1027.96;521.097;1549.06;2389.33;42.4948
12.0002;1027.96;515.845;1543.81;2389.33;41.9883
12.0102;1027.96;514.149;1542.11;2389.33;46.7678
12.0202;1027.96;516.265;1544.23;2389.33;44.2574
12.0302;1027.96;512.433;1540.4;2389.33;42.6666
12.0402;1027.96;519.243;1547.2;2389.33;42.9341
12.0502;1027.96;515.041;1543;2389.33;40.8947
12.0602;1027.96;516.755;1544.72;2389.33;42.2153
12.0702;1027.96;511.333;1539.3;2389.33;41.0696
12.0802;1027.96;509.202;1537.16;2389.33;38.4641
12.0902;1027.96;512.411;1540.37;2389.33;37.1376
12.1002;1027.96;518.509;1546.47;2389.33;39.6711
12.1102;1027.96;511.251;1539.21;2389.33;38.5193
12.1202;1027.96;515.087;1543.05;2389.33;36.4024
12.1302;1027.96;516.234;1544.2;2389.33;36.3083
12.1402;1027.96;520.954;1548.92;2389.33;38.0866
12.1502;1027.96;517.275;1545.24;2389.33;37.3978
12.1602;1027.96;509.727;1537.69;2389.33;40.1691
12.1702;1027.96;517.68;1545.64;2389.33;41.7618
12.1802;1027.96;514.596;1542.56;2389.33;41.4569
12.1902;1027.96;515.015;1542.98;2389.33;41.7011
12.2002;1027.96;509.116;1537.08;2389.33;44.8547
12.2102;1027.96;508.718;1536.68;2389.33;42.4317
12.2202;1027.96;512.234;1540.2;2389.33;40.3837
12.2302;1027.96;516.02;1543.98;2389.33;41.6267
12.2402;1027.96;509.593;1537.56;2389.33;40.2013
12.2502;1027.96;511.943;1539.91;2389.33;39.3156
12.2602;1027.96;517.281;1545.24;2389.33;39.8937
12.2702;1027.96;518.445;1546.41;2389.33;44.0151
12.2802;1027.96;516.943;1544.91;2389.33;43.1671
12.2902;1027.96;508.029;1535.99;2389.33;49.2919
12.3002;1027.96;518.15;1546.11;2389.33;49.9333
12.3102;1027.96;512.077;1540.04;2389.33;48.5693
12.3202;1027.96;513.192;1541.15;2389.33;46.8378
12.3302;1027.96;512.485;1540.45;2389.33;48.8694
12.3402;1027.96;504.355;1532.32;2389.33;44.6213
12.3502;1027.96;515.286;1543.25;2389.33;41.5222
12.3602;1027.96;506.266;1534.23;2389.33;39.9219
12.3702;1027.96;513.074;1541.04;2389.33;37.8653
12.3802;1027.96;504.28;1532.24;2389.33;35.9723
12.3902;1027.96;509.845;1537.81;2389.33;34.9495
12.4002;1027.96;520.828;1548.79;2389.33;37.2878
12.4102;1027.96;509.157;1537.12;2389.33;36.1189
12.4202;1027.96;508.34;1536.3;2389.33;38.4458
12.4302;1027.96;509.437;1537.4;2389.33;37.6866
12.4402;1027.96;510.581;1538.54;2389.33;41.0488
12.4502;1027.96;515.989;1543.95;2389.33;40.8545
12.4602;1027.96;511.12;1539.08;2389.33;45.2639
12.4702;1027.96;508.501;1536.46;2389.33;42.6607
12.4802;1027.96;512.693;1540.66;2389.33;39.8948
12.4902;1027.96;511.358;1539.32;2389.33;43.21
12.5002;1027.96;509.586;1537.55;2389.33;41.3324
12.5102;1027.96;505.59;1533.55;2389.33;38.7363
12.5202;1027.96;508.82;1536.78;2389.33;37.4274
12.5302;1027.96;516.992;1544.95;2389.33;37.4459
12.5402;1027.96;508.82;1536.78;2389.33;36.208
12.5502;1027.96;512.708;1540.67;2389.33;38.6512
12.5602;1027.96;510.405;1538.37;2389.33;38.1339
12.5702;1027.96;519.448;1547.41;2389.33;38.7357
12.5802;1027.96;514.334;1542.3;2389.33;38.2946
12.5902;1027.96;510.487;1538.45;2389.33;43.1349
12.6002;1027.96;509.369;1537.33;2389.33;40.9767
12.6102;1027.96;511.152;1539.11;2389.33;38.5389
12.6202;1027.96;512.193;1540.16;2389.33;41.3717
12.6302;1027.96;507.079;1535.04;2389.33;40.478
12.6402;1027.96;506.341;1534.3;2389.33;38.8662
12.6502;1027.96;507.311;1535.27;2389.33;37.4666
12.6602;1027.96;516.757;1544.72;2389.33;39.2292
12.6702;1027.96;506.349;1534.31;2389.33;37.7716
12.6802;1027.96;511.877;1539.84;2389.33;41.5434
12.6902;1027.96;509.929;1537.89;2389.33;41.1088
12.7002;1027.96;513.227;1541.19;2389.33;41.7429
12.7102;1027.96;509.682;1537.64;2389.33;41.7325
12.7202;1027.96;506.215;1534.18;2389.33;41.7198
12.7302;1027.96;502.837;1530.8;2389.33;38.8992
12.7402;1027.96;509.652;1537.61;2389.33;36.0261
12.7502;1027.96;506.509;1534.47;2389.33;38.4044
12.7602;1027.96;507.184;1535.15;2389.33;37.1008
12.7702;1027.96;501.194;1529.16;2389.33;35.1389
12.7802;1027.96;505.486;1533.45;2389.33;34.1981
12.7902;1027.96;517.906;1545.87;2389.33;36.0414
12.8002;1027.96;504.778;1532.74;2389.33;35.1102
12.8102;1027.96;514.105;1542.07;2389.33;39.5543
12.8202;1027.96;504.849;1532.81;2389.33;38.4756
12.8302;1027.96;516.016;1543.98;2389.33;37.8279
12.8402;1027.96;511.466;1539.43;2389.33;37.4672
12.8502;1027.96;503.871;1531.83;2389.33;39.2812
12.8602;1027.96;510.812;1538.77;2389.33;39.2448
12.8702;1027.96;507.053;1535.02;2389.33;36.735
12.8802;1027.96;512.199;1540.16;2389.33;39.2734
12.8902;1027.96;504.727;1532.69;2389.33;38.5157
12.9002;1027.96;502.696;1530.66;2389.33;36.813
12.9102;1027.96;504.019;1531.98;2389.33;35.7476
12.9202;1027.96;512.654;1540.62;2389.33;35.9762
12.9302;1027.96;504.096;1532.06;2389.33;35.22
12.9402;1027.96;507.827;1535.79;2389.33;34.7926
12.9502;1027.96;507.026;1534.99;2389.33;34.7794
12.9602;1027.96;513.648;1541.61;2389.33;33.1691
12.9702;1027.96;510.209;1538.17;2389.33;33.1061
12.9802;1027.96;503.292;1531.25;2389.33;35.815
12.9902;1027.96;509.982;1537.94;2389.33;35.7686
13.0002;1027.96;506.694;1534.66;2389.33;35.6878
13.0102;1027.96;509.755;1537.72;2389.33;37.5746
13.0202;1027.96;501.894;1529.86;2389.33;38.8253
13.0302;1027.96;501.517;1529.48;2389.33;36.886
13.0402;1027.96;503.743;1531.71;2389.33;37.7816
13.0502;1027.96;506.516;1534.48;2389.33;40.5743
13.0602;1027.96;504.266;1532.23;2389.33;39.2853
13.0702;1027.96;502.194;1530.16;2389.33;39.0594
13.0802;1027.96;504.116;1532.08;2389.33;38.086
13.0902;1027.96;509.581;1537.54;2389.33;39.629
13.1002;1027.96;509.896;1537.86;2389.33;39.4621
13.1102;1027.96;501.587;1529.55;2389.33;44.1027
13.1202;1027.96;510.4;1538.36;2389.33;43.272
13.1302;1027.96;502.71;1530.67;2389.33;40.922
13.1402;1027.96;508.915;1536.88;2389.33;41.7085
13.1502;1027.96;504.3;1532.26;2389.33;43.4591
13.1602;1027.96;497.424;1525.39;2389.33;39.9251
13.1702;1027.96;507.173;1535.14;2389.33;37.9632
13.1802;1027.96;506.974;1534.94;2389.33;37.9505
13.1902;1027.96;506.64;1534.6;2389.33;36.5908
13.2002;1027.96;496.965;1524.93;2389.33;35.6088
13.2102;1027.96;501.687;1529.65;2389.33;34.6494
13.2202;1027.96;510.679;1538.64;2389.33;36.0645
13.2302;1027.96;503.623;1531.59;2389.33;35.5685
13.2402;1027.96;501.704;1529.67;2389.33;45.5913
13.2502;1027.96;501.13;1529.09;2389.33;43.0725
13.2602;1027.96;501.754;1529.72;2389.33;43.6288
13.2702;1027.96;506.704;1534.67;2389.33;42.8307
13.2802;1027.96;503.447;1531.41;2389.33;47.6476
13.2902;1027.96;504.048;1532.01;2389.33;44.9551
13.3002;1027.96;503.755;1531.72;2389.33;41.8928
13.3102;1027.96;504.513;1532.47;2389.33;43.0342
13.3202;1027.96;504.537;1532.5;2389.33;40.6403
13.3302;1027.96;502.938;1530.9;2389.33;42.4301
13.3402;1027.96;500.402;1528.36;2389.33;40.5123
13.3502;1027.96;501.978;1529.94;2389.33;38.3501
13.3602;1027.96;501.425;1529.39;2389.33;36.9308
13.3702;1027.96;509.731;1537.69;2389.33;41.2215
13.3802;1027.96;500.879;1528.84;2389.33;40.0184
13.3902;1027.96;509.047;1537.01;2389.33;40.0121
13.4002;1027.96;506.701;1534.66;2389.33;39.08
13.4102;1027.96;509.167;1537.13;2389.33;41.5178
13.4202;1027.96;502.88;1530.84;2389.33;39.6693
13.4302;1027.96;502.637;1530.6;2389.33;38.6767
13.4402;1027.96;504.417;1532.38;2389.33;40.3362
13.4502;1027.96;502.801;1530.76;2389.33;38.3971
13.4602;1027.96;501.453;1529.42;2389.33;39.2158
13.4702;1027.96;498.022;1525.98;2389.33;38.1582
13.4802;1027.96;501.955;1529.92;2389.33;36.6924
13.4902;1027.96;498.719;1526.68;2389.33;35.7805
13.5002;1027.96;508.297;1536.26;2389.33;40.0596
13.5102;1027.96;497.599;1525.56;2389.33;39.1346
13.5202;1027.96;503.97;1531.93;2389.33;39.0711
13.5302;1027.96;507.199;1535.16;2389.33;39.4346
13.5402;1027.96;504.029;1531.99;2389.33;42.0754
13.5502;1027.96;501.714;1529.68;2389.33;40.1631
13.5602;1027.96;497.093;1525.05;2389.33;38.5733
13.5702;1027.96;504.609;1532.57;2389.33;42.0087
13.5802;1027.96;501.257;1529.22;2389.33;40.2348
13.5902;1027.96;497.666;1525.63;2389.33;38.2264
13.6002;1027.96;498.511;1526.47;2389.33;37.1516
13.6102;1027.96;506.674;1534.64;2389.33;35.9113
13.6202;1027.96;500.176;1528.14;2389.33;34.8782
13.6302;1027.96;507.765;1535.73;2389.33;40.9363
13.6402;1027.96;496.768;1524.73;2389.33;39.4658
13.6502;1027.96;503.414;1531.38;2389.33;38.632
13.6602;1027.96;501.238;1529.2;2389.33;37.4243
13.6702;1027.96;498.158;1526.12;2389.33;41.4328
13.6802;1027.96;503.257;1531.22;2389.33;40.1569
13.6902;1027.96;496.284;1524.25;2389.33;38.6228
13.7002;1027.96;504.613;1532.58;2389.33;40.2028
13.7102;1027.96;499.023;1526.99;2389.33;40.4052
13.7202;1027.96;501.913;1529.88;2389.33;40.0915
13.7302;1027.96;497.895;1525.86;2389.33;39.7574
13.7402;1027.96;493.496;1521.46;2389.33;37.9657
13.7502;1027.96;499.193;1527.16;2389.33;36.4684
13.7602;1027.96;493.99;1521.95;2389.33;36.6596
13.7702;1027.96;495.521;1523.48;2389.33;35.7327
13.7802;1027.96;491.345;1519.31;2389.33;34.1073
13.7902;1027.96;498.821;1526.78;2389.33;33.4158
13.8002;1027.96;503.454;1531.42;2389.33;36.5583
13.8102;1027.96;499.968;1527.93;2389.33;35.8198
13.8202;1027.96;492.991;1520.95;2389.33;37.5829
13.8302;1027.96;499.834;1527.8;2389.33;37.8348
13.8402;1027.96;498.116;1526.08;2389.33;40.8869
13.8502;1027.96;496.764;1524.73;2389.33;39.8314
13.8602;1027.96;495.322;1523.28;2389.33;43.2201
13.8702;1027.96;491.646;1519.61;2389.33;40.8463
13.8802;1027.96;498.763;1526.72;2389.33;39.1453
13.8902;1027.96;494.21;1522.17;2389.33;40.423
13.9002;1027.96;491.674;1519.64;2389.33;39.0068
13.9102;1027.96;491.246;1519.21;2389.33;38.0342
13.9202;1027.96;495.182;1523.14;2389.33;37.2494
13.9302;1027.96;502.781;1530.74;2389.33;43.4748
13.9402;1027.96;492.438;1520.4;2389.33;41.5794
13.9502;1027.96;498.991;1526.95;2389.33;45.4753
13.9602;1027.96;493.717;1521.68;2389.33;43.3065
13.9702;1027.96;498.649;1526.61;2389.33;44.0617
13.9802;1027.96;498.327;1526.29;2389.33;42.8252
13.9902;1027.96;490.802;1518.76;2389.33;45.2591
14.0002;1027.96;490.85;1518.81;2389.33;43.2119
14.0102;1027.96;491.263;1519.22;2389.33;39.2813
14.0202;1027.96;496.574;1524.54;2389.33;40.4401
14.0302;1027.96;493.032;1520.99;2389.33;39.662
14.0402;1027.96;488.253;1516.22;2389.33;38.1035
14.0502;1027.96;491.411;1519.37;2389.33;38.7105
14.0602;1027.96;498.356;1526.32;2389.33;38.8284
14.0702;1027.96;493.474;1521.44;2389.33;37.27
14.0802;1027.96;496.537;1524.5;2389.33;37.458
14.0902;1027.96;488.714;1516.68;2389.33;36.0928
14.1002;1027.96;494.823;1522.79;2389.33;35.0098
14.1102;1027.96;491.569;1519.53;2389.33;34.4444
14.1202;1027.96;491.769;1519.73;2389.33;43.5549
14.1302;1027.96;492.306;1520.27;2389.33;41.1677
14.1402;1027.96;486.508;1514.47;2389.33;39.0919
14.1502;1027.96;492.88;1520.84;2389.33;39.7552
14.1602;1027.96;488.792;1516.75;2389.33;42.233
14.1702;1027.96;491.018;1518.98;2389.33;41.6013
14.1802;1027.96;489.122;1517.08;2389.33;40.1244
14.1902;1027.96;483.883;1511.85;2389.33;38.6394
14.2002;1027.96;489.389;1517.35;2389.33;36.6122
14.2102;1027.96;483.516;1511.48;2389.33;38.3264
14.2202;1027.96;484.39;1512.35;2389.33;37.5079
14.2302;1027.96;479.54;1507.5;2389.33;35.1269
14.2402;1027.96;485.786;1513.75;2389.33;33.8524
14.2502;1027.96;492.442;1520.4;2389.33;35.5363
14.2602;1027.96;484.302;1512.26;2389.33;34.7159
14.2702;1027.96;487.122;1515.08;2389.33;37.2312
14.2802;1027.96;485.233;1513.19;2389.33;36.5148
14.2902;1027.96;493.028;1520.99;2389.33;36.6014
14.3002;1027.96;487.942;1515.9;2389.33;35.9628
14.3102;1027.96;483.296;1511.26;2389.33;39.8808
14.3202;1027.96;484.277;1512.24;2389.33;38.6555
14.3302;1027.96;483.146;1511.11;2389.33;36.9676
14.3402;1027.96;486.706;1514.67;2389.33;38.6145
14.3502;1027.96;480.187;1508.15;2389.33;38.1707
14.3602;1027.96;478.887;1506.85;2389.33;37.1019
14.3702;1027.96;477.769;1505.73;2389.33;37.5915
14.3802;1027.96;479.727;1507.69;2389.33;36.7474
14.3902;1027.96;479.491;1507.45;2389.33;35.6325
14.4002;1027.96;477.115;1505.08;2389.33;36.6678
14.4102;1027.96;475.728;1503.69;2389.33;36.1087
14.4202;1027.96;476.419;1504.38;2389.33;35.2532
14.4302;1027.96;481.447;1509.41;2389.33;35.4082
14.4402;1027.96;484.776;1512.74;2389.33;42.3837
14.4502;1027.96;478.277;1506.24;2389.33;40.8811
14.4602;1027.96;477.388;1505.35;2389.33;45.0924
14.4702;1027.96;477.708;1505.67;2389.33;43.0683
14.4802;1027.96;480.345;1508.31;2389.33;43.9813
14.4902;1027.96;478.426;1506.39;2389.33;42.4094
14.5002;1027.96;471.906;1499.87;2389.33;44.4555
14.5102;1027.96;470.952;1498.91;2389.33;42.6025
14.5202;1027.96;471.491;1499.45;2389.33;38.8017
14.5302;1027.96;476.798;1504.76;2389.33;40.437
14.5402;1027.96;471.906;1499.87;2389.33;40.0165
14.5502;1027.96;468.014;1495.98;2389.33;38.8454
14.5602;1027.96;471.306;1499.27;2389.33;37.7073
14.5702;1027.96;468.442;1496.4;2389.33;35.8835
14.5802;1027.96;472.638;1500.6;2389.33;34.1023
14.5902;1027.96;462.692;1490.65;2389.33;34.0819
14.6002;1027.96;467.905;1495.87;2389.33;33.5691
14.6102;1027.96;460.233;1488.2;2389.33;32.2624
14.6202;1027.96;464.366;1492.33;2389.33;31.5215
14.6302;1027.96;474.053;1502.02;2389.33;32.7974
14.6402;1027.96;463.011;1490.97;2389.33;32.4741
14.6502;1027.96;472.197;1500.16;2389.33;38.7089
14.6602;1027.96;460.589;1488.55;2389.33;37.4641
14.6702;1027.96;467.272;1495.23;2389.33;36.6514
14.6802;1027.96;463.796;1491.76;2389.33;35.8333
14.6902;1027.96;467.135;1495.1;2389.33;42.3713
14.7002;1027.96;464.152;1492.11;2389.33;40.6777
14.7102;1027.96;456.904;1484.87;2389.33;42.43
14.7202;1027.96;461.072;1489.03;2389.33;41.1917
14.7302;1027.96;458.314;1486.28;2389.33;43.0293
14.7402;1027.96;463.268;1491.23;2389.33;41.714
14.7502;1027.96;457.896;1485.86;2389.33;46.2056
14.7602;1027.96;457.253;1485.22;2389.33;43.8155
14.7702;1027.96;456.687;1484.65;2389.33;40.3817
14.7802;1027.96;460.923;1488.89;2389.33;44.322
14.7902;1027.96;455.432;1483.39;2389.33;41.746
14.8002;1027.96;457.341;1485.3;2389.33;41.8146
14.8102;1027.96;452.371;1480.33;2389.33;39.6374
14.8202;1027.96;449.109;1477.07;2389.33;37.8268
14.8302;1027.96;453.032;1480.99;2389.33;36.1097
14.8402;1027.96;447.413;1475.38;2389.33;36.2164
14.8502;1027.96;449.395;1477.36;2389.33;34.8274
14.8602;1027.96;443.869;1471.83;2389.33;33.3666
14.8702;1027.96;447.442;1475.4;2389.33;32.7642
14.8802;1027.96;452.819;1480.78;2389.33;31.5759
14.8902;1027.96;446.554;1474.52;2389.33;30.9732
14.9002;1027.96;452.088;1480.05;2389.33;34.1802
14.9102;1027.96;443.929;1471.89;2389.33;34.0298
14.9202;1027.96;448.909;1476.87;2389.33;33.0708
14.9302;1027.96;446.987;1474.95;2389.33;32.1471
14.9402;1027.96;451.295;1479.26;2389.33;35.8278
14.9502;1027.96;446.255;1474.22;2389.33;34.736
14.9602;1027.96;437.482;1465.44;2389.33;37.1201
14.9702;1027.96;443.096;1471.06;2389.33;36.6465
14.9802;1027.96;439.544;1467.51;2389.33;37.1779
14.9902;1027.96;442.108;1470.07;2389.33;37.0126
