0;1022.99;-0.0643549;1022.92;1706.67;1.3339;1.36347
0.01;1022.99;0.0332404;1023.02;1706.67;1.3087;1.36347
0.02;1022.99;1.53525;1024.52;1706.67;2.0558;1.36347
0.03;1022.99;3.3812;1026.37;1706.67;2.4461;1.36347
0.04;1022.99;9.2656;1032.25;1706.67;3.1111;1.36347
0.05;1022.99;16.5082;1039.5;1706.67;2.4633;1.36347
0.06;1022.99;24.2606;1047.25;1706.67;1.1643;1.36347
0.07;1022.99;28.7346;1051.72;1706.67;-0.3737;1.36347
0.08;1022.99;34.8669;1057.86;1706.67;1.2573;1.36347
0.09;1022.99;39.3938;1062.38;1706.67;2.7057;1.36347
0.1;1022.99;42.067;1065.06;1706.67;4.3019;1.36347
0.11;1022.99;47.3241;1070.31;1706.67;4.547;1.36347
0.12;1022.99;51.3054;1074.29;1706.67;3.0782;1.36347
0.13;1022.99;52.8248;1075.81;1706.67;2.2593;1.36347
0.14;1022.99;56.9575;1079.95;1706.67;2.5771;1.36347
0.15;1022.99;55.9254;1078.91;1706.67;4.8213;1.36347
0.16;1022.99;61.6249;1084.61;1706.67;6.8227;1.36347
0.17;1022.99;61.926;1084.91;1706.67;6.7359;1.36347
0.18;1022.99;66.8647;1089.85;1706.67;5.8434;1.36347
0.19;1022.99;68.0384;1091.03;1706.67;4.334;1.36347
0.2;1022.99;68.5515;1091.54;1706.67;3.5615;1.36347
0.21;1022.99;70.2385;1093.23;1706.67;5.8588;1.36347
0.22;1022.99;71.4863;1094.47;1706.67;9.6252;1.36347
0.23;1022.99;70.3783;1093.37;1706.67;9.2291;1.36347
0.24;1022.99;73.1373;1096.13;1706.67;8.9081;1.36347
0.25;1022.99;74.5964;1097.58;1706.67;7.1531;1.36347
0.26;1022.99;74.1207;1097.11;1706.67;5.0924;1.36347
0.27;1022.99;71.1069;1094.1;1706.67;5.7804;1.36347
0.28;1022.99;73.0541;1096.04;1706.67;8.4474;1.36347
0.29;1022.99;72.6631;1095.65;1706.67;9.602;1.36347
0.3;1022.99;73.6417;1096.63;1706.67;8.7589;1.36347
0.31;1022.99;75.4686;1098.46;1706.67;7.6171;1.36347
0.32;1022.99;72.89;1095.88;1706.67;6.8199;1.36347
0.33;1022.99;74.8191;1097.81;1706.67;7.0485;1.36347
0.34;1022.99;73.2982;1096.29;1706.67;7.5913;1.36347
0.35;1022.99;73.9127;1096.9;1706.67;8.6582;1.36347
0.36;1022.99;74.1151;1097.1;1706.67;9.4953;1.36347
0.37;1022.99;74.1816;1097.17;1706.67;8.087;1.36347
0.38;1022.99;73.1847;1096.17;1706.67;6.3327;1.36347
0.39;1022.99;77.2468;1100.24;1706.67;7.133;1.36347
0.4;1022.99;74.5029;1097.49;1706.67;9.7302;1.36347
0.41;1022.99;73.8998;1096.89;1706.67;10.2108;1.36347
0.42;1022.99;72.649;1095.64;1706.67;9.4867;1.36347
0.43;1022.99;72.0525;1095.04;1706.67;8.6893;1.36347
0.44;1022.99;76.977;1099.97;1706.67;7.8775;1.36347
0.45;1022.99;75.4044;1098.39;1706.67;7.2989;1.36347
0.46;1022.99;72.8154;1095.8;1706.67;7.6267;1.36347
0.47;1022.99;72.9089;1095.9;1706.67;8.7961;1.36347
0.48;1022.99;74.4027;1097.39;1706.67;9.5283;1.36347
0.49;1022.99;74.1876;1097.18;1706.67;8.5159;1.36347
0.5;1022.99;74.0388;1097.03;1706.67;7.465;1.36347
0.51;1022.99;72.7872;1095.78;1706.67;7.1739;1.36347
0.52;1022.99;76.3824;1099.37;1706.67;9.1203;1.36347
0.53;1022.99;74.9497;1097.94;1706.67;9.2887;1.36347
0.54;1022.99;73.1128;1096.1;1706.67;9.6245;1.36347
0.55;1022.99;73.0873;1096.08;1706.67;9.5303;1.36347
0.56;1022.99;75.7391;1098.73;1706.67;8.5603;1.36347
0.57;1022.99;74.626;1097.61;1706.67;6.6835;1.36347
0.58;1022.99;75.5052;1098.49;1706.67;8.4386;1.36347
0.59;1022.99;74.1981;1097.19;1706.67;9.8548;1.36347
0.6;1022.99;73.9796;1096.97;1706.67;10.2109;1.36347
0.61;1022.99;73.5135;1096.5;1706.67;9.0494;1.36347
0.62;1022.99;75.6058;1098.59;1706.67;8.2022;1.36347
0.63;1022.99;75.2711;1098.26;1706.67;7.9393;1.36347
0.64;1022.99;75.6405;1098.63;1706.67;7.8077;1.36347
0.65;1022.99;73.3088;1096.3;1706.67;7.9259;1.36347
0.66;1022.99;74.2773;1097.27;1706.67;8.9818;1.36347
0.67;1022.99;75.0582;1098.05;1706.67;9.3615;1.36347
0.68;1022.99;74.1079;1097.1;1706.67;8.287;1.36347
0.69;1022.99;73.0676;1096.06;1706.67;7.5484;1.36347
0.7;1022.99;76.1096;1099.1;1706.67;8.1658;1.36347
0.71;1022.99;76.5095;1099.5;1706.67;9.9926;1.36347
0.72;1022.99;74.9382;1097.93;1706.67;9.9374;1.36347
0.73;1022.99;71.9496;1094.94;1706.67;9.8882;1.36347
0.74;1022.99;71.9802;1094.97;1706.67;9.2321;1.36347
0.75;1022.99;76.6914;1099.68;1706.67;8.3716;1.36347
0.76;1022.99;75.02;1098.01;1706.67;6.7338;1.36347
0.77;1022.99;73.0632;1096.05;1706.67;8.1743;1.36347
0.78;1022.99;73.4114;1096.4;1706.67;9.6837;1.36347
0.79;1022.99;73.3608;1096.35;1706.67;9.8746;1.36347
0.8;1022.99;73.7375;1096.73;1706.67;8.7054;1.36347
0.81;1022.99;75.99;1098.98;1706.67;8.2234;1.36347
0.82;1022.99;74.3629;1097.35;1706.67;8.1067;1.36347
0.83;1022.99;75.469;1098.46;1706.67;8.252;1.36347
0.839999;1022.99;73.1644;1096.15;1706.67;8.076;1.36347
0.849999;1022.99;74.441;1097.43;1706.67;8.7108;1.36347
0.859999;1022.99;75.0482;1098.04;1706.67;8.9434;1.36347
0.869999;1022.99;73.6113;1096.6;1706.67;7.987;1.36347
0.879999;1022.99;72.5991;1095.59;1706.67;6.7601;1.36347
0.889999;1022.99;78.4051;1101.39;1706.67;7.5217;1.36347
0.899999;1022.99;75.9896;1098.98;1706.67;9.2167;1.36347
0.909999;1022.99;74.5237;1097.51;1706.67;9.6056;1.36347
0.919999;1022.99;71.2115;1094.2;1706.67;9.0193;1.36347
0.929999;1022.99;70.9302;1093.92;1706.67;8.5919;1.36347
0.939999;1022.99;76.7894;1099.78;1706.67;7.9689;1.36347
0.949999;1022.99;74.9001;1097.89;1706.67;7.1363;1.36347
0.959999;1022.99;71.8668;1094.86;1706.67;8.2484;1.36347
0.969999;1022.99;71.9646;1094.95;1706.67;9.6147;1.36347
0.979999;1022.99;72.8502;1095.84;1706.67;9.7004;1.36347
0.989999;1022.99;73.5648;1096.55;1706.67;8.5605;1.36347
0.999999;1022.99;76.0176;1099.01;1706.67;8.2206;1.36347
1.01;1022.99;72.558;1095.55;1706.67;8.1811;1.36347
1.02;1022.99;74.8635;1097.85;1706.67;9.0941;1.36347
1.03;1022.99;73.0725;1096.06;1706.67;8.6112;1.36347
1.04;1022.99;73.5903;1096.58;1706.67;9.0501;1.36347
1.05;1022.99;74.2074;1097.2;1706.67;9.1957;1.36347
1.06;1022.99;73.7196;1096.71;1706.67;8.3655;1.36347
1.07;1022.99;72.6904;1095.68;1706.67;7.0087;1.36347
1.08;1022.99;76.9604;1099.95;1706.67;7.8043;1.36347
1.09;1022.99;74.9242;1097.91;1706.67;9.3679;1.36347
1.1;1022.99;73.4746;1096.46;1706.67;9.5093;1.36347
1.11;1022.99;71.1744;1094.16;1706.67;8.813;1.36347
1.12;1022.99;70.7772;1093.77;1706.67;8.4759;1.36347
1.13;1022.99;76.3387;1099.33;1706.67;8.2156;1.36347
1.14;1022.99;74.5558;1097.54;1706.67;7.462;1.36347
1.15;1022.99;71.4498;1094.44;1706.67;8.1723;1.36347
1.16;1022.99;71.1903;1094.18;1706.67;8.8168;1.36347
1.17;1022.99;72.4947;1095.48;1706.67;9.115;1.36347
1.18;1022.99;72.9103;1095.9;1706.67;8.1941;1.36347
1.19;1022.99;73.7994;1096.79;1706.67;7.7565;1.36347
1.2;1022.99;71.3569;1094.35;1706.67;8.0685;1.36347
1.21;1022.99;74.5455;1097.53;1706.67;9.1285;1.36347
1.22;1022.99;73.1072;1096.1;1706.67;8.7224;1.36347
1.23;1022.99;72.0814;1095.07;1706.67;8.8526;1.36347
1.24;1022.99;72.0425;1095.03;1706.67;9.0533;1.36347
1.25;1022.99;73.9759;1096.96;1706.67;8.2202;1.36347
1.26;1022.99;72.8088;1095.8;1706.67;7.0204;1.36347
1.27;1022.99;76.1555;1099.14;1706.67;8.5567;1.36347
1.28;1022.99;73.0781;1096.07;1706.67;9.9622;1.36347
1.29;1022.99;72.348;1095.34;1706.67;10.1379;1.36347
1.3;1022.99;71.1443;1094.13;1706.67;9.0325;1.36347
1.31;1022.99;72.2933;1095.28;1706.67;8.4932;1.36347
1.32;1022.99;74.769;1097.76;1706.67;8.3515;1.36347
1.33;1022.99;73.9586;1096.95;1706.67;7.724;1.36347
1.34;1022.99;71.3624;1094.35;1706.67;7.281;1.36347
1.35;1022.99;71.4045;1094.39;1706.67;8.0497;1.36347
1.36;1022.99;72.7745;1095.76;1706.67;8.5526;1.36347
1.37;1022.99;72.3137;1095.3;1706.67;7.8747;1.36347
1.38;1022.99;71.6548;1094.64;1706.67;7.3188;1.36347
1.39;1022.99;72.3036;1095.29;1706.67;7.6088;1.36347
1.4;1022.99;74.3424;1097.33;1706.67;8.7298;1.36347
1.41;1022.99;72.6539;1095.64;1706.67;8.7195;1.36347
1.42;1022.99;70.4564;1093.44;1706.67;8.7618;1.36347
1.43;1022.99;70.5768;1093.57;1706.67;8.8196;1.36347
1.44;1022.99;74.2749;1097.26;1706.67;8.0606;1.36347
1.45;1022.99;72.7947;1095.78;1706.67;6.6629;1.36347
1.46;1022.99;71.8978;1094.89;1706.67;8.4223;1.36347
1.47;1022.99;71.7058;1094.69;1706.67;9.8967;1.36347
1.48;1022.99;71.4276;1094.42;1706.67;9.8765;1.36347
1.49;1022.99;71.6073;1094.6;1706.67;8.7579;1.36347
1.5;1022.99;74.0953;1097.08;1706.67;8.2723;1.36347
1.51;1022.99;72.7462;1095.73;1706.67;8.1879;1.36347
1.52;1022.99;73.4928;1096.48;1706.67;8.3725;1.36347
1.53;1022.99;70.9952;1093.98;1706.67;7.7133;1.36347
1.54;1022.99;71.9167;1094.91;1706.67;8.4143;1.36347
1.55;1022.99;72.8635;1095.85;1706.67;8.8392;1.36347
1.56;1022.99;71.8359;1094.82;1706.67;8.0788;1.36347
1.57;1022.99;70.739;1093.73;1706.67;7.4496;1.36347
1.58;1022.99;75.8098;1098.8;1706.67;7.6896;1.36347
1.59;1022.99;73.8392;1096.83;1706.67;9.1537;1.36347
1.6;1022.99;72.4282;1095.42;1706.67;9.2333;1.36347
1.61;1022.99;69.1354;1092.12;1706.67;9.2117;1.36347
1.62;1022.99;69.1599;1092.15;1706.67;8.8062;1.36347
1.63;1022.99;74.8019;1097.79;1706.67;8.3068;1.36347
1.64;1022.99;72.6377;1095.63;1706.67;6.9597;1.36347
1.65;1022.99;69.7374;1092.73;1706.67;8.6619;1.36347
1.66;1022.99;70.0101;1093;1706.67;9.4053;1.36347
1.67;1022.99;70.5635;1093.55;1706.67;9.5546;1.36347
1.68;1022.99;71.532;1094.52;1706.67;8.5591;1.36347
1.69;1022.99;73.8597;1096.85;1706.67;8.146;1.36347
1.7;1022.99;71.2601;1094.25;1706.67;8.2188;1.36347
1.71;1022.99;72.8135;1095.8;1706.67;8.4915;1.36347
1.72;1022.99;70.7297;1093.72;1706.67;7.7566;1.36347
1.73;1022.99;71.6992;1094.69;1706.67;8.1829;1.36347
1.74;1022.99;72.6438;1095.63;1706.67;8.7484;1.36347
1.75;1022.99;71.3136;1094.3;1706.67;7.9986;1.36347
1.76;1022.99;70.4767;1093.47;1706.67;7.3159;1.36347
1.77;1022.99;74.7585;1097.75;1706.67;8.128;1.36347
1.78;1022.99;72.9857;1095.97;1706.67;9.5777;1.36347
1.79;1022.99;71.7041;1094.69;1706.67;9.6504;1.36347
1.8;1022.99;68.8906;1091.88;1706.67;8.9271;1.36347
1.81;1022.99;68.3889;1091.38;1706.67;8.5095;1.36347
1.82;1022.99;74.4481;1097.44;1706.67;7.9821;1.36347
1.83;1022.99;72.5959;1095.58;1706.67;6.8897;1.36347
1.84;1022.99;69.3783;1092.37;1706.67;7.1102;1.36347
1.85;1022.99;69.26;1092.25;1706.67;8.2174;1.36347
1.86;1022.99;70.4457;1093.43;1706.67;8.7145;1.36347
1.87;1022.99;71.2256;1094.21;1706.67;8.0753;1.36347
1.88;1022.99;73.3783;1096.37;1706.67;8.0099;1.36347
1.89;1022.99;69.7372;1092.73;1706.67;8.0899;1.36347
1.9;1022.99;72.3407;1095.33;1706.67;8.5411;1.36347
1.91;1022.99;70.5536;1093.54;1706.67;8.388;1.36347
1.92;1022.99;70.8591;1093.85;1706.67;8.7623;1.36347
1.93;1022.99;71.5234;1094.51;1706.67;9.0987;1.36347
1.94;1022.99;71.5903;1094.58;1706.67;8.3267;1.36347
1.95;1022.99;70.2827;1093.27;1706.67;6.9;1.36347
1.96;1022.99;74.2566;1097.25;1706.67;8.1114;1.36347
1.97;1022.99;71.771;1094.76;1706.67;9.4753;1.36347
1.98;1022.99;70.828;1093.82;1706.67;9.5845;1.36347
1.99;1022.99;68.8398;1091.83;1706.67;8.7764;1.36347
2;1022.99;68.5626;1091.55;1706.67;8.4395;1.36347
2.01;1022.99;73.6594;1096.65;1706.67;8.2946;1.36347
2.02;1022.99;72.051;1095.04;1706.67;8.0315;1.36347
2.03;1022.99;68.9701;1091.96;1706.67;7.9408;1.36347
2.04;1022.99;68.7799;1091.77;1706.67;8.7217;1.36347
2.05;1022.99;70.2352;1093.22;1706.67;8.8923;1.36347
2.06;1022.99;70.6439;1093.63;1706.67;8.1053;1.36347
2.07;1022.99;71.0101;1094;1706.67;7.799;1.36347
2.08;1022.99;68.8867;1091.88;1706.67;7.9004;1.36347
2.09;1022.99;71.8553;1094.84;1706.67;8.9459;1.36347
2.1;1022.99;70.5392;1093.53;1706.67;8.6271;1.36347
2.11;1022.99;69.4471;1092.44;1706.67;8.9465;1.36347
2.12;1022.99;69.5331;1092.52;1706.67;9.0042;1.36347
2.13;1022.99;71.754;1094.74;1706.67;8.2613;1.36347
2.14;1022.99;70.5289;1093.52;1706.67;6.7014;1.36347
2.15;1022.99;72.4026;1095.39;1706.67;8.1004;1.36347
2.16;1022.99;70.3491;1093.34;1706.67;9.3182;1.36347
2.17;1022.99;69.8733;1092.86;1706.67;9.5858;1.36347
2.18;1022.99;68.9818;1091.97;1706.67;8.7341;1.36347
2.19;1022.99;70.8314;1093.82;1706.67;8.4016;1.36347
2.2;1022.99;71.6246;1094.61;1706.67;8.3651;1.36347
2.21;1022.99;71.4393;1094.43;1706.67;8.2242;1.36347
2.22;1022.99;68.6095;1091.6;1706.67;7.9102;1.36347
2.23;1022.99;68.7147;1091.7;1706.67;8.5395;1.36347
2.24;1022.99;70.4072;1093.4;1706.67;8.8638;1.36347
2.25;1022.99;69.9891;1092.98;1706.67;8.1068;1.36347
2.26;1022.99;68.9807;1091.97;1706.67;7.7416;1.36347
2.27;1022.99;71.3214;1094.31;1706.67;8.2434;1.36347
2.28;1022.99;71.527;1094.52;1706.67;9.5425;1.36347
2.29;1022.99;70.3237;1093.31;1706.67;9.2946;1.36347
2.3;1022.99;67.7202;1090.71;1706.67;8.862;1.36347
2.31;1022.99;67.7335;1090.72;1706.67;8.6067;1.36347
2.32;1022.99;72.3253;1095.31;1706.67;7.8842;1.36347
2.33;1022.99;70.4186;1093.41;1706.67;6.4815;1.36347
2.34;1022.99;68.0952;1091.08;1706.67;7.5711;1.36347
2.35;1022.99;68.678;1091.67;1706.67;8.9888;1.36347
2.36;1022.99;68.5083;1091.5;1706.67;9.2525;1.36347
2.37;1022.99;69.2396;1092.23;1706.67;8.4664;1.36347
2.38;1022.99;71.6747;1094.66;1706.67;8.053;1.36347
2.39;1022.99;69.5454;1092.53;1706.67;7.9878;1.36347
2.4;1022.99;70.7777;1093.77;1706.67;7.965;1.36347
2.41;1022.99;68.5593;1091.55;1706.67;7.603;1.36347
2.42;1022.99;69.6096;1092.6;1706.67;8.3672;1.36347
2.43;1022.99;70.5333;1093.52;1706.67;8.6162;1.36347
2.44;1022.99;69.3801;1092.37;1706.67;7.9388;1.36347
2.45;1022.99;68.3087;1091.3;1706.67;6.7572;1.36347
2.46;1022.99;73.4399;1096.43;1706.67;7.5543;1.36347
2.47;1022.99;71.1299;1094.12;1706.67;9.0826;1.36347
2.48;1022.99;69.8163;1092.8;1706.67;9.121;1.36347
2.49;1022.99;66.8883;1089.88;1706.67;8.7243;1.36347
2.5;1022.99;66.5598;1089.55;1706.67;8.4022;1.36347
2.51;1022.99;72.1924;1095.18;1706.67;8.077;1.36347
2.52;1022.99;70.343;1093.33;1706.67;6.9772;1.36347
2.53;1022.99;67.3496;1090.34;1706.67;7.9279;1.36347
2.54;1022.99;67.505;1090.49;1706.67;9.2395;1.36347
2.55;1022.99;68.176;1091.16;1706.67;9.3692;1.36347
2.56;1022.99;69.1172;1092.11;1706.67;8.4143;1.36347
2.57;1022.99;71.572;1094.56;1706.67;8.1702;1.36347
2.58;1022.99;68.0344;1091.02;1706.67;8.18;1.36347
2.59;1022.99;70.1208;1093.11;1706.67;8.8543;1.36347
2.6;1022.99;68.3146;1091.3;1706.67;8.2471;1.36347
2.61;1022.99;69.0725;1092.06;1706.67;8.751;1.36347
2.62;1022.99;69.7643;1092.75;1706.67;9.009;1.36347
2.63;1022.99;69.4536;1092.44;1706.67;8.2263;1.36347
2.64;1022.99;68.0979;1091.09;1706.67;7.0262;1.36347
2.65;1022.99;71.985;1094.97;1706.67;8.4333;1.36347
2.66;1022.99;70.0071;1093;1706.67;9.727;1.36347
2.67;1022.99;68.9562;1091.94;1706.67;9.9282;1.36347
2.68;1022.99;66.5409;1089.53;1706.67;9.2269;1.36347
2.69;1022.99;65.9142;1088.9;1706.67;8.5814;1.36347
2.7;1022.99;71.7335;1094.72;1706.67;8.1024;1.36347
2.71;1022.99;69.9576;1092.95;1706.67;7.192;1.36347
2.72;1022.99;66.7845;1089.77;1706.67;7.9782;1.36347
2.73;1022.99;66.3806;1089.37;1706.67;8.4345;1.36347
2.74;1022.99;67.9642;1090.95;1706.67;8.6845;1.36347
2.75;1022.99;68.4005;1091.39;1706.67;7.7335;1.36347
2.76;1022.99;69.8843;1092.87;1706.67;7.5014;1.36347
2.77;1022.99;66.7844;1089.77;1706.67;7.5968;1.36347
2.78;1022.99;69.3756;1092.36;1706.67;8.3408;1.36347
2.79;1022.99;68.141;1091.13;1706.67;7.8613;1.36347
2.8;1022.99;68.0255;1091.01;1706.67;8.2015;1.36347
2.81;1022.99;68.9918;1091.98;1706.67;8.6323;1.36347
2.82;1022.99;69.26;1092.25;1706.67;7.6958;1.36347
2.83;1022.99;67.5587;1090.55;1706.67;6.6406;1.36347
2.84;1022.99;71.3308;1094.32;1706.67;8.2539;1.36347
2.85;1022.99;69.7115;1092.7;1706.67;9.5406;1.36347
2.86;1022.99;69.4354;1092.42;1706.67;9.1582;1.36347
2.87;1022.99;69.6191;1092.61;1706.67;8.716;1.36347
2.88;1022.99;71.4299;1094.42;1706.67;8.6534;1.36347
2.89;1022.99;70.7861;1093.77;1706.67;7.1598;1.36347
2.9;1022.99;70.6644;1093.65;1706.67;8.2197;1.36347
2.91;1022.99;69.2167;1092.21;1706.67;9.5336;1.36347
2.92;1022.99;70.7988;1093.79;1706.67;9.3648;1.36347
2.93;1022.99;68.3221;1091.31;1706.67;8.8917;1.36347
2.94;1022.99;69.9857;1092.97;1706.67;8.2965;1.36347
2.95;1022.99;73.6305;1096.62;1706.67;7.8216;1.36347
2.96;1022.99;71.3325;1094.32;1706.67;6.959;1.36347
2.97;1022.99;70.6567;1093.65;1706.67;8.9048;1.36347
2.98;1022.99;71.6058;1094.59;1706.67;10.0042;1.36347
2.99;1022.99;70.0333;1093.02;1706.67;9.4678;1.36347
3;1022.99;72.0823;1095.07;1706.67;9.0305;1.36347
3.01;1022.99;73.5724;1096.56;1706.67;7.956;1.36347
3.02;1022.99;72.8115;1095.8;1706.67;6.5976;1.36347
3.03;1022.99;73.9105;1096.9;1706.67;7.6707;1.36347
3.04;1022.99;70.3752;1093.36;1706.67;10.2574;1.36347
3.05;1022.99;70.5366;1093.53;1706.67;10.231;1.36347
3.06;1022.99;68.7959;1091.78;1706.67;9.7124;1.36347
3.07;1022.99;69.702;1092.69;1706.67;8.9763;1.36347
3.08;1022.99;73.2075;1096.2;1706.67;7.9105;1.36347
3.09;1022.99;70.6556;1093.64;1706.67;7.2167;1.36347
3.1;1022.99;70.7827;1093.77;1706.67;8.4239;1.36347
3.11;1022.99;71.2601;1094.25;1706.67;9.4187;1.36347
3.12;1022.99;70.681;1093.67;1706.67;8.8271;1.36347
3.13;1022.99;70.6947;1093.68;1706.67;8.619;1.36347
3.14;1022.99;73.9305;1096.92;1706.67;7.9201;1.36347
3.15;1022.99;72.1555;1095.14;1706.67;7.6208;1.36347
3.16;1022.99;68.6551;1091.64;1706.67;7.4376;1.36347
3.17;1022.99;68.1583;1091.15;1706.67;8.1856;1.36347
3.18;1022.99;69.5383;1092.53;1706.67;8.7009;1.36347
3.19;1022.99;69.3414;1092.33;1706.67;8.0345;1.36347
3.2;1022.99;69.0975;1092.09;1706.67;7.7748;1.36347
3.21;1022.99;67.4006;1090.39;1706.67;7.7832;1.36347
3.22;1022.99;69.6753;1092.66;1706.67;8.4173;1.36347
3.23;1022.99;68.5144;1091.5;1706.67;8.3417;1.36347
3.24;1022.99;67.1598;1090.15;1706.67;8.6769;1.36347
3.25;1022.99;67.1954;1090.18;1706.67;9.0426;1.36347
3.26;1022.99;69.1107;1092.1;1706.67;8.6017;1.36347
3.27;1022.99;67.7367;1090.73;1706.67;7.0905;1.36347
3.28;1022.99;70.4216;1093.41;1706.67;8.5058;1.36347
3.29;1022.99;67.7374;1090.73;1706.67;9.8379;1.36347
3.3;1022.99;66.671;1089.66;1706.67;9.9914;1.36347
3.31;1022.99;65.9637;1088.95;1706.67;9.008;1.36347
3.32;1022.99;66.8458;1089.83;1706.67;8.4033;1.36347
3.33;1022.99;69.4348;1092.42;1706.67;8.332;1.36347
3.34;1022.99;68.4149;1091.4;1706.67;8.0852;1.36347
3.35;1022.99;64.9978;1087.99;1706.67;8.026;1.36347
3.36;1022.99;65.136;1088.12;1706.67;8.5463;1.36347
3.37;1022.99;66.5139;1089.5;1706.67;8.9186;1.36347
3.38;1022.99;67.5243;1090.51;1706.67;8.0158;1.36347
3.39;1022.99;71.019;1094.01;1706.67;7.6266;1.36347
3.4;1022.99;69.9404;1092.93;1706.67;8.4076;1.36347
3.41;1022.99;68.5531;1091.54;1706.67;8.1149;1.36347
3.42;1022.99;67.6085;1090.6;1706.67;9.2499;1.36347
3.43;1022.99;68.6106;1091.6;1706.67;9.1432;1.36347
3.44;1022.99;69.3285;1092.32;1706.67;8.2316;1.36347
3.45;1022.99;71.6429;1094.63;1706.67;7.295;1.36347
3.46;1022.99;68.4127;1091.4;1706.67;8.0569;1.36347
3.47;1022.99;69.4822;1092.47;1706.67;9.1137;1.36347
3.48;1022.99;66.696;1089.68;1706.67;8.8183;1.36347
3.49;1022.99;66.276;1089.26;1706.67;9.1482;1.36347
3.5;1022.99;69.1865;1092.18;1706.67;8.7613;1.36347
3.51;1022.99;69.1067;1092.1;1706.67;7.6952;1.36347
3.52;1022.99;70.3749;1093.36;1706.67;6.8982;1.36347
3.53;1022.99;72.1593;1095.15;1706.67;7.6612;1.36347
3.54;1022.99;68.3055;1091.29;1706.67;7.4356;1.36347
3.55;1022.99;69.1186;1092.11;1706.67;8.683;1.36347
3.56;1022.99;69.2313;1092.22;1706.67;8.7054;1.36347
3.57;1022.99;69.579;1092.57;1706.67;7.7789;1.36347
3.58;1022.99;73.577;1096.57;1706.67;7.0803;1.36347
3.59;1022.99;73.1012;1096.09;1706.67;7.4433;1.36347
3.6;1022.99;71.219;1094.21;1706.67;6.8804;1.36347
3.61;1022.99;71.2081;1094.2;1706.67;7.9487;1.36347
3.62;1022.99;71.0798;1094.07;1706.67;8.4264;1.36347
3.63;1022.99;69.8718;1092.86;1706.67;7.898;1.36347
3.64;1022.99;70.4059;1093.39;1706.67;7.608;1.36347
3.65;1022.99;67.7933;1090.78;1706.67;7.9456;1.36347
3.66;1022.99;70.0393;1093.03;1706.67;8.7049;1.36347
3.67;1022.99;68.4413;1091.43;1706.67;8.2391;1.36347
3.68;1022.99;68.1151;1091.1;1706.67;8.3636;1.36347
3.69;1022.99;70.4497;1093.44;1706.67;8.7854;1.36347
3.7;1022.99;69.0947;1092.08;1706.67;7.6837;1.36347
3.71;1022.99;72.4005;1095.39;1706.67;7.7115;1.36347
3.72;1022.99;69.0724;1092.06;1706.67;9.159;1.36347
3.73;1022.99;69.5851;1092.57;1706.67;9.096;1.36347
3.74;1022.99;66.4806;1089.47;1706.67;9.6909;1.36347
3.75;1022.99;69.9308;1092.92;1706.67;9.2642;1.36347
3.76;1022.99;69.7977;1092.79;1706.67;8.0628;1.36347
3.77;1022.99;70.3514;1093.34;1706.67;7.3751;1.36347
3.78;1022.99;70.0283;1093.02;1706.67;9.9252;1.36347
3.79;1022.99;69.3663;1092.35;1706.67;10.7245;1.36347
3.8;1022.99;67.0873;1090.08;1706.67;9.7283;1.36347
3.81;1022.99;67.7074;1090.7;1706.67;9.512;1.36347
3.82;1022.99;70.0184;1093.01;1706.67;8.3677;1.36347
3.83;1022.99;69.5881;1092.58;1706.67;7.1502;1.36347
3.84;1022.99;69.9056;1092.89;1706.67;7.1644;1.36347
3.85;1022.99;71.7014;1094.69;1706.67;9.8423;1.36347
3.86;1022.99;68.4502;1091.44;1706.67;9.3636;1.36347
3.87;1022.99;67.3099;1090.3;1706.67;9.8015;1.36347
3.88;1022.99;70.2275;1093.22;1706.67;9.0991;1.36347
3.89;1022.99;69.8169;1092.81;1706.67;7.7659;1.36347
3.9;1022.99;73.9028;1096.89;1706.67;7.3572;1.36347
3.91;1022.99;72.1982;1095.19;1706.67;9.1598;1.36347
3.92;1022.99;69.7485;1092.74;1706.67;8.689;1.36347
3.93;1022.99;69.3191;1092.31;1706.67;9.2227;1.36347
3.94;1022.99;69.8402;1092.83;1706.67;9.2515;1.36347
3.95;1022.99;69.2966;1092.29;1706.67;8.3046;1.36347
3.96;1022.99;67.025;1090.01;1706.67;7.206;1.36347
3.97;1022.99;72.2213;1095.21;1706.67;8.8086;1.36347
3.98;1022.99;68.5654;1091.55;1706.67;9.7213;1.36347
3.99;1022.99;68.3014;1091.29;1706.67;9.0008;1.36347
4;1022.99;66.6089;1089.6;1706.67;8.8935;1.36347
4.01;1022.99;71.3514;1094.34;1706.67;8.5595;1.36347
4.02;1022.99;69.7201;1092.71;1706.67;7.3498;1.36347
4.03;1022.99;72.0112;1095;1706.67;8.6076;1.36347
4.04;1022.99;70.3785;1093.37;1706.67;9.9413;1.36347
4.05;1022.99;68.1543;1091.14;1706.67;9.6367;1.36347
4.06;1022.99;66.1987;1089.19;1706.67;9.8376;1.36347
4.07;1022.99;69.4309;1092.42;1706.67;8.8844;1.36347
4.08;1022.99;69.7743;1092.76;1706.67;7.5246;1.36347
4.09;1022.99;71.739;1094.73;1706.67;7.5037;1.36347
4.1;1022.99;68.6345;1091.62;1706.67;11.2398;1.36347
4.11;1022.99;69.2789;1092.27;1706.67;11.0917;1.36347
4.12;1022.99;66.5797;1089.57;1706.67;10.8843;1.36347
4.13;1022.99;69.9385;1092.93;1706.67;10.3301;1.36347
4.14;1022.99;69.7424;1092.73;1706.67;8.7141;1.36347
4.15;1022.99;69.4311;1092.42;1706.67;7.7494;1.36347
4.16;1022.99;69.7247;1092.71;1706.67;9.107;1.36347
4.17;1022.99;69.7551;1092.74;1706.67;9.6328;1.36347
4.18;1022.99;67.1156;1090.1;1706.67;9.8019;1.36347
4.19;1022.99;68.6073;1091.6;1706.67;9.8693;1.36347
4.2;1022.99;69.4017;1092.39;1706.67;8.836;1.36347
4.21;1022.99;67.8104;1090.8;1706.67;7.5211;1.36347
4.22;1022.99;71.2413;1094.23;1706.67;7.9697;1.36347
4.23;1022.99;69.2151;1092.2;1706.67;9.2894;1.36347
4.24;1022.99;68.1914;1091.18;1706.67;8.9147;1.36347
4.25;1022.99;67.2571;1090.25;1706.67;8.8639;1.36347
4.26;1022.99;67.0228;1090.01;1706.67;8.8093;1.36347
4.27;1022.99;69.0803;1092.07;1706.67;7.7392;1.36347
4.28;1022.99;66.0011;1088.99;1706.67;8.0715;1.36347
4.29;1022.99;65.4568;1088.45;1706.67;9.6672;1.36347
4.3;1022.99;68.141;1091.13;1706.67;9.5298;1.36347
4.31;1022.99;65.5918;1088.58;1706.67;8.6998;1.36347
4.32;1022.99;67.8403;1090.83;1706.67;8.1372;1.36347
4.33;1022.99;70.2794;1093.27;1706.67;7.6484;1.36347
4.34;1022.99;67.7024;1090.69;1706.67;6.8868;1.36347
4.35;1022.99;70.5836;1093.57;1706.67;9.9709;1.36347
4.36;1022.99;67.9062;1090.89;1706.67;10.6195;1.36347
4.37001;1022.99;66.0583;1089.05;1706.67;9.4182;1.36347
4.38001;1022.99;66.3484;1089.34;1706.67;9.0857;1.36347
4.39001;1022.99;69.5466;1092.54;1706.67;7.8042;1.36347
4.40001;1022.99;68.7566;1091.75;1706.67;6.4986;1.36347
4.41001;1022.99;69.7368;1092.73;1706.67;7.4156;1.36347
4.42001;1022.99;69.8807;1092.87;1706.67;10.1068;1.36347
4.43001;1022.99;67.4679;1090.46;1706.67;9.5956;1.36347
4.44001;1022.99;65.501;1088.49;1706.67;9.4471;1.36347
4.45001;1022.99;70.0991;1093.09;1706.67;8.5575;1.36347
4.46001;1022.99;68.7257;1091.71;1706.67;6.9988;1.36347
4.47001;1022.99;71.6329;1094.62;1706.67;6.8841;1.36347
4.48001;1022.99;69.7351;1092.72;1706.67;8.8461;1.36347
4.49001;1022.99;68.0747;1091.06;1706.67;8.9102;1.36347
4.50001;1022.99;65.5345;1088.52;1706.67;9.1805;1.36347
4.51001;1022.99;64.3246;1087.31;1706.67;8.6153;1.36347
4.52001;1022.99;69.3716;1092.36;1706.67;8.0099;1.36347
4.53001;1022.99;66.4271;1089.42;1706.67;6.5717;1.36347
4.54001;1022.99;69.5813;1092.57;1706.67;8.7478;1.36347
4.55001;1022.99;66.7087;1089.7;1706.67;9.2696;1.36347
4.56001;1022.99;66.9934;1089.98;1706.67;8.6548;1.36347
4.57001;1022.99;65.5442;1088.53;1706.67;8.2271;1.36347
4.58001;1022.99;70.5066;1093.5;1706.67;8.1346;1.36347
4.59001;1022.99;68.1747;1091.16;1706.67;7.0893;1.36347
4.60001;1022.99;67.7285;1090.72;1706.67;9.1913;1.36347
4.61001;1022.99;67.0748;1090.06;1706.67;10.4043;1.36347
4.62001;1022.99;66.6515;1089.64;1706.67;9.9283;1.36347
4.63001;1022.99;68.4941;1091.48;1706.67;9.8281;1.36347
4.64001;1022.99;69.0295;1092.02;1706.67;8.6217;1.36347
4.65001;1022.99;68.6329;1091.62;1706.67;6.7854;1.36347
4.66001;1022.99;70.6268;1093.62;1706.67;7.706;1.36347
4.67001;1022.99;68.4984;1091.49;1706.67;10.7089;1.36347
4.68001;1022.99;67.5394;1090.53;1706.67;10.1524;1.36347
4.69001;1022.99;67.3674;1090.36;1706.67;10.6878;1.36347
4.70001;1022.99;69.4398;1092.43;1706.67;9.8733;1.36347
4.71001;1022.99;68.9409;1091.93;1706.67;8.1114;1.36347
4.72001;1022.99;71.3553;1094.34;1706.67;7.7;1.36347
4.73001;1022.99;69.343;1092.33;1706.67;9.1293;1.36347
4.74001;1022.99;68.1677;1091.16;1706.67;9.2787;1.36347
4.75001;1022.99;65.7295;1088.72;1706.67;9.4584;1.36347
4.76001;1022.99;65.3347;1088.32;1706.67;9.4358;1.36347
4.77001;1022.99;68.8639;1091.85;1706.67;8.5809;1.36347
4.78001;1022.99;66.3021;1089.29;1706.67;6.986;1.36347
4.79001;1022.99;69.4404;1092.43;1706.67;8.6399;1.36347
4.80001;1022.99;66.8668;1089.86;1706.67;9.6349;1.36347
4.81002;1022.99;66.5653;1089.55;1706.67;9.1737;1.36347
4.82002;1022.99;65.4818;1088.47;1706.67;8.817;1.36347
4.83002;1022.99;69.5465;1092.54;1706.67;8.3073;1.36347
4.84002;1022.99;67.5018;1090.49;1706.67;7.1726;1.36347
4.85002;1022.99;68.6407;1091.63;1706.67;8.7721;1.36347
4.86002;1022.99;67.0947;1090.08;1706.67;9.951;1.36347
4.87002;1022.99;66.2726;1089.26;1706.67;9.8229;1.36347
4.88002;1022.99;66.864;1089.85;1706.67;9.8278;1.36347
4.89002;1022.99;68.426;1091.41;1706.67;8.886;1.36347
4.90002;1022.99;68.2776;1091.27;1706.67;7.301;1.36347
4.91002;1022.99;70.2834;1093.27;1706.67;7.7628;1.36347
4.92002;1022.99;68.0074;1091;1706.67;11.0433;1.36347
4.93002;1022.99;67.2495;1090.24;1706.67;10.5458;1.36347
4.94002;1022.99;65.5565;1088.55;1706.67;11.1045;1.36347
4.95002;1022.99;68.4873;1091.48;1706.67;10.2409;1.36347
4.96002;1022.99;68.3253;1091.31;1706.67;8.6963;1.36347
4.97002;1022.99;70.7784;1093.77;1706.67;8.3856;1.36347
4.98002;1022.99;68.8407;1091.83;1706.67;9.8845;1.36347
4.99002;1022.99;67.8839;1090.87;1706.67;9.908;1.36347
5.00002;1022.99;66.0436;1089.03;1706.67;9.9534;1.36347
5.01002;1022.99;66.0542;1089.04;1706.67;9.8633;1.36347
5.02002;1022.99;67.8397;1090.83;1706.67;8.8949;1.36347
5.03002;1022.99;65.2948;1088.28;1706.67;7.3752;1.36347
5.04002;1022.99;69.7108;1092.7;1706.67;8.879;1.36347
5.05002;1022.99;66.1168;1089.11;1706.67;9.5823;1.36347
5.06002;1022.99;65.8386;1088.83;1706.67;8.6956;1.36347
5.07002;1022.99;65.2251;1088.21;1706.67;8.6825;1.36347
5.08002;1022.99;68.8219;1091.81;1706.67;8.0114;1.36347
5.09002;1022.99;67.0892;1090.08;1706.67;7.0609;1.36347
5.10002;1022.99;69.0095;1092;1706.67;9.1117;1.36347
5.11002;1022.99;67.8856;1090.87;1706.67;10.1398;1.36347
5.12002;1022.99;65.3209;1088.31;1706.67;9.3424;1.36347
5.13002;1022.99;67.4946;1090.48;1706.67;9.5267;1.36347
5.14002;1022.99;67.7792;1090.77;1706.67;8.5717;1.36347
5.15002;1022.99;67.7546;1090.74;1706.67;7.0405;1.36347
5.16002;1022.99;68.6578;1091.65;1706.67;6.6282;1.36347
5.17002;1022.99;69.2937;1092.28;1706.67;9.8046;1.36347
5.18002;1022.99;66.0641;1089.05;1706.67;9.1894;1.36347
5.19002;1022.99;66.556;1089.54;1706.67;9.8882;1.36347
5.20002;1022.99;68.14;1091.13;1706.67;9.3859;1.36347
5.21002;1022.99;67.3794;1090.37;1706.67;7.6342;1.36347
5.22002;1022.99;71.1765;1094.17;1706.67;6.7318;1.36347
5.23002;1022.99;69.0537;1092.04;1706.67;8.1689;1.36347
5.24003;1022.99;66.8751;1089.86;1706.67;7.9053;1.36347
5.25003;1022.99;66.1974;1089.19;1706.67;8.4984;1.36347
5.26003;1022.99;67.1764;1090.16;1706.67;8.7536;1.36347
5.27003;1022.99;66.0995;1089.09;1706.67;7.9443;1.36347
5.28003;1022.99;64.2125;1087.2;1706.67;6.8833;1.36347
5.29003;1022.99;65.7048;1088.69;1706.67;8.1765;1.36347
5.30003;1022.99;65.7844;1088.77;1706.67;8.6848;1.36347
5.31003;1022.99;63.9282;1086.92;1706.67;7.9559;1.36347
5.32003;1022.99;65.7429;1088.73;1706.67;7.9164;1.36347
5.33003;1022.99;66.9432;1089.93;1706.67;7.2412;1.36347
5.34003;1022.99;66.3154;1089.3;1706.67;6.387;1.36347
5.35003;1022.99;68.2861;1091.27;1706.67;8.2709;1.36347
5.36003;1022.99;66.3644;1089.35;1706.67;9.4711;1.36347
5.37003;1022.99;64.0057;1086.99;1706.67;8.8485;1.36347
5.38003;1022.99;62.6477;1085.64;1706.67;9.0177;1.36347
5.39003;1022.99;66.4127;1089.4;1706.67;8.0635;1.36347
5.40003;1022.99;66.3562;1089.34;1706.67;6.8854;1.36347
5.41003;1022.99;66.3717;1089.36;1706.67;6.6494;1.36347
5.42003;1022.99;67.9449;1090.93;1706.67;9.4847;1.36347
5.43003;1022.99;64.4853;1087.47;1706.67;9.1485;1.36347
5.44003;1022.99;62.6865;1085.68;1706.67;10.165;1.36347
5.45003;1022.99;66.228;1089.22;1706.67;9.3698;1.36347
5.46003;1022.99;65.6053;1088.59;1706.67;8.0334;1.36347
5.47003;1022.99;65.2573;1088.25;1706.67;6.8895;1.36347
5.48003;1022.99;67.4994;1090.49;1706.67;7.8214;1.36347
5.49003;1022.99;65.1786;1088.17;1706.67;7.4877;1.36347
5.50003;1022.99;64.8558;1087.84;1706.67;8.3654;1.36347
5.51003;1022.99;66.6716;1089.66;1706.67;8.6218;1.36347
5.52003;1022.99;65.4194;1088.41;1706.67;7.6496;1.36347
5.53003;1022.99;68.1937;1091.18;1706.67;6.956;1.36347
5.54003;1022.99;64.9242;1087.91;1706.67;8.4865;1.36347
5.55003;1022.99;65.5283;1088.52;1706.67;7.9875;1.36347
5.56003;1022.99;63.0676;1086.06;1706.67;8.636;1.36347
5.57003;1022.99;65.7982;1088.79;1706.67;8.3925;1.36347
5.58003;1022.99;65.7413;1088.73;1706.67;7.4083;1.36347
5.59003;1022.99;67.5991;1090.59;1706.67;6.4846;1.36347
5.60003;1022.99;64.6273;1087.62;1706.67;9.0442;1.36347
5.61003;1022.99;65.9363;1088.92;1706.67;9.3643;1.36347
5.62003;1022.99;62.6697;1085.66;1706.67;10.5009;1.36347
5.63003;1022.99;66.6947;1089.68;1706.67;10.2094;1.36347
5.64003;1022.99;65.7333;1088.72;1706.67;8.5944;1.36347
5.65003;1022.99;68.6312;1091.62;1706.67;7.2815;1.36347
5.66003;1022.99;67.6317;1090.62;1706.67;6.9588;1.36347
5.67003;1022.99;67.3584;1090.35;1706.67;8.355;1.36347
5.68004;1022.99;65.7596;1088.75;1706.67;9.3197;1.36347
5.69004;1022.99;66.8978;1089.89;1706.67;10.1537;1.36347
5.70004;1022.99;65.2269;1088.22;1706.67;9.0384;1.36347
5.71004;1022.99;68.2214;1091.21;1706.67;8.1206;1.36347
5.72004;1022.99;65.227;1088.22;1706.67;7.6954;1.36347
5.73004;1022.99;66.5476;1089.54;1706.67;7.8152;1.36347
5.74004;1022.99;62.7521;1085.74;1706.67;7.569;1.36347
5.75004;1022.99;63.4708;1086.46;1706.67;8.3504;1.36347
5.76004;1022.99;63.9142;1086.9;1706.67;8.2559;1.36347
5.77004;1022.99;64.8098;1087.8;1706.67;7.5921;1.36347
5.78004;1022.99;63.5229;1086.51;1706.67;7.1119;1.36347
5.79004;1022.99;67.3132;1090.3;1706.67;7.7163;1.36347
5.80004;1022.99;63.2275;1086.22;1706.67;7.7257;1.36347
5.81004;1022.99;63.1102;1086.1;1706.67;8.5315;1.36347
5.82004;1022.99;63.8247;1086.81;1706.67;8.3285;1.36347
5.83004;1022.99;64.5101;1087.5;1706.67;7.3314;1.36347
5.84004;1022.99;65.156;1088.14;1706.67;6.4759;1.36347
5.85004;1022.99;68.6112;1091.6;1706.67;8.186;1.36347
5.86004;1022.99;63.8384;1086.83;1706.67;8.374;1.36347
5.87004;1022.99;62.7208;1085.71;1706.67;10.184;1.36347
5.88004;1022.99;63.7899;1086.78;1706.67;9.908;1.36347
5.89004;1022.99;63.3594;1086.35;1706.67;8.8304;1.36347
5.90004;1022.99;63.9597;1086.95;1706.67;7.7473;1.36347
5.91004;1022.99;67.275;1090.26;1706.67;6.7541;1.36347
5.92004;1022.99;64.3541;1087.34;1706.67;6.8029;1.36347
5.93004;1022.99;63.99;1086.98;1706.67;7.8931;1.36347
5.94004;1022.99;63.9216;1086.91;1706.67;8.3048;1.36347
5.95004;1022.99;63.7457;1086.73;1706.67;7.8986;1.36347
5.96004;1022.99;64.2837;1087.27;1706.67;7.6426;1.36347
5.97004;1022.99;67.1179;1090.11;1706.67;7.5129;1.36347
5.98004;1022.99;65.1456;1088.13;1706.67;6.8367;1.36347
5.99004;1022.99;61.5718;1084.56;1706.67;7.693;1.36347
6.00004;1022.99;64.3208;1087.31;1706.67;7.9329;1.36347
6.01004;1022.99;63.9916;1086.98;1706.67;7.4127;1.36347
6.02004;1022.99;64.7163;1087.7;1706.67;7.0405;1.36347
6.03004;1022.99;66.2114;1089.2;1706.67;7.347;1.36347
6.04004;1022.99;65.3347;1088.32;1706.67;7.0827;1.36347
6.05004;1022.99;61.4624;1084.45;1706.67;8.7093;1.36347
6.06004;1022.99;64.0646;1087.05;1706.67;9.26;1.36347
6.07004;1022.99;63.5057;1086.49;1706.67;8.6382;1.36347
6.08004;1022.99;66.1096;1089.1;1706.67;8.1743;1.36347
6.09004;1022.99;66.989;1089.98;1706.67;6.9872;1.36347
6.10004;1022.99;66.2212;1089.21;1706.67;6.2809;1.36347
6.11004;1022.99;66.3401;1089.33;1706.67;7.541;1.36347
6.12005;1022.99;65.7533;1088.74;1706.67;10.1648;1.36347
6.13005;1022.99;63.98;1086.97;1706.67;9.6645;1.36347
6.14005;1022.99;65.9712;1088.96;1706.67;9.6153;1.36347
6.15005;1022.99;67.3004;1090.29;1706.67;8.3636;1.36347
6.16005;1022.99;65.879;1088.87;1706.67;6.6751;1.36347
6.17005;1022.99;66.4774;1089.47;1706.67;7.6025;1.36347
6.18005;1022.99;65.2181;1088.21;1706.67;9.144;1.36347
6.19005;1022.99;63.6671;1086.66;1706.67;9.0804;1.36347
6.20005;1022.99;63.7601;1086.75;1706.67;9.0377;1.36347
6.21005;1022.99;62.5603;1085.55;1706.67;8.6303;1.36347
6.22005;1022.99;65.2572;1088.25;1706.67;7.3833;1.36347
6.23005;1022.99;61.9808;1084.97;1706.67;7.9036;1.36347
6.24005;1022.99;61.5184;1084.51;1706.67;8.756;1.36347
6.25005;1022.99;63.7522;1086.74;1706.67;8.6537;1.36347
6.26005;1022.99;61.4701;1084.46;1706.67;8.4443;1.36347
6.27005;1022.99;63.7689;1086.76;1706.67;7.7987;1.36347
6.28005;1022.99;65.8448;1088.83;1706.67;7.1076;1.36347
6.29005;1022.99;63.7401;1086.73;1706.67;7.1592;1.36347
6.30005;1022.99;62.0476;1085.04;1706.67;10.8217;1.36347
6.31005;1022.99;64.1218;1087.11;1706.67;10.4322;1.36347
6.32005;1022.99;61.3247;1084.31;1706.67;9.6982;1.36347
6.33005;1022.99;64.708;1087.7;1706.67;9.1585;1.36347
6.34005;1022.99;64.9127;1087.9;1706.67;7.5606;1.36347
6.35005;1022.99;65.4083;1088.4;1706.67;7.4085;1.36347
6.36005;1022.99;65.0062;1087.99;1706.67;9.2052;1.36347
6.37005;1022.99;64.9426;1087.93;1706.67;9.3698;1.36347
6.38005;1022.99;63.2363;1086.22;1706.67;8.9059;1.36347
6.39005;1022.99;64.4072;1087.4;1706.67;8.8744;1.36347
6.40005;1022.99;63.9891;1086.98;1706.67;7.7821;1.36347
6.41005;1022.99;62.3231;1085.31;1706.67;7.3293;1.36347
6.42005;1022.99;63.2291;1086.22;1706.67;8.5425;1.36347
6.43005;1022.99;63.8088;1086.8;1706.67;9.5101;1.36347
6.44005;1022.99;61.2793;1084.27;1706.67;8.666;1.36347
6.45005;1022.99;63.6014;1086.59;1706.67;8.3314;1.36347
6.46005;1022.99;64.0781;1087.07;1706.67;7.3591;1.36347
6.47005;1022.99;65.3149;1088.3;1706.67;6.8787;1.36347
6.48005;1022.99;62.8019;1085.79;1706.67;8.6558;1.36347
6.49005;1022.99;63.7075;1086.7;1706.67;9.7895;1.36347
6.50005;1022.99;60.8203;1083.81;1706.67;8.7872;1.36347
6.51005;1022.99;62.4415;1085.43;1706.67;8.8843;1.36347
6.52005;1022.99;63.7877;1086.78;1706.67;7.7258;1.36347
6.53005;1022.99;65.6968;1088.69;1706.67;6.9381;1.36347
6.54005;1022.99;63.9999;1086.99;1706.67;6.8466;1.36347
6.55006;1022.99;64.6948;1087.68;1706.67;8.8914;1.36347
6.56006;1022.99;61.0039;1083.99;1706.67;8.5232;1.36347
6.57006;1022.99;61.9728;1084.96;1706.67;9.4498;1.36347
6.58006;1022.99;62.8274;1085.82;1706.67;8.4977;1.36347
6.59006;1022.99;64.2209;1087.21;1706.67;7.8719;1.36347
6.60006;1022.99;62.4542;1085.44;1706.67;7.268;1.36347
6.61006;1022.99;64.6819;1087.67;1706.67;8.406;1.36347
6.62006;1022.99;61.1075;1084.1;1706.67;8.0362;1.36347
6.63006;1022.99;60.8783;1083.87;1706.67;8.5931;1.36347
6.64006;1022.99;62.3291;1085.32;1706.67;8.4851;1.36347
6.65006;1022.99;62.7728;1085.76;1706.67;7.7918;1.36347
6.66006;1022.99;62.4082;1085.4;1706.67;6.9261;1.36347
6.67006;1022.99;65.6583;1088.65;1706.67;8.1808;1.36347
6.68006;1022.99;61.1915;1084.18;1706.67;7.6424;1.36347
6.69006;1022.99;61.5281;1084.52;1706.67;8.3686;1.36347
6.70006;1022.99;62.0155;1085;1706.67;7.9291;1.36347
6.71006;1022.99;62.7374;1085.73;1706.67;7.0512;1.36347
6.72006;1022.99;63.3718;1086.36;1706.67;6.155;1.36347
6.73006;1022.99;66.1267;1089.12;1706.67;6.9603;1.36347
6.74006;1022.99;61.4629;1084.45;1706.67;6.9619;1.36347
6.75006;1022.99;60.2545;1083.24;1706.67;8.5743;1.36347
6.76006;1022.99;61.8054;1084.79;1706.67;8.5834;1.36347
6.77006;1022.99;61.1915;1084.18;1706.67;7.8387;1.36347
6.78006;1022.99;62.4977;1085.49;1706.67;6.8867;1.36347
6.79006;1022.99;64.7281;1087.72;1706.67;6.1736;1.36347
6.80006;1022.99;61.504;1084.49;1706.67;7.0396;1.36347
6.81006;1022.99;61.8701;1084.86;1706.67;7.9394;1.36347
6.82006;1022.99;61.4265;1084.42;1706.67;8.1907;1.36347
6.83006;1022.99;61.5819;1084.57;1706.67;8.0881;1.36347
6.84006;1022.99;60.644;1083.63;1706.67;7.6569;1.36347
6.85006;1022.99;65.2345;1088.22;1706.67;7.6564;1.36347
6.86006;1022.99;61.7131;1084.7;1706.67;7.1326;1.36347
6.87006;1022.99;64.0895;1087.08;1706.67;8.0873;1.36347
6.88006;1022.99;61.5256;1084.51;1706.67;7.937;1.36347
6.89006;1022.99;61.5084;1084.5;1706.67;7.2541;1.36347
6.90006;1022.99;61.7411;1084.73;1706.67;6.7806;1.36347
6.91006;1022.99;65.5613;1088.55;1706.67;7.2013;1.36347
6.92006;1022.99;62.2745;1085.26;1706.67;7.2082;1.36347
6.93006;1022.99;63.5809;1086.57;1706.67;9.2499;1.36347
6.94006;1022.99;61.6769;1084.67;1706.67;9.2602;1.36347
6.95006;1022.99;60.1108;1083.1;1706.67;8.213;1.36347
6.96006;1022.99;61.1925;1084.18;1706.67;7.6821;1.36347
6.97006;1022.99;64.1155;1087.1;1706.67;6.5504;1.36347
6.98006;1022.99;61.8357;1084.82;1706.67;6.6594;1.36347
6.99007;1022.99;61.8686;1084.86;1706.67;7.7507;1.36347
7.00007;1022.99;62.4122;1085.4;1706.67;8.7207;1.36347
7.01007;1022.99;60.0322;1083.02;1706.67;7.931;1.36347
7.02007;1022.99;60.5344;1083.52;1706.67;7.7893;1.36347
7.03007;1022.99;63.7781;1086.77;1706.67;6.899;1.36347
7.04007;1022.99;61.5735;1084.56;1706.67;6.2323;1.36347
7.05007;1022.99;64.1509;1087.14;1706.67;7.8475;1.36347
7.06007;1022.99;61.474;1084.46;1706.67;8.7476;1.36347
7.07007;1022.99;60.568;1083.56;1706.67;7.5904;1.36347
7.08007;1022.99;60.6959;1083.68;1706.67;7.3568;1.36347
7.09007;1022.99;64.1411;1087.13;1706.67;6.6445;1.36347
7.10007;1022.99;62.3573;1085.35;1706.67;6.3249;1.36347
7.11007;1022.99;64.2375;1087.23;1706.67;8.6484;1.36347
7.12007;1022.99;62.1936;1085.18;1706.67;9.7511;1.36347
7.13007;1022.99;59.7186;1082.71;1706.67;8.6228;1.36347
7.14007;1022.99;59.5749;1082.56;1706.67;8.6271;1.36347
7.15007;1022.99;62.7289;1085.72;1706.67;7.2136;1.36347
7.16007;1022.99;62.0124;1085;1706.67;6.2874;1.36347
7.17007;1022.99;62.041;1085.03;1706.67;6.8713;1.36347
7.18007;1022.99;62.6555;1085.64;1706.67;9.4212;1.36347
7.19007;1022.99;59.7546;1082.74;1706.67;8.6431;1.36347
7.20007;1022.99;59.858;1082.85;1706.67;9.1504;1.36347
7.21007;1022.99;61.8087;1084.8;1706.67;8.0512;1.36347
7.22007;1022.99;61.0046;1083.99;1706.67;7.2264;1.36347
7.23007;1022.99;60.7317;1083.72;1706.67;7.035;1.36347
7.24007;1022.99;62.2812;1085.27;1706.67;9.0976;1.36347
7.25007;1022.99;60.0709;1083.06;1706.67;8.2575;1.36347
7.26007;1022.99;59.0831;1082.07;1706.67;8.6089;1.36347
7.27007;1022.99;61.7944;1084.78;1706.67;8.0483;1.36347
7.28007;1022.99;61.9182;1084.91;1706.67;7.2886;1.36347
7.29007;1022.99;62.5449;1085.53;1706.67;6.8662;1.36347
7.30007;1022.99;63.3176;1086.31;1706.67;8.747;1.36347
7.31007;1022.99;59.197;1082.19;1706.67;8.0736;1.36347
7.32007;1022.99;60.5997;1083.59;1706.67;8.6544;1.36347
7.33007;1022.99;60.8143;1083.8;1706.67;7.9362;1.36347
7.34007;1022.99;61.5298;1084.52;1706.67;6.7964;1.36347
7.35007;1022.99;61.8352;1084.82;1706.67;6.0768;1.36347
7.36007;1022.99;63.868;1086.86;1706.67;7.8108;1.36347
7.37007;1022.99;59.2849;1082.27;1706.67;7.4673;1.36347
7.38007;1022.99;58.1194;1081.11;1706.67;8.6558;1.36347
7.39007;1022.99;60.2241;1083.21;1706.67;8.5952;1.36347
7.40007;1022.99;59.9741;1082.96;1706.67;7.724;1.36347
7.41007;1022.99;60.8514;1083.84;1706.67;6.7377;1.36347
7.42007;1022.99;63.0023;1085.99;1706.67;6.5138;1.36347
7.43008;1022.99;59.3872;1082.38;1706.67;6.6494;1.36347
7.44008;1022.99;59.4701;1082.46;1706.67;7.5159;1.36347
7.45008;1022.99;59.6107;1082.6;1706.67;7.8536;1.36347
7.46008;1022.99;60.3242;1083.31;1706.67;7.8898;1.36347
7.47008;1022.99;59.5361;1082.52;1706.67;7.1972;1.36347
7.48008;1022.99;63.6799;1086.67;1706.67;7.4345;1.36347
7.49008;1022.99;59.1866;1082.18;1706.67;6.9259;1.36347
7.50008;1022.99;58.3862;1081.37;1706.67;7.6867;1.36347
7.51008;1022.99;59.8275;1082.82;1706.67;7.6272;1.36347
7.52008;1022.99;60.0559;1083.04;1706.67;7.222;1.36347
7.53008;1022.99;60.8545;1083.84;1706.67;6.3745;1.36347
7.54008;1022.99;63.6866;1086.68;1706.67;7.1552;1.36347
7.55008;1022.99;59.7888;1082.78;1706.67;7.4343;1.36347
7.56008;1022.99;58.5847;1081.57;1706.67;9.2114;1.36347
7.57008;1022.99;60.2135;1083.2;1706.67;8.9;1.36347
7.58008;1022.99;59.0078;1082;1706.67;8.4028;1.36347
7.59008;1022.99;60.7391;1083.73;1706.67;7.8153;1.36347
7.60008;1022.99;62.5046;1085.49;1706.67;6.3829;1.36347
7.61008;1022.99;59.7856;1082.77;1706.67;7.0768;1.36347
7.62008;1022.99;61.3442;1084.33;1706.67;8.0256;1.36347
7.63008;1022.99;60.6561;1083.64;1706.67;8.0184;1.36347
7.64008;1022.99;59.2884;1082.28;1706.67;8.1405;1.36347
7.65008;1022.99;58.8823;1081.87;1706.67;8.2006;1.36347
7.66008;1022.99;62.2126;1085.2;1706.67;7.3746;1.36347
7.67008;1022.99;58.6346;1081.62;1706.67;7.282;1.36347
7.68008;1022.99;57.968;1080.96;1706.67;7.9033;1.36347
7.69008;1022.99;60.2076;1083.2;1706.67;7.7566;1.36347
7.70008;1022.99;57.5699;1080.56;1706.67;7.2696;1.36347
7.71008;1022.99;60.9557;1083.94;1706.67;7.0206;1.36347
7.72008;1022.99;62.0162;1085;1706.67;6.7133;1.36347
7.73008;1022.99;61.6738;1084.66;1706.67;6.8605;1.36347
7.74008;1022.99;58.9247;1081.91;1706.67;9.7188;1.36347
7.75008;1022.99;60.5514;1083.54;1706.67;9.5842;1.36347
7.76008;1022.99;58.3907;1081.38;1706.67;9.0466;1.36347
7.77008;1022.99;62.0171;1085.01;1706.67;8.5996;1.36347
7.78008;1022.99;61.4006;1084.39;1706.67;7.1965;1.36347
7.79008;1022.99;64.7744;1087.76;1706.67;7.7001;1.36347
7.80008;1022.99;62.9864;1085.97;1706.67;9.0597;1.36347
7.81008;1022.99;61.4177;1084.41;1706.67;8.2261;1.36347
7.82008;1022.99;59.9044;1082.89;1706.67;8.0668;1.36347
7.83008;1022.99;61.5803;1084.57;1706.67;8.2089;1.36347
7.84008;1022.99;60.1523;1083.14;1706.67;7.4006;1.36347
7.85008;1022.99;61.9457;1084.93;1706.67;7.3955;1.36347
7.86009;1022.99;58.8434;1081.83;1706.67;8.5031;1.36347
7.87009;1022.99;60.2606;1083.25;1706.67;8.6626;1.36347
7.88009;1022.99;56.2899;1079.28;1706.67;8.3944;1.36347
7.89009;1022.99;60.1028;1083.09;1706.67;7.982;1.36347
7.90009;1022.99;59.9841;1082.97;1706.67;7.0319;1.36347
7.91009;1022.99;62.3961;1085.38;1706.67;6.7936;1.36347
7.92009;1022.99;59.4404;1082.43;1706.67;8.7138;1.36347
7.93009;1022.99;60.707;1083.7;1706.67;9.1522;1.36347
7.94009;1022.99;58.2207;1081.21;1706.67;9.1685;1.36347
7.95009;1022.99;60.5056;1083.49;1706.67;8.7574;1.36347
7.96009;1022.99;59.546;1082.53;1706.67;7.2923;1.36347
7.97009;1022.99;63.2582;1086.25;1706.67;6.9219;1.36347
7.98009;1022.99;62.7395;1085.73;1706.67;6.8005;1.36347
7.99009;1022.99;61.1847;1084.17;1706.67;7.1042;1.36347
8.00009;1022.99;58.9117;1081.9;1706.67;7.6065;1.36347
8.01009;1022.99;59.4132;1082.4;1706.67;7.7829;1.36347
8.02009;1022.99;58.9363;1081.92;1706.67;7.0601;1.36347
8.03009;1022.99;59.5835;1082.57;1706.67;6.7978;1.36347
8.04009;1022.99;62.678;1085.67;1706.67;7.1149;1.36347
8.05009;1022.99;59.9081;1082.9;1706.67;6.9082;1.36347
8.06009;1022.99;60.7628;1083.75;1706.67;7.9374;1.36347
8.07009;1022.99;58.9985;1081.99;1706.67;7.795;1.36347
8.08009;1022.99;58.6388;1081.63;1706.67;6.5882;1.36347
8.09009;1022.99;59.3065;1082.3;1706.67;6.2579;1.36347
8.10009;1022.99;62.765;1085.75;1706.67;6.8865;1.36347
8.11009;1022.99;59.9502;1082.94;1706.67;7.3733;1.36347
8.12009;1022.99;60.9208;1083.91;1706.67;9.0439;1.36347
8.13009;1022.99;59.0011;1081.99;1706.67;9.1715;1.36347
8.14009;1022.99;56.7737;1079.76;1706.67;7.7391;1.36347
8.15009;1022.99;58.8329;1081.82;1706.67;7.1686;1.36347
8.16009;1022.99;61.1;1084.09;1706.67;6.1709;1.36347
8.17009;1022.99;59.0559;1082.04;1706.67;7.1041;1.36347
8.18009;1022.99;59.7516;1082.74;1706.67;8.2607;1.36347
8.19009;1022.99;60.2887;1083.28;1706.67;8.8533;1.36347
8.20009;1022.99;58.269;1081.26;1706.67;8.2408;1.36347
8.21009;1022.99;59.2545;1082.24;1706.67;7.9136;1.36347
8.22009;1022.99;60.1334;1083.12;1706.67;6.7467;1.36347
8.23009;1022.99;58.1649;1081.15;1706.67;7.3083;1.36347
8.24009;1022.99;57.3943;1080.38;1706.67;8.6009;1.36347
8.25009;1022.99;59.4647;1082.45;1706.67;8.9715;1.36347
8.26009;1022.99;55.748;1078.74;1706.67;7.9209;1.36347
8.27009;1022.99;59.5769;1082.57;1706.67;7.2496;1.36347
8.28009;1022.99;59.4419;1082.43;1706.67;6.2125;1.36347
8.29009;1022.99;61.442;1084.43;1706.67;6.7957;1.36347
8.30009;1022.99;57.9702;1080.96;1706.67;10.2166;1.36347
8.31009;1022.99;59.3878;1082.38;1706.67;9.991;1.36347
8.3201;1022.99;56.7246;1079.71;1706.67;9.3144;1.36347
8.3301;1022.99;59.9662;1082.95;1706.67;8.4405;1.36347
8.3401;1022.99;59.2384;1082.23;1706.67;6.9037;1.36347
8.3501;1022.99;63.5195;1086.51;1706.67;7.2509;1.36347
8.3601;1022.99;62.0511;1085.04;1706.67;8.4716;1.36347
8.3701;1022.99;60.3447;1083.33;1706.67;8.1896;1.36347
8.3801;1022.99;58.2933;1081.28;1706.67;8.3083;1.36347
8.3901;1022.99;58.8829;1081.87;1706.67;7.988;1.36347
8.4001;1022.99;58.244;1081.23;1706.67;6.9406;1.36347
8.4101;1022.99;62.1786;1085.17;1706.67;6.8727;1.36347
8.4201;1022.99;60.677;1083.67;1706.67;8.2009;1.36347
8.4301;1022.99;59.2341;1082.22;1706.67;8.2149;1.36347
8.4401;1022.99;59.4719;1082.46;1706.67;8.4421;1.36347
8.4501;1022.99;57.7306;1080.72;1706.67;7.7247;1.36347
8.4601;1022.99;58.1246;1081.11;1706.67;6.327;1.36347
8.4701;1022.99;59.0085;1082;1706.67;6.1642;1.36347
8.4801;1022.99;62.166;1085.15;1706.67;6.9662;1.36347
8.4901;1022.99;58.9043;1081.89;1706.67;7.6689;1.36347
8.5001;1022.99;58.3248;1081.31;1706.67;8.4584;1.36347
8.5101;1022.99;57.6527;1080.64;1706.67;7.9854;1.36347
8.5201;1022.99;56.0455;1079.03;1706.67;7.1517;1.36347
8.5301;1022.99;58.3989;1081.39;1706.67;6.6177;1.36347
8.5401;1022.99;60.515;1083.5;1706.67;6.1655;1.36347
8.5501;1022.99;57.9377;1080.93;1706.67;7.9443;1.36347
8.5601;1022.99;58.9457;1081.93;1706.67;8.5703;1.36347
8.5701;1022.99;58.5334;1081.52;1706.67;8.2305;1.36347
8.5801;1022.99;57.2274;1080.22;1706.67;7.4237;1.36347
8.5901;1022.99;57.5638;1080.55;1706.67;7.5236;1.36347
8.6001;1022.99;59.7925;1082.78;1706.67;7.0951;1.36347
8.6101;1022.99;57.4193;1080.41;1706.67;8.2293;1.36347
8.6201;1022.99;56.6218;1079.61;1706.67;9.3956;1.36347
8.6301;1022.99;57.7416;1080.73;1706.67;8.3195;1.36347
8.6401;1022.99;55.0471;1078.04;1706.67;7.2634;1.36347
8.6501;1022.99;58.9277;1081.92;1706.67;6.8151;1.36347
8.6601;1022.99;59.1539;1082.14;1706.67;6.0219;1.36347
8.6701;1022.99;61.7108;1084.7;1706.67;7.4039;1.36347
8.6801;1022.99;59.558;1082.55;1706.67;11.0269;1.36347
8.6901;1022.99;57.8574;1080.85;1706.67;9.8128;1.36347
8.7001;1022.99;57.3585;1080.35;1706.67;9.1183;1.36347
8.7101;1022.99;58.9166;1081.91;1706.67;8.4019;1.36347
8.7201;1022.99;58.5934;1081.58;1706.67;7.5119;1.36347
8.7301;1022.99;60.1268;1083.12;1706.67;7.6208;1.36347
8.7401;1022.99;60.1454;1083.13;1706.67;8.8724;1.36347
8.7501;1022.99;56.9326;1079.92;1706.67;7.6678;1.36347
8.76011;1022.99;55.4259;1078.41;1706.67;7.3754;1.36347
8.77011;1022.99;57.5471;1080.54;1706.67;7.2992;1.36347
8.78011;1022.99;57.9498;1080.94;1706.67;7.1618;1.36347
8.79011;1022.99;57.9885;1080.98;1706.67;7.4609;1.36347
8.80011;1022.99;60.4192;1083.41;1706.67;7.909;1.36347
8.81011;1022.99;55.9868;1078.98;1706.67;6.8489;1.36347
8.82011;1022.99;54.1572;1077.15;1706.67;6.6605;1.36347
8.83011;1022.99;56.4481;1079.44;1706.67;6.4065;1.36347
8.84011;1022.99;57.1279;1080.12;1706.67;6.9801;1.36347
8.85011;1022.99;58.791;1081.78;1706.67;6.9363;1.36347
8.86011;1022.99;59.7771;1082.77;1706.67;7.4967;1.36347
8.87011;1022.99;56.8629;1079.85;1706.67;7.6496;1.36347
8.88011;1022.99;56.2611;1079.25;1706.67;8.29;1.36347
8.89011;1022.99;56.774;1079.76;1706.67;7.7069;1.36347
8.90011;1022.99;59.6053;1082.59;1706.67;8.2685;1.36347
8.91011;1022.99;60.9265;1083.92;1706.67;7.898;1.36347
8.92011;1022.99;59.2396;1082.23;1706.67;6.9466;1.36347
8.93011;1022.99;58.381;1081.37;1706.67;7.3116;1.36347
8.94011;1022.99;57.6848;1080.67;1706.67;8.0707;1.36347
8.95011;1022.99;56.599;1079.59;1706.67;7.751;1.36347
8.96011;1022.99;57.7251;1080.71;1706.67;7.9909;1.36347
8.97011;1022.99;59.9658;1082.95;1706.67;8.281;1.36347
8.98011;1022.99;58.264;1081.25;1706.67;7.2788;1.36347
8.99011;1022.99;59.6078;1082.6;1706.67;7.794;1.36347
9.00011;1022.99;58.2457;1081.23;1706.67;8.4515;1.36347
9.01011;1022.99;55.8773;1078.87;1706.67;7.4862;1.36347
9.02011;1022.99;57.1271;1080.12;1706.67;8.2173;1.36347
9.03011;1022.99;58.9596;1081.95;1706.67;7.7374;1.36347
9.04011;1022.99;58.3584;1081.35;1706.67;6.9315;1.36347
9.05011;1022.99;57.7025;1080.69;1706.67;6.5228;1.36347
9.06011;1022.99;58.1626;1081.15;1706.67;7.812;1.36347
9.07011;1022.99;55.0167;1078.01;1706.67;7.1223;1.36347
9.08011;1022.99;56.3025;1079.29;1706.67;8.2941;1.36347
9.09011;1022.99;57.8774;1080.87;1706.67;7.8376;1.36347
9.10011;1022.99;59.3196;1082.31;1706.67;7.4958;1.36347
9.11011;1022.99;56.2477;1079.24;1706.67;6.8405;1.36347
9.12011;1022.99;58.0134;1081;1706.67;7.1571;1.36347
9.13011;1022.99;54.3574;1077.35;1706.67;6.2964;1.36347
9.14011;1022.99;57.071;1080.06;1706.67;7.2159;1.36347
9.15011;1022.99;57.0737;1080.06;1706.67;7.3413;1.36347
9.16011;1022.99;59.5649;1082.55;1706.67;6.7896;1.36347
9.17011;1022.99;56.4442;1079.43;1706.67;6.6051;1.36347
9.18011;1022.99;57.5598;1080.55;1706.67;6.7599;1.36347
9.19011;1022.99;53.6118;1076.6;1706.67;7.358;1.36347
9.20012;1022.99;57.9094;1080.9;1706.67;8.3184;1.36347
9.21012;1022.99;56.8169;1079.81;1706.67;7.8992;1.36347
9.22012;1022.99;60.2407;1083.23;1706.67;7.5539;1.36347
9.23012;1022.99;59.2086;1082.2;1706.67;6.0748;1.36347
9.24012;1022.99;58.536;1081.52;1706.67;5.789;1.36347
9.25012;1022.99;57.9221;1080.91;1706.67;6.7269;1.36347
9.26012;1022.99;57.8707;1080.86;1706.67;8.8251;1.36347
9.27012;1022.99;56.0919;1079.08;1706.67;8.5441;1.36347
9.28012;1022.99;55.1523;1078.14;1706.67;8.4021;1.36347
9.29012;1022.99;59.0984;1082.09;1706.67;6.7959;1.36347
9.30012;1022.99;56.7225;1079.71;1706.67;5.3938;1.36347
9.31012;1022.99;58.1477;1081.14;1706.67;6.8053;1.36347
9.32012;1022.99;56.4242;1079.41;1706.67;8.0696;1.36347
9.33012;1022.99;55.6666;1078.66;1706.67;7.5103;1.36347
9.34012;1022.99;56.3375;1079.33;1706.67;7.4107;1.36347
9.35012;1022.99;58.3525;1081.34;1706.67;6.2875;1.36347
9.36012;1022.99;56.1372;1079.13;1706.67;5.6713;1.36347
9.37012;1022.99;57.7208;1080.71;1706.67;7.7934;1.36347
9.38012;1022.99;56.2639;1079.25;1706.67;9.0516;1.36347
9.39012;1022.99;53.9254;1076.91;1706.67;8.4614;1.36347
9.40012;1022.99;57.5973;1080.59;1706.67;8.1103;1.36347
9.41012;1022.99;57.1427;1080.13;1706.67;6.1395;1.36347
9.42012;1022.99;60.3301;1083.32;1706.67;5.505;1.36347
9.43012;1022.99;58.2546;1081.24;1706.67;6.7409;1.36347
9.44012;1022.99;58.0228;1081.01;1706.67;7.4089;1.36347
9.45012;1022.99;56.4687;1079.46;1706.67;7.907;1.36347
9.46012;1022.99;57.8459;1080.83;1706.67;7.9527;1.36347
9.47012;1022.99;55.8794;1078.87;1706.67;6.5294;1.36347
9.48012;1022.99;59.2075;1082.2;1706.67;5.8856;1.36347
9.49012;1022.99;56.6479;1079.64;1706.67;7.2759;1.36347
9.50012;1022.99;56.6168;1079.61;1706.67;7.5611;1.36347
9.51012;1022.99;56.9194;1079.91;1706.67;8.4256;1.36347
9.52012;1022.99;55.7286;1078.72;1706.67;7.9896;1.36347
9.53012;1022.99;55.7214;1078.71;1706.67;6.3359;1.36347
9.54012;1022.99;56.776;1079.76;1706.67;5.7696;1.36347
9.55012;1022.99;59.3292;1082.32;1706.67;6.5697;1.36347
9.56012;1022.99;56.0173;1079.01;1706.67;7.1928;1.36347
9.57012;1022.99;54.7842;1077.77;1706.67;8.314;1.36347
9.58012;1022.99;55.0925;1078.08;1706.67;8.1374;1.36347
9.59012;1022.99;53.7767;1076.77;1706.67;6.9369;1.36347
9.60012;1022.99;55.5881;1078.58;1706.67;5.8353;1.36347
9.61012;1022.99;57.6455;1080.63;1706.67;5.4083;1.36347
9.62012;1022.99;55.0084;1078;1706.67;7.4059;1.36347
9.63013;1022.99;56.1216;1079.11;1706.67;8.4278;1.36347
9.64013;1022.99;55.5548;1078.54;1706.67;8.5047;1.36347
9.65013;1022.99;55.5803;1078.57;1706.67;7.7352;1.36347
9.66013;1022.99;55.6362;1078.62;1706.67;7.2446;1.36347
9.67013;1022.99;56.7075;1079.7;1706.67;6.6245;1.36347
9.68013;1022.99;55.6876;1078.68;1706.67;8.3133;1.36347
9.69013;1022.99;55.6948;1078.68;1706.67;9.6137;1.36347
9.70013;1022.99;55.0991;1078.09;1706.67;8.8728;1.36347
9.71013;1022.99;56.1157;1079.1;1706.67;8.4137;1.36347
9.72013;1022.99;56.9725;1079.96;1706.67;7.4159;1.36347
9.73013;1022.99;57.0599;1080.05;1706.67;6.4121;1.36347
9.74013;1022.99;58.2473;1081.24;1706.67;7.3164;1.36347
9.75013;1022.99;57.9319;1080.92;1706.67;10.4758;1.36347
9.76013;1022.99;54.3208;1077.31;1706.67;9.3045;1.36347
9.77013;1022.99;52.5958;1075.58;1706.67;9.2365;1.36347
9.78013;1022.99;56.1543;1079.14;1706.67;8.0988;1.36347
9.79013;1022.99;56.0864;1079.07;1706.67;7.8004;1.36347
9.80013;1022.99;55.4946;1078.48;1706.67;7.2797;1.36347
9.81013;1022.99;57.0753;1080.06;1706.67;8.7403;1.36347
9.82013;1022.99;52.8823;1075.87;1706.67;7.8387;1.36347
9.83013;1022.99;55.5298;1078.52;1706.67;8.1303;1.36347
9.84013;1022.99;55.2827;1078.27;1706.67;7.3404;1.36347
9.85013;1022.99;58.0677;1081.06;1706.67;7.031;1.36347
9.86013;1022.99;55.8534;1078.84;1706.67;7.2808;1.36347
9.87013;1022.99;56.8324;1079.82;1706.67;7.328;1.36347
9.88013;1022.99;52.9216;1075.91;1706.67;7.4757;1.36347
9.89013;1022.99;56.3862;1079.37;1706.67;7.9124;1.36347
9.90013;1022.99;54.4465;1077.44;1706.67;7.0529;1.36347
9.91013;1022.99;54.8458;1077.83;1706.67;6.8641;1.36347
9.92013;1022.99;57.7015;1080.69;1706.67;6.2099;1.36347
9.93013;1022.99;56.3142;1079.3;1706.67;6.1824;1.36347
9.94013;1022.99;54.5527;1077.54;1706.67;7.2538;1.36347
9.95013;1022.99;55.2781;1078.27;1706.67;8.3057;1.36347
9.96013;1022.99;53.3009;1076.29;1706.67;7.9138;1.36347
9.97013;1022.99;53.832;1076.82;1706.67;7.7939;1.36347
9.98013;1022.99;56.5198;1079.51;1706.67;6.2148;1.36347
9.99013;1022.99;53.8883;1076.88;1706.67;5.9274;1.36347
10.0001;1022.99;53.1135;1076.1;1706.67;7.1758;1.36347
10.0101;1022.99;55.25;1078.24;1706.67;7.9825;1.36347
10.0201;1022.99;51.7787;1074.77;1706.67;7.2;1.36347
10.0301;1022.99;55.7097;1078.7;1706.67;6.6808;1.36347
10.0401;1022.99;55.6656;1078.65;1706.67;5.3975;1.36347
10.0501;1022.99;57.8116;1080.8;1706.67;5.7723;1.36347
10.0601;1022.99;55.5898;1078.58;1706.67;9.0486;1.36347
10.0701;1022.99;55.2385;1078.23;1706.67;8.6925;1.36347
10.0801;1022.99;54.5215;1077.51;1706.67;8.5465;1.36347
10.0901;1022.99;55.6758;1078.66;1706.67;7.8412;1.36347
10.1001;1022.99;54.525;1077.51;1706.67;6.5142;1.36347
10.1101;1022.99;55.4376;1078.43;1706.67;6.2433;1.36347
10.1201;1022.99;56.6158;1079.6;1706.67;6.683;1.36347
10.1301;1022.99;53.49;1076.48;1706.67;6.3697;1.36347
10.1401;1022.99;53.2744;1076.26;1706.67;6.6882;1.36347
10.1501;1022.99;53.926;1076.91;1706.67;6.6488;1.36347
10.1601;1022.99;56.1705;1079.16;1706.67;6.3388;1.36347
10.1701;1022.99;54.5836;1077.57;1706.67;6.461;1.36347
10.1801;1022.99;55.7224;1078.71;1706.67;6.622;1.36347
10.1901;1022.99;51.9374;1074.93;1706.67;7.3387;1.36347
10.2001;1022.99;53.1129;1076.1;1706.67;7.64;1.36347
10.2101;1022.99;53.7079;1076.7;1706.67;7.1758;1.36347
10.2201;1022.99;56.4133;1079.4;1706.67;7.2304;1.36347
10.2301;1022.99;57.1522;1080.14;1706.67;6.6029;1.36347
10.2401;1022.99;56.1299;1079.12;1706.67;5.8602;1.36347
10.2501;1022.99;56.1506;1079.14;1706.67;6.6607;1.36347
10.2601;1022.99;55.2811;1078.27;1706.67;8.6973;1.36347
10.2701;1022.99;53.1965;1076.19;1706.67;8.002;1.36347
10.2801;1022.99;52.8795;1075.87;1706.67;8.0392;1.36347
10.2901;1022.99;56.0333;1079.02;1706.67;6.6458;1.36347
10.3001;1022.99;53.6957;1076.68;1706.67;5.6436;1.36347
10.3101;1022.99;55.8445;1078.83;1706.67;6.4916;1.36347
10.3201;1022.99;54.4811;1077.47;1706.67;7.7449;1.36347
10.3301;1022.99;51.771;1074.76;1706.67;7.4635;1.36347
10.3401;1022.99;55.0624;1078.05;1706.67;7.6268;1.36347
10.3501;1022.99;54.7651;1077.75;1706.67;6.2638;1.36347
10.3601;1022.99;56.7589;1079.75;1706.67;6.0808;1.36347
10.3701;1022.99;53.3757;1076.36;1706.67;7.9955;1.36347
10.3801;1022.99;54.8983;1077.89;1706.67;8.5284;1.36347
10.3901;1022.99;54.3347;1077.32;1706.67;9.0127;1.36347
10.4001;1022.99;54.8103;1077.8;1706.67;8.5804;1.36347
10.4101;1022.99;53.7916;1076.78;1706.67;6.9185;1.36347
10.4201;1022.99;56.1584;1079.15;1706.67;6.6762;1.36347
10.4301;1022.99;56.546;1079.53;1706.67;6.6188;1.36347
10.4401;1022.99;53.9873;1076.98;1706.67;6.6584;1.36347
10.4501;1022.99;52.5127;1075.5;1706.67;7.4313;1.36347
10.4601;1022.99;52.8324;1075.82;1706.67;7.5765;1.36347
10.4701;1022.99;53.126;1076.11;1706.67;6.9557;1.36347
10.4801;1022.99;53.1212;1076.11;1706.67;6.7342;1.36347
10.4901;1022.99;55.6604;1078.65;1706.67;6.6097;1.36347
10.5001;1022.99;52.1246;1075.11;1706.67;7.711;1.36347
10.5101;1022.99;51.6765;1074.67;1706.67;8.0689;1.36347
10.5201;1022.99;53.0173;1076.01;1706.67;7.718;1.36347
10.5301;1022.99;55.2384;1078.23;1706.67;7.5496;1.36347
10.5401;1022.99;55.9686;1078.96;1706.67;6.5672;1.36347
10.5501;1022.99;55.2744;1078.26;1706.67;5.7352;1.36347
10.5601;1022.99;56.3883;1079.38;1706.67;6.7104;1.36347
10.5701;1022.99;54.9829;1077.97;1706.67;8.9108;1.36347
10.5801;1022.99;52.6179;1075.61;1706.67;8.0315;1.36347
10.5901;1022.99;51.671;1074.66;1706.67;8.1784;1.36347
10.6001;1022.99;54.9979;1077.99;1706.67;6.9148;1.36347
10.6101;1022.99;52.8899;1075.88;1706.67;6.2753;1.36347
10.6201;1022.99;53.1263;1076.11;1706.67;7.1808;1.36347
10.6301;1022.99;54.1184;1077.11;1706.67;8.456;1.36347
10.6401;1022.99;51.0632;1074.05;1706.67;7.8731;1.36347
10.6501;1022.99;54.0028;1076.99;1706.67;7.8463;1.36347
10.6601;1022.99;53.6499;1076.64;1706.67;6.6567;1.36347
10.6701;1022.99;55.7955;1078.78;1706.67;5.9627;1.36347
10.6801;1022.99;53.3779;1076.37;1706.67;7.148;1.36347
10.6901;1022.99;54.5184;1077.51;1706.67;7.9387;1.36347
10.7001;1022.99;53.6549;1076.64;1706.67;8.5086;1.36347
10.7101;1022.99;53.5548;1076.54;1706.67;8.3312;1.36347
10.7201;1022.99;52.3904;1075.38;1706.67;6.6012;1.36347
10.7302;1022.99;53.0704;1076.06;1706.67;5.8075;1.36347
10.7402;1022.99;55.3329;1078.32;1706.67;5.1781;1.36347
10.7502;1022.99;52.8965;1075.89;1706.67;6.6816;1.36347
10.7602;1022.99;52.463;1075.45;1706.67;7.4789;1.36347
10.7702;1022.99;52.5571;1075.55;1706.67;7.8679;1.36347
10.7802;1022.99;52.9082;1075.9;1706.67;7.1921;1.36347
10.7902;1022.99;52.4902;1075.48;1706.67;6.6164;1.36347
10.8002;1022.99;54.1361;1077.12;1706.67;5.8745;1.36347
10.8102;1022.99;52.4496;1075.44;1706.67;7.8005;1.36347
10.8202;1022.99;52.9464;1075.93;1706.67;8.9325;1.36347
10.8302;1022.99;52.5526;1075.54;1706.67;8.4057;1.36347
10.8402;1022.99;53.8175;1076.81;1706.67;7.9723;1.36347
10.8502;1022.99;54.6433;1077.63;1706.67;6.8473;1.36347
10.8602;1022.99;54.3259;1077.31;1706.67;5.5304;1.36347
10.8702;1022.99;53.8741;1076.86;1706.67;6.1736;1.36347
10.8802;1022.99;53.9187;1076.91;1706.67;8.5719;1.36347
10.8902;1022.99;50.9667;1073.96;1706.67;8.1228;1.36347
10.9002;1022.99;52.2479;1075.24;1706.67;8.3616;1.36347
10.9102;1022.99;53.2146;1076.2;1706.67;7.1675;1.36347
10.9202;1022.99;56.0499;1079.04;1706.67;6.5691;1.36347
10.9302;1022.99;52.8686;1075.86;1706.67;6.8999;1.36347
10.9402;1022.99;54.109;1077.1;1706.67;7.5709;1.36347
10.9502;1022.99;50.0699;1073.06;1706.67;7.9854;1.36347
10.9602;1022.99;52.5841;1075.57;1706.67;8.0605;1.36347
10.9702;1022.99;52.6874;1075.68;1706.67;6.7608;1.36347
10.9802;1022.99;53.374;1076.36;1706.67;6.0658;1.36347
10.9902;1022.99;55.5923;1078.58;1706.67;6.2485;1.36347
11.0002;1022.99;52.9004;1075.89;1706.67;6.8823;1.36347
11.0102;1022.99;52.3093;1075.3;1706.67;7.79;1.36347
11.0202;1022.99;51.8408;1074.83;1706.67;7.8518;1.36347
11.0302;1022.99;50.2511;1073.24;1706.67;7.3249;1.36347
11.0402;1022.99;53.0769;1076.07;1706.67;6.4566;1.36347
11.0502;1022.99;54.0095;1077;1706.67;5.3309;1.36347
11.0602;1022.99;54.829;1077.82;1706.67;7.0839;1.36347
11.0702;1022.99;53.4587;1076.45;1706.67;7.8952;1.36347
11.0802;1022.99;52.8585;1075.85;1706.67;7.6731;1.36347
11.0902;1022.99;50.8994;1073.89;1706.67;7.3957;1.36347
11.1002;1022.99;55.145;1078.13;1706.67;7.0201;1.36347
11.1102;1022.99;53.3596;1076.35;1706.67;5.9952;1.36347
11.1202;1022.99;55.5903;1078.58;1706.67;7.5191;1.36347
11.1302;1022.99;52.9634;1075.95;1706.67;8.3563;1.36347
11.1402;1022.99;50.2624;1073.25;1706.67;7.6721;1.36347
11.1502;1022.99;51.7296;1074.72;1706.67;7.7117;1.36347
11.1602;1022.99;52.8823;1075.87;1706.67;6.56;1.36347
11.1702;1022.99;56.235;1079.22;1706.67;6.1306;1.36347
11.1802;1022.99;54.9614;1077.95;1706.67;6.1551;1.36347
11.1902;1022.99;54.3502;1077.34;1706.67;6.8068;1.36347
11.2002;1022.99;52.5824;1075.57;1706.67;7.4368;1.36347
11.2102;1022.99;52.3834;1075.37;1706.67;8.0529;1.36347
11.2202;1022.99;51.582;1074.57;1706.67;6.9635;1.36347
11.2302;1022.99;51.39;1074.38;1706.67;6.3144;1.36347
11.2402;1022.99;54.9764;1077.96;1706.67;5.652;1.36347
11.2502;1022.99;51.3048;1074.29;1706.67;5.9052;1.36347
11.2602;1022.99;50.032;1073.02;1706.67;6.8101;1.36347
11.2702;1022.99;51.9906;1074.98;1706.67;7.0256;1.36347
11.2802;1022.99;50.2505;1073.24;1706.67;6.6664;1.36347
11.2902;1022.99;53.7291;1076.72;1706.67;5.8849;1.36347
11.3002;1022.99;53.2624;1076.25;1706.67;4.7368;1.36347
11.3102;1022.99;55.0499;1078.04;1706.67;5.9331;1.36347
11.3202;1022.99;53.7346;1076.72;1706.67;8.3717;1.36347
11.3302;1022.99;51.2567;1074.25;1706.67;7.7296;1.36347
11.3402;1022.99;49.4027;1072.39;1706.67;7.7675;1.36347
11.3502;1022.99;53.3907;1076.38;1706.67;6.7924;1.36347
11.3602;1022.99;51.5609;1074.55;1706.67;5.8385;1.36347
11.3702;1022.99;51.395;1074.38;1706.67;6.2131;1.36347
11.3802;1022.99;52.5643;1075.55;1706.67;7.1104;1.36347
11.3902;1022.99;49.3508;1072.34;1706.67;6.5044;1.36347
11.4002;1022.99;51.8729;1074.86;1706.67;6.8028;1.36347
11.4102;1022.99;51.8541;1074.84;1706.67;6.1113;1.36347
11.4202;1022.99;54.2494;1077.24;1706.67;5.7371;1.36347
11.4302;1022.99;52.3459;1075.33;1706.67;7.1541;1.36347
11.4402;1022.99;52.6903;1075.68;1706.67;7.4209;1.36347
11.4502;1022.99;52.0388;1075.03;1706.67;8.3771;1.36347
11.4602;1022.99;51.4033;1074.39;1706.67;8.1332;1.36347
11.4702;1022.99;49.8934;1072.88;1706.67;6.8076;1.36347
11.4802;1022.99;51.9869;1074.98;1706.67;6.2806;1.36347
11.4902;1022.99;53.0627;1076.05;1706.67;4.8756;1.36347
11.5002;1022.99;51.4293;1074.42;1706.67;6.8445;1.36347
11.5102;1022.99;52.2231;1075.21;1706.67;7.5985;1.36347
11.5202;1022.99;51.9171;1074.91;1706.67;7.6013;1.36347
11.5302;1022.99;50.8424;1073.83;1706.67;7.1655;1.36347
11.5402;1022.99;54.2092;1077.2;1706.67;7.0689;1.36347
11.5502;1022.99;52.3098;1075.3;1706.67;5.845;1.36347
11.5602;1022.99;54.7496;1077.74;1706.67;6.8656;1.36347
11.5702;1022.99;51.7446;1074.73;1706.67;7.7746;1.36347
11.5802;1022.99;49.3877;1072.38;1706.67;7.107;1.36347
11.5902;1022.99;50.8495;1073.84;1706.67;7.5836;1.36347
11.6002;1022.99;52.2488;1075.24;1706.67;6.4981;1.36347
11.6102;1022.99;55.1611;1078.15;1706.67;6.0805;1.36347
11.6202;1022.99;53.4977;1076.49;1706.67;6.0251;1.36347
11.6302;1022.99;52.8666;1075.86;1706.67;6.282;1.36347
11.6402;1022.99;50.8749;1073.86;1706.67;6.6728;1.36347
11.6502;1022.99;51.4061;1074.39;1706.67;7.3945;1.36347
11.6602;1022.99;50.5223;1073.51;1706.67;6.676;1.36347
11.6702;1022.99;50.4951;1073.48;1706.67;6.5285;1.36347
11.6802;1022.99;53.7728;1076.76;1706.67;6.4101;1.36347
11.6902;1022.99;49.8652;1072.85;1706.67;6.591;1.36347
11.7002;1022.99;48.6677;1071.66;1706.67;7.3892;1.36347
11.7102;1022.99;50.5178;1073.51;1706.67;7.1949;1.36347
11.7202;1022.99;51.3635;1074.35;1706.67;6.7874;1.36347
11.7302;1022.99;53.1368;1076.13;1706.67;6.0606;1.36347
11.7402;1022.99;52.4325;1075.42;1706.67;5.347;1.36347
11.7502;1022.99;53.6457;1076.63;1706.67;6.4694;1.36347
11.7602;1022.99;52.1295;1075.12;1706.67;8.9245;1.36347
11.7702;1022.99;49.5646;1072.55;1706.67;8.1524;1.36347
11.7802;1022.99;49.1052;1072.09;1706.67;8.1474;1.36347
11.7902;1022.99;52.0284;1075.02;1706.67;6.9916;1.36347
11.8002;1022.99;51.8426;1074.83;1706.67;6.416;1.36347
11.8102;1022.99;50.5536;1073.54;1706.67;7.1212;1.36347
11.8202;1022.99;51.8392;1074.83;1706.67;7.558;1.36347
11.8302;1022.99;49.6008;1072.59;1706.67;8.0865;1.36347
11.8402;1022.99;50.843;1073.83;1706.67;7.8526;1.36347
11.8502;1022.99;51.0227;1074.01;1706.67;6.5012;1.36347
11.8602;1022.99;51.9199;1074.91;1706.67;6.029;1.36347
11.8702;1022.99;54.0072;1077;1706.67;6.4148;1.36347
11.8802;1022.99;50.0344;1073.02;1706.67;6.6297;1.36347
11.8902;1022.99;48.4978;1071.49;1706.67;7.6669;1.36347
11.9002;1022.99;50.2499;1073.24;1706.67;7.4402;1.36347
11.9102;1022.99;52.2546;1075.24;1706.67;7.0805;1.36347
11.9202;1022.99;53.5388;1076.53;1706.67;6.4527;1.36347
11.9302;1022.99;52.0156;1075;1706.67;4.9897;1.36347
11.9402;1022.99;53.3536;1076.34;1706.67;6.4667;1.36347
11.9502;1022.99;50.5637;1073.55;1706.67;7.3458;1.36347
11.9602;1022.99;50.0533;1073.04;1706.67;6.9156;1.36347
11.9702;1022.99;49.6068;1072.6;1706.67;7.223;1.36347
11.9802;1022.99;52.2239;1075.21;1706.67;6.2298;1.36347
11.9902;1022.99;51.5173;1074.51;1706.67;5.5611;1.36347
12.0002;1022.99;49.5703;1072.56;1706.67;7.3836;1.36347
12.0102;1022.99;50.5411;1073.53;1706.67;8.0774;1.36347
12.0202;1022.99;47.889;1070.88;1706.67;7.7723;1.36347
12.0302;1022.99;51.5798;1074.57;1706.67;7.7484;1.36347
12.0402;1022.99;50.4425;1073.43;1706.67;6.1892;1.36347
12.0502;1022.99;52.5177;1075.51;1706.67;5.9963;1.36347
12.0602;1022.99;52.5301;1075.52;1706.67;6.228;1.36347
12.0702;1022.99;49.8098;1072.8;1706.67;6.6905;1.36347
12.0802;1022.99;49.1545;1072.14;1706.67;7.3543;1.36347
12.0902;1022.99;49.4183;1072.41;1706.67;7.551;1.36347
12.1002;1022.99;51.202;1074.19;1706.67;6.9505;1.36347
12.1102;1022.99;50.9187;1073.91;1706.67;7.0534;1.36347
12.1202;1022.99;51.166;1074.15;1706.67;6.129;1.36347
12.1302;1022.99;49.7052;1072.69;1706.67;7.4187;1.36347
12.1402;1022.99;50.6395;1073.63;1706.67;8.0559;1.36347
12.1502;1022.99;49.1012;1072.09;1706.67;7.3202;1.36347
12.1602;1022.99;48.2898;1071.28;1706.67;7.3104;1.36347
12.1702;1022.99;51.7616;1074.75;1706.67;6.3331;1.36347
12.1802;1022.99;49.8324;1072.82;1706.67;5.7441;1.36347
12.1902;1022.99;50.0139;1073;1706.67;6.5173;1.36347
12.2002;1022.99;50.1714;1073.16;1706.67;8.2675;1.36347
12.2102;1022.99;49.2009;1072.19;1706.67;7.9201;1.36347
12.2202;1022.99;51.3917;1074.38;1706.67;8.0256;1.36347
12.2302;1022.99;49.7701;1072.76;1706.67;6.6069;1.36347
12.2402;1022.99;52.8971;1075.89;1706.67;6.2122;1.36347
12.2502;1022.99;51.4413;1074.43;1706.67;6.9331;1.36347
12.2602;1022.99;49.2905;1072.28;1706.67;6.6922;1.36347
12.2702;1022.99;49.2839;1072.27;1706.67;7.1496;1.36347
12.2802;1022.99;49.152;1072.14;1706.67;6.8786;1.36347
12.2902;1022.99;48.8209;1071.81;1706.67;6.1354;1.36347
12.3002;1022.99;51.1009;1074.09;1706.67;5.624;1.36347
12.3102;1022.99;51.2036;1074.19;1706.67;6.2514;1.36347
12.3202;1022.99;50.4889;1073.48;1706.67;7.361;1.36347
12.3302;1022.99;50.4137;1073.4;1706.67;8.8916;1.36347
12.3402;1022.99;49.0583;1072.05;1706.67;8.123;1.36347
12.3502;1022.99;48.3884;1071.38;1706.67;7.8975;1.36347
12.3602;1022.99;52.1637;1075.15;1706.67;6.8007;1.36347
12.3702;1022.99;49.4507;1072.44;1706.67;5.8091;1.36347
12.3802;1022.99;51.7029;1074.69;1706.67;7.1404;1.36347
12.3902;1022.99;49.5671;1072.56;1706.67;8.2664;1.36347
12.4002;1022.99;46.9996;1069.99;1706.67;7.8029;1.36347
12.4102;1022.99;50.3055;1073.29;1706.67;7.5674;1.36347
12.4202;1022.99;49.9626;1072.95;1706.67;6.022;1.36347
12.4302;1022.99;52.1218;1075.11;1706.67;5.9644;1.36347
12.4402;1022.99;50.5062;1073.49;1706.67;8.0607;1.36347
12.4502;1022.99;49.1764;1072.16;1706.67;8.2656;1.36347
12.4602;1022.99;47.6693;1070.66;1706.67;8.28;1.36347
12.4702;1022.99;49.068;1072.06;1706.67;7.6313;1.36347
12.4802;1022.99;48.1886;1071.18;1706.67;6.2439;1.36347
12.4902;1022.99;49.86;1072.85;1706.67;5.9264;1.36347
12.5002;1022.99;51.0793;1074.07;1706.67;5.605;1.36347
12.5102;1022.99;46.8783;1069.87;1706.67;7.2245;1.36347
12.5202;1022.99;49.3628;1072.35;1706.67;7.5822;1.36347
12.5302;1022.99;48.8651;1071.85;1706.67;7.0136;1.36347
12.5402;1022.99;48.6588;1071.65;1706.67;6.5362;1.36347
12.5502;1022.99;52.0492;1075.04;1706.67;6.4986;1.36347
12.5602;1022.99;49.5842;1072.57;1706.67;6.052;1.36347
12.5702;1022.99;50.7872;1073.78;1706.67;7.7205;1.36347
12.5802;1022.99;48.5011;1071.49;1706.67;8.6359;1.36347
12.5902;1022.99;46.2383;1069.23;1706.67;7.6528;1.36347
12.6002;1022.99;50.1372;1073.13;1706.67;7.2733;1.36347
12.6102;1022.99;49.7158;1072.7;1706.67;5.4875;1.36347
12.6202;1022.99;53.1562;1076.14;1706.67;5.5502;1.36347
12.6302;1022.99;50.8957;1073.88;1706.67;6.7937;1.36347
12.6402;1022.99;48.7876;1071.78;1706.67;6.7883;1.36347
12.6502;1022.99;46.739;1069.73;1706.67;7.0694;1.36347
12.6602;1022.99;48.9719;1071.96;1706.67;7.0011;1.36347
12.6702;1022.99;50.3381;1073.33;1706.67;6.1992;1.36347
12.6802;1022.99;48.6698;1071.66;1706.67;6.1063;1.36347
12.6902;1022.99;49.7739;1072.76;1706.67;6.0534;1.36347
12.7002;1022.99;46.0984;1069.09;1706.67;6.286;1.36347
12.7102;1022.99;49.3329;1072.32;1706.67;6.8274;1.36347
12.7202;1022.99;48.0543;1071.04;1706.67;6.1319;1.36347
12.7302;1022.99;48.0176;1071.01;1706.67;5.9326;1.36347
12.7402;1022.99;50.8568;1073.85;1706.67;5.1066;1.36347
12.7502;1022.99;48.7081;1071.7;1706.67;5.2545;1.36347
12.7602;1022.99;48.3763;1071.36;1706.67;6.8091;1.36347
12.7702;1022.99;49.0372;1072.03;1706.67;7.8911;1.36347
12.7802;1022.99;47.9847;1070.97;1706.67;7.4548;1.36347
12.7902;1022.99;50.0095;1073;1706.67;7.4501;1.36347
12.8002;1022.99;49.0637;1072.05;1706.67;5.8937;1.36347
12.8102;1022.99;52.0182;1075.01;1706.67;6.5873;1.36347
12.8202;1022.99;50.5769;1073.57;1706.67;7.8384;1.36347
12.8302;1022.99;47.1434;1070.13;1706.67;7.2205;1.36347
12.8402;1022.99;45.2506;1068.24;1706.67;7.1927;1.36347
12.8502;1022.99;48.5908;1071.58;1706.67;6.5391;1.36347
12.8602;1022.99;51.2352;1074.22;1706.67;6.2604;1.36347
12.8702;1022.99;50.2357;1073.22;1706.67;5.99;1.36347
12.8802;1022.99;50.0471;1073.04;1706.67;6.8999;1.36347
12.8902;1022.99;48.5652;1071.55;1706.67;7.6872;1.36347
12.9002;1022.99;48.6217;1071.61;1706.67;8.5202;1.36347
12.9102;1022.99;47.4142;1070.4;1706.67;7.4565;1.36347
12.9202;1022.99;46.9839;1069.97;1706.67;7.1392;1.36347
12.9302;1022.99;50.4962;1073.48;1706.67;6.0718;1.36347
12.9402;1022.99;47.1853;1070.17;1706.67;5.8822;1.36347
12.9502;1022.99;46.2579;1069.25;1706.67;7.0078;1.36347
12.9602;1022.99;48.0345;1071.02;1706.67;7.2594;1.36347
12.9702;1022.99;48.3159;1071.3;1706.67;6.9124;1.36347
12.9802;1022.99;49.3087;1072.3;1706.67;6.2493;1.36347
12.9902;1022.99;49.1622;1072.15;1706.67;4.8557;1.36347
13.0002;1022.99;49.8015;1072.79;1706.67;5.4881;1.36347
13.0102;1022.99;49.4797;1072.47;1706.67;8.0278;1.36347
13.0202;1022.99;46.0881;1069.08;1706.67;7.4916;1.36347
13.0302;1022.99;46.2939;1069.28;1706.67;7.5174;1.36347
13.0402;1022.99;48.2982;1071.29;1706.67;6.3165;1.36347
13.0502;1022.99;50.7988;1073.79;1706.67;5.614;1.36347
13.0602;1022.99;48.7634;1071.75;1706.67;5.7229;1.36347
13.0702;1022.99;48.9364;1071.92;1706.67;5.7399;1.36347
13.0802;1022.99;48.1986;1071.19;1706.67;6.5725;1.36347
13.0902;1022.99;46.993;1069.98;1706.67;6.6953;1.36347
13.1002;1022.99;47.1705;1070.16;1706.67;5.7224;1.36347
13.1102;1022.99;47.6831;1070.67;1706.67;5.3294;1.36347
13.1202;1022.99;50.0549;1073.04;1706.67;5.5481;1.36347
13.1302;1022.99;48.0415;1071.03;1706.67;6.3514;1.36347
13.1402;1022.99;46.4232;1069.41;1706.67;9.1974;1.36347
13.1502;1022.99;47.5184;1070.51;1706.67;8.5906;1.36347
13.1602;1022.99;48.3572;1071.35;1706.67;7.8577;1.36347
13.1702;1022.99;50.228;1073.22;1706.67;6.9907;1.36347
13.1802;1022.99;47.7522;1070.74;1706.67;5.5754;1.36347
13.1902;1022.99;49.1788;1072.17;1706.67;6.4993;1.36347
13.2002;1022.99;47.8021;1070.79;1706.67;7.6554;1.36347
13.2102;1022.99;45.5117;1068.5;1706.67;7.3404;1.36347
13.2202;1022.99;47.5759;1070.56;1706.67;7.3144;1.36347
13.2302;1022.99;47.8788;1070.87;1706.67;6.2012;1.36347
13.2402;1022.99;50.1183;1073.11;1706.67;5.4829;1.36347
13.2502;1022.99;49.1472;1072.14;1706.67;6.2796;1.36347
13.2602;1022.99;47.9127;1070.9;1706.67;6.902;1.36347
13.2702;1022.99;46.7761;1069.76;1706.67;7.8449;1.36347
13.2802;1022.99;46.5338;1069.52;1706.67;7.5842;1.36347
13.2902;1022.99;45.8806;1068.87;1706.67;6.8126;1.36347
13.3002;1022.99;48.7112;1071.7;1706.67;6.036;1.36347
13.3102;1022.99;49.05;1072.04;1706.67;4.7803;1.36347
13.3202;1022.99;49.745;1072.73;1706.67;6.4721;1.36347
13.3302;1022.99;47.5577;1070.55;1706.67;7.5982;1.36347
13.3402;1022.99;46.8719;1069.86;1706.67;7.2028;1.36347
13.3502;1022.99;46.1327;1069.12;1706.67;7.1222;1.36347
13.3602;1022.99;49.183;1072.17;1706.67;6.1969;1.36347
13.3702;1022.99;48.0974;1071.09;1706.67;5.2269;1.36347
13.3802;1022.99;46.343;1069.33;1706.67;6.6942;1.36347
13.3902;1022.99;47.4651;1070.45;1706.67;7.5928;1.36347
13.4002;1022.99;45.7441;1068.73;1706.67;7.5178;1.36347
13.4102;1022.99;48.2982;1071.29;1706.67;7.3315;1.36347
13.4202;1022.99;46.9526;1069.94;1706.67;5.7915;1.36347
13.4302;1022.99;47.9326;1070.92;1706.67;5.3427;1.36347
13.4402;1022.99;48.9675;1071.96;1706.67;5.1828;1.36347
13.4502;1022.99;45.8723;1068.86;1706.67;5.7888;1.36347
13.4602;1022.99;46.3697;1069.36;1706.67;6.9544;1.36347
13.4702;1022.99;46.4098;1069.4;1706.67;7.0048;1.36347
13.4802;1022.99;47.9835;1070.97;1706.67;6.5378;1.36347
13.4902;1022.99;49.2915;1072.28;1706.67;6.223;1.36347
13.5002;1022.99;47.9756;1070.96;1706.67;5.7072;1.36347
13.5102;1022.99;48.318;1071.31;1706.67;7.2296;1.36347
13.5202;1022.99;46.5715;1069.56;1706.67;7.9669;1.36347
13.5302;1022.99;44.5316;1067.52;1706.67;7.4055;1.36347
13.5402;1022.99;47.5541;1070.54;1706.67;7.1218;1.36347
13.5502;1022.99;47.9917;1070.98;1706.67;5.4812;1.36347
13.5602;1022.99;50.4254;1073.41;1706.67;5.5992;1.36347
13.5702;1022.99;49.1234;1072.11;1706.67;6.1572;1.36347
13.5802;1022.99;47.0641;1070.05;1706.67;6.7272;1.36347
13.5902;1022.99;44.5466;1067.54;1706.67;6.927;1.36347
13.6002;1022.99;46.8865;1069.88;1706.67;6.6781;1.36347
13.6102;1022.99;47.6139;1070.6;1706.67;5.5091;1.36347
13.6202;1022.99;46.5489;1069.54;1706.67;5.6851;1.36347
13.6302;1022.99;47.6528;1070.64;1706.67;5.8175;1.36347
13.6402;1022.99;44.108;1067.1;1706.67;7.1017;1.36347
13.6502;1022.99;47.3806;1070.37;1706.67;7.5979;1.36347
13.6602;1022.99;45.6926;1068.68;1706.67;6.6952;1.36347
13.6702;1022.99;45.8221;1068.81;1706.67;6.2484;1.36347
13.6802;1022.99;48.4752;1071.46;1706.67;4.997;1.36347
13.6902;1022.99;45.9658;1068.95;1706.67;5.3524;1.36347
13.7002;1022.99;47.0781;1070.07;1706.67;6.9862;1.36347
13.7102;1022.99;47.1803;1070.17;1706.67;7.8075;1.36347
13.7202;1022.99;45.478;1068.47;1706.67;7.4273;1.36347
13.7302;1022.99;48.2317;1071.22;1706.67;7.3949;1.36347
13.7402;1022.99;46.5812;1069.57;1706.67;5.7621;1.36347
13.7502;1022.99;48.8324;1071.82;1706.67;6.1746;1.36347
13.7602;1022.99;47.2623;1070.25;1706.67;7.2005;1.36347
13.7702;1022.99;44.1822;1067.17;1706.67;6.9625;1.36347
13.7802;1022.99;45.4182;1068.41;1706.67;7.4422;1.36347
13.7902;1022.99;46.4514;1069.44;1706.67;6.5074;1.36347
13.8002;1022.99;49.6135;1072.6;1706.67;5.9232;1.36347
13.8102;1022.99;48.626;1071.61;1706.67;5.0162;1.36347
13.8202;1022.99;47.2589;1070.25;1706.67;5.3839;1.36347
13.8302;1022.99;45.1322;1068.12;1706.67;6.5353;1.36347
13.8402;1022.99;45.6484;1068.64;1706.67;7.3893;1.36347
13.8502;1022.99;45.5842;1068.57;1706.67;6.9229;1.36347
13.8602;1022.99;45.8877;1068.88;1706.67;6.6598;1.36347
13.8702;1022.99;46.7925;1069.78;1706.67;5.3142;1.36347
13.8802;1022.99;48.5167;1071.51;1706.67;6.5647;1.36347
13.8902;1022.99;47.4962;1070.48;1706.67;7.7717;1.36347
13.9002;1022.99;44.9105;1067.9;1706.67;7.2836;1.36347
13.9102;1022.99;43.9731;1066.96;1706.67;7.2635;1.36347
13.9202;1022.99;46.8708;1069.86;1706.67;6.0912;1.36347
13.9302;1022.99;49.5914;1072.58;1706.67;5.1806;1.36347
13.9402;1022.99;47.8998;1070.89;1706.67;5.5679;1.36347
13.9502;1022.99;47.4597;1070.45;1706.67;6.1322;1.36347
13.9602;1022.99;45.0173;1068.01;1706.67;6.5985;1.36347
13.9702;1022.99;45.6046;1068.59;1706.67;6.8356;1.36347
13.9802;1022.99;45.0941;1068.08;1706.67;5.8787;1.36347
13.9902;1022.99;45.1223;1068.11;1706.67;5.6561;1.36347
14.0002;1022.99;47.332;1070.32;1706.67;5.467;1.36347
14.0102;1022.99;44.3188;1067.31;1706.67;6.3169;1.36347
14.0202;1022.99;45.358;1068.35;1706.67;7.5556;1.36347
14.0302;1022.99;44.8395;1067.83;1706.67;6.9691;1.36347
14.0402;1022.99;45.4288;1068.42;1706.67;6.3911;1.36347
14.0502;1022.99;47.2936;1070.28;1706.67;5.305;1.36347
14.0602;1022.99;46.0527;1069.04;1706.67;4.8507;1.36347
14.0702;1022.99;46.1415;1069.13;1706.67;5.8409;1.36347
14.0802;1022.99;46.155;1069.14;1706.67;7.5033;1.36347
14.0902;1022.99;44.9424;1067.93;1706.67;7.4532;1.36347
14.1002;1022.99;46.8225;1069.81;1706.67;7.3073;1.36347
14.1102;1022.99;45.6511;1068.64;1706.67;5.9485;1.36347
14.1202;1022.99;48.0636;1071.05;1706.67;5.975;1.36347
14.1302;1022.99;48.2167;1071.21;1706.67;6.0559;1.36347
14.1402;1022.99;44.1666;1067.16;1706.67;6.0392;1.36347
14.1502;1022.99;42.8419;1065.83;1706.67;6.5881;1.36347
14.1602;1022.99;44.821;1067.81;1706.67;6.128;1.36347
14.1702;1022.99;46.9039;1069.89;1706.67;5.5766;1.36347
14.1802;1022.99;47.899;1070.89;1706.67;5.2168;1.36347
14.1902;1022.99;46.8004;1069.79;1706.67;4.7693;1.36347
14.2002;1022.99;45.584;1068.57;1706.67;6.0991;1.36347
14.2102;1022.99;45.2855;1068.27;1706.67;7.6323;1.36347
14.2202;1022.99;44.3188;1067.31;1706.67;6.9382;1.36347
14.2302;1022.99;46.3739;1069.36;1706.67;6.7099;1.36347
14.2402;1022.99;45.9924;1068.98;1706.67;5.3494;1.36347
14.2502;1022.99;49.0394;1072.03;1706.67;5.6467;1.36347
14.2602;1022.99;47.6219;1070.61;1706.67;6.7491;1.36347
14.2702;1022.99;43.8663;1066.85;1706.67;6.5254;1.36347
14.2802;1022.99;42.235;1065.22;1706.67;6.4472;1.36347
14.2902;1022.99;45.1798;1068.17;1706.67;6.106;1.36347
14.3002;1022.99;48.025;1071.01;1706.67;5.4689;1.36347
14.3102;1022.99;47.6157;1070.6;1706.67;4.7961;1.36347
14.3202;1022.99;46.9322;1069.92;1706.67;5.2502;1.36347
14.3302;1022.99;45.0934;1068.08;1706.67;6.2732;1.36347
14.3402;1022.99;44.949;1067.94;1706.67;7.4558;1.36347
14.3502;1022.99;44.0295;1067.02;1706.67;6.7483;1.36347
14.3602;1022.99;45.0635;1068.05;1706.67;6.7937;1.36347
14.3702;1022.99;46.0461;1069.03;1706.67;5.3067;1.36347
14.3802;1022.99;47.7333;1070.72;1706.67;5.9269;1.36347
14.3902;1022.99;46.4991;1069.49;1706.67;7.1919;1.36347
14.4002;1022.99;43.6935;1066.68;1706.67;6.5701;1.36347
14.4102;1022.99;42.1062;1065.09;1706.67;6.6715;1.36347
14.4202;1022.99;45.7092;1068.7;1706.67;5.8362;1.36347
14.4302;1022.99;48.4845;1071.47;1706.67;5.4089;1.36347
14.4402;1022.99;46.8889;1069.88;1706.67;5.4646;1.36347
14.4502;1022.99;46.144;1069.13;1706.67;5.7732;1.36347
14.4602;1022.99;44.447;1067.44;1706.67;6.4427;1.36347
14.4702;1022.99;44.2478;1067.24;1706.67;6.7647;1.36347
14.4802;1022.99;43.7429;1066.73;1706.67;6.0878;1.36347
14.4902;1022.99;44.0082;1067;1706.67;5.9774;1.36347
14.5002;1022.99;45.9437;1068.93;1706.67;5.375;1.36347
14.5102;1022.99;43.9702;1066.96;1706.67;6.7539;1.36347
14.5202;1022.99;45.1533;1068.14;1706.67;8.007;1.36347
14.5302;1022.99;43.6876;1066.68;1706.67;7.2605;1.36347
14.5402;1022.99;42.5267;1065.52;1706.67;6.8553;1.36347
14.5502;1022.99;45.8481;1068.84;1706.67;5.8273;1.36347
14.5602;1022.99;45.0598;1068.05;1706.67;5.1049;1.36347
14.5702;1022.99;45.5527;1068.54;1706.67;5.7402;1.36347
14.5802;1022.99;45.1893;1068.18;1706.67;6.6865;1.36347
14.5902;1022.99;43.9872;1066.98;1706.67;7.0691;1.36347
14.6002;1022.99;45.0132;1068;1706.67;7.2874;1.36347
14.6102;1022.99;44.0194;1067.01;1706.67;6.2471;1.36347
14.6202;1022.99;44.2037;1067.19;1706.67;6.2897;1.36347
14.6302;1022.99;46.363;1069.35;1706.67;6.5967;1.36347
14.6402;1022.99;42.4254;1065.41;1706.67;6.7856;1.36347
14.6502;1022.99;43.4048;1066.39;1706.67;7.4788;1.36347
14.6602;1022.99;43.4591;1066.45;1706.67;6.5855;1.36347
14.6702;1022.99;44.0007;1066.99;1706.67;6.2909;1.36347
14.6802;1022.99;46.4408;1069.43;1706.67;5.5886;1.36347
14.6902;1022.99;44.4415;1067.43;1706.67;5.4735;1.36347
14.7002;1022.99;44.344;1067.33;1706.67;6.4599;1.36347
14.7102;1022.99;44.692;1067.68;1706.67;7.8557;1.36347
14.7202;1022.99;43.2296;1066.22;1706.67;7.4415;1.36347
14.7302;1022.99;45.7744;1068.76;1706.67;7.301;1.36347
14.7402;1022.99;44.3215;1067.31;1706.67;5.8861;1.36347
14.7502;1022.99;44.9673;1067.96;1706.67;6.2398;1.36347
14.7602;1022.99;45.7269;1068.72;1706.67;6.4841;1.36347
14.7702;1022.99;41.7567;1064.75;1706.67;6.0523;1.36347
14.7802;1022.99;43.7302;1066.72;1706.67;6.4611;1.36347
14.7902;1022.99;43.7325;1066.72;1706.67;5.9536;1.36347
14.8002;1022.99;43.9266;1066.92;1706.67;5.867;1.36347
14.8102;1022.99;46.4219;1069.41;1706.67;5.2508;1.36347
14.8202;1022.99;44.0958;1067.08;1706.67;5.4927;1.36347
14.8302;1022.99;43.7989;1066.79;1706.67;6.6385;1.36347
14.8402;1022.99;44.3155;1067.3;1706.67;7.0817;1.36347
14.8502;1022.99;43.2993;1066.29;1706.67;6.5176;1.36347
14.8602;1022.99;45.5951;1068.58;1706.67;6.4598;1.36347
14.8702;1022.99;44.3004;1067.29;1706.67;5.1863;1.36347
14.8802;1022.99;46.9847;1069.97;1706.67;6.0989;1.36347
14.8902;1022.99;44.4133;1067.4;1706.67;7.3417;1.36347
14.9002;1022.99;41.3259;1064.31;1706.67;6.9613;1.36347
14.9102;1022.99;43.39;1066.38;1706.67;7.0524;1.36347
14.9202;1022.99;43.8865;1066.88;1706.67;5.9006;1.36347
14.9302;1022.99;46.6986;1069.69;1706.67;5.4149;1.36347
14.9402;1022.99;46.1871;1069.18;1706.67;4.8829;1.36347
14.9502;1022.99;44.0439;1067.03;1706.67;5.2385;1.36347
14.9602;1022.99;42.7898;1065.78;1706.67;6.1716;1.36347
14.9702;1022.99;43.2018;1066.19;1706.67;6.4428;1.36347
14.9802;1022.99;43.5222;1066.51;1706.67;5.8462;1.36347
14.9902;1022.99;45.2319;1068.22;1706.67;5.7149;1.36347
