0;1028.61;0;1028.61;4096571.39;1600
0.01;1028.61;0.11;1028.72;4096571.28;1600
0.02;1028.61;0.03;1028.64;4096571.36;1600
0.03;1028.61;0.11;1028.72;4096571.28;1600
0.04;1028.61;1.49;1030.1;4096569.9;1600
0.05;1028.61;5.7;1034.31;4096565.69;1600
0.06;1028.61;9.27;1037.88;4096562.12;1600
0.07;1028.61;15.68;1044.29;4096555.71;1600
0.08;1028.61;19.86;1048.47;4096551.53;1600
0.09;1028.61;23.01;1051.62;4096548.38;1600
0.1;1028.61;23.58;1052.19;4096547.81;1600
0.11;1028.61;29.79;1058.4;4096541.6;1600
0.12;1028.61;37.04;1065.65;4096534.35;1600
0.13;1028.61;35.67;1064.28;4096535.72;1600
0.14;1028.61;43.97;1072.58;4096527.42;1600
0.15;1028.61;48.52;1077.13;4096522.87;1600
0.16;1028.61;48.21;1076.82;4096523.18;1600
0.17;1028.61;58.7;1087.31;4096512.69;1600
0.18;1028.61;55.62;1084.23;4096515.77;1600
0.19;1028.61;60.14;1088.75;4096511.25;1600
0.2;1028.61;66.52;1095.13;4096504.87;1600
0.21;1028.61;65.05;1093.66;4096506.34;1600
0.22;1028.61;75.38;1103.99;4096496.01;1600
0.23;1028.61;74.49;1103.1;4096496.9;1600
0.24;1028.61;76.57;1105.18;4096494.82;1600
0.25;1028.61;84.87;1113.48;4096486.52;1600
0.26;1028.61;81.41;1110.02;4096489.98;1600
0.27;1028.61;88.49;1117.1;4096482.9;1600
0.28;1028.61;93.81;1122.42;4096477.58;1600
0.29;1028.61;88.51;1117.12;4096482.88;1600
0.3;1028.61;100.41;1129.02;4096470.98;1600
0.31;1028.61;102.43;1131.04;4096468.96;1600
0.32;1028.61;98.46;1127.07;4096472.93;1600
0.33;1028.61;110.91;1139.52;4096460.48;1600
0.34;1028.61;111.56;1140.17;4096459.83;1600
0.35;1028.61;108.3;1136.91;4096463.09;1600
0.36;1028.61;116.98;1145.59;4096454.41;1600
0.37;1028.61;121.39;1150;4096450;1600
0.38;1028.61;116.16;1144.77;4096455.23;1600
0.39;1028.61;122.79;1151.4;4096448.6;1600
0.4;1028.61;128.82;1157.43;4096442.57;1600
0.41;1028.61;128.14;1156.75;4096443.25;1600
0.42;1028.61;140.8;1169.41;4096430.59;1600
0.43;1028.61;139.34;1167.95;4096432.05;1600
0.44;1028.61;133.4;1162.01;4096437.99;1600
0.45;1028.61;145.35;1173.96;4096426.04;1600
0.46;1028.61;149.34;1177.95;4096422.05;1600
0.47;1028.61;144.78;1173.39;4096426.61;1600
0.48;1028.61;150.63;1179.24;4096420.76;1600
0.49;1028.61;162.74;1191.35;4096408.65;1600
0.5;1028.61;158.04;1186.65;4096413.35;1600
0.51;1028.61;152.58;1181.19;4096418.81;1600
0.52;1028.61;163.8;1192.41;4096407.59;1600
0.53;1028.61;172.32;1200.93;4096399.07;1600
0.54;1028.61;166.03;1194.64;4096405.36;1600
0.55;1028.61;164.21;1192.82;4096407.18;1600
0.56;1028.61;174.99;1203.6;4096396.4;1600
0.57;1028.61;181.23;1209.84;4096390.16;1600
0.58;1028.61;175.35;1203.96;4096396.04;1600
0.59;1028.61;173.66;1202.27;4096397.73;1600
0.6;1028.61;185.06;1213.67;4096386.33;1600
0.61;1028.61;192.38;1220.99;4096379.01;1600
0.62;1028.61;186.56;1215.17;4096384.83;1600
0.63;1028.61;181.68;1210.29;4096389.71;1600
0.64;1028.61;194.13;1222.74;4096377.26;1600
0.65;1028.61;204.72;1233.33;4096366.67;1600
0.66;1028.61;197.81;1226.42;4096373.58;1600
0.67;1028.61;192.32;1220.93;4096379.07;1600
0.68;1028.61;196.51;1225.12;4096374.88;1600
0.69;1028.61;208.63;1237.24;4096362.76;1600
0.7;1028.61;208.86;1237.47;4096362.53;1600
0.71;1028.61;206.96;1235.57;4096364.43;1600
0.72;1028.61;201.59;1230.2;4096369.8;1600
0.73;1028.61;214.5;1243.11;4096356.89;1600
0.74;1028.61;224.25;1252.86;4096347.14;1600
0.75;1028.61;219.31;1247.92;4096352.08;1600
0.76;1028.61;216.04;1244.65;4096355.35;1600
0.77;1028.61;212.41;1241.02;4096358.98;1600
0.78;1028.61;225.81;1254.42;4096345.58;1600
0.79;1028.61;234.09;1262.7;4094.62337.3;1600
0.8;1028.61;231.26;1259.87;4096340.13;1600
0.81;1028.61;227.91;1256.52;4096343.48;1600
0.82;1028.61;223.03;1251.64;4096348.36;1600
0.83;1028.61;230.87;1259.48;4096340.52;1600
0.839999;1028.61;242.26;1270.87;4046.95329.13;1600
0.849999;1028.61;246.23;1274.84;4013.76325.16;1600
0.859999;1028.61;239.75;1268.36;4085.19331.64;1600
0.869999;1028.61;236.92;1265.53;4096334.47;1600
0.879999;1028.61;235.93;1264.54;4096335.46;1600
0.889999;1028.61;250.1;1278.71;4001.51321.29;1600
0.899999;1028.61;256.08;1284.69;3948.02315.31;1600
0.909999;1028.61;260.33;1288.94;3911.74311.06;1600
0.919999;1028.61;252.79;1281.4;3993.51318.6;1600
0.929999;1028.61;252.79;1281.4;3999.88318.6;1600
0.939999;1028.61;252.79;1281.4;4006.26318.6;1600
0.949999;1028.61;253.04;1281.65;4010.12318.35;1600
0.959999;1028.61;270.04;1298.65;3846.15301.35;1600
0.969999;1028.61;274.99;1303.6;3802.58296.4;1600
0.979999;1028.61;272.08;1300.69;3837.67299.31;1600
0.989999;1028.61;269.88;1298.49;3865.7301.51;1600
0.999999;1028.61;268.43;1297.04;3886.25302.96;1600
1.01;1028.61;266.48;1295.09;3911.85304.91;1600
1.02;1028.61;269.96;1298.57;3883.08301.43;1600
1.03;1028.61;270.96;1299.57;3879.09300.43;1600
1.04;1028.61;271.01;1299.62;3884.6300.38;1600
1.05;1028.61;273.75;1302.36;3863.15297.64;1600
1.06;1028.61;274.69;1303.3;3859.68296.7;1600
1.07;1028.61;275.39;1304;3858.6296;1600
1.08;1028.61;278.56;1307.17;3832.76292.83;1600
1.09;1028.61;279.23;1307.84;3831.9292.16;1600
1.1;1028.61;280.49;1309.1;3825.12290.9;1600
1.11;1028.61;283.44;1312.05;3801.38287.95;1600
1.12;1028.61;285.35;1313.96;3788286.04;1600
1.13;1028.61;285.92;1314.53;3788.01285.47;1600
1.14;1028.61;289.87;1318.48;3754.14281.52;1600
1.15;1028.61;291.61;1320.22;3742.34279.78;1600
1.16;1028.61;294.73;1323.34;3716.67276.66;1600
1.17;1028.61;295.72;1324.33;3712.28275.67;1600
1.18;1028.61;300.88;1329.49;3666.09270.51;1600
1.19;1028.61;303.31;1331.92;3647.16268.08;1600
1.2;1028.61;311.12;1339.73;3574.26260.27;1600
1.21;1028.61;312.32;1340.93;3567.44259.07;1600
1.22;1028.61;313.42;1342.03;3561.6257.97;1600
1.23;1028.61;305.77;1334.38;3643.41265.62;1600
1.24;1028.61;302.88;1331.49;3677.68268.51;1600
1.25;1028.61;303.75;1332.36;3674.34267.64;1600
1.26;1028.61;308.05;1336.66;3636.6263.34;1600
1.27;1028.61;316.71;1345.32;3555.1254.68;1600
1.28;1028.61;322.71;1351.32;3500.07248.68;1600
1.29;1028.61;312.93;1341.54;3603.04258.46;1600
1.3;1028.61;309.47;1338.08;3642.88261.92;1600
1.31;1028.61;314.65;1343.26;3596.21256.74;1600
1.32;1028.61;318.83;1347.44;3559.46252.56;1600
1.33;1028.61;328.51;1357.12;3467.52242.88;1600
1.34;1028.61;320.74;1349.35;3550.24250.65;1600
1.35;1028.61;316.9;1345.51;3593.73254.49;1600
1.36;1028.61;320.4;1349.01;3563.75250.99;1600
1.37;1028.61;332.96;1361.57;3442.91238.43;1600
1.38;1028.61;329.2;1357.81;3485.36242.19;1600
1.39;1028.61;323.53;1352.14;3547.01247.86;1600
1.4;1028.61;326.47;1355.08;3522.51244.92;1600
1.41;1028.61;336.59;1365.2;3426.01234.8;1600
1.42;1028.61;336.57;1365.18;3430.91234.82;1600
1.43;1028.61;328.64;1357.25;3515.06242.75;1600
1.44;1028.61;331.73;1360.34;3488.95239.66;1600
1.45;1028.61;341.56;1370.17;3395.25229.83;1600
1.46;1028.61;332.91;1361.52;3486.52238.48;1600
1.47;1028.61;342.26;1370.87;3397.6229.13;1600
1.48;1028.61;348.77;1377.38;3336.95222.62;1600
1.49;1028.61;337.57;1366.18;3453.63233.82;1600
1.5;1028.61;339.03;1367.64;3443.68232.36;1600
1.51;1028.61;350.34;1378.95;3335221.05;1600
1.52;1028.61;343.85;1372.46;3404.45227.54;1600
1.53;1028.61;342.38;1370.99;3423.73229.01;1600
1.54;1028.61;351.09;1379.7;3341.04220.3;1600
1.55;1028.61;345.13;1373.74;3405.16226.26;1600
1.56;1028.61;346.05;1374.66;3400.47225.34;1600
1.57;1028.61;355.7;1384.31;3308.28215.69;1600
1.58;1028.61;348.87;1377.48;3381.03222.52;1600
1.59;1028.61;348.87;1377.48;3385.48222.52;1600
1.6;1028.61;357.43;1386.04;3304.16213.96;1600
1.61;1028.61;349.84;1378.45;3384.49221.55;1600
1.62;1028.61;356.57;1385.18;3321.49214.82;1600
1.63;1028.61;357.78;1386.39;3313.66213.61;1600
1.64;1028.61;352.42;1381.03;3371.64218.97;1600
1.65;1028.61;363.14;1391.75;3268.61208.25;1600
1.66;1028.61;357.74;1386.35;3326.88213.65;1600
1.67;1028.61;356.86;1385.47;3339.97214.53;1600
1.68;1028.61;367.2;1395.81;3240.65204.19;1600
1.69;1028.61;358.97;1387.58;3327.2212.42;1600
1.7;1028.61;366.78;1395.39;3253.19204.61;1600
1.71;1028.61;363.28;1391.89;3292.36208.11;1600
1.72;1028.61;361.81;1390.42;3311.25209.58;1600
1.73;1028.61;368.5;1397.11;3248.41202.89;1600
1.74;1028.61;362.51;1391.12;3312.48208.88;1600
1.75;1028.61;370.93;1399.54;3232.29200.46;1600
1.76;1028.61;365.05;1393.66;3295.22206.34;1600
1.77;1028.61;369.82;1398.43;3251.55201.57;1600
1.78;1028.61;369.27;1397.88;3261.09202.12;1600
1.79;1028.61;367.29;1395.9;3284.98204.1;1600
1.8;1028.61;372.83;1401.44;3233.55198.56;1600
1.81;1028.61;369.62;1398.23;3269.68201.77;1600
1.82;1028.61;380.49;1409.1;3164.8190.9;1600
1.83;1028.61;371.53;1400.14;3258.4199.86;1600
1.84;1028.61;380.1;1408.71;3176.52191.29;1600
1.85;1028.61;373.86;1402.47;3242.87197.53;1600
1.86;1028.61;379.51;1408.12;3190.21191.88;1600
1.87;1028.61;376.01;1404.62;3229.12195.38;1600
1.88;1028.61;377.39;1406;3219.2194;1600
1.89;1028.61;377.95;1406.56;3217.47193.44;1600
1.9;1028.61;378.16;1406.77;3219.23193.23;1600
1.91;1028.61;379.46;1408.07;3210.07191.93;1600
1.92;1028.61;379.78;1408.39;3210.7191.61;1600
1.93;1028.61;381.38;1409.99;3198.5190.01;1600
1.94;1028.61;380.31;1408.92;3213.02191.08;1600
1.95;1028.61;384.03;1412.64;3179.57187.36;1600
1.96;1028.61;382.03;1410.64;3203.36189.36;1600
1.97;1028.61;386.34;1414.95;3163.96185.05;1600
1.98;1028.61;387.92;1416.53;3151.83183.47;1600
1.99;1028.61;385.28;1413.89;3181.95186.11;1600
2;1028.61;385.28;1413.89;3185.67186.11;1600
2.01;1028.61;386.88;1415.49;3173.36184.51;1600
2.02;1028.61;390.98;1419.59;3135.97180.41;1600
2.03;1028.61;390.51;1419.12;3144.29180.88;1600
2.04;1028.61;392.41;1421.02;3128.87178.98;1600
2.05;1028.61;394.31;1422.92;3113.41177.08;1600
2.06;1028.61;393.83;1422.44;3121.76177.56;1600
2.07;1028.61;398.13;1426.74;3082.23173.26;1600
2.08;1028.61;394.8;1423.41;3119.06176.59;1600
2.09;1028.61;399.99;1428.6;3070.59171.4;1600
2.1;1028.61;395.3;1423.91;3121.01176.09;1600
2.11;1028.61;401.97;1430.58;3057.7169.42;1600
2.12;1028.61;396.03;1424.64;3120.6175.36;1600
2.13;1028.61;402.06;1430.67;3063.69169.33;1600
2.14;1028.61;396.42;1425.03;3123.59174.97;1600
2.15;1028.61;399.47;1428.08;3096.53171.92;1600
2.16;1028.61;397.38;1425.99;3120.91174.01;1600
2.17;1028.61;400.94;1429.55;3088.72170.45;1600
2.18;1028.61;405.08;1433.69;3050.64166.31;1600
2.19;1028.61;401.03;1429.64;3094.55170.36;1600
2.2;1028.61;407.79;1436.4;3030.22163.6;1600
2.21;1028.61;401.5;1430.11;3096.52169.89;1600
2.22;1028.61;403.89;1432.5;3075.97167.5;1600
2.23;1028.61;401.9;1430.51;3099.26169.49;1600
2.24;1028.61;404.1;1432.71;3080.61167.29;1600
2.25;1028.61;403.38;1431.99;3091.17168.01;1600
2.26;1028.61;405.87;1434.48;3069.58165.52;1600
2.27;1028.61;410.78;1439.39;3023.69160.61;1600
2.28;1028.61;407;1435.61;3064.78164.39;1600
2.29;1028.61;412.34;1440.95;3014.56159.05;1600
2.3;1028.61;407.17;1435.78;3069.54164.22;1600
2.31;1028.61;410.2;1438.81;3042.47161.19;1600
2.32;1028.61;411.4;1440.01;3033.67159.99;1600
2.33;1028.61;411.02;1439.63;3040.67160.37;1600
2.34;1028.61;417.16;1445.77;2982.36154.23;1600
2.35;1028.61;410.41;1439.02;3053.08160.98;1600
2.36;1028.61;412.69;1441.3;3033.45158.7;1600
2.37;1028.61;417.8;1446.41;2985.42153.59;1600
2.38;1028.61;412.47;1441.08;3041.9158.92;1600
2.39;1028.61;413.69;1442.3;3032.86157.7;1600
2.4;1028.61;413.47;1442.08;3038.21157.92;1600
2.41;1028.61;414.35;1442.96;3032.56157.04;1600
2.42;1028.61;421.28;1449.89;2966.26150.11;1600
2.43;1028.61;414.99;1443.6;3032.29156.4;1600
2.44;1028.61;418.96;1447.57;2995.63152.43;1600
2.45;1028.61;419.2;1447.81;2996.28152.19;1600
2.46;1028.61;418.52;1447.13;3006.14152.87;1600
2.47;1028.61;421.39;1450;2980.44150;1600
2.48;1028.61;419.31;1447.92;3004.28152.08;1600
2.49;1028.61;424.73;1453.34;2953.01146.66;1600
2.5;1028.61;418.72;1447.33;3016.16152.67;1600
2.51;1028.61;420.95;1449.56;2996.87150.44;1600
2.52;1028.61;427.02;1455.63;2939.06144.37;1600
2.53;1028.61;422.94;1451.55;2982.83148.45;1600
2.54;1028.61;423.7;1452.31;2978.18147.69;1600
2.55;1028.61;422.13;1450.74;2996.87149.26;1600
2.56;1028.61;423.16;1451.77;2989.53148.23;1600
2.57;1028.61;424.6;1453.21;2978.07146.79;1600
2.58;1028.61;425.36;1453.97;2973.39146.03;1600
2.59;1028.61;424.91;1453.52;2980.82146.48;1600
2.6;1028.61;428.39;1457;2948.88143;1600
2.61;1028.61;424.89;1453.5;2986.81146.5;1600
2.62;1028.61;427.27;1455.88;2965.89144.12;1600
2.63;1028.61;431.81;1460.42;2923.28139.58;1600
2.64;1028.61;426.37;1454.98;2980.58145.02;1600
2.65;1028.61;428.65;1457.26;2960.64142.74;1600
2.66;1028.61;433.19;1461.8;2918138.2;1600
2.67;1028.61;426.28;1454.89;2990145.11;1600
2.68;1028.61;430.67;1459.28;2948.92140.72;1600
2.69;1028.61;437.92;1466.53;2879.09133.47;1600
2.7;1028.61;430.75;1459.36;2953.6140.64;1600
2.71;1028.61;431.59;1460.2;2948139.8;1600
2.72;1028.61;435.75;1464.36;2909.11135.64;1600
2.73;1028.61;430.03;1458.64;2969.14141.36;1600
2.74;1028.61;433.52;1462.13;2936.99137.87;1600
2.75;1028.61;436.88;1465.49;2906.08134.51;1600
2.76;1028.61;431.1;1459.71;2966.69140.29;1600
2.77;1028.61;433.51;1462.12;2945.35137.88;1600
2.78;1028.61;433.88;1462.49;2944.4137.51;1600
2.79;1028.61;434.77;1463.38;2938.23136.62;1600
2.8;1028.61;435.97;1464.58;2928.94135.42;1600
2.81;1028.61;436.59;1465.2;2925.43134.8;1600
2.82;1028.61;440.78;1469.39;2886.15130.61;1600
2.83;1028.61;434.2;1462.81;2954.69137.19;1600
2.84;1028.61;436.33;1464.94;2936.09135.06;1600
2.85;1028.61;444.08;1472.69;2861.14127.31;1600
2.86;1028.61;436.64;1465.25;2938.23134.75;1600
2.87;1028.61;440.04;1468.65;2906.86131.35;1600
2.88;1028.61;441.35;1469.96;2896.36130.04;1600
2.89;1028.61;437.26;1465.87;2939.94134.13;1600
2.9;1028.61;439.31;1467.92;2922.09132.08;1600
2.91;1028.61;439.49;1468.1;2922.92131.9;1600
2.92;1028.61;445.99;1474.6;2860.43125.4;1600
2.93;1028.61;441.82;1470.43;2904.72129.57;1600
2.94;1028.61;441.62;1470.23;2909.32129.77;1600
2.95;1028.61;441.62;1470.23;2911.91129.77;1600
2.96;1028.61;440.71;1469.32;2923.63130.68;1600
2.97;1028.61;442.73;1471.34;2906128.66;1600
2.98;1028.61;448.99;1477.6;2845.85122.4;1600
2.99;1028.61;443.71;1472.32;2901.2127.68;1600
3;1028.61;443.71;1472.32;2903.76127.68;1600
3.01;1028.61;442.86;1471.47;2914.83128.53;1600
3.02;1028.61;445.85;1474.46;2887.44125.54;1600
3.03;1028.61;447.02;1475.63;2878.22124.37;1600
3.04;1028.61;451.62;1480.23;2834.62119.77;1600
3.05;1028.61;444.46;1473.07;2908.76126.93;1600
3.06;1028.61;446.87;1475.48;2887.15124.52;1600
3.07;1028.61;454.06;1482.67;2817.6117.33;1600
3.08;1028.61;446.17;1474.78;2899125.22;1600
3.09;1028.61;449.34;1477.95;2869.74122.05;1600
3.1;1028.61;450.25;1478.86;2863.06121.14;1600
3.11;1028.61;447.35;1475.96;2894.54124.04;1600
3.12;1028.61;447.32;1475.93;2897.33124.07;1600
3.13;1028.61;449.37;1477.98;2879.27122.02;1600
3.14;1028.61;455.97;1484.58;2815.57115.42;1600
3.15;1028.61;450.4;1479.01;2873.69120.99;1600
3.16;1028.61;451.58;1480.19;2864.29119.81;1600
3.17;1028.61;450.38;1478.99;2878.71121.01;1600
3.18;1028.61;456.99;1485.6;2814.9114.4;1600
3.19;1028.61;449.22;1477.83;2895.04122.17;1600
3.2;1028.61;453.31;1481.92;2856.5118.08;1600
3.21;1028.61;452.76;1481.37;2864.38118.63;1600
3.22;1028.61;454.47;1483.08;2849.61116.92;1600
3.23;1028.61;452.83;1481.44;2868.39118.56;1600
3.24;1028.61;456.12;1484.73;2837.79115.27;1600
3.25;1028.61;454.42;1483.03;2857.13116.97;1600
3.26;1028.61;459.77;1488.38;2805.86111.62;1600
3.27;1028.61;453.64;1482.25;2869.52117.75;1600
3.28;1028.61;456.05;1484.66;2847.72115.34;1600
3.29;1028.61;455.24;1483.85;2858.15116.15;1600
3.3;1028.61;458.02;1486.63;2832.62113.37;1600
3.31;1028.61;453.7;1482.31;2878.17117.69;1600
3.32;1028.61;455.81;1484.42;2859.38115.58;1600
3.33;1028.61;456.51;1485.12;2854.68114.88;1600
3.34;1028.61;462.69;1491.3;2795.05108.7;1600
3.35;1028.61;456.06;1484.67;2863.66115.33;1600
3.36;1028.61;458.49;1487.1;2841.62112.9;1600
3.37;1028.61;459.06;1487.67;2838.16112.33;1600
3.38;1028.61;463.42;1492.03;2796.72107.97;1600
3.39;1028.61;457.24;1485.85;2860.81114.15;1600
3.4;1028.61;458.26;1486.87;2852.87113.13;1600
3.41;1028.61;464.15;1492.76;2796.11107.24;1600
3.42;1028.61;463.87;1492.48;2801.06107.52;1600
3.43;1028.61;457.92;1486.53;2862.83113.47;1600
3.44;1028.61;459.78;1488.39;2846.47111.61;1600
3.45;1028.61;460.42;1489.03;2842.28110.97;1600
3.46;1028.61;465.87;1494.48;2789.89105.52;1600
3.47;1028.61;461.63;1490.24;2834.49109.76;1600
3.48;1028.61;462.63;1491.24;2826.67108.76;1600
3.49;1028.61;462.63;1491.24;2828.84108.76;1600
3.5;1028.61;462.63;1491.24;2831.02108.76;1600
3.51;1028.61;461.96;1490.57;2839.9109.43;1600
3.52;1028.61;463.68;1492.29;2824.86107.71;1600
3.53;1028.61;470.05;1498.66;2763.19101.34;1600
3.54;1028.61;463.67;1492.28;2829.14107.72;1600
3.55;1028.61;464.16;1492.77;2826.38107.23;1600
3.56;1028.61;463.39;1492;2836.24108;1600
3.57;1028.61;469.75;1498.36;2774.68101.64;1600
3.58;1028.61;468.73;1497.34;2786.93102.66;1600
3.59;1028.61;462.9;1491.51;2847.4108.49;1600
3.6;1028.61;464.45;1493.06;2834.04106.94;1600
3.61;1028.61;464.8;1493.41;2832.67106.59;1600
3.62;1028.61;470.94;1499.55;2773.28100.45;1600
3.63;1028.61;465.31;1493.92;2831.7106.08;1600
3.64;1028.61;467.96;1496.57;2807.27103.43;1600
3.65;1028.61;466.33;1494.94;2825.67105.06;1600
3.66;1028.61;469.82;1498.43;2792.8101.57;1600
3.67;1028.61;467.04;1495.65;2822.69104.35;1600
3.68;1028.61;468.1;1496.71;2814.16103.29;1600
3.69;1028.61;467.74;1496.35;2819.83103.65;1600
3.7;1028.61;471.95;1500.56;2779.7299.44;1600
3.71;1028.61;471.47;1500.08;2786.5299.92;1600
3.72;1028.61;467.9;1496.51;2824.29103.49;1600
3.73;1028.61;468.46;1497.07;2820.74102.93;1600
3.74;1028.61;470.25;1498.86;2804.87101.14;1600
3.75;1028.61;474.41;1503.02;2765.2196.98;1600
3.76;1028.61;466.2;1494.81;2849.41105.19;1600
3.77;1028.61;470.99;1499.6;2803.52100.4;1600
3.78;1028.61;470.88;1499.49;2806.63100.51;1600
3.79;1028.61;476.21;1504.82;2755.2395.18;1600
3.8;1028.61;468.48;1497.09;2834.59102.91;1600
3.81;1028.61;470.39;1499;2817.51101;1600
3.82;1028.61;472.5;1501.11;2798.3998.89;1600
3.83;1028.61;472.27;1500.88;2802.6799.12;1600
3.84;1028.61;471.21;1499.82;2815.27100.18;1600
3.85;1028.61;471.96;1500.57;2809.7699.43;1600
3.86;1028.61;475.07;1503.68;2780.5996.32;1600
3.87;1028.61;473.12;1501.73;2802.0598.27;1600
3.88;1028.61;479.31;1507.92;274292.08;1600
3.89;1028.61;471.63;1500.24;2820.7999.76;1600
3.9;1028.61;475.25;1503.86;2786.5196.14;1600
3.91;1028.61;475.52;1504.13;2785.7395.87;1600
3.92;1028.61;475.95;1504.56;2783.3495.44;1600
3.93;1028.61;480.49;1509.1;2739.7690.9;1600
3.94;1028.61;476.52;1505.13;2781.3694.87;1600
3.95;1028.61;476.72;1505.33;2781.2594.67;1600
3.96;1028.61;475.1;1503.71;2799.3796.29;1600
3.97;1028.61;480.79;1509.4;2744.2990.6;1600
3.98;1028.61;477.17;1505.78;2782.3794.22;1600
3.99;1028.61;477.18;1505.79;2784.1694.21;1600
4;1028.61;475.95;1504.56;2798.3695.44;1600
4.01;1028.61;476.02;1504.63;2799.5795.37;1600
4.02;1028.61;482.54;1511.15;2736.1588.85;1600
4.03;1028.61;477.15;1505.76;2791.9394.24;1600
4.04;1028.61;478.41;1507.02;2781.1992.98;1600
4.05;1028.61;477.54;1506.15;2791.7793.85;1600
4.06;1028.61;483;1511.61;2738.9488.39;1600
4.07;1028.61;483.24;1511.85;2738.388.15;1600
4.08;1028.61;480.29;1508.9;2769.6291.1;1600
4.09;1028.61;479.54;1508.15;2778.9691.85;1600
4.1;1028.61;477.95;1506.56;2796.7393.44;1600
4.11;1028.61;485.19;1513.8;2726.0586.2;1600
4.12;1028.61;484.38;1512.99;2735.8987.01;1600
4.13;1028.61;477.82;1506.43;2803.3693.57;1600
4.14;1028.61;480.41;1509.02;2779.2890.98;1600
4.15;1028.61;481.09;1509.7;2774.2990.3;1600
4.16;1028.61;481.12;1509.73;2775.890.27;1600
4.17;1028.61;486.23;1514.84;2726.485.16;1600
4.18;1028.61;480.21;1508.82;2788.4291.18;1600
4.19;1028.61;482.37;1510.98;2768.689.02;1600
4.2;1028.61;480.54;1509.15;2788.7290.85;1600
4.21;1028.61;483.26;1511.87;2763.2888.13;1600
4.22;1028.61;488.78;1517.39;2709.7382.61;1600
4.23;1028.61;480.91;1509.52;2790.2490.48;1600
4.24;1028.61;482.53;1511.14;2775.8288.86;1600
4.25;1028.61;483.2;1511.81;2770.8888.19;1600
4.26;1028.61;482.68;1511.29;2777.8688.71;1600
4.27;1028.61;490.47;1519.08;2701.5880.92;1600
4.28;1028.61;480.85;1509.46;2799.5990.54;1600
4.29;1028.61;484.87;1513.48;2761.1286.52;1600
4.3;1028.61;485.5;1514.11;2756.5485.89;1600
4.31;1028.61;483.89;1512.5;2774.3987.5;1600
4.32;1028.61;492.07;1520.68;2694.1779.32;1600
4.33;1028.61;482.55;1511.16;2791.1588.84;1600
4.34;1028.61;484.37;1512.98;2774.6987.02;1600
4.35;1028.61;484.52;1513.13;2774.9386.87;1600
4.36;1028.61;484.13;1512.74;2780.5787.26;1600
4.37001;1028.61;485.67;1514.28;2766.8985.72;1600
4.38001;1028.61;482.71;1511.32;2798.2688.68;1600
4.39001;1028.61;484.84;1513.45;2778.6986.55;1600
4.40001;1028.61;487.97;1516.58;2749.0683.42;1600
4.41001;1028.61;485.32;1513.93;2777.2886.07;1600
4.42001;1028.61;488.71;1517.32;2745.0382.68;1600
4.43001;1028.61;490.83;1519.44;2725.4580.56;1600
4.44001;1028.61;486.45;1515.06;2770.9484.94;1600
4.45001;1028.61;487.71;1516.32;2760.0283.68;1600
4.46001;1028.61;486.4;1515.01;2774.8284.99;1600
4.47001;1028.61;487.61;1516.22;2764.3983.78;1600
4.48001;1028.61;488.83;1517.44;2753.8582.56;1600
4.49001;1028.61;485.54;1514.15;2788.4685.85;1600
4.50001;1028.61;489.69;1518.3;2748.681.7;1600
4.51001;1028.61;488.47;1517.08;2762.4582.92;1600
4.52001;1028.61;488.48;1517.09;2764.0182.91;1600
4.53001;1028.61;493.58;1522.19;2714.5777.81;1600
4.54001;1028.61;486.29;1514.9;2789.1785.1;1600
4.55001;1028.61;487.73;1516.34;2776.4483.66;1600
4.56001;1028.61;488.23;1516.84;2773.1183.16;1600
4.57001;1028.61;495.22;1523.83;2704.7376.17;1600
4.58001;1028.61;486.69;1515.3;2791.7284.7;1600
4.59001;1028.61;487.85;1516.46;2781.883.54;1600
4.60001;1028.61;491.13;1519.74;2750.680.26;1600
4.61001;1028.61;489.61;1518.22;2767.4481.78;1600
4.62001;1028.61;495.23;1523.84;2712.7676.16;1600
4.63001;1028.61;494.43;1523.04;2722.376.96;1600
4.64001;1028.61;489.85;1518.46;2769.7381.54;1600
4.65001;1028.61;491.39;1520;2755.9380;1600
4.66001;1028.61;490.41;1519.02;2767.3580.98;1600
4.67001;1028.61;492.51;1521.12;2747.9378.88;1600
4.68001;1028.61;495.84;1524.45;2716.1475.55;1600
4.69001;1028.61;488.75;1517.36;2788.6982.64;1600
4.70001;1028.61;492.68;1521.29;2750.9678.71;1600
4.71001;1028.61;493.36;1521.97;2745.7378.03;1600
4.72001;1028.61;491.78;1520.39;2763.1279.61;1600
4.73001;1028.61;498.55;1527.16;2696.8772.84;1600
4.74001;1028.61;496.97;1525.58;2714.1674.42;1600
4.75001;1028.61;491.39;1520;2771.5680;1600
4.76001;1028.61;493.53;1522.14;2751.7277.86;1600
4.77001;1028.61;493.55;1522.16;2753.0877.84;1600
4.78001;1028.61;493.75;1522.36;2752.6377.64;1600
4.79001;1028.61;499;1527.61;2701.5872.39;1600
4.80001;1028.61;491.95;1520.56;2773.6779.44;1600
4.81002;1028.61;495.22;1523.83;2742.4976.17;1600
4.82002;1028.61;495.37;1523.98;2742.5176.02;1600
4.83002;1028.61;493.4;1522.01;2763.7777.99;1600
4.84002;1028.61;494.48;1523.09;2754.5176.91;1600
4.85002;1028.61;498.08;1526.69;2719.9773.31;1600
4.86002;1028.61;491.98;1520.59;2782.5679.41;1600
4.87002;1028.61;496.42;1525.03;2739.6674.97;1600
4.88002;1028.61;496.04;1524.65;2744.9775.35;1600
4.89002;1028.61;494.91;1523.52;2757.876.48;1600
4.90002;1028.61;501.78;1530.39;2690.4969.61;1600
4.91002;1028.61;499.41;1528.02;2715.6371.98;1600
4.92002;1028.61;493.05;1521.66;2780.878.34;1600
4.93002;1028.61;496.47;1525.08;2748.174.92;1600
4.94002;1028.61;496.31;1524.92;2751.275.08;1600
4.95002;1028.61;496.36;1524.97;2752.275.03;1600
4.96002;1028.61;500.9;1529.51;2708.2170.49;1600
4.97002;1028.61;500.83;1529.44;2710.3270.56;1600
4.98002;1028.61;496.03;1524.64;2759.8375.36;1600
4.99002;1028.61;497.49;1526.1;2746.773.9;1600
5.00002;1028.61;496.57;1525.18;2757.474.82;1600
5.01002;1028.61;497.31;1525.92;2751.4874.08;1600
5.02002;1028.61;503.27;1531.88;2693.2468.12;1600
5.03002;1028.61;496.07;1524.68;2766.7575.32;1600
5.04002;1028.61;499.01;1527.62;2738.872.38;1600
5.05002;1028.61;497.28;1525.89;2757.5874.11;1600
5.06002;1028.61;497.84;1526.45;2753.4573.55;1600
5.07002;1028.61;497.84;1526.45;2754.9273.55;1600
5.08002;1028.61;495.31;1523.92;2781.7476.08;1600
5.09002;1028.61;499.44;1528.05;2741.8871.95;1600
5.10002;1028.61;500.09;1528.7;2736.8171.3;1600
5.11002;1028.61;498.85;1527.46;2750.6672.54;1600
5.12002;1028.61;504.89;1533.5;2691.5966.5;1600
5.13002;1028.61;503;1531.61;2711.8668.39;1600
5.14002;1028.61;496.34;1524.95;2779.9675.05;1600
5.15002;1028.61;500.47;1529.08;2740.0870.92;1600
5.16002;1028.61;500.12;1528.73;274571.27;1600
5.17002;1028.61;499.42;1528.03;2753.4471.97;1600
5.18002;1028.61;505.47;1534.08;2694.2665.92;1600
5.19002;1028.61;505.77;1534.38;2692.5765.62;1600
5.20002;1028.61;498.97;1527.58;2762.0272.42;1600
5.21002;1028.61;501.39;1530;2739.2270;1600
5.22002;1028.61;500.92;1529.53;2745.3370.47;1600
5.23002;1028.61;500.5;1529.11;2750.9570.89;1600
5.24003;1028.61;503.47;1532.08;2722.6167.92;1600
5.25003;1028.61;505.08;1533.69;2707.8366.31;1600
5.26003;1028.61;500.75;1529.36;2752.5570.64;1600
5.27003;1028.61;500.09;1528.7;2760.5771.3;1600
5.28003;1028.61;500.24;1528.85;2760.4971.15;1600
5.29003;1028.61;501.13;1529.74;275370.26;1600
5.30003;1028.61;505.84;1534.45;2707.2165.55;1600
5.31003;1028.61;504.83;1533.44;2718.6466.56;1600
5.32003;1028.61;498.2;1526.81;2786.4173.19;1600
5.33003;1028.61;502.87;1531.48;2741.0868.52;1600
5.34003;1028.61;501.2;1529.81;2759.1870.19;1600
5.35003;1028.61;501.19;1529.8;2760.6870.2;1600
5.36003;1028.61;504.17;1532.78;2732.2367.22;1600
5.37003;1028.61;505.36;1533.97;2721.6566.03;1600
5.38003;1028.61;501.89;1530.5;2757.7469.5;1600
5.39003;1028.61;504.32;1532.93;2734.7867.07;1600
5.40003;1028.61;504.59;1533.2;2733.4266.8;1600
5.41003;1028.61;502.44;1531.05;2756.368.95;1600
5.42003;1028.61;504.7;1533.31;2735.0366.69;1600
5.43003;1028.61;501.52;1530.13;2768.2369.87;1600
5.44003;1028.61;502.29;1530.9;2761.9169.1;1600
5.45003;1028.61;505.85;1534.46;2727.6265.54;1600
5.46003;1028.61;504.45;1533.06;2742.9666.94;1600
5.47003;1028.61;504.21;1532.82;2746.767.18;1600
5.48003;1028.61;511.2;1539.81;2678.0160.19;1600
5.49003;1028.61;506.9;1535.51;2722.364.49;1600
5.50003;1028.61;501.57;1530.18;2776.9969.82;1600
5.51003;1028.61;505.51;1534.12;2738.9165.88;1600
5.52003;1028.61;505.43;1534.04;2741.0365.96;1600
5.53003;1028.61;504.97;1533.58;2746.9666.42;1600
5.54003;1028.61;510.75;1539.36;2690.3760.64;1600
5.55003;1028.61;510.01;1538.62;269961.38;1600
5.56003;1028.61;510.01;1538.62;2700.2261.38;1600
5.57003;1028.61;510.01;1538.62;2701.4561.38;1600
5.58003;1028.61;506.57;1535.18;2737.1564.82;1600
5.59003;1028.61;513.24;1541.85;2671.6158.15;1600
5.60003;1028.61;508.89;1537.5;2716.3662.5;1600
5.61003;1028.61;505.97;1534.58;2746.8765.42;1600
5.62003;1028.61;505.09;1533.7;275766.3;1600
5.63003;1028.61;505.36;1533.97;2755.6266.03;1600
5.64003;1028.61;505.92;1534.53;2751.3365.47;1600
5.65003;1028.61;507.05;1535.66;2741.3164.34;1600
5.66003;1028.61;512.41;1541.02;2688.8958.98;1600
5.67003;1028.61;508;1536.61;2734.2663.39;1600
5.68004;1028.61;505.27;1533.88;2762.8866.12;1600
5.69004;1028.61;507.63;1536.24;2740.5663.76;1600
5.70004;1028.61;508.55;1537.16;2732.6162.84;1600
5.71004;1028.61;507.84;1536.45;2740.9963.55;1600
5.72004;1028.61;515.16;1543.77;2668.9156.23;1600
5.73004;1028.61;508.74;1537.35;2734.3662.65;1600
5.74004;1028.61;506.47;1535.08;2758.3664.92;1600
5.75004;1028.61;509.38;1537.99;2730.562.01;1600
5.76004;1028.61;508.1;1536.71;2744.5763.29;1600
5.77004;1028.61;508.74;1537.35;2739.4262.65;1600
5.78004;1028.61;513.16;1541.77;2696.3958.23;1600
5.79004;1028.61;512.19;1540.8;2707.2759.2;1600
5.80004;1028.61;506.78;1535.39;2762.6664.61;1600
5.81004;1028.61;509.54;1538.15;2736.361.85;1600
5.82004;1028.61;508.38;1536.99;2749.1663.01;1600
5.83004;1028.61;508.35;1536.96;2750.7263.04;1600
5.84004;1028.61;510.17;1538.78;2733.7461.22;1600
5.85004;1028.61;515.07;1543.68;2685.8756.32;1600
5.86004;1028.61;508.53;1537.14;2752.5362.86;1600
5.87004;1028.61;508.76;1537.37;2751.4862.63;1600
5.88004;1028.61;509.96;1538.57;2740.7161.43;1600
5.89004;1028.61;509.51;1538.12;2746.4561.88;1600
5.90004;1028.61;509.89;1538.5;2743.8861.5;1600
5.91004;1028.61;515.04;1543.65;2693.556.35;1600
5.92004;1028.61;507.59;1536.2;2769.2863.8;1600
5.93004;1028.61;508.28;1536.89;2763.6463.11;1600
5.94004;1028.61;509.84;1538.45;2749.2761.55;1600
5.95004;1028.61;509.88;1538.49;2750.161.51;1600
5.96004;1028.61;510.78;1539.39;2742.3260.61;1600
5.97004;1028.61;514.55;1543.16;2705.7556.84;1600
5.98004;1028.61;514.85;1543.46;2703.8856.54;1600
5.99004;1028.61;511.92;1540.53;2734.3759.47;1600
6.00004;1028.61;511.71;1540.32;2737.6759.68;1600
6.01004;1028.61;510.12;1538.73;2754.7961.27;1600
6.02004;1028.61;511.15;1539.76;2745.760.24;1600
6.03004;1028.61;518.61;1547.22;2672.1552.78;1600
6.04004;1028.61;510.2;1538.81;2757.4861.19;1600
6.05004;1028.61;511.9;1540.51;2741.6759.49;1600
6.06004;1028.61;510.81;1539.42;2753.7860.58;1600
6.07004;1028.61;510.81;1539.42;2754.9960.58;1600
6.08004;1028.61;510.81;1539.42;2756.260.58;1600
6.09004;1028.61;518.39;1547;2681.4653;1600
6.10004;1028.61;511.52;1540.13;2751.3659.87;1600
6.11004;1028.61;513.62;1542.23;2731.5157.77;1600
6.12005;1028.61;511.58;1540.19;2753.1159.81;1600
6.13005;1028.61;513.51;1542.12;2734.9757.88;1600
6.14005;1028.61;517.15;1545.76;2699.6554.24;1600
6.15005;1028.61;511.62;1540.23;2756.1559.77;1600
6.16005;1028.61;511.93;1540.54;2754.2459.46;1600
6.17005;1028.61;514.48;1543.09;2729.8756.91;1600
6.18005;1028.61;514.41;1543.02;2731.7156.98;1600
6.19005;1028.61;512.16;1540.77;2755.459.23;1600
6.20005;1028.61;514.45;1543.06;2733.6456.94;1600
6.21005;1028.61;511.06;1539.67;2768.7460.33;1600
6.22005;1028.61;511.74;1540.35;2763.1459.65;1600
6.23005;1028.61;515.71;1544.32;2724.5555.68;1600
6.24005;1028.61;513.97;1542.58;2743.157.42;1600
6.25005;1028.61;513.74;1542.35;2746.5557.65;1600
6.26005;1028.61;519.75;1548.36;2687.4851.64;1600
6.27005;1028.61;513.23;1541.84;2753.8558.16;1600
6.28005;1028.61;511.52;1540.13;2772.1559.87;1600
6.29005;1028.61;514.57;1543.18;2742.7856.82;1600
6.30005;1028.61;514.82;1543.43;2741.4156.57;1600
6.31005;1028.61;514.54;1543.15;2745.3556.85;1600
6.32005;1028.61;519.89;1548.5;2692.8851.5;1600
6.33005;1028.61;518.99;1547.6;2702.9352.4;1600
6.34005;1028.61;512.96;1541.57;2764.458.43;1600
6.35005;1028.61;516.28;1544.89;2732.355.11;1600
6.36005;1028.61;516.11;1544.72;2735.155.28;1600
6.37005;1028.61;515.85;1544.46;2738.8255.54;1600
6.38005;1028.61;519.08;1547.69;2707.5652.31;1600
6.39005;1028.61;519.8;1548.41;2701.3951.59;1600
6.40005;1028.61;514.99;1543.6;2750.6256.4;1600
6.41005;1028.61;514.49;1543.1;2756.7656.9;1600
6.42005;1028.61;515.25;1543.86;2750.2856.14;1600
6.43005;1028.61;515.63;1544.24;2747.655.76;1600
6.44005;1028.61;521.97;1550.58;2685.1949.42;1600
6.45005;1028.61;520.21;1548.82;2703.8151.18;1600
6.46005;1028.61;512.94;1541.55;2777.6858.45;1600
6.47005;1028.61;516.94;1545.55;2738.7754.45;1600
6.48005;1028.61;515.42;1544.03;2755.0955.97;1600
6.49005;1028.61;515.73;1544.34;2753.155.66;1600
6.50005;1028.61;517.15;1545.76;2739.9854.24;1600
6.51005;1028.61;521.45;1550.06;2697.9849.94;1600
6.52005;1028.61;514.4;1543.01;2769.6256.99;1600
6.53005;1028.61;518.05;1546.66;2734.1953.34;1600
6.54005;1028.61;518.1;1546.71;2734.7653.29;1600
6.55006;1028.61;517.34;1545.95;2743.4454.05;1600
6.56006;1028.61;517.34;1545.95;2744.5254.05;1600
6.57006;1028.61;521.02;1549.63;2708.7350.37;1600
6.58006;1028.61;515.81;1544.42;2761.9455.58;1600
6.59006;1028.61;518.38;1546.99;2737.353.01;1600
6.60006;1028.61;516.79;1545.4;2754.2954.6;1600
6.61006;1028.61;519.32;1547.93;2730.0352.07;1600
6.62006;1028.61;522.03;1550.64;2703.9249.36;1600
6.63006;1028.61;516.89;1545.5;2756.4154.5;1600
6.64006;1028.61;519.25;1547.86;2733.8552.14;1600
6.65006;1028.61;519.73;1548.34;2730.0851.66;1600
6.66006;1028.61;517.49;1546.1;2753.5653.9;1600
6.67006;1028.61;522.68;1551.29;2702.6448.71;1600
6.68006;1028.61;525.52;1554.13;2675.1545.87;1600
6.69006;1028.61;516.69;1545.3;2764.5554.7;1600
6.70006;1028.61;519.9;1548.51;2733.4851.49;1600
6.71006;1028.61;521.44;1550.05;2719.0849.95;1600
6.72006;1028.61;518.83;1547.44;2746.2352.56;1600
6.73006;1028.61;518.55;1547.16;2750.0852.84;1600
6.74006;1028.61;525.02;1553.63;2686.3146.37;1600
6.75006;1028.61;516.56;1545.17;2772.0154.83;1600
6.76006;1028.61;516.5;1545.11;2773.7154.89;1600
6.77006;1028.61;520.65;1549.26;2733.2250.74;1600
6.78006;1028.61;518.85;1547.46;2752.2752.54;1600
6.79006;1028.61;520.69;1549.3;2734.8950.7;1600
6.80006;1028.61;524.73;1553.34;2695.4246.66;1600
6.81006;1028.61;515.79;1544.4;2785.9355.6;1600
6.82006;1028.61;518.96;1547.57;2755.2852.43;1600
6.83006;1028.61;519.86;1548.47;2747.3151.53;1600
6.84006;1028.61;520.49;1549.1;2742.0350.9;1600
6.85006;1028.61;520.46;1549.07;2743.3550.93;1600
6.86006;1028.61;528;1556.61;2668.8143.39;1600
6.87006;1028.61;517.78;1546.39;2772.0953.61;1600
6.88006;1028.61;519.1;1547.71;2759.9352.29;1600
6.89006;1028.61;521.76;1550.37;2734.3249.63;1600
6.90006;1028.61;520.86;1549.47;2744.3450.53;1600
6.91006;1028.61;521.46;1550.07;2739.3349.93;1600
6.92006;1028.61;525.22;1553.83;2702.6646.17;1600
6.93006;1028.61;524.59;1553.2;2709.8946.8;1600
6.94006;1028.61;519.14;1547.75;2765.4452.25;1600
6.95006;1028.61;522.19;1550.8;2735.9249.2;1600
6.96006;1028.61;520.98;1549.59;2749.0350.41;1600
6.97006;1028.61;520.64;1549.25;2753.4550.75;1600
6.98006;1028.61;526.75;1555.36;2693.2444.64;1600
6.99007;1028.61;528.02;1556.63;2681.4143.37;1600
7.00007;1028.61;520.6;1549.21;2756.6250.79;1600
7.01007;1028.61;521;1549.61;2753.6350.39;1600
7.02007;1028.61;522.8;1551.41;2736.648.59;1600
7.03007;1028.61;521.59;1550.2;2749.749.8;1600
7.04007;1028.61;521.59;1550.2;2750.6949.8;1600
7.05007;1028.61;521.59;1550.2;2751.6949.8;1600
7.06007;1028.61;519.35;1547.96;2775.1352.04;1600
7.07007;1028.61;520.03;1548.64;2769.3651.36;1600
7.08007;1028.61;522.63;1551.24;2744.3348.76;1600
7.09007;1028.61;522.44;1551.05;2747.2148.95;1600
7.10007;1028.61;527.03;1555.64;2702.244.36;1600
7.11007;1028.61;526.03;1554.64;2713.1145.36;1600
7.12007;1028.61;523.47;1552.08;2739.6647.92;1600
7.13007;1028.61;523.25;1551.86;2742.8348.14;1600
7.14007;1028.61;521.99;1550.6;2756.4149.4;1600
7.15007;1028.61;523.23;1551.84;2744.9848.16;1600
7.16007;1028.61;529.03;1557.64;2687.8342.36;1600
7.17007;1028.61;520.87;1549.48;2770.4450.52;1600
7.18007;1028.61;524.81;1553.42;2731.9746.58;1600
7.19007;1028.61;525.22;1553.83;2728.7946.17;1600
7.20007;1028.61;522.64;1551.25;2755.5748.75;1600
7.21007;1028.61;523.5;1552.11;2747.9247.89;1600
7.22007;1028.61;528.49;1557.1;2698.8842.9;1600
7.23007;1028.61;521.82;1550.43;2766.5749.57;1600
7.24007;1028.61;523.19;1551.8;2753.8448.2;1600
7.25007;1028.61;524.86;1553.47;2738.0746.53;1600
7.26007;1028.61;523.09;1551.7;2756.7348.3;1600
7.27007;1028.61;525.74;1554.35;2731.1545.65;1600
7.28007;1028.61;529.41;1558.02;2695.2941.98;1600
7.29007;1028.61;520.27;1548.88;2787.7151.12;1600
7.30007;1028.61;525.16;1553.77;2739.7346.23;1600
7.31007;1028.61;526.42;1555.03;2728.0344.97;1600
7.32007;1028.61;523.61;1552.22;2757.0947.78;1600
7.33007;1028.61;528.27;1556.88;2711.3543.12;1600
7.34007;1028.61;531.69;1560.3;2677.9439.7;1600
7.35007;1028.61;523.19;1551.8;2763.9148.2;1600
7.36007;1028.61;525.08;1553.69;2745.9346.31;1600
7.37007;1028.61;526.56;1555.17;2732.0344.83;1600
7.38007;1028.61;524.78;1553.39;2750.7646.61;1600
7.39007;1028.61;525.68;1554.29;2742.6845.71;1600
7.40007;1028.61;529.78;1558.39;2702.5141.61;1600
7.41007;1028.61;523.04;1551.65;2770.8848.35;1600
7.42007;1028.61;523.12;1551.73;2771.0448.27;1600
7.43008;1028.61;525.06;1553.67;2752.5746.33;1600
7.44008;1028.61;525.29;1553.9;2751.1946.1;1600
7.45008;1028.61;525.66;1554.27;2748.4145.73;1600
7.46008;1028.61;530.84;1559.45;2697.4240.55;1600
7.47008;1028.61;529.25;1557.86;2714.1642.14;1600
7.48008;1028.61;524.12;1552.73;2766.447.27;1600
7.49008;1028.61;526.26;1554.87;2745.9145.13;1600
7.50008;1028.61;526.95;1555.56;2739.944.44;1600
7.51008;1028.61;526.41;1555.02;2746.244.98;1600
7.52008;1028.61;533.1;1561.71;2680.0638.29;1600
7.53008;1028.61;526.1;1554.71;2750.9745.29;1600
7.54008;1028.61;526.16;1554.77;2751.2745.23;1600
7.55008;1028.61;527.68;1556.29;2736.9543.71;1600
7.56008;1028.61;527.68;1556.29;2737.8243.71;1600
7.57008;1028.61;527.68;1556.29;2738.6943.71;1600
7.58008;1028.61;531.35;1559.96;2702.840.04;1600
7.59008;1028.61;526.67;1555.28;2750.4944.72;1600
7.60008;1028.61;527.67;1556.28;2741.3643.72;1600
7.61008;1028.61;526.12;1554.73;2757.7745.27;1600
7.62008;1028.61;527.77;1556.38;2742.1443.62;1600
7.63008;1028.61;531.86;1560.47;2702.0339.53;1600
7.64008;1028.61;525.33;1553.94;2768.2546.06;1600
7.65008;1028.61;528.86;1557.47;2733.842.53;1600
7.66008;1028.61;529.12;1557.73;2732.0542.27;1600
7.67008;1028.61;526.48;1555.09;2759.3544.91;1600
7.68008;1028.61;531.12;1559.73;2713.7540.27;1600
7.69008;1028.61;533.64;1562.25;2689.3137.75;1600
7.70008;1028.61;526.18;1554.79;2764.8145.21;1600
7.71008;1028.61;527.72;1556.33;2750.2943.67;1600
7.72008;1028.61;530.53;1559.14;272340.86;1600
7.73008;1028.61;527.78;1556.39;2751.3843.61;1600
7.74008;1028.61;528.4;1557.01;2746.0442.99;1600
7.75008;1028.61;532.65;1561.26;2704.3138.74;1600
7.76008;1028.61;527.06;1555.67;2761.144.33;1600
7.77008;1028.61;526.75;1555.36;2765.0944.64;1600
7.78008;1028.61;527.92;1556.53;2754.2643.47;1600
7.79008;1028.61;528.07;1556.68;2753.6343.32;1600
7.80008;1028.61;532.98;1561.59;2705.2938.41;1600
7.81008;1028.61;533.03;1561.64;2705.5638.36;1600
7.82008;1028.61;526.03;1554.64;2776.4745.36;1600
7.83008;1028.61;529.55;1558.16;2742.141.84;1600
7.84008;1028.61;527.74;1556.35;2761.0843.65;1600
7.85008;1028.61;527.86;1556.47;2760.7543.53;1600
7.86009;1028.61;531.89;1560.5;2721.2439.5;1600
7.87009;1028.61;532.91;1561.52;2711.8138.48;1600
7.88009;1028.61;528.02;1556.63;2761.5843.37;1600
7.89009;1028.61;530.79;1559.4;2734.6940.6;1600
7.90009;1028.61;529.27;1557.88;2750.7342.12;1600
7.91009;1028.61;528.21;1556.82;2762.1943.18;1600
7.92009;1028.61;530.09;1558.7;2744.2241.3;1600
7.93009;1028.61;526.64;1555.25;2779.6144.75;1600
7.94009;1028.61;528.24;1556.85;2764.4843.15;1600
7.95009;1028.61;531.63;1560.24;2731.3739.76;1600
7.96009;1028.61;529.32;1557.93;2755.3142.07;1600
7.97009;1028.61;529.04;1557.65;2758.9642.35;1600
7.98009;1028.61;536.39;1565;2686.1635;1600
7.99009;1028.61;527.16;1555.77;2779.3544.23;1600
8.00009;1028.61;526.74;1555.35;2784.4444.65;1600
8.01009;1028.61;529.94;1558.55;2753.2741.45;1600
8.02009;1028.61;530.13;1558.74;2752.1941.26;1600
8.03009;1028.61;530.24;1558.85;2751.9241.15;1600
8.04009;1028.61;535.55;1564.16;2699.5335.84;1600
8.05009;1028.61;533.33;1561.94;2722.4938.06;1600
8.06009;1028.61;528.64;1557.25;2770.2542.75;1600
8.07009;1028.61;531.31;1559.92;2744.3540.08;1600
8.08009;1028.61;531.31;1559.92;2745.1540.08;1600
8.09009;1028.61;530.92;1559.53;2749.8640.47;1600
8.10009;1028.61;536.76;1565.37;2692.1534.63;1600
8.11009;1028.61;531.34;1559.95;2747.1540.05;1600
8.12009;1028.61;532.62;1561.23;2735.1338.77;1600
8.13009;1028.61;529.92;1558.53;2762.9641.47;1600
8.14009;1028.61;531.14;1559.75;2751.5640.25;1600
8.15009;1028.61;534.45;1563.06;2719.236.94;1600
8.16009;1028.61;528.19;1556.8;2782.6743.2;1600
8.17009;1028.61;533.1;1561.71;2734.3338.29;1600
8.18009;1028.61;532.17;1560.78;2744.4239.22;1600
8.19009;1028.61;530.66;1559.27;2760.3340.73;1600
8.20009;1028.61;536.39;1565;2703.7335;1600
8.21009;1028.61;535.47;1564.08;2713.6535.92;1600
8.22009;1028.61;528.28;1556.89;2786.4143.11;1600
8.23009;1028.61;532.89;1561.5;2741.0838.5;1600
8.24009;1028.61;533.36;1561.97;2737.1438.03;1600
8.25009;1028.61;530.99;1559.6;2761.6540.4;1600
8.26009;1028.61;537.02;1565.63;2702.0434.37;1600
8.27009;1028.61;538.91;1567.52;2683.7932.48;1600
8.28009;1028.61;530.27;1558.88;2771.0141.12;1600
8.29009;1028.61;533.12;1561.73;2743.2838.27;1600
8.30009;1028.61;534.49;1563.1;2730.3136.9;1600
8.31009;1028.61;532.35;1560.96;2752.4939.04;1600
8.3201;1028.61;533.2;1561.81;2744.7638.19;1600
8.3301;1028.61;536.79;1565.4;2709.5534.6;1600
8.3401;1028.61;531.25;1559.86;2765.7540.14;1600
8.3501;1028.61;531.18;1559.79;2767.2640.21;1600
8.3601;1028.61;532.25;1560.86;2757.3439.14;1600
8.3701;1028.61;532.24;1560.85;2758.2239.15;1600
8.3801;1028.61;536.56;1565.17;2715.7234.83;1600
8.3901;1028.61;537.09;1565.7;2711.1134.3;1600
8.4001;1028.61;528.98;1557.59;2793.0542.41;1600
8.4101;1028.61;533.47;1562.08;2748.9137.92;1600
8.4201;1028.61;532.1;1560.71;2763.439.29;1600
8.4301;1028.61;531.9;1560.51;2766.1939.49;1600
8.4401;1028.61;534.78;1563.39;2738.1236.61;1600
8.4501;1028.61;537.72;1566.33;2709.3933.67;1600
8.4601;1028.61;532.04;1560.65;2766.9839.35;1600
8.4701;1028.61;534.68;1563.29;2741.3236.71;1600
8.4801;1028.61;534.01;1562.62;2748.7637.38;1600
8.4901;1028.61;531.87;1560.48;2770.9539.52;1600
8.5001;1028.61;533.58;1562.19;2754.6137.81;1600
8.5101;1028.61;531.57;1560.18;2775.5139.82;1600
8.5201;1028.61;530.86;1559.47;2783.4240.53;1600
8.5301;1028.61;535.72;1564.33;2735.5335.67;1600
8.5401;1028.61;533.76;1562.37;2755.8837.63;1600
8.5501;1028.61;532.56;1561.17;2768.6638.83;1600
8.5601;1028.61;540.86;1569.47;2686.2730.53;1600
8.5701;1028.61;531.32;1559.93;2782.4740.07;1600
8.5801;1028.61;530.66;1559.27;2789.8940.73;1600
8.5901;1028.61;533.87;1562.48;2758.5437.52;1600
8.6001;1028.61;534.21;1562.82;2755.8837.18;1600
8.6101;1028.61;539.15;1567.76;2707.1232.24;1600
8.6201;1028.61;539.15;1567.76;2707.7732.24;1600
8.6301;1028.61;535.3;1563.91;2746.9936.09;1600
8.6401;1028.61;534.22;1562.83;2758.5337.17;1600
8.6501;1028.61;534.45;1563.06;2756.9736.94;1600
8.6601;1028.61;534.56;1563.17;2756.6136.83;1600
8.6701;1028.61;539.42;1568.03;2708.6531.97;1600
8.6801;1028.61;531.29;1559.9;2790.7540.1;1600
8.6901;1028.61;535.4;1564.01;2750.3735.99;1600
8.7001;1028.61;536.29;1564.9;2742.1735.1;1600
8.7101;1028.61;533.7;1562.31;2768.8337.69;1600
8.7201;1028.61;534.96;1563.57;2756.9636.43;1600
8.7301;1028.61;539.13;1567.74;2715.932.26;1600
8.7401;1028.61;533.42;1562.03;2773.7637.97;1600
8.7501;1028.61;535.48;1564.09;2753.8835.91;1600
8.76011;1028.61;535.71;1564.32;2752.2935.68;1600
8.77011;1028.61;533.92;1562.53;2770.9437.47;1600
8.78011;1028.61;535.06;1563.67;2760.2736.33;1600
8.79011;1028.61;539.91;1568.52;2712.431.48;1600
8.80011;1028.61;535.53;1564.14;2756.9135.86;1600
8.81011;1028.61;536.76;1565.37;2745.3134.63;1600
8.82011;1028.61;536.95;1565.56;2744.134.44;1600
8.83011;1028.61;534.64;1563.25;2767.9336.75;1600
8.84011;1028.61;540.49;1569.1;2710.0530.9;1600
8.85011;1028.61;542.45;1571.06;2691.0328.94;1600
8.86011;1028.61;533.65;1562.26;2779.7837.74;1600
8.87011;1028.61;536.69;1565.3;2750.0834.7;1600
8.88011;1028.61;538.12;1566.73;2736.4433.27;1600
8.89011;1028.61;535.89;1564.5;2759.4535.5;1600
8.90011;1028.61;537.22;1565.83;2746.8434.17;1600
8.91011;1028.61;540.13;1568.74;2718.3631.26;1600
8.92011;1028.61;534.59;1563.2;2774.536.8;1600
8.93011;1028.61;534.29;1562.9;2778.2437.1;1600
8.94011;1028.61;535.69;1564.3;2764.9535.7;1600
8.95011;1028.61;535.42;1564.03;2768.3735.97;1600
8.96011;1028.61;541.1;1569.71;2712.1830.29;1600
8.97011;1028.61;540.15;1568.76;2722.331.24;1600
8.98011;1028.61;531.94;1560.55;2805.1939.45;1600
8.99011;1028.61;536.57;1565.18;2759.5934.82;1600
9.00011;1028.61;535.4;1564.01;2772.0135.99;1600
9.01011;1028.61;535.43;1564.04;2772.4335.96;1600
9.02011;1028.61;537.78;1566.39;2749.633.61;1600
9.03011;1028.61;541.24;1569.85;2715.630.15;1600
9.04011;1028.61;535.33;1563.94;2775.4236.06;1600
9.05011;1028.61;537.84;1566.45;2750.9933.55;1600
9.06011;1028.61;537.02;1565.63;2759.8834.37;1600
9.07011;1028.61;535.19;1563.8;2778.9136.2;1600
9.08011;1028.61;536.93;1565.54;2762.1934.46;1600
9.09011;1028.61;534.2;1562.81;2790.2437.19;1600
9.10011;1028.61;539.09;1567.7;2741.9832.3;1600
9.11011;1028.61;539.09;1567.7;2742.6332.3;1600
9.12011;1028.61;536.3;1564.91;2771.2335.09;1600
9.13011;1028.61;543.54;1572.15;2699.3927.85;1600
9.14011;1028.61;534.55;1563.16;2790.0336.84;1600
9.15011;1028.61;534.41;1563.02;2792.1736.98;1600
9.16011;1028.61;537.16;1565.77;2765.3534.23;1600
9.17011;1028.61;537.23;1565.84;2765.3334.16;1600
9.18011;1028.61;538.74;1567.35;2750.8932.65;1600
9.19011;1028.61;542.22;1570.83;2716.6729.17;1600
9.20012;1028.61;533.68;1562.29;2802.8237.71;1600
9.21012;1028.61;538.25;1566.86;2757.7933.14;1600
9.22012;1028.61;536.68;1565.29;2774.1834.71;1600
9.23012;1028.61;536.87;1565.48;2772.9734.52;1600
9.24012;1028.61;541.1;1569.71;2731.2830.29;1600
9.25012;1028.61;540.12;1568.73;2741.731.27;1600
9.26012;1028.61;536.99;1565.6;2773.6934.4;1600
9.27012;1028.61;539.68;1568.29;2747.4331.71;1600
9.28012;1028.61;538.09;1566.7;2763.9933.3;1600
9.29012;1028.61;537.39;1566;2771.6734;1600
9.30012;1028.61;540.39;1569;2742.2931;1600
9.31012;1028.61;536.22;1564.83;2784.6935.17;1600
9.32012;1028.61;537.21;1565.82;2775.4834.18;1600
9.33012;1028.61;540.28;1568.89;2745.431.11;1600
9.34012;1028.61;538.16;1566.77;2767.2633.23;1600
9.35012;1028.61;538.36;1566.97;2765.9333.03;1600
9.36012;1028.61;544.16;1572.77;2708.4727.23;1600
9.37012;1028.61;537.36;1565.97;2777.1534.03;1600
9.38012;1028.61;536.66;1565.27;2784.8534.73;1600
9.39012;1028.61;537.75;1566.36;2774.6233.64;1600
9.40012;1028.61;537.97;1566.58;2773.0933.42;1600
9.41012;1028.61;540.66;1569.27;2746.830.73;1600
9.42012;1028.61;542.47;1571.08;2729.2828.92;1600
9.43012;1028.61;535.42;1564.03;2800.535.97;1600
9.44012;1028.61;539.96;1568.57;2755.7331.43;1600
9.45012;1028.61;538.26;1566.87;2773.3933.13;1600
9.46012;1028.61;537.34;1565.95;2783.2734.05;1600
9.47012;1028.61;540.95;1569.56;2747.7830.44;1600
9.48012;1028.61;541.3;1569.91;2744.8830.09;1600
9.49012;1028.61;537.82;1566.43;2780.3533.57;1600
9.50012;1028.61;540.86;1569.47;2750.5630.53;1600
9.51012;1028.61;540.55;1569.16;2754.2830.84;1600
9.52012;1028.61;538.45;1567.06;2775.9432.94;1600
9.53012;1028.61;543.27;1571.88;2728.328.12;1600
9.54012;1028.61;537.45;1566.06;2787.1833.94;1600
9.55012;1028.61;537.87;1566.48;2783.6533.52;1600
9.56012;1028.61;540.76;1569.37;2755.3630.63;1600
9.57012;1028.61;539.45;1568.06;2769.131.94;1600
9.58012;1028.61;539.83;1568.44;2765.9331.56;1600
9.59012;1028.61;545.07;1573.68;2714.0626.32;1600
9.60012;1028.61;545.07;1573.68;2714.5926.32;1600
9.61012;1028.61;537.88;1566.49;2787.1633.51;1600
9.62012;1028.61;538.81;1567.42;2778.5132.58;1600
9.63013;1028.61;545.05;1573.66;2716.6326.34;1600
9.64013;1028.61;538.1;1566.71;2786.833.29;1600
9.65013;1028.61;535.77;1564.38;2810.8135.62;1600
9.66013;1028.61;541.79;1570.4;2751.2129.6;1600
9.67013;1028.61;539.47;1568.08;2775.0431.92;1600
9.68013;1028.61;542.73;1571.34;2743.0228.66;1600
9.69013;1028.61;544.83;1573.44;2722.5526.56;1600
9.70013;1028.61;536.98;1565.59;2801.7434.41;1600
9.71013;1028.61;541.11;1569.72;2761.0430.28;1600
9.72013;1028.61;540.23;1568.84;2770.4631.16;1600
9.73013;1028.61;539.57;1568.18;2777.731.82;1600
9.74013;1028.61;546.51;1575.12;2708.824.88;1600
9.75013;1028.61;545.11;1573.72;2723.3226.28;1600
9.76013;1028.61;541.42;1570.03;2760.8229.97;1600
9.77013;1028.61;542.13;1570.74;2754.3129.26;1600
9.78013;1028.61;539.78;1568.39;2778.4431.61;1600
9.79013;1028.61;541.78;1570.39;2759.0329.61;1600
9.80013;1028.61;545.43;1574.04;2723.0525.96;1600
9.81013;1028.61;537.6;1566.21;2802.0333.79;1600
9.82013;1028.61;540.69;1569.3;2771.7430.7;1600
9.83013;1028.61;543.74;1572.35;2741.827.65;1600
9.84013;1028.61;540.51;1569.12;2774.7130.88;1600
9.85013;1028.61;541.67;1570.28;2763.7129.72;1600
9.86013;1028.61;545.6;1574.21;2724.9225.79;1600
9.87013;1028.61;539.75;1568.36;2784.0631.64;1600
9.88013;1028.61;539.89;1568.5;2783.2931.5;1600
9.89013;1028.61;541.48;1570.09;2767.9829.91;1600
9.90013;1028.61;540.81;1569.42;2775.330.58;1600
9.91013;1028.61;545.79;1574.4;2726.0125.6;1600
9.92013;1028.61;544.16;1572.77;2742.8527.23;1600
9.93013;1028.61;540.43;1569.04;2780.7730.96;1600
9.94013;1028.61;542.2;1570.81;2763.6629.19;1600
9.95013;1028.61;540.47;1569.08;2781.5730.92;1600
9.96013;1028.61;543.27;1571.88;2754.1428.12;1600
9.97013;1028.61;545.95;1574.56;2727.8525.44;1600
9.98013;1028.61;538.25;1566.86;2805.5133.14;1600
9.99013;1028.61;542.82;1571.43;2760.3828.57;1600
