0;1041.38;-18.753;1022.63;1706.67;2.1106;2.1122
0.01;1041.38;-18.6236;1022.76;1706.67;2.142;2.1122
0.02;1041.38;-18.5594;1022.83;1706.67;2.3173;2.1122
0.03;1041.38;-15.0503;1026.33;1706.67;2.8524;2.1122
0.04;1041.38;-7.19511;1034.19;1706.67;4.1341;2.1122
0.05;1041.38;2.0887;1043.47;1706.67;4.7953;2.1122
0.06;1041.38;10.665;1052.05;1706.67;3.4729;2.1122
0.07;1041.38;16.9251;1058.31;1706.67;3.0287;2.1122
0.08;1041.38;25.6787;1067.06;1706.67;4.1032;2.1122
0.09;1041.38;36.2911;1077.68;1706.67;5.0751;2.1122
0.1;1041.38;42.7135;1084.1;1706.67;6.19;2.1122
0.11;1041.38;54.3177;1095.7;1706.67;4.6;2.1122
0.12;1041.38;62.5238;1103.91;1706.67;3.7649;2.1122
0.13;1041.38;69.6306;1111.02;1706.67;4.415;2.1122
0.14;1041.38;78.346;1119.73;1706.67;8.8871;2.1122
0.15;1041.38;84.5035;1125.89;1706.67;10.5799;2.1122
0.16;1041.38;91.8526;1133.24;1706.67;10.8245;2.1122
0.17;1041.38;95.588;1136.97;1706.67;11.0277;2.1122
0.18;1041.38;102.689;1144.07;1706.67;10.607;2.1122
0.19;1041.38;112.74;1154.12;1706.67;10.5225;2.1122
0.2;1041.38;119.349;1160.73;1706.67;10.9989;2.1122
0.21;1041.38;124.648;1166.03;1706.67;11.2402;2.1122
0.22;1041.38;128.699;1170.08;1706.67;11.8548;2.1122
0.23;1041.38;134.167;1175.55;1706.67;13.0426;2.1122
0.24;1041.38;139.448;1180.83;1706.67;13.4047;2.1122
0.25;1041.38;145.422;1186.81;1706.67;13.2564;2.1122
0.26;1041.38;156.1;1197.48;1706.67;13.083;2.1122
0.27;1041.38;158.615;1200;1706.67;13.874;2.1122
0.28;1041.38;165.972;1207.36;1706.67;15.4651;2.1122
0.29;1041.38;170.248;1211.63;1706.67;16.4123;2.1122
0.3;1041.38;173.337;1214.72;1706.67;15.9737;2.1122
0.31;1041.38;176.885;1218.27;1706.67;15.3826;2.1122
0.32;1041.38;181.462;1222.85;1706.67;13.9455;2.1122
0.33;1041.38;185.204;1226.59;1706.67;13.022;2.1122
0.34;1041.38;189.672;1231.06;1706.67;12.6021;2.1122
0.35;1041.38;193.642;1235.03;1706.67;12.422;2.1122
0.36;1041.38;196.534;1237.92;1706.67;13.8115;2.1122
0.37;1041.38;203.928;1245.31;1706.67;14.9656;2.1122
0.38;1041.38;205.317;1246.7;1706.67;15.6504;2.1122
0.39;1041.38;209.489;1250.87;1706.67;15.5883;2.1122
0.4;1041.38;214.563;1255.95;1706.67;16.8188;2.1122
0.41;1041.38;217.283;1258.67;1706.67;16.3395;2.1122
0.42;1041.38;219.56;1260.94;1706.67;16.0597;2.1122
0.43;1041.38;224.562;1265.95;1706.67;16.9336;2.1122
0.44;1041.38;228.366;1269.75;1706.67;16.6373;2.1122
0.45;1041.38;231.813;1273.2;1706.67;15.4078;2.1122
0.46;1041.38;234.832;1276.22;1706.67;13.7953;2.1122
0.47;1041.38;239.189;1280.57;1706.67;12.8684;2.1122
0.48;1041.38;245.041;1286.43;1706.67;11.746;2.1122
0.49;1041.38;246.858;1288.24;1706.67;11.7635;2.1122
0.5;1041.38;251.457;1292.84;1706.67;11.7816;2.1122
0.51;1041.38;253.979;1295.36;1706.67;12.141;2.1122
0.52;1041.38;257.11;1298.49;1706.67;12.6585;2.1122
0.53;1041.38;260.416;1301.8;1706.67;15.6909;2.1122
0.54;1041.38;263.861;1305.25;1706.67;21.7232;2.1122
0.55;1041.38;266.641;1308.03;1706.67;25.6808;2.1122
0.56;1041.38;271.814;1313.2;1706.67;30.4725;2.1122
0.57;1041.38;268.687;1310.07;1706.67;32.0952;2.1122
0.58;1041.38;271.204;1312.59;1706.67;30.8309;2.1122
0.59;1041.38;272.166;1313.55;1706.67;29.0935;2.1122
0.6;1041.38;276.221;1317.61;1706.67;26.0236;2.1122
0.61;1041.38;278.672;1320.06;1706.67;23.6456;2.1122
0.62;1041.38;283.848;1325.23;1706.67;22.0118;2.1122
0.63;1041.38;290.062;1331.45;1706.67;20.4642;2.1122
0.64;1041.38;288.775;1330.16;1706.67;16.9947;2.1122
0.65;1041.38;289.933;1331.32;1706.67;18.6758;2.1122
0.66;1041.38;295.577;1336.96;1706.67;22.6368;2.1122
0.67;1041.38;296.185;1337.57;1706.67;28.6632;2.1122
0.68;1041.38;297.194;1338.58;1706.67;31.6045;2.1122
0.69;1041.38;300.125;1341.51;1706.67;34.0608;2.1122
0.7;1041.38;300.809;1342.19;1706.67;34.0778;2.1122
0.71;1041.38;304.415;1345.8;1706.67;32.6677;2.1122
0.72;1041.38;302.579;1343.96;1706.67;31.4107;2.1122
0.73;1041.38;308.463;1349.85;1706.67;30.9134;2.1122
0.74;1041.38;308.758;1350.14;1706.67;28.9047;2.1122
0.75;1041.38;310.888;1352.27;1706.67;27.7938;2.1122
0.76;1041.38;314.777;1356.16;1706.67;26.6842;2.1122
0.77;1041.38;315.704;1357.09;1706.67;25.3563;2.1122
0.78;1041.38;317.088;1358.47;1706.67;24.7223;2.1122
0.79;1041.38;320.016;1361.4;1706.67;25.6605;2.1122
0.8;1041.38;319.965;1361.35;1706.67;26.5711;2.1122
0.81;1041.38;323.318;1364.7;1706.67;27.433;2.1122
0.82;1041.38;325.471;1366.86;1706.67;27.7896;2.1122
0.83;1041.38;326.084;1367.47;1706.67;27.2584;2.1122
0.839999;1041.38;330.408;1371.79;1706.67;26.246;2.1122
0.849999;1041.38;328.577;1369.96;1706.67;28.6025;2.1122
0.859999;1041.38;329.941;1371.33;1706.67;28.418;2.1122
0.869999;1041.38;333.809;1375.19;1706.67;29.7123;2.1122
0.879999;1041.38;334.678;1376.06;1706.67;29.7934;2.1122
0.889999;1041.38;336.744;1378.13;1706.67;29.5877;2.1122
0.899999;1041.38;341.496;1382.88;1706.67;30.3794;2.1122
0.909999;1041.38;339.67;1381.05;1706.67;27.8195;2.1122
0.919999;1041.38;341.214;1382.6;1706.67;27.6316;2.1122
0.929999;1041.38;343.247;1384.63;1706.67;28.2052;2.1122
0.939999;1041.38;343.252;1384.64;1706.67;28.0931;2.1122
0.949999;1041.38;347.989;1389.37;1706.67;28.5702;2.1122
0.959999;1041.38;349.382;1390.77;1706.67;27.8233;2.1122
0.969999;1041.38;348.717;1390.1;1706.67;26.5316;2.1122
0.979999;1041.38;352.811;1394.2;1706.67;28.2273;2.1122
0.989999;1041.38;351.713;1393.1;1706.67;27.8584;2.1122
0.999999;1041.38;353.254;1394.64;1706.67;27.8171;2.1122
1.01;1041.38;358.204;1399.59;1706.67;27.8701;2.1122
1.02;1041.38;356.931;1398.32;1706.67;26.9643;2.1122
1.03;1041.38;357.14;1398.52;1706.67;26.4184;2.1122
1.04;1041.38;362.284;1403.67;1706.67;29.5754;2.1122
1.05;1041.38;360.064;1401.45;1706.67;29.431;2.1122
1.06;1041.38;363.683;1405.07;1706.67;30.386;2.1122
1.07;1041.38;365.301;1406.69;1706.67;30.3582;2.1122
1.08;1041.38;363.736;1405.12;1706.67;29.2275;2.1122
1.09;1041.38;370.68;1412.06;1706.67;30.2588;2.1122
1.1;1041.38;369.013;1410.4;1706.67;31.1487;2.1122
1.11;1041.38;368.81;1410.19;1706.67;31.3314;2.1122
1.12;1041.38;372.286;1413.67;1706.67;31.61;2.1122
1.13;1041.38;371.597;1412.98;1706.67;31.8897;2.1122
1.14;1041.38;372.587;1413.97;1706.67;31.4468;2.1122
1.15;1041.38;380.016;1421.4;1706.67;31.5801;2.1122
1.16;1041.38;375.195;1416.58;1706.67;31.5499;2.1122
1.17;1041.38;376.953;1418.34;1706.67;28.4424;2.1122
1.18;1041.38;379.162;1420.55;1706.67;30.1327;2.1122
1.19;1041.38;378.105;1419.49;1706.67;29.9668;2.1122
1.2;1041.38;383.271;1424.66;1706.67;30.2435;2.1122
1.21;1041.38;385.055;1426.44;1706.67;29.6953;2.1122
1.22;1041.38;379.154;1420.54;1706.67;27.9064;2.1122
1.23;1041.38;387.455;1428.84;1706.67;30.6405;2.1122
1.24;1041.38;385.823;1427.21;1706.67;28.5726;2.1122
1.25;1041.38;386.286;1427.67;1706.67;30.0291;2.1122
1.26;1041.38;391.271;1432.66;1706.67;30.0235;2.1122
1.27;1041.38;389.104;1430.49;1706.67;30.3368;2.1122
1.28;1041.38;388.1;1429.48;1706.67;29.1902;2.1122
1.29;1041.38;396.018;1437.4;1706.67;29.9025;2.1122
1.3;1041.38;392.012;1433.4;1706.67;30.486;2.1122
1.31;1041.38;394.588;1435.97;1706.67;30.8013;2.1122
1.32;1041.38;396.859;1438.24;1706.67;31.4068;2.1122
1.33;1041.38;394.726;1436.11;1706.67;31.1228;2.1122
1.34;1041.38;400.845;1442.23;1706.67;32.1438;2.1122
1.35;1041.38;401.796;1443.18;1706.67;32.651;2.1122
1.36;1041.38;398.174;1439.56;1706.67;34.0558;2.1122
1.37;1041.38;400.077;1441.46;1706.67;33.889;2.1122
1.38;1041.38;401.522;1442.91;1706.67;33.4358;2.1122
1.39;1041.38;401.849;1443.23;1706.67;33.5518;2.1122
1.4;1041.38;407.126;1448.51;1706.67;33.1305;2.1122
1.41;1041.38;403.941;1445.33;1706.67;33.0219;2.1122
1.42;1041.38;403.971;1445.36;1706.67;32.3447;2.1122
1.43;1041.38;406.024;1447.41;1706.67;32.3098;2.1122
1.44;1041.38;407.17;1448.55;1706.67;32.6239;2.1122
1.45;1041.38;409.673;1451.06;1706.67;32.3969;2.1122
1.46;1041.38;411.974;1453.36;1706.67;32.8106;2.1122
1.47;1041.38;409.93;1451.31;1706.67;31.5402;2.1122
1.48;1041.38;414.509;1455.89;1706.67;30.8832;2.1122
1.49;1041.38;411.936;1453.32;1706.67;30.1496;2.1122
1.5;1041.38;412.527;1453.91;1706.67;30.5316;2.1122
1.51;1041.38;413.881;1455.27;1706.67;30.0756;2.1122
1.52;1041.38;416.271;1457.66;1706.67;30.4788;2.1122
1.53;1041.38;414.998;1456.38;1706.67;30.5625;2.1122
1.54;1041.38;419.76;1461.14;1706.67;28.5745;2.1122
1.55;1041.38;417.718;1459.1;1706.67;30.3759;2.1122
1.56;1041.38;417.918;1459.3;1706.67;30.5715;2.1122
1.57;1041.38;419.553;1460.94;1706.67;30.7198;2.1122
1.58;1041.38;420.93;1462.31;1706.67;30.4836;2.1122
1.59;1041.38;422.951;1464.34;1706.67;31.8219;2.1122
1.6;1041.38;424.934;1466.32;1706.67;31.1077;2.1122
1.61;1041.38;421.819;1463.2;1706.67;35.4656;2.1122
1.62;1041.38;421.84;1463.22;1706.67;34.7616;2.1122
1.63;1041.38;424.941;1466.33;1706.67;34.7678;2.1122
1.64;1041.38;425.337;1466.72;1706.67;35.3741;2.1122
1.65;1041.38;425.323;1466.71;1706.67;34.7411;2.1122
1.66;1041.38;427.544;1468.93;1706.67;35.5469;2.1122
1.67;1041.38;425.376;1466.76;1706.67;35.708;2.1122
1.68;1041.38;426.18;1467.56;1706.67;35.2101;2.1122
1.69;1041.38;429.719;1471.1;1706.67;35.9656;2.1122
1.7;1041.38;429.092;1470.48;1706.67;35.2616;2.1122
1.71;1041.38;430.279;1471.66;1706.67;35.0819;2.1122
1.72;1041.38;434.348;1475.73;1706.67;34.5995;2.1122
1.73;1041.38;432.296;1473.68;1706.67;33.1305;2.1122
1.74;1041.38;431.496;1472.88;1706.67;32.4583;2.1122
1.75;1041.38;433.114;1474.5;1706.67;33.065;2.1122
1.76;1041.38;431.615;1473;1706.67;32.4437;2.1122
1.77;1041.38;436.366;1477.75;1706.67;32.6955;2.1122
1.78;1041.38;437.552;1478.94;1706.67;33.2338;2.1122
1.79;1041.38;432.803;1474.19;1706.67;31.0081;2.1122
1.8;1041.38;437.943;1479.33;1706.67;33.239;2.1122
1.81;1041.38;435.94;1477.32;1706.67;32.4924;2.1122
1.82;1041.38;436.111;1477.5;1706.67;32.55;2.1122
1.83;1041.38;440.878;1482.26;1706.67;32.0707;2.1122
1.84;1041.38;438.476;1479.86;1706.67;32.2469;2.1122
1.85;1041.38;436.458;1477.84;1706.67;31.0692;2.1122
1.86;1041.38;446.072;1487.46;1706.67;30.9259;2.1122
1.87;1041.38;440.653;1482.04;1706.67;32.0498;2.1122
1.88;1041.38;441.995;1483.38;1706.67;32.7397;2.1122
1.89;1041.38;443.902;1485.29;1706.67;33.1171;2.1122
1.9;1041.38;441.374;1482.76;1706.67;32.5828;2.1122
1.91;1041.38;447.265;1488.65;1706.67;33.4245;2.1122
1.92;1041.38;447.402;1488.79;1706.67;34.5712;2.1122
1.93;1041.38;443.224;1484.61;1706.67;35.7331;2.1122
1.94;1041.38;445.098;1486.48;1706.67;35.8138;2.1122
1.95;1041.38;445.384;1486.77;1706.67;35.7505;2.1122
1.96;1041.38;445.045;1486.43;1706.67;35.6522;2.1122
1.97;1041.38;450.981;1492.37;1706.67;35.8582;2.1122
1.98;1041.38;446.162;1487.55;1706.67;35.5534;2.1122
1.99;1041.38;446.456;1487.84;1706.67;35.9147;2.1122
2;1041.38;447.917;1489.3;1706.67;35.7373;2.1122
2.01;1041.38;449.359;1490.74;1706.67;35.898;2.1122
2.02;1041.38;450.584;1491.97;1706.67;35.4039;2.1122
2.03;1041.38;452.551;1493.94;1706.67;35.223;2.1122
2.04;1041.38;450.794;1492.18;1706.67;33.5293;2.1122
2.05;1041.38;454.815;1496.2;1706.67;33.4154;2.1122
2.06;1041.38;451.437;1492.82;1706.67;32.7414;2.1122
2.07;1041.38;452.173;1493.56;1706.67;33.7767;2.1122
2.08;1041.38;452.124;1493.51;1706.67;33.2408;2.1122
2.09;1041.38;454.364;1495.75;1706.67;33.2134;2.1122
2.1;1041.38;453.215;1494.6;1706.67;32.9926;2.1122
2.11;1041.38;455.78;1497.16;1706.67;30.9436;2.1122
2.12;1041.38;455.145;1496.53;1706.67;33.542;2.1122
2.13;1041.38;454.667;1496.05;1706.67;33.4594;2.1122
2.14;1041.38;455.005;1496.39;1706.67;33.297;2.1122
2.15;1041.38;458.4;1499.78;1706.67;33.1071;2.1122
2.16;1041.38;457.546;1498.93;1706.67;33.0462;2.1122
2.17;1041.38;457.396;1498.78;1706.67;31.9869;2.1122
2.18;1041.38;458.988;1500.37;1706.67;36.017;2.1122
2.19;1041.38;456.782;1498.17;1706.67;35.2733;2.1122
2.2;1041.38;459.513;1500.9;1706.67;35.7766;2.1122
2.21;1041.38;460.711;1502.1;1706.67;36.4444;2.1122
2.22;1041.38;458.137;1499.52;1706.67;35.6574;2.1122
2.23;1041.38;463.212;1504.6;1706.67;36.4782;2.1122
2.24;1041.38;460.858;1502.24;1706.67;37.3006;2.1122
2.25;1041.38;459.058;1500.44;1706.67;36.8445;2.1122
2.26;1041.38;462.366;1503.75;1706.67;37.8067;2.1122
2.27;1041.38;461.173;1502.56;1706.67;37.2109;2.1122
2.28;1041.38;461.277;1502.66;1706.67;37.0093;2.1122
2.29;1041.38;467.42;1508.8;1706.67;36.6837;2.1122
2.3;1041.38;462.396;1503.78;1706.67;35.17;2.1122
2.31;1041.38;462.71;1504.09;1706.67;34.4972;2.1122
2.32;1041.38;464.127;1505.51;1706.67;34.7479;2.1122
2.33;1041.38;462.632;1504.02;1706.67;34.2195;2.1122
2.34;1041.38;466.876;1508.26;1706.67;34.3737;2.1122
2.35;1041.38;468.247;1509.63;1706.67;35.2296;2.1122
2.36;1041.38;460.489;1501.87;1706.67;33.5044;2.1122
2.37;1041.38;468.57;1509.95;1706.67;35.6415;2.1122
2.38;1041.38;465.354;1506.74;1706.67;34.6552;2.1122
2.39;1041.38;465.403;1506.79;1706.67;34.887;2.1122
2.4;1041.38;468.835;1510.22;1706.67;34.3234;2.1122
2.41;1041.38;466.951;1508.33;1706.67;34.1724;2.1122
2.42;1041.38;464.46;1505.84;1706.67;32.8861;2.1122
2.43;1041.38;474.04;1515.42;1706.67;33.3714;2.1122
2.44;1041.38;467.796;1509.18;1706.67;34.4798;2.1122
2.45;1041.38;468.858;1510.24;1706.67;35.1355;2.1122
2.46;1041.38;470.042;1511.43;1706.67;35.2177;2.1122
2.47;1041.38;469.339;1510.72;1706.67;34.5587;2.1122
2.48;1041.38;472.887;1514.27;1706.67;35.454;2.1122
2.49;1041.38;474.339;1515.72;1706.67;34.2001;2.1122
2.5;1041.38;469.515;1510.9;1706.67;35.865;2.1122
2.51;1041.38;470.204;1511.59;1706.67;36.008;2.1122
2.52;1041.38;471.171;1512.56;1706.67;36.4919;2.1122
2.53;1041.38;471.34;1512.72;1706.67;37.1142;2.1122
2.54;1041.38;473.646;1515.03;1706.67;37.4708;2.1122
2.55;1041.38;472.112;1513.5;1706.67;37.3359;2.1122
2.56;1041.38;470.804;1512.19;1706.67;37.7413;2.1122
2.57;1041.38;471.583;1512.97;1706.67;37.3261;2.1122
2.58;1041.38;473.787;1515.17;1706.67;37.9035;2.1122
2.59;1041.38;473.887;1515.27;1706.67;37.2954;2.1122
2.6;1041.38;474.587;1515.97;1706.67;37.1338;2.1122
2.61;1041.38;475.51;1516.89;1706.67;36.923;2.1122
2.62;1041.38;476.6;1517.98;1706.67;35.986;2.1122
2.63;1041.38;474.368;1515.75;1706.67;35.0309;2.1122
2.64;1041.38;475.616;1517;1706.67;35.7114;2.1122
2.65;1041.38;473.605;1514.99;1706.67;35.2006;2.1122
2.66;1041.38;477.125;1518.51;1706.67;35.0112;2.1122
2.67;1041.38;477.074;1518.46;1706.67;35.2029;2.1122
2.68;1041.38;476.015;1517.4;1706.67;32.9707;2.1122
2.69;1041.38;477.025;1518.41;1706.67;35.4586;2.1122
2.7;1041.38;475.766;1517.15;1706.67;34.9976;2.1122
2.71;1041.38;475.775;1517.16;1706.67;34.7619;2.1122
2.72;1041.38;479.765;1521.15;1706.67;34.5465;2.1122
2.73;1041.38;477.677;1519.06;1706.67;34.5489;2.1122
2.74;1041.38;475.993;1517.38;1706.67;33.3714;2.1122
2.75;1041.38;481.074;1522.46;1706.67;36.5941;2.1122
2.76;1041.38;477.207;1518.59;1706.67;35.9;2.1122
2.77;1041.38;479.559;1520.94;1706.67;36.2277;2.1122
2.78;1041.38;480.83;1522.21;1706.67;36.8082;2.1122
2.79;1041.38;477.367;1518.75;1706.67;35.7746;2.1122
2.8;1041.38;483.035;1524.42;1706.67;37.1971;2.1122
2.81;1041.38;481.613;1523;1706.67;37.4551;2.1122
2.82;1041.38;478.575;1519.96;1706.67;37.3623;2.1122
2.83;1041.38;480.836;1522.22;1706.67;38.0471;2.1122
2.84;1041.38;479.788;1521.17;1706.67;37.6566;2.1122
2.85;1041.38;479.266;1520.65;1706.67;37.7962;2.1122
2.86;1041.38;485.741;1527.13;1706.67;37.9847;2.1122
2.87;1041.38;479.227;1520.61;1706.67;37.0743;2.1122
2.88;1041.38;480.297;1521.68;1706.67;36.4009;2.1122
2.89;1041.38;481.357;1522.74;1706.67;36.5574;2.1122
2.9;1041.38;481.192;1522.58;1706.67;36.1894;2.1122
2.91;1041.38;483.827;1525.21;1706.67;36.1742;2.1122
2.92;1041.38;485.488;1526.87;1706.67;36.5806;2.1122
2.93;1041.38;479.702;1521.09;1706.67;35.4654;2.1122
2.94;1041.38;486.562;1527.95;1706.67;36.7135;2.1122
2.95;1041.38;482.744;1524.13;1706.67;35.9218;2.1122
2.96;1041.38;483.107;1524.49;1706.67;36.5212;2.1122
2.97;1041.38;483.763;1525.15;1706.67;35.5943;2.1122
2.98;1041.38;484.114;1525.5;1706.67;35.5315;2.1122
2.99;1041.38;483.17;1524.55;1706.67;34.9142;2.1122
3;1041.38;487.624;1529.01;1706.67;33.9083;2.1122
3.01;1041.38;484.619;1526;1706.67;35.8324;2.1122
3.02;1041.38;484.138;1525.52;1706.67;35.3337;2.1122
3.03;1041.38;484.556;1525.94;1706.67;35.0296;2.1122
3.04;1041.38;486.584;1527.97;1706.67;34.6839;2.1122
3.05;1041.38;486.382;1527.77;1706.67;35.0812;2.1122
3.06;1041.38;486.365;1527.75;1706.67;34.1097;2.1122
3.07;1041.38;485.724;1527.11;1706.67;36.8328;2.1122
3.08;1041.38;484.414;1525.8;1706.67;36.6145;2.1122
3.09;1041.38;486.528;1527.91;1706.67;37.1312;2.1122
3.1;1041.38;487.175;1528.56;1706.67;37.5421;2.1122
3.11;1041.38;486.513;1527.9;1706.67;37.6525;2.1122
3.12;1041.38;488.613;1530;1706.67;38.1277;2.1122
3.13;1041.38;486.417;1527.8;1706.67;39.2207;2.1122
3.14;1041.38;485.313;1526.7;1706.67;38.8831;2.1122
3.15;1041.38;488.48;1529.86;1706.67;39.6595;2.1122
3.16;1041.38;486.97;1528.35;1706.67;38.6847;2.1122
3.17;1041.38;486.902;1528.29;1706.67;38.3508;2.1122
3.18;1041.38;491.869;1533.25;1706.67;38.9274;2.1122
3.19;1041.38;487.851;1529.24;1706.67;38.0286;2.1122
3.2;1041.38;487.764;1529.15;1706.67;36.7899;2.1122
3.21;1041.38;488.801;1530.19;1706.67;37.0112;2.1122
3.22;1041.38;486.413;1527.8;1706.67;36.7501;2.1122
3.23;1041.38;490.838;1532.22;1706.67;36.6155;2.1122
3.24;1041.38;491.892;1533.28;1706.67;37.6041;2.1122
3.25;1041.38;485.901;1527.29;1706.67;35.4829;2.1122
3.26;1041.38;490.977;1532.36;1706.67;37.3573;2.1122
3.27;1041.38;488.132;1529.52;1706.67;36.4471;2.1122
3.28;1041.38;487.741;1529.12;1706.67;36.209;2.1122
3.29;1041.38;492.073;1533.46;1706.67;35.9009;2.1122
3.3;1041.38;489.237;1530.62;1706.67;35.6922;2.1122
3.31;1041.38;486.574;1527.96;1706.67;34.6817;2.1122
3.32;1041.38;493.751;1535.14;1706.67;37.4861;2.1122
3.33;1041.38;489.109;1530.49;1706.67;37.251;2.1122
3.34;1041.38;490.872;1532.26;1706.67;37.0731;2.1122
3.35;1041.38;492.06;1533.44;1706.67;36.581;2.1122
3.36;1041.38;488.409;1529.79;1706.67;35.6571;2.1122
3.37;1041.38;494.568;1535.95;1706.67;37.1434;2.1122
3.38;1041.38;494.645;1536.03;1706.67;37.6457;2.1122
3.39;1041.38;489.781;1531.17;1706.67;39.4586;2.1122
3.4;1041.38;490.969;1532.35;1706.67;39.5038;2.1122
3.41;1041.38;490.816;1532.2;1706.67;39.0854;2.1122
3.42;1041.38;490.572;1531.96;1706.67;39.3443;2.1122
3.43;1041.38;495.712;1537.1;1706.67;38.9127;2.1122
3.44;1041.38;489.982;1531.37;1706.67;38.4651;2.1122
3.45;1041.38;490.281;1531.67;1706.67;38.0177;2.1122
3.46;1041.38;491.072;1532.46;1706.67;37.8152;2.1122
3.47;1041.38;491.762;1533.15;1706.67;38.9595;2.1122
3.48;1041.38;493.543;1534.93;1706.67;38.4755;2.1122
3.49;1041.38;494.435;1535.82;1706.67;38.6534;2.1122
3.5;1041.38;491.986;1533.37;1706.67;37.7764;2.1122
3.51;1041.38;496.72;1538.1;1706.67;37.0819;2.1122
3.52;1041.38;492.358;1533.74;1706.67;36.2438;2.1122
3.53;1041.38;492.923;1534.31;1706.67;36.8722;2.1122
3.54;1041.38;492.037;1533.42;1706.67;35.9694;2.1122
3.55;1041.38;493.639;1535.02;1706.67;36.0139;2.1122
3.56;1041.38;493.545;1534.93;1706.67;36.0254;2.1122
3.57;1041.38;494.475;1535.86;1706.67;34.691;2.1122
3.58;1041.38;493.597;1534.98;1706.67;36.7732;2.1122
3.59;1041.38;492.69;1534.07;1706.67;35.9502;2.1122
3.6;1041.38;492.734;1534.12;1706.67;35.5389;2.1122
3.61;1041.38;494.925;1536.31;1706.67;35.2059;2.1122
3.62;1041.38;495.265;1536.65;1706.67;35.5574;2.1122
3.63;1041.38;494.353;1535.74;1706.67;34.3888;2.1122
3.64;1041.38;494.9;1536.28;1706.67;37.3864;2.1122
3.65;1041.38;492.425;1533.81;1706.67;36.8933;2.1122
3.66;1041.38;495.134;1536.52;1706.67;37.4201;2.1122
3.67;1041.38;496.021;1537.41;1706.67;37.6446;2.1122
3.68;1041.38;492.918;1534.3;1706.67;37.2646;2.1122
3.69;1041.38;497.357;1538.74;1706.67;38.2604;2.1122
3.7;1041.38;495.941;1537.33;1706.67;39.7172;2.1122
3.71;1041.38;492.862;1534.25;1706.67;39.5081;2.1122
3.72;1041.38;495.979;1537.36;1706.67;39.522;2.1122
3.73;1041.38;494.051;1535.44;1706.67;38.7177;2.1122
3.74;1041.38;493.556;1534.94;1706.67;38.4953;2.1122
3.75;1041.38;499.89;1541.27;1706.67;39.38;2.1122
3.76;1041.38;494.082;1535.47;1706.67;38.6736;2.1122
3.77;1041.38;494.674;1536.06;1706.67;37.4805;2.1122
3.78;1041.38;495.548;1536.93;1706.67;37.5374;2.1122
3.79;1041.38;493.756;1535.14;1706.67;37.5334;2.1122
3.8;1041.38;497.799;1539.18;1706.67;37.3636;2.1122
3.81;1041.38;499.302;1540.69;1706.67;38.4419;2.1122
3.82;1041.38;490.742;1532.13;1706.67;36.2735;2.1122
3.83;1041.38;498.949;1540.33;1706.67;37.569;2.1122
3.84;1041.38;495.036;1536.42;1706.67;36.7024;2.1122
3.85;1041.38;494.852;1536.24;1706.67;36.6905;2.1122
3.86;1041.38;497.924;1539.31;1706.67;36.2468;2.1122
3.87;1041.38;495.762;1537.15;1706.67;35.8543;2.1122
3.88;1041.38;494.003;1535.39;1706.67;35.9447;2.1122
3.89;1041.38;502.722;1544.11;1706.67;37.4389;2.1122
3.9;1041.38;496.066;1537.45;1706.67;37.2734;2.1122
3.91;1041.38;496.781;1538.17;1706.67;36.9785;2.1122
3.92;1041.38;497.434;1538.82;1706.67;36.5048;2.1122
3.93;1041.38;495.767;1537.15;1706.67;35.5256;2.1122
3.94;1041.38;500.199;1541.58;1706.67;36.8643;2.1122
3.95;1041.38;500.151;1541.54;1706.67;36.3454;2.1122
3.96;1041.38;496.446;1537.83;1706.67;39.1692;2.1122
3.97;1041.38;495.964;1537.35;1706.67;39.0606;2.1122
3.98;1041.38;497.147;1538.53;1706.67;39.0316;2.1122
3.99;1041.38;497.613;1539;1706.67;39.3416;2.1122
4;1041.38;499.011;1540.4;1706.67;38.4665;2.1122
4.01;1041.38;497.236;1538.62;1706.67;38.1827;2.1122
4.02;1041.38;495.915;1537.3;1706.67;38.5328;2.1122
4.03;1041.38;496.03;1537.41;1706.67;38.1969;2.1122
4.04;1041.38;498.123;1539.51;1706.67;39.4891;2.1122
4.05;1041.38;497.842;1539.23;1706.67;38.8309;2.1122
4.06;1041.38;497.411;1538.8;1706.67;38.7289;2.1122
4.07;1041.38;500.525;1541.91;1706.67;38.7134;2.1122
4.08;1041.38;499.13;1540.51;1706.67;37.775;2.1122
4.09;1041.38;497.665;1539.05;1706.67;36.5697;2.1122
4.1;1041.38;498.545;1539.93;1706.67;37.244;2.1122
4.11;1041.38;496.328;1537.71;1706.67;36.4871;2.1122
4.12;1041.38;499.823;1541.21;1706.67;36.5817;2.1122
4.13;1041.38;500.646;1542.03;1706.67;36.8952;2.1122
4.14;1041.38;497.523;1538.91;1706.67;35.0052;2.1122
4.15;1041.38;499.255;1540.64;1706.67;37.272;2.1122
4.16;1041.38;497.484;1538.87;1706.67;36.5263;2.1122
4.17;1041.38;497.094;1538.48;1706.67;36.1903;2.1122
4.18;1041.38;501.233;1542.62;1706.67;36.02;2.1122
4.19;1041.38;498.546;1539.93;1706.67;35.938;2.1122
4.2;1041.38;496.722;1538.11;1706.67;34.9257;2.1122
4.21;1041.38;501.124;1542.51;1706.67;38.1784;2.1122
4.22;1041.38;497.459;1538.84;1706.67;37.5886;2.1122
4.23;1041.38;499.817;1541.2;1706.67;38.1356;2.1122
4.24;1041.38;500.923;1542.31;1706.67;37.9534;2.1122
4.25;1041.38;497.009;1538.39;1706.67;37.1279;2.1122
4.26;1041.38;502.775;1544.16;1706.67;38.3145;2.1122
4.27;1041.38;502.32;1543.7;1706.67;39.0366;2.1122
4.28;1041.38;497.975;1539.36;1706.67;39.6038;2.1122
4.29;1041.38;499.657;1541.04;1706.67;40.2287;2.1122
4.3;1041.38;498.57;1539.95;1706.67;39.3807;2.1122
4.31;1041.38;498.239;1539.62;1706.67;39.4539;2.1122
4.32;1041.38;504.424;1545.81;1706.67;39.9018;2.1122
4.33;1041.38;497.375;1538.76;1706.67;38.8689;2.1122
4.34;1041.38;498.472;1539.86;1706.67;37.5797;2.1122
4.35;1041.38;499.269;1540.65;1706.67;37.5605;2.1122
4.36;1041.38;498.64;1540.02;1706.67;38.3461;2.1122
4.37001;1041.38;501.406;1542.79;1706.67;38.121;2.1122
4.38001;1041.38;502.618;1544;1706.67;38.5265;2.1122
4.39001;1041.38;497.631;1539.02;1706.67;37.1141;2.1122
4.40001;1041.38;503.731;1545.12;1706.67;37.2439;2.1122
4.41001;1041.38;499.503;1540.89;1706.67;36.2037;2.1122
4.42001;1041.38;499.773;1541.16;1706.67;36.799;2.1122
4.43001;1041.38;500.605;1541.99;1706.67;36.0855;2.1122
4.44001;1041.38;500.496;1541.88;1706.67;36.0233;2.1122
4.45001;1041.38;499.711;1541.1;1706.67;36.8001;2.1122
4.46001;1041.38;505.082;1546.47;1706.67;36.3637;2.1122
4.47001;1041.38;500.415;1541.8;1706.67;37.6413;2.1122
4.48001;1041.38;500.092;1541.48;1706.67;36.9007;2.1122
4.49001;1041.38;500.274;1541.66;1706.67;36.4797;2.1122
4.50001;1041.38;501.208;1542.59;1706.67;35.9385;2.1122
4.51001;1041.38;502.553;1543.94;1706.67;36.6827;2.1122
4.52001;1041.38;501.948;1543.33;1706.67;35.8055;2.1122
4.53001;1041.38;500.946;1542.33;1706.67;39.029;2.1122
4.54001;1041.38;499.429;1540.81;1706.67;38.668;2.1122
4.55001;1041.38;501.447;1542.83;1706.67;38.9575;2.1122
4.56001;1041.38;502.458;1543.84;1706.67;39.0645;2.1122
4.57001;1041.38;500.548;1541.93;1706.67;37.7886;2.1122
4.58001;1041.38;502.922;1544.31;1706.67;38.1649;2.1122
4.59001;1041.38;500.748;1542.13;1706.67;39.5189;2.1122
4.60001;1041.38;499.616;1541;1706.67;39.0075;2.1122
4.61001;1041.38;502.468;1543.85;1706.67;39.9917;2.1122
4.62001;1041.38;500.795;1542.18;1706.67;39.1394;2.1122
4.63001;1041.38;500.694;1542.08;1706.67;38.7564;2.1122
4.64001;1041.38;505.007;1546.39;1706.67;39.2628;2.1122
4.65001;1041.38;501.582;1542.97;1706.67;38.3087;2.1122
4.66001;1041.38;500.995;1542.38;1706.67;37.1444;2.1122
4.67001;1041.38;501.877;1543.26;1706.67;37.6445;2.1122
4.68001;1041.38;499.401;1540.79;1706.67;37.152;2.1122
4.69001;1041.38;503.514;1544.9;1706.67;37.2745;2.1122
4.70001;1041.38;504.602;1545.99;1706.67;38.2817;2.1122
4.71001;1041.38;499.847;1541.23;1706.67;36.0879;2.1122
4.72001;1041.38;503.773;1545.16;1706.67;38.2794;2.1122
4.73001;1041.38;500.769;1542.15;1706.67;37.4748;2.1122
4.74001;1041.38;500.364;1541.75;1706.67;37.1478;2.1122
4.75001;1041.38;504.326;1545.71;1706.67;36.8913;2.1122
4.76001;1041.38;501.163;1542.55;1706.67;36.4266;2.1122
4.77001;1041.38;498.63;1540.01;1706.67;36.025;2.1122
4.78001;1041.38;506.002;1547.39;1706.67;38.6641;2.1122
4.79001;1041.38;501.096;1542.48;1706.67;38.1794;2.1122
4.80001;1041.38;502.49;1543.87;1706.67;38.136;2.1122
4.81002;1041.38;503.735;1545.12;1706.67;37.6021;2.1122
4.82002;1041.38;499.525;1540.91;1706.67;36.5319;2.1122
4.83002;1041.38;505.934;1547.32;1706.67;37.8254;2.1122
4.84002;1041.38;506.356;1547.74;1706.67;38.0277;2.1122
4.85002;1041.38;501.314;1542.7;1706.67;39.5989;2.1122
4.86002;1041.38;501.857;1543.24;1706.67;39.7956;2.1122
4.87002;1041.38;501.797;1543.18;1706.67;39.2097;2.1122
4.88002;1041.38;501.218;1542.6;1706.67;39.412;2.1122
4.89002;1041.38;506.71;1548.09;1706.67;39.2943;2.1122
4.90002;1041.38;500.521;1541.91;1706.67;38.6401;2.1122
4.91002;1041.38;500.962;1542.35;1706.67;38.3999;2.1122
4.92002;1041.38;501.27;1542.65;1706.67;38.186;2.1122
4.93002;1041.38;502.223;1543.61;1706.67;39.3388;2.1122
4.94002;1041.38;503.544;1544.93;1706.67;38.9732;2.1122
4.95002;1041.38;504.393;1545.78;1706.67;39.2153;2.1122
4.96002;1041.38;501.576;1542.96;1706.67;38.0339;2.1122
4.97002;1041.38;506.443;1547.83;1706.67;37.5347;2.1122
4.98002;1041.38;502.112;1543.5;1706.67;36.7112;2.1122
4.99002;1041.38;502.743;1544.13;1706.67;37.3353;2.1122
5.00002;1041.38;501.81;1543.19;1706.67;36.4799;2.1122
5.01002;1041.38;503.631;1545.02;1706.67;36.5666;2.1122
5.02002;1041.38;503.578;1544.96;1706.67;37.8081;2.1122
5.03002;1041.38;503.983;1545.37;1706.67;36.4253;2.1122
5.04002;1041.38;502.87;1544.25;1706.67;38.3015;2.1122
5.05002;1041.38;501.865;1543.25;1706.67;37.1956;2.1122
5.06002;1041.38;501.469;1542.85;1706.67;37.0511;2.1122
5.07002;1041.38;504.585;1545.97;1706.67;36.7095;2.1122
5.08002;1041.38;503.915;1545.3;1706.67;36.8929;2.1122
5.09002;1041.38;502.972;1544.36;1706.67;35.7511;2.1122
5.10002;1041.38;503.86;1545.24;1706.67;38.4021;2.1122
5.11002;1041.38;501.308;1542.69;1706.67;37.8859;2.1122
5.12002;1041.38;503.833;1545.22;1706.67;38.2877;2.1122
5.13002;1041.38;504.787;1546.17;1706.67;38.4878;2.1122
5.14002;1041.38;501.71;1543.09;1706.67;37.3943;2.1122
5.15002;1041.38;506.2;1547.58;1706.67;38.27;2.1122
5.16002;1041.38;504.855;1546.24;1706.67;39.8381;2.1122
5.17002;1041.38;501.508;1542.89;1706.67;39.4637;2.1122
5.18002;1041.38;504.191;1545.57;1706.67;39.527;2.1122
5.19002;1041.38;502.331;1543.72;1706.67;38.7874;2.1122
5.20002;1041.38;501.74;1543.12;1706.67;38.7387;2.1122
5.21002;1041.38;507.994;1549.38;1706.67;39.7103;2.1122
5.22002;1041.38;501.411;1542.8;1706.67;38.7757;2.1122
5.23002;1041.38;502.47;1543.85;1706.67;37.4542;2.1122
5.24003;1041.38;503.249;1544.63;1706.67;37.5;2.1122
5.25003;1041.38;501.631;1543.02;1706.67;37.6443;2.1122
5.26003;1041.38;505.582;1546.97;1706.67;37.5913;2.1122
5.27003;1041.38;506.894;1548.28;1706.67;38.8299;2.1122
5.28003;1041.38;498.367;1539.75;1706.67;36.5631;2.1122
5.29003;1041.38;506.676;1548.06;1706.67;37.796;2.1122
5.30003;1041.38;502.621;1544.01;1706.67;36.7806;2.1122
5.31003;1041.38;502.45;1543.83;1706.67;36.9246;2.1122
5.32003;1041.38;505.24;1546.62;1706.67;36.5774;2.1122
5.33003;1041.38;503.118;1544.5;1706.67;36.0602;2.1122
5.34003;1041.38;501.414;1542.8;1706.67;36.2069;2.1122
5.35003;1041.38;509.772;1551.16;1706.67;37.8738;2.1122
5.36003;1041.38;503.321;1544.71;1706.67;37.8161;2.1122
5.37003;1041.38;503.81;1545.19;1706.67;37.5266;2.1122
5.38003;1041.38;504.418;1545.8;1706.67;37.0048;2.1122
5.39003;1041.38;502.849;1544.23;1706.67;36.1073;2.1122
5.40003;1041.38;507.326;1548.71;1706.67;37.5463;2.1122
5.41003;1041.38;507.285;1548.67;1706.67;37.5457;2.1122
5.42003;1041.38;503.209;1544.59;1706.67;39.6439;2.1122
5.43003;1041.38;503.027;1544.41;1706.67;39.5862;2.1122
5.44003;1041.38;503.837;1545.22;1706.67;39.3596;2.1122
5.45003;1041.38;504.427;1545.81;1706.67;39.7612;2.1122
5.46003;1041.38;505.93;1547.31;1706.67;39.0376;2.1122
5.47003;1041.38;503.349;1544.73;1706.67;39.5834;2.1122
5.48003;1041.38;502.161;1543.55;1706.67;39.335;2.1122
5.49003;1041.38;502.371;1543.76;1706.67;38.9129;2.1122
5.50003;1041.38;504.567;1545.95;1706.67;40.2759;2.1122
5.51003;1041.38;503.782;1545.17;1706.67;39.4535;2.1122
5.52003;1041.38;503.822;1545.21;1706.67;39.4831;2.1122
5.53003;1041.38;505.963;1547.35;1706.67;39.0989;2.1122
5.54003;1041.38;506.203;1547.59;1706.67;38.4095;2.1122
5.55003;1041.38;503.67;1545.05;1706.67;37.1062;2.1122
5.56003;1041.38;504.345;1545.73;1706.67;37.7557;2.1122
5.57003;1041.38;502.537;1543.92;1706.67;36.8999;2.1122
5.58003;1041.38;505.593;1546.98;1706.67;36.941;2.1122
5.59003;1041.38;506.485;1547.87;1706.67;38.2876;2.1122
5.60003;1041.38;503.16;1544.54;1706.67;36.2916;2.1122
5.61003;1041.38;505.14;1546.52;1706.67;38.7026;2.1122
5.62003;1041.38;502.93;1544.31;1706.67;37.6781;2.1122
5.63003;1041.38;502.644;1544.03;1706.67;37.8912;2.1122
5.64003;1041.38;506.875;1548.26;1706.67;37.4367;2.1122
5.65003;1041.38;503.899;1545.28;1706.67;37.1648;2.1122
5.66003;1041.38;501.652;1543.04;1706.67;35.9703;2.1122
5.67003;1041.38;506.744;1548.13;1706.67;37.6526;2.1122
5.68004;1041.38;502.62;1544;1706.67;37.1448;2.1122
5.69004;1041.38;505.106;1546.49;1706.67;37.7888;2.1122
5.70004;1041.38;506.037;1547.42;1706.67;37.6834;2.1122
5.71004;1041.38;501.998;1543.38;1706.67;36.8748;2.1122
5.72004;1041.38;508.178;1549.56;1706.67;38.1148;2.1122
5.73004;1041.38;507.457;1548.84;1706.67;39.5025;2.1122
5.74004;1041.38;502.962;1544.35;1706.67;39.5658;2.1122
5.75004;1041.38;504.924;1546.31;1706.67;39.4838;2.1122
5.76004;1041.38;503.732;1545.12;1706.67;38.864;2.1122
5.77004;1041.38;503.256;1544.64;1706.67;39.0672;2.1122
5.78004;1041.38;509.456;1550.84;1706.67;39.9309;2.1122
5.79004;1041.38;502.129;1543.51;1706.67;39.1552;2.1122
5.80004;1041.38;503.486;1544.87;1706.67;38.0579;2.1122
5.81004;1041.38;504.038;1545.42;1706.67;38.112;2.1122
5.82004;1041.38;503.57;1544.95;1706.67;38.8675;2.1122
5.83004;1041.38;506.382;1547.77;1706.67;38.4954;2.1122
5.84004;1041.38;507.411;1548.8;1706.67;38.9372;2.1122
5.85004;1041.38;500.938;1542.32;1706.67;36.794;2.1122
5.86004;1041.38;508.253;1549.64;1706.67;37.1943;2.1122
5.87004;1041.38;504.034;1545.42;1706.67;36.2379;2.1122
5.88004;1041.38;504.288;1545.67;1706.67;37.0241;2.1122
5.89004;1041.38;505.474;1546.86;1706.67;36.5958;2.1122
5.90004;1041.38;504.403;1545.79;1706.67;36.1786;2.1122
5.91004;1041.38;503.575;1544.96;1706.67;36.4366;2.1122
5.92004;1041.38;510.231;1551.62;1706.67;36.7871;2.1122
5.93004;1041.38;504.57;1545.95;1706.67;37.6829;2.1122
5.94004;1041.38;504.171;1545.56;1706.67;37.202;2.1122
5.95004;1041.38;504.332;1545.72;1706.67;36.992;2.1122
5.96004;1041.38;505.298;1546.68;1706.67;36.399;2.1122
5.97004;1041.38;506.885;1548.27;1706.67;37.4102;2.1122
5.98004;1041.38;506.478;1547.86;1706.67;36.5767;2.1122
5.99004;1041.38;504.564;1545.95;1706.67;39.2961;2.1122
6.00004;1041.38;503.355;1544.74;1706.67;38.5128;2.1122
6.01004;1041.38;504.95;1546.33;1706.67;38.7255;2.1122
6.02004;1041.38;505.88;1547.26;1706.67;39.1559;2.1122
6.03004;1041.38;505.256;1546.64;1706.67;38.0359;2.1122
6.04004;1041.38;505.494;1546.88;1706.67;38.927;2.1122
6.05004;1041.38;504.592;1545.98;1706.67;39.5816;2.1122
6.06004;1041.38;503.084;1544.47;1706.67;39.0336;2.1122
6.07004;1041.38;506.027;1547.41;1706.67;40.3568;2.1122
6.08004;1041.38;504.253;1545.64;1706.67;39.6589;2.1122
6.09004;1041.38;504.148;1545.53;1706.67;39.2713;2.1122
6.10004;1041.38;508.17;1549.55;1706.67;39.1621;2.1122
6.11004;1041.38;504.741;1546.13;1706.67;38.1154;2.1122
6.12005;1041.38;504.531;1545.92;1706.67;37.2535;2.1122
6.13005;1041.38;505.513;1546.9;1706.67;37.9584;2.1122
6.14005;1041.38;502.962;1544.35;1706.67;37.3562;2.1122
6.15005;1041.38;506.748;1548.13;1706.67;37.4378;2.1122
6.16005;1041.38;507.801;1549.19;1706.67;38.2279;2.1122
6.17005;1041.38;502.848;1544.23;1706.67;35.9641;2.1122
6.18005;1041.38;506.584;1547.97;1706.67;38.3728;2.1122
6.19005;1041.38;503.75;1545.13;1706.67;37.6151;2.1122
6.20005;1041.38;503.577;1544.96;1706.67;38.1949;2.1122
6.21005;1041.38;507.173;1548.56;1706.67;37.7532;2.1122
6.22005;1041.38;504.014;1545.4;1706.67;37.1446;2.1122
6.23005;1041.38;501.933;1543.32;1706.67;36.3481;2.1122
6.24005;1041.38;509.721;1551.11;1706.67;36.5616;2.1122
6.25005;1041.38;504.146;1545.53;1706.67;36.4747;2.1122
6.26005;1041.38;505.22;1546.6;1706.67;37.1253;2.1122
6.27005;1041.38;506.089;1547.47;1706.67;36.9551;2.1122
6.28005;1041.38;502.692;1544.08;1706.67;36.1713;2.1122
6.29005;1041.38;508.647;1550.03;1706.67;37.3219;2.1122
6.30005;1041.38;509.191;1550.58;1706.67;38.9655;2.1122
6.31005;1041.38;503.816;1545.2;1706.67;39.7061;2.1122
6.32005;1041.38;504.716;1546.1;1706.67;39.6126;2.1122
6.33005;1041.38;504.696;1546.08;1706.67;39.9179;2.1122
6.34005;1041.38;504.607;1545.99;1706.67;39.9762;2.1122
6.35005;1041.38;507.975;1549.36;1706.67;39.9736;2.1122
6.36005;1041.38;503.76;1545.14;1706.67;39.9372;2.1122
6.37005;1041.38;503.347;1544.73;1706.67;41.0458;2.1122
6.38005;1041.38;503.763;1545.15;1706.67;40.646;2.1122
6.39005;1041.38;505.022;1546.41;1706.67;41.3467;2.1122
6.40005;1041.38;505.59;1546.97;1706.67;40.3174;2.1122
6.41005;1041.38;505.938;1547.32;1706.67;39.6921;2.1122
6.42005;1041.38;505.137;1546.52;1706.67;37.992;2.1122
6.43005;1041.38;508.564;1549.95;1706.67;37.9339;2.1122
6.44005;1041.38;504.487;1545.87;1706.67;36.8557;2.1122
6.45005;1041.38;505.533;1546.92;1706.67;37.6036;2.1122
6.46005;1041.38;503.905;1545.29;1706.67;36.8141;2.1122
6.47005;1041.38;506.168;1547.55;1706.67;36.5227;2.1122
6.48005;1041.38;506.876;1548.26;1706.67;37.7095;2.1122
6.49005;1041.38;505.639;1547.02;1706.67;35.4729;2.1122
6.50005;1041.38;505.647;1547.03;1706.67;37.5936;2.1122
6.51005;1041.38;504.032;1545.42;1706.67;37.026;2.1122
6.52005;1041.38;503.636;1545.02;1706.67;37.0135;2.1122
6.53005;1041.38;507.32;1548.7;1706.67;36.8595;2.1122
6.54005;1041.38;505.146;1546.53;1706.67;36.9841;2.1122
6.55006;1041.38;503.273;1544.66;1706.67;35.8825;2.1122
6.56006;1041.38;507.025;1548.41;1706.67;38.9674;2.1122
6.57006;1041.38;503.509;1544.89;1706.67;38.6189;2.1122
6.58006;1041.38;506.002;1547.39;1706.67;39.1351;2.1122
6.59006;1041.38;507.148;1548.53;1706.67;39.216;2.1122
6.60006;1041.38;503.389;1544.77;1706.67;37.7676;2.1122
6.61006;1041.38;508.79;1550.17;1706.67;38.9642;2.1122
6.62006;1041.38;507.843;1549.23;1706.67;40.6666;2.1122
6.63006;1041.38;503.844;1545.23;1706.67;40.2057;2.1122
6.64006;1041.38;506.06;1547.44;1706.67;40.4903;2.1122
6.65006;1041.38;504.32;1545.7;1706.67;40.0188;2.1122
6.66006;1041.38;503.691;1545.08;1706.67;39.6371;2.1122
6.67006;1041.38;510.001;1551.39;1706.67;40.5967;2.1122
6.68006;1041.38;503.446;1544.83;1706.67;39.3842;2.1122
6.69006;1041.38;504.419;1545.8;1706.67;38.6675;2.1122
6.70006;1041.38;505.019;1546.4;1706.67;38.7858;2.1122
6.71006;1041.38;503.653;1545.04;1706.67;38.3208;2.1122
6.72006;1041.38;507.306;1548.69;1706.67;38.1882;2.1122
6.73006;1041.38;508.6;1549.98;1706.67;38.6562;2.1122
6.74006;1041.38;499.819;1541.2;1706.67;36.245;2.1122
6.75006;1041.38;508.878;1550.26;1706.67;38.0148;2.1122
6.76006;1041.38;504.494;1545.88;1706.67;37.0697;2.1122
6.77006;1041.38;504.632;1546.02;1706.67;37.7874;2.1122
6.78006;1041.38;506.649;1548.03;1706.67;37.3529;2.1122
6.79006;1041.38;504.879;1546.26;1706.67;36.6985;2.1122
6.80006;1041.38;503.841;1545.23;1706.67;36.7603;2.1122
6.81006;1041.38;511.629;1553.01;1706.67;35.6278;2.1122
6.82006;1041.38;504.94;1546.32;1706.67;36.0829;2.1122
6.83006;1041.38;505.099;1546.48;1706.67;36.1837;2.1122
6.84006;1041.38;505.249;1546.63;1706.67;36.0044;2.1122
6.85006;1041.38;504.479;1545.86;1706.67;35.8672;2.1122
6.86006;1041.38;508.232;1549.62;1706.67;37.4658;2.1122
6.87006;1041.38;507.318;1548.7;1706.67;37.3136;2.1122
6.88006;1041.38;504.771;1546.16;1706.67;39.4145;2.1122
6.89006;1041.38;504.041;1545.43;1706.67;38.657;2.1122
6.90006;1041.38;505.329;1546.71;1706.67;39.1178;2.1122
6.91006;1041.38;505.875;1547.26;1706.67;39.5637;2.1122
6.92006;1041.38;506.291;1547.68;1706.67;38.9548;2.1122
6.93006;1041.38;505.949;1547.33;1706.67;39.4587;2.1122
6.94006;1041.38;504.287;1545.67;1706.67;41.0253;2.1122
6.95006;1041.38;503.542;1544.93;1706.67;40.2442;2.1122
6.96006;1041.38;506.274;1547.66;1706.67;41.3092;2.1122
6.97006;1041.38;504.889;1546.27;1706.67;40.2251;2.1122
6.98006;1041.38;504.786;1546.17;1706.67;39.8839;2.1122
6.99007;1041.38;507.435;1548.82;1706.67;38.9284;2.1122
7.00007;1041.38;506.697;1548.08;1706.67;38.3274;2.1122
7.01007;1041.38;504.967;1546.35;1706.67;36.9947;2.1122
7.02007;1041.38;505.675;1547.06;1706.67;37.293;2.1122
7.03007;1041.38;503.319;1544.7;1706.67;36.4915;2.1122
7.04007;1041.38;507.28;1548.66;1706.67;36.4494;2.1122
7.05007;1041.38;508.557;1549.94;1706.67;38.0227;2.1122
7.06007;1041.38;503.34;1544.72;1706.67;35.7181;2.1122
7.07007;1041.38;506.969;1548.35;1706.67;38.1018;2.1122
7.08007;1041.38;504.11;1545.49;1706.67;37.2582;2.1122
7.09007;1041.38;503.883;1545.27;1706.67;37.4004;2.1122
7.10007;1041.38;507.812;1549.2;1706.67;37.111;2.1122
7.11007;1041.38;504.687;1546.07;1706.67;37.004;2.1122
7.12007;1041.38;501.926;1543.31;1706.67;35.822;2.1122
7.13007;1041.38;509.22;1550.6;1706.67;37.4122;2.1122
7.14007;1041.38;504.182;1545.57;1706.67;37.5844;2.1122
7.15007;1041.38;505.811;1547.2;1706.67;38.0519;2.1122
7.16007;1041.38;506.857;1548.24;1706.67;38.0594;2.1122
7.17007;1041.38;503.172;1544.56;1706.67;36.9664;2.1122
7.18007;1041.38;509.262;1550.65;1706.67;38.0989;2.1122
7.19007;1041.38;509.702;1551.09;1706.67;39.3711;2.1122
7.20007;1041.38;504.49;1545.87;1706.67;39.3065;2.1122
7.21007;1041.38;505.267;1546.65;1706.67;39.2625;2.1122
7.22007;1041.38;504.817;1546.2;1706.67;39.228;2.1122
7.23007;1041.38;504.661;1546.05;1706.67;39.7391;2.1122
7.24007;1041.38;510.049;1551.43;1706.67;40.6543;2.1122
7.25007;1041.38;502.741;1544.13;1706.67;39.7198;2.1122
7.26007;1041.38;504.048;1545.43;1706.67;39.7272;2.1122
7.27007;1041.38;504.398;1545.78;1706.67;39.1658;2.1122
7.28007;1041.38;504.821;1546.21;1706.67;39.435;2.1122
7.29007;1041.38;506.587;1547.97;1706.67;38.9193;2.1122
7.30007;1041.38;506.443;1547.83;1706.67;38.8575;2.1122
7.31007;1041.38;505.233;1546.62;1706.67;38.7799;2.1122
7.32007;1041.38;509.458;1550.84;1706.67;39.0313;2.1122
7.33007;1041.38;504.997;1546.38;1706.67;37.7079;2.1122
7.34007;1041.38;505.589;1546.97;1706.67;38.3805;2.1122
7.35007;1041.38;504.858;1546.24;1706.67;37.5718;2.1122
7.36007;1041.38;506.155;1547.54;1706.67;37.1138;2.1122
7.37007;1041.38;506.116;1547.5;1706.67;37.3771;2.1122
7.38007;1041.38;507.6;1548.98;1706.67;35.424;2.1122
7.39007;1041.38;505.685;1547.07;1706.67;37.7828;2.1122
7.40007;1041.38;504.651;1546.04;1706.67;37.2301;2.1122
7.41007;1041.38;504.285;1545.67;1706.67;37.0421;2.1122
7.42007;1041.38;507.519;1548.9;1706.67;36.882;2.1122
7.43008;1041.38;506.52;1547.9;1706.67;36.6551;2.1122
7.44008;1041.38;505.47;1546.85;1706.67;35.9544;2.1122
7.45008;1041.38;506.2;1547.58;1706.67;38.8539;2.1122
7.46008;1041.38;504.072;1545.46;1706.67;38.2865;2.1122
7.47008;1041.38;506.536;1547.92;1706.67;38.7756;2.1122
7.48008;1041.38;507.576;1548.96;1706.67;39.287;2.1122
7.49008;1041.38;504.27;1545.65;1706.67;38.1237;2.1122
7.50008;1041.38;508.592;1549.98;1706.67;39.2131;2.1122
7.51008;1041.38;507.375;1548.76;1706.67;40.3996;2.1122
7.52008;1041.38;504.062;1545.45;1706.67;39.7633;2.1122
7.53008;1041.38;506.994;1548.38;1706.67;40.8156;2.1122
7.54008;1041.38;504.796;1546.18;1706.67;39.9577;2.1122
7.55008;1041.38;504.245;1545.63;1706.67;39.8197;2.1122
7.56008;1041.38;510.156;1551.54;1706.67;39.8095;2.1122
7.57008;1041.38;504.649;1546.03;1706.67;38.6757;2.1122
7.58008;1041.38;505.125;1546.51;1706.67;37.4338;2.1122
7.59008;1041.38;506.051;1547.44;1706.67;37.7813;2.1122
7.60008;1041.38;503.445;1544.83;1706.67;37.0639;2.1122
7.61008;1041.38;507.652;1549.04;1706.67;37.1514;2.1122
7.62008;1041.38;509.064;1550.45;1706.67;38.0723;2.1122
7.63008;1041.38;500.687;1542.07;1706.67;36.0525;2.1122
7.64008;1041.38;509.061;1550.45;1706.67;38.4198;2.1122
7.65008;1041.38;504.885;1546.27;1706.67;37.4069;2.1122
7.66008;1041.38;504.929;1546.31;1706.67;38.0064;2.1122
7.67008;1041.38;507.659;1549.04;1706.67;37.2712;2.1122
7.68008;1041.38;504.903;1546.29;1706.67;36.8127;2.1122
7.69008;1041.38;502.838;1544.22;1706.67;36.0254;2.1122
7.70008;1041.38;510.48;1551.86;1706.67;37.0935;2.1122
7.71008;1041.38;504.859;1546.24;1706.67;37.8514;2.1122
7.72008;1041.38;505.985;1547.37;1706.67;38.1487;2.1122
7.73008;1041.38;506.706;1548.09;1706.67;37.8566;2.1122
7.74008;1041.38;503.62;1545;1706.67;36.9822;2.1122
7.75008;1041.38;509.376;1550.76;1706.67;37.7739;2.1122
7.76008;1041.38;509.156;1550.54;1706.67;38.6637;2.1122
7.77008;1041.38;504.875;1546.26;1706.67;39.2521;2.1122
7.78008;1041.38;504.974;1546.36;1706.67;38.9147;2.1122
7.79008;1041.38;505.355;1546.74;1706.67;39.2023;2.1122
7.80008;1041.38;505.825;1547.21;1706.67;39.3982;2.1122
7.81008;1041.38;508.138;1549.52;1706.67;39.6103;2.1122
7.82008;1041.38;505.622;1547.01;1706.67;39.5112;2.1122
7.83008;1041.38;504.354;1545.74;1706.67;40.6669;2.1122
7.84008;1041.38;504.146;1545.53;1706.67;39.9623;2.1122
7.85008;1041.38;506.312;1547.7;1706.67;41.005;2.1122
7.86009;1041.38;505.867;1547.25;1706.67;40.0319;2.1122
7.87009;1041.38;505.919;1547.3;1706.67;39.56;2.1122
7.88009;1041.38;506.371;1547.76;1706.67;37.8161;2.1122
7.89009;1041.38;507.773;1549.16;1706.67;37.5298;2.1122
7.90009;1041.38;505.497;1546.88;1706.67;36.5681;2.1122
7.91009;1041.38;506.255;1547.64;1706.67;37.1781;2.1122
7.92009;1041.38;504.267;1545.65;1706.67;36.8319;2.1122
7.93009;1041.38;507.205;1548.59;1706.67;36.6192;2.1122
7.94009;1041.38;507.816;1549.2;1706.67;37.7554;2.1122
7.95009;1041.38;505.572;1546.96;1706.67;35.5442;2.1122
7.96009;1041.38;506.941;1548.33;1706.67;37.7457;2.1122
7.97009;1041.38;504.543;1545.93;1706.67;37.0345;2.1122
7.98009;1041.38;504.288;1545.67;1706.67;37.0416;2.1122
7.99009;1041.38;508.249;1549.63;1706.67;36.963;2.1122
8.00009;1041.38;505.676;1547.06;1706.67;36.4728;2.1122
8.01009;1041.38;503.306;1544.69;1706.67;35.4348;2.1122
8.02009;1041.38;508.319;1549.7;1706.67;38.3943;2.1122
8.03009;1041.38;504.232;1545.62;1706.67;38.0993;2.1122
8.04009;1041.38;506.608;1547.99;1706.67;38.1733;2.1122
8.05009;1041.38;507.738;1549.12;1706.67;38.5085;2.1122
8.06009;1041.38;503.678;1545.06;1706.67;37.3737;2.1122
8.07009;1041.38;509.797;1551.18;1706.67;38.694;2.1122
8.08009;1041.38;509.125;1550.51;1706.67;38.8369;2.1122
8.09009;1041.38;504.629;1546.01;1706.67;38.6328;2.1122
8.10009;1041.38;506.448;1547.83;1706.67;39.1316;2.1122
8.11009;1041.38;504.936;1546.32;1706.67;38.796;2.1122
8.12009;1041.38;504.435;1545.82;1706.67;39.1346;2.1122
8.13009;1041.38;510.692;1552.08;1706.67;40.0905;2.1122
8.14009;1041.38;503.596;1544.98;1706.67;38.9009;2.1122
8.15009;1041.38;504.942;1546.33;1706.67;38.442;2.1122
8.16009;1041.38;505.641;1547.03;1706.67;38.2448;2.1122
8.17009;1041.38;504.303;1545.69;1706.67;37.8796;2.1122
8.18009;1041.38;507.619;1549;1706.67;37.715;2.1122
8.19009;1041.38;508.559;1549.94;1706.67;38.0736;2.1122
8.20009;1041.38;501.952;1543.34;1706.67;37.1445;2.1122
8.21009;1041.38;509.705;1551.09;1706.67;38.6242;2.1122
8.22009;1041.38;505.434;1546.82;1706.67;37.5079;2.1122
8.23009;1041.38;505.47;1546.85;1706.67;38.256;2.1122
8.24009;1041.38;506.612;1548;1706.67;37.2842;2.1122
8.25009;1041.38;505.502;1546.89;1706.67;36.6109;2.1122
8.26009;1041.38;504.77;1546.15;1706.67;36.6003;2.1122
8.27009;1041.38;512.3;1553.68;1706.67;36.1557;2.1122
8.28009;1041.38;505.722;1547.11;1706.67;38.2824;2.1122
8.29009;1041.38;505.647;1547.03;1706.67;38.1993;2.1122
8.30009;1041.38;505.795;1547.18;1706.67;37.6529;2.1122
8.31009;1041.38;505.51;1546.89;1706.67;37.2962;2.1122
8.3201;1041.38;508.619;1550;1706.67;37.6014;2.1122
8.3301;1041.38;508.147;1549.53;1706.67;38.0815;2.1122
8.3401;1041.38;505.591;1546.98;1706.67;40.089;2.1122
8.3501;1041.38;504.629;1546.01;1706.67;39.4359;2.1122
8.3601;1041.38;506.286;1547.67;1706.67;39.8284;2.1122
8.3701;1041.38;507.272;1548.66;1706.67;40.1719;2.1122
8.3801;1041.38;506.361;1547.75;1706.67;39.4545;2.1122
8.3901;1041.38;507.276;1548.66;1706.67;40.1076;2.1122
8.4001;1041.38;505.377;1546.76;1706.67;41.9742;2.1122
8.4101;1041.38;504.249;1545.63;1706.67;41.141;2.1122
8.4201;1041.38;506.937;1548.32;1706.67;42.0927;2.1122
8.4301;1041.38;505.468;1546.85;1706.67;40.8296;2.1122
8.4401;1041.38;505.377;1546.76;1706.67;40.4388;2.1122
8.4501;1041.38;508.981;1550.37;1706.67;39.7092;2.1122
8.4601;1041.38;506.292;1547.68;1706.67;39.0829;2.1122
8.4701;1041.38;505.749;1547.13;1706.67;37.8191;2.1122
8.4801;1041.38;506.439;1547.82;1706.67;37.9262;2.1122
8.4901;1041.38;503.893;1545.28;1706.67;37.0216;2.1122
8.5001;1041.38;507.891;1549.28;1706.67;36.9405;2.1122
8.5101;1041.38;509.07;1550.45;1706.67;38.4206;2.1122
8.5201;1041.38;504.366;1545.75;1706.67;36.1357;2.1122
8.5301;1041.38;507.852;1549.24;1706.67;38.7613;2.1122
8.5401;1041.38;504.779;1546.16;1706.67;37.8633;2.1122
8.5501;1041.38;504.498;1545.88;1706.67;37.9087;2.1122
8.5601;1041.38;508.431;1549.82;1706.67;37.5418;2.1122
8.5701;1041.38;505.231;1546.62;1706.67;37.4283;2.1122
8.5801;1041.38;502.43;1543.81;1706.67;36.2491;2.1122
8.5901;1041.38;509.304;1550.69;1706.67;38.5989;2.1122
8.6001;1041.38;504.7;1546.08;1706.67;38.6565;2.1122
8.6101;1041.38;506.71;1548.09;1706.67;39.0502;2.1122
8.6201;1041.38;507.447;1548.83;1706.67;38.8875;2.1122
8.6301;1041.38;503.28;1544.66;1706.67;37.675;2.1122
8.6401;1041.38;509.999;1551.38;1706.67;38.9667;2.1122
8.6501;1041.38;509.611;1551;1706.67;40.9568;2.1122
8.6601;1041.38;504.695;1546.08;1706.67;40.2738;2.1122
8.6701;1041.38;506.214;1547.6;1706.67;40.3311;2.1122
8.6801;1041.38;504.992;1546.38;1706.67;40.0333;2.1122
8.6901;1041.38;505.065;1546.45;1706.67;40.3602;2.1122
8.7001;1041.38;510.389;1551.77;1706.67;41.2678;2.1122
8.7101;1041.38;503.35;1544.73;1706.67;40.4485;2.1122
8.7201;1041.38;504.531;1545.92;1706.67;40.5653;2.1122
8.7301;1041.38;504.91;1546.29;1706.67;39.9672;2.1122
8.7401;1041.38;505.376;1546.76;1706.67;40.143;2.1122
8.7501;1041.38;507.156;1548.54;1706.67;39.571;2.1122
8.76011;1041.38;507.741;1549.13;1706.67;39.5674;2.1122
8.77011;1041.38;504.263;1545.65;1706.67;39.1208;2.1122
8.78011;1041.38;510.354;1551.74;1706.67;39.6301;2.1122
8.79011;1041.38;505.572;1546.96;1706.67;38.2907;2.1122
8.80011;1041.38;506.26;1547.64;1706.67;38.7139;2.1122
8.81011;1041.38;505.396;1546.78;1706.67;37.7897;2.1122
8.82011;1041.38;506.805;1548.19;1706.67;37.3847;2.1122
8.83011;1041.38;506.95;1548.33;1706.67;38.022;2.1122
8.84011;1041.38;507.805;1549.19;1706.67;36.1174;2.1122
8.85011;1041.38;506.16;1547.54;1706.67;38.5503;2.1122
8.86011;1041.38;504.873;1546.26;1706.67;37.8044;2.1122
8.87011;1041.38;504.858;1546.24;1706.67;37.3284;2.1122
8.88011;1041.38;507.512;1548.9;1706.67;37.1161;2.1122
8.89011;1041.38;506.865;1548.25;1706.67;36.9782;2.1122
8.90011;1041.38;505.665;1547.05;1706.67;36.4595;2.1122
8.91011;1041.38;506.821;1548.21;1706.67;39.4717;2.1122
8.92011;1041.38;504.32;1545.7;1706.67;38.649;2.1122
8.93011;1041.38;506.877;1548.26;1706.67;38.9026;2.1122
8.94011;1041.38;507.803;1549.19;1706.67;39.2797;2.1122
8.95011;1041.38;504.916;1546.3;1706.67;38.271;2.1122
8.96011;1041.38;508.782;1550.17;1706.67;39.3178;2.1122
8.97011;1041.38;507.854;1549.24;1706.67;40.5497;2.1122
8.98011;1041.38;504.385;1545.77;1706.67;39.8586;2.1122
8.99011;1041.38;507.048;1548.43;1706.67;40.7863;2.1122
9.00011;1041.38;504.962;1546.35;1706.67;39.8854;2.1122
9.01011;1041.38;504.631;1546.02;1706.67;39.9297;2.1122
9.02011;1041.38;510.719;1552.1;1706.67;40.2127;2.1122
9.03011;1041.38;504.583;1545.97;1706.67;39.0951;2.1122
9.04011;1041.38;505.324;1546.71;1706.67;37.9935;2.1122
9.05011;1041.38;506.068;1547.45;1706.67;38.0204;2.1122
9.06011;1041.38;503.948;1545.33;1706.67;37.3814;2.1122
9.07011;1041.38;508.225;1549.61;1706.67;37.4551;2.1122
9.08011;1041.38;509.546;1550.93;1706.67;38.3192;2.1122
9.09011;1041.38;501.189;1542.57;1706.67;36.2971;2.1122
9.10011;1041.38;509.314;1550.7;1706.67;38.6652;2.1122
9.11011;1041.38;505.178;1546.56;1706.67;37.6964;2.1122
9.12011;1041.38;505.222;1546.61;1706.67;38.2379;2.1122
9.13011;1041.38;507.941;1549.32;1706.67;37.465;2.1122
9.14011;1041.38;505.209;1546.59;1706.67;37.0795;2.1122
9.15011;1041.38;503.834;1545.22;1706.67;36.4549;2.1122
9.16011;1041.38;512.516;1553.9;1706.67;36.6489;2.1122
9.17011;1041.38;505.557;1546.94;1706.67;38.0741;2.1122
9.18011;1041.38;506.219;1547.6;1706.67;38.0816;2.1122
9.19011;1041.38;506.31;1547.69;1706.67;37.718;2.1122
9.20012;1041.38;505.081;1546.47;1706.67;37.1264;2.1122
9.21012;1041.38;509.485;1550.87;1706.67;37.7585;2.1122
9.22012;1041.38;509.271;1550.66;1706.67;38.7847;2.1122
9.23012;1041.38;505.497;1546.88;1706.67;39.3549;2.1122
9.24012;1041.38;505.15;1546.53;1706.67;38.9609;2.1122
9.25012;1041.38;505.887;1547.27;1706.67;39.3128;2.1122
9.26012;1041.38;506.503;1547.89;1706.67;39.4826;2.1122
9.27012;1041.38;508.71;1550.09;1706.67;39.6852;2.1122
9.28012;1041.38;506.067;1547.45;1706.67;39.5959;2.1122
9.29012;1041.38;504.933;1546.32;1706.67;40.6075;2.1122
9.30012;1041.38;504.516;1545.9;1706.67;39.8072;2.1122
9.31012;1041.38;506.743;1548.13;1706.67;40.8161;2.1122
9.32012;1041.38;506.368;1547.75;1706.67;39.8906;2.1122
9.33012;1041.38;506.556;1547.94;1706.67;39.5919;2.1122
9.34012;1041.38;506.669;1548.05;1706.67;39.8133;2.1122
9.35012;1041.38;508.871;1550.26;1706.67;39.5359;2.1122
9.36012;1041.38;505.605;1546.99;1706.67;38.0175;2.1122
9.37012;1041.38;506.435;1547.82;1706.67;38.4166;2.1122
9.38012;1041.38;504.894;1546.28;1706.67;37.7197;2.1122
9.39012;1041.38;507.163;1548.55;1706.67;37.2202;2.1122
9.40012;1041.38;508.395;1549.78;1706.67;38.2547;2.1122
9.41012;1041.38;505.865;1547.25;1706.67;35.8698;2.1122
9.42012;1041.38;506.694;1548.08;1706.67;38.2247;2.1122
9.43012;1041.38;504.89;1546.27;1706.67;37.4389;2.1122
9.44012;1041.38;504.447;1545.83;1706.67;37.2221;2.1122
9.45012;1041.38;508.306;1549.69;1706.67;37.0731;2.1122
9.46012;1041.38;505.801;1547.19;1706.67;36.6379;2.1122
9.47012;1041.38;503.651;1545.04;1706.67;35.7158;2.1122
9.48012;1041.38;508.144;1549.53;1706.67;38.7594;2.1122
9.49012;1041.38;504.349;1545.73;1706.67;38.3452;2.1122
9.50012;1041.38;506.669;1548.05;1706.67;38.4655;2.1122
9.51012;1041.38;507.786;1549.17;1706.67;38.8683;2.1122
9.52012;1041.38;503.667;1545.05;1706.67;37.6181;2.1122
9.53012;1041.38;510.026;1551.41;1706.67;39.1583;2.1122
9.54012;1041.38;508.975;1550.36;1706.67;40.0812;2.1122
9.55012;1041.38;504.551;1545.94;1706.67;39.5127;2.1122
9.56012;1041.38;506.68;1548.06;1706.67;40.3702;2.1122
9.57012;1041.38;504.74;1546.12;1706.67;39.6496;2.1122
9.58012;1041.38;504.153;1545.54;1706.67;39.7216;2.1122
9.59012;1041.38;510.877;1552.26;1706.67;40.3898;2.1122
9.60012;1041.38;503.192;1544.58;1706.67;39.0753;2.1122
9.61012;1041.38;504.752;1546.14;1706.67;38.4958;2.1122
9.62012;1041.38;505.412;1546.8;1706.67;38.2875;2.1122
9.63013;1041.38;504.57;1545.95;1706.67;38.0273;2.1122
9.64013;1041.38;507.616;1549;1706.67;37.9717;2.1122
9.65013;1041.38;509.124;1550.51;1706.67;38.4357;2.1122
9.66013;1041.38;500.944;1542.33;1706.67;36.8187;2.1122
9.67013;1041.38;510.224;1551.61;1706.67;38.4856;2.1122
9.68013;1041.38;505.369;1546.75;1706.67;37.3662;2.1122
9.69013;1041.38;505.912;1547.3;1706.67;38.113;2.1122
9.70013;1041.38;506.499;1547.88;1706.67;37.2266;2.1122
9.71013;1041.38;505.568;1546.95;1706.67;36.9689;2.1122
9.72013;1041.38;505.144;1546.53;1706.67;36.8572;2.1122
9.73013;1041.38;511.09;1552.47;1706.67;36.0546;2.1122
9.74013;1041.38;506.007;1547.39;1706.67;38.3759;2.1122
9.75013;1041.38;505.201;1546.59;1706.67;37.4865;2.1122
9.76013;1041.38;504.93;1546.31;1706.67;37.1143;2.1122
9.77013;1041.38;506.464;1547.85;1706.67;36.9767;2.1122
9.78013;1041.38;507.682;1549.07;1706.67;37.1683;2.1122
9.79013;1041.38;506.567;1547.95;1706.67;36.0173;2.1122
9.80013;1041.38;505.739;1547.12;1706.67;37.9639;2.1122
9.81013;1041.38;504.255;1545.64;1706.67;37.638;2.1122
9.82013;1041.38;506.659;1548.04;1706.67;38.3319;2.1122
9.83013;1041.38;507.734;1549.12;1706.67;38.7081;2.1122
9.84013;1041.38;505.526;1546.91;1706.67;38.3512;2.1122
9.85013;1041.38;507.452;1548.84;1706.67;38.8715;2.1122
9.86013;1041.38;505.289;1546.67;1706.67;40.47;2.1122
9.87013;1041.38;504.117;1545.5;1706.67;39.9677;2.1122
9.88013;1041.38;506.87;1548.25;1706.67;41.1903;2.1122
9.89013;1041.38;505.115;1546.5;1706.67;40.3845;2.1122
9.90013;1041.38;504.666;1546.05;1706.67;40.0754;2.1122
9.91013;1041.38;509.632;1551.02;1706.67;40.9054;2.1122
9.92013;1041.38;505.6;1546.98;1706.67;39.6394;2.1122
9.93013;1041.38;505.335;1546.72;1706.67;38.117;2.1122
9.94013;1041.38;506.388;1547.77;1706.67;38.1921;2.1122
9.95013;1041.38;503.649;1545.03;1706.67;38.1109;2.1122
9.96013;1041.38;508.127;1549.51;1706.67;37.8054;2.1122
9.97013;1041.38;509.531;1550.92;1706.67;38.7742;2.1122
9.98013;1041.38;502.43;1543.81;1706.67;36.1602;2.1122
9.99013;1041.38;508.355;1549.74;1706.67;37.7031;2.1122
10.0001;1041.38;504.677;1546.06;1706.67;36.8463;2.1122
10.0101;1041.38;504.566;1545.95;1706.67;37.1786;2.1122
10.0201;1041.38;508.442;1549.83;1706.67;37.0628;2.1122
10.0301;1041.38;504.922;1546.31;1706.67;36.3796;2.1122
10.0401;1041.38;502.992;1544.38;1706.67;35.2091;2.1122
10.0501;1041.38;510.314;1551.7;1706.67;37.5628;2.1122
10.0601;1041.38;504.817;1546.2;1706.67;37.4116;2.1122
10.0701;1041.38;506.162;1547.55;1706.67;37.2864;2.1122
10.0801;1041.38;506.832;1548.22;1706.67;37.1159;2.1122
10.0901;1041.38;503.886;1545.27;1706.67;36.1863;2.1122
10.1001;1041.38;509.44;1550.82;1706.67;37.4642;2.1122
10.1101;1041.38;509.363;1550.75;1706.67;36.9353;2.1122
10.1201;1041.38;504.955;1546.34;1706.67;38.9446;2.1122
10.1301;1041.38;505.381;1546.77;1706.67;39.162;2.1122
10.1401;1041.38;505.572;1546.96;1706.67;39.3097;2.1122
10.1501;1041.38;505.781;1547.17;1706.67;39.7545;2.1122
10.1601;1041.38;508.886;1550.27;1706.67;38.7246;2.1122
10.1701;1041.38;505.393;1546.78;1706.67;37.9901;2.1122
10.1801;1041.38;504.261;1545.65;1706.67;38.3504;2.1122
10.1901;1041.38;504.458;1545.84;1706.67;37.9528;2.1122
10.2001;1041.38;506.332;1547.72;1706.67;39.9357;2.1122
10.2101;1041.38;506.238;1547.62;1706.67;39.4483;2.1122
10.2201;1041.38;506.302;1547.69;1706.67;39.3843;2.1122
10.2301;1041.38;506.275;1547.66;1706.67;38.5585;2.1122
10.2401;1041.38;508.008;1549.39;1706.67;37.4809;2.1122
10.2501;1041.38;505.692;1547.08;1706.67;36.4211;2.1122
10.2601;1041.38;506.545;1547.93;1706.67;37.4564;2.1122
10.2701;1041.38;504.486;1545.87;1706.67;36.8317;2.1122
10.2801;1041.38;507.183;1548.57;1706.67;36.8717;2.1122
10.2901;1041.38;508.05;1549.43;1706.67;37.0802;2.1122
10.3001;1041.38;505.773;1547.16;1706.67;35.1259;2.1122
10.3101;1041.38;506.406;1547.79;1706.67;37.7357;2.1122
10.3201;1041.38;504.678;1546.06;1706.67;36.9858;2.1122
10.3301;1041.38;504.32;1545.7;1706.67;36.8844;2.1122
10.3401;1041.38;508.134;1549.52;1706.67;36.8333;2.1122
10.3501;1041.38;505.692;1547.08;1706.67;36.6049;2.1122
10.3601;1041.38;504.253;1545.64;1706.67;35.4677;2.1122
10.3701;1041.38;507.547;1548.93;1706.67;38.3853;2.1122
10.3801;1041.38;504.213;1545.6;1706.67;37.9775;2.1122
10.3901;1041.38;506.795;1548.18;1706.67;38.6953;2.1122
10.4001;1041.38;507.833;1549.22;1706.67;38.6043;2.1122
10.4101;1041.38;503.619;1545;1706.67;37.6087;2.1122
10.4201;1041.38;509.364;1550.75;1706.67;38.7663;2.1122
10.4301;1041.38;508.027;1549.41;1706.67;40.6863;2.1122
10.4401;1041.38;504.355;1545.74;1706.67;40.406;2.1122
10.4501;1041.38;506.636;1548.02;1706.67;41.7847;2.1122
10.4601;1041.38;504.548;1545.93;1706.67;40.75;2.1122
10.4701;1041.38;504.28;1545.66;1706.67;40.5463;2.1122
10.4801;1041.38;510.648;1552.03;1706.67;41.2382;2.1122
10.4901;1041.38;503.271;1544.66;1706.67;40.2611;2.1122
10.5001;1041.38;504.867;1546.25;1706.67;38.6645;2.1122
10.5101;1041.38;505.491;1546.88;1706.67;38.8872;2.1122
10.5201;1041.38;503.881;1545.27;1706.67;39.4731;2.1122
10.5301;1041.38;507.594;1548.98;1706.67;39.0058;2.1122
10.5401;1041.38;508.661;1550.05;1706.67;39.4598;2.1122
10.5501;1041.38;500.811;1542.2;1706.67;37.2617;2.1122
10.5601;1041.38;509.8;1551.18;1706.67;37.8649;2.1122
10.5701;1041.38;505.163;1546.55;1706.67;36.7682;2.1122
10.5801;1041.38;505.554;1546.94;1706.67;37.7269;2.1122
10.5901;1041.38;506.152;1547.54;1706.67;37.0092;2.1122
10.6001;1041.38;506.142;1547.53;1706.67;36.8229;2.1122
10.6101;1041.38;505.567;1546.95;1706.67;37.9136;2.1122
10.6201;1041.38;511.621;1553.01;1706.67;37.9994;2.1122
10.6301;1041.38;505.735;1547.12;1706.67;38.8532;2.1122
10.6401;1041.38;505.562;1546.95;1706.67;38.2029;2.1122
10.6501;1041.38;505.828;1547.21;1706.67;37.8507;2.1122
10.6601;1041.38;505.028;1546.41;1706.67;36.9874;2.1122
10.6701;1041.38;508.37;1549.75;1706.67;37.795;2.1122
10.6801;1041.38;507.388;1548.77;1706.67;36.9039;2.1122
10.6901;1041.38;505.29;1546.67;1706.67;39.6794;2.1122
10.7001;1041.38;504.565;1545.95;1706.67;39.3688;2.1122
10.7101;1041.38;506.062;1547.45;1706.67;39.7112;2.1122
10.7201;1041.38;506.78;1548.16;1706.67;39.9934;2.1122
10.7302;1041.38;506.634;1548.02;1706.67;38.6803;2.1122
10.7402;1041.38;506.75;1548.13;1706.67;38.632;2.1122
10.7502;1041.38;505.181;1546.57;1706.67;39.877;2.1122
10.7602;1041.38;504.104;1545.49;1706.67;39.2892;2.1122
10.7702;1041.38;506.61;1547.99;1706.67;40.6147;2.1122
10.7802;1041.38;505.505;1546.89;1706.67;39.6997;2.1122
10.7902;1041.38;505.243;1546.63;1706.67;39.3888;2.1122
10.8002;1041.38;508.146;1549.53;1706.67;39.5795;2.1122
10.8102;1041.38;506.252;1547.64;1706.67;38.5431;2.1122
10.8202;1041.38;505.59;1546.97;1706.67;37.268;2.1122
10.8302;1041.38;506.222;1547.61;1706.67;37.874;2.1122
10.8402;1041.38;503.812;1545.2;1706.67;37.3405;2.1122
10.8502;1041.38;507.616;1549;1706.67;37.4511;2.1122
10.8602;1041.38;508.891;1550.28;1706.67;38.5992;2.1122
10.8702;1041.38;504.247;1545.63;1706.67;36.2002;2.1122
10.8802;1041.38;507.805;1549.19;1706.67;38.6436;2.1122
10.8902;1041.38;504.583;1545.97;1706.67;37.6345;2.1122
10.9002;1041.38;504.466;1545.85;1706.67;37.5144;2.1122
10.9102;1041.38;508.378;1549.76;1706.67;37.383;2.1122
10.9202;1041.38;504.926;1546.31;1706.67;36.8898;2.1122
10.9302;1041.38;502.191;1543.58;1706.67;36.2574;2.1122
10.9402;1041.38;509.005;1550.39;1706.67;39.2826;2.1122
10.9502;1041.38;504.39;1545.77;1706.67;39.0218;2.1122
10.9602;1041.38;506.361;1547.75;1706.67;39.0011;2.1122
10.9702;1041.38;507.297;1548.68;1706.67;38.4988;2.1122
10.9802;1041.38;503.246;1544.63;1706.67;37.3019;2.1122
10.9902;1041.38;509.751;1551.14;1706.67;38.8545;2.1122
11.0002;1041.38;510.012;1551.4;1706.67;39.7347;2.1122
11.0102;1041.38;504.656;1546.04;1706.67;40.3516;2.1122
11.0202;1041.38;506.031;1547.42;1706.67;40.9033;2.1122
11.0302;1041.38;505.078;1546.46;1706.67;40.1425;2.1122
11.0402;1041.38;505.078;1546.46;1706.67;40.2469;2.1122
11.0502;1041.38;510.215;1551.6;1706.67;40.1227;2.1122
11.0602;1041.38;503.292;1544.68;1706.67;39.9207;2.1122
11.0702;1041.38;504.325;1545.71;1706.67;39.0649;2.1122
11.0802;1041.38;504.667;1546.05;1706.67;38.9536;2.1122
11.0902;1041.38;504.968;1546.35;1706.67;40.2307;2.1122
11.1002;1041.38;506.802;1548.19;1706.67;39.4791;2.1122
11.1102;1041.38;507.201;1548.58;1706.67;39.8328;2.1122
11.1202;1041.38;503.758;1545.14;1706.67;38.053;2.1122
11.1302;1041.38;510.024;1551.41;1706.67;38.1386;2.1122
11.1402;1041.38;505.18;1546.56;1706.67;36.9804;2.1122
11.1502;1041.38;505.798;1547.18;1706.67;37.868;2.1122
11.1602;1041.38;505.475;1546.86;1706.67;37.0235;2.1122
11.1702;1041.38;506.326;1547.71;1706.67;36.8077;2.1122
11.1802;1041.38;506.896;1548.28;1706.67;38.2924;2.1122
11.1902;1041.38;507.884;1549.27;1706.67;37.1331;2.1122
11.2002;1041.38;505.948;1547.33;1706.67;39.0886;2.1122
11.2102;1041.38;504.861;1546.25;1706.67;38.0813;2.1122
11.2202;1041.38;504.689;1546.07;1706.67;37.9323;2.1122
11.2302;1041.38;507.241;1548.62;1706.67;37.4987;2.1122
11.2402;1041.38;506.426;1547.81;1706.67;37.5576;2.1122
11.2502;1041.38;505.101;1546.49;1706.67;36.389;2.1122
11.2602;1041.38;506.299;1547.68;1706.67;39.2584;2.1122
11.2702;1041.38;503.996;1545.38;1706.67;38.6904;2.1122
11.2802;1041.38;506.473;1547.86;1706.67;39.1793;2.1122
11.2902;1041.38;507.384;1548.77;1706.67;39.2728;2.1122
11.3002;1041.38;504.756;1546.14;1706.67;37.8682;2.1122
11.3102;1041.38;508.751;1550.14;1706.67;38.7371;2.1122
11.3202;1041.38;507.542;1548.93;1706.67;40.5707;2.1122
11.3302;1041.38;504.143;1545.53;1706.67;40.0459;2.1122
11.3402;1041.38;506.718;1548.1;1706.67;40.4495;2.1122
11.3502;1041.38;504.771;1546.16;1706.67;39.4872;2.1122
11.3602;1041.38;503.991;1545.38;1706.67;39.3276;2.1122
11.3702;1041.38;510.358;1551.74;1706.67;40.258;2.1122
11.3802;1041.38;503.653;1545.04;1706.67;39.3188;2.1122
11.3902;1041.38;505.153;1546.54;1706.67;37.9565;2.1122
11.4002;1041.38;505.73;1547.11;1706.67;38.0872;2.1122
11.4102;1041.38;503.828;1545.21;1706.67;38.2251;2.1122
11.4202;1041.38;507.827;1549.21;1706.67;38.14;2.1122
11.4302;1041.38;509.354;1550.74;1706.67;39.5033;2.1122
11.4402;1041.38;500.562;1541.95;1706.67;36.9061;2.1122
11.4502;1041.38;509.241;1550.63;1706.67;38.5745;2.1122
11.4602;1041.38;504.847;1546.23;1706.67;37.4374;2.1122
11.4702;1041.38;504.936;1546.32;1706.67;37.6203;2.1122
11.4802;1041.38;507.899;1549.28;1706.67;37.3176;2.1122
11.4902;1041.38;504.971;1546.36;1706.67;36.818;2.1122
11.5002;1041.38;503.519;1544.9;1706.67;36.9554;2.1122
11.5102;1041.38;511.889;1553.27;1706.67;38.9756;2.1122
11.5202;1041.38;505.104;1546.49;1706.67;39.1743;2.1122
11.5302;1041.38;505.553;1546.94;1706.67;38.6384;2.1122
11.5402;1041.38;506.105;1547.49;1706.67;38.116;2.1122
11.5502;1041.38;504.562;1545.95;1706.67;37.7514;2.1122
11.5602;1041.38;509.226;1550.61;1706.67;39.0527;2.1122
11.5702;1041.38;509.213;1550.6;1706.67;39.0479;2.1122
11.5802;1041.38;505.093;1546.48;1706.67;40.6877;2.1122
11.5902;1041.38;505.057;1546.44;1706.67;39.7922;2.1122
11.6002;1041.38;505.778;1547.16;1706.67;39.6217;2.1122
11.6102;1041.38;506.305;1547.69;1706.67;39.9537;2.1122
11.6202;1041.38;508.188;1549.57;1706.67;39.2314;2.1122
11.6302;1041.38;505.575;1546.96;1706.67;39.9124;2.1122
11.6402;1041.38;504.607;1545.99;1706.67;40.004;2.1122
11.6502;1041.38;504.139;1545.52;1706.67;39.5227;2.1122
11.6602;1041.38;506.504;1547.89;1706.67;41.0196;2.1122
11.6702;1041.38;505.397;1546.78;1706.67;40.0806;2.1122
11.6802;1041.38;505.257;1546.64;1706.67;39.8723;2.1122
11.6902;1041.38;507.761;1549.15;1706.67;39.3782;2.1122
11.7002;1041.38;507.104;1548.49;1706.67;38.6519;2.1122
11.7102;1041.38;505.476;1546.86;1706.67;37.395;2.1122
11.7202;1041.38;506.179;1547.56;1706.67;38.1474;2.1122
11.7302;1041.38;504.117;1545.5;1706.67;37.2647;2.1122
11.7402;1041.38;507.51;1548.89;1706.67;37.1994;2.1122
11.7502;1041.38;508.607;1549.99;1706.67;38.4855;2.1122
11.7602;1041.38;504.932;1546.32;1706.67;36.5667;2.1122
11.7702;1041.38;506.689;1548.07;1706.67;38.8229;2.1122
11.7802;1041.38;504.518;1545.9;1706.67;37.9197;2.1122
11.7902;1041.38;504.203;1545.59;1706.67;38.1139;2.1122
11.8002;1041.38;508.393;1549.78;1706.67;37.7882;2.1122
11.8102;1041.38;504.976;1546.36;1706.67;37.4228;2.1122
11.8202;1041.38;502.391;1543.78;1706.67;36.4793;2.1122
11.8302;1041.38;508.989;1550.37;1706.67;38.1207;2.1122
11.8402;1041.38;504.447;1545.83;1706.67;37.6722;2.1122
11.8502;1041.38;506.534;1547.92;1706.67;38.2497;2.1122
11.8602;1041.38;507.465;1548.85;1706.67;38.083;2.1122
11.8702;1041.38;503.394;1544.78;1706.67;37.0978;2.1122
11.8802;1041.38;509.899;1551.28;1706.67;38.6061;2.1122
11.8902;1041.38;510.123;1551.51;1706.67;39.8922;2.1122
11.9002;1041.38;504.875;1546.26;1706.67;39.922;2.1122
11.9102;1041.38;505.861;1547.25;1706.67;39.6757;2.1122
11.9202;1041.38;505.02;1546.4;1706.67;39.8154;2.1122
11.9302;1041.38;504.998;1546.38;1706.67;39.8198;2.1122
11.9402;1041.38;510.453;1551.84;1706.67;40.5113;2.1122
11.9502;1041.38;503.285;1544.67;1706.67;39.838;2.1122
11.9602;1041.38;504.519;1545.9;1706.67;40.4601;2.1122
11.9702;1041.38;504.827;1546.21;1706.67;40.0633;2.1122
11.9802;1041.38;505.443;1546.83;1706.67;40.7326;2.1122
11.9902;1041.38;507.216;1548.6;1706.67;39.9759;2.1122
12.0002;1041.38;507.908;1549.29;1706.67;39.6649;2.1122
12.0102;1041.38;504.194;1545.58;1706.67;37.5767;2.1122
12.0202;1041.38;510.514;1551.9;1706.67;37.9639;2.1122
12.0302;1041.38;505.515;1546.9;1706.67;36.8839;2.1122
12.0402;1041.38;506.009;1547.39;1706.67;37.6778;2.1122
12.0502;1041.38;505.742;1547.13;1706.67;37.0456;2.1122
12.0602;1041.38;506.273;1547.66;1706.67;36.8069;2.1122
12.0702;1041.38;506.372;1547.76;1706.67;37.6861;2.1122
12.0802;1041.38;508.486;1549.87;1706.67;35.6229;2.1122
12.0902;1041.38;506.297;1547.68;1706.67;37.3552;2.1122
12.1002;1041.38;505.099;1546.48;1706.67;36.8389;2.1122
12.1102;1041.38;504.987;1546.37;1706.67;36.8424;2.1122
12.1202;1041.38;507.217;1548.6;1706.67;36.8649;2.1122
12.1302;1041.38;507.389;1548.77;1706.67;37.6607;2.1122
12.1402;1041.38;506.099;1547.48;1706.67;36.8611;2.1122
12.1502;1041.38;506.371;1547.76;1706.67;39.9013;2.1122
12.1602;1041.38;504.553;1545.94;1706.67;39.2363;2.1122
12.1702;1041.38;506.914;1548.3;1706.67;39.6304;2.1122
12.1802;1041.38;508.059;1549.44;1706.67;39.8182;2.1122
12.1902;1041.38;505.108;1546.49;1706.67;38.4481;2.1122
12.2002;1041.38;509.176;1550.56;1706.67;39.7533;2.1122
12.2102;1041.38;507.86;1549.24;1706.67;41.1635;2.1122
12.2202;1041.38;504.487;1545.87;1706.67;40.4736;2.1122
12.2302;1041.38;507.412;1548.8;1706.67;41.2162;2.1122
12.2402;1041.38;505.228;1546.61;1706.67;40.3029;2.1122
12.2502;1041.38;504.72;1546.1;1706.67;39.8265;2.1122
12.2602;1041.38;510.833;1552.22;1706.67;40.5488;2.1122
12.2702;1041.38;504.366;1545.75;1706.67;39.2938;2.1122
12.2802;1041.38;505.491;1546.88;1706.67;38.5912;2.1122
12.2902;1041.38;506.231;1547.62;1706.67;38.7525;2.1122
12.3002;1041.38;504.459;1545.84;1706.67;38.3654;2.1122
12.3102;1041.38;508.323;1549.71;1706.67;38.3052;2.1122
12.3202;1041.38;509.691;1551.08;1706.67;38.6755;2.1122
12.3302;1041.38;500.923;1542.31;1706.67;37.0953;2.1122
12.3402;1041.38;509.768;1551.15;1706.67;38.9384;2.1122
12.3502;1041.38;505.579;1546.96;1706.67;37.8186;2.1122
12.3602;1041.38;505.667;1547.05;1706.67;38.4369;2.1122
12.3702;1041.38;508.11;1549.49;1706.67;37.5916;2.1122
12.3802;1041.38;505.953;1547.34;1706.67;36.9439;2.1122
12.3902;1041.38;504.458;1545.84;1706.67;36.7649;2.1122
12.4002;1041.38;512.737;1554.12;1706.67;36.5702;2.1122
12.4102;1041.38;505.873;1547.26;1706.67;38.0251;2.1122
12.4202;1041.38;506.503;1547.89;1706.67;38.1416;2.1122
12.4302;1041.38;506.614;1548;1706.67;37.6872;2.1122
12.4402;1041.38;505.11;1546.49;1706.67;37.3018;2.1122
12.4502;1041.38;509.88;1551.26;1706.67;37.6853;2.1122
12.4602;1041.38;509.596;1550.98;1706.67;38.7236;2.1122
12.4702;1041.38;505.77;1547.15;1706.67;39.8244;2.1122
12.4802;1041.38;505.613;1547;1706.67;39.362;2.1122
12.4902;1041.38;506.454;1547.84;1706.67;39.7905;2.1122
12.5002;1041.38;506.854;1548.24;1706.67;40.0298;2.1122
12.5102;1041.38;508.255;1549.64;1706.67;39.7948;2.1122
12.5202;1041.38;506.556;1547.94;1706.67;39.925;2.1122
12.5302;1041.38;504.946;1546.33;1706.67;41.3718;2.1122
12.5402;1041.38;504.814;1546.2;1706.67;40.7365;2.1122
12.5502;1041.38;507.062;1548.45;1706.67;41.8888;2.1122
12.5602;1041.38;506.49;1547.87;1706.67;40.7474;2.1122
12.5702;1041.38;506.282;1547.67;1706.67;40.2387;2.1122
12.5802;1041.38;508.184;1549.57;1706.67;38.8098;2.1122
12.5902;1041.38;507.499;1548.88;1706.67;38.2941;2.1122
12.6002;1041.38;506.16;1547.54;1706.67;37.1282;2.1122
12.6102;1041.38;506.892;1548.28;1706.67;37.5416;2.1122
12.6202;1041.38;504.502;1545.89;1706.67;36.7976;2.1122
12.6302;1041.38;508.284;1549.67;1706.67;36.8358;2.1122
12.6402;1041.38;509.484;1550.87;1706.67;38.379;2.1122
12.6502;1041.38;505.421;1546.81;1706.67;36.0253;2.1122
12.6602;1041.38;507.734;1549.12;1706.67;38.3719;2.1122
12.6702;1041.38;505.315;1546.7;1706.67;37.6083;2.1122
12.6802;1041.38;504.839;1546.22;1706.67;37.7025;2.1122
12.6902;1041.38;509.071;1550.45;1706.67;37.452;2.1122
12.7002;1041.38;505.841;1547.23;1706.67;37.5233;2.1122
12.7102;1041.38;503.107;1544.49;1706.67;36.364;2.1122
12.7202;1041.38;509.739;1551.12;1706.67;38.7635;2.1122
12.7302;1041.38;505.23;1546.61;1706.67;38.6462;2.1122
12.7402;1041.38;507.357;1548.74;1706.67;38.3458;2.1122
12.7502;1041.38;508.227;1549.61;1706.67;38.4427;2.1122
12.7602;1041.38;504.06;1545.44;1706.67;37.3147;2.1122
12.7702;1041.38;510.682;1552.07;1706.67;38.7856;2.1122
12.7802;1041.38;510.497;1551.88;1706.67;38.6523;2.1122
12.7902;1041.38;505.532;1546.92;1706.67;38.5122;2.1122
12.8002;1041.38;506.787;1548.17;1706.67;38.8357;2.1122
12.8102;1041.38;505.745;1547.13;1706.67;38.8316;2.1122
12.8202;1041.38;505.599;1546.98;1706.67;39.3219;2.1122
12.8302;1041.38;511.589;1552.97;1706.67;40.4714;2.1122
12.8402;1041.38;503.898;1545.28;1706.67;39.4857;2.1122
12.8502;1041.38;505.331;1546.71;1706.67;39.4907;2.1122
12.8602;1041.38;505.693;1547.08;1706.67;39.0563;2.1122
12.8702;1041.38;505.757;1547.14;1706.67;39.1805;2.1122
12.8802;1041.38;507.904;1549.29;1706.67;38.8366;2.1122
12.8902;1041.38;508.431;1549.82;1706.67;38.9225;2.1122
12.9002;1041.38;504.811;1546.2;1706.67;38.3063;2.1122
12.9102;1041.38;511.065;1552.45;1706.67;39.1708;2.1122
12.9202;1041.38;506.091;1547.48;1706.67;37.9909;2.1122
12.9302;1041.38;506.736;1548.12;1706.67;38.7048;2.1122
12.9402;1041.38;506.413;1547.8;1706.67;37.7605;2.1122
12.9502;1041.38;506.745;1548.13;1706.67;37.3099;2.1122
12.9602;1041.38;506.643;1548.03;1706.67;37.5967;2.1122
12.9702;1041.38;511.112;1552.5;1706.67;36.2693;2.1122
12.9802;1041.38;506.72;1548.1;1706.67;38.473;2.1122
12.9902;1041.38;506.026;1547.41;1706.67;38.0529;2.1122
13.0002;1041.38;506.012;1547.4;1706.67;37.6056;2.1122
13.0102;1041.38;507.031;1548.42;1706.67;37.4131;2.1122
13.0202;1041.38;507.798;1549.18;1706.67;37.3331;2.1122
13.0302;1041.38;506.857;1548.24;1706.67;37.224;2.1122
13.0402;1041.38;506.417;1547.8;1706.67;39.6182;2.1122
13.0502;1041.38;504.93;1546.31;1706.67;38.8553;2.1122
13.0602;1041.38;507.403;1548.79;1706.67;39.2901;2.1122
13.0702;1041.38;508.533;1549.92;1706.67;39.7271;2.1122
13.0802;1041.38;505.537;1546.92;1706.67;38.5486;2.1122
13.0902;1041.38;508.866;1550.25;1706.67;39.5143;2.1122
13.1002;1041.38;507.358;1548.74;1706.67;41.5348;2.1122
13.1102;1041.38;504.859;1546.24;1706.67;40.6805;2.1122
13.1202;1041.38;507.809;1549.19;1706.67;42.0498;2.1122
13.1302;1041.38;505.655;1547.04;1706.67;40.9165;2.1122
13.1402;1041.38;504.942;1546.33;1706.67;40.7001;2.1122
13.1502;1041.38;511.114;1552.5;1706.67;41.5035;2.1122
13.1602;1041.38;505.158;1546.54;1706.67;40.1946;2.1122
13.1702;1041.38;505.994;1547.38;1706.67;38.633;2.1122
13.1802;1041.38;506.895;1548.28;1706.67;38.7332;2.1122
13.1902;1041.38;504.559;1545.94;1706.67;39.2497;2.1122
13.2002;1041.38;508.867;1550.25;1706.67;38.9473;2.1122
13.2102;1041.38;510.228;1551.61;1706.67;39.5946;2.1122
13.2202;1041.38;501.546;1542.93;1706.67;37.3421;2.1122
13.2302;1041.38;510.252;1551.64;1706.67;37.8902;2.1122
13.2402;1041.38;505.679;1547.06;1706.67;37.0436;2.1122
13.2502;1041.38;506.036;1547.42;1706.67;37.7518;2.1122
13.2602;1041.38;508.491;1549.88;1706.67;37.116;2.1122
13.2702;1041.38;506.066;1547.45;1706.67;36.8994;2.1122
13.2802;1041.38;504.561;1545.95;1706.67;36.2504;2.1122
13.2902;1041.38;512.804;1554.19;1706.67;37.0508;2.1122
13.3002;1041.38;506.107;1547.49;1706.67;38.0966;2.1122
13.3102;1041.38;506.807;1548.19;1706.67;37.521;2.1122
13.3202;1041.38;507.396;1548.78;1706.67;37.3736;2.1122
13.3302;1041.38;505.392;1546.78;1706.67;36.7633;2.1122
13.3402;1041.38;510.249;1551.63;1706.67;37.5561;2.1122
13.3502;1041.38;509.75;1551.13;1706.67;36.8466;2.1122
13.3602;1041.38;506.127;1547.51;1706.67;37.6261;2.1122
13.3702;1041.38;505.951;1547.34;1706.67;37.7588;2.1122
13.3802;1041.38;507.137;1548.52;1706.67;38.4894;2.1122
13.3902;1041.38;507.77;1549.15;1706.67;39.0267;2.1122
13.4002;1041.38;509.015;1550.4;1706.67;39.7383;2.1122
13.4102;1041.38;506.313;1547.7;1706.67;39.3496;2.1122
13.4202;1041.38;505.428;1546.81;1706.67;40.3895;2.1122
13.4302;1041.38;505.463;1546.85;1706.67;39.8147;2.1122
13.4402;1041.38;507.464;1548.85;1706.67;40.7973;2.1122
13.4502;1041.38;507.087;1548.47;1706.67;39.9448;2.1122
13.4602;1041.38;507.218;1548.6;1706.67;39.6514;2.1122
13.4702;1041.38;508.296;1549.68;1706.67;40.0224;2.1122
13.4802;1041.38;507.927;1549.31;1706.67;39.3822;2.1122
13.4902;1041.38;506.79;1548.17;1706.67;37.9337;2.1122
13.5002;1041.38;507.576;1548.96;1706.67;38.3247;2.1122
13.5102;1041.38;505.411;1546.8;1706.67;37.7735;2.1122
13.5202;1041.38;508.381;1549.77;1706.67;37.3964;2.1122
13.5302;1041.38;509.257;1550.64;1706.67;38.3851;2.1122
13.5402;1041.38;507.132;1548.52;1706.67;36.2814;2.1122
13.5502;1041.38;507.206;1548.59;1706.67;38.7195;2.1122
13.5602;1041.38;505.79;1547.17;1706.67;37.9771;2.1122
13.5702;1041.38;505.383;1546.77;1706.67;37.6539;2.1122
13.5802;1041.38;508.973;1550.36;1706.67;37.4546;2.1122
13.5902;1041.38;506.717;1548.1;1706.67;36.9496;2.1122
13.6002;1041.38;504.619;1546;1706.67;36.2351;2.1122
13.6102;1041.38;508.899;1550.28;1706.67;39.321;2.1122
13.6202;1041.38;505.133;1546.52;1706.67;38.9101;2.1122
13.6302;1041.38;507.603;1548.99;1706.67;38.9965;2.1122
13.6402;1041.38;508.546;1549.93;1706.67;38.4747;2.1122
13.6502;1041.38;504.429;1545.81;1706.67;37.3611;2.1122
13.6602;1041.38;510.724;1552.11;1706.67;38.9921;2.1122
13.6702;1041.38;510.093;1551.48;1706.67;40.2481;2.1122
13.6802;1041.38;505.458;1546.84;1706.67;40.4081;2.1122
13.6902;1041.38;507.485;1548.87;1706.67;41.204;2.1122
13.7002;1041.38;505.808;1547.19;1706.67;40.4112;2.1122
13.7102;1041.38;505.578;1546.96;1706.67;40.4637;2.1122
13.7202;1041.38;511.602;1552.99;1706.67;40.6144;2.1122
13.7302;1041.38;504.002;1545.39;1706.67;39.3494;2.1122
13.7402;1041.38;505.645;1547.03;1706.67;38.5809;2.1122
13.7502;1041.38;506.131;1547.52;1706.67;38.5643;2.1122
13.7602;1041.38;505.407;1546.79;1706.67;39.8983;2.1122
13.7702;1041.38;508.553;1549.94;1706.67;39.4761;2.1122
13.7802;1041.38;509.556;1550.94;1706.67;39.8646;2.1122
13.7902;1041.38;503.151;1544.54;1706.67;38.0892;2.1122
13.8002;1041.38;510.977;1552.36;1706.67;37.9977;2.1122
13.8102;1041.38;506.115;1547.5;1706.67;37.0188;2.1122
13.8202;1041.38;506.615;1548;1706.67;37.8796;2.1122
13.8302;1041.38;507.489;1548.87;1706.67;37.0975;2.1122
13.8402;1041.38;506.478;1547.86;1706.67;36.9155;2.1122
13.8502;1041.38;506.196;1547.58;1706.67;36.7966;2.1122
13.8602;1041.38;512.782;1554.17;1706.67;36.7948;2.1122
13.8702;1041.38;506.518;1547.9;1706.67;38.4331;2.1122
13.8802;1041.38;506.348;1547.73;1706.67;37.7317;2.1122
13.8902;1041.38;506.367;1547.75;1706.67;37.3616;2.1122
13.9002;1041.38;506.737;1548.12;1706.67;37.0407;2.1122
13.9102;1041.38;508.807;1550.19;1706.67;37.388;2.1122
13.9202;1041.38;507.75;1549.13;1706.67;36.4278;2.1122
13.9302;1041.38;506.276;1547.66;1706.67;37.8462;2.1122
13.9402;1041.38;505.298;1546.68;1706.67;37.7439;2.1122
13.9502;1041.38;507.169;1548.55;1706.67;38.559;2.1122
13.9602;1041.38;508.127;1549.51;1706.67;38.96;2.1122
13.9702;1041.38;506.775;1548.16;1706.67;38.8909;2.1122
13.9802;1041.38;507.913;1549.3;1706.67;39.1924;2.1122
13.9902;1041.38;506.695;1548.08;1706.67;41.0114;2.1122
14.0002;1041.38;504.912;1546.3;1706.67;40.3675;2.1122
14.0102;1041.38;507.782;1549.17;1706.67;41.6757;2.1122
14.0202;1041.38;505.996;1547.38;1706.67;40.5549;2.1122
14.0302;1041.38;505.574;1546.96;1706.67;40.2044;2.1122
14.0402;1041.38;509.961;1551.35;1706.67;41.0469;2.1122
14.0502;1041.38;506.837;1548.22;1706.67;40.3285;2.1122
14.0602;1041.38;506.324;1547.71;1706.67;38.7474;2.1122
14.0702;1041.38;507.144;1548.53;1706.67;38.8295;2.1122
14.0802;1041.38;504.532;1545.92;1706.67;38.5569;2.1122
14.0902;1041.38;508.797;1550.18;1706.67;38.2031;2.1122
14.1002;1041.38;510.104;1551.49;1706.67;39.5187;2.1122
14.1102;1041.38;503.806;1545.19;1706.67;36.9351;2.1122
14.1202;1041.38;509.394;1550.78;1706.67;38.8733;2.1122
14.1302;1041.38;505.617;1547;1706.67;37.7112;2.1122
14.1402;1041.38;505.545;1546.93;1706.67;37.7619;2.1122
14.1502;1041.38;509.33;1550.71;1706.67;37.4992;2.1122
14.1602;1041.38;505.664;1547.05;1706.67;36.9294;2.1122
14.1702;1041.38;503.338;1544.72;1706.67;36.8734;2.1122
14.1802;1041.38;510.597;1551.98;1706.67;39.6874;2.1122
14.1902;1041.38;505.551;1546.94;1706.67;39.4651;2.1122
14.2002;1041.38;507.163;1548.55;1706.67;39.0613;2.1122
14.2102;1041.38;508.037;1549.42;1706.67;38.4602;2.1122
14.2202;1041.38;504.311;1545.69;1706.67;37.3339;2.1122
14.2302;1041.38;510.593;1551.98;1706.67;38.9411;2.1122
14.2402;1041.38;510.967;1552.35;1706.67;39.379;2.1122
14.2502;1041.38;505.74;1547.12;1706.67;40.7933;2.1122
14.2602;1041.38;506.582;1547.97;1706.67;40.9824;2.1122
14.2702;1041.38;506.355;1547.74;1706.67;40.5783;2.1122
14.2802;1041.38;506.403;1547.79;1706.67;40.7498;2.1122
14.2902;1041.38;510.048;1551.43;1706.67;39.7847;2.1122
14.3002;1041.38;505.395;1546.78;1706.67;39.0817;2.1122
14.3102;1041.38;505.128;1546.51;1706.67;39.0311;2.1122
14.3202;1041.38;505.344;1546.73;1706.67;38.7327;2.1122
14.3302;1041.38;506.533;1547.92;1706.67;40.425;2.1122
14.3402;1041.38;507.503;1548.89;1706.67;39.88;2.1122
14.3502;1041.38;507.746;1549.13;1706.67;39.9827;2.1122
14.3602;1041.38;506.377;1547.76;1706.67;38.9272;2.1122
14.3702;1041.38;510.954;1552.34;1706.67;38.6124;2.1122
14.3802;1041.38;506.272;1547.66;1706.67;37.6403;2.1122
14.3902;1041.38;506.959;1548.34;1706.67;38.4575;2.1122
14.4002;1041.38;505.827;1547.21;1706.67;37.5671;2.1122
14.4102;1041.38;507.491;1548.88;1706.67;37.4728;2.1122
14.4202;1041.38;508.068;1549.45;1706.67;37.8796;2.1122
14.4302;1041.38;507.704;1549.09;1706.67;36.4449;2.1122
14.4402;1041.38;506.887;1548.27;1706.67;38.8908;2.1122
14.4502;1041.38;505.474;1546.86;1706.67;37.9853;2.1122
14.4602;1041.38;505.423;1546.81;1706.67;37.593;2.1122
14.4702;1041.38;508.347;1549.73;1706.67;37.3902;2.1122
14.4802;1041.38;506.803;1548.19;1706.67;37.2217;2.1122
14.4902;1041.38;505.318;1546.7;1706.67;36.136;2.1122
14.5002;1041.38;507.632;1549.02;1706.67;38.8627;2.1122
14.5102;1041.38;504.788;1546.17;1706.67;38.3198;2.1122
14.5202;1041.38;507.457;1548.84;1706.67;38.8752;2.1122
14.5302;1041.38;508.612;1550;1706.67;38.809;2.1122
14.5402;1041.38;504.782;1546.17;1706.67;37.8388;2.1122
14.5502;1041.38;510.28;1551.66;1706.67;38.9845;2.1122
14.5602;1041.38;509.101;1550.49;1706.67;40.611;2.1122
14.5702;1041.38;505.222;1546.61;1706.67;40.2753;2.1122
14.5802;1041.38;507.457;1548.84;1706.67;41.2933;2.1122
14.5902;1041.38;505.496;1546.88;1706.67;40.2663;2.1122
14.6002;1041.38;505.22;1546.6;1706.67;40.2462;2.1122
14.6102;1041.38;511.274;1552.66;1706.67;41.2084;2.1122
14.6202;1041.38;504.712;1546.1;1706.67;39.9959;2.1122
14.6302;1041.38;505.817;1547.2;1706.67;38.6165;2.1122
14.6402;1041.38;506.54;1547.92;1706.67;38.6538;2.1122
14.6502;1041.38;504.595;1545.98;1706.67;39.2523;2.1122
14.6602;1041.38;508.714;1550.1;1706.67;38.938;2.1122
14.6702;1041.38;510.123;1551.51;1706.67;39.5641;2.1122
14.6802;1041.38;501.365;1542.75;1706.67;37.3549;2.1122
14.6902;1041.38;510.389;1551.77;1706.67;37.9947;2.1122
14.7002;1041.38;505.936;1547.32;1706.67;36.9599;2.1122
14.7102;1041.38;506.236;1547.62;1706.67;37.6394;2.1122
14.7202;1041.38;508.271;1549.66;1706.67;37.0175;2.1122
14.7302;1041.38;505.987;1547.37;1706.67;36.7969;2.1122
14.7402;1041.38;505.122;1546.51;1706.67;37.4669;2.1122
14.7502;1041.38;513.086;1554.47;1706.67;38.6927;2.1122
14.7602;1041.38;506.185;1547.57;1706.67;39.1697;2.1122
14.7702;1041.38;506.686;1548.07;1706.67;38.4771;2.1122
14.7802;1041.38;506.887;1548.27;1706.67;38.0377;2.1122
14.7902;1041.38;505.54;1546.92;1706.67;37.2698;2.1122
14.8002;1041.38;509.684;1551.07;1706.67;38.0864;2.1122
14.8102;1041.38;508.779;1550.16;1706.67;37.2728;2.1122
14.8202;1041.38;506.18;1547.56;1706.67;39.9997;2.1122
14.8302;1041.38;505.479;1546.86;1706.67;39.6914;2.1122
14.8402;1041.38;507.253;1548.64;1706.67;39.9436;2.1122
14.8502;1041.38;507.904;1549.29;1706.67;40.1414;2.1122
14.8602;1041.38;507.97;1549.35;1706.67;38.8523;2.1122
14.8702;1041.38;507.567;1548.95;1706.67;38.7411;2.1122
14.8802;1041.38;505.92;1547.3;1706.67;39.9519;2.1122
14.8902;1041.38;505.061;1546.45;1706.67;39.3949;2.1122
14.9002;1041.38;507.736;1549.12;1706.67;40.6331;2.1122
14.9102;1041.38;506.413;1547.8;1706.67;39.8189;2.1122
14.9202;1041.38;506.192;1547.58;1706.67;39.5565;2.1122
14.9302;1041.38;509.187;1550.57;1706.67;39.9722;2.1122
14.9402;1041.38;507.952;1549.34;1706.67;39.0176;2.1122
14.9502;1041.38;506.38;1547.76;1706.67;37.7559;2.1122
14.9602;1041.38;507.278;1548.66;1706.67;38.3299;2.1122
14.9702;1041.38;505;1546.38;1706.67;37.7544;2.1122
14.9802;1041.38;508.998;1550.38;1706.67;37.9313;2.1122
14.9902;1041.38;509.994;1551.38;1706.67;38.9345;2.1122
