0;1031.1;-8.37117;1022.73;1365.33;2.7167;2.71253
0.01;1031.1;-8.47883;1022.62;1365.33;2.6934;2.71253
0.02;1031.1;-8.34663;1022.76;1365.33;2.9021;2.71253
0.03;1031.1;-6.28437;1024.82;1365.33;3.0189;2.71253
0.04;1031.1;-0.812817;1030.29;1365.33;3.8204;2.71253
0.05;1031.1;5.24871;1036.35;1365.33;4.0055;2.71253
0.06;1031.1;11.9742;1043.08;1365.33;3.6806;2.71253
0.07;1031.1;16.7421;1047.85;1365.33;4.1772;2.71253
0.08;1031.1;22.1818;1053.29;1365.33;5.0371;2.71253
0.09;1031.1;27.1767;1058.28;1365.33;5.3753;2.71253
0.1;1031.1;33.4567;1064.56;1365.33;4.8866;2.71253
0.11;1031.1;38.9263;1070.03;1365.33;3.0435;2.71253
0.12;1031.1;46.0888;1077.19;1365.33;2.0395;2.71253
0.13;1031.1;51.106;1082.21;1365.33;1.6118;2.71253
0.14;1031.1;56.4356;1087.54;1365.33;2.8529;2.71253
0.15;1031.1;60.4151;1091.52;1365.33;3.8032;2.71253
0.16;1031.1;64.4111;1095.51;1365.33;4.1278;2.71253
0.17;1031.1;69.7663;1100.87;1365.33;3.8206;2.71253
0.18;1031.1;76.1009;1107.2;1365.33;2.2893;2.71253
0.19;1031.1;81.2391;1112.34;1365.33;2.0466;2.71253
0.2;1031.1;86.9047;1118.01;1365.33;3.3355;2.71253
0.21;1031.1;90.654;1121.76;1365.33;7.3752;2.71253
0.22;1031.1;92.2958;1123.4;1365.33;10.6849;2.71253
0.23;1031.1;92.2791;1123.38;1365.33;12.3865;2.71253
0.24;1031.1;100.517;1131.62;1365.33;12.9731;2.71253
0.25;1031.1;100.888;1131.99;1365.33;11.8973;2.71253
0.26;1031.1;106.468;1137.57;1365.33;10.8986;2.71253
0.27;1031.1;111.74;1142.84;1365.33;9.7259;2.71253
0.28;1031.1;113.506;1144.61;1365.33;9.2828;2.71253
0.29;1031.1;116.11;1147.21;1365.33;10.731;2.71253
0.3;1031.1;118.945;1150.05;1365.33;11.0889;2.71253
0.31;1031.1;123.784;1154.89;1365.33;12.4146;2.71253
0.32;1031.1;126.136;1157.24;1365.33;12.4565;2.71253
0.33;1031.1;128.673;1159.78;1365.33;13.463;2.71253
0.34;1031.1;128.84;1159.94;1365.33;12.5405;2.71253
0.35;1031.1;134.293;1165.4;1365.33;13.0357;2.71253
0.36;1031.1;136.609;1167.71;1365.33;12.8886;2.71253
0.37;1031.1;140.813;1171.92;1365.33;12.5417;2.71253
0.38;1031.1;144.247;1175.35;1365.33;11.6489;2.71253
0.39;1031.1;149.372;1180.48;1365.33;13.6559;2.71253
0.4;1031.1;149.008;1180.11;1365.33;14.5018;2.71253
0.41;1031.1;152.404;1183.51;1365.33;16.0537;2.71253
0.42;1031.1;156.372;1187.48;1365.33;16.607;2.71253
0.43;1031.1;157.722;1188.83;1365.33;15.8162;2.71253
0.44;1031.1;161.013;1192.12;1365.33;13.5843;2.71253
0.45;1031.1;162.003;1193.11;1365.33;12.6514;2.71253
0.46;1031.1;167.071;1198.17;1365.33;13.6948;2.71253
0.47;1031.1;168.44;1199.54;1365.33;14.4107;2.71253
0.48;1031.1;172.651;1203.75;1365.33;15.8051;2.71253
0.49;1031.1;170.529;1201.63;1365.33;16.9005;2.71253
0.5;1031.1;176.017;1207.12;1365.33;16.6843;2.71253
0.51;1031.1;178.414;1209.52;1365.33;16.8589;2.71253
0.52;1031.1;176.648;1207.75;1365.33;15.792;2.71253
0.53;1031.1;180.481;1211.58;1365.33;15.6471;2.71253
0.54;1031.1;185.168;1216.27;1365.33;16.4145;2.71253
0.55;1031.1;186.669;1217.77;1365.33;16.3353;2.71253
0.56;1031.1;185.6;1216.7;1365.33;17.6321;2.71253
0.57;1031.1;188.669;1219.77;1365.33;16.6021;2.71253
0.58;1031.1;192.33;1223.43;1365.33;18.8151;2.71253
0.59;1031.1;191.091;1222.19;1365.33;19.0944;2.71253
0.6;1031.1;194.329;1225.43;1365.33;19.4881;2.71253
0.61;1031.1;195.646;1226.75;1365.33;20.3261;2.71253
0.62;1031.1;192.938;1224.04;1365.33;20.292;2.71253
0.63;1031.1;199.469;1230.57;1365.33;20.4358;2.71253
0.64;1031.1;202.447;1233.55;1365.33;19.967;2.71253
0.65;1031.1;203.673;1234.78;1365.33;21.849;2.71253
0.66;1031.1;203.502;1234.61;1365.33;20.8834;2.71253
0.67;1031.1;207.926;1239.03;1365.33;20.6119;2.71253
0.68;1031.1;209.013;1240.12;1365.33;20.0737;2.71253
0.69;1031.1;208.925;1240.03;1365.33;20.4007;2.71253
0.7;1031.1;211.273;1242.38;1365.33;19.6968;2.71253
0.71;1031.1;213.881;1244.98;1365.33;20.5127;2.71253
0.72;1031.1;213.385;1244.49;1365.33;20.5982;2.71253
0.73;1031.1;216.392;1247.5;1365.33;20.4814;2.71253
0.74;1031.1;218.436;1249.54;1365.33;21.7673;2.71253
0.75;1031.1;220.14;1251.24;1365.33;22.5727;2.71253
0.76;1031.1;220.315;1251.42;1365.33;22.3193;2.71253
0.77;1031.1;223.238;1254.34;1365.33;22.2407;2.71253
0.78;1031.1;221.49;1252.59;1365.33;21.3729;2.71253
0.79;1031.1;223.028;1254.13;1365.33;20.3055;2.71253
0.8;1031.1;227.14;1258.24;1365.33;21.3008;2.71253
0.81;1031.1;228.755;1259.86;1365.33;20.9582;2.71253
0.82;1031.1;228.974;1260.08;1365.33;20.5576;2.71253
0.83;1031.1;229.586;1260.69;1365.33;21.1143;2.71253
0.839999;1031.1;229.503;1260.61;1365.33;20.8554;2.71253
0.849999;1031.1;231.656;1262.76;1365.33;20.7524;2.71253
0.859999;1031.1;232.319;1263.42;1365.33;21.762;2.71253
0.869999;1031.1;232.345;1263.45;1365.33;21.4585;2.71253
0.879999;1031.1;236.431;1267.53;1365.33;21.147;2.71253
0.889999;1031.1;238.882;1269.99;1365.33;22.0975;2.71253
0.899999;1031.1;237.619;1268.72;1365.33;20.6931;2.71253
0.909999;1031.1;239.709;1270.81;1365.33;21.7174;2.71253
0.919999;1031.1;241.196;1272.3;1365.33;22.164;2.71253
0.929999;1031.1;240.853;1271.96;1365.33;21.7559;2.71253
0.939999;1031.1;243.439;1274.54;1365.33;21.7566;2.71253
0.949999;1031.1;246.504;1277.61;1365.33;21.9381;2.71253
0.959999;1031.1;244.265;1275.37;1365.33;20.5697;2.71253
0.969999;1031.1;247.313;1278.42;1365.33;21.6846;2.71253
0.979999;1031.1;245.301;1276.4;1365.33;21.3982;2.71253
0.989999;1031.1;249.202;1280.31;1365.33;22.1503;2.71253
0.999999;1031.1;252.308;1283.41;1365.33;24.0116;2.71253
1.01;1031.1;247.739;1278.84;1365.33;22.9742;2.71253
1.02;1031.1;251.769;1282.87;1365.33;22.9947;2.71253
1.03;1031.1;255.907;1287.01;1365.33;24.9073;2.71253
1.04;1031.1;253.04;1284.14;1365.33;24.0973;2.71253
1.05;1031.1;255.75;1286.85;1365.33;24.3344;2.71253
1.06;1031.1;255.418;1286.52;1365.33;24.7357;2.71253
1.07;1031.1;255.656;1286.76;1365.33;24.0153;2.71253
1.08;1031.1;259.019;1290.12;1365.33;25.9064;2.71253
1.09;1031.1;256.364;1287.47;1365.33;24.3441;2.71253
1.1;1031.1;259.27;1290.37;1365.33;24.5193;2.71253
1.11;1031.1;259.588;1290.69;1365.33;24.8862;2.71253
1.12;1031.1;259.524;1290.63;1365.33;23.9031;2.71253
1.13;1031.1;260.356;1291.46;1365.33;23.9995;2.71253
1.14;1031.1;264.196;1295.3;1365.33;25.0363;2.71253
1.15;1031.1;262.699;1293.8;1365.33;24.0164;2.71253
1.16;1031.1;263.695;1294.8;1365.33;25.3191;2.71253
1.17;1031.1;263.601;1294.7;1365.33;24.4906;2.71253
1.18;1031.1;267.585;1298.69;1365.33;24.527;2.71253
1.19;1031.1;267.82;1298.92;1365.33;24.6863;2.71253
1.2;1031.1;265.727;1296.83;1365.33;23.2206;2.71253
1.21;1031.1;269.043;1300.15;1365.33;23.3021;2.71253
1.22;1031.1;267.104;1298.21;1365.33;22.2159;2.71253
1.23;1031.1;270.333;1301.44;1365.33;22.3532;2.71253
1.24;1031.1;269.348;1300.45;1365.33;23.5639;2.71253
1.25;1031.1;268.997;1300.1;1365.33;22.6782;2.71253
1.26;1031.1;272.551;1303.65;1365.33;22.7181;2.71253
1.27;1031.1;271.63;1302.73;1365.33;26.6081;2.71253
1.28;1031.1;271.726;1302.83;1365.33;25.3343;2.71253
1.29;1031.1;274.971;1306.07;1365.33;26.7842;2.71253
1.3;1031.1;272.219;1303.32;1365.33;25.2783;2.71253
1.31;1031.1;275.046;1306.15;1365.33;24.859;2.71253
1.32;1031.1;270.078;1301.18;1365.33;24.106;2.71253
1.33;1031.1;275.515;1306.62;1365.33;22.8052;2.71253
1.34;1031.1;277.959;1309.06;1365.33;23.315;2.71253
1.35;1031.1;275.551;1306.65;1365.33;22.6486;2.71253
1.36;1031.1;277.043;1308.15;1365.33;22.6227;2.71253
1.37;1031.1;282.224;1313.33;1365.33;24.3766;2.71253
1.38;1031.1;277.926;1309.03;1365.33;23.7551;2.71253
1.39;1031.1;280.723;1311.83;1365.33;23.8303;2.71253
1.4;1031.1;277.843;1308.95;1365.33;23.3565;2.71253
1.41;1031.1;280.195;1311.3;1365.33;23.1843;2.71253
1.42;1031.1;281.745;1312.85;1365.33;25.3395;2.71253
1.43;1031.1;280.927;1312.03;1365.33;24.7605;2.71253
1.44;1031.1;283.431;1314.53;1365.33;24.9669;2.71253
1.45;1031.1;281.422;1312.53;1365.33;25.8479;2.71253
1.46;1031.1;282.144;1313.25;1365.33;24.6829;2.71253
1.47;1031.1;284.593;1315.7;1365.33;27.3254;2.71253
1.48;1031.1;283.702;1314.81;1365.33;26.38;2.71253
1.49;1031.1;286.164;1317.27;1365.33;26.3325;2.71253
1.5;1031.1;284.772;1315.88;1365.33;25.948;2.71253
1.51;1031.1;285.417;1316.52;1365.33;25.3568;2.71253
1.52;1031.1;280.756;1311.86;1365.33;25.5623;2.71253
1.53;1031.1;285.555;1316.66;1365.33;24.2205;2.71253
1.54;1031.1;287.688;1318.79;1365.33;25.4328;2.71253
1.55;1031.1;285.604;1316.71;1365.33;26.8397;2.71253
1.56;1031.1;288.018;1319.12;1365.33;26.6208;2.71253
1.57;1031.1;287.745;1318.85;1365.33;27.9964;2.71253
1.58;1031.1;286.974;1318.08;1365.33;26.484;2.71253
1.59;1031.1;290.227;1321.33;1365.33;26.8176;2.71253
1.6;1031.1;287.579;1318.68;1365.33;25.6215;2.71253
1.61;1031.1;289.073;1320.18;1365.33;25.2575;2.71253
1.62;1031.1;291.284;1322.39;1365.33;26.4039;2.71253
1.63;1031.1;289.257;1320.36;1365.33;25.0113;2.71253
1.64;1031.1;290.815;1321.92;1365.33;25.3066;2.71253
1.65;1031.1;289.286;1320.39;1365.33;23.8783;2.71253
1.66;1031.1;292.122;1323.22;1365.33;23.8422;2.71253
1.67;1031.1;291.607;1322.71;1365.33;26.5663;2.71253
1.68;1031.1;292.52;1323.62;1365.33;26.0637;2.71253
1.69;1031.1;292.495;1323.6;1365.33;26.6551;2.71253
1.7;1031.1;291.177;1322.28;1365.33;25.5735;2.71253
1.71;1031.1;294.661;1325.76;1365.33;25.4859;2.71253
1.72;1031.1;292.143;1323.25;1365.33;27.8793;2.71253
1.73;1031.1;293.533;1324.64;1365.33;27.281;2.71253
1.74;1031.1;295.678;1326.78;1365.33;29.8374;2.71253
1.75;1031.1;293.028;1324.13;1365.33;28.2274;2.71253
1.76;1031.1;297.146;1328.25;1365.33;27.894;2.71253
1.77;1031.1;298.579;1329.68;1365.33;29.3963;2.71253
1.78;1031.1;295.547;1326.65;1365.33;27.5425;2.71253
1.79;1031.1;298.08;1329.18;1365.33;28.6035;2.71253
1.8;1031.1;295.97;1327.07;1365.33;26.7016;2.71253
1.81;1031.1;296.494;1327.6;1365.33;26.8798;2.71253
1.82;1031.1;297.152;1328.26;1365.33;28.3564;2.71253
1.83;1031.1;297.806;1328.91;1365.33;27.6755;2.71253
1.84;1031.1;295.594;1326.7;1365.33;28.1515;2.71253
1.85;1031.1;297.497;1328.6;1365.33;26.7475;2.71253
1.86;1031.1;300.093;1331.2;1365.33;28.4899;2.71253
1.87;1031.1;297.113;1328.22;1365.33;27.3873;2.71253
1.88;1031.1;300.946;1332.05;1365.33;27.6723;2.71253
1.89;1031.1;297.232;1328.34;1365.33;28.1734;2.71253
1.9;1031.1;298.887;1329.99;1365.33;26.6761;2.71253
1.91;1031.1;301.517;1332.62;1365.33;27.5476;2.71253
1.92;1031.1;299.417;1330.52;1365.33;26.0042;2.71253
1.93;1031.1;302.624;1333.73;1365.33;26.0194;2.71253
1.94;1031.1;299.958;1331.06;1365.33;25.4503;2.71253
1.95;1031.1;301.314;1332.42;1365.33;24.1632;2.71253
1.96;1031.1;301.482;1332.59;1365.33;25.1936;2.71253
1.97;1031.1;300.506;1331.61;1365.33;24.1154;2.71253
1.98;1031.1;303.977;1335.08;1365.33;26.454;2.71253
1.99;1031.1;300.759;1331.86;1365.33;25.178;2.71253
2;1031.1;302.853;1333.96;1365.33;25.137;2.71253
2.01;1031.1;300.187;1331.29;1365.33;25.4437;2.71253
2.02;1031.1;301.524;1332.63;1365.33;24.4486;2.71253
2.03;1031.1;305.234;1336.34;1365.33;25.3021;2.71253
2.04;1031.1;302.381;1333.48;1365.33;24.1407;2.71253
2.05;1031.1;303.815;1334.92;1365.33;24.2811;2.71253
2.06;1031.1;302.725;1333.83;1365.33;25.3057;2.71253
2.07;1031.1;304.309;1335.41;1365.33;24.5998;2.71253
2.08;1031.1;301.598;1332.7;1365.33;26.7567;2.71253
2.09;1031.1;303.387;1334.49;1365.33;25.5291;2.71253
2.1;1031.1;306.14;1337.24;1365.33;26.3998;2.71253
2.11;1031.1;303.268;1334.37;1365.33;25.2767;2.71253
2.12;1031.1;305.645;1336.75;1365.33;25.0744;2.71253
2.13;1031.1;301.28;1332.38;1365.33;24.7843;2.71253
2.14;1031.1;305.84;1336.94;1365.33;23.7485;2.71253
2.15;1031.1;309.295;1340.4;1365.33;26.4633;2.71253
2.16;1031.1;303.947;1335.05;1365.33;25.0857;2.71253
2.17;1031.1;306.856;1337.96;1365.33;25.6213;2.71253
2.18;1031.1;304.648;1335.75;1365.33;26.7462;2.71253
2.19;1031.1;307.117;1338.22;1365.33;26.7134;2.71253
2.2;1031.1;309.732;1340.83;1365.33;29.114;2.71253
2.21;1031.1;305.643;1336.75;1365.33;27.7739;2.71253
2.22;1031.1;308.669;1339.77;1365.33;28.3379;2.71253
2.23;1031.1;306.207;1337.31;1365.33;27.2239;2.71253
2.24;1031.1;307.091;1338.19;1365.33;26.6127;2.71253
2.25;1031.1;308.28;1339.38;1365.33;29.0811;2.71253
2.26;1031.1;307.82;1338.92;1365.33;27.5193;2.71253
2.27;1031.1;308.05;1339.15;1365.33;29.3951;2.71253
2.28;1031.1;306.797;1337.9;1365.33;27.6051;2.71253
2.29;1031.1;309.51;1340.61;1365.33;28.9283;2.71253
2.3;1031.1;307.091;1338.19;1365.33;27.2043;2.71253
2.31;1031.1;308.933;1340.04;1365.33;26.5809;2.71253
2.32;1031.1;307.398;1338.5;1365.33;26.58;2.71253
2.33;1031.1;309.041;1340.14;1365.33;25.6138;2.71253
2.34;1031.1;311.901;1343;1365.33;27.503;2.71253
2.35;1031.1;308.247;1339.35;1365.33;26.0582;2.71253
2.36;1031.1;310.791;1341.89;1365.33;28.5173;2.71253
2.37;1031.1;307.75;1338.85;1365.33;26.9223;2.71253
2.38;1031.1;309.271;1340.37;1365.33;26.8891;2.71253
2.39;1031.1;308.878;1339.98;1365.33;28.8524;2.71253
2.4;1031.1;309.738;1340.84;1365.33;27.8996;2.71253
2.41;1031.1;308.518;1339.62;1365.33;29.2065;2.71253
2.42;1031.1;309.138;1340.24;1365.33;27.3143;2.71253
2.43;1031.1;311.635;1342.74;1365.33;30.2375;2.71253
2.44;1031.1;308.609;1339.71;1365.33;28.5724;2.71253
2.45;1031.1;310.994;1342.1;1365.33;28.3483;2.71253
2.46;1031.1;308.846;1339.95;1365.33;29.1497;2.71253
2.47;1031.1;310.874;1341.98;1365.33;27.5845;2.71253
2.48;1031.1;313.872;1344.98;1365.33;28.9412;2.71253
2.49;1031.1;310.576;1341.68;1365.33;26.9832;2.71253
2.5;1031.1;314.76;1345.86;1365.33;27.3648;2.71253
2.51;1031.1;310.276;1341.38;1365.33;26.3477;2.71253
2.52;1031.1;312.627;1343.73;1365.33;25.7197;2.71253
2.53;1031.1;311.348;1342.45;1365.33;28.5474;2.71253
2.54;1031.1;310.799;1341.9;1365.33;27.1888;2.71253
2.55;1031.1;312.515;1343.62;1365.33;29.49;2.71253
2.56;1031.1;311.458;1342.56;1365.33;28.1583;2.71253
2.57;1031.1;313.886;1344.99;1365.33;28.0488;2.71253
2.58;1031.1;310.233;1341.34;1365.33;27.5728;2.71253
2.59;1031.1;312.977;1344.08;1365.33;26.6258;2.71253
2.6;1031.1;312.904;1344.01;1365.33;33.5963;2.71253
2.61;1031.1;311.403;1342.51;1365.33;31.2414;2.71253
2.62;1031.1;313.999;1345.1;1365.33;34.9551;2.71253
2.63;1031.1;311.492;1342.6;1365.33;32.1735;2.71253
2.64;1031.1;314.146;1345.25;1365.33;33.6066;2.71253
2.65;1031.1;310.973;1342.08;1365.33;31.6083;2.71253
2.66;1031.1;314.212;1345.31;1365.33;31.1196;2.71253
2.67;1031.1;311.354;1342.46;1365.33;34.0714;2.71253
2.68;1031.1;312.598;1343.7;1365.33;31.7654;2.71253
2.69;1031.1;313.809;1344.91;1365.33;35.7154;2.71253
2.7;1031.1;312.415;1343.52;1365.33;32.7029;2.71253
2.71;1031.1;318.096;1349.2;1365.33;34.3608;2.71253
2.72;1031.1;312.031;1343.13;1365.33;32.2437;2.71253
2.73;1031.1;315.006;1346.11;1365.33;31.7951;2.71253
2.74;1031.1;311.644;1342.75;1365.33;30.6294;2.71253
2.75;1031.1;313.079;1344.18;1365.33;29.355;2.71253
2.76;1031.1;317.254;1348.36;1365.33;33.2497;2.71253
2.77;1031.1;312.791;1343.89;1365.33;31.0507;2.71253
2.78;1031.1;313.8;1344.9;1365.33;31.2716;2.71253
2.79;1031.1;312.019;1343.12;1365.33;29.5174;2.71253
2.8;1031.1;315.096;1346.2;1365.33;28.7328;2.71253
2.81;1031.1;315.239;1346.34;1365.33;29.0392;2.71253
2.82;1031.1;315.855;1346.96;1365.33;27.9631;2.71253
2.83;1031.1;315.229;1346.33;1365.33;28.3633;2.71253
2.84;1031.1;313.893;1345;1365.33;27.2132;2.71253
2.85;1031.1;316.901;1348;1365.33;27.3893;2.71253
2.86;1031.1;313.915;1345.02;1365.33;26.9054;2.71253
2.87;1031.1;316.234;1347.34;1365.33;26.4031;2.71253
2.88;1031.1;316.558;1347.66;1365.33;30.0246;2.71253
2.89;1031.1;315.161;1346.26;1365.33;28.4832;2.71253
2.9;1031.1;314.374;1345.48;1365.33;30.4941;2.71253
2.91;1031.1;313.475;1344.58;1365.33;28.547;2.71253
2.92;1031.1;317.634;1348.74;1365.33;29.1527;2.71253
2.93;1031.1;314.123;1345.23;1365.33;27.486;2.71253
2.94;1031.1;315.208;1346.31;1365.33;26.4811;2.71253
2.95;1031.1;314.683;1345.79;1365.33;28.9768;2.71253
2.96;1031.1;315.8;1346.9;1365.33;27.4872;2.71253
2.97;1031.1;314.656;1345.76;1365.33;29.2936;2.71253
2.98;1031.1;315.009;1346.11;1365.33;27.4835;2.71253
2.99;1031.1;317.772;1348.88;1365.33;28.4546;2.71253
3;1031.1;314.607;1345.71;1365.33;27.1573;2.71253
3.01;1031.1;315.747;1346.85;1365.33;27.3629;2.71253
3.02;1031.1;313.852;1344.95;1365.33;27.4313;2.71253
3.03;1031.1;317.38;1348.48;1365.33;26.9618;2.71253
3.04;1031.1;318.263;1349.37;1365.33;30.6131;2.71253
3.05;1031.1;314.739;1345.84;1365.33;28.5826;2.71253
3.06;1031.1;317.472;1348.58;1365.33;32.7184;2.71253
3.07;1031.1;314.993;1346.1;1365.33;30.4583;2.71253
3.08;1031.1;316.006;1347.11;1365.33;30.603;2.71253
3.09;1031.1;315.891;1346.99;1365.33;29.8956;2.71253
3.1;1031.1;317.192;1348.3;1365.33;28.9689;2.71253
3.11;1031.1;314.659;1345.76;1365.33;29.7166;2.71253
3.12;1031.1;315.955;1347.06;1365.33;28.0286;2.71253
3.13;1031.1;316.8;1347.9;1365.33;33.0593;2.71253
3.14;1031.1;315.896;1347;1365.33;30.7075;2.71253
3.15;1031.1;318.143;1349.25;1365.33;32.3375;2.71253
3.16;1031.1;314.898;1346;1365.33;30.1481;2.71253
3.17;1031.1;318.5;1349.6;1365.33;29.8378;2.71253
3.18;1031.1;315.267;1346.37;1365.33;28.7322;2.71253
3.19;1031.1;316.364;1347.47;1365.33;27.4577;2.71253
3.2;1031.1;317.793;1348.9;1365.33;32.617;2.71253
3.21;1031.1;316.39;1347.49;1365.33;30.3313;2.71253
3.22;1031.1;316.125;1347.23;1365.33;32.5041;2.71253
3.23;1031.1;314.734;1345.84;1365.33;30.1608;2.71253
3.24;1031.1;318.7;1349.8;1365.33;30.8494;2.71253
3.25;1031.1;315.35;1346.45;1365.33;29.1322;2.71253
3.26;1031.1;316.686;1347.79;1365.33;28.175;2.71253
3.27;1031.1;315.018;1346.12;1365.33;28.1515;2.71253
3.28;1031.1;317.282;1348.39;1365.33;26.8894;2.71253
3.29;1031.1;320.659;1351.76;1365.33;29.4251;2.71253
3.3;1031.1;316.088;1347.19;1365.33;27.3887;2.71253
3.31;1031.1;319.248;1350.35;1365.33;29.6036;2.71253
3.32;1031.1;315.655;1346.76;1365.33;27.817;2.71253
3.33;1031.1;317.068;1348.17;1365.33;27.9552;2.71253
3.34;1031.1;314.786;1345.89;1365.33;27.68;2.71253
3.35;1031.1;317.697;1348.8;1365.33;27.0961;2.71253
3.36;1031.1;317.947;1349.05;1365.33;32.6475;2.71253
3.37;1031.1;315.799;1346.9;1365.33;30.084;2.71253
3.38;1031.1;317.104;1348.21;1365.33;34.4815;2.71253
3.39;1031.1;316.52;1347.62;1365.33;31.7107;2.71253
3.4;1031.1;317.322;1348.43;1365.33;32.4959;2.71253
3.41;1031.1;316.002;1347.11;1365.33;31.3106;2.71253
3.42;1031.1;318.725;1349.83;1365.33;30.9461;2.71253
3.43;1031.1;315.713;1346.82;1365.33;30.2033;2.71253
3.44;1031.1;316.512;1347.62;1365.33;28.4882;2.71253
3.45;1031.1;319.237;1350.34;1365.33;31.6923;2.71253
3.46;1031.1;317.266;1348.37;1365.33;29.5652;2.71253
3.47;1031.1;320.336;1351.44;1365.33;33.1615;2.71253
3.48;1031.1;315.628;1346.73;1365.33;30.5897;2.71253
3.49;1031.1;319.35;1350.45;1365.33;30.3008;2.71253
3.5;1031.1;316.16;1347.26;1365.33;28.6126;2.71253
3.51;1031.1;317.093;1348.2;1365.33;27.5421;2.71253
3.52;1031.1;317.748;1348.85;1365.33;30.9545;2.71253
3.53;1031.1;317.408;1348.51;1365.33;28.9379;2.71253
3.54;1031.1;318.322;1349.43;1365.33;32.643;2.71253
3.55;1031.1;315.927;1347.03;1365.33;30.2728;2.71253
3.56;1031.1;318.945;1350.05;1365.33;31.9444;2.71253
3.57;1031.1;316.636;1347.74;1365.33;30.0531;2.71253
3.58;1031.1;318.801;1349.9;1365.33;29.5838;2.71253
3.59;1031.1;315.852;1346.95;1365.33;28.3533;2.71253
3.6;1031.1;318.552;1349.66;1365.33;27.0844;2.71253
3.61;1031.1;322.735;1353.84;1365.33;30.9457;2.71253
3.62;1031.1;317.175;1348.28;1365.33;28.7342;2.71253
3.63;1031.1;319.955;1351.06;1365.33;31.9541;2.71253
3.64;1031.1;316.756;1347.86;1365.33;29.7084;2.71253
3.65;1031.1;318.715;1349.82;1365.33;30.0704;2.71253
3.66;1031.1;315.921;1347.02;1365.33;29.133;2.71253
3.67;1031.1;318.597;1349.7;1365.33;28.356;2.71253
3.68;1031.1;317.058;1348.16;1365.33;31.4329;2.71253
3.69;1031.1;317.384;1348.49;1365.33;29.2153;2.71253
3.7;1031.1;318.215;1349.32;1365.33;33.4425;2.71253
3.71;1031.1;317.834;1348.94;1365.33;30.9088;2.71253
3.72;1031.1;321.618;1352.72;1365.33;33.545;2.71253
3.73;1031.1;317.216;1348.32;1365.33;31.4901;2.71253
3.74;1031.1;320.322;1351.43;1365.33;31.118;2.71253
3.75;1031.1;316.734;1347.84;1365.33;29.8197;2.71253
3.76;1031.1;317.918;1349.02;1365.33;28.4462;2.71253
3.77;1031.1;320.91;1352.01;1365.33;33.6847;2.71253
3.78;1031.1;318.17;1349.27;1365.33;31.1251;2.71253
3.79;1031.1;320.924;1352.03;1365.33;35.3426;2.71253
3.8;1031.1;316.568;1347.67;1365.33;32.3391;2.71253
3.81;1031.1;320.172;1351.28;1365.33;32.3368;2.71253
3.82;1031.1;317.18;1348.28;1365.33;30.3921;2.71253
3.83;1031.1;318.816;1349.92;1365.33;29.417;2.71253
3.84;1031.1;317.933;1349.04;1365.33;30.3967;2.71253
3.85;1031.1;318.89;1349.99;1365.33;28.5289;2.71253
3.86;1031.1;319.425;1350.53;1365.33;31.9395;2.71253
3.87;1031.1;317.279;1348.38;1365.33;29.7208;2.71253
3.88;1031.1;319.31;1350.41;1365.33;32.2178;2.71253
3.89;1031.1;317.71;1348.81;1365.33;30.1135;2.71253
3.9;1031.1;320.38;1351.48;1365.33;29.4602;2.71253
3.91;1031.1;316.583;1347.69;1365.33;27.966;2.71253
3.92;1031.1;319.192;1350.3;1365.33;26.7743;2.71253
3.93;1031.1;320.04;1351.14;1365.33;34.5608;2.71253
3.94;1031.1;317.689;1348.79;1365.33;31.7745;2.71253
3.95;1031.1;320.397;1351.5;1365.33;34.2815;2.71253
3.96;1031.1;317.777;1348.88;1365.33;31.81;2.71253
3.97;1031.1;319.732;1350.84;1365.33;32.5271;2.71253
3.98;1031.1;316.864;1347.97;1365.33;30.8459;2.71253
3.99;1031.1;321.073;1352.18;1365.33;29.6825;2.71253
4;1031.1;317.668;1348.77;1365.33;29.9045;2.71253
4.01;1031.1;318.752;1349.85;1365.33;28.2032;2.71253
4.02;1031.1;320.252;1351.36;1365.33;35.1183;2.71253
4.03;1031.1;318.283;1349.39;1365.33;32.2683;2.71253
4.04;1031.1;323.775;1354.88;1365.33;37.9596;2.71253
4.05;1031.1;317.382;1348.49;1365.33;34.6089;2.71253
4.06;1031.1;321.072;1352.18;1365.33;34.1185;2.71253
4.07;1031.1;317.351;1348.45;1365.33;32.2842;2.71253
4.08;1031.1;318.953;1350.06;1365.33;30.8196;2.71253
4.09;1031.1;319.589;1350.69;1365.33;35.6539;2.71253
4.1;1031.1;318.636;1349.74;1365.33;32.7792;2.71253
4.11;1031.1;319.935;1351.04;1365.33;36.2716;2.71253
4.12;1031.1;317.432;1348.54;1365.33;33.1271;2.71253
4.13;1031.1;320.817;1351.92;1365.33;33.7412;2.71253
4.14;1031.1;318.065;1349.17;1365.33;31.3449;2.71253
4.15;1031.1;320.906;1352.01;1365.33;30.1544;2.71253
4.16;1031.1;317.959;1349.06;1365.33;31.0736;2.71253
4.17;1031.1;319.824;1350.93;1365.33;29.1845;2.71253
4.18;1031.1;318.604;1349.71;1365.33;32.5023;2.71253
4.19;1031.1;318.135;1349.24;1365.33;30.2799;2.71253
4.2;1031.1;324.122;1355.23;1365.33;33.8937;2.71253
4.21;1031.1;318.301;1349.4;1365.33;31.4322;2.71253
4.22;1031.1;321.028;1352.13;1365.33;31.1006;2.71253
4.23;1031.1;317.304;1348.41;1365.33;29.2049;2.71253
4.24;1031.1;320.005;1351.11;1365.33;27.8513;2.71253
4.25;1031.1;318.651;1349.75;1365.33;31.7851;2.71253
4.26;1031.1;318.528;1349.63;1365.33;29.8527;2.71253
4.27;1031.1;320.764;1351.87;1365.33;33.7749;2.71253
4.28;1031.1;318.582;1349.69;1365.33;31.2391;2.71253
4.29;1031.1;319.848;1350.95;1365.33;32.6575;2.71253
4.3;1031.1;317.696;1348.8;1365.33;30.628;2.71253
4.31;1031.1;322.866;1353.97;1365.33;30.2389;2.71253
4.32;1031.1;318.144;1349.25;1365.33;30.1104;2.71253
4.33;1031.1;319.669;1350.77;1365.33;28.6233;2.71253
4.34;1031.1;318.487;1349.59;1365.33;34.6535;2.71253
4.35;1031.1;319.169;1350.27;1365.33;32.1206;2.71253
4.36;1031.1;322.68;1353.78;1365.33;38.3821;2.71253
4.37001;1031.1;317.856;1348.96;1365.33;35.0262;2.71253
4.38001;1031.1;321.488;1352.59;1365.33;34.8592;2.71253
4.39001;1031.1;317.978;1349.08;1365.33;32.3825;2.71253
4.40001;1031.1;319.825;1350.93;1365.33;30.8405;2.71253
4.41001;1031.1;317.623;1348.73;1365.33;34.4142;2.71253
4.42001;1031.1;320.355;1351.46;1365.33;32.2622;2.71253
4.43001;1031.1;319.072;1350.18;1365.33;35.3014;2.71253
4.44001;1031.1;318.341;1349.44;1365.33;32.3369;2.71253
4.45001;1031.1;322.138;1353.24;1365.33;32.9887;2.71253
4.46001;1031.1;318.739;1349.84;1365.33;30.6131;2.71253
4.47001;1031.1;322.761;1353.86;1365.33;30.2148;2.71253
4.48001;1031.1;318.784;1349.89;1365.33;29.6472;2.71253
4.49001;1031.1;320.801;1351.9;1365.33;28.1714;2.71253
4.50001;1031.1;319.002;1350.11;1365.33;30.8524;2.71253
4.51001;1031.1;318.75;1349.85;1365.33;28.9472;2.71253
4.52001;1031.1;324.176;1355.28;1365.33;33.8806;2.71253
4.53001;1031.1;318.932;1350.04;1365.33;31.5045;2.71253
4.54001;1031.1;321.086;1352.19;1365.33;31.4251;2.71253
4.55001;1031.1;318.182;1349.28;1365.33;29.7152;2.71253
4.56001;1031.1;320.798;1351.9;1365.33;28.5079;2.71253
4.57001;1031.1;319.065;1350.17;1365.33;33.8787;2.71253
4.58001;1031.1;319.529;1350.63;1365.33;31.5955;2.71253
4.59001;1031.1;321.021;1352.12;1365.33;35.5556;2.71253
4.60001;1031.1;319.395;1350.5;1365.33;32.896;2.71253
4.61001;1031.1;320.945;1352.05;1365.33;34.0299;2.71253
4.62001;1031.1;318.174;1349.28;1365.33;31.6963;2.71253
4.63001;1031.1;322.87;1353.97;1365.33;31.3171;2.71253
4.64001;1031.1;318.901;1350;1365.33;30.859;2.71253
4.65001;1031.1;320.31;1351.41;1365.33;29.0458;2.71253
4.66001;1031.1;320.455;1351.56;1365.33;34.1105;2.71253
4.67001;1031.1;319.908;1351.01;1365.33;31.5096;2.71253
4.68001;1031.1;323.691;1354.79;1365.33;37.0529;2.71253
4.69001;1031.1;318.716;1349.82;1365.33;33.8082;2.71253
4.70001;1031.1;322.164;1353.27;1365.33;33.4606;2.71253
4.71001;1031.1;318.889;1349.99;1365.33;31.0653;2.71253
4.72001;1031.1;320.735;1351.84;1365.33;30.1103;2.71253
4.73001;1031.1;318.635;1349.74;1365.33;33.0771;2.71253
4.74001;1031.1;320.745;1351.85;1365.33;31.0283;2.71253
4.75001;1031.1;319.382;1350.49;1365.33;33.2942;2.71253
4.76001;1031.1;319.359;1350.46;1365.33;30.7159;2.71253
4.77001;1031.1;322.767;1353.87;1365.33;32.1741;2.71253
4.78001;1031.1;319.777;1350.88;1365.33;30.1298;2.71253
4.79001;1031.1;323.91;1355.01;1365.33;30.0728;2.71253
4.80001;1031.1;320.696;1351.8;1365.33;29.2847;2.71253
4.81002;1031.1;321.534;1352.64;1365.33;27.8072;2.71253
4.82002;1031.1;319.043;1350.15;1365.33;30.1684;2.71253
4.83002;1031.1;319.348;1350.45;1365.33;28.2271;2.71253
4.84002;1031.1;319.664;1350.77;1365.33;32.9522;2.71253
4.85002;1031.1;319.878;1350.98;1365.33;30.6563;2.71253
4.86002;1031.1;320.834;1351.94;1365.33;30.6978;2.71253
4.87002;1031.1;318.864;1349.97;1365.33;28.9283;2.71253
4.88002;1031.1;322.476;1353.58;1365.33;28.2184;2.71253
4.89002;1031.1;319.445;1350.55;1365.33;28.3249;2.71253
4.90002;1031.1;321.354;1352.46;1365.33;27.1584;2.71253
4.91002;1031.1;322.106;1353.21;1365.33;33.0165;2.71253
4.92002;1031.1;320.461;1351.56;1365.33;30.8035;2.71253
4.93002;1031.1;320.342;1351.44;1365.33;32.6049;2.71253
4.94002;1031.1;318.908;1350.01;1365.33;30.4086;2.71253
4.95002;1031.1;322.895;1354;1365.33;30.8402;2.71253
4.96002;1031.1;319.275;1350.38;1365.33;29.7195;2.71253
4.97002;1031.1;320.805;1351.91;1365.33;28.6238;2.71253
4.98002;1031.1;318.948;1350.05;1365.33;33.4029;2.71253
4.99002;1031.1;320.956;1352.06;1365.33;31.2048;2.71253
5.00002;1031.1;317.528;1348.63;1365.33;33.5411;2.71253
5.01002;1031.1;319.476;1350.58;1365.33;30.9914;2.71253
5.02002;1031.1;322.731;1353.83;1365.33;31.5821;2.71253
5.03002;1031.1;319.592;1350.7;1365.33;29.7441;2.71253
5.04002;1031.1;321.032;1352.14;1365.33;29.6583;2.71253
5.05002;1031.1;318.985;1350.09;1365.33;28.8924;2.71253
5.06002;1031.1;321.922;1353.03;1365.33;27.9711;2.71253
5.07002;1031.1;322.158;1353.26;1365.33;31.2388;2.71253
5.08002;1031.1;319.966;1351.07;1365.33;29.0905;2.71253
5.09002;1031.1;320.278;1351.38;1365.33;31.9504;2.71253
5.10002;1031.1;320.074;1351.18;1365.33;29.8079;2.71253
5.11002;1031.1;321.234;1352.34;1365.33;30.6193;2.71253
5.12002;1031.1;319.769;1350.87;1365.33;29.6006;2.71253
5.13002;1031.1;321.904;1353.01;1365.33;28.6615;2.71253
5.14002;1031.1;319.408;1350.51;1365.33;29.5612;2.71253
5.15002;1031.1;320.045;1351.15;1365.33;27.9256;2.71253
5.16002;1031.1;318.373;1349.48;1365.33;31.0194;2.71253
5.17002;1031.1;320.689;1351.79;1365.33;28.7975;2.71253
5.18002;1031.1;321.635;1352.74;1365.33;29.7499;2.71253
5.19002;1031.1;319.459;1350.56;1365.33;28.0071;2.71253
5.20002;1031.1;322.06;1353.16;1365.33;28.4303;2.71253
5.21002;1031.1;319.662;1350.77;1365.33;27.6063;2.71253
5.22002;1031.1;321.742;1352.85;1365.33;26.8363;2.71253
5.23002;1031.1;322.359;1353.46;1365.33;32.6671;2.71253
5.24003;1031.1;320.844;1351.95;1365.33;30.51;2.71253
5.25003;1031.1;320.294;1351.4;1365.33;33.385;2.71253
5.26003;1031.1;319.36;1350.46;1365.33;31.1149;2.71253
5.27003;1031.1;321.75;1352.85;1365.33;31.8867;2.71253
5.28003;1031.1;319.927;1351.03;1365.33;30.3226;2.71253
5.29003;1031.1;321.036;1352.14;1365.33;29.4775;2.71253
5.30003;1031.1;319.146;1350.25;1365.33;29.4738;2.71253
5.31003;1031.1;321.683;1352.79;1365.33;28.0875;2.71253
5.32003;1031.1;320.832;1351.94;1365.33;31.009;2.71253
5.33003;1031.1;320.628;1351.73;1365.33;28.8758;2.71253
5.34003;1031.1;323.592;1354.7;1365.33;30.2325;2.71253
5.35003;1031.1;320.098;1351.2;1365.33;28.0469;2.71253
5.36003;1031.1;321.473;1352.58;1365.33;28.4754;2.71253
5.37003;1031.1;319.353;1350.46;1365.33;27.7504;2.71253
5.38003;1031.1;321.151;1352.25;1365.33;26.8248;2.71253
5.39003;1031.1;322.999;1354.1;1365.33;30.7545;2.71253
5.40003;1031.1;320.688;1351.79;1365.33;28.682;2.71253
5.41003;1031.1;320.391;1351.49;1365.33;31.6834;2.71253
5.42003;1031.1;320.827;1351.93;1365.33;29.3269;2.71253
5.43003;1031.1;321.144;1352.25;1365.33;30.2604;2.71253
5.44003;1031.1;320.192;1351.3;1365.33;29.3698;2.71253
5.45003;1031.1;322.678;1353.78;1365.33;29.0071;2.71253
5.46003;1031.1;319.854;1350.96;1365.33;29.3144;2.71253
5.47003;1031.1;320.879;1351.98;1365.33;27.8319;2.71253
5.48003;1031.1;322.693;1353.8;1365.33;30.8399;2.71253
5.49003;1031.1;321.545;1352.65;1365.33;28.6878;2.71253
5.50003;1031.1;323.127;1354.23;1365.33;30.4329;2.71253
5.51003;1031.1;320.057;1351.16;1365.33;28.5909;2.71253
5.52003;1031.1;322.935;1354.04;1365.33;28.6547;2.71253
5.53003;1031.1;320.145;1351.25;1365.33;27.5586;2.71253
5.54003;1031.1;321.344;1352.45;1365.33;26.646;2.71253
5.55003;1031.1;322.138;1353.24;1365.33;31.6703;2.71253
5.56003;1031.1;321.393;1352.5;1365.33;29.76;2.71253
5.57003;1031.1;321.193;1352.3;1365.33;33.1124;2.71253
5.58003;1031.1;319.844;1350.95;1365.33;30.8842;2.71253
5.59003;1031.1;323.497;1354.6;1365.33;31.9838;2.71253
5.60003;1031.1;320.83;1351.93;1365.33;30.4065;2.71253
5.61003;1031.1;321.85;1352.95;1365.33;29.7062;2.71253
5.62003;1031.1;319.663;1350.77;1365.33;28.8593;2.71253
5.63003;1031.1;321.894;1353;1365.33;27.5909;2.71253
5.64003;1031.1;325.163;1356.27;1365.33;30.5622;2.71253
5.65003;1031.1;321.044;1352.15;1365.33;28.5317;2.71253
5.66003;1031.1;324.1;1355.2;1365.33;30.4678;2.71253
5.67003;1031.1;320.52;1351.62;1365.33;28.3638;2.71253
5.68004;1031.1;322.081;1353.18;1365.33;28.5313;2.71253
5.69004;1031.1;319.976;1351.08;1365.33;27.9148;2.71253
5.70004;1031.1;321.994;1353.1;1365.33;27.1864;2.71253
5.71004;1031.1;322.742;1353.84;1365.33;32.1298;2.71253
5.72004;1031.1;320.911;1352.01;1365.33;29.8731;2.71253
5.73004;1031.1;323.059;1354.16;1365.33;35.1215;2.71253
5.74004;1031.1;321.404;1352.51;1365.33;32.2131;2.71253
5.75004;1031.1;322.659;1353.76;1365.33;33.4046;2.71253
5.76004;1031.1;320.63;1351.73;1365.33;31.6608;2.71253
5.77004;1031.1;323.349;1354.45;1365.33;31.2263;2.71253
5.78004;1031.1;320.218;1351.32;1365.33;30.3802;2.71253
5.79004;1031.1;321.092;1352.2;1365.33;28.6682;2.71253
5.80004;1031.1;323.749;1354.85;1365.33;37.8403;2.71253
5.81004;1031.1;320.996;1352.1;1365.33;34.3228;2.71253
5.82004;1031.1;324.343;1355.45;1365.33;37.4911;2.71253
5.83004;1031.1;320.361;1351.46;1365.33;33.9858;2.71253
5.84004;1031.1;322.954;1354.06;1365.33;33.5675;2.71253
5.85004;1031.1;320.818;1351.92;1365.33;31.3671;2.71253
5.86004;1031.1;321.532;1352.64;1365.33;30.086;2.71253
5.87004;1031.1;321.602;1352.71;1365.33;32.6224;2.71253
5.88004;1031.1;322.103;1353.21;1365.33;30.5436;2.71253
5.89004;1031.1;322.359;1353.46;1365.33;33.8263;2.71253
5.90004;1031.1;320.608;1351.71;1365.33;31.3875;2.71253
5.91004;1031.1;327.948;1359.05;1365.33;35.198;2.71253
5.92004;1031.1;320.875;1351.98;1365.33;32.6142;2.71253
5.93004;1031.1;322.993;1354.1;1365.33;31.7889;2.71253
5.94004;1031.1;320.274;1351.38;1365.33;30.0142;2.71253
5.95004;1031.1;322.115;1353.22;1365.33;28.4139;2.71253
5.96004;1031.1;324.885;1355.99;1365.33;33.0091;2.71253
5.97004;1031.1;321.267;1352.37;1365.33;30.4551;2.71253
5.98004;1031.1;324.143;1355.25;1365.33;32.7303;2.71253
5.99004;1031.1;321.122;1352.23;1365.33;30.4044;2.71253
6.00004;1031.1;322.839;1353.94;1365.33;31.0756;2.71253
6.01004;1031.1;320.471;1351.57;1365.33;29.8181;2.71253
6.02004;1031.1;324.208;1355.31;1365.33;29.0097;2.71253
6.03004;1031.1;322.27;1353.37;1365.33;31.8533;2.71253
6.04004;1031.1;321.72;1352.82;1365.33;29.6605;2.71253
6.05004;1031.1;324.88;1355.98;1365.33;33.7856;2.71253
6.06004;1031.1;321.915;1353.02;1365.33;31.3222;2.71253
6.07004;1031.1;325.806;1356.91;1365.33;34.9453;2.71253
6.08004;1031.1;321.094;1352.2;1365.33;32.4476;2.71253
6.09004;1031.1;324.09;1355.19;1365.33;31.8917;2.71253
6.10004;1031.1;320.657;1351.76;1365.33;30.475;2.71253
6.11004;1031.1;321.964;1353.07;1365.33;29.0436;2.71253
6.12005;1031.1;321.897;1353;1365.33;38.5891;2.71253
6.13005;1031.1;321.591;1352.69;1365.33;35.1502;2.71253
6.14005;1031.1;324.599;1355.7;1365.33;38.5027;2.71253
6.15005;1031.1;320.848;1351.95;1365.33;34.7116;2.71253
6.16005;1031.1;324.834;1355.94;1365.33;34.8268;2.71253
6.17005;1031.1;321.411;1352.51;1365.33;32.2303;2.71253
6.18005;1031.1;322.969;1354.07;1365.33;30.7931;2.71253
6.19005;1031.1;321.925;1353.03;1365.33;31.9795;2.71253
6.20005;1031.1;322.656;1353.76;1365.33;30.0556;2.71253
6.21005;1031.1;322.467;1353.57;1365.33;33.8812;2.71253
6.22005;1031.1;321.08;1352.18;1365.33;31.48;2.71253
6.23005;1031.1;326.883;1357.99;1365.33;35.8765;2.71253
6.24005;1031.1;321.045;1352.15;1365.33;32.8318;2.71253
6.25005;1031.1;324.033;1355.14;1365.33;32.5724;2.71253
6.26005;1031.1;320.573;1351.68;1365.33;30.6175;2.71253
6.27005;1031.1;322.803;1353.91;1365.33;28.9348;2.71253
6.28005;1031.1;324.182;1355.29;1365.33;34.3987;2.71253
6.29005;1031.1;321.629;1352.73;1365.33;31.6082;2.71253
6.30005;1031.1;324.289;1355.39;1365.33;33.5227;2.71253
6.31005;1031.1;321.693;1352.8;1365.33;31.2314;2.71253
6.32005;1031.1;323.273;1354.38;1365.33;32.3152;2.71253
6.33005;1031.1;320.714;1351.82;1365.33;30.7818;2.71253
6.34005;1031.1;326.046;1357.15;1365.33;29.764;2.71253
6.35005;1031.1;321.656;1352.76;1365.33;30.4031;2.71253
6.36005;1031.1;322.603;1353.71;1365.33;28.872;2.71253
6.37005;1031.1;323.808;1354.91;1365.33;37.2435;2.71253
6.38005;1031.1;321.982;1353.09;1365.33;34.1493;2.71253
6.39005;1031.1;327.697;1358.8;1365.33;39.771;2.71253
6.40005;1031.1;321.287;1352.39;1365.33;36.2412;2.71253
6.41005;1031.1;324.368;1355.47;1365.33;35.382;2.71253
6.42005;1031.1;320.973;1352.08;1365.33;33.397;2.71253
6.43005;1031.1;322.442;1353.55;1365.33;31.7519;2.71253
6.44005;1031.1;320.736;1351.84;1365.33;32.7798;2.71253
6.45005;1031.1;322.928;1354.03;1365.33;30.7727;2.71253
6.46005;1031.1;323.046;1354.15;1365.33;35.0975;2.71253
6.47005;1031.1;321.278;1352.38;1365.33;32.0762;2.71253
6.48005;1031.1;326.886;1357.99;1365.33;34.3644;2.71253
6.49005;1031.1;321.575;1352.68;1365.33;31.703;2.71253
6.50005;1031.1;324.306;1355.41;1365.33;30.7849;2.71253
6.51005;1031.1;322.4;1353.5;1365.33;31.5316;2.71253
6.52005;1031.1;323.43;1354.53;1365.33;29.7585;2.71253
6.53005;1031.1;322.456;1353.56;1365.33;33.1434;2.71253
6.54005;1031.1;321.845;1352.95;1365.33;30.9656;2.71253
6.55006;1031.1;325.009;1356.11;1365.33;35.5989;2.71253
6.56006;1031.1;321.476;1352.58;1365.33;32.6511;2.71253
6.57006;1031.1;324.561;1355.66;1365.33;32.6333;2.71253
6.58006;1031.1;320.974;1352.08;1365.33;30.2116;2.71253
6.59006;1031.1;323.748;1354.85;1365.33;28.6046;2.71253
6.60006;1031.1;322.252;1353.36;1365.33;31.4969;2.71253
6.61006;1031.1;322.287;1353.39;1365.33;29.5542;2.71253
6.62006;1031.1;324.501;1355.6;1365.33;32.8519;2.71253
6.63006;1031.1;322.29;1353.39;1365.33;30.5858;2.71253
6.64006;1031.1;323.909;1355.01;1365.33;32.1934;2.71253
6.65006;1031.1;321.23;1352.33;1365.33;30.6033;2.71253
6.66006;1031.1;326.626;1357.73;1365.33;30.2525;2.71253
6.67006;1031.1;321.887;1352.99;1365.33;31.0144;2.71253
6.68006;1031.1;323.098;1354.2;1365.33;29.5438;2.71253
6.69006;1031.1;321.686;1352.79;1365.33;35.7965;2.71253
6.70006;1031.1;322.484;1353.59;1365.33;33.1683;2.71253
6.71006;1031.1;327.686;1358.79;1365.33;38.8304;2.71253
6.72006;1031.1;321.51;1352.61;1365.33;35.5782;2.71253
6.73006;1031.1;324.912;1356.02;1365.33;35.1179;2.71253
6.74006;1031.1;321.44;1352.54;1365.33;32.7347;2.71253
6.75006;1031.1;323.106;1354.21;1365.33;31.138;2.71253
6.76006;1031.1;321.093;1352.2;1365.33;34.032;2.71253
6.77006;1031.1;324.05;1355.15;1365.33;31.8841;2.71253
6.78006;1031.1;322.434;1353.54;1365.33;34.7464;2.71253
6.79006;1031.1;322.062;1353.17;1365.33;31.8817;2.71253
6.80006;1031.1;325.209;1356.31;1365.33;34.198;2.71253
6.81006;1031.1;321.736;1352.84;1365.33;31.5422;2.71253
6.82006;1031.1;325.809;1356.91;1365.33;31.2768;2.71253
6.83006;1031.1;323.023;1354.13;1365.33;30.746;2.71253
6.84006;1031.1;323.94;1355.04;1365.33;29.1641;2.71253
6.85006;1031.1;321.811;1352.91;1365.33;31.1862;2.71253
6.86006;1031.1;321.985;1353.09;1365.33;29.2947;2.71253
6.87006;1031.1;321.62;1352.72;1365.33;32.7906;2.71253
6.88006;1031.1;322.135;1353.24;1365.33;30.3645;2.71253
6.89006;1031.1;324.06;1355.16;1365.33;30.8105;2.71253
6.90006;1031.1;321.259;1352.36;1365.33;28.7208;2.71253
6.91006;1031.1;325.232;1356.34;1365.33;27.7205;2.71253
6.92006;1031.1;321.966;1353.07;1365.33;31.8388;2.71253
6.93006;1031.1;322.975;1354.08;1365.33;30.0824;2.71253
6.94006;1031.1;324.712;1355.82;1365.33;34.106;2.71253
6.95006;1031.1;322.776;1353.88;1365.33;31.7701;2.71253
6.96006;1031.1;323.692;1354.8;1365.33;33.0457;2.71253
6.97006;1031.1;321.702;1352.81;1365.33;31.0811;2.71253
6.98006;1031.1;324.875;1355.98;1365.33;31.3159;2.71253
6.99007;1031.1;321.672;1352.78;1365.33;30.6957;2.71253
7.00007;1031.1;323.441;1354.54;1365.33;29.3853;2.71253
7.01007;1031.1;321.362;1352.46;1365.33;30.9703;2.71253
7.02007;1031.1;323.474;1354.58;1365.33;29.4147;2.71253
7.03007;1031.1;327.617;1358.72;1365.33;36.7996;2.71253
7.04007;1031.1;321.864;1352.97;1365.33;33.6965;2.71253
7.05007;1031.1;325.254;1356.36;1365.33;33.5644;2.71253
7.06007;1031.1;321.754;1352.86;1365.33;31.3921;2.71253
7.07007;1031.1;323.827;1354.93;1365.33;30.3034;2.71253
7.08007;1031.1;321.571;1352.67;1365.33;31.4439;2.71253
7.09007;1031.1;324.477;1355.58;1365.33;29.856;2.71253
7.10007;1031.1;322.686;1353.79;1365.33;32.5282;2.71253
7.11007;1031.1;322.67;1353.77;1365.33;30.2604;2.71253
7.12007;1031.1;325.551;1356.65;1365.33;33.1857;2.71253
7.13007;1031.1;322.337;1353.44;1365.33;30.7789;2.71253
7.14007;1031.1;326.625;1357.73;1365.33;31.2619;2.71253
7.15007;1031.1;323.082;1354.19;1365.33;30.4368;2.71253
7.16007;1031.1;324.264;1355.37;1365.33;29.0339;2.71253
7.17007;1031.1;321.876;1352.98;1365.33;31.4992;2.71253
7.18007;1031.1;322.273;1353.38;1365.33;29.5043;2.71253
7.19007;1031.1;321.704;1352.81;1365.33;31.6377;2.71253
7.20007;1031.1;323.252;1354.35;1365.33;29.5181;2.71253
7.21007;1031.1;323.483;1354.59;1365.33;30.1819;2.71253
7.22007;1031.1;321.656;1352.76;1365.33;28.3067;2.71253
7.23007;1031.1;325.52;1356.62;1365.33;27.8728;2.71253
7.24007;1031.1;322.049;1353.15;1365.33;29.173;2.71253
7.25007;1031.1;324.098;1355.2;1365.33;28.0128;2.71253
7.26007;1031.1;325.211;1356.31;1365.33;33.6483;2.71253
7.27007;1031.1;323.442;1354.55;1365.33;31.4704;2.71253
7.28007;1031.1;323.508;1354.61;1365.33;33.13;2.71253
7.29007;1031.1;321.962;1353.07;1365.33;31.187;2.71253
7.30007;1031.1;324.898;1356;1365.33;31.6904;2.71253
7.31007;1031.1;322.233;1353.34;1365.33;30.8588;2.71253
7.32007;1031.1;324.041;1355.14;1365.33;29.6983;2.71253
7.33007;1031.1;321.817;1352.92;1365.33;34.9969;2.71253
7.34007;1031.1;323.851;1354.95;1365.33;32.585;2.71253
7.35007;1031.1;321.515;1352.62;1365.33;35.4731;2.71253
7.36007;1031.1;322.325;1353.43;1365.33;32.6249;2.71253
7.37007;1031.1;325.614;1356.72;1365.33;32.9127;2.71253
7.38007;1031.1;322.407;1353.51;1365.33;30.7951;2.71253
7.39007;1031.1;323.891;1354.99;1365.33;30.3428;2.71253
7.40007;1031.1;321.719;1352.82;1365.33;29.4396;2.71253
7.41007;1031.1;323.195;1354.3;1365.33;28.0182;2.71253
7.42007;1031.1;323.947;1355.05;1365.33;31.267;2.71253
7.43008;1031.1;322.845;1353.95;1365.33;29.0745;2.71253
7.44008;1031.1;322.011;1353.11;1365.33;31.1334;2.71253
7.45008;1031.1;322.986;1354.09;1365.33;28.9472;2.71253
7.46008;1031.1;326.94;1358.04;1365.33;29.7548;2.71253
7.47008;1031.1;323.264;1354.37;1365.33;28.8515;2.71253
7.48008;1031.1;324.763;1355.87;1365.33;28.0402;2.71253
7.49008;1031.1;322.292;1353.4;1365.33;29.223;2.71253
7.50008;1031.1;322.964;1354.07;1365.33;27.833;2.71253
7.51008;1031.1;325.113;1356.22;1365.33;31.7403;2.71253
7.52008;1031.1;323.823;1354.93;1365.33;29.4325;2.71253
7.53008;1031.1;324.11;1355.21;1365.33;30.3118;2.71253
7.54008;1031.1;322.194;1353.3;1365.33;28.5404;2.71253
7.55008;1031.1;324.266;1355.37;1365.33;28.7507;2.71253
7.56008;1031.1;322.429;1353.53;1365.33;28.2713;2.71253
7.57008;1031.1;324.964;1356.07;1365.33;27.5998;2.71253
7.58008;1031.1;325.458;1356.56;1365.33;32.9242;2.71253
7.59008;1031.1;323.891;1354.99;1365.33;30.9179;2.71253
7.60008;1031.1;323.419;1354.52;1365.33;33.137;2.71253
7.61008;1031.1;322.333;1353.44;1365.33;31.0366;2.71253
7.62008;1031.1;324.599;1355.7;1365.33;31.675;2.71253
7.63008;1031.1;322.687;1353.79;1365.33;30.5389;2.71253
7.64008;1031.1;323.992;1355.09;1365.33;29.6102;2.71253
7.65008;1031.1;322.032;1353.14;1365.33;30.7611;2.71253
7.66008;1031.1;324.532;1355.64;1365.33;29.2003;2.71253
7.67008;1031.1;322.442;1353.55;1365.33;31.5081;2.71253
7.68008;1031.1;323.104;1354.21;1365.33;29.3654;2.71253
7.69008;1031.1;326.183;1357.29;1365.33;30.4081;2.71253
7.70008;1031.1;322.834;1353.94;1365.33;28.3991;2.71253
7.71008;1031.1;324.088;1355.19;1365.33;28.5943;2.71253
7.72008;1031.1;322.169;1353.27;1365.33;28.0672;2.71253
7.73008;1031.1;323.453;1354.56;1365.33;26.9369;2.71253
7.74008;1031.1;325.351;1356.45;1365.33;30.6324;2.71253
7.75008;1031.1;323.376;1354.48;1365.33;28.5997;2.71253
7.76008;1031.1;324.633;1355.74;1365.33;31.726;2.71253
7.77008;1031.1;323.257;1354.36;1365.33;29.3829;2.71253
7.78008;1031.1;325.307;1356.41;1365.33;30.7242;2.71253
7.79008;1031.1;322.593;1353.7;1365.33;29.9291;2.71253
7.80008;1031.1;325.186;1356.29;1365.33;29.2542;2.71253
7.81008;1031.1;322.402;1353.51;1365.33;29.6906;2.71253
7.82008;1031.1;323.412;1354.52;1365.33;28.2465;2.71253
7.83008;1031.1;329.649;1360.75;1365.33;38.634;2.71253
7.84008;1031.1;323.575;1354.68;1365.33;35.0789;2.71253
7.85008;1031.1;325.155;1356.26;1365.33;35.9058;2.71253
7.86009;1031.1;322.608;1353.71;1365.33;33.1679;2.71253
7.87009;1031.1;324.614;1355.72;1365.33;33.0551;2.71253
7.88009;1031.1;322.831;1353.93;1365.33;31.2839;2.71253
7.89009;1031.1;324.875;1355.98;1365.33;29.8938;2.71253
7.90009;1031.1;324.792;1355.9;1365.33;34.9671;2.71253
7.91009;1031.1;324.113;1355.22;1365.33;32.4123;2.71253
7.92009;1031.1;323.277;1354.38;1365.33;35.0185;2.71253
7.93009;1031.1;322.609;1353.71;1365.33;32.4627;2.71253
7.94009;1031.1;326.821;1357.92;1365.33;33.4637;2.71253
7.95009;1031.1;323.34;1354.44;1365.33;31.4554;2.71253
7.96009;1031.1;324.354;1355.46;1365.33;30.6687;2.71253
7.97009;1031.1;322.325;1353.43;1365.33;29.8128;2.71253
7.98009;1031.1;324.152;1355.26;1365.33;28.3072;2.71253
7.99009;1031.1;323.407;1354.51;1365.33;30.6949;2.71253
8.00009;1031.1;323.736;1354.84;1365.33;28.6313;2.71253
8.01009;1031.1;326.67;1357.77;1365.33;29.8017;2.71253
8.02009;1031.1;323.15;1354.25;1365.33;27.8708;2.71253
8.03009;1031.1;324.466;1355.57;1365.33;28.0231;2.71253
8.04009;1031.1;322.497;1353.6;1365.33;27.5703;2.71253
8.05009;1031.1;324.077;1355.18;1365.33;26.7153;2.71253
8.06009;1031.1;325.706;1356.81;1365.33;30.8729;2.71253
8.07009;1031.1;323.521;1354.62;1365.33;28.8644;2.71253
8.08009;1031.1;323.725;1354.83;1365.33;31.9087;2.71253
8.09009;1031.1;323.976;1355.08;1365.33;29.6959;2.71253
8.10009;1031.1;324.077;1355.18;1365.33;30.6817;2.71253
8.11009;1031.1;323.147;1354.25;1365.33;29.7583;2.71253
8.12009;1031.1;325.831;1356.93;1365.33;29.4574;2.71253
8.13009;1031.1;322.697;1353.8;1365.33;29.2968;2.71253
8.14009;1031.1;323.718;1354.82;1365.33;27.8277;2.71253
8.15009;1031.1;329.26;1360.36;1365.33;34.4129;2.71253
8.16009;1031.1;323.841;1354.94;1365.33;31.8224;2.71253
8.17009;1031.1;326.533;1357.64;1365.33;34.3273;2.71253
8.18009;1031.1;322.896;1354;1365.33;31.5448;2.71253
8.19009;1031.1;325.114;1356.22;1365.33;31.2124;2.71253
8.20009;1031.1;323.123;1354.23;1365.33;29.4173;2.71253
8.21009;1031.1;324.603;1355.71;1365.33;28.3236;2.71253
8.22009;1031.1;325.045;1356.15;1365.33;32.7887;2.71253
8.23009;1031.1;324.485;1355.59;1365.33;30.7267;2.71253
8.24009;1031.1;324.085;1355.19;1365.33;33.4091;2.71253
8.25009;1031.1;322.968;1354.07;1365.33;31.0571;2.71253
8.26009;1031.1;326.122;1357.23;1365.33;32.4771;2.71253
8.27009;1031.1;323.649;1354.75;1365.33;30.884;2.71253
8.28009;1031.1;324.916;1356.02;1365.33;29.9496;2.71253
8.29009;1031.1;322.78;1353.88;1365.33;29.2056;2.71253
8.30009;1031.1;325.245;1356.35;1365.33;28.036;2.71253
8.31009;1031.1;326.552;1357.66;1365.33;30.7571;2.71253
8.3201;1031.1;324.1;1355.2;1365.33;28.8433;2.71253
8.3301;1031.1;327.009;1358.11;1365.33;30.678;2.71253
8.3401;1031.1;323.657;1354.76;1365.33;28.8143;2.71253
8.3501;1031.1;324.97;1356.07;1365.33;29.0519;2.71253
8.3601;1031.1;322.794;1353.9;1365.33;28.5075;2.71253
8.3701;1031.1;324.863;1355.97;1365.33;27.5797;2.71253
8.3801;1031.1;325.834;1356.94;1365.33;32.6894;2.71253
8.3901;1031.1;323.785;1354.89;1365.33;30.3212;2.71253
8.4001;1031.1;324.518;1355.62;1365.33;33.4312;2.71253
8.4101;1031.1;324.193;1355.3;1365.33;30.8978;2.71253
8.4201;1031.1;324.407;1355.51;1365.33;31.7752;2.71253
8.4301;1031.1;323.528;1354.63;1365.33;30.4299;2.71253
8.4401;1031.1;326.383;1357.49;1365.33;29.6598;2.71253
8.4501;1031.1;323.278;1354.38;1365.33;29.2651;2.71253
8.4601;1031.1;324.06;1355.16;1365.33;27.9417;2.71253
8.4701;1031.1;327.422;1358.53;1365.33;37.7678;2.71253
8.4801;1031.1;323.934;1355.04;1365.33;34.3665;2.71253
8.4901;1031.1;327.438;1358.54;1365.33;37.6692;2.71253
8.5001;1031.1;323.134;1354.24;1365.33;34.2093;2.71253
8.5101;1031.1;325.679;1356.78;1365.33;33.7765;2.71253
8.5201;1031.1;323.632;1354.74;1365.33;31.6668;2.71253
8.5301;1031.1;324.573;1355.68;1365.33;30.3255;2.71253
8.5401;1031.1;324.634;1355.74;1365.33;33.0028;2.71253
8.5501;1031.1;324.945;1356.05;1365.33;30.8316;2.71253
8.5601;1031.1;325.447;1356.55;1365.33;34.4372;2.71253
8.5701;1031.1;323.481;1354.58;1365.33;31.9789;2.71253
8.5801;1031.1;329.753;1360.86;1365.33;35.3111;2.71253
8.5901;1031.1;323.943;1355.05;1365.33;32.6868;2.71253
8.6001;1031.1;325.752;1356.86;1365.33;31.5418;2.71253
8.6101;1031.1;323.207;1354.31;1365.33;30.5896;2.71253
8.6201;1031.1;325.346;1356.45;1365.33;28.9305;2.71253
8.6301;1031.1;329.287;1360.39;1365.33;32.8159;2.71253
8.6401;1031.1;324.647;1355.75;1365.33;30.4141;2.71253
8.6501;1031.1;327.354;1358.46;1365.33;31.8616;2.71253
8.6601;1031.1;324.095;1355.2;1365.33;29.6739;2.71253
8.6701;1031.1;325.714;1356.82;1365.33;29.9386;2.71253
8.6801;1031.1;323.246;1354.35;1365.33;29.1496;2.71253
8.6901;1031.1;325.48;1356.58;1365.33;28.2668;2.71253
8.7001;1031.1;326.107;1357.21;1365.33;32.7875;2.71253
8.7101;1031.1;324.337;1355.44;1365.33;30.5573;2.71253
8.7201;1031.1;325.375;1356.48;1365.33;34.3139;2.71253
8.7301;1031.1;324.75;1355.85;1365.33;31.6586;2.71253
8.7401;1031.1;326.017;1357.12;1365.33;33.1379;2.71253
8.7501;1031.1;324.269;1355.37;1365.33;31.3692;2.71253
8.76011;1031.1;326.989;1358.09;1365.33;30.794;2.71253
8.77011;1031.1;323.905;1355.01;1365.33;30.5344;2.71253
8.78011;1031.1;324.762;1355.87;1365.33;29.0171;2.71253
8.79011;1031.1;328.384;1359.49;1365.33;37.2334;2.71253
8.80011;1031.1;324.654;1355.76;1365.33;34.0772;2.71253
8.81011;1031.1;328.214;1359.32;1365.33;36.5473;2.71253
8.82011;1031.1;323.727;1354.83;1365.33;33.4565;2.71253
8.83011;1031.1;326.619;1357.72;1365.33;33.2378;2.71253
8.84011;1031.1;324.201;1355.3;1365.33;31.3373;2.71253
8.85011;1031.1;325.087;1356.19;1365.33;29.8337;2.71253
8.86011;1031.1;324.693;1355.8;1365.33;31.3959;2.71253
8.87011;1031.1;325.481;1356.58;1365.33;29.5434;2.71253
8.88011;1031.1;325.82;1356.92;1365.33;34.2164;2.71253
8.89011;1031.1;324.067;1355.17;1365.33;31.8554;2.71253
8.90011;1031.1;330.751;1361.85;1365.33;34.7596;2.71253
8.91011;1031.1;324.178;1355.28;1365.33;32.0262;2.71253
8.92011;1031.1;326.98;1358.08;1365.33;31.604;2.71253
8.93011;1031.1;323.505;1354.61;1365.33;29.8726;2.71253
8.94011;1031.1;325.644;1356.75;1365.33;28.3547;2.71253
8.95011;1031.1;326.846;1357.95;1365.33;34.8488;2.71253
8.96011;1031.1;324.21;1355.31;1365.33;32.0843;2.71253
8.97011;1031.1;327.332;1358.44;1365.33;34.064;2.71253
8.98011;1031.1;324.524;1355.63;1365.33;31.4324;2.71253
8.99011;1031.1;326.162;1357.27;1365.33;32.6146;2.71253
9.00011;1031.1;323.613;1354.72;1365.33;31.0555;2.71253
9.01011;1031.1;327.712;1358.81;1365.33;29.9999;2.71253
9.02011;1031.1;324.603;1355.71;1365.33;32.9244;2.71253
9.03011;1031.1;325.225;1356.33;1365.33;30.8385;2.71253
9.04011;1031.1;327.092;1358.2;1365.33;38.6125;2.71253
9.05011;1031.1;324.817;1355.92;1365.33;35.2605;2.71253
9.06011;1031.1;330.515;1361.62;1365.33;37.9567;2.71253
9.07011;1031.1;324.031;1355.13;1365.33;34.8999;2.71253
9.08011;1031.1;327.35;1358.45;1365.33;34.3477;2.71253
9.09011;1031.1;323.789;1354.89;1365.33;32.5748;2.71253
9.10011;1031.1;325.395;1356.5;1365.33;30.7135;2.71253
9.11011;1031.1;324.587;1355.69;1365.33;35.3545;2.71253
9.12011;1031.1;325.032;1356.14;1365.33;32.7436;2.71253
9.13011;1031.1;326.964;1358.07;1365.33;36.7573;2.71253
9.14011;1031.1;323.989;1355.09;1365.33;33.5718;2.71253
9.15011;1031.1;327.448;1358.55;1365.33;34.2983;2.71253
9.16011;1031.1;324.643;1355.75;1365.33;31.8709;2.71253
9.17011;1031.1;326.471;1357.57;1365.33;30.5603;2.71253
9.18011;1031.1;324.928;1356.03;1365.33;31.8538;2.71253
9.19011;1031.1;326.194;1357.3;1365.33;30.0553;2.71253
9.20012;1031.1;324.69;1355.79;1365.33;33.3627;2.71253
9.21012;1031.1;324.36;1355.46;1365.33;31.1345;2.71253
9.22012;1031.1;324.082;1355.19;1365.33;34.4944;2.71253
9.23012;1031.1;324.347;1355.45;1365.33;31.8947;2.71253
9.24012;1031.1;326.752;1357.86;1365.33;32.1256;2.71253
9.25012;1031.1;323.682;1354.79;1365.33;30.018;2.71253
9.26012;1031.1;327.731;1358.83;1365.33;28.88;2.71253
9.27012;1031.1;326.601;1357.7;1365.33;34.1684;2.71253
9.28012;1031.1;325.082;1356.19;1365.33;31.8104;2.71253
9.29012;1031.1;326.969;1358.07;1365.33;34.4418;2.71253
9.30012;1031.1;325.101;1356.2;1365.33;32.0149;2.71253
9.31012;1031.1;326.51;1357.61;1365.33;33.0365;2.71253
9.32012;1031.1;324.078;1355.18;1365.33;31.3978;2.71253
9.33012;1031.1;329.145;1360.25;1365.33;31.0719;2.71253
9.34012;1031.1;324.739;1355.84;1365.33;32.1369;2.71253
9.35012;1031.1;325.889;1356.99;1365.33;30.139;2.71253
9.36012;1031.1;327.213;1358.32;1365.33;36.9165;2.71253
9.37012;1031.1;325.484;1356.59;1365.33;33.8622;2.71253
9.38012;1031.1;331.055;1362.16;1365.33;37.9497;2.71253
9.39012;1031.1;324.729;1355.83;1365.33;34.8072;2.71253
9.40012;1031.1;327.538;1358.64;1365.33;34.415;2.71253
9.41012;1031.1;324.28;1355.38;1365.33;32.3378;2.71253
9.42012;1031.1;325.774;1356.88;1365.33;30.7331;2.71253
9.43012;1031.1;324.038;1355.14;1365.33;33.2611;2.71253
9.44012;1031.1;326.824;1357.93;1365.33;31.3635;2.71253
9.45012;1031.1;325.457;1356.56;1365.33;34.8805;2.71253
9.46012;1031.1;324.586;1355.69;1365.33;32.0396;2.71253
9.47012;1031.1;329.437;1360.54;1365.33;33.1224;2.71253
9.48012;1031.1;324.986;1356.09;1365.33;30.8679;2.71253
9.49012;1031.1;328.708;1359.81;1365.33;30.4879;2.71253
9.50012;1031.1;325.918;1357.02;1365.33;30.4997;2.71253
9.51012;1031.1;326.887;1357.99;1365.33;29.0119;2.71253
9.52012;1031.1;324.678;1355.78;1365.33;31.2048;2.71253
9.53012;1031.1;324.709;1355.81;1365.33;29.2834;2.71253
9.54012;1031.1;322.461;1353.56;1365.33;31.8886;2.71253
9.55012;1031.1;325.056;1356.16;1365.33;29.9242;2.71253
9.56012;1031.1;326.207;1357.31;1365.33;30.8922;2.71253
9.57012;1031.1;324.116;1355.22;1365.33;29.1161;2.71253
9.58012;1031.1;327.768;1358.87;1365.33;28.503;2.71253
9.59012;1031.1;324.958;1356.06;1365.33;32.5868;2.71253
9.60012;1031.1;325.589;1356.69;1365.33;30.4463;2.71253
9.61012;1031.1;327.234;1358.34;1365.33;34.4351;2.71253
9.62012;1031.1;325.571;1356.67;1365.33;32.2195;2.71253
9.63013;1031.1;326.566;1357.67;1365.33;33.837;2.71253
9.64013;1031.1;324.374;1355.48;1365.33;32.0294;2.71253
9.65013;1031.1;329.437;1360.54;1365.33;32.1322;2.71253
9.66013;1031.1;324.62;1355.72;1365.33;31.1109;2.71253
9.67013;1031.1;326.031;1357.13;1365.33;29.5219;2.71253
9.68013;1031.1;324.335;1355.44;1365.33;36.7727;2.71253
9.69013;1031.1;325.848;1356.95;1365.33;34.0473;2.71253
9.70013;1031.1;328.9;1360;1365.33;38.9695;2.71253
9.71013;1031.1;324.443;1355.55;1365.33;35.5711;2.71253
9.72013;1031.1;327.562;1358.67;1365.33;34.9423;2.71253
9.73013;1031.1;324.508;1355.61;1365.33;32.3297;2.71253
9.74013;1031.1;326.143;1357.25;1365.33;31.2378;2.71253
9.75013;1031.1;324.165;1355.27;1365.33;30.4608;2.71253
9.76013;1031.1;327.184;1358.29;1365.33;29.2087;2.71253
9.77013;1031.1;325.771;1356.87;1365.33;32.5067;2.71253
9.78013;1031.1;325.201;1356.3;1365.33;30.0843;2.71253
9.79013;1031.1;325.933;1357.04;1365.33;32.3415;2.71253
9.80013;1031.1;324.854;1355.96;1365.33;30.1793;2.71253
9.81013;1031.1;329.621;1360.72;1365.33;31.007;2.71253
9.82013;1031.1;326.135;1357.24;1365.33;29.9425;2.71253
9.83013;1031.1;327.07;1358.17;1365.33;28.6773;2.71253
9.84013;1031.1;324.641;1355.74;1365.33;31.006;2.71253
9.85013;1031.1;324.97;1356.07;1365.33;29.1442;2.71253
9.86013;1031.1;325.47;1356.57;1365.33;32.5132;2.71253
9.87013;1031.1;326.709;1357.81;1365.33;30.4087;2.71253
9.88013;1031.1;325.813;1356.92;1365.33;30.7637;2.71253
9.89013;1031.1;324.37;1355.47;1365.33;28.8986;2.71253
9.90013;1031.1;327.94;1359.04;1365.33;28.4937;2.71253
9.91013;1031.1;324.596;1355.7;1365.33;28.7225;2.71253
9.92013;1031.1;326.755;1357.86;1365.33;27.6955;2.71253
9.93013;1031.1;328.176;1359.28;1365.33;32.6321;2.71253
9.94013;1031.1;325.689;1356.79;1365.33;30.6912;2.71253
9.95013;1031.1;325.669;1356.77;1365.33;32.8131;2.71253
9.96013;1031.1;324.292;1355.4;1365.33;30.942;2.71253
9.97013;1031.1;325.876;1356.98;1365.33;31.2837;2.71253
9.98013;1031.1;324.514;1355.62;1365.33;30.4591;2.71253
9.99013;1031.1;325.917;1357.02;1365.33;29.442;2.71253
10.0001;1031.1;323.945;1355.05;1365.33;31.3104;2.71253
10.0101;1031.1;326.361;1357.46;1365.33;29.7228;2.71253
10.0201;1031.1;325.172;1356.28;1365.33;32.899;2.71253
10.0301;1031.1;324.35;1355.45;1365.33;30.5153;2.71253
10.0401;1031.1;327.736;1358.84;1365.33;31.0346;2.71253
10.0501;1031.1;324.776;1355.88;1365.33;29.3718;2.71253
10.0601;1031.1;326.274;1357.38;1365.33;29.3043;2.71253
10.0701;1031.1;324.137;1355.24;1365.33;28.6147;2.71253
10.0801;1031.1;326.42;1357.52;1365.33;27.6845;2.71253
10.0901;1031.1;326.472;1357.58;1365.33;31.0103;2.71253
10.1001;1031.1;327.979;1359.08;1365.33;28.9474;2.71253
10.1101;1031.1;324.034;1355.14;1365.33;31.2399;2.71253
10.1201;1031.1;325.095;1356.2;1365.33;29.2459;2.71253
10.1301;1031.1;328.683;1359.79;1365.33;30.1658;2.71253
10.1401;1031.1;325.601;1356.7;1365.33;29.3101;2.71253
10.1501;1031.1;327.07;1358.17;1365.33;28.4858;2.71253
10.1601;1031.1;324.437;1355.54;1365.33;29.4257;2.71253
10.1701;1031.1;325.123;1356.23;1365.33;27.9327;2.71253
10.1801;1031.1;326.783;1357.89;1365.33;32.2637;2.71253
10.1901;1031.1;326.033;1357.14;1365.33;29.9826;2.71253
10.2001;1031.1;326.338;1357.44;1365.33;30.806;2.71253
10.2101;1031.1;324.523;1355.63;1365.33;28.9173;2.71253
10.2201;1031.1;326.974;1358.08;1365.33;28.5778;2.71253
10.2301;1031.1;324.525;1355.63;1365.33;27.8928;2.71253
10.2401;1031.1;327.06;1358.16;1365.33;27.3302;2.71253
10.2501;1031.1;327.645;1358.75;1365.33;33.1004;2.71253
10.2601;1031.1;325.839;1356.94;1365.33;30.9346;2.71253
10.2701;1031.1;324.995;1356.1;1365.33;33.5871;2.71253
10.2801;1031.1;324.438;1355.54;1365.33;31.3811;2.71253
10.2901;1031.1;329.489;1360.59;1365.33;32.9955;2.71253
10.3001;1031.1;325.066;1356.17;1365.33;31.7827;2.71253
10.3101;1031.1;326.037;1357.14;1365.33;31.0349;2.71253
10.3201;1031.1;323.906;1355.01;1365.33;30.413;2.71253
10.3301;1031.1;325.158;1356.26;1365.33;28.6127;2.71253
10.3401;1031.1;322.632;1353.74;1365.33;32.2966;2.71253
10.3501;1031.1;325.076;1356.18;1365.33;29.9235;2.71253
10.3601;1031.1;328.243;1359.35;1365.33;30.4451;2.71253
10.3701;1031.1;324.979;1356.08;1365.33;28.5043;2.71253
10.3801;1031.1;326.317;1357.42;1365.33;28.3118;2.71253
10.3901;1031.1;324.393;1355.5;1365.33;27.8334;2.71253
10.4001;1031.1;327.35;1358.45;1365.33;27.2253;2.71253
10.4101;1031.1;327.753;1358.86;1365.33;31.217;2.71253
10.4201;1031.1;325.39;1356.49;1365.33;29.3025;2.71253
10.4301;1031.1;324.664;1355.77;1365.33;32.2329;2.71253
10.4401;1031.1;325.498;1356.6;1365.33;30.0878;2.71253
10.4501;1031.1;326.01;1357.11;1365.33;30.8105;2.71253
10.4601;1031.1;324.5;1355.6;1365.33;29.7495;2.71253
10.4701;1031.1;327.064;1358.17;1365.33;29.1356;2.71253
10.4801;1031.1;324.369;1355.47;1365.33;29.4033;2.71253
10.4901;1031.1;325.146;1356.25;1365.33;27.8773;2.71253
10.5001;1031.1;328.912;1360.02;1365.33;37.5416;2.71253
10.5101;1031.1;324.906;1356.01;1365.33;34.1608;2.71253
10.5201;1031.1;327.521;1358.62;1365.33;36.5492;2.71253
10.5301;1031.1;324.289;1355.39;1365.33;33.5434;2.71253
10.5401;1031.1;326.754;1357.86;1365.33;33.2536;2.71253
10.5501;1031.1;324.696;1355.8;1365.33;31.7713;2.71253
10.5601;1031.1;327.448;1358.55;1365.33;30.6187;2.71253
10.5701;1031.1;327.298;1358.4;1365.33;35.1244;2.71253
10.5801;1031.1;326.019;1357.12;1365.33;32.7554;2.71253
10.5901;1031.1;325.418;1356.52;1365.33;34.7041;2.71253
10.6001;1031.1;324.482;1355.59;1365.33;32.2031;2.71253
10.6101;1031.1;326.405;1357.51;1365.33;32.8853;2.71253
10.6201;1031.1;325.146;1356.25;1365.33;31.2597;2.71253
10.6301;1031.1;326.056;1357.16;1365.33;30.0022;2.71253
10.6401;1031.1;324.209;1355.31;1365.33;29.165;2.71253
10.6501;1031.1;326.538;1357.64;1365.33;27.8642;2.71253
10.6601;1031.1;326.58;1357.68;1365.33;30.5215;2.71253
10.6701;1031.1;325.601;1356.7;1365.33;28.6837;2.71253
10.6801;1031.1;328.473;1359.58;1365.33;30.4162;2.71253
10.6901;1031.1;325.192;1356.3;1365.33;28.5216;2.71253
10.7001;1031.1;326.355;1357.46;1365.33;28.6599;2.71253
10.7101;1031.1;324.396;1355.5;1365.33;28.1454;2.71253
10.7201;1031.1;325.92;1357.02;1365.33;27.2361;2.71253
10.7302;1031.1;327.338;1358.44;1365.33;32.0815;2.71253
10.7402;1031.1;325.257;1356.36;1365.33;29.8313;2.71253
10.7502;1031.1;327.107;1358.21;1365.33;32.4921;2.71253
10.7602;1031.1;325.533;1356.64;1365.33;30.2434;2.71253
10.7702;1031.1;325.715;1356.82;1365.33;31.7982;2.71253
10.7802;1031.1;324.767;1355.87;1365.33;30.6593;2.71253
10.7902;1031.1;327.428;1358.53;1365.33;29.9339;2.71253
10.8002;1031.1;324.542;1355.65;1365.33;30.1058;2.71253
10.8102;1031.1;325.191;1356.29;1365.33;28.5653;2.71253
10.8202;1031.1;330.462;1361.56;1365.33;37.8151;2.71253
10.8302;1031.1;325.426;1356.53;1365.33;34.4828;2.71253
10.8402;1031.1;328.124;1359.23;1365.33;35.4448;2.71253
10.8502;1031.1;324.793;1355.9;1365.33;32.543;2.71253
10.8602;1031.1;326.69;1357.79;1365.33;32.333;2.71253
10.8702;1031.1;324.821;1355.92;1365.33;30.3464;2.71253
10.8802;1031.1;326.064;1357.17;1365.33;29.0088;2.71253
10.8902;1031.1;326.29;1357.39;1365.33;32.4452;2.71253
10.9002;1031.1;326.239;1357.34;1365.33;30.5218;2.71253
10.9102;1031.1;325.879;1356.98;1365.33;33.6528;2.71253
10.9202;1031.1;324.641;1355.74;1365.33;31.3914;2.71253
10.9302;1031.1;328.929;1360.03;1365.33;33.8399;2.71253
10.9402;1031.1;325.325;1356.43;1365.33;31.7312;2.71253
10.9502;1031.1;326.677;1357.78;1365.33;30.765;2.71253
10.9602;1031.1;324.394;1355.5;1365.33;30.2082;2.71253
10.9702;1031.1;326.114;1357.22;1365.33;28.6268;2.71253
10.9802;1031.1;329.021;1360.12;1365.33;32.0724;2.71253
10.9902;1031.1;325.669;1356.77;1365.33;29.6958;2.71253
11.0002;1031.1;328.562;1359.67;1365.33;30.93;2.71253
11.0102;1031.1;325.351;1356.45;1365.33;29.0665;2.71253
11.0202;1031.1;326.527;1357.63;1365.33;29.9577;2.71253
11.0302;1031.1;324.509;1355.61;1365.33;29.1829;2.71253
11.0402;1031.1;327.338;1358.44;1365.33;28.0343;2.71253
11.0502;1031.1;326.16;1357.26;1365.33;30.5354;2.71253
11.0602;1031.1;325.434;1356.54;1365.33;28.5203;2.71253
11.0702;1031.1;329.471;1360.57;1365.33;35.61;2.71253
11.0802;1031.1;325.633;1356.74;1365.33;32.9831;2.71253
11.0902;1031.1;326.293;1357.4;1365.33;34.3077;2.71253
11.1002;1031.1;324.997;1356.1;1365.33;32.3717;2.71253
11.1102;1031.1;327.793;1358.9;1365.33;31.5095;2.71253
11.1202;1031.1;324.499;1355.6;1365.33;30.5148;2.71253
11.1302;1031.1;325.723;1356.83;1365.33;28.9539;2.71253
11.1402;1031.1;325.959;1357.06;1365.33;38.3562;2.71253
11.1502;1031.1;325.427;1356.53;1365.33;35.3199;2.71253
11.1602;1031.1;328.651;1359.75;1365.33;38.0671;2.71253
11.1702;1031.1;324.764;1355.87;1365.33;34.412;2.71253
11.1802;1031.1;328.496;1359.6;1365.33;34.6311;2.71253
11.1902;1031.1;325.257;1356.36;1365.33;32.269;2.71253
11.2002;1031.1;326.451;1357.55;1365.33;31.072;2.71253
11.2102;1031.1;326.134;1357.24;1365.33;34.6393;2.71253
11.2202;1031.1;326.706;1357.81;1365.33;32.2694;2.71253
11.2302;1031.1;326.643;1357.75;1365.33;35.3965;2.71253
11.2402;1031.1;324.923;1356.03;1365.33;32.6647;2.71253
11.2502;1031.1;331.645;1362.75;1365.33;34.795;2.71253
11.2602;1031.1;325.612;1356.72;1365.33;32.3093;2.71253
11.2702;1031.1;327.461;1358.56;1365.33;32.0452;2.71253
11.2802;1031.1;324.419;1355.52;1365.33;30.7618;2.71253
11.2902;1031.1;326.12;1357.22;1365.33;29.0206;2.71253
11.3002;1031.1;329.799;1360.9;1365.33;34.2999;2.71253
11.3102;1031.1;325.531;1356.63;1365.33;31.6744;2.71253
11.3202;1031.1;328.614;1359.72;1365.33;33.337;2.71253
11.3302;1031.1;325.446;1356.55;1365.33;30.9789;2.71253
11.3402;1031.1;326.948;1358.05;1365.33;31.703;2.71253
11.3502;1031.1;324.534;1355.64;1365.33;30.1805;2.71253
11.3602;1031.1;327.755;1358.86;1365.33;28.964;2.71253
11.3702;1031.1;325.755;1356.86;1365.33;32.6906;2.71253
11.3802;1031.1;326.049;1357.15;1365.33;30.6875;2.71253
11.3902;1031.1;329.066;1360.17;1365.33;38.325;2.71253
11.4002;1031.1;325.86;1356.96;1365.33;34.9842;2.71253
11.4102;1031.1;329.93;1361.03;1365.33;36.5678;2.71253
11.4202;1031.1;325.243;1356.35;1365.33;33.9133;2.71253
11.4302;1031.1;328.188;1359.29;1365.33;33.2529;2.71253
11.4402;1031.1;324.879;1355.98;1365.33;32.069;2.71253
11.4502;1031.1;326.051;1357.15;1365.33;30.3639;2.71253
11.4602;1031.1;324.495;1355.6;1365.33;31.7382;2.71253
11.4702;1031.1;326.41;1357.51;1365.33;30.0606;2.71253
11.4802;1031.1;326.893;1358;1365.33;34.5495;2.71253
11.4902;1031.1;324.819;1355.92;1365.33;31.7042;2.71253
11.5002;1031.1;330.198;1361.3;1365.33;33.5408;2.71253
11.5102;1031.1;324.859;1355.96;1365.33;31.1704;2.71253
11.5202;1031.1;326.646;1357.75;1365.33;30.2811;2.71253
11.5302;1031.1;325.761;1356.86;1365.33;31.1666;2.71253
11.5402;1031.1;326.882;1357.99;1365.33;29.4085;2.71253
11.5502;1031.1;326.792;1357.9;1365.33;32.7562;2.71253
11.5602;1031.1;325.192;1356.3;1365.33;30.675;2.71253
11.5702;1031.1;331.587;1362.69;1365.33;33.67;2.71253
11.5802;1031.1;325.602;1356.71;1365.33;31.384;2.71253
11.5902;1031.1;327.815;1358.92;1365.33;31.3211;2.71253
11.6002;1031.1;324.662;1355.77;1365.33;29.5587;2.71253
11.6102;1031.1;326.643;1357.75;1365.33;28.0781;2.71253
11.6202;1031.1;327.477;1358.58;1365.33;34.049;2.71253
11.6302;1031.1;325.565;1356.67;1365.33;31.6126;2.71253
11.6402;1031.1;328.272;1359.38;1365.33;34.1084;2.71253
11.6502;1031.1;325.722;1356.83;1365.33;31.4919;2.71253
11.6602;1031.1;327.241;1358.34;1365.33;31.8914;2.71253
11.6702;1031.1;324.826;1355.93;1365.33;30.5318;2.71253
11.6802;1031.1;329.133;1360.24;1365.33;29.9701;2.71253
11.6902;1031.1;325.671;1356.77;1365.33;31.3294;2.71253
11.7002;1031.1;326.397;1357.5;1365.33;29.512;2.71253
11.7102;1031.1;325.445;1356.55;1365.33;36.6898;2.71253
11.7202;1031.1;325.435;1356.54;1365.33;33.9048;2.71253
11.7302;1031.1;330.976;1362.08;1365.33;38.0699;2.71253
11.7402;1031.1;325.119;1356.22;1365.33;35.4587;2.71253
11.7502;1031.1;328.557;1359.66;1365.33;34.9435;2.71253
11.7602;1031.1;324.922;1356.03;1365.33;32.957;2.71253
11.7702;1031.1;326.408;1357.51;1365.33;31.1617;2.71253
11.7802;1031.1;325.076;1356.18;1365.33;38.923;2.71253
11.7902;1031.1;326.184;1357.29;1365.33;35.8099;2.71253
11.8002;1031.1;326.585;1357.69;1365.33;38.4199;2.71253
11.8102;1031.1;325.27;1356.37;1365.33;34.8085;2.71253
11.8202;1031.1;330.531;1361.63;1365.33;35.5863;2.71253
11.8302;1031.1;325.575;1356.68;1365.33;32.9013;2.71253
11.8402;1031.1;328.451;1359.55;1365.33;32.0581;2.71253
11.8502;1031.1;326.335;1357.44;1365.33;32.2628;2.71253
11.8602;1031.1;327.091;1358.19;1365.33;30.3866;2.71253
11.8702;1031.1;325.875;1356.98;1365.33;34.2835;2.71253
11.8802;1031.1;325.393;1356.5;1365.33;31.839;2.71253
11.8902;1031.1;327.125;1358.23;1365.33;35.2119;2.71253
11.9002;1031.1;325.1;1356.2;1365.33;32.3855;2.71253
11.9102;1031.1;327.574;1358.68;1365.33;32.5685;2.71253
11.9202;1031.1;324.474;1355.58;1365.33;30.1246;2.71253
11.9302;1031.1;328.627;1359.73;1365.33;29.0047;2.71253
11.9402;1031.1;327.291;1358.39;1365.33;33.8055;2.71253
11.9502;1031.1;325.766;1356.87;1365.33;31.3178;2.71253
11.9602;1031.1;328.01;1359.11;1365.33;34.4462;2.71253
11.9702;1031.1;326.036;1357.14;1365.33;32.2085;2.71253
11.9802;1031.1;327.55;1358.65;1365.33;33.5745;2.71253
11.9902;1031.1;324.901;1356;1365.33;31.9556;2.71253
12.0002;1031.1;329.835;1360.94;1365.33;31.7139;2.71253
12.0102;1031.1;325.582;1356.69;1365.33;31.4928;2.71253
12.0202;1031.1;326.601;1357.7;1365.33;29.7615;2.71253
12.0302;1031.1;326.074;1357.18;1365.33;38.6729;2.71253
12.0402;1031.1;325.831;1356.93;1365.33;35.5856;2.71253
12.0502;1031.1;330.645;1361.75;1365.33;40.7076;2.71253
12.0602;1031.1;325.008;1356.11;1365.33;37.01;2.71253
12.0702;1031.1;328.298;1359.4;1365.33;35.9023;2.71253
12.0802;1031.1;324.986;1356.09;1365.33;33.3883;2.71253
12.0902;1031.1;326.672;1357.78;1365.33;31.6437;2.71253
12.1002;1031.1;324.728;1355.83;1365.33;32.1921;2.71253
12.1102;1031.1;327.55;1358.65;1365.33;30.5222;2.71253
12.1202;1031.1;325.76;1356.86;1365.33;34.4289;2.71253
12.1302;1031.1;325.556;1356.66;1365.33;31.5734;2.71253
12.1402;1031.1;328.399;1359.5;1365.33;33.8934;2.71253
12.1502;1031.1;325.037;1356.14;1365.33;31.5254;2.71253
12.1602;1031.1;329.39;1360.49;1365.33;30.7464;2.71253
12.1702;1031.1;326.676;1357.78;1365.33;30.1865;2.71253
12.1802;1031.1;327.386;1358.49;1365.33;28.8398;2.71253
12.1902;1031.1;325.448;1356.55;1365.33;32.0993;2.71253
12.2002;1031.1;325.504;1356.61;1365.33;30.0932;2.71253
12.2102;1031.1;327.199;1358.3;1365.33;33.1459;2.71253
12.2202;1031.1;325.517;1356.62;1365.33;30.7906;2.71253
12.2302;1031.1;327.468;1358.57;1365.33;31.2433;2.71253
12.2402;1031.1;324.8;1355.9;1365.33;29.2456;2.71253
12.2502;1031.1;328.764;1359.87;1365.33;28.4505;2.71253
12.2602;1031.1;325.296;1356.4;1365.33;30.9307;2.71253
12.2702;1031.1;326.484;1357.59;1365.33;29.1866;2.71253
12.2802;1031.1;328.156;1359.26;1365.33;32.637;2.71253
12.2902;1031.1;326.129;1357.23;1365.33;30.763;2.71253
12.3002;1031.1;327.095;1358.2;1365.33;32.6947;2.71253
12.3102;1031.1;325;1356.1;1365.33;31.0735;2.71253
12.3202;1031.1;328.742;1359.84;1365.33;30.8454;2.71253
12.3302;1031.1;325.181;1356.28;1365.33;30.1992;2.71253
12.3402;1031.1;327.002;1358.11;1365.33;29.0392;2.71253
12.3502;1031.1;324.817;1355.92;1365.33;34.0176;2.71253
12.3602;1031.1;326.71;1357.81;1365.33;31.9595;2.71253
12.3702;1031.1;329.643;1360.75;1365.33;37.1897;2.71253
12.3802;1031.1;325.168;1356.27;1365.33;34.0828;2.71253
12.3902;1031.1;328.488;1359.59;1365.33;33.9266;2.71253
12.4002;1031.1;325.253;1356.36;1365.33;31.7636;2.71253
12.4102;1031.1;327.028;1358.13;1365.33;30.7525;2.71253
12.4202;1031.1;324.917;1356.02;1365.33;30.0134;2.71253
12.4302;1031.1;328.239;1359.34;1365.33;28.8168;2.71253
12.4402;1031.1;325.822;1356.93;1365.33;32.0348;2.71253
12.4502;1031.1;325.842;1356.95;1365.33;29.7524;2.71253
12.4602;1031.1;327.835;1358.94;1365.33;32.3696;2.71253
12.4702;1031.1;325.516;1356.62;1365.33;30.2054;2.71253
12.4802;1031.1;330.038;1361.14;1365.33;30.3508;2.71253
12.4902;1031.1;326.39;1357.49;1365.33;30.3105;2.71253
12.5002;1031.1;327.736;1358.84;1365.33;29.1311;2.71253
12.5102;1031.1;325.306;1356.41;1365.33;30.9831;2.71253
12.5202;1031.1;325.648;1356.75;1365.33;29.184;2.71253
12.5302;1031.1;325.01;1356.11;1365.33;31.3616;2.71253
12.5402;1031.1;326.407;1357.51;1365.33;29.3211;2.71253
12.5502;1031.1;326.839;1357.94;1365.33;30.4844;2.71253
12.5602;1031.1;325.007;1356.11;1365.33;28.5736;2.71253
12.5702;1031.1;328.088;1359.19;1365.33;28.0204;2.71253
12.5802;1031.1;325.223;1356.33;1365.33;28.3686;2.71253
12.5902;1031.1;327.222;1358.33;1365.33;27.5195;2.71253
12.6002;1031.1;328.37;1359.47;1365.33;32.3383;2.71253
12.6102;1031.1;326.589;1357.69;1365.33;30.5506;2.71253
12.6202;1031.1;326.714;1357.82;1365.33;32.6996;2.71253
12.6302;1031.1;325.118;1356.22;1365.33;30.8734;2.71253
12.6402;1031.1;327.883;1358.99;1365.33;31.2539;2.71253
12.6502;1031.1;325.358;1356.46;1365.33;30.5918;2.71253
12.6602;1031.1;326.951;1358.05;1365.33;29.5592;2.71253
12.6702;1031.1;324.801;1355.9;1365.33;30.8808;2.71253
12.6802;1031.1;327.153;1358.26;1365.33;29.4027;2.71253
12.6902;1031.1;326.732;1357.84;1365.33;35.4391;2.71253
12.7002;1031.1;325.247;1356.35;1365.33;32.7225;2.71253
12.7102;1031.1;328.857;1359.96;1365.33;32.7689;2.71253
12.7202;1031.1;325.415;1356.52;1365.33;30.7509;2.71253
12.7302;1031.1;327.154;1358.26;1365.33;29.9593;2.71253
12.7402;1031.1;324.973;1356.08;1365.33;29.3526;2.71253
12.7502;1031.1;327.556;1358.66;1365.33;28.1738;2.71253
12.7602;1031.1;326.51;1357.61;1365.33;31.1836;2.71253
12.7702;1031.1;326.056;1357.16;1365.33;29.0587;2.71253
12.7802;1031.1;324.878;1355.98;1365.33;31.3639;2.71253
12.7902;1031.1;326.164;1357.27;1365.33;29.2784;2.71253
12.8002;1031.1;330.293;1361.4;1365.33;30.4006;2.71253
12.8102;1031.1;325.856;1356.96;1365.33;29.5391;2.71253
12.8202;1031.1;327.74;1358.84;1365.33;28.4344;2.71253
12.8302;1031.1;325.272;1356.38;1365.33;29.3339;2.71253
12.8402;1031.1;325.973;1357.08;1365.33;27.845;2.71253
12.8502;1031.1;327.501;1358.6;1365.33;30.1984;2.71253
12.8602;1031.1;326.858;1357.96;1365.33;28.4708;2.71253
12.8702;1031.1;327.036;1358.14;1365.33;29.9794;2.71253
12.8802;1031.1;325.28;1356.38;1365.33;28.1916;2.71253
12.8902;1031.1;326.981;1358.08;1365.33;28.1129;2.71253
12.9002;1031.1;325.365;1356.47;1365.33;28.7813;2.71253
12.9102;1031.1;327.977;1359.08;1365.33;28.1039;2.71253
12.9202;1031.1;328.325;1359.43;1365.33;33.8199;2.71253
12.9302;1031.1;326.786;1357.89;1365.33;31.6966;2.71253
12.9402;1031.1;326.225;1357.33;1365.33;33.6027;2.71253
12.9502;1031.1;325.229;1356.33;1365.33;31.3585;2.71253
12.9602;1031.1;326.73;1357.83;1365.33;31.9792;2.71253
12.9702;1031.1;325.586;1356.69;1365.33;30.9039;2.71253
12.9802;1031.1;326.97;1358.07;1365.33;29.8173;2.71253
12.9902;1031.1;324.976;1356.08;1365.33;29.887;2.71253
13.0002;1031.1;327.454;1358.56;1365.33;28.4846;2.71253
13.0102;1031.1;324.391;1355.49;1365.33;32.2122;2.71253
13.0202;1031.1;325.768;1356.87;1365.33;30.0435;2.71253
13.0302;1031.1;329.089;1360.19;1365.33;30.5851;2.71253
13.0402;1031.1;325.948;1357.05;1365.33;28.7012;2.71253
13.0502;1031.1;327.208;1358.31;1365.33;28.4752;2.71253
13.0602;1031.1;325.248;1356.35;1365.33;27.9273;2.71253
13.0702;1031.1;327.923;1359.03;1365.33;27.2794;2.71253
13.0802;1031.1;328.212;1359.32;1365.33;31.5759;2.71253
13.0902;1031.1;326.167;1357.27;1365.33;29.4733;2.71253
13.1002;1031.1;325.779;1356.88;1365.33;31.7179;2.71253
13.1102;1031.1;326.523;1357.63;1365.33;29.6045;2.71253
13.1202;1031.1;327.853;1358.96;1365.33;30.8012;2.71253
13.1302;1031.1;325.518;1356.62;1365.33;29.6549;2.71253
13.1402;1031.1;328.312;1359.42;1365.33;28.9116;2.71253
13.1502;1031.1;325.501;1356.6;1365.33;30.0825;2.71253
13.1602;1031.1;326.283;1357.39;1365.33;28.4737;2.71253
13.1702;1031.1;331.261;1362.36;1365.33;34.2514;2.71253
13.1802;1031.1;326.791;1357.89;1365.33;31.606;2.71253
13.1902;1031.1;327.778;1358.88;1365.33;32.5902;2.71253
13.2002;1031.1;325.561;1356.66;1365.33;30.3327;2.71253
13.2102;1031.1;327.417;1358.52;1365.33;30.2241;2.71253
13.2202;1031.1;325.682;1356.79;1365.33;28.9967;2.71253
13.2302;1031.1;328.16;1359.26;1365.33;28.1074;2.71253
13.2402;1031.1;328.018;1359.12;1365.33;32.9612;2.71253
13.2502;1031.1;327.067;1358.17;1365.33;30.9622;2.71253
13.2602;1031.1;326.401;1357.5;1365.33;33.5702;2.71253
13.2702;1031.1;325.57;1356.67;1365.33;31.4209;2.71253
13.2802;1031.1;327.926;1359.03;1365.33;32.7118;2.71253
13.2902;1031.1;326.239;1357.34;1365.33;31.2226;2.71253
13.3002;1031.1;327.118;1358.22;1365.33;30.2114;2.71253
13.3102;1031.1;325.221;1356.32;1365.33;30.377;2.71253
13.3202;1031.1;327.051;1358.15;1365.33;28.7426;2.71253
13.3302;1031.1;325.722;1356.83;1365.33;30.7564;2.71253
13.3402;1031.1;326.486;1357.59;1365.33;28.7296;2.71253
13.3502;1031.1;329.097;1360.2;1365.33;29.7227;2.71253
13.3602;1031.1;325.947;1357.05;1365.33;28.0839;2.71253
13.3702;1031.1;327.458;1358.56;1365.33;28.6085;2.71253
13.3802;1031.1;325.378;1356.48;1365.33;28.1071;2.71253
13.3902;1031.1;326.963;1358.07;1365.33;27.0523;2.71253
13.4002;1031.1;327.981;1359.08;1365.33;31.0425;2.71253
13.4102;1031.1;326.271;1357.37;1365.33;28.9552;2.71253
13.4202;1031.1;330.649;1361.75;1365.33;34.8768;2.71253
13.4302;1031.1;326.032;1357.14;1365.33;32.2088;2.71253
13.4402;1031.1;327.028;1358.13;1365.33;33.839;2.71253
13.4502;1031.1;325.571;1356.67;1365.33;32.3763;2.71253
13.4602;1031.1;328.321;1359.42;1365.33;31.3715;2.71253
13.4702;1031.1;325.394;1356.5;1365.33;30.9336;2.71253
13.4802;1031.1;326.453;1357.56;1365.33;29.266;2.71253
13.4902;1031.1;329.698;1360.8;1365.33;40.0312;2.71253
13.5002;1031.1;326.356;1357.46;1365.33;36.511;2.71253
13.5102;1031.1;328.779;1359.88;1365.33;37.7237;2.71253
13.5202;1031.1;325.623;1356.73;1365.33;34.4258;2.71253
13.5302;1031.1;328.081;1359.18;1365.33;34.3946;2.71253
13.5402;1031.1;325.821;1356.92;1365.33;32.0789;2.71253
13.5502;1031.1;328.194;1359.3;1365.33;30.8497;2.71253
13.5602;1031.1;327.463;1358.57;1365.33;35.1826;2.71253
13.5702;1031.1;327.276;1358.38;1365.33;32.7764;2.71253
13.5802;1031.1;326.99;1358.09;1365.33;35.3717;2.71253
13.5902;1031.1;325.726;1356.83;1365.33;32.7556;2.71253
13.6002;1031.1;333.391;1364.49;1365.33;35.0676;2.71253
13.6102;1031.1;326.176;1357.28;1365.33;32.4681;2.71253
13.6202;1031.1;327.669;1358.77;1365.33;31.9014;2.71253
13.6302;1031.1;325.276;1356.38;1365.33;30.7017;2.71253
13.6402;1031.1;326.756;1357.86;1365.33;28.9571;2.71253
13.6502;1031.1;326.784;1357.89;1365.33;30.1066;2.71253
13.6602;1031.1;326.895;1358;1365.33;28.1448;2.71253
13.6702;1031.1;329.357;1360.46;1365.33;29.5625;2.71253
13.6802;1031.1;326.247;1357.35;1365.33;27.8415;2.71253
13.6902;1031.1;327.392;1358.5;1365.33;29.0132;2.71253
13.7002;1031.1;325.537;1356.64;1365.33;28.3181;2.71253
13.7102;1031.1;329.281;1360.38;1365.33;27.5776;2.71253
13.7202;1031.1;326.671;1357.77;1365.33;31.0914;2.71253
13.7302;1031.1;326.665;1357.77;1365.33;29.076;2.71253
13.7402;1031.1;327.979;1359.08;1365.33;38.2755;2.71253
13.7502;1031.1;325.848;1356.95;1365.33;35.21;2.71253
13.7602;1031.1;326.822;1357.93;1365.33;36.9444;2.71253
13.7702;1031.1;325.799;1356.9;1365.33;35.0871;2.71253
13.7802;1031.1;328.656;1359.76;1365.33;33.9945;2.71253
13.7902;1031.1;325.518;1356.62;1365.33;32.6356;2.71253
13.8002;1031.1;326.745;1357.85;1365.33;30.6873;2.71253
13.8102;1031.1;328.155;1359.26;1365.33;39.0734;2.71253
13.8202;1031.1;326.203;1357.31;1365.33;35.9321;2.71253
13.8302;1031.1;329.083;1360.19;1365.33;38.2317;2.71253
13.8402;1031.1;325.645;1356.75;1365.33;34.8147;2.71253
13.8502;1031.1;329.872;1360.97;1365.33;34.5178;2.71253
13.8602;1031.1;326.011;1357.11;1365.33;32.1019;2.71253
13.8702;1031.1;327.471;1358.57;1365.33;31.0185;2.71253
13.8802;1031.1;327.039;1358.14;1365.33;33.9211;2.71253
13.8902;1031.1;327.353;1358.46;1365.33;31.7171;2.71253
13.9002;1031.1;327.585;1358.69;1365.33;34.9792;2.71253
13.9102;1031.1;325.879;1356.98;1365.33;32.3664;2.71253
13.9202;1031.1;332.474;1363.58;1365.33;36.1309;2.71253
13.9302;1031.1;325.78;1356.88;1365.33;33.4116;2.71253
13.9402;1031.1;328.231;1359.33;1365.33;33.2139;2.71253
13.9502;1031.1;325.263;1356.37;1365.33;31.265;2.71253
13.9602;1031.1;328.246;1359.35;1365.33;29.5583;2.71253
13.9702;1031.1;331.124;1362.23;1365.33;30.7291;2.71253
13.9802;1031.1;326.67;1357.77;1365.33;28.8561;2.71253
13.9902;1031.1;329.073;1360.18;1365.33;31.1193;2.71253
14.0002;1031.1;326.103;1357.21;1365.33;29.2325;2.71253
14.0102;1031.1;327.885;1358.99;1365.33;30.4173;2.71253
14.0202;1031.1;325.426;1356.53;1365.33;29.4173;2.71253
14.0302;1031.1;330.527;1361.63;1365.33;29.2066;2.71253
14.0402;1031.1;325.882;1356.99;1365.33;30.7512;2.71253
14.0502;1031.1;326.855;1357.96;1365.33;29.1066;2.71253
14.0602;1031.1;325.359;1356.46;1365.33;37.555;2.71253
14.0702;1031.1;326.15;1357.25;1365.33;34.888;2.71253
14.0802;1031.1;328.375;1359.48;1365.33;38.2716;2.71253
14.0902;1031.1;325.892;1357;1365.33;35.7795;2.71253
14.1002;1031.1;328.655;1359.76;1365.33;34.6658;2.71253
14.1102;1031.1;325.604;1356.71;1365.33;32.7097;2.71253
14.1202;1031.1;326.766;1357.87;1365.33;30.9356;2.71253
14.1302;1031.1;325.777;1356.88;1365.33;38.9538;2.71253
14.1402;1031.1;326.432;1357.54;1365.33;35.8466;2.71253
14.1502;1031.1;328.624;1359.73;1365.33;38.7006;2.71253
14.1602;1031.1;325.632;1356.73;1365.33;35.1005;2.71253
14.1702;1031.1;330.966;1362.07;1365.33;35.8106;2.71253
14.1802;1031.1;325.909;1357.01;1365.33;33.0625;2.71253
14.1902;1031.1;327.123;1358.23;1365.33;31.7787;2.71253
14.2002;1031.1;326.769;1357.87;1365.33;32.4955;2.71253
14.2102;1031.1;327.585;1358.69;1365.33;30.6;2.71253
14.2202;1031.1;327.471;1358.57;1365.33;33.9103;2.71253
14.2302;1031.1;326.013;1357.12;1365.33;31.6087;2.71253
14.2402;1031.1;332.041;1363.14;1365.33;35.6164;2.71253
14.2502;1031.1;325.902;1357.01;1365.33;32.7547;2.71253
14.2602;1031.1;328.525;1359.63;1365.33;32.2546;2.71253
14.2702;1031.1;325.324;1356.43;1365.33;30.5511;2.71253
14.2802;1031.1;327.733;1358.84;1365.33;29.0833;2.71253
14.2902;1031.1;330.694;1361.8;1365.33;32.8005;2.71253
14.3002;1031.1;326.766;1357.87;1365.33;30.426;2.71253
14.3102;1031.1;329.371;1360.47;1365.33;32.0155;2.71253
14.3202;1031.1;326.46;1357.56;1365.33;29.9872;2.71253
14.3302;1031.1;327.811;1358.91;1365.33;31.0727;2.71253
14.3402;1031.1;325.505;1356.61;1365.33;29.9948;2.71253
14.3502;1031.1;330.363;1361.47;1365.33;29.1024;2.71253
14.3602;1031.1;326.39;1357.49;1365.33;30.2237;2.71253
14.3702;1031.1;327.178;1358.28;1365.33;28.5979;2.71253
14.3802;1031.1;326.81;1357.91;1365.33;37.6943;2.71253
14.3902;1031.1;326.21;1357.31;1365.33;34.731;2.71253
14.4002;1031.1;330.241;1361.34;1365.33;39.2635;2.71253
14.4102;1031.1;326.253;1357.36;1365.33;36.4029;2.71253
14.4202;1031.1;329.162;1360.27;1365.33;35.2807;2.71253
14.4302;1031.1;325.752;1356.86;1365.33;33.5245;2.71253
14.4402;1031.1;326.961;1358.06;1365.33;31.6841;2.71253
14.4502;1031.1;327.4;1358.5;1365.33;39.2769;2.71253
14.4602;1031.1;326.622;1357.72;1365.33;35.9502;2.71253
14.4702;1031.1;327.973;1359.08;1365.33;38.2494;2.71253
14.4802;1031.1;325.772;1356.88;1365.33;34.6902;2.71253
14.4902;1031.1;331.261;1362.36;1365.33;36.1503;2.71253
14.5002;1031.1;325.818;1356.92;1365.33;33.2584;2.71253
14.5102;1031.1;327.89;1358.99;1365.33;31.8993;2.71253
14.5202;1031.1;327.234;1358.34;1365.33;33.5804;2.71253
14.5302;1031.1;327.683;1358.79;1365.33;31.4921;2.71253
14.5402;1031.1;327.33;1358.43;1365.33;35.0414;2.71253
14.5502;1031.1;326.108;1357.21;1365.33;32.5598;2.71253
14.5602;1031.1;328.931;1360.03;1365.33;36.385;2.71253
14.5702;1031.1;325.815;1356.92;1365.33;33.361;2.71253
14.5802;1031.1;328.522;1359.63;1365.33;33.3429;2.71253
14.5902;1031.1;325.441;1356.54;1365.33;31.019;2.71253
14.6002;1031.1;329.124;1360.23;1365.33;29.4531;2.71253
14.6102;1031.1;328.619;1359.72;1365.33;33.7517;2.71253
14.6202;1031.1;326.61;1357.71;1365.33;31.4412;2.71253
14.6302;1031.1;329.158;1360.26;1365.33;33.5425;2.71253
14.6402;1031.1;326.767;1357.87;1365.33;31.2061;2.71253
14.6502;1031.1;327.99;1359.09;1365.33;32.7003;2.71253
14.6602;1031.1;325.729;1356.83;1365.33;31.2847;2.71253
14.6702;1031.1;331.209;1362.31;1365.33;30.7488;2.71253
14.6802;1031.1;326.138;1357.24;1365.33;31.7128;2.71253
14.6902;1031.1;327.408;1358.51;1365.33;30.1507;2.71253
14.7002;1031.1;325.598;1356.7;1365.33;35.2485;2.71253
14.7102;1031.1;326.609;1357.71;1365.33;32.93;2.71253
14.7202;1031.1;332.149;1363.25;1365.33;37.1792;2.71253
14.7302;1031.1;326.022;1357.13;1365.33;34.2232;2.71253
14.7402;1031.1;329.205;1360.31;1365.33;33.8168;2.71253
14.7502;1031.1;325.913;1357.02;1365.33;32.0304;2.71253
14.7602;1031.1;327.219;1358.32;1365.33;30.5581;2.71253
14.7702;1031.1;325.447;1356.55;1365.33;34.8321;2.71253
14.7802;1031.1;327.995;1359.1;1365.33;32.6889;2.71253
14.7902;1031.1;326.969;1358.07;1365.33;35.8139;2.71253
14.8002;1031.1;326.295;1357.4;1365.33;32.6844;2.71253
14.8102;1031.1;328.442;1359.55;1365.33;34.6586;2.71253
14.8202;1031.1;325.82;1356.92;1365.33;32;2.71253
14.8302;1031.1;329.005;1360.11;1365.33;31.1907;2.71253
14.8402;1031.1;327.195;1358.3;1365.33;31.0529;2.71253
14.8502;1031.1;328.134;1359.24;1365.33;29.4801;2.71253
14.8602;1031.1;326.158;1357.26;1365.33;32.2364;2.71253
14.8702;1031.1;326.293;1357.4;1365.33;30.3067;2.71253
14.8802;1031.1;325.905;1357.01;1365.33;33.2192;2.71253
14.8902;1031.1;326.042;1357.15;1365.33;30.8675;2.71253
14.9002;1031.1;328.026;1359.13;1365.33;31.4325;2.71253
14.9102;1031.1;325.502;1356.61;1365.33;29.336;2.71253
14.9202;1031.1;329.408;1360.51;1365.33;28.4048;2.71253
14.9302;1031.1;327.593;1358.7;1365.33;33.1011;2.71253
14.9402;1031.1;326.753;1357.86;1365.33;31.2213;2.71253
14.9502;1031.1;328.927;1360.03;1365.33;34.4211;2.71253
14.9602;1031.1;326.787;1357.89;1365.33;32.0987;2.71253
14.9702;1031.1;328.157;1359.26;1365.33;33.2458;2.71253
14.9802;1031.1;325.906;1357.01;1365.33;31.5164;2.71253
14.9902;1031.1;329.852;1360.96;1365.33;31.5227;2.71253
