********************************************************************************
Field Output Report, written Wed Nov 11 14:23:53 2020

Source 1
---------

   ODB: C:/Users/s159261/OneDrive - TU Eindhoven/Documents/Graduation/SimulationOutputs/80kPaNonLinear/80kPaNonLinear.odb
   Step: Step-Pressure
   Frame: Increment      8: Step Time =    1.000

Loc 1 : Nodal values from source 1

Output sorted by column "Node Label".

Field Output reported at nodes for part: Planar Robot-1

      Node Label     U.Magnitude
                          @Loc 1
---------------------------------
             143              0.
             144              0.
             145              0.
             146              0.
             147              0.
             148              0.
             149              0.
             150              0.
             151              0.
             152              0.
             153              0.
             154              0.
             155              0.
             156              0.
             157              0.
             158              0.
             159              0.
             160              0.
            1554              0.
            1555              0.
            1556              0.
            1557              0.
            1558              0.
            1559              0.
            1560              0.
            1561              0.
            1562              0.
            1563              0.
            1564              0.
            1565              0.
            1566              0.
            1567              0.
            1568              0.
            1569              0.
            1570              0.
            1571              0.
            1572              0.
            1573              0.
            1574              0.
            1575              0.
            1576              0.
            1577              0.
            1578              0.
            1579              0.
            1580              0.
            1581              0.
            1582              0.
            1583              0.
            1584              0.
            1585              0.
            1586              0.
            1587              0.
            1588              0.
            1589              0.
            1590              0.
            1591              0.
            1592              0.
            1593              0.
            1594              0.
            1595              0.
            1596              0.
            1597              0.
            1598              0.
            1599              0.
            1600              0.
            1601              0.
            1602              0.
            1603              0.
            1604              0.
            1605              0.
            1606              0.
            1607              0.
            1608              0.
            1609              0.
            1610              0.
            1611              0.
            1612              0.
            1613              0.
            1614              0.
            1615              0.
            1616              0.
            1617              0.
            1618              0.
            1619              0.
            1620              0.
            1621              0.
            1622              0.
            1623              0.
            1624              0.
            1625              0.
            1626              0.
            1627              0.
            1628              0.
            1629              0.
            1630              0.
            1631              0.
            5697              0.
            5698              0.
            5699              0.
            5700              0.
            5701              0.
            5702              0.
            5703              0.
            5704              0.
            5705              0.
            5706              0.
            5707              0.
            5708              0.
            5709              0.
            5710              0.
            5711              0.
            5712              0.
            5713              0.
            5714              0.
            5715              0.
            5716              0.
            5717              0.
            5718              0.
            5719              0.
            5720              0.
            5721              0.
            5722              0.
            5723              0.
            5724              0.
            5725              0.
            5726              0.
            5727              0.
            5728              0.
            5729              0.
            5730              0.
            5731              0.
            5732              0.
            5733              0.
            5734              0.
            5735              0.
            5736              0.
            5737              0.
            5738              0.
            5739              0.
            5740              0.
            5741              0.
            5742              0.
            5743              0.
            5744              0.
            5745              0.
            5746              0.
            5747              0.
            5748              0.
            5749              0.
            5750              0.
            5751              0.
            5752              0.
            5753              0.
            5754              0.
            5755              0.
            5756              0.
            5757              0.
            5758              0.
            5759              0.
            5760              0.
            5761              0.
            5762              0.
            5763              0.
            5764              0.
            5765              0.
            5766              0.
            5767              0.
            5768              0.
            5769              0.
            5770              0.
            5771              0.
            5772              0.
            5773              0.
            5774              0.
            5775              0.
            5776              0.
            5777              0.
            5778              0.
            5779              0.
            5780              0.
            5781              0.
            5782              0.
            5783              0.
            5784              0.
            5785              0.
            5786              0.
            5787              0.
            5788              0.
            5789              0.
            5790              0.
            5791              0.
            5792              0.
            5793              0.
            5794              0.
            5795              0.
            5796              0.
            5797              0.
            5798              0.
            5799              0.
            5800              0.
            5801              0.
            5802              0.
            5803              0.
            5804              0.
            5805              0.
            5806              0.
            5807              0.
            5808              0.
            5809              0.
            5810              0.
            5811              0.
            5812              0.
            5813              0.
            5814              0.
            5815              0.
            5816              0.
            5817              0.
            5818              0.
            5819              0.
            5820              0.
            5821              0.
            5822              0.
            5823              0.
            5824              0.
            5825              0.
            5826              0.
            5827              0.
            5828              0.
            5829              0.
            5830              0.
            5831              0.
            5832              0.
            5833              0.
            5834              0.
            5835              0.
            5836              0.
            5837              0.
            5838              0.
            5839              0.
            5840              0.
            5841              0.
            5842              0.
            5843              0.
            5844              0.
            5845              0.
            5846              0.
            5847              0.
            5848              0.
            5849              0.
            5850              0.
            5851              0.
            5852              0.
            5853              0.
            5854              0.
            5855              0.
            5856              0.
            5857              0.
            5858              0.
            5859              0.
            5860              0.
            5861              0.
            5862              0.
            5863              0.
            5864              0.
            5865              0.
            5866              0.
            5867              0.
            5868              0.
            5869              0.
            5870              0.
            5871              0.
            5872              0.
            5873              0.
            5874              0.
            5875              0.
            5876              0.
            5877              0.
            5878              0.
            5879              0.
            5880              0.
            5881              0.
            5882              0.
            5883              0.
            5884              0.
            5885              0.
            5886              0.
            5887              0.
            5888              0.
            5889              0.
            5890              0.
            5891              0.
            5892              0.
            5893              0.
            5894              0.
            5895              0.
            5896              0.
            5897              0.
            5898              0.
            5899              0.
            5900              0.
            5901              0.
            5902              0.
            5903              0.
            5904              0.
            5905              0.
            5906              0.
            5907              0.
            5908              0.
            5909              0.
            5910              0.
            5911              0.
            5912              0.
            5913              0.
            5914              0.
            5915              0.
            5916              0.
            5917              0.
            5918              0.
            5919              0.
            5920              0.
            5921              0.
            5922              0.
            5923              0.
            5924              0.
            5925              0.
            5926              0.
            5927              0.
            5928              0.
            5929              0.
            5930              0.
            5931              0.
            5932              0.
            5933              0.
            5934              0.
            5935              0.
            5936              0.
            5937              0.
            5938              0.
            5939              0.
            5940              0.
            5941              0.
            5942              0.
            5943              0.
            5944              0.
            5945              0.
            5946              0.
            5947              0.
            5948              0.
            5949              0.
            5950              0.
            5951              0.
            5952              0.
            5953              0.
            5954              0.
            5955              0.
            5956              0.
            5957              0.
            5958              0.
            5959              0.
            5960              0.
            5961              0.
            5962              0.
            5963              0.
            5964              0.
            5965              0.
            5966              0.
            5967              0.
            5968              0.
            5969              0.
            5970              0.
            5971              0.
            5972              0.
            5973              0.
            5974              0.
            5975              0.
            5976              0.
            5977              0.
            5978              0.
            5979              0.
            5980              0.
            5981              0.
            5982              0.
            5983              0.
            5984              0.
            5985              0.
            5986              0.
            5987              0.
            5988              0.
            5989              0.
            5990              0.
            5991              0.
            5992              0.
            5993              0.
            5994              0.
            5995              0.
            5996              0.
            5997              0.
            5998              0.
            5999              0.
            6000              0.
            6001              0.
            6002              0.
            6003              0.
            6004              0.
            6005              0.
            6006              0.
            6007              0.
            6008              0.
            6009              0.
            6010              0.
            6011              0.
            6012              0.
            6013              0.
            6014              0.
            6015              0.
            6016              0.
            6017              0.
            6018              0.
            6019              0.
            6020              0.
            6021              0.
            6022              0.
            6023              0.
            6024              0.
            6025              0.
            6026              0.
            6027              0.
            6028              0.
            6029              0.
            6030              0.
            6031              0.
            6032              0.
            6033              0.
            6034              0.
            6035              0.
            6036              0.
            6037              0.
            6038              0.
            6039              0.
            6040              0.
            6041              0.
            6042              0.
            6043              0.
            6044              0.
            6045              0.
            6046              0.
            6047              0.
            6048              0.
            6049              0.
            6050              0.
            6051              0.
            6052              0.
            6053              0.
            6054              0.
            6055              0.
            6056              0.
            6057              0.
            6058              0.
            6059              0.
            6060              0.
            6061              0.
            6062              0.
            6063              0.
            6064              0.
            6065              0.
            6066              0.
            6067              0.
            6068              0.
            6069              0.
            6070              0.
            6071              0.
            6072              0.
            6073              0.
            6074              0.
            6075              0.
            6076              0.
            6077              0.
            6078              0.
            6079              0.
            6080              0.
            6081              0.
            6082              0.
            6083              0.
            6084              0.
            6085              0.
            6086              0.
            6087              0.
            6088              0.
            6089              0.
            6090              0.
            6091              0.
            6092              0.
            6093              0.
            6094              0.
            6095              0.
            6096              0.
            6097              0.
            6098              0.
            6099              0.
            6100              0.
            6101              0.
            6102              0.
            6103              0.
            6104              0.
            6105              0.
            6106              0.
            6107              0.
            6108              0.
            6109              0.
            6110              0.
            6111              0.
            6112              0.
            6113              0.
            6114              0.
            6115              0.
            6116              0.
            6117              0.
            6118              0.
            6119              0.
            6120              0.
            6121              0.
            6122              0.
            6123              0.
            6124              0.
            6125              0.
            6126              0.
            6127              0.
            6128              0.
            6129              0.
            6130              0.
            6131              0.
            6132              0.
            6133              0.
            6134              0.
            6135              0.
            6136              0.
            6137              0.
            6138              0.
            6139              0.
            6140              0.
            6141              0.
            6142              0.
            6143              0.
            6144              0.
            6145              0.
            6146              0.
            6147              0.
            6148              0.
            6149              0.
            6150              0.
            6151              0.
            6152              0.
            6153              0.
            6154              0.
            9856              0.
            9876              0.
            9893              0.
            9979              0.
           10024              0.
           10029              0.
           10046              0.
           10146              0.
           10161              0.
           10172              0.
           10210              0.
           10227              0.
           10295              0.
           10316              0.
           10324              0.
           10357              0.
           10413              0.
           10456              0.
           10462              0.
           10502              0.
           10533              0.
           10543              0.
           10594              0.
           10638              0.
           10643              0.
           10667              0.
           10673              0.
           10690              0.
           10695              0.
           10710              0.
           10720              0.
           10738              0.
           10743              0.
           10746              0.
           10748              0.
           10762              0.
           10783              0.
           10791              0.
           10793              0.
           10795              0.
           10814              0.
           10819              0.
           10833              0.
           10848              0.
           10849              0.
           10850              0.
           10998              0.
           11020              0.
           11094              0.
           11099              0.
           11101              0.
           11107              0.
           11116              0.
           11125              0.
           11169              0.
           11429              0.
           11444              0.
           11457              0.
           11462              0.
           11501              0.
           11514              0.
           11562              0.
           11566              0.
           11571              0.
           11685              0.
           11688              0.
           11690              0.
           11691              0.
           11740              0.
           11742              0.
           11743              0.
           11745              0.
           11751              0.
           11767              0.
           11778              0.
           11783              0.
           11785              0.
           11787              0.
           11793              0.
           11797              0.
           11801              0.
           11803              0.
           11810              0.
           11860              0.
           11870              0.
           11875              0.
           11878              0.
           11879              0.
           11885              0.
           11886              0.
           11887              0.
           11906              0.
           11995              0.
           12008              0.
           12017              0.
           12023              0.
           12028              0.
           12031              0.
           12154              0.
           12230              0.
           12239              0.
           12241              0.
           12243              0.
           12244              0.
           12299              0.
           12302              0.
           12304              0.
           12342              0.
           12366              0.
           12412              0.
           12414              0.
           12416              0.
           12418              0.
           12419              0.
           12420              0.
           12429              0.
           12434              0.
           12436              0.
           12437              0.
           12446              0.
           12507              0.
           12510              0.
           12564              0.
           12565              0.
           12567              0.
           12575              0.
           12581              0.
           12583              0.
           12596              0.
           12599              0.
           12690              0.
           12693              0.
           12698              0.
           12749              0.
           12772              0.
           12811              0.
           12818              0.
           12833              0.
           12834              0.
           12835              0.
           12840              0.
           12844              0.
           12865              0.
           12871              0.
           12875              0.
           12879              0.
           12887              0.
           12890              0.
           12891              0.
           12894              0.
           12913              0.
           12926              0.
           12929              0.
           12931              0.
           12933              0.
           12937              0.
           12950              0.
           12968              0.
           12978              0.
           12990              0.
           13153              0.
           13170              0.
           13186              0.
           13215              0.
           13308              0.
           13327              0.
           13342              0.
           13347              0.
           13354              0.
           13357              0.
           13367              0.
           13423              0.
           13534              0.
           13537              0.
           13577              0.
           13580              0.
           13585              0.
           13586              0.
           13590              0.
           13591              0.
           13604              0.
           13642              0.
           13651              0.
           13655              0.
           13667              0.
           13668              0.
           13669              0.
           13691              0.
           13696              0.
           13701              0.
           13769              0.
           13772              0.
           13775              0.
           13778              0.
           13813              0.
           13817              0.
           13853              0.
           13855              0.
           13857              0.
           13867              0.
           13873              0.
           13877              0.
           13884              0.
           13895              0.
           13897              0.
           13915              0.
           13925              0.
           13932              0.
           13939              0.
           13941              0.
           13965              0.
           13966              0.
           14002              0.
           14007              0.
           14013              0.
           14028              0.
           14130              0.
           14357              0.
           14430              0.
           14439              0.
           14452              0.
           14453              0.
           14457              0.
           14475              0.
           14478              0.
           14479              0.
           14489              0.
           14494              0.
           14499              0.
           14512              0.
           14518              0.
           14526              0.
           14578              0.
           14603              0.
           14606              0.
           14616              0.
           14623              0.
           14627              0.
           14635              0.
           14797              0.
           14862              0.
           14954              0.
           14959              0.
           14967              0.
           14971              0.
           14972              0.
           14985              0.
           14990              0.
           15000              0.
           15033              0.
           15035              0.
           15037              0.
           15045              0.
           15058              0.
           15059              0.
           15063              0.
           15064              0.
           15068              0.
           15069              0.
           15130              0.
           15137              0.
           15157              0.
           15159              0.
           15221              0.
           15230              0.
           15231              0.
           15240              0.
           15357              0.
           15387              0.
           15389              0.
           15390              0.
           15408              0.
           15411              0.
           15416              0.
           15429              0.
           15441              0.
           15454              0.
           15504              0.
           15514              0.
           15520              0.
           15556              0.
           15564              0.
           15565              0.
           15570              0.
           15574              0.
           15585              0.
           15607              0.
           15608              0.
           15640              0.
           15642              0.
           15644              0.
           15646              0.
           15666              0.
           15669              0.
           15670              0.
           15676              0.
           15678              0.
           15679              0.
           15687              0.
           15688              0.
           15704              0.
           15710              0.
           15722              0.
           15726              0.
           15786              0.
           15791              0.
           15792              0.
           15794              0.
           15807              0.
           15921              0.
           15925              0.
           15934              0.
           15940              0.
           15946              0.
           15951              0.
           16011              0.
           16013              0.
           16054              0.
           16107              0.
           16115              0.
           16161              0.
           16169              0.
           16171              0.
           16178              0.
           16179              0.
           16180              0.
           16183              0.
           16186              0.
           16187              0.
           16190              0.
           16228              0.
           16253              0.
           16264              0.
           16271              0.
           16291              0.
           16301              0.
           16302              0.
           16319              0.
           16332              0.
           16335              0.
           16349              0.
           16354              0.
           16363              0.
           16364              0.
           16365              0.
           16376              0.
           16380              0.
           16385              0.
           16391              0.
           16427              0.
           16443              0.
           16449              0.
           16453              0.
           16455              0.
           16457              0.
           16494              0.
           16497              0.
           16500              0.
           16501              0.
           16502              0.
           16503              0.
           16504              0.
           16521              0.
           16522              0.
           16524              0.
           16529              0.
           16530              0.
           16531              0.
           16545              0.
           16559              0.
           16615              0.
           16618              0.
           16621              0.
           16622              0.
           16623              0.
           16712              0.
           16715              0.
           16718              0.
           16730              0.
           16740              0.
           16751              0.
           16754              0.
           16756              0.
           16760              0.
           16826              0.
           16830              0.
           16838              0.
           16851              0.
           16879              0.
           16881              0.
           16977              0.
           16978              0.
           16990              0.
           17002              0.
           17005              0.
           17008              0.
           17020              0.
           17023              0.
           17027              0.
           17030              0.
           17032              0.
           17036              0.
           17056              0.
           17057              0.
           17060              0.
           17061              0.
           17117              0.
           17119              0.
           17120              0.
           17121              0.
           17127              0.
           17128              0.
           17129              0.
           17133              0.
           17134              0.
           17188              0.
           17200              0.
           17202              0.
           17213              0.
           17218              0.
           17237              0.
           17310              0.
           17311              0.
           17317              0.
           17326              0.
           17336              0.
           17345              0.
           17355              0.
           17379              0.
           17382              0.
           17385              0.
           17386              0.
           17392              0.
           17399              0.
           17401              0.
           17405              0.
           17410              0.
           17412              0.
           17414              0.
           17418              0.
           17423              0.
           17428              0.
           17434              0.
           17450              0.
           17451              0.
           17453              0.
           17456              0.
           17460              0.
           17464              0.
           17468              0.
           17469              0.
           17471              0.
           17481              0.
           17483              0.
           17485              0.
           17549              0.
           17552              0.
           17553              0.
           17562              0.
           17564              0.
           17571              0.
           17575              0.
           17580              0.
           17582              0.
           17597              0.
           17598              0.
           17601              0.
           17606              0.
           17629              0.
           17648              0.
           17674              0.
           17676              0.
           17683              0.
           17689              0.
           17693              0.
           17694              0.
           17706              0.
           17707              0.
           17710              0.
           17712              0.
           17718              0.
           17725              0.
           17726              0.
           17744              0.
           17749              0.
           17789              0.
           17802              0.
           17805              0.
           17806              0.
           17807              0.
           17808              0.
           17810              0.
           17819              0.
           17853              0.
           17863              0.
           17866              0.
           17870              0.
           17871              0.
           17872              0.
           17882              0.
           17884              0.
           17885              0.
           17886              0.
           17889              0.
           17918              0.
           17919              0.
           17920              0.
           17922              0.
           17925              0.
           17926              0.
           17948              0.
           17957              0.
           17959              0.
           17960              0.
           17965              0.
           17976              0.
           18023              0.
           18025              0.
           18026              0.
           18041              0.
           18043              0.
           18044              0.
           18045              0.
           18061              0.
           18065              0.
           18088              0.
           18089              0.
           18090              0.
           18112              0.
           18120              0.
           18266              0.
           18269              0.
           18295              0.
           18354              0.
           18360              0.
           18363              0.
           18376              0.
           18377              0.
           18392              0.
           18394              0.
           18396              0.
           18409              0.
           18421              0.
           18423              0.
           18424              0.
           18427              0.
           18430              0.
           18434              0.
           18436              0.
           18437              0.
           18440              0.
           18441              0.
           18464              0.
           18483              0.
           18493              0.
           18496              0.
           18500              0.
           18505              0.
           18506              0.
           18513              0.
           18524              0.
           18527              0.
           18528              0.
           18529              0.
           18565              0.
           18578              0.
           18587              0.
           18588              0.
           18591              0.
           18592              0.
           18593              0.
           18597              0.
           18624              0.
           18625              0.
           18627              0.
           18628              0.
           18630              0.
           18631              0.
           18644              0.
           18645              0.
           18648              0.
           18653              0.
           18657              0.
           18688              0.
           18693              0.
           18694              0.
           18696              0.
           18699              0.
           18703              0.
           18704              0.
           18705              0.
           18708              0.
           18710              0.
           18712              0.
           18713              0.
           18717              0.
           18724              0.
           18731              0.
           18739              0.
           18753              0.
           18760              0.
           18762              0.
           18764              0.
           18765              0.
           18779              0.
           18780              0.
           18795              0.
           18796              0.
           18800              0.
           18802              0.
           18859              0.
           18867              0.
           18871              0.
           18891              0.
           18898              0.
           18903              0.
           18919              0.
           18934              0.
           18938              0.
           18939              0.
           18942              0.
           18944              0.
           18946              0.
           18951              0.
           18952              0.
           18955              0.
           18956              0.
           18974              0.
           18975              0.
           18977              0.
           18978              0.
           18985              0.
           18994              0.
           18996              0.
           19001              0.
           19002              0.
           19003              0.
           19014              0.
           19025              0.
           19028              0.
           19029              0.
           19031              0.
           19032              0.
           19034              0.
           19038              0.
           19039              0.
           19040              0.
           19041              0.
           19044              0.
           19045              0.
           19052              0.
           19053              0.
           19054              0.
           19063              0.
           19070              0.
           19072              0.
           19073              0.
           19091              0.
           19092              0.
           19096              0.
           19136              0.
           19145              0.
           19146              0.
           19147              0.
           19160              0.
           19161              0.
           19178              0.
           19182              0.
           19186              0.
           19187              0.
           19191              0.
           19194              0.
           19195              0.
           19203              0.
           19211              0.
           19212              0.
           19217              0.
           19218              0.
           19222              0.
           19230              0.
           19232              0.
           19253              0.
           19255              0.
           19256              0.
           19263              0.
           19264              0.
           19266              0.
           19274              0.
           19275              0.
           19276              0.
           19278              0.
           19281              0.
           19284              0.
           19285              0.
           19288              0.
           19293              0.
           19294              0.
           19297              0.
           19298              0.
           19300              0.
           19337              0.
           19341              0.
           23476              0.
           23507              0.
           23508              0.
           23509              0.
           25289              0.
           25905              0.
           25907              0.
           25951              0.
           25953              0.
           25955              0.
           26208              0.
           26238              0.
           27662              0.
           27663              0.
           29015              0.
           29016              0.
           29699              0.
           29997              0.
           33701              0.
           33703              0.
           33705              0.
           34051              0.
           34053              0.
           35000              0.
           37386              0.
           37387              0.
           37905              0.
           37906              0.
           37937              0.
           38306              0.
           38307              0.
           38348              0.
           38349              0.
           38350              0.
           38965              0.
           39058              0.
           39131              0.
           39132              0.
           39133              0.
           39228              0.
           39574              0.
           39577              0.
           40385              0.
           40471              0.
           40919              0.
           40921              0.
           40923              0.
           41734              0.
           42063              0.
           42065              0.
           42067              0.
           43091              0.
           43092              0.
           43184              0.
           43242              0.
           43266              0.
           43315              0.
           43345              0.
           43346              0.
           43388              0.
           43461              0.
           44309              0.
           44311              0.
           44312              0.
           44929              0.
           44930              0.
           44992              0.
           44993              0.
           44995              0.
           44999              0.
           45017              0.
           45018              0.
           45032              0.
           45034              0.
           45064              0.
           45065              0.
           45066              0.
           45067              0.
           45068              0.
           45069              0.
           45084              0.
           45086              0.
           45130              0.
           45137              0.
           45138              0.
           45139              0.
           45140              0.
           45174              0.
           45175              0.
           45176              0.
           45205              0.
           45206              0.
           45207              0.
           45208              0.
           45214              0.
           45215              0.
           45216              0.
           45286              0.
           45294              0.
           45295              0.
           45315              0.
           45316              0.
           45317              0.
           45339              0.
           45390              0.
           45392              0.
           45441              0.
           45442              0.
           45454              0.
           45456              0.
           45458              0.
           46768              0.
           46769              0.
           46814              0.
           50421              0.
           50877              0.
           50878              0.
           50879              0.
           50919              0.
           50921              0.
           51012              0.
           51013              0.
           51043              0.
           51260              0.
           51321              0.
           51359              0.
           52582              0.
           52584              0.
           54945              0.
           54948              0.
           54949              0.
           55296              0.
           55358              0.
           55665              0.
           55687              0.
           55688              0.
           55689              0.
           55746              0.
           56669              0.
           56704              0.
           57100              0.
           57101              0.
           57102              0.
           57104              0.
           57105              0.
           57106              0.
           57111              0.
           57113              0.
           57114              0.
           57116              0.
           57117              0.
           57127              0.
           57133              0.
           57134              0.
           57136              0.
           57148              0.
           57155              0.
           57160              0.
           57161              0.
           57162              0.
           57166              0.
           57168              0.
           57170              0.
           57174              0.
           57175              0.
           57176              0.
           57177              0.
           57178              0.
           57184              0.
           57185              0.
           57186              0.
           57187              0.
           57189              0.
           57202              0.
           57216              0.
           57227              0.
           57231              0.
           57237              0.
           57251              0.
           57252              0.
           57256              0.
           57263              0.
           57264              0.
           57271              0.
           57274              0.
           57276              0.
           57280              0.
           57287              0.
           57289              0.
           57290              0.
           57298              0.
           57301              0.
           57303              0.
           57304              0.
           57305              0.
           57308              0.
           57325              0.
           57326              0.
           57327              0.
           57333              0.
           57335              0.
           57338              0.
           57339              0.
           57340              0.
           57345              0.
           57346              0.
           57347              0.
           57348              0.
           57349              0.
           57351              0.
           57352              0.
           57359              0.
           57360              0.
           57369              0.
           57373              0.
           57374              0.
           57382              0.
           57385              0.
           57390              0.
           57391              0.
           57393              0.
           57403              0.
           57411              0.
           57413              0.
           57414              0.
           57415              0.
           57417              0.
           57425              0.
           57426              0.
           57428              0.
           57429              0.
           57438              0.
           57439              0.
           57440              0.
           57441              0.
           57446              0.
           57448              0.
           57449              0.
           57454              0.
           57455              0.
           57456              0.
           57457              0.
           57458              0.
           57462              0.
           57470              0.
           57471              0.
           57473              0.
           57487              0.
           57488              0.
           57489              0.
           57491              0.
           57496              0.
           57500              0.
           57503              0.
           57505              0.
           57506              0.
           57510              0.
           57514              0.
           57523              0.
           57524              0.
           57534              0.
           57537              0.
           57545              0.
           57547              0.
           57552              0.
           57566              0.
           57567              0.
           57571              0.
           57572              0.
           57574              0.
           57584              0.
           57585              0.
           57594              0.
           57595              0.
           57596              0.
           57615              0.
           57616              0.
           57617              0.
           57618              0.
           57619              0.
           57620              0.
           57622              0.
           57624              0.
           57625              0.
           57635              0.
           57636              0.
           57637              0.
           57655              0.
           57659              0.
           57660              0.
           57661              0.
           57670              0.
           57671              0.
           57672              0.
           57675              0.
           57681              0.
           57683              0.
           57684              0.
           57685              0.
           57686              0.
           57692              0.
           57713              0.
           57715              0.
           57726              0.
           57730              0.
           57736              0.
           57737              0.
           57749              0.
           57750              0.
           57751              0.
           57753              0.
           57763              0.
           57771              0.
           57786              0.
           57800              0.
           57801              0.
           57802              0.
           57808              0.
           57809              0.
           57815              0.
           57821              0.
           57822              0.
           57826              0.
           57827              0.
           57828              0.
           57829              0.
           57831              0.
           57832              0.
           57834              0.
           57836              0.
           57837              0.
           57838              0.
           57841              0.
           57848              0.
           57849              0.
           57852              0.
           57857              0.
           57860              0.
           57862              0.
           57863              0.
           57877              0.
           57883              0.
           57884              0.
           57886              0.
           57893              0.
           57894              0.
           57899              0.
           57900              0.
           57904              0.
           57905              0.
           57908              0.
           57918              0.
           57920              0.
           57921              0.
           57922              0.
           57923              0.
           57924              0.
           57925              0.
           57936              0.
           57937              0.
           57945              0.
           57950              0.
           57966              0.
           57970              0.
           57972              0.
           57976              0.
           57978              0.
           57980              0.
           57981              0.
           57983              0.
           57984              0.
           57985              0.
           57986              0.
           57990              0.
           57992              0.
           57993              0.
           58017              0.
           58018              0.
           58020              0.
           58021              0.
           58038              0.
           58039              0.
           58040              0.
           58049              0.
           58053              0.
           58061              0.
           58067              0.
           58068              0.
           58091              0.
           58099              0.
           58100              0.
           58122              0.
           58127              0.
           58128              0.
           58133              0.
           58139              0.
           58142              0.
           58144              0.
           58145              0.
           58146              0.
           58147              0.
           58149              0.
           58150              0.
           58152              0.
           58162              0.
           58186              0.
           58187              0.
           58203              0.
           58204              0.
           58213              0.
           58214              0.
           58218              0.
           58240              0.
           58244              0.
           58245              0.
           58246              0.
           58257              0.
           58259              0.
           58263              0.
           58270              0.
           58278              0.
           58279              0.
           58286              0.
           58296              0.
           58303              0.
           58307              0.
           58308              0.
           58311              0.
           58318              0.
           58319              0.
           58320              0.
           58329              0.
           58334              0.
           58338              0.
           58341              0.
           58347              0.
           58370              0.
           58377              0.
           58401              0.
           58415              0.
           58419              0.
           58430              0.
           58431              0.
           58434              0.
           58438              0.
           58439              0.
           58440              0.
           58444              0.
           58466              0.
           58492              0.
           58495              0.
           58496              0.
           58509              0.
           58524              0.
           58529              0.
           58530              0.
           58562              0.
           58569              0.
           58570              0.
           58574              0.
           58576              0.
           58578              0.
           58579              0.
           58587              0.
           58591              0.
           58596              0.
           58597              0.
           58600              0.
           58601              0.
           58606              0.
           58613              0.
           58614              0.
           58618              0.
           58620              0.
           58624              0.
           58634              0.
           58635              0.
           58636              0.
           58639              0.
           58640              0.
           58641              0.
           58657              0.
           58658              0.
           58659              0.
           58668              0.
           58675              0.
           58676              0.
           58677              0.
           58680              0.
           58681              0.
           58691              0.
           58694              0.
           58702              0.
           58703              0.
           58707              0.
           58709              0.
           58710              0.
           58712              0.
           58716              0.
           58717              0.
           58722              0.
           58725              0.
           58734              0.
           58735              0.
           58743              0.
           58746              0.
           58749              0.
           58752              0.
           58759              0.
           58762              0.
           58763              0.
           58768              0.
           58769              0.
           58775              0.
           58781              0.
           58784              0.
           58785              0.
           58786              0.
           58787              0.
           58789              0.
           58790              0.
           58792              0.
           58794              0.
           58795              0.
           58796              0.
           58797              0.
           58800              0.
           58801              0.
           58803              0.
           58804              0.
           58805              0.
           58806              0.
           58807              0.
           58808              0.
           58809              0.
           58810              0.
           58811              0.
           58812              0.
           58816              0.
           58818              0.
           58819              0.
           58823              0.
           58824              0.
           58827              0.
           58829              0.
           58832              0.
           58835              0.
           58836              0.
           58837              0.
           58838              0.
           58840              0.
           58841              0.
           58842              0.
           58843              0.
           58844              0.
           58845              0.
           58850              0.
           58851              0.
           58857              0.
           58859              0.
           58863              0.
           58864              0.
           58865              0.
           58869              0.
           58870              0.
           58871              0.
           58873              0.
           58876              0.
           58877              0.
           58878              0.
           58879              0.
           58880              0.
           58881              0.
           58883              0.
           58887              0.
           58888              0.
           58889              0.
           58890              0.
           58892              0.
           58896              0.
           58900              0.
           58901              0.
           58903              0.
           58905              0.
           58906              0.
           58907              0.
           58908              0.
           58911              0.
           58914              0.
           58916              0.
           58917              0.
           58918              0.
           58921              0.
           58922              0.
           58923              0.
           58924              0.
           58929              0.
           58933              0.
           58940              0.
           58942              0.
           58943              0.
           58949              0.
           58952              0.
           58953              0.
           58956              0.
           58957              0.
           58960              0.
           58961              0.
           58962              0.
           58967              0.
           58970              0.
           58973              0.
           58974              0.
           58975              0.
           58976              0.
           58978              0.
           58980              0.
           58981              0.
           58982              0.
           58983              0.
           58984              0.
           58985              0.
           58987              0.
           58990              0.
           58992              0.
           59001              0.
           59003              0.
           59004              0.
           59005              0.
           59007              0.
           59008              0.
           59012              0.
           59015              0.
           59016              0.
           59017              0.
           59019              0.
           59020              0.
           59021              0.
           59024              0.
           59025              0.
           59027              0.
           59038              0.
           59040              0.
           59041              0.
           59042              0.
           59044              0.
           59046              0.
           59049              0.
           59053              0.
           59054              0.
           59057              0.
           59058              0.
           59059              0.
           59064              0.
           59066              0.
           59067              0.
           59071              0.
           59072              0.
           59073              0.
           59075              0.
           59076              0.
           59077              0.
           59078              0.
           59083              0.
           59084              0.
           59085              0.
           59089              0.
           59091              0.
           59102              0.
           59104              0.
           59105              0.
           59106              0.
           59107              0.
           59108              0.
           59109              0.
           59110              0.
           59111              0.
           59112              0.
           59114              0.
           59115              0.
           59121              0.
           59122              0.
           59123              0.
           59127              0.
           59136              0.
           59138              0.
           59139              0.
           59140              0.
           59141              0.
           59142              0.
           59144              0.
           59145              0.
           59154              0.
           59158              0.
           59161              0.
           59163              0.
           59164              0.
           59165              0.
           59166              0.
           59167              0.
           59170              0.
           59171              0.
           59172              0.
           59173              0.
           59174              0.
           59175              0.
           59177              0.
           59178              0.
           59181              0.
           59183              0.
           59184              0.
           59190              0.
           59192              0.
           59200              0.
           59201              0.
           59203              0.
           59204              0.
           59206              0.
           59207              0.
           59208              0.
           59209              0.
           59210              0.
           59211              0.
           59213              0.
           59214              0.
           59216              0.
           59217              0.
           59219              0.
           59221              0.
           59223              0.
           59225              0.
           59226              0.
           59227              0.
           59228              0.
           59233              0.
           59235              0.
           59236              0.
           59242              0.
           59243              0.
           59249              0.
           59253              0.
           59254              0.
           59256              0.
           59257              0.
           59260              0.
           59262              0.
           59263              0.
           59271              0.
           59272              0.
           59273              0.
           59277              0.
           59278              0.
           59279              0.
           59282              0.
           59283              0.
           59285              0.
           59286              0.
           59287              0.
           59288              0.
           59293              0.
           59294              0.
           59296              0.
           59298              0.
           59312              0.
           59320              0.
           59322              0.
           59323              0.
           59330              0.
           59331              0.
           59332              0.
           59339              0.
           59341              0.
           59342              0.
           59343              0.
           59344              0.
           59351              0.
           59352              0.
           59353              0.
           59357              0.
           59359              0.
           59362              0.
           59363              0.
           59365              0.
           59366              0.
           59372              0.
           59380              0.
           59383              0.
           59385              0.
           59386              0.
           59389              0.
           59391              0.
           59393              0.
           59397              0.
           59403              0.
           59411              0.
           59414              0.
           59416              0.
           59426              0.
           59433              0.
           59434              0.
           59442              0.
           59446              0.
           59464              0.
           59466              0.
           59467              0.
           59471              0.
           59484              0.
           59485              0.
           59492              0.
           59496              0.
           59497              0.
           59501              0.
           59503              0.
           59506              0.
           59516              0.
           59517              0.
           59520              0.
           59521              0.
           59523              0.
           59524              0.
           59525              0.
           59526              0.
           59531              0.
           59533              0.
           59534              0.
           59541              0.
           59549              0.
           59558              0.
           59559              0.
           59568              0.
           59575              0.
           59580              0.
           59582              0.
           59589              0.
           59598              0.
           59599              0.
           59600              0.
           59602              0.
           59603              0.
           59608              0.
           59630              0.
           59633              0.
           59636              0.
           59642              0.
           59643              0.
           59644              0.
           59645              0.
           59647              0.
           59650              0.
           59652              0.
           59654              0.
           59656              0.
           59669              0.
           59676              0.
           59680              0.
           59683              0.
           59688              0.
           59691              0.
           59696              0.
           59698              0.
           59701              0.
           59702              0.
           59712              0.
           59713              0.
           59714              0.
           59715              0.
           59719              0.
           59733              0.
           59759              0.
           59798              0.
           59893              0.
           59923              0.
           59927              0.
           59940              0.
           59947              0.
           59952              0.
           59963              0.
           60014              0.
           60310              0.


  Minimum                     0.
         At Node           60310

  Maximum                     0.
         At Node           60310

           Total              0.


