0;1428.99;-406.312;1022.68;2048;0.4488;0.39592
0.01;1428.99;-406.265;1022.73;2048;0.4143;0.39592
0.02;1428.99;-406.419;1022.57;2048;0.4364;0.39592
0.03;1428.99;-400.277;1028.71;2048;1.4754;0.39592
0.04;1428.99;-390.264;1038.73;2048;3.1252;0.39592
0.05;1428.99;-377.053;1051.94;2048;2.8693;0.39592
0.06;1428.99;-366.806;1062.19;2048;1.5248;0.39592
0.07;1428.99;-356.068;1072.92;2048;-0.1485;0.39592
0.08;1428.99;-340.913;1088.08;2048;0.5378;0.39592
0.09;1428.99;-330.87;1098.12;2048;2.5696;0.39592
0.1;1428.99;-319.05;1109.94;2048;4.1902;0.39592
0.11;1428.99;-303.153;1125.84;2048;4.8563;0.39592
0.12;1428.99;-288.702;1140.29;2048;5.458;0.39592
0.13;1428.99;-284.333;1144.66;2048;2.9505;0.39592
0.14;1428.99;-270.018;1158.97;2048;4.8479;0.39592
0.15;1428.99;-265.929;1163.06;2048;5.7356;0.39592
0.16;1428.99;-258.912;1170.08;2048;9.2987;0.39592
0.17;1428.99;-248.141;1180.85;2048;9.1988;0.39592
0.18;1428.99;-232.306;1196.69;2048;9.6978;0.39592
0.19;1428.99;-227.641;1201.35;2048;7.4925;0.39592
0.2;1428.99;-220.539;1208.45;2048;11.5027;0.39592
0.21;1428.99;-209.251;1219.74;2048;12.9331;0.39592
0.22;1428.99;-202.53;1226.46;2048;13.0491;0.39592
0.23;1428.99;-195.062;1233.93;2048;14.0038;0.39592
0.24;1428.99;-187.816;1241.18;2048;12.7566;0.39592
0.25;1428.99;-174.797;1254.2;2048;13.2581;0.39592
0.26;1428.99;-173.709;1255.28;2048;13.0752;0.39592
0.27;1428.99;-165.062;1263.93;2048;13.935;0.39592
0.28;1428.99;-161.579;1267.41;2048;16.4458;0.39592
0.29;1428.99;-154.43;1274.56;2048;19.3267;0.39592
0.3;1428.99;-147.026;1281.97;2048;19.177;0.39592
0.31;1428.99;-139.634;1289.36;2048;18.0217;0.39592
0.32;1428.99;-132.143;1296.85;2048;18.3042;0.39592
0.33;1428.99;-123.056;1305.94;2048;18.381;0.39592
0.34;1428.99;-118.453;1310.54;2048;17.5555;0.39592
0.35;1428.99;-113.987;1315;2048;20.0505;0.39592
0.36;1428.99;-110.024;1318.97;2048;21.2486;0.39592
0.37;1428.99;-101.689;1327.3;2048;20.7586;0.39592
0.38;1428.99;-97.6473;1331.34;2048;18.9627;0.39592
0.39;1428.99;-93.8763;1335.12;2048;20.2209;0.39592
0.4;1428.99;-88.7846;1340.21;2048;22.7046;0.39592
0.41;1428.99;-79.7823;1349.21;2048;23.9652;0.39592
0.42;1428.99;-75.0236;1353.97;2048;23.5292;0.39592
0.43;1428.99;-74.7644;1354.23;2048;26.4794;0.39592
0.44;1428.99;-70.9093;1358.08;2048;26.1076;0.39592
0.45;1428.99;-57.7554;1371.24;2048;25.7597;0.39592
0.46;1428.99;-55.2708;1373.72;2048;23.9919;0.39592
0.47;1428.99;-54.6099;1374.38;2048;23.0251;0.39592
0.48;1428.99;-41.0019;1387.99;2048;25.8409;0.39592
0.49;1428.99;-40.6396;1388.35;2048;27.0021;0.39592
0.5;1428.99;-34.6773;1394.31;2048;26.6648;0.39592
0.51;1428.99;-37.3996;1391.59;2048;24.6573;0.39592
0.52;1428.99;-32.1999;1396.79;2048;23.2338;0.39592
0.53;1428.99;-28.0998;1400.89;2048;24.2286;0.39592
0.54;1428.99;-23.0942;1405.9;2048;27.3003;0.39592
0.55;1428.99;-13.1973;1415.79;2048;29.0703;0.39592
0.56;1428.99;-12.3;1416.69;2048;27.9207;0.39592
0.57;1428.99;-8.72977;1420.26;2048;26.0668;0.39592
0.58;1428.99;-8.18717;1420.8;2048;24.8911;0.39592
0.59;1428.99;-3.66129;1425.33;2048;33.5696;0.39592
0.6;1428.99;-3.25235;1425.74;2048;35.196;0.39592
0.61;1428.99;9.35531;1438.35;2048;36.2643;0.39592
0.62;1428.99;10.0821;1439.07;2048;35.2719;0.39592
0.63;1428.99;9.2723;1438.26;2048;32.7808;0.39592
0.64;1428.99;14.8364;1443.83;2048;30.1834;0.39592
0.65;1428.99;17.1554;1446.15;2048;28.9863;0.39592
0.66;1428.99;19.3742;1448.37;2048;33.2264;0.39592
0.67;1428.99;22.0066;1451;2048;35.4563;0.39592
0.68;1428.99;32.1989;1461.19;2048;37.0498;0.39592
0.69;1428.99;36.2088;1465.2;2048;36.3348;0.39592
0.7;1428.99;34.4356;1463.43;2048;33.221;0.39592
0.71;1428.99;35.4061;1464.4;2048;30.7863;0.39592
0.72;1428.99;35.8459;1464.84;2048;30.0663;0.39592
0.73;1428.99;42.1862;1471.18;2048;32.0485;0.39592
0.74;1428.99;44.9643;1473.96;2048;31.9467;0.39592
0.75;1428.99;47.91;1476.9;2048;32.9711;0.39592
0.76;1428.99;52.2525;1481.24;2048;33.0633;0.39592
0.77;1428.99;57.0003;1485.99;2048;30.5652;0.39592
0.78;1428.99;59.5988;1488.59;2048;29.2112;0.39592
0.79;1428.99;60.0948;1489.09;2048;27.1575;0.39592
0.8;1428.99;59.9517;1488.94;2048;25.8824;0.39592
0.81;1428.99;64.4773;1493.47;2048;29.3585;0.39592
0.82;1428.99;69.995;1498.99;2048;35.0262;0.39592
0.83;1428.99;71.9284;1500.92;2048;35.3938;0.39592
0.839999;1428.99;69.9102;1498.9;2048;36.1072;0.39592
0.849999;1428.99;79.7818;1508.77;2048;34.9335;0.39592
0.859999;1428.99;76.1049;1505.1;2048;33.4401;0.39592
0.869999;1428.99;77.7157;1506.71;2048;31.5629;0.39592
0.879999;1428.99;83.0152;1512.01;2048;29.8863;0.39592
0.889999;1428.99;82.5184;1511.51;2048;31.1511;0.39592
0.899999;1428.99;84.8917;1513.88;2048;32.4527;0.39592
0.909999;1428.99;91.4698;1520.46;2048;39.6187;0.39592
0.919999;1428.99;87.6014;1516.59;2048;41.6941;0.39592
0.929999;1428.99;96.2057;1525.2;2048;44.3199;0.39592
0.939999;1428.99;100.735;1529.73;2048;43.8856;0.39592
0.949999;1428.99;97.8224;1526.81;2048;40.5145;0.39592
0.959999;1428.99;100.603;1529.59;2048;37.1795;0.39592
0.969999;1428.99;99.1941;1528.19;2048;35.0542;0.39592
0.979999;1428.99;100.18;1529.17;2048;32.737;0.39592
0.989999;1428.99;105.838;1534.83;2048;36.1213;0.39592
0.999999;1428.99;108.86;1537.85;2048;36.7165;0.39592
1.01;1428.99;111.941;1540.93;2048;35.8334;0.39592
1.02;1428.99;111.087;1540.08;2048;34.6682;0.39592
1.03;1428.99;117.33;1546.32;2048;34.2553;0.39592
1.04;1428.99;113.682;1542.67;2048;32.0679;0.39592
1.05;1428.99;118.846;1547.84;2048;30.135;0.39592
1.06;1428.99;120.215;1549.21;2048;29.1498;0.39592
1.07;1428.99;120.522;1549.51;2048;28.3355;0.39592
1.08;1428.99;122.466;1551.46;2048;30.0553;0.39592
1.09;1428.99;122.97;1551.96;2048;34.2013;0.39592
1.1;1428.99;130.695;1559.69;2048;37.9792;0.39592
1.11;1428.99;127.005;1556;2048;39.8439;0.39592
1.12;1428.99;134.747;1563.74;2048;42.5036;0.39592
1.13;1428.99;137.107;1566.1;2048;41.9256;0.39592
1.14;1428.99;134.093;1563.08;2048;39.012;0.39592
1.15;1428.99;135.94;1564.93;2048;36.0196;0.39592
1.16;1428.99;135.025;1564.02;2048;33.9945;0.39592
1.17;1428.99;135.372;1564.36;2048;32.7661;0.39592
1.18;1428.99;136.88;1565.87;2048;38.0658;0.39592
1.19;1428.99;145.552;1574.54;2048;39.2307;0.39592
1.2;1428.99;151.144;1580.14;2048;42.2266;0.39592
1.21;1428.99;141.87;1570.86;2048;40.0995;0.39592
1.22;1428.99;150.572;1579.56;2048;38.3549;0.39592
1.23;1428.99;148.213;1577.2;2048;35.5911;0.39592
1.24;1428.99;150.739;1579.73;2048;33.1954;0.39592
1.25;1428.99;151.71;1580.7;2048;31.7198;0.39592
1.26;1428.99;153.41;1582.4;2048;30.6854;0.39592
1.27;1428.99;153.148;1582.14;2048;33.0134;0.39592
1.28;1428.99;154.481;1583.47;2048;35.2156;0.39592
1.29;1428.99;159.737;1588.73;2048;42.3847;0.39592
1.3;1428.99;156.863;1585.85;2048;44.1525;0.39592
1.31;1428.99;161.042;1590.03;2048;45.8846;0.39592
1.32;1428.99;167.241;1596.23;2048;44.6051;0.39592
1.33;1428.99;166.4;1595.39;2048;41.867;0.39592
1.34;1428.99;161.646;1590.64;2048;38.1775;0.39592
1.35;1428.99;166.217;1595.21;2048;35.6897;0.39592
1.36;1428.99;165.443;1594.44;2048;34.713;0.39592
1.37;1428.99;164.889;1593.88;2048;33.7402;0.39592
1.38;1428.99;169.497;1598.49;2048;38.5532;0.39592
1.39;1428.99;172.91;1601.9;2048;43.8852;0.39592
1.4;1428.99;176.684;1605.68;2048;43.5596;0.39592
1.41;1428.99;173.003;1601.99;2048;44.2239;0.39592
1.42;1428.99;177.227;1606.22;2048;43.5038;0.39592
1.43;1428.99;174.393;1603.38;2048;39.8362;0.39592
1.44;1428.99;174.933;1603.92;2048;36.7882;0.39592
1.45;1428.99;174.565;1603.56;2048;34.8012;0.39592
1.46;1428.99;177.422;1606.41;2048;33.9624;0.39592
1.47;1428.99;179.094;1608.09;2048;35.6725;0.39592
1.48;1428.99;179.91;1608.9;2048;41.7108;0.39592
1.49;1428.99;184.28;1613.27;2048;47.4349;0.39592
1.5;1428.99;182.255;1611.25;2048;46.9134;0.39592
1.51;1428.99;185.239;1614.23;2048;47.4017;0.39592
1.52;1428.99;186.015;1615.01;2048;45.3185;0.39592
1.53;1428.99;190.718;1619.71;2048;41.9968;0.39592
1.54;1428.99;187.919;1616.91;2048;38.4973;0.39592
1.55;1428.99;190.97;1619.96;2048;36.1498;0.39592
1.56;1428.99;192.004;1621;2048;34.4283;0.39592
1.57;1428.99;187.581;1616.57;2048;34.984;0.39592
1.58;1428.99;191.53;1620.52;2048;37.1148;0.39592
1.59;1428.99;194.26;1623.25;2048;44.1172;0.39592
1.6;1428.99;197.548;1626.54;2048;49.7931;0.39592
1.61;1428.99;195.818;1624.81;2048;47.6272;0.39592
1.62;1428.99;202.474;1631.47;2048;48.5133;0.39592
1.63;1428.99;200.717;1629.71;2048;44.8012;0.39592
1.64;1428.99;201.723;1630.71;2048;41.4817;0.39592
1.65;1428.99;198.867;1627.86;2048;38.9884;0.39592
1.66;1428.99;200.088;1629.08;2048;37.7607;0.39592
1.67;1428.99;197.427;1626.42;2048;36.9275;0.39592
1.68;1428.99;199.074;1628.07;2048;38.0217;0.39592
1.69;1428.99;201.745;1630.74;2048;45.1053;0.39592
1.7;1428.99;201.336;1630.33;2048;44.6859;0.39592
1.71;1428.99;201.403;1630.4;2048;43.5117;0.39592
1.72;1428.99;199.76;1628.75;2048;39.8536;0.39592
1.73;1428.99;207.337;1636.33;2048;36.6017;0.39592
1.74;1428.99;207.809;1636.8;2048;34.599;0.39592
1.75;1428.99;208.103;1637.09;2048;33.0819;0.39592
1.76;1428.99;209.001;1637.99;2048;32.7508;0.39592
1.77;1428.99;206.617;1635.61;2048;33.9418;0.39592
1.78;1428.99;210.583;1639.57;2048;41.0236;0.39592
1.79;1428.99;209.179;1638.17;2048;45.1738;0.39592
1.8;1428.99;212.74;1641.73;2048;52.7532;0.39592
1.81;1428.99;212.296;1641.29;2048;53.3224;0.39592
1.82;1428.99;219.217;1648.21;2048;50.6557;0.39592
1.83;1428.99;221.207;1650.2;2048;49.0683;0.39592
1.84;1428.99;214.3;1643.29;2048;44.0714;0.39592
1.85;1428.99;217.647;1646.64;2048;41.1439;0.39592
1.86;1428.99;216.85;1645.84;2048;39.745;0.39592
1.87;1428.99;213.822;1642.81;2048;38.0961;0.39592
1.88;1428.99;215.857;1644.85;2048;40.1009;0.39592
1.89;1428.99;224.601;1653.59;2048;43.2328;0.39592
1.9;1428.99;222.861;1651.85;2048;43.2872;0.39592
1.91;1428.99;221.26;1650.25;2048;39.8979;0.39592
1.92;1428.99;227.122;1656.11;2048;39.1203;0.39592
1.93;1428.99;221.095;1650.09;2048;36.3882;0.39592
1.94;1428.99;219.713;1648.7;2048;33.9446;0.39592
1.95;1428.99;223.95;1652.94;2048;34.0974;0.39592
1.96;1428.99;223.211;1652.2;2048;34.1596;0.39592
1.97;1428.99;221.346;1650.34;2048;36.1477;0.39592
1.98;1428.99;224.459;1653.45;2048;40.8247;0.39592
1.99;1428.99;224.567;1653.56;2048;49.5859;0.39592
2;1428.99;224.44;1653.43;2048;49.5813;0.39592
2.01;1428.99;232.988;1661.98;2048;50.8279;0.39592
2.02;1428.99;234.866;1663.86;2048;49.2761;0.39592
2.03;1428.99;228.187;1657.18;2048;44.3095;0.39592
2.04;1428.99;231.181;1660.17;2048;41.1766;0.39592
2.05;1428.99;229.988;1658.98;2048;39.4191;0.39592
2.06;1428.99;227.155;1656.15;2048;39.2699;0.39592
2.07;1428.99;229.127;1658.12;2048;42.9212;0.39592
2.08;1428.99;236.661;1665.65;2048;43.9301;0.39592
2.09;1428.99;233.599;1662.59;2048;44.473;0.39592
2.1;1428.99;231.174;1660.17;2048;41.179;0.39592
2.11;1428.99;239.318;1668.31;2048;38.9542;0.39592
2.12;1428.99;233.501;1662.49;2048;36.5248;0.39592
2.13;1428.99;232.895;1661.89;2048;34.3987;0.39592
2.14;1428.99;237.052;1666.04;2048;34.1029;0.39592
2.15;1428.99;233.711;1662.7;2048;34.2868;0.39592
2.16;1428.99;235.143;1664.13;2048;40.9669;0.39592
2.17;1428.99;235.35;1664.34;2048;45.5552;0.39592
2.18;1428.99;239.414;1668.41;2048;53.2792;0.39592
2.19;1428.99;239.538;1668.53;2048;54.1344;0.39592
2.2;1428.99;243.664;1672.66;2048;50.8705;0.39592
2.21;1428.99;245.43;1674.42;2048;45.7772;0.39592
2.22;1428.99;238.565;1667.56;2048;42.3932;0.39592
2.23;1428.99;241.843;1670.83;2048;40.0899;0.39592
2.24;1428.99;237.48;1666.47;2048;40.6465;0.39592
2.25;1428.99;240.358;1669.35;2048;43.2514;0.39592
2.26;1428.99;241.811;1670.8;2048;48.7774;0.39592
2.27;1428.99;238.422;1667.41;2048;48.018;0.39592
2.28;1428.99;241.115;1670.11;2048;47.32;0.39592
2.29;1428.99;242.407;1671.4;2048;45.8792;0.39592
2.3;1428.99;242.797;1671.79;2048;41.9196;0.39592
2.31;1428.99;247.493;1676.48;2048;39.9453;0.39592
2.32;1428.99;247.564;1676.56;2048;37.8476;0.39592
2.33;1428.99;242.812;1671.8;2048;38.2907;0.39592
2.34;1428.99;246.685;1675.68;2048;40.9042;0.39592
2.35;1428.99;251.596;1680.59;2048;45.8514;0.39592
2.36;1428.99;252.553;1681.54;2048;46.9639;0.39592
2.37;1428.99;246.282;1675.27;2048;43.9415;0.39592
2.38;1428.99;250.995;1679.99;2048;40.2291;0.39592
2.39;1428.99;247.871;1676.86;2048;37.6772;0.39592
2.4;1428.99;244.561;1673.55;2048;35.6438;0.39592
2.41;1428.99;250.689;1679.68;2048;35.1247;0.39592
2.42;1428.99;247.308;1676.3;2048;35.9732;0.39592
2.43;1428.99;248.815;1677.81;2048;39.7585;0.39592
2.44;1428.99;249.923;1678.92;2048;45.1494;0.39592
2.45;1428.99;255.763;1684.75;2048;47.9925;0.39592
2.46;1428.99;254.585;1683.58;2048;50.0958;0.39592
2.47;1428.99;256.1;1685.09;2048;49.1425;0.39592
2.48;1428.99;257.657;1686.65;2048;45.7377;0.39592
2.49;1428.99;254.361;1683.35;2048;42.6738;0.39592
2.5;1428.99;251.678;1680.67;2048;41.0051;0.39592
2.51;1428.99;250.494;1679.49;2048;40.8054;0.39592
2.52;1428.99;253.045;1682.04;2048;44.9909;0.39592
2.53;1428.99;257.894;1686.89;2048;48.1421;0.39592
2.54;1428.99;253.034;1682.03;2048;46.337;0.39592
2.55;1428.99;252.802;1681.79;2048;43.2043;0.39592
2.56;1428.99;259.912;1688.9;2048;40.8358;0.39592
2.57;1428.99;255.47;1684.46;2048;38.8168;0.39592
2.58;1428.99;257.415;1686.41;2048;37.0336;0.39592
2.59;1428.99;258.827;1687.82;2048;36.6318;0.39592
2.6;1428.99;255.809;1684.8;2048;38.3441;0.39592
2.61;1428.99;256.678;1685.67;2048;42.9977;0.39592
2.62;1428.99;263.353;1692.34;2048;46.6202;0.39592
2.63;1428.99;256.774;1685.77;2048;47.3723;0.39592
2.64;1428.99;264.787;1693.78;2048;47.4731;0.39592
2.65;1428.99;257.473;1686.46;2048;44.1879;0.39592
2.66;1428.99;256.973;1685.96;2048;41.2948;0.39592
2.67;1428.99;260.167;1689.16;2048;40.3701;0.39592
2.68;1428.99;257.634;1686.63;2048;41.0098;0.39592
2.69;1428.99;259.672;1688.66;2048;42.7676;0.39592
2.7;1428.99;266.323;1695.31;2048;47.5688;0.39592
2.71;1428.99;258.347;1687.34;2048;48.4804;0.39592
2.72;1428.99;256.755;1685.75;2048;46.5882;0.39592
2.73;1428.99;267.195;1696.19;2048;45.9327;0.39592
2.74;1428.99;260.527;1689.52;2048;42.0151;0.39592
2.75;1428.99;262.986;1691.98;2048;40.674;0.39592
2.76;1428.99;260.103;1689.09;2048;40.0929;0.39592
2.77;1428.99;259.713;1688.7;2048;39.4974;0.39592
2.78;1428.99;263.641;1692.63;2048;46.4054;0.39592
2.79;1428.99;267.388;1696.38;2048;47.4227;0.39592
2.8;1428.99;271.082;1700.07;2048;45.0875;0.39592
2.81;1428.99;263.678;1692.67;2048;43.4453;0.39592
2.82;1428.99;266.538;1695.53;2048;40.7526;0.39592
2.83;1428.99;261.98;1690.97;2048;38.217;0.39592
2.84;1428.99;265.44;1694.43;2048;37.1451;0.39592
2.85;1428.99;264.772;1693.76;2048;36.9487;0.39592
2.86;1428.99;261.813;1690.8;2048;38.2434;0.39592
2.87;1428.99;264.639;1693.63;2048;44.0762;0.39592
2.88;1428.99;266.72;1695.71;2048;51.9971;0.39592
2.89;1428.99;266.998;1695.99;2048;52.2342;0.39592
2.9;1428.99;270.33;1699.32;2048;50.3767;0.39592
2.91;1428.99;271.12;1700.11;2048;47.4521;0.39592
2.92;1428.99;265.935;1694.93;2048;44.1211;0.39592
2.93;1428.99;266.846;1695.84;2048;42.6197;0.39592
2.94;1428.99;263.987;1692.98;2048;42.7296;0.39592
2.95;1428.99;267.801;1696.79;2048;45.8741;0.39592
2.96;1428.99;270.605;1699.6;2048;51.6328;0.39592
2.97;1428.99;268.219;1697.21;2048;53.8112;0.39592
2.98;1428.99;272.117;1701.11;2048;51.3166;0.39592
2.99;1428.99;274.289;1703.28;2048;49.582;0.39592
3;1428.99;270.179;1699.17;2048;45.5876;0.39592
3.01;1428.99;268.354;1697.35;2048;43.5;0.39592
3.02;1428.99;266.725;1695.72;2048;42.3217;0.39592
3.03;1428.99;269.393;1698.38;2048;46.4703;0.39592
3.04;1428.99;273.96;1702.95;2048;48.9263;0.39592
3.05;1428.99;267.105;1696.1;2048;47.0414;0.39592
3.06;1428.99;269.779;1698.77;2048;43.8302;0.39592
3.07;1428.99;275.277;1704.27;2048;42.4125;0.39592
3.08;1428.99;273.046;1702.04;2048;39.9821;0.39592
3.09;1428.99;272.647;1701.64;2048;38.2599;0.39592
3.1;1428.99;272.226;1701.22;2048;38.7322;0.39592
3.11;1428.99;274.776;1703.77;2048;42.9671;0.39592
3.12;1428.99;275.09;1704.08;2048;49.5971;0.39592
3.13;1428.99;270.083;1699.07;2048;47.7295;0.39592
3.14;1428.99;277.436;1706.43;2048;45.7953;0.39592
3.15;1428.99;272.797;1701.79;2048;41.7577;0.39592
3.16;1428.99;272.464;1701.46;2048;40.2247;0.39592
3.17;1428.99;273.664;1702.66;2048;39.4837;0.39592
3.18;1428.99;270.701;1699.69;2048;41.5657;0.39592
3.19;1428.99;273.429;1702.42;2048;47.2593;0.39592
3.2;1428.99;274.894;1703.89;2048;54.2454;0.39592
3.21;1428.99;275.741;1704.73;2048;54.8331;0.39592
3.22;1428.99;278.565;1707.56;2048;51.1467;0.39592
3.23;1428.99;279.305;1708.3;2048;46.6392;0.39592
3.24;1428.99;274.59;1703.58;2048;43.4438;0.39592
3.25;1428.99;273.726;1702.72;2048;42.0337;0.39592
3.26;1428.99;272.081;1701.07;2048;44.2374;0.39592
3.27;1428.99;275.479;1704.47;2048;49.5395;0.39592
3.28;1428.99;279.892;1708.88;2048;50.552;0.39592
3.29;1428.99;278.924;1707.92;2048;52.0406;0.39592
3.3;1428.99;281.355;1710.35;2048;48.8519;0.39592
3.31;1428.99;280.953;1709.94;2048;45.7248;0.39592
3.32;1428.99;278.581;1707.57;2048;42.6572;0.39592
3.33;1428.99;274.258;1703.25;2048;41.3475;0.39592
3.34;1428.99;272.22;1701.21;2048;41.3045;0.39592
3.35;1428.99;280.516;1709.51;2048;47.1928;0.39592
3.36;1428.99;282.708;1711.7;2048;46.2979;0.39592
3.37;1428.99;273.579;1702.57;2048;44.6488;0.39592
3.38;1428.99;281.147;1710.14;2048;41.4414;0.39592
3.39;1428.99;276.641;1705.63;2048;39.0281;0.39592
3.4;1428.99;280.25;1709.24;2048;37.365;0.39592
3.41;1428.99;277.157;1706.15;2048;37.3452;0.39592
3.42;1428.99;275.167;1704.16;2048;39.916;0.39592
3.43;1428.99;282.218;1711.21;2048;45.19;0.39592
3.44;1428.99;284.798;1713.79;2048;46.8655;0.39592
3.45;1428.99;275.983;1704.97;2048;45.0032;0.39592
3.46;1428.99;281.989;1710.98;2048;42.4228;0.39592
3.47;1428.99;277.197;1706.19;2048;39.4115;0.39592
3.48;1428.99;279.612;1708.6;2048;38.3073;0.39592
3.49;1428.99;278.587;1707.58;2048;38.4074;0.39592
3.5;1428.99;276.337;1705.33;2048;40.5114;0.39592
3.51;1428.99;278.978;1707.97;2048;47.511;0.39592
3.52;1428.99;283.64;1712.63;2048;52.3211;0.39592
3.53;1428.99;284.741;1713.73;2048;50.7829;0.39592
3.54;1428.99;282.251;1711.24;2048;47.6547;0.39592
3.55;1428.99;280.535;1709.53;2048;44.2696;0.39592
3.56;1428.99;281.884;1710.88;2048;41.9338;0.39592
3.57;1428.99;277.872;1706.86;2048;41.7157;0.39592
3.58;1428.99;277.221;1706.21;2048;47.099;0.39592
3.59;1428.99;281.048;1710.04;2048;51.9324;0.39592
3.6;1428.99;284.684;1713.68;2048;52.3788;0.39592
3.61;1428.99;285.312;1714.3;2048;52.7822;0.39592
3.62;1428.99;286.139;1715.13;2048;48.8506;0.39592
3.63;1428.99;282.858;1711.85;2048;44.7042;0.39592
3.64;1428.99;282.599;1711.59;2048;42.0352;0.39592
3.65;1428.99;278.839;1707.83;2048;41.8127;0.39592
3.66;1428.99;276.521;1705.51;2048;46.5294;0.39592
3.67;1428.99;285.671;1714.66;2048;50.4584;0.39592
3.68;1428.99;285.223;1714.21;2048;49.5474;0.39592
3.69;1428.99;281.35;1710.34;2048;47.9394;0.39592
3.7;1428.99;284.848;1713.84;2048;43.4392;0.39592
3.71;1428.99;279.682;1708.67;2048;40.9221;0.39592
3.72;1428.99;283.412;1712.4;2048;39.0727;0.39592
3.73;1428.99;280.433;1709.43;2048;38.9581;0.39592
3.74;1428.99;282.663;1711.65;2048;45.8315;0.39592
3.75;1428.99;286.867;1715.86;2048;46.76;0.39592
3.76;1428.99;289.289;1718.28;2048;46.9852;0.39592
3.77;1428.99;287.773;1716.76;2048;45.7645;0.39592
3.78;1428.99;281.221;1710.21;2048;41.9826;0.39592
3.79;1428.99;279.254;1708.25;2048;39.8134;0.39592
3.8;1428.99;284.405;1713.4;2048;39.0278;0.39592
3.81;1428.99;280.919;1709.91;2048;40.3683;0.39592
3.82;1428.99;285.707;1714.7;2048;46.2151;0.39592
3.83;1428.99;288.149;1717.14;2048;48.8775;0.39592
3.84;1428.99;281.875;1710.87;2048;47.6299;0.39592
3.85;1428.99;285.319;1714.31;2048;43.8909;0.39592
3.86;1428.99;282.075;1711.07;2048;41.0695;0.39592
3.87;1428.99;279.672;1708.66;2048;39.7083;0.39592
3.88;1428.99;280.991;1709.98;2048;39.6722;0.39592
3.89;1428.99;284.392;1713.38;2048;41.5584;0.39592
3.9;1428.99;289.453;1718.44;2048;48.4366;0.39592
3.91;1428.99;283.124;1712.12;2048;49.5733;0.39592
3.92;1428.99;290.932;1719.92;2048;46.6536;0.39592
3.93;1428.99;282.322;1711.31;2048;44.1378;0.39592
3.94;1428.99;284.157;1713.15;2048;41.5201;0.39592
3.95;1428.99;284.724;1713.72;2048;40.6854;0.39592
3.96;1428.99;285.202;1714.19;2048;43.3809;0.39592
3.97;1428.99;284.583;1713.57;2048;47.6859;0.39592
3.98;1428.99;283.47;1712.46;2048;49.1727;0.39592
3.99;1428.99;290.719;1719.71;2048;50.3118;0.39592
4;1428.99;292.728;1721.72;2048;48.0731;0.39592
4.01;1428.99;284.294;1713.29;2048;44.1359;0.39592
4.02;1428.99;285.193;1714.18;2048;42.1545;0.39592
4.03;1428.99;282.005;1711;2048;41.9039;0.39592
4.04;1428.99;285.805;1714.8;2048;47.3372;0.39592
4.05;1428.99;289.147;1718.14;2048;52.2214;0.39592
4.06;1428.99;284.223;1713.21;2048;51.6388;0.39592
4.07;1428.99;289.284;1718.28;2048;50.2005;0.39592
4.08;1428.99;290.186;1719.18;2048;46.1262;0.39592
4.09;1428.99;288.433;1717.43;2048;42.9943;0.39592
4.1;1428.99;284.187;1713.18;2048;41.2122;0.39592
4.11;1428.99;281.446;1710.44;2048;42.4564;0.39592
4.12;1428.99;290.697;1719.69;2048;45.0124;0.39592
4.13;1428.99;291.484;1720.48;2048;44.0958;0.39592
4.14;1428.99;285.638;1714.63;2048;42.9172;0.39592
4.15;1428.99;288.455;1717.45;2048;40.1061;0.39592
4.16;1428.99;284.366;1713.36;2048;38.8344;0.39592
4.17;1428.99;287.748;1716.74;2048;37.2812;0.39592
4.18;1428.99;284.767;1713.76;2048;37.0758;0.39592
4.19;1428.99;290.221;1719.21;2048;42.962;0.39592
4.2;1428.99;290.258;1719.25;2048;44.232;0.39592
4.21;1428.99;287.322;1716.31;2048;41.4326;0.39592
4.22;1428.99;289.66;1718.65;2048;38.9433;0.39592
4.23;1428.99;288.825;1717.82;2048;37.4981;0.39592
4.24;1428.99;289.347;1718.34;2048;36.5432;0.39592
4.25;1428.99;284.299;1713.29;2048;37.5746;0.39592
4.26;1428.99;288.006;1717;2048;43.5008;0.39592
4.27;1428.99;293.598;1722.59;2048;46.855;0.39592
4.28;1428.99;285.483;1714.47;2048;46.369;0.39592
4.29;1428.99;292.257;1721.25;2048;45.5301;0.39592
4.3;1428.99;285.883;1714.87;2048;42.1004;0.39592
4.31;1428.99;288.432;1717.42;2048;40.8522;0.39592
4.32;1428.99;289.023;1718.01;2048;39.9675;0.39592
4.33;1428.99;288.285;1717.28;2048;43.2323;0.39592
4.34;1428.99;286.771;1715.76;2048;50.8234;0.39592
4.35;1428.99;285.06;1714.05;2048;50.1668;0.39592
4.36;1428.99;293.381;1722.37;2048;49.8045;0.39592
4.37001;1428.99;292.506;1721.5;2048;46.0734;0.39592
4.38001;1428.99;286.599;1715.59;2048;44.0344;0.39592
4.39001;1428.99;287.434;1716.43;2048;42.7771;0.39592
4.40001;1428.99;285.939;1714.93;2048;43.25;0.39592
4.41001;1428.99;287.848;1716.84;2048;48.7854;0.39592
4.42001;1428.99;292.652;1721.64;2048;51.7429;0.39592
4.43001;1428.99;294.311;1723.3;2048;51.0669;0.39592
4.44001;1428.99;291.797;1720.79;2048;48.3975;0.39592
4.45001;1428.99;288.867;1717.86;2048;44.8298;0.39592
4.46001;1428.99;289.278;1718.27;2048;42.6242;0.39592
4.47001;1428.99;287.985;1716.98;2048;44.0756;0.39592
4.48001;1428.99;288.372;1717.36;2048;49.9654;0.39592
4.49001;1428.99;288.129;1717.12;2048;50.127;0.39592
4.50001;1428.99;286.676;1715.67;2048;50.0942;0.39592
4.51001;1428.99;294.782;1723.77;2048;47.8595;0.39592
4.52001;1428.99;288.657;1717.65;2048;44.2051;0.39592
4.53001;1428.99;289.876;1718.87;2048;42.4044;0.39592
4.54001;1428.99;285.808;1714.8;2048;42.7931;0.39592
4.55001;1428.99;288.341;1717.33;2048;44.8073;0.39592
4.56001;1428.99;290.804;1719.8;2048;45.9885;0.39592
4.57001;1428.99;286.904;1715.9;2048;45.6085;0.39592
4.58001;1428.99;284.879;1713.87;2048;44.3713;0.39592
4.59001;1428.99;289.82;1718.81;2048;41.176;0.39592
4.60001;1428.99;291.798;1720.79;2048;40.0256;0.39592
4.61001;1428.99;291.099;1720.09;2048;39.148;0.39592
4.62001;1428.99;285.271;1714.26;2048;38.9651;0.39592
4.63001;1428.99;289.689;1718.68;2048;46.1232;0.39592
4.64001;1428.99;289.872;1718.86;2048;45.3793;0.39592
4.65001;1428.99;286.124;1715.12;2048;44.1303;0.39592
4.66001;1428.99;290.097;1719.09;2048;41.848;0.39592
4.67001;1428.99;288.445;1717.44;2048;40.4443;0.39592
4.68001;1428.99;291.017;1720.01;2048;38.9912;0.39592
4.69001;1428.99;292.017;1721.01;2048;39.1224;0.39592
4.70001;1428.99;289.226;1718.22;2048;42.9342;0.39592
4.71001;1428.99;289.458;1718.45;2048;47.9343;0.39592
4.72001;1428.99;288.505;1717.5;2048;46.5151;0.39592
4.73001;1428.99;293.696;1722.69;2048;46.395;0.39592
4.74001;1428.99;290.36;1719.35;2048;43.6992;0.39592
4.75001;1428.99;289.494;1718.49;2048;40.9407;0.39592
4.76001;1428.99;290.164;1719.16;2048;40.0965;0.39592
4.77001;1428.99;287.35;1716.34;2048;43.8616;0.39592
4.78001;1428.99;290.203;1719.19;2048;48.1659;0.39592
4.79001;1428.99;292.76;1721.75;2048;55.3472;0.39592
4.80001;1428.99;292.941;1721.93;2048;54.3723;0.39592
4.81002;1428.99;289.534;1718.53;2048;49.8337;0.39592
4.82002;1428.99;285.984;1714.98;2048;45.8708;0.39592
4.83002;1428.99;291.86;1720.85;2048;44.4081;0.39592
4.84002;1428.99;288.241;1717.23;2048;43.8874;0.39592
4.85002;1428.99;290.604;1719.6;2048;49.792;0.39592
4.86002;1428.99;293.492;1722.48;2048;54.0173;0.39592
4.87002;1428.99;288.423;1717.42;2048;51.7781;0.39592
4.88002;1428.99;294.781;1723.77;2048;48.1985;0.39592
4.89002;1428.99;289.379;1718.37;2048;45.2263;0.39592
4.90002;1428.99;287.147;1716.14;2048;43.1821;0.39592
4.91002;1428.99;287.478;1716.47;2048;42.2069;0.39592
4.92002;1428.99;289.815;1718.81;2048;43.9714;0.39592
4.93002;1428.99;295.986;1724.98;2048;47.2198;0.39592
4.94002;1428.99;288.636;1717.63;2048;49.2905;0.39592
4.95002;1428.99;290.144;1719.14;2048;47.5051;0.39592
4.96002;1428.99;293.189;1722.18;2048;44.9882;0.39592
4.97002;1428.99;291.201;1720.19;2048;42.8292;0.39592
4.98002;1428.99;290.129;1719.12;2048;41.3212;0.39592
4.99002;1428.99;288.348;1717.34;2048;42.2577;0.39592
5.00002;1428.99;290.364;1719.36;2048;46.5207;0.39592
5.01002;1428.99;286.869;1715.86;2048;48.7252;0.39592
5.02002;1428.99;292.752;1721.74;2048;49.9495;0.39592
5.03002;1428.99;296.196;1725.19;2048;49.5296;0.39592
5.04002;1428.99;291.852;1720.84;2048;45.8961;0.39592
5.05002;1428.99;288.652;1717.64;2048;44.0147;0.39592
5.06002;1428.99;286.04;1715.03;2048;44.6288;0.39592
5.07002;1428.99;294.217;1723.21;2048;46.8207;0.39592
5.08002;1428.99;291.651;1720.64;2048;47.1343;0.39592
5.09002;1428.99;292.175;1721.17;2048;46.8498;0.39592
5.10002;1428.99;293.589;1722.58;2048;43.6128;0.39592
5.11002;1428.99;288.6;1717.59;2048;41.4919;0.39592
5.12002;1428.99;290.376;1719.37;2048;39.527;0.39592
5.13002;1428.99;288.021;1717.01;2048;39.2478;0.39592
5.14002;1428.99;292.636;1721.63;2048;45.4643;0.39592
5.15002;1428.99;293.465;1722.46;2048;45.5343;0.39592
5.16002;1428.99;290.813;1719.8;2048;43.91;0.39592
5.17002;1428.99;296.162;1725.15;2048;42.6499;0.39592
5.18002;1428.99;290.505;1719.5;2048;41.189;0.39592
5.19002;1428.99;290.379;1719.37;2048;40.2553;0.39592
5.20002;1428.99;289.166;1718.16;2048;39.0865;0.39592
5.21002;1428.99;291.392;1720.38;2048;41.9616;0.39592
5.22002;1428.99;296.409;1725.4;2048;44.3064;0.39592
5.23002;1428.99;291.371;1720.36;2048;43.2173;0.39592
5.24003;1428.99;290.148;1719.14;2048;42.1892;0.39592
5.25003;1428.99;289.556;1718.55;2048;39.3751;0.39592
5.26003;1428.99;292.306;1721.3;2048;38.5751;0.39592
5.27003;1428.99;293.46;1722.45;2048;38.2741;0.39592
5.28003;1428.99;291.888;1720.88;2048;43.4784;0.39592
5.29003;1428.99;291.929;1720.92;2048;48.2636;0.39592
5.30003;1428.99;287.856;1716.85;2048;48.2813;0.39592
5.31003;1428.99;295.622;1724.61;2048;46.9623;0.39592
5.32003;1428.99;291.018;1720.01;2048;43.3459;0.39592
5.33003;1428.99;291.874;1720.87;2048;42.2136;0.39592
5.34003;1428.99;290.195;1719.19;2048;41.0365;0.39592
5.35003;1428.99;288.878;1717.87;2048;44.5664;0.39592
5.36003;1428.99;291.757;1720.75;2048;50.2053;0.39592
5.37003;1428.99;297.071;1726.06;2048;50.0917;0.39592
5.38003;1428.99;296.715;1725.71;2048;50.0879;0.39592
5.39003;1428.99;292.139;1721.13;2048;46.846;0.39592
5.40003;1428.99;287.422;1716.41;2048;43.7627;0.39592
5.41003;1428.99;291.351;1720.34;2048;42.6392;0.39592
5.42003;1428.99;291.52;1720.51;2048;43.1961;0.39592
5.43003;1428.99;292.517;1721.51;2048;51.1906;0.39592
5.44003;1428.99;290.176;1719.17;2048;50.3242;0.39592
5.45003;1428.99;294.15;1723.14;2048;50.4737;0.39592
5.46003;1428.99;292.172;1721.16;2048;47.2346;0.39592
5.47003;1428.99;289.983;1718.97;2048;44.6922;0.39592
5.48003;1428.99;292.677;1721.67;2048;43.2936;0.39592
5.49003;1428.99;291.135;1720.13;2048;44.559;0.39592
5.50003;1428.99;291.498;1720.49;2048;47.0619;0.39592
5.51003;1428.99;290.271;1719.26;2048;47.6994;0.39592
5.52003;1428.99;297.18;1726.17;2048;49.5773;0.39592
5.53003;1428.99;298.701;1727.69;2048;48.0679;0.39592
5.54003;1428.99;290.688;1719.68;2048;45.2759;0.39592
5.55003;1428.99;290.773;1719.76;2048;42.986;0.39592
5.56003;1428.99;288.008;1717;2048;42.9712;0.39592
5.57003;1428.99;292.662;1721.65;2048;47.4585;0.39592
5.58003;1428.99;295.736;1724.73;2048;47.3845;0.39592
5.59003;1428.99;292.296;1721.29;2048;47.5007;0.39592
5.60003;1428.99;296.184;1725.18;2048;46.2755;0.39592
5.61003;1428.99;292.156;1721.15;2048;43.468;0.39592
5.62003;1428.99;292.704;1721.7;2048;41.5807;0.39592
5.63003;1428.99;288.845;1717.84;2048;41.4778;0.39592
5.64003;1428.99;290.495;1719.49;2048;47.2385;0.39592
5.65003;1428.99;288.434;1717.43;2048;47.4708;0.39592
5.66003;1428.99;286.066;1715.06;2048;45.8991;0.39592
5.67003;1428.99;297.151;1726.14;2048;45.082;0.39592
5.68004;1428.99;292.058;1721.05;2048;43.1985;0.39592
5.69004;1428.99;293.942;1722.93;2048;41.4749;0.39592
5.70004;1428.99;288.107;1717.1;2048;41.4467;0.39592
5.71004;1428.99;291.233;1720.22;2048;44.2067;0.39592
5.72004;1428.99;289.714;1718.71;2048;43.746;0.39592
5.73004;1428.99;289.246;1718.24;2048;43.5796;0.39592
5.74004;1428.99;293.976;1722.97;2048;42.8077;0.39592
5.75004;1428.99;291.957;1720.95;2048;41.3198;0.39592
5.76004;1428.99;293.578;1722.57;2048;39.7287;0.39592
5.77004;1428.99;293.066;1722.06;2048;39.0383;0.39592
5.78004;1428.99;294.687;1723.68;2048;43.643;0.39592
5.79004;1428.99;294.588;1723.58;2048;48.2183;0.39592
5.80004;1428.99;287.363;1716.35;2048;46.4551;0.39592
5.81004;1428.99;296.358;1725.35;2048;44.3998;0.39592
5.82004;1428.99;289.609;1718.6;2048;42.5313;0.39592
5.83004;1428.99;294.474;1723.47;2048;40.4463;0.39592
5.84004;1428.99;291.487;1720.48;2048;39.731;0.39592
5.85004;1428.99;293.239;1722.23;2048;44.6172;0.39592
5.86004;1428.99;296.78;1725.77;2048;46.2774;0.39592
5.87004;1428.99;295.924;1724.92;2048;42.9036;0.39592
5.88004;1428.99;295.36;1724.35;2048;41.9522;0.39592
5.89004;1428.99;292.002;1720.99;2048;40.2198;0.39592
5.90004;1428.99;291.4;1720.39;2048;39.5647;0.39592
5.91004;1428.99;289.299;1718.29;2048;40.4477;0.39592
5.92004;1428.99;292.621;1721.61;2048;42.2937;0.39592
5.93004;1428.99;298.638;1727.63;2048;46.4175;0.39592
5.94004;1428.99;289.534;1718.53;2048;47.139;0.39592
5.95004;1428.99;297.115;1726.11;2048;45.8107;0.39592
5.96004;1428.99;288.897;1717.89;2048;42.3844;0.39592
5.97004;1428.99;291.824;1720.82;2048;41.3784;0.39592
5.98004;1428.99;292.725;1721.72;2048;40.9658;0.39592
5.99004;1428.99;292.53;1721.52;2048;44.5381;0.39592
6.00004;1428.99;291.505;1720.5;2048;49.7792;0.39592
6.01004;1428.99;290.958;1719.95;2048;50.1977;0.39592
6.02004;1428.99;293.798;1722.79;2048;47.5539;0.39592
6.03004;1428.99;289.928;1718.92;2048;43.9111;0.39592
6.04004;1428.99;294.602;1723.59;2048;42.6693;0.39592
6.05004;1428.99;290.08;1719.07;2048;42.3446;0.39592
6.06004;1428.99;292.993;1721.98;2048;48.4082;0.39592
6.07004;1428.99;296.157;1725.15;2048;51.4518;0.39592
6.08004;1428.99;289.352;1718.34;2048;49.8691;0.39592
6.09004;1428.99;294.376;1723.37;2048;47.3517;0.39592
6.10004;1428.99;290.771;1719.76;2048;44.8006;0.39592
6.11004;1428.99;291.665;1720.66;2048;43.4145;0.39592
6.12005;1428.99;290.776;1719.77;2048;43.7922;0.39592
6.13005;1428.99;292.402;1721.39;2048;44.844;0.39592
6.14005;1428.99;294.962;1723.95;2048;45.6258;0.39592
6.15005;1428.99;296.957;1725.95;2048;48.2104;0.39592
6.16005;1428.99;298.439;1727.43;2048;47.6324;0.39592
6.17005;1428.99;289.717;1718.71;2048;44.8846;0.39592
6.18005;1428.99;293.838;1722.83;2048;43.1722;0.39592
6.19005;1428.99;288.957;1717.95;2048;43.624;0.39592
6.20005;1428.99;292.815;1721.81;2048;49.1614;0.39592
6.21005;1428.99;296.473;1725.46;2048;52.5374;0.39592
6.22005;1428.99;297.842;1726.83;2048;54.9517;0.39592
6.23005;1428.99;296.814;1725.81;2048;51.6461;0.39592
6.24005;1428.99;291.591;1720.58;2048;47.2618;0.39592
6.25005;1428.99;292.277;1721.27;2048;45.4429;0.39592
6.26005;1428.99;290.517;1719.51;2048;44.9001;0.39592
6.27005;1428.99;292.544;1721.54;2048;51.0771;0.39592
6.28005;1428.99;289.942;1718.93;2048;51.054;0.39592
6.29005;1428.99;288.057;1717.05;2048;48.306;0.39592
6.30005;1428.99;299.003;1727.99;2048;48.686;0.39592
6.31005;1428.99;291.511;1720.5;2048;45.6007;0.39592
6.32005;1428.99;294.518;1723.51;2048;43.8756;0.39592
6.33005;1428.99;288.538;1717.53;2048;44.7188;0.39592
6.34005;1428.99;291.153;1720.14;2048;46.3497;0.39592
6.35005;1428.99;289.19;1718.18;2048;46.841;0.39592
6.36005;1428.99;292.898;1721.89;2048;47.5804;0.39592
6.37005;1428.99;295.297;1724.29;2048;47.7001;0.39592
6.38005;1428.99;293.076;1722.07;2048;44.742;0.39592
6.39005;1428.99;291.396;1720.39;2048;42.8366;0.39592
6.40005;1428.99;288.688;1717.68;2048;42.0728;0.39592
6.41005;1428.99;296.469;1725.46;2048;45.0932;0.39592
6.42005;1428.99;296.979;1725.97;2048;47.2977;0.39592
6.43005;1428.99;292.527;1721.52;2048;46.1405;0.39592
6.44005;1428.99;294.573;1723.57;2048;43.5502;0.39592
6.45005;1428.99;290.786;1719.78;2048;42.0468;0.39592
6.46005;1428.99;292.433;1721.43;2048;40.4873;0.39592
6.47005;1428.99;289.887;1718.88;2048;40.3481;0.39592
6.48005;1428.99;297.437;1726.43;2048;44.4319;0.39592
6.49005;1428.99;292.962;1721.95;2048;43.9015;0.39592
6.50005;1428.99;289.148;1718.14;2048;41.6697;0.39592
6.51005;1428.99;293.22;1722.21;2048;39.6473;0.39592
6.52005;1428.99;295.628;1724.62;2048;39.0849;0.39592
6.53005;1428.99;294.913;1723.91;2048;37.8169;0.39592
6.54005;1428.99;290.917;1719.91;2048;42.7053;0.39592
6.55006;1428.99;295.577;1724.57;2048;47.6613;0.39592
6.56006;1428.99;288.921;1717.91;2048;46.1377;0.39592
6.57006;1428.99;296.593;1725.58;2048;43.7304;0.39592
6.58006;1428.99;292.88;1721.87;2048;42.2342;0.39592
6.59006;1428.99;295.746;1724.74;2048;40.7102;0.39592
6.60006;1428.99;293.055;1722.05;2048;39.8445;0.39592
6.61006;1428.99;291.133;1720.12;2048;44.8799;0.39592
6.62006;1428.99;296.975;1725.97;2048;46.738;0.39592
6.63006;1428.99;299.185;1728.18;2048;48.5894;0.39592
6.64006;1428.99;297.605;1726.6;2048;46.9462;0.39592
6.65006;1428.99;292.083;1721.07;2048;44.1077;0.39592
6.66006;1428.99;292.117;1721.11;2048;42.4354;0.39592
6.67006;1428.99;290.703;1719.7;2048;41.3871;0.39592
6.68006;1428.99;293.557;1722.55;2048;44.8027;0.39592
6.69006;1428.99;298.822;1727.81;2048;45.3763;0.39592
6.70006;1428.99;290.55;1719.54;2048;44.7138;0.39592
6.71006;1428.99;297.657;1726.65;2048;43.8511;0.39592
6.72006;1428.99;291.575;1720.57;2048;42.2094;0.39592
6.73006;1428.99;294.097;1723.09;2048;41.2002;0.39592
6.74006;1428.99;292.822;1721.81;2048;41.7696;0.39592
6.75006;1428.99;293.428;1722.42;2048;44.646;0.39592
6.76006;1428.99;294.488;1723.48;2048;51.9491;0.39592
6.77006;1428.99;292.94;1721.93;2048;52.1609;0.39592
6.78006;1428.99;292.896;1721.89;2048;47.726;0.39592
6.79006;1428.99;289.204;1718.2;2048;44.8034;0.39592
6.80006;1428.99;294.825;1723.82;2048;43.0803;0.39592
6.81006;1428.99;291.185;1720.18;2048;43.8889;0.39592
6.82006;1428.99;296.08;1725.07;2048;48.1465;0.39592
6.83006;1428.99;295.751;1724.74;2048;48.9023;0.39592
6.84006;1428.99;290.559;1719.55;2048;47.4728;0.39592
6.85006;1428.99;291.368;1720.36;2048;44.0044;0.39592
6.86006;1428.99;291.358;1720.35;2048;42.9184;0.39592
6.87006;1428.99;294.257;1723.25;2048;41.867;0.39592
6.88006;1428.99;292.465;1721.46;2048;42.7125;0.39592
6.89006;1428.99;292.385;1721.38;2048;46.1328;0.39592
6.90006;1428.99;291.64;1720.63;2048;46.3623;0.39592
6.91006;1428.99;298.78;1727.77;2048;45.2956;0.39592
6.92006;1428.99;298.402;1727.39;2048;45.4745;0.39592
6.93006;1428.99;290.678;1719.67;2048;43.0585;0.39592
6.94006;1428.99;291.52;1720.51;2048;41.8341;0.39592
6.95006;1428.99;291.777;1720.77;2048;46.0158;0.39592
6.96006;1428.99;294.282;1723.27;2048;51.596;0.39592
6.97006;1428.99;292.42;1721.41;2048;50.7896;0.39592
6.98006;1428.99;298.182;1727.17;2048;49.1684;0.39592
6.99007;1428.99;291.893;1720.88;2048;45.7487;0.39592
7.00007;1428.99;289.296;1718.29;2048;44.3414;0.39592
7.01007;1428.99;290.475;1719.47;2048;43.4524;0.39592
7.02007;1428.99;293.118;1722.11;2048;45.006;0.39592
7.03007;1428.99;299.052;1728.04;2048;46.0049;0.39592
7.04007;1428.99;295.535;1724.53;2048;48.4041;0.39592
7.05007;1428.99;297.694;1726.69;2048;47.4937;0.39592
7.06007;1428.99;290.348;1719.34;2048;44.7342;0.39592
7.07007;1428.99;294.723;1723.71;2048;42.9124;0.39592
7.08007;1428.99;289.46;1718.45;2048;42.9112;0.39592
7.09007;1428.99;293.102;1722.09;2048;46.3821;0.39592
7.10007;1428.99;296.057;1725.05;2048;51.309;0.39592
7.11007;1428.99;297.134;1726.13;2048;54.8066;0.39592
7.12007;1428.99;297.181;1726.17;2048;51.4047;0.39592
7.13007;1428.99;292.49;1721.48;2048;47.2901;0.39592
7.14007;1428.99;292.625;1721.62;2048;44.7647;0.39592
7.15007;1428.99;291.794;1720.79;2048;45.0409;0.39592
7.16007;1428.99;296.41;1725.4;2048;50.3771;0.39592
7.17007;1428.99;290.039;1719.03;2048;50.6377;0.39592
7.18007;1428.99;288.767;1717.76;2048;48.1792;0.39592
7.19007;1428.99;298.185;1727.18;2048;45.5922;0.39592
7.20007;1428.99;293.412;1722.4;2048;43.6853;0.39592
7.21007;1428.99;293.373;1722.36;2048;41.9646;0.39592
7.22007;1428.99;290.447;1719.44;2048;42.1514;0.39592
7.23007;1428.99;292.674;1721.67;2048;47.1485;0.39592
7.24007;1428.99;290.137;1719.13;2048;49.2794;0.39592
7.25007;1428.99;296.626;1725.62;2048;50.6482;0.39592
7.26007;1428.99;298.863;1727.85;2048;50.2544;0.39592
7.27007;1428.99;294.998;1723.99;2048;46.9963;0.39592
7.28007;1428.99;290.347;1719.34;2048;45.6603;0.39592
7.29007;1428.99;288.996;1717.99;2048;50.3837;0.39592
7.30007;1428.99;294.093;1723.08;2048;50.1094;0.39592
7.31007;1428.99;291.601;1720.59;2048;47.8465;0.39592
7.32007;1428.99;298.833;1727.82;2048;47.5723;0.39592
7.33007;1428.99;291.508;1720.5;2048;43.9828;0.39592
7.34007;1428.99;294.404;1723.4;2048;42.6811;0.39592
7.35007;1428.99;289.104;1718.1;2048;41.2695;0.39592
7.36007;1428.99;290.603;1719.59;2048;42.7123;0.39592
7.37007;1428.99;291.719;1720.71;2048;43.5673;0.39592
7.38007;1428.99;290.908;1719.9;2048;44.6023;0.39592
7.39007;1428.99;292.848;1721.84;2048;43.3864;0.39592
7.40007;1428.99;292.806;1721.8;2048;41.9365;0.39592
7.41007;1428.99;292.875;1721.87;2048;40.8765;0.39592
7.42007;1428.99;290.187;1719.18;2048;40.999;0.39592
7.43008;1428.99;297.19;1726.18;2048;45.6831;0.39592
7.44008;1428.99;298.718;1727.71;2048;47.447;0.39592
7.45008;1428.99;290.986;1719.98;2048;46.5609;0.39592
7.46008;1428.99;295.397;1724.39;2048;43.5829;0.39592
7.47008;1428.99;291.292;1720.28;2048;41.4856;0.39592
7.48008;1428.99;292.967;1721.96;2048;40.2723;0.39592
7.49008;1428.99;290.31;1719.3;2048;40.2783;0.39592
7.50008;1428.99;298.778;1727.77;2048;42.6303;0.39592
7.51008;1428.99;291.64;1720.63;2048;42.9858;0.39592
7.52008;1428.99;287.563;1716.55;2048;40.1664;0.39592
7.53008;1428.99;292.527;1721.52;2048;38.8629;0.39592
7.54008;1428.99;295.694;1724.69;2048;38.2445;0.39592
7.55008;1428.99;294.681;1723.67;2048;37.2523;0.39592
7.56008;1428.99;293.391;1722.38;2048;40.8164;0.39592
7.57008;1428.99;296.051;1725.04;2048;46.7315;0.39592
7.58008;1428.99;288.274;1717.27;2048;44.9893;0.39592
7.59008;1428.99;297.581;1726.57;2048;43.0788;0.39592
7.60008;1428.99;291.832;1720.82;2048;41.3762;0.39592
7.61008;1428.99;295.826;1724.82;2048;39.8564;0.39592
7.62008;1428.99;293.184;1722.18;2048;39.4922;0.39592
7.63008;1428.99;292.628;1721.62;2048;44.3943;0.39592
7.64008;1428.99;297.48;1726.47;2048;47.5633;0.39592
7.65008;1428.99;297.348;1726.34;2048;45.9365;0.39592
7.66008;1428.99;296.814;1725.81;2048;43.4009;0.39592
7.67008;1428.99;293.685;1722.68;2048;41.8633;0.39592
7.68008;1428.99;294.841;1723.83;2048;41.0104;0.39592
7.69008;1428.99;289.842;1718.83;2048;41.5718;0.39592
7.70008;1428.99;293.287;1722.28;2048;46.1253;0.39592
7.71008;1428.99;296.323;1725.31;2048;45.3332;0.39592
7.72008;1428.99;294.054;1723.05;2048;45.9111;0.39592
7.73008;1428.99;296.594;1725.59;2048;44.8147;0.39592
7.74008;1428.99;292.499;1721.49;2048;42.6846;0.39592
7.75008;1428.99;294.04;1723.03;2048;41.5945;0.39592
7.76008;1428.99;291.108;1720.1;2048;42.0527;0.39592
7.77008;1428.99;293.883;1722.87;2048;46.0652;0.39592
7.78008;1428.99;296.767;1725.76;2048;50.5593;0.39592
7.79008;1428.99;296.021;1725.01;2048;48.9501;0.39592
7.80008;1428.99;291.143;1720.13;2048;45.6887;0.39592
7.81008;1428.99;289.719;1718.71;2048;43.743;0.39592
7.82008;1428.99;291.757;1720.75;2048;42.6079;0.39592
7.83008;1428.99;293.674;1722.67;2048;45.7635;0.39592
7.84008;1428.99;299.245;1728.24;2048;49.6536;0.39592
7.85008;1428.99;290.441;1719.43;2048;50.4003;0.39592
7.86009;1428.99;298.291;1727.28;2048;47.6419;0.39592
7.87009;1428.99;290.377;1719.37;2048;45.2743;0.39592
7.88009;1428.99;293.221;1722.21;2048;43.5738;0.39592
7.89009;1428.99;292.338;1721.33;2048;43.2204;0.39592
7.90009;1428.99;293.432;1722.42;2048;47.0554;0.39592
7.91009;1428.99;295.23;1724.22;2048;52.9098;0.39592
7.92009;1428.99;295.547;1724.54;2048;51.3481;0.39592
7.93009;1428.99;292.167;1721.16;2048;47.9138;0.39592
7.94009;1428.99;288.436;1717.43;2048;45.0343;0.39592
7.95009;1428.99;293.488;1722.48;2048;43.5404;0.39592
7.96009;1428.99;293.116;1722.11;2048;45.426;0.39592
7.97009;1428.99;297.842;1726.83;2048;51.4949;0.39592
7.98009;1428.99;290.946;1719.94;2048;51.7554;0.39592
7.99009;1428.99;297.667;1726.66;2048;50.3878;0.39592
8.00009;1428.99;290.143;1719.13;2048;46.4308;0.39592
8.01009;1428.99;291.843;1720.83;2048;44.5785;0.39592
8.02009;1428.99;293.994;1722.99;2048;43.662;0.39592
8.03009;1428.99;293.663;1722.65;2048;45.3099;0.39592
8.04009;1428.99;292.043;1721.03;2048;52.8283;0.39592
8.05009;1428.99;292.355;1721.35;2048;52.4873;0.39592
8.06009;1428.99;295.487;1724.48;2048;50.509;0.39592
8.07009;1428.99;290.993;1719.98;2048;46.7799;0.39592
8.08009;1428.99;295.511;1724.5;2048;44.5989;0.39592
8.09009;1428.99;291.498;1720.49;2048;43.918;0.39592
8.10009;1428.99;293.518;1722.51;2048;50.1617;0.39592
8.11009;1428.99;293.67;1722.66;2048;50.7585;0.39592
8.12009;1428.99;293.068;1722.06;2048;50.244;0.39592
8.13009;1428.99;294.61;1723.6;2048;46.7743;0.39592
8.14009;1428.99;291.166;1720.16;2048;43.9699;0.39592
8.15009;1428.99;294.117;1723.11;2048;43.3671;0.39592
8.16009;1428.99;292.851;1721.84;2048;44.265;0.39592
8.17009;1428.99;292.612;1721.6;2048;49.421;0.39592
8.18009;1428.99;291.623;1720.61;2048;49.0761;0.39592
8.19009;1428.99;298.351;1727.34;2048;50.0251;0.39592
8.20009;1428.99;298.164;1727.16;2048;47.1138;0.39592
8.21009;1428.99;294.21;1723.2;2048;44.869;0.39592
8.22009;1428.99;290.398;1719.39;2048;43.5886;0.39592
8.23009;1428.99;291.246;1720.24;2048;47.2493;0.39592
8.24009;1428.99;297.229;1726.22;2048;49.4426;0.39592
8.25009;1428.99;289.993;1718.98;2048;48.2676;0.39592
8.26009;1428.99;299.043;1728.03;2048;48.0877;0.39592
8.27009;1428.99;293.522;1722.51;2048;45.2067;0.39592
8.28009;1428.99;291.613;1720.6;2048;43.4512;0.39592
8.29009;1428.99;291.129;1720.12;2048;44.294;0.39592
8.30009;1428.99;293.022;1722.01;2048;45.3718;0.39592
8.31009;1428.99;293.462;1722.45;2048;45.646;0.39592
8.3201;1428.99;297.982;1726.97;2048;48.8229;0.39592
8.3301;1428.99;300.152;1729.14;2048;46.6909;0.39592
8.3401;1428.99;292.341;1721.33;2048;45.0123;0.39592
8.3501;1428.99;291.373;1720.36;2048;42.9058;0.39592
8.3601;1428.99;289.301;1718.29;2048;44.2898;0.39592
8.3701;1428.99;297.108;1726.1;2048;48.3456;0.39592
8.3801;1428.99;291.567;1720.56;2048;47.6638;0.39592
8.3901;1428.99;298.589;1727.58;2048;47.9253;0.39592
8.4001;1428.99;296.614;1725.61;2048;46.3507;0.39592
8.4101;1428.99;289.862;1718.85;2048;43.5676;0.39592
8.4201;1428.99;290.5;1719.49;2048;43.1535;0.39592
8.4301;1428.99;291.164;1720.16;2048;44.7187;0.39592
8.4401;1428.99;297.148;1726.14;2048;47.6903;0.39592
8.4501;1428.99;292.596;1721.59;2048;48.8591;0.39592
8.4601;1428.99;295.536;1724.53;2048;49.321;0.39592
8.4701;1428.99;290.773;1719.76;2048;46.2535;0.39592
8.4801;1428.99;294.462;1723.45;2048;43.9266;0.39592
8.4901;1428.99;290.691;1719.68;2048;42.7276;0.39592
8.5001;1428.99;292.659;1721.65;2048;48.4778;0.39592
8.5101;1428.99;296.362;1725.35;2048;52.1198;0.39592
8.5201;1428.99;290.85;1719.84;2048;51.5522;0.39592
8.5301;1428.99;296.91;1725.9;2048;49.7547;0.39592
8.5401;1428.99;293.64;1722.63;2048;46.1705;0.39592
8.5501;1428.99;293.563;1722.56;2048;43.7057;0.39592
8.5601;1428.99;289.899;1718.89;2048;42.9441;0.39592
8.5701;1428.99;292.851;1721.84;2048;48.7761;0.39592
8.5801;1428.99;288.583;1717.57;2048;48.1178;0.39592
8.5901;1428.99;287.277;1716.27;2048;48.3384;0.39592
8.6001;1428.99;294.219;1723.21;2048;45.9009;0.39592
8.6101;1428.99;295.944;1724.94;2048;44.422;0.39592
8.6201;1428.99;293.514;1722.51;2048;42.5796;0.39592
8.6301;1428.99;290.452;1719.44;2048;45.7235;0.39592
8.6401;1428.99;295.459;1724.45;2048;50.7816;0.39592
8.6501;1428.99;287.795;1716.79;2048;49.3199;0.39592
8.6601;1428.99;293.254;1722.25;2048;48.3375;0.39592
8.6701;1428.99;297.156;1726.15;2048;45.0541;0.39592
8.6801;1428.99;295.479;1724.47;2048;44.0276;0.39592
8.6901;1428.99;291.129;1720.12;2048;41.9472;0.39592
8.7001;1428.99;289.573;1718.56;2048;45.4108;0.39592
8.7101;1428.99;292.786;1721.78;2048;45.4802;0.39592
8.7201;1428.99;290.181;1719.17;2048;43.3078;0.39592
8.7301;1428.99;298.22;1727.21;2048;41.9716;0.39592
8.7401;1428.99;292.808;1721.8;2048;40.4366;0.39592
8.7501;1428.99;295.065;1724.06;2048;39.7853;0.39592
8.76011;1428.99;288.667;1717.66;2048;38.5951;0.39592
8.77011;1428.99;293.493;1722.48;2048;43.7178;0.39592
8.78011;1428.99;291.454;1720.45;2048;44.0578;0.39592
8.79011;1428.99;289.7;1718.69;2048;43.4539;0.39592
8.80011;1428.99;297.487;1726.48;2048;42.3287;0.39592
8.81011;1428.99;294.687;1723.68;2048;41.2792;0.39592
8.82011;1428.99;293.279;1722.27;2048;39.7677;0.39592
8.83011;1428.99;290.842;1719.83;2048;41.4013;0.39592
8.84011;1428.99;297.147;1726.14;2048;42.1382;0.39592
8.85011;1428.99;294.064;1723.06;2048;41.5159;0.39592
8.86011;1428.99;298.473;1727.46;2048;40.8824;0.39592
8.87011;1428.99;291.488;1720.48;2048;39.3027;0.39592
8.88011;1428.99;292.91;1721.9;2048;39.0802;0.39592
8.89011;1428.99;290.476;1719.47;2048;38.2192;0.39592
8.90011;1428.99;292.882;1721.87;2048;42.0221;0.39592
8.91011;1428.99;297.738;1726.73;2048;43.0524;0.39592
8.92011;1428.99;289.933;1718.92;2048;41.8022;0.39592
8.93011;1428.99;295.85;1724.84;2048;42.0652;0.39592
8.94011;1428.99;293.758;1722.75;2048;41.074;0.39592
8.95011;1428.99;294.298;1723.29;2048;39.7244;0.39592
8.96011;1428.99;292.53;1721.52;2048;41.5734;0.39592
8.97011;1428.99;297.964;1726.96;2048;44.6276;0.39592
8.98011;1428.99;300.099;1729.09;2048;45.688;0.39592
8.99011;1428.99;295.963;1724.95;2048;44.4528;0.39592
9.00011;1428.99;290.81;1719.8;2048;42.4683;0.39592
9.01011;1428.99;290.005;1719;2048;40.1512;0.39592
9.02011;1428.99;293.405;1722.4;2048;39.9063;0.39592
9.03011;1428.99;291.758;1720.75;2048;42.0829;0.39592
9.04011;1428.99;297.993;1726.98;2048;44.2274;0.39592
9.05011;1428.99;293.096;1722.09;2048;43.3229;0.39592
9.06011;1428.99;291.972;1720.96;2048;41.7415;0.39592
9.07011;1428.99;291.6;1720.59;2048;40.5792;0.39592
9.08011;1428.99;294.286;1723.28;2048;39.3803;0.39592
9.09011;1428.99;294.338;1723.33;2048;40.0869;0.39592
9.10011;1428.99;295.616;1724.61;2048;44.0404;0.39592
9.11011;1428.99;296.794;1725.79;2048;48.3219;0.39592
9.12011;1428.99;291.676;1720.67;2048;48.2392;0.39592
9.13011;1428.99;292.691;1721.68;2048;44.9695;0.39592
9.14011;1428.99;289.328;1718.32;2048;42.5092;0.39592
9.15011;1428.99;295.238;1724.23;2048;41.3107;0.39592
9.16011;1428.99;290.108;1719.1;2048;42.2016;0.39592
9.17011;1428.99;294.578;1723.57;2048;46.9274;0.39592
9.18011;1428.99;296.729;1725.72;2048;51.0872;0.39592
9.19011;1428.99;288.791;1717.78;2048;48.4054;0.39592
9.20012;1428.99;291.291;1720.28;2048;44.6109;0.39592
9.21012;1428.99;292.057;1721.05;2048;43.1455;0.39592
9.22012;1428.99;293.752;1722.74;2048;42.3389;0.39592
9.23012;1428.99;292.258;1721.25;2048;45.2981;0.39592
9.24012;1428.99;291.671;1720.66;2048;50.2448;0.39592
9.25012;1428.99;288.897;1717.89;2048;50.8333;0.39592
9.26012;1428.99;297.003;1725.99;2048;49.9973;0.39592
9.27012;1428.99;295.253;1724.24;2048;46.756;0.39592
9.28012;1428.99;292.037;1721.03;2048;45.402;0.39592
9.29012;1428.99;290.819;1719.81;2048;43.9296;0.39592
9.30012;1428.99;290.635;1719.63;2048;44.8719;0.39592
9.31012;1428.99;292.508;1721.5;2048;51.0113;0.39592
9.32012;1428.99;296.384;1725.38;2048;50.6456;0.39592
9.33012;1428.99;297.349;1726.34;2048;47.0657;0.39592
9.34012;1428.99;291.28;1720.27;2048;44.6331;0.39592
9.35012;1428.99;287.433;1716.42;2048;42.1888;0.39592
9.36012;1428.99;289.817;1718.81;2048;42.6692;0.39592
9.37012;1428.99;292.684;1721.68;2048;45.2129;0.39592
9.38012;1428.99;297.634;1726.63;2048;48.505;0.39592
9.39012;1428.99;295.57;1724.56;2048;49.7316;0.39592
9.40012;1428.99;298.05;1727.04;2048;49.0407;0.39592
9.41012;1428.99;288.566;1717.56;2048;46.0523;0.39592
9.42012;1428.99;293.181;1722.17;2048;44.4158;0.39592
9.43012;1428.99;288.657;1717.65;2048;43.3007;0.39592
9.44012;1428.99;292.462;1721.45;2048;48.2816;0.39592
9.45012;1428.99;295.926;1724.92;2048;51.0767;0.39592
9.46012;1428.99;297.765;1726.76;2048;50.3433;0.39592
9.47012;1428.99;294.119;1723.11;2048;47.5289;0.39592
9.48012;1428.99;289.293;1718.28;2048;44.5462;0.39592
9.49012;1428.99;290.747;1719.74;2048;43.4767;0.39592
9.50012;1428.99;292.497;1721.49;2048;45.0004;0.39592
9.51012;1428.99;298.601;1727.59;2048;50.3052;0.39592
9.52012;1428.99;292.453;1721.44;2048;50.1416;0.39592
9.53012;1428.99;295.832;1724.82;2048;50.9182;0.39592
9.54012;1428.99;290.068;1719.06;2048;47.0693;0.39592
9.55012;1428.99;293.916;1722.91;2048;45.0753;0.39592
9.56012;1428.99;289.593;1718.58;2048;43.4138;0.39592
9.57012;1428.99;292.162;1721.15;2048;46.4073;0.39592
9.58012;1428.99;294.453;1723.44;2048;51.5874;0.39592
9.59012;1428.99;295.037;1724.03;2048;53.7692;0.39592
9.60012;1428.99;296.661;1725.65;2048;52.7628;0.39592
9.61012;1428.99;294.918;1723.91;2048;48.5073;0.39592
9.62012;1428.99;292.65;1721.64;2048;46.3275;0.39592
9.63013;1428.99;290.979;1719.97;2048;47.2971;0.39592
9.64013;1428.99;295.418;1724.41;2048;53.259;0.39592
9.65013;1428.99;289.076;1718.07;2048;52.1966;0.39592
9.66013;1428.99;290.944;1719.94;2048;51.0783;0.39592
9.67013;1428.99;295.254;1724.25;2048;47.368;0.39592
9.68013;1428.99;292.855;1721.85;2048;44.6133;0.39592
9.69013;1428.99;291.533;1720.52;2048;42.9899;0.39592
9.70013;1428.99;290.358;1719.35;2048;44.8028;0.39592
9.71013;1428.99;292.38;1721.37;2048;51.1582;0.39592
9.72013;1428.99;291.87;1720.86;2048;52.3337;0.39592
9.73013;1428.99;296.527;1725.52;2048;53.1985;0.39592
9.74013;1428.99;297.824;1726.82;2048;49.9908;0.39592
9.75013;1428.99;293.515;1722.51;2048;46.8659;0.39592
9.76013;1428.99;289.714;1718.71;2048;45.6293;0.39592
9.77013;1428.99;290.727;1719.72;2048;50.5181;0.39592
9.78013;1428.99;289.755;1718.75;2048;50.0703;0.39592
9.79013;1428.99;287.282;1716.27;2048;48.3762;0.39592
9.80013;1428.99;298.48;1727.47;2048;47.687;0.39592
9.81013;1428.99;291.196;1720.19;2048;44.9011;0.39592
9.82013;1428.99;293.386;1722.38;2048;43.0251;0.39592
9.83013;1428.99;288.416;1717.41;2048;44.0567;0.39592
9.84013;1428.99;291.174;1720.17;2048;46.3209;0.39592
9.85013;1428.99;287.861;1716.85;2048;47.1504;0.39592
9.86013;1428.99;294.148;1723.14;2048;48.697;0.39592
9.87013;1428.99;297.564;1726.56;2048;47.9553;0.39592
9.88013;1428.99;293.569;1722.56;2048;44.9668;0.39592
9.89013;1428.99;289.755;1718.75;2048;43.2671;0.39592
9.90013;1428.99;287.245;1716.24;2048;44.7384;0.39592
9.91013;1428.99;294.312;1723.3;2048;46.0534;0.39592
9.92013;1428.99;290.907;1719.9;2048;44.3534;0.39592
9.93013;1428.99;297.592;1726.58;2048;44.7195;0.39592
9.94013;1428.99;290.467;1719.46;2048;42.1109;0.39592
9.95013;1428.99;294.275;1723.27;2048;41.2266;0.39592
9.96013;1428.99;287.854;1716.85;2048;41.3979;0.39592
9.97013;1428.99;289.959;1718.95;2048;42.8717;0.39592
9.98013;1428.99;289.941;1718.93;2048;43.4889;0.39592
9.99013;1428.99;290.93;1719.92;2048;44.7502;0.39592
10.0001;1428.99;295.098;1724.09;2048;44.941;0.39592
10.0101;1428.99;293.071;1722.06;2048;43.6991;0.39592
10.0201;1428.99;290.997;1719.99;2048;41.9441;0.39592
10.0301;1428.99;287.794;1716.79;2048;43.1771;0.39592
10.0401;1428.99;295.55;1724.54;2048;44.2214;0.39592
10.0501;1428.99;291.951;1720.94;2048;44.0947;0.39592
10.0601;1428.99;296.65;1725.64;2048;43.9259;0.39592
10.0701;1428.99;290.581;1719.57;2048;42.0079;0.39592
10.0801;1428.99;294.813;1723.8;2048;41.0542;0.39592
10.0901;1428.99;288.195;1717.19;2048;39.8388;0.39592
10.1001;1428.99;291.176;1720.17;2048;43.7748;0.39592
10.1101;1428.99;288.464;1717.46;2048;44.0613;0.39592
10.1201;1428.99;292.086;1721.08;2048;45.4207;0.39592
10.1301;1428.99;297.337;1726.33;2048;44.8133;0.39592
10.1401;1428.99;294.641;1723.63;2048;43.2722;0.39592
10.1501;1428.99;291.22;1720.21;2048;41.7359;0.39592
10.1601;1428.99;287.899;1716.89;2048;44.9971;0.39592
10.1701;1428.99;292.723;1721.71;2048;45.4683;0.39592
10.1801;1428.99;289.798;1718.79;2048;43.5293;0.39592
10.1901;1428.99;298.227;1727.22;2048;43.0423;0.39592
10.2001;1428.99;291.705;1720.7;2048;41.3426;0.39592
10.2101;1428.99;294.512;1723.5;2048;40.33;0.39592
10.2201;1428.99;288.247;1717.24;2048;39.1312;0.39592
10.2301;1428.99;293.085;1722.08;2048;44.9828;0.39592
10.2401;1428.99;288.566;1717.56;2048;44.9117;0.39592
10.2501;1428.99;291.025;1720.02;2048;45.5006;0.39592
10.2601;1428.99;297.396;1726.39;2048;44.1483;0.39592
10.2701;1428.99;294.931;1723.92;2048;43.0455;0.39592
10.2801;1428.99;291.25;1720.24;2048;41.437;0.39592
10.2901;1428.99;288.818;1717.81;2048;46.2258;0.39592
10.3001;1428.99;291.553;1720.55;2048;46.0597;0.39592
10.3101;1428.99;288.265;1717.26;2048;43.8308;0.39592
10.3201;1428.99;297.241;1726.23;2048;41.8077;0.39592
10.3301;1428.99;294.117;1723.11;2048;41.3211;0.39592
10.3401;1428.99;294.27;1723.26;2048;40.4286;0.39592
10.3501;1428.99;288.826;1717.82;2048;41.3042;0.39592
10.3601;1428.99;295.657;1724.65;2048;45.9817;0.39592
10.3701;1428.99;287.798;1716.79;2048;45.9604;0.39592
10.3801;1428.99;293.097;1722.09;2048;44.4855;0.39592
10.3901;1428.99;296.236;1725.23;2048;43.2095;0.39592
10.4001;1428.99;294.24;1723.23;2048;41.3945;0.39592
10.4101;1428.99;290.06;1719.05;2048;41.12;0.39592
10.4201;1428.99;292.671;1721.66;2048;44.7987;0.39592
10.4301;1428.99;291.203;1720.19;2048;44.9114;0.39592
10.4401;1428.99;286.824;1715.82;2048;42.7717;0.39592
10.4501;1428.99;294.092;1723.08;2048;40.6281;0.39592
10.4601;1428.99;295.374;1724.37;2048;40.5186;0.39592
10.4701;1428.99;294.05;1723.04;2048;39.7117;0.39592
10.4801;1428.99;289.991;1718.98;2048;42.8127;0.39592
10.4901;1428.99;297.867;1726.86;2048;44.5829;0.39592
10.5001;1428.99;288.036;1717.03;2048;45.2165;0.39592
10.5101;1428.99;296.289;1725.28;2048;43.6643;0.39592
10.5201;1428.99;290.616;1719.61;2048;41.775;0.39592
10.5301;1428.99;292.716;1721.71;2048;40.2309;0.39592
10.5401;1428.99;289.611;1718.6;2048;41.3426;0.39592
10.5501;1428.99;297.119;1726.11;2048;45.1662;0.39592
10.5601;1428.99;290.755;1719.75;2048;44.7387;0.39592
10.5701;1428.99;285.67;1714.66;2048;42.9252;0.39592
10.5801;1428.99;291.776;1720.77;2048;40.7998;0.39592
10.5901;1428.99;294.731;1723.72;2048;40.6964;0.39592
10.6001;1428.99;291.484;1720.48;2048;39.0673;0.39592
10.6101;1428.99;295.887;1724.88;2048;43.9803;0.39592
10.6201;1428.99;297.522;1726.51;2048;43.8689;0.39592
10.6301;1428.99;291.917;1720.91;2048;43.8632;0.39592
10.6401;1428.99;294.341;1723.33;2048;41.3552;0.39592
10.6501;1428.99;291.586;1720.58;2048;40.8143;0.39592
10.6601;1428.99;291.599;1720.59;2048;39.9227;0.39592
10.6701;1428.99;289.722;1718.71;2048;40.0436;0.39592
10.6801;1428.99;295.561;1724.55;2048;42.3648;0.39592
10.6901;1428.99;288.829;1717.82;2048;42.1743;0.39592
10.7001;1428.99;288.563;1717.55;2048;41.8577;0.39592
10.7101;1428.99;291.766;1720.76;2048;40.4534;0.39592
10.7201;1428.99;293.732;1722.72;2048;39.4286;0.39592
10.7302;1428.99;290.53;1719.52;2048;38.6665;0.39592
10.7402;1428.99;297.216;1726.21;2048;41.9606;0.39592
10.7502;1428.99;298.241;1727.23;2048;45.8139;0.39592
10.7602;1428.99;291.897;1720.89;2048;44.6459;0.39592
10.7702;1428.99;292.985;1721.98;2048;41.7755;0.39592
10.7802;1428.99;292.553;1721.54;2048;41.5395;0.39592
10.7902;1428.99;290.747;1719.74;2048;40.416;0.39592
10.8002;1428.99;290.099;1719.09;2048;41.2208;0.39592
10.8102;1428.99;294.218;1723.21;2048;42.0988;0.39592
10.8202;1428.99;288.774;1717.77;2048;42.4543;0.39592
10.8302;1428.99;292.864;1721.86;2048;40.8123;0.39592
10.8402;1428.99;292.774;1721.77;2048;39.9123;0.39592
10.8502;1428.99;293.77;1722.76;2048;38.9876;0.39592
10.8602;1428.99;291.002;1719.99;2048;39.6163;0.39592
10.8702;1428.99;298.4;1727.39;2048;42.0099;0.39592
10.8802;1428.99;297.449;1726.44;2048;43.1417;0.39592
10.8902;1428.99;294.081;1723.07;2048;42.5531;0.39592
10.9002;1428.99;291.245;1720.24;2048;40.6911;0.39592
10.9102;1428.99;294.83;1723.82;2048;40.0305;0.39592
10.9202;1428.99;289.139;1718.13;2048;38.715;0.39592
10.9302;1428.99;292.172;1721.16;2048;42.407;0.39592
10.9402;1428.99;291.981;1720.97;2048;42.6584;0.39592
10.9502;1428.99;289.747;1718.74;2048;43.4081;0.39592
10.9602;1428.99;297.798;1726.79;2048;43.074;0.39592
10.9702;1428.99;295.005;1724;2048;42.3428;0.39592
10.9802;1428.99;292.609;1721.6;2048;40.8785;0.39592
10.9902;1428.99;289.636;1718.63;2048;45.1145;0.39592
11.0002;1428.99;293.727;1722.72;2048;45.4769;0.39592
11.0102;1428.99;290.109;1719.1;2048;43.0729;0.39592
11.0202;1428.99;298.155;1727.15;2048;40.9675;0.39592
11.0302;1428.99;293.706;1722.7;2048;40.6214;0.39592
11.0402;1428.99;294.99;1723.98;2048;39.9845;0.39592
11.0502;1428.99;288.685;1717.68;2048;40.2152;0.39592
11.0602;1428.99;295.259;1724.25;2048;45.7809;0.39592
11.0702;1428.99;288.964;1717.96;2048;45.4191;0.39592
11.0802;1428.99;292.357;1721.35;2048;43.9454;0.39592
11.0902;1428.99;296.868;1725.86;2048;42.8139;0.39592
11.1002;1428.99;295.103;1724.09;2048;41.333;0.39592
11.1102;1428.99;290.826;1719.82;2048;40.8429;0.39592
11.1202;1428.99;292.767;1721.76;2048;43.9908;0.39592
11.1302;1428.99;292.614;1721.61;2048;44.6432;0.39592
11.1402;1428.99;288.253;1717.24;2048;42.2394;0.39592
11.1502;1428.99;295.211;1724.2;2048;39.7862;0.39592
11.1602;1428.99;295.739;1724.73;2048;40.0355;0.39592
11.1702;1428.99;294.811;1723.8;2048;39.2153;0.39592
11.1802;1428.99;289.771;1718.76;2048;41.859;0.39592
11.1902;1428.99;297.003;1725.99;2048;44.6177;0.39592
11.2002;1428.99;287.29;1716.28;2048;45.1706;0.39592
11.2102;1428.99;296.595;1725.59;2048;43.4745;0.39592
11.2202;1428.99;291.191;1720.18;2048;41.8514;0.39592
11.2302;1428.99;293.883;1722.87;2048;40.0232;0.39592
11.2402;1428.99;289.744;1718.74;2048;40.937;0.39592
11.2502;1428.99;297.475;1726.47;2048;45.0961;0.39592
11.2602;1428.99;291.048;1720.04;2048;44.2773;0.39592
11.2702;1428.99;285.965;1714.96;2048;42.5098;0.39592
11.2802;1428.99;291.811;1720.8;2048;41.0089;0.39592
11.2902;1428.99;294.34;1723.33;2048;40.5241;0.39592
11.3002;1428.99;290.88;1719.87;2048;39.2108;0.39592
11.3102;1428.99;297.385;1726.38;2048;42.7538;0.39592
11.3202;1428.99;297.481;1726.47;2048;42.6585;0.39592
11.3302;1428.99;292.555;1721.55;2048;42.4716;0.39592
11.3402;1428.99;293.957;1722.95;2048;40.3355;0.39592
11.3502;1428.99;291.792;1720.78;2048;40.2304;0.39592
11.3602;1428.99;291.57;1720.56;2048;39.5779;0.39592
11.3702;1428.99;289.927;1718.92;2048;39.9047;0.39592
11.3802;1428.99;295.056;1724.05;2048;42.0187;0.39592
11.3902;1428.99;288.898;1717.89;2048;41.9558;0.39592
11.4002;1428.99;288.954;1717.95;2048;41.5068;0.39592
11.4102;1428.99;291.796;1720.79;2048;40.2979;0.39592
11.4202;1428.99;293.954;1722.95;2048;39.3301;0.39592
11.4302;1428.99;291.703;1720.69;2048;38.4235;0.39592
11.4402;1428.99;296.746;1725.74;2048;42.6763;0.39592
11.4502;1428.99;297.683;1726.67;2048;47.9402;0.39592
11.4602;1428.99;287.968;1716.96;2048;46.0303;0.39592
11.4702;1428.99;295.275;1724.27;2048;42.9442;0.39592
11.4802;1428.99;290.438;1719.43;2048;42.0392;0.39592
11.4902;1428.99;293.025;1722.02;2048;40.3383;0.39592
11.5002;1428.99;289.804;1718.8;2048;40.2704;0.39592
11.5102;1428.99;298.345;1727.34;2048;42.7057;0.39592
11.5202;1428.99;289.635;1718.63;2048;42.4499;0.39592
11.5302;1428.99;287.047;1716.04;2048;41.7341;0.39592
11.5402;1428.99;291.539;1720.53;2048;39.7879;0.39592
11.5502;1428.99;294.599;1723.59;2048;39.2914;0.39592
11.5602;1428.99;293.429;1722.42;2048;38.2668;0.39592
11.5702;1428.99;296.557;1725.55;2048;42.3515;0.39592
11.5802;1428.99;296.634;1725.63;2048;47.0434;0.39592
11.5902;1428.99;287.366;1716.36;2048;45.4672;0.39592
11.6002;1428.99;294.472;1723.46;2048;42.6716;0.39592
11.6102;1428.99;291.302;1720.29;2048;42.1292;0.39592
11.6202;1428.99;291.759;1720.75;2048;40.33;0.39592
11.6302;1428.99;290.227;1719.22;2048;41.0913;0.39592
11.6402;1428.99;297.97;1726.96;2048;42.1063;0.39592
11.6502;1428.99;288.204;1717.2;2048;42.0308;0.39592
11.6602;1428.99;293.752;1722.74;2048;40.9984;0.39592
11.6702;1428.99;292.73;1721.72;2048;40.4899;0.39592
11.6802;1428.99;293.721;1722.71;2048;39.3577;0.39592
11.6902;1428.99;292.2;1721.19;2048;40.6328;0.39592
11.7002;1428.99;298.316;1727.31;2048;43.317;0.39592
11.7102;1428.99;295.702;1724.69;2048;42.7976;0.39592
11.7202;1428.99;296.213;1725.2;2048;41.7181;0.39592
11.7302;1428.99;290.609;1719.6;2048;40.7239;0.39592
11.7402;1428.99;293.254;1722.25;2048;39.4961;0.39592
11.7502;1428.99;289.747;1718.74;2048;38.7739;0.39592
11.7602;1428.99;292.646;1721.64;2048;43.2319;0.39592
11.7702;1428.99;295.495;1724.49;2048;43.5342;0.39592
11.7802;1428.99;288.902;1717.89;2048;42.7298;0.39592
11.7902;1428.99;297.052;1726.04;2048;42.0655;0.39592
11.8002;1428.99;294.278;1723.27;2048;41.4907;0.39592
11.8102;1428.99;292.948;1721.94;2048;39.8291;0.39592
11.8202;1428.99;290.52;1719.51;2048;40.5607;0.39592
11.8302;1428.99;297.225;1726.22;2048;42.4784;0.39592
11.8402;1428.99;294.416;1723.41;2048;41.4048;0.39592
11.8502;1428.99;298.153;1727.14;2048;39.5106;0.39592
11.8602;1428.99;291.044;1720.04;2048;38.8768;0.39592
11.8702;1428.99;292.362;1721.35;2048;37.9989;0.39592
11.8802;1428.99;289.672;1718.66;2048;38.0775;0.39592
11.8902;1428.99;292.795;1721.79;2048;43.3464;0.39592
11.9002;1428.99;295.904;1724.9;2048;43.6177;0.39592
11.9102;1428.99;288.894;1717.89;2048;42.6849;0.39592
11.9202;1428.99;297.066;1726.06;2048;42.3598;0.39592
11.9302;1428.99;294.202;1723.19;2048;40.7359;0.39592
11.9402;1428.99;292.695;1721.69;2048;39.1678;0.39592
11.9502;1428.99;289.889;1718.88;2048;40.1508;0.39592
11.9602;1428.99;297.196;1726.19;2048;43.4734;0.39592
11.9702;1428.99;295.809;1724.8;2048;41.8455;0.39592
11.9802;1428.99;297.447;1726.44;2048;40.1912;0.39592
11.9902;1428.99;291.5;1720.49;2048;39.0559;0.39592
12.0002;1428.99;292.097;1721.09;2048;38.652;0.39592
12.0102;1428.99;289.736;1718.73;2048;38.8772;0.39592
12.0202;1428.99;293.611;1722.6;2048;44.7785;0.39592
12.0302;1428.99;291.312;1720.3;2048;44.6887;0.39592
12.0402;1428.99;291.369;1720.36;2048;43.495;0.39592
12.0502;1428.99;296.231;1725.22;2048;42.1493;0.39592
12.0602;1428.99;295.023;1724.01;2048;40.3737;0.39592
12.0702;1428.99;292.359;1721.35;2048;39.3645;0.39592
12.0802;1428.99;290.352;1719.34;2048;42.4498;0.39592
12.0902;1428.99;296.403;1725.39;2048;45.542;0.39592
12.1002;1428.99;296.819;1725.81;2048;43.0819;0.39592
12.1102;1428.99;296.633;1725.62;2048;42.8433;0.39592
12.1202;1428.99;292.611;1721.6;2048;41.1962;0.39592
12.1302;1428.99;293.668;1722.66;2048;40.1877;0.39592
12.1402;1428.99;288.718;1717.71;2048;41.5052;0.39592
12.1502;1428.99;293.683;1722.67;2048;45.771;0.39592
12.1602;1428.99;290.214;1719.21;2048;45.2009;0.39592
12.1702;1428.99;294.266;1723.26;2048;43.9748;0.39592
12.1802;1428.99;293.624;1722.62;2048;42.3792;0.39592
12.1902;1428.99;294.662;1723.65;2048;40.3488;0.39592
12.2002;1428.99;292.348;1721.34;2048;39.7693;0.39592
12.2102;1428.99;291.639;1720.63;2048;44.0484;0.39592
12.2202;1428.99;296.44;1725.43;2048;45.9315;0.39592
12.2302;1428.99;295.189;1724.18;2048;43.0061;0.39592
12.2402;1428.99;295.181;1724.17;2048;41.5815;0.39592
12.2502;1428.99;293.137;1722.13;2048;40.2829;0.39592
12.2602;1428.99;294.517;1723.51;2048;39.3357;0.39592
12.2702;1428.99;288.892;1717.88;2048;42.6527;0.39592
12.2802;1428.99;291.927;1720.92;2048;46.1714;0.39592
12.2902;1428.99;292.038;1721.03;2048;45.9188;0.39592
12.3002;1428.99;294.236;1723.23;2048;45.4529;0.39592
12.3102;1428.99;293.963;1722.95;2048;43.2551;0.39592
12.3202;1428.99;292.58;1721.57;2048;40.9824;0.39592
12.3302;1428.99;292.479;1721.47;2048;40.3066;0.39592
12.3402;1428.99;289.499;1718.49;2048;43.75;0.39592
12.3502;1428.99;295.361;1724.35;2048;46.7502;0.39592
12.3602;1428.99;298.257;1727.25;2048;50.0827;0.39592
12.3702;1428.99;295.429;1724.42;2048;47.5617;0.39592
12.3802;1428.99;291.145;1720.14;2048;44.8135;0.39592
12.3902;1428.99;291.288;1720.28;2048;43.4258;0.39592
12.4002;1428.99;288.711;1717.7;2048;43.0398;0.39592
12.4102;1428.99;291.805;1720.8;2048;45.1196;0.39592
12.4202;1428.99;298.321;1727.31;2048;46.9493;0.39592
12.4302;1428.99;290.581;1719.57;2048;47.4;0.39592
12.4402;1428.99;296.037;1725.03;2048;44.2699;0.39592
12.4502;1428.99;289.208;1718.2;2048;42.2504;0.39592
12.4602;1428.99;291.857;1720.85;2048;40.8277;0.39592
12.4702;1428.99;289.283;1718.27;2048;43.2855;0.39592
12.4802;1428.99;293.094;1722.09;2048;47.001;0.39592
12.4902;1428.99;296.219;1725.21;2048;53.4724;0.39592
12.5002;1428.99;295.143;1724.13;2048;51.1981;0.39592
12.5102;1428.99;289.625;1718.62;2048;47.8136;0.39592
12.5202;1428.99;287.764;1716.76;2048;45.7356;0.39592
12.5302;1428.99;289.156;1718.15;2048;44.6484;0.39592
12.5402;1428.99;291.961;1720.95;2048;45.4611;0.39592
12.5502;1428.99;296.931;1725.92;2048;50.0511;0.39592
12.5602;1428.99;288.366;1717.36;2048;50.3831;0.39592
12.5702;1428.99;296.325;1725.32;2048;49.2365;0.39592
12.5802;1428.99;287.899;1716.89;2048;45.8811;0.39592
12.5902;1428.99;290.25;1719.24;2048;43.8888;0.39592
12.6002;1428.99;291.121;1720.11;2048;44.1716;0.39592
12.6102;1428.99;291.192;1720.18;2048;45.455;0.39592
12.6202;1428.99;291.765;1720.76;2048;53.0747;0.39592
12.6302;1428.99;293.081;1722.07;2048;53.2907;0.39592
12.6402;1428.99;291.433;1720.42;2048;49.2066;0.39592
12.6502;1428.99;287.069;1716.06;2048;46.1118;0.39592
12.6602;1428.99;292.057;1721.05;2048;44.2886;0.39592
12.6702;1428.99;289.682;1718.67;2048;44.8833;0.39592
12.6802;1428.99;291.53;1720.52;2048;51.5583;0.39592
12.6902;1428.99;291.076;1720.07;2048;51.9459;0.39592
12.7002;1428.99;290.191;1719.18;2048;50.3786;0.39592
12.7102;1428.99;291.703;1720.69;2048;46.9434;0.39592
12.7202;1428.99;288.242;1717.23;2048;44.383;0.39592
12.7302;1428.99;291.661;1720.65;2048;43.5233;0.39592
12.7402;1428.99;290.659;1719.65;2048;44.0403;0.39592
12.7502;1428.99;289.906;1718.9;2048;47.6623;0.39592
12.7602;1428.99;289.299;1718.29;2048;48.7134;0.39592
12.7702;1428.99;295.024;1724.02;2048;47.0612;0.39592
12.7802;1428.99;292.446;1721.44;2048;45.4171;0.39592
12.7902;1428.99;292.719;1721.71;2048;43.3526;0.39592
12.8002;1428.99;288.038;1717.03;2048;43.6;0.39592
12.8102;1428.99;289.254;1718.25;2048;50.2914;0.39592
12.8202;1428.99;294.159;1723.15;2048;52.7334;0.39592
12.8302;1428.99;287.025;1716.02;2048;51.1526;0.39592
12.8402;1428.99;295.019;1724.01;2048;48.392;0.39592
12.8502;1428.99;289.422;1718.41;2048;45.2466;0.39592
12.8602;1428.99;290.924;1719.92;2048;43.366;0.39592
12.8702;1428.99;290.038;1719.03;2048;44.3941;0.39592
12.8802;1428.99;290.121;1719.11;2048;48.174;0.39592
12.8902;1428.99;289.331;1718.32;2048;49.9574;0.39592
12.9002;1428.99;295.612;1724.6;2048;49.0054;0.39592
12.9102;1428.99;294.184;1723.18;2048;46.3183;0.39592
12.9202;1428.99;292.86;1721.85;2048;44.4442;0.39592
12.9302;1428.99;288.42;1717.41;2048;44.3567;0.39592
12.9402;1428.99;288.999;1717.99;2048;52.3485;0.39592
12.9502;1428.99;292.452;1721.44;2048;52.3714;0.39592
12.9602;1428.99;289.707;1718.7;2048;52.1762;0.39592
12.9702;1428.99;294.198;1723.19;2048;48.9625;0.39592
12.9802;1428.99;289.294;1718.29;2048;45.8984;0.39592
12.9902;1428.99;291.801;1720.79;2048;44.2791;0.39592
13.0002;1428.99;290.146;1719.14;2048;45.5518;0.39592
13.0102;1428.99;290.319;1719.31;2048;50.84;0.39592
13.0202;1428.99;289.497;1718.49;2048;52.6939;0.39592
13.0302;1428.99;295.446;1724.44;2048;53.756;0.39592
13.0402;1428.99;297.012;1726;2048;50.4568;0.39592
13.0502;1428.99;292.441;1721.43;2048;47.6272;0.39592
13.0602;1428.99;287.939;1716.93;2048;46.7623;0.39592
13.0702;1428.99;287.867;1716.86;2048;48.6629;0.39592
13.0802;1428.99;293.924;1722.92;2048;49.5991;0.39592
13.0902;1428.99;287.67;1716.66;2048;50.3251;0.39592
13.1002;1428.99;295.355;1724.35;2048;47.9674;0.39592
13.1102;1428.99;289.309;1718.3;2048;45.2207;0.39592
13.1202;1428.99;291.66;1720.65;2048;43.6621;0.39592
13.1302;1428.99;288.957;1717.95;2048;44.7875;0.39592
13.1402;1428.99;290.715;1719.71;2048;50.4488;0.39592
13.1502;1428.99;289.338;1718.33;2048;52.6739;0.39592
13.1602;1428.99;295.236;1724.23;2048;53.0957;0.39592
13.1702;1428.99;297.016;1726.01;2048;50.8115;0.39592
13.1802;1428.99;292.303;1721.29;2048;47.4251;0.39592
13.1902;1428.99;289.011;1718;2048;47.8395;0.39592
13.2002;1428.99;291.386;1720.38;2048;53.6766;0.39592
13.2102;1428.99;288.417;1717.41;2048;52.7586;0.39592
13.2202;1428.99;291.505;1720.5;2048;52.7098;0.39592
13.2302;1428.99;292.172;1721.16;2048;48.7904;0.39592
13.2402;1428.99;291.313;1720.3;2048;46.0799;0.39592
13.2502;1428.99;290.006;1719;2048;43.8785;0.39592
13.2602;1428.99;289.835;1718.83;2048;45.804;0.39592
13.2702;1428.99;291.753;1720.74;2048;51.1376;0.39592
13.2802;1428.99;291.648;1720.64;2048;52.9404;0.39592
13.2902;1428.99;295.613;1724.6;2048;52.0819;0.39592
13.3002;1428.99;295.616;1724.61;2048;49.1096;0.39592
13.3102;1428.99;291.736;1720.73;2048;46.1132;0.39592
13.3202;1428.99;289.174;1718.17;2048;46.3212;0.39592
13.3302;1428.99;292.341;1721.33;2048;53.1439;0.39592
13.3402;1428.99;287.778;1716.77;2048;52.09;0.39592
13.3502;1428.99;287.394;1716.39;2048;51.332;0.39592
13.3602;1428.99;295.358;1724.35;2048;49.2033;0.39592
13.3702;1428.99;290.665;1719.66;2048;46.3016;0.39592
13.3802;1428.99;290.701;1719.69;2048;44.1546;0.39592
13.3902;1428.99;288.19;1717.18;2048;46.098;0.39592
13.4002;1428.99;290.479;1719.47;2048;49.5717;0.39592
13.4102;1428.99;289.577;1718.57;2048;51.3943;0.39592
13.4202;1428.99;294.996;1723.99;2048;51.5239;0.39592
13.4302;1428.99;296.3;1725.29;2048;49.1066;0.39592
13.4402;1428.99;291.774;1720.77;2048;45.8691;0.39592
13.4502;1428.99;288.106;1717.1;2048;45.2527;0.39592
13.4602;1428.99;290.322;1719.31;2048;51.4364;0.39592
13.4702;1428.99;287.36;1716.35;2048;50.6776;0.39592
13.4802;1428.99;285.578;1714.57;2048;49.2864;0.39592
13.4902;1428.99;295.703;1724.69;2048;48.1468;0.39592
13.5002;1428.99;291.025;1720.02;2048;44.9978;0.39592
13.5102;1428.99;290.211;1719.2;2048;43.2897;0.39592
13.5202;1428.99;288.37;1717.36;2048;45.8405;0.39592
13.5302;1428.99;291.075;1720.07;2048;50.577;0.39592
13.5402;1428.99;289.178;1718.17;2048;52.1824;0.39592
13.5502;1428.99;295.089;1724.08;2048;51.7483;0.39592
13.5602;1428.99;294.757;1723.75;2048;48.3435;0.39592
13.5702;1428.99;291.659;1720.65;2048;45.2554;0.39592
13.5802;1428.99;287.751;1716.74;2048;44.3941;0.39592
13.5902;1428.99;289.666;1718.66;2048;50.2934;0.39592
13.6002;1428.99;287.099;1716.09;2048;50.6414;0.39592
13.6102;1428.99;284.885;1713.88;2048;47.7456;0.39592
13.6202;1428.99;295.828;1724.82;2048;46.4263;0.39592
13.6302;1428.99;290.884;1719.88;2048;43.953;0.39592
13.6402;1428.99;290.016;1719.01;2048;42.5622;0.39592
13.6502;1428.99;288.619;1717.61;2048;42.609;0.39592
13.6602;1428.99;292.427;1721.42;2048;47.8134;0.39592
13.6702;1428.99;287.098;1716.09;2048;49.4582;0.39592
13.6802;1428.99;294.26;1723.25;2048;49.4978;0.39592
13.6902;1428.99;293.259;1722.25;2048;45.4099;0.39592
13.7002;1428.99;291.499;1720.49;2048;43.5151;0.39592
13.7102;1428.99;287.7;1716.69;2048;43.1939;0.39592
13.7202;1428.99;291.013;1720;2048;49.396;0.39592
13.7302;1428.99;286.383;1715.38;2048;50.048;0.39592
13.7402;1428.99;287.875;1716.87;2048;48.7138;0.39592
13.7502;1428.99;291.198;1720.19;2048;45.8799;0.39592
13.7602;1428.99;293.063;1722.05;2048;44.1546;0.39592
13.7702;1428.99;289.054;1718.05;2048;43.0083;0.39592
13.7802;1428.99;289.66;1718.65;2048;45.1623;0.39592
13.7902;1428.99;293.723;1722.71;2048;48.765;0.39592
13.8002;1428.99;287.685;1716.68;2048;49.3399;0.39592
13.8102;1428.99;294.342;1723.33;2048;47.5195;0.39592
13.8202;1428.99;289.252;1718.24;2048;44.2258;0.39592
13.8302;1428.99;289.411;1718.4;2048;42.7263;0.39592
13.8402;1428.99;287.967;1716.96;2048;44.0225;0.39592
13.8502;1428.99;293.634;1722.63;2048;46.4626;0.39592
13.8602;1428.99;288.02;1717.01;2048;45.9036;0.39592
13.8702;1428.99;289.914;1718.91;2048;45.9123;0.39592
13.8802;1428.99;288.493;1717.48;2048;43.1942;0.39592
13.8902;1428.99;292.56;1721.55;2048;41.9075;0.39592
13.9002;1428.99;289.637;1718.63;2048;40.8218;0.39592
13.9102;1428.99;289.781;1718.77;2048;45.5527;0.39592
13.9202;1428.99;294.72;1723.71;2048;47.4175;0.39592
13.9302;1428.99;287.073;1716.06;2048;47.7741;0.39592
13.9402;1428.99;293.581;1722.57;2048;46.6506;0.39592
13.9502;1428.99;288.856;1717.85;2048;43.0888;0.39592
13.9602;1428.99;289.174;1718.17;2048;42.2999;0.39592
13.9702;1428.99;287.925;1716.92;2048;43.804;0.39592
13.9802;1428.99;294.108;1723.1;2048;48.6141;0.39592
13.9902;1428.99;286.885;1715.88;2048;47.327;0.39592
14.0002;1428.99;288.544;1717.54;2048;47.1695;0.39592
14.0102;1428.99;288.539;1717.53;2048;44.036;0.39592
14.0202;1428.99;291.765;1720.76;2048;43.7292;0.39592
14.0302;1428.99;288.782;1717.77;2048;42.2876;0.39592
14.0402;1428.99;291.217;1720.21;2048;47.0842;0.39592
14.0502;1428.99;292.181;1721.17;2048;46.7336;0.39592
14.0602;1428.99;291.938;1720.93;2048;47.6419;0.39592
14.0702;1428.99;293.836;1722.83;2048;45.7826;0.39592
14.0802;1428.99;288.13;1717.12;2048;43.1898;0.39592
14.0902;1428.99;287.647;1716.64;2048;42.3835;0.39592
14.1002;1428.99;288.082;1717.07;2048;44.1065;0.39592
14.1102;1428.99;291.245;1720.24;2048;46.1819;0.39592
14.1202;1428.99;287.399;1716.39;2048;45.2067;0.39592
14.1302;1428.99;288.872;1717.86;2048;45.567;0.39592
14.1402;1428.99;288.993;1717.98;2048;43.1305;0.39592
14.1502;1428.99;290.097;1719.09;2048;42.9175;0.39592
14.1602;1428.99;286.754;1715.75;2048;41.874;0.39592
14.1702;1428.99;294.203;1723.19;2048;46.3823;0.39592
14.1802;1428.99;290.066;1719.06;2048;45.283;0.39592
14.1902;1428.99;293.251;1722.24;2048;45.244;0.39592
14.2002;1428.99;291.031;1720.02;2048;43.094;0.39592
14.2102;1428.99;289.153;1718.15;2048;41.4704;0.39592
14.2202;1428.99;287.911;1716.9;2048;41.1226;0.39592
14.2302;1428.99;287.267;1716.26;2048;40.9807;0.39592
14.2402;1428.99;292.936;1721.93;2048;43.633;0.39592
14.2502;1428.99;286.651;1715.64;2048;43.2484;0.39592
14.2602;1428.99;286.249;1715.24;2048;43.5909;0.39592
14.2702;1428.99;289.155;1718.15;2048;41.5011;0.39592
14.2802;1428.99;290.565;1719.56;2048;41.1706;0.39592
14.2902;1428.99;287.013;1716;2048;40.2346;0.39592
14.3002;1428.99;294.416;1723.41;2048;43.8589;0.39592
14.3102;1428.99;293.542;1722.53;2048;43.2596;0.39592
14.3202;1428.99;291.062;1720.05;2048;43.1772;0.39592
14.3302;1428.99;290.958;1719.95;2048;40.4559;0.39592
14.3402;1428.99;288.945;1717.94;2048;40.4563;0.39592
14.3502;1428.99;288.686;1717.68;2048;39.8804;0.39592
14.3602;1428.99;287.05;1716.04;2048;40.3519;0.39592
14.3702;1428.99;293.936;1722.93;2048;42.3053;0.39592
14.3802;1428.99;286.298;1715.29;2048;42.2534;0.39592
14.3902;1428.99;284.916;1713.91;2048;42.1873;0.39592
14.4002;1428.99;289.102;1718.09;2048;40.5835;0.39592
14.4102;1428.99;291.609;1720.6;2048;39.9042;0.39592
14.4202;1428.99;288.929;1717.92;2048;38.8885;0.39592
14.4302;1428.99;294.219;1723.21;2048;43.2149;0.39592
14.4402;1428.99;295.452;1724.44;2048;47.3035;0.39592
14.4502;1428.99;285.858;1714.85;2048;45.6565;0.39592
14.4602;1428.99;292.809;1721.8;2048;42.4684;0.39592
14.4702;1428.99;287.749;1716.74;2048;41.749;0.39592
14.4802;1428.99;290.724;1719.72;2048;40.1397;0.39592
14.4902;1428.99;287.316;1716.31;2048;40.2734;0.39592
14.5002;1428.99;295.749;1724.74;2048;42.2422;0.39592
14.5102;1428.99;287.145;1716.14;2048;42.0128;0.39592
14.5202;1428.99;284.368;1713.36;2048;39.81;0.39592
14.5302;1428.99;289.01;1718;2048;38.5657;0.39592
14.5402;1428.99;292.114;1721.11;2048;38.3419;0.39592
14.5502;1428.99;291.027;1720.02;2048;37.5478;0.39592
14.5602;1428.99;293.586;1722.58;2048;42.1682;0.39592
14.5702;1428.99;293.35;1722.34;2048;47.1375;0.39592
14.5802;1428.99;284.553;1713.54;2048;45.4462;0.39592
14.5902;1428.99;293.079;1722.07;2048;42.7492;0.39592
14.6002;1428.99;287.494;1716.49;2048;42.1088;0.39592
14.6102;1428.99;291.129;1720.12;2048;40.5283;0.39592
14.6202;1428.99;287.819;1716.81;2048;40.2806;0.39592
14.6302;1428.99;295.614;1724.61;2048;43.0011;0.39592
14.6402;1428.99;289.24;1718.23;2048;42.1026;0.39592
14.6502;1428.99;284.355;1713.35;2048;40.0776;0.39592
14.6602;1428.99;288.572;1717.56;2048;38.5993;0.39592
14.6702;1428.99;291.957;1720.95;2048;38.7923;0.39592
14.6802;1428.99;292.375;1721.37;2048;38.289;0.39592
14.6902;1428.99;291.96;1720.95;2048;42.9034;0.39592
14.7002;1428.99;292.722;1721.71;2048;47.5238;0.39592
14.7102;1428.99;284.774;1713.77;2048;45.7149;0.39592
14.7202;1428.99;293.096;1722.09;2048;43.3307;0.39592
14.7302;1428.99;287.503;1716.49;2048;41.1602;0.39592
14.7402;1428.99;291.225;1720.22;2048;39.89;0.39592
14.7502;1428.99;287.426;1716.42;2048;40.2453;0.39592
14.7602;1428.99;296.474;1725.47;2048;42.2149;0.39592
14.7702;1428.99;288.806;1717.8;2048;42.296;0.39592
14.7802;1428.99;287.778;1716.77;2048;41.0809;0.39592
14.7902;1428.99;288.278;1717.27;2048;40.4881;0.39592
14.8002;1428.99;291.413;1720.41;2048;39.5941;0.39592
14.8102;1428.99;291.879;1720.87;2048;39.6588;0.39592
14.8202;1428.99;295.514;1724.51;2048;42.2236;0.39592
14.8302;1428.99;296.472;1725.46;2048;42.5623;0.39592
14.8402;1428.99;291.481;1720.47;2048;42.1906;0.39592
14.8502;1428.99;288.194;1717.19;2048;40.2029;0.39592
14.8602;1428.99;289.049;1718.04;2048;39.5033;0.39592
14.8702;1428.99;288.982;1717.97;2048;38.6652;0.39592
14.8802;1428.99;289.628;1718.62;2048;43.4291;0.39592
14.8902;1428.99;295.899;1724.89;2048;45.9682;0.39592
14.9002;1428.99;287.881;1716.87;2048;45.1401;0.39592
14.9102;1428.99;292.274;1721.27;2048;44.5674;0.39592
14.9202;1428.99;290.72;1719.71;2048;42.9761;0.39592
14.9302;1428.99;291.598;1720.59;2048;41.8409;0.39592
14.9402;1428.99;289.749;1718.74;2048;41.4682;0.39592
14.9502;1428.99;295.357;1724.35;2048;44.4399;0.39592
14.9602;1428.99;296.786;1725.78;2048;43.2022;0.39592
14.9702;1428.99;294.582;1723.57;2048;44.0622;0.39592
14.9802;1428.99;287.845;1716.84;2048;42.3789;0.39592
14.9902;1428.99;288.111;1717.1;2048;40.8445;0.39592
