0;1039.8;-17.0368;1022.76;3072;1.7682;1.87197
0.01;1039.8;-16.968;1022.83;3072;1.8179;1.87197
0.02;1039.8;-15.8215;1023.98;3072;2.62;1.87197
0.03;1039.8;-5.89694;1033.9;3072;3.9343;1.87197
0.04;1039.8;11.4042;1051.2;3072;5.4119;1.87197
0.05;1039.8;28.9973;1068.8;3072;5.5765;1.87197
0.06;1039.8;54.3063;1094.11;3072;5.3538;1.87197
0.07;1039.8;65.8087;1105.61;3072;2.086;1.87197
0.08;1039.8;86.7244;1126.52;3072;2.1544;1.87197
0.09;1039.8;105.041;1144.84;3072;6.7198;1.87197
0.1;1039.8;126.19;1165.99;3072;7.4744;1.87197
0.11;1039.8;156.132;1195.93;3072;9.9864;1.87197
0.12;1039.8;160.945;1200.74;3072;8.2067;1.87197
0.13;1039.8;190.167;1229.97;3072;16.5991;1.87197
0.14;1039.8;195.136;1234.94;3072;14.534;1.87197
0.15;1039.8;216.799;1256.6;3072;24.055;1.87197
0.16;1039.8;229.016;1268.82;3072;23.9186;1.87197
0.17;1039.8;247.628;1287.43;3072;28.2682;1.87197
0.18;1039.8;267.634;1307.43;3072;24.9658;1.87197
0.19;1039.8;269.035;1308.83;3072;21.6691;1.87197
0.2;1039.8;285.293;1325.09;3072;21.2031;1.87197
0.21;1039.8;307.264;1347.06;3072;24.2912;1.87197
0.22;1039.8;308.954;1348.75;3072;23.0344;1.87197
0.23;1039.8;327.992;1367.79;3072;21.9413;1.87197
0.24;1039.8;344.482;1384.28;3072;30.8743;1.87197
0.25;1039.8;349.279;1389.08;3072;29.1728;1.87197
0.26;1039.8;352.232;1392.03;3072;26.0493;1.87197
0.27;1039.8;371.86;1411.66;3072;23.2953;1.87197
0.28;1039.8;378.909;1418.71;3072;32.0746;1.87197
0.29;1039.8;394.982;1434.78;3072;32.2721;1.87197
0.3;1039.8;393.819;1433.62;3072;29.2385;1.87197
0.31;1039.8;408.943;1448.74;3072;26.1447;1.87197
0.32;1039.8;423.718;1463.52;3072;24.7462;1.87197
0.33;1039.8;429.233;1469.03;3072;34.2737;1.87197
0.34;1039.8;450.355;1490.15;3072;38.7166;1.87197
0.35;1039.8;445.69;1485.49;3072;35.4817;1.87197
0.36;1039.8;457.197;1497;3072;32.3131;1.87197
0.37;1039.8;462.728;1502.53;3072;29.5641;1.87197
0.38;1039.8;477.772;1517.57;3072;32.0132;1.87197
0.39;1039.8;480.419;1520.22;3072;38.4752;1.87197
0.4;1039.8;496.78;1536.58;3072;38.0456;1.87197
0.41;1039.8;506.052;1545.85;3072;36.9237;1.87197
0.42;1039.8;503.396;1543.2;3072;33.8269;1.87197
0.43;1039.8;512.519;1552.32;3072;31.7973;1.87197
0.44;1039.8;525.706;1565.51;3072;31.5895;1.87197
0.45;1039.8;529.288;1569.09;3072;33.4601;1.87197
0.46;1039.8;532.049;1571.85;3072;40.4721;1.87197
0.47;1039.8;546.068;1585.87;3072;43.1161;1.87197
0.48;1039.8;556.317;1596.12;3072;38.9252;1.87197
0.49;1039.8;549.619;1589.42;3072;35.1607;1.87197
0.5;1039.8;559.319;1599.12;3072;32.3788;1.87197
0.51;1039.8;574.145;1613.94;3072;39.9355;1.87197
0.52;1039.8;573.236;1613.03;3072;42.1453;1.87197
0.53;1039.8;580.058;1619.86;3072;47.7143;1.87197
0.54;1039.8;589.833;1629.63;3072;47.8822;1.87197
0.55;1039.8;596.371;1636.17;3072;42.6701;1.87197
0.56;1039.8;591.061;1630.86;3072;37.9273;1.87197
0.57;1039.8;598.863;1638.66;3072;34.3835;1.87197
0.58;1039.8;612.075;1651.87;3072;36.0301;1.87197
0.59;1039.8;616.556;1656.36;3072;37.3914;1.87197
0.6;1039.8;614.623;1654.42;3072;43.5979;1.87197
0.61;1039.8;624.962;1664.76;3072;44.1075;1.87197
0.62;1039.8;639.979;1679.78;3072;45.247;1.87197
0.63;1039.8;628.609;1668.41;3072;40.4274;1.87197
0.64;1039.8;634.488;1674.29;3072;37.7408;1.87197
0.65;1039.8;650.013;1689.81;3072;45.8819;1.87197
0.66;1039.8;648.289;1688.09;3072;45.2407;1.87197
0.67;1039.8;652.484;1692.28;3072;49.3222;1.87197
0.68;1039.8;658.885;1698.68;3072;46.4214;1.87197
0.69;1039.8;672.157;1711.96;3072;41.2036;1.87197
0.7;1039.8;659.851;1699.65;3072;37.2559;1.87197
0.71;1039.8;668.92;1708.72;3072;35.61;1.87197
0.72;1039.8;683.364;1723.16;3072;43.8695;1.87197
0.73;1039.8;678.231;1718.03;3072;43.3906;1.87197
0.74;1039.8;687.195;1726.99;3072;46.1675;1.87197
0.75;1039.8;690.599;1730.4;3072;44.3322;1.87197
0.76;1039.8;695.488;1735.29;3072;40.0082;1.87197
0.77;1039.8;691.475;1731.27;3072;39.1379;1.87197
0.78;1039.8;706.73;1746.53;3072;42.637;1.87197
0.79;1039.8;709.281;1749.08;3072;45.7809;1.87197
0.8;1039.8;702.278;1742.08;3072;48.3035;1.87197
0.81;1039.8;718.747;1758.55;3072;47.8484;1.87197
0.82;1039.8;712.169;1751.97;3072;43.2122;1.87197
0.83;1039.8;707.781;1747.58;3072;38.683;1.87197
0.839999;1039.8;729.878;1769.68;3072;41.9582;1.87197
0.849999;1039.8;723.678;1763.48;3072;44.0428;1.87197
0.859999;1039.8;729.755;1769.55;3072;47.206;1.87197
0.869999;1039.8;745.747;1785.55;3072;51.6897;1.87197
0.879999;1039.8;730.117;1769.92;3072;46.4273;1.87197
0.889999;1039.8;739.378;1779.18;3072;44.8091;1.87197
0.899999;1039.8;751.996;1791.8;3072;51.2296;1.87197
0.909999;1039.8;742.67;1782.47;3072;49.065;1.87197
0.919999;1039.8;761.897;1801.7;3072;53.3298;1.87197
0.929999;1039.8;745.966;1785.77;3072;49.0012;1.87197
0.939999;1039.8;742.919;1782.72;3072;45.2596;1.87197
0.949999;1039.8;766.834;1806.63;3072;47.7744;1.87197
0.959999;1039.8;761.204;1801;3072;49.6306;1.87197
0.969999;1039.8;768.331;1808.13;3072;51.9614;1.87197
0.979999;1039.8;779.421;1819.22;3072;47.7299;1.87197
0.989999;1039.8;769.149;1808.95;3072;45.9156;1.87197
0.999999;1039.8;781.353;1821.15;3072;45.9336;1.87197
1.01;1039.8;782.552;1822.35;3072;52.0857;1.87197
1.02;1039.8;777.202;1817;3072;58.1151;1.87197
1.03;1039.8;779.602;1819.4;3072;52.0051;1.87197
1.04;1039.8;784.204;1824;3072;48.359;1.87197
1.05;1039.8;793.261;1833.06;3072;51.8724;1.87197
1.06;1039.8;783.918;1823.72;3072;51.4602;1.87197
1.07;1039.8;797.3;1837.1;3072;49.509;1.87197
1.08;1039.8;785.094;1824.89;3072;46.1515;1.87197
1.09;1039.8;785.774;1825.57;3072;43.7565;1.87197
1.1;1039.8;802.329;1842.13;3072;43.664;1.87197
1.11;1039.8;802.66;1842.46;3072;49.6056;1.87197
1.12;1039.8;794.911;1834.71;3072;46.7376;1.87197
1.13;1039.8;795.079;1834.88;3072;43.3084;1.87197
1.14;1039.8;816.738;1856.54;3072;46.5307;1.87197
1.15;1039.8;804.347;1844.15;3072;50.1932;1.87197
1.16;1039.8;814.616;1854.41;3072;50.2235;1.87197
1.17;1039.8;805.607;1845.41;3072;45.5685;1.87197
1.18;1039.8;822.03;1861.83;3072;46.1405;1.87197
1.19;1039.8;813.133;1852.93;3072;48.7725;1.87197
1.2;1039.8;819.074;1858.87;3072;45.6538;1.87197
1.21;1039.8;815.011;1854.81;3072;42.4131;1.87197
1.22;1039.8;832.091;1871.89;3072;45.5612;1.87197
1.23;1039.8;818.806;1858.61;3072;49.9966;1.87197
1.24;1039.8;828.45;1868.25;3072;47.0624;1.87197
1.25;1039.8;822.854;1862.65;3072;43.6169;1.87197
1.26;1039.8;838.816;1878.62;3072;46.0385;1.87197
1.27;1039.8;828.612;1868.41;3072;49.3208;1.87197
1.28;1039.8;835.722;1875.52;3072;46.0496;1.87197
1.29;1039.8;826.13;1865.93;3072;42.4709;1.87197
1.3;1039.8;841.08;1880.88;3072;43.4581;1.87197
1.31;1039.8;840.455;1880.25;3072;48.0666;1.87197
1.32;1039.8;828.765;1868.56;3072;45.8281;1.87197
1.33;1039.8;832.751;1872.55;3072;47.4458;1.87197
1.34;1039.8;848.614;1888.41;3072;47.8989;1.87197
1.35;1039.8;854.167;1893.97;3072;51.0413;1.87197
1.36;1039.8;837.711;1877.51;3072;48.1496;1.87197
1.37;1039.8;850.24;1890.04;3072;50.596;1.87197
1.38;1039.8;845.719;1885.52;3072;49.9456;1.87197
1.39;1039.8;856.209;1896.01;3072;48.3168;1.87197
1.4;1039.8;849.56;1889.36;3072;48.492;1.87197
1.41;1039.8;861.393;1901.19;3072;52.8722;1.87197
1.42;1039.8;852.573;1892.37;3072;55.5794;1.87197
1.43;1039.8;850.398;1890.2;3072;51.7151;1.87197
1.44;1039.8;867.198;1907;3072;50.7028;1.87197
1.45;1039.8;864.789;1904.59;3072;51.3556;1.87197
1.46;1039.8;867.606;1907.41;3072;53.2026;1.87197
1.47;1039.8;855.792;1895.59;3072;50.9471;1.87197
1.48;1039.8;860.628;1900.43;3072;50.6912;1.87197
1.49;1039.8;871.188;1910.99;3072;49.9642;1.87197
1.5;1039.8;860.966;1900.77;3072;47.4705;1.87197
1.51;1039.8;873.671;1913.47;3072;48.4651;1.87197
1.52;1039.8;870.72;1910.52;3072;49.7783;1.87197
1.53;1039.8;862.058;1901.86;3072;47.0101;1.87197
1.54;1039.8;866.203;1906;3072;50.1285;1.87197
1.55;1039.8;866.953;1906.75;3072;49.8526;1.87197
1.56;1039.8;872.913;1912.71;3072;48.0457;1.87197
1.57;1039.8;882.622;1922.42;3072;48.8428;1.87197
1.58;1039.8;879.046;1918.84;3072;51.1589;1.87197
1.59;1039.8;880.381;1920.18;3072;53.6097;1.87197
1.6;1039.8;871.312;1911.11;3072;52.2223;1.87197
1.61;1039.8;872.855;1912.65;3072;52.4077;1.87197
1.62;1039.8;881.404;1921.2;3072;49.6676;1.87197
1.63;1039.8;874.333;1914.13;3072;46.8335;1.87197
1.64;1039.8;882.503;1922.3;3072;47.275;1.87197
1.65;1039.8;885.689;1925.49;3072;47.6869;1.87197
1.66;1039.8;876.463;1916.26;3072;48.2176;1.87197
1.67;1039.8;890.274;1930.07;3072;51.2937;1.87197
1.68;1039.8;888.428;1928.23;3072;56.53;1.87197
1.69;1039.8;882.685;1922.48;3072;54.8971;1.87197
1.7;1039.8;887.654;1927.45;3072;54.0058;1.87197
1.71;1039.8;889.647;1929.45;3072;50.6344;1.87197
1.72;1039.8;882.878;1922.68;3072;47.5045;1.87197
1.73;1039.8;896;1935.8;3072;47.8443;1.87197
1.74;1039.8;896;1935.8;3072;49.2067;1.87197
1.75;1039.8;888.698;1928.5;3072;51.1222;1.87197
1.76;1039.8;894.208;1934.01;3072;53.8202;1.87197
1.77;1039.8;892.391;1932.19;3072;54.7917;1.87197
1.78;1039.8;885.753;1925.55;3072;53.1928;1.87197
1.79;1039.8;897.804;1937.6;3072;53.6065;1.87197
1.8;1039.8;897.804;1937.6;3072;55.0557;1.87197
1.81;1039.8;888.6;1928.4;3072;51.3235;1.87197
1.82;1039.8;894.88;1934.68;3072;50.0713;1.87197
1.83;1039.8;898.927;1938.73;3072;48.3598;1.87197
1.84;1039.8;896.71;1936.51;3072;48.067;1.87197
1.85;1039.8;896.71;1936.51;3072;52.1008;1.87197
1.86;1039.8;896.71;1936.51;3072;52.6013;1.87197
1.87;1039.8;896.905;1936.7;3072;52.032;1.87197
1.88;1039.8;891.233;1931.03;3072;52.2261;1.87197
1.89;1039.8;891.251;1931.05;3072;49.0988;1.87197
1.9;1039.8;898.192;1937.99;3072;51.0748;1.87197
1.91;1039.8;897.294;1937.09;3072;53.4634;1.87197
1.92;1039.8;897.841;1937.64;3072;50.479;1.87197
1.93;1039.8;897.841;1937.64;3072;51.2057;1.87197
1.94;1039.8;897.841;1937.64;3072;51.6719;1.87197
1.95;1039.8;897.841;1937.64;3072;49.0335;1.87197
1.96;1039.8;897.841;1937.64;3072;49.995;1.87197
1.97;1039.8;897.841;1937.64;3072;49.9286;1.87197
1.98;1039.8;897.425;1937.22;3072;47.3155;1.87197
1.99;1039.8;897.425;1937.22;3072;50.547;1.87197
2;1039.8;897.425;1937.22;3072;52.8931;1.87197
2.01;1039.8;897.425;1937.22;3072;53.3177;1.87197
2.02;1039.8;897.425;1937.22;3072;53.7538;1.87197
2.03;1039.8;897.425;1937.22;3072;50.6115;1.87197
2.04;1039.8;897.425;1937.22;3072;51.6587;1.87197
2.05;1039.8;897.425;1937.22;3072;50.9809;1.87197
2.06;1039.8;897.425;1937.22;3072;49.0657;1.87197
2.07;1039.8;897.425;1937.22;3072;49.1039;1.87197
2.08;1039.8;897.425;1937.22;3072;50.3148;1.87197
2.09;1039.8;897.425;1937.22;3072;47.7079;1.87197
2.1;1039.8;897.425;1937.22;3072;48.7208;1.87197
2.11;1039.8;897.425;1937.22;3072;51.4487;1.87197
2.12;1039.8;897.425;1937.22;3072;51.9309;1.87197
2.13;1039.8;897.425;1937.22;3072;54.0241;1.87197
2.14;1039.8;897.425;1937.22;3072;51.7802;1.87197
2.15;1039.8;897.425;1937.22;3072;52.136;1.87197
2.16;1039.8;897.425;1937.22;3072;53.2427;1.87197
2.17;1039.8;897.425;1937.22;3072;50.08;1.87197
2.18;1039.8;897.425;1937.22;3072;51.301;1.87197
2.19;1039.8;897.425;1937.22;3072;54.3682;1.87197
2.2;1039.8;897.425;1937.22;3072;54.24;1.87197
2.21;1039.8;897.425;1937.22;3072;55.7645;1.87197
2.22;1039.8;897.425;1937.22;3072;53.3358;1.87197
2.23;1039.8;897.425;1937.22;3072;51.9224;1.87197
2.24;1039.8;897.425;1937.22;3072;52.6059;1.87197
2.25;1039.8;897.425;1937.22;3072;50.994;1.87197
2.26;1039.8;897.425;1937.22;3072;51.3949;1.87197
2.27;1039.8;897.425;1937.22;3072;49.9838;1.87197
2.28;1039.8;897.425;1937.22;3072;47.9439;1.87197
2.29;1039.8;897.425;1937.22;3072;49.3197;1.87197
2.3;1039.8;897.425;1937.22;3072;49.6791;1.87197
2.31;1039.8;897.425;1937.22;3072;49.7214;1.87197
2.32;1039.8;897.425;1937.22;3072;52.6251;1.87197
2.33;1039.8;897.425;1937.22;3072;50.6592;1.87197
2.34;1039.8;897.425;1937.22;3072;51.5725;1.87197
2.35;1039.8;897.425;1937.22;3072;52.957;1.87197
2.36;1039.8;897.425;1937.22;3072;50.494;1.87197
2.37;1039.8;897.425;1937.22;3072;52.7746;1.87197
2.38;1039.8;897.425;1937.22;3072;55.0653;1.87197
2.39;1039.8;897.425;1937.22;3072;54.8976;1.87197
2.4;1039.8;897.425;1937.22;3072;54.3953;1.87197
2.41;1039.8;897.425;1937.22;3072;51.8422;1.87197
2.42;1039.8;897.425;1937.22;3072;52.2601;1.87197
2.43;1039.8;897.425;1937.22;3072;55.6333;1.87197
2.44;1039.8;897.425;1937.22;3072;53.5701;1.87197
2.45;1039.8;897.425;1937.22;3072;53.683;1.87197
2.46;1039.8;897.425;1937.22;3072;50.5932;1.87197
2.47;1039.8;897.425;1937.22;3072;48.2469;1.87197
2.48;1039.8;897.425;1937.22;3072;47.9534;1.87197
2.49;1039.8;897.425;1937.22;3072;46.6485;1.87197
2.5;1039.8;897.425;1937.22;3072;49.3229;1.87197
2.51;1039.8;897.425;1937.22;3072;49.6519;1.87197
2.52;1039.8;897.425;1937.22;3072;47.6012;1.87197
2.53;1039.8;897.425;1937.22;3072;48.1216;1.87197
2.54;1039.8;897.425;1937.22;3072;48.3332;1.87197
2.55;1039.8;897.425;1937.22;3072;50.6073;1.87197
2.56;1039.8;897.425;1937.22;3072;53.3146;1.87197
2.57;1039.8;897.425;1937.22;3072;51.3721;1.87197
2.58;1039.8;897.425;1937.22;3072;51.8228;1.87197
2.59;1039.8;897.425;1937.22;3072;50.8721;1.87197
2.6;1039.8;897.425;1937.22;3072;49.1941;1.87197
2.61;1039.8;897.425;1937.22;3072;51.8462;1.87197
2.62;1039.8;897.425;1937.22;3072;50.481;1.87197
2.63;1039.8;897.425;1937.22;3072;51.6596;1.87197
2.64;1039.8;897.425;1937.22;3072;51.1407;1.87197
2.65;1039.8;897.425;1937.22;3072;50.2672;1.87197
2.66;1039.8;897.425;1937.22;3072;53.614;1.87197
2.67;1039.8;897.425;1937.22;3072;56.4854;1.87197
2.68;1039.8;897.425;1937.22;3072;56.9851;1.87197
2.69;1039.8;897.425;1937.22;3072;57.9329;1.87197
2.7;1039.8;897.425;1937.22;3072;54.3332;1.87197
2.71;1039.8;897.425;1937.22;3072;56.6643;1.87197
2.72;1039.8;897.425;1937.22;3072;57.6728;1.87197
2.73;1039.8;897.425;1937.22;3072;57.9219;1.87197
2.74;1039.8;897.425;1937.22;3072;57.2191;1.87197
2.75;1039.8;897.425;1937.22;3072;54.2814;1.87197
2.76;1039.8;897.425;1937.22;3072;56.0895;1.87197
2.77;1039.8;897.425;1937.22;3072;55.6881;1.87197
2.78;1039.8;897.425;1937.22;3072;54.3018;1.87197
2.79;1039.8;897.425;1937.22;3072;54.7272;1.87197
2.8;1039.8;897.425;1937.22;3072;52.6602;1.87197
2.81;1039.8;897.425;1937.22;3072;53.2997;1.87197
2.82;1039.8;897.425;1937.22;3072;54.7524;1.87197
2.83;1039.8;897.425;1937.22;3072;52.6721;1.87197
2.84;1039.8;897.425;1937.22;3072;55.0961;1.87197
2.85;1039.8;897.425;1937.22;3072;52.8976;1.87197
2.86;1039.8;897.425;1937.22;3072;50.1532;1.87197
2.87;1039.8;897.425;1937.22;3072;50.3429;1.87197
2.88;1039.8;897.425;1937.22;3072;49.8624;1.87197
2.89;1039.8;897.425;1937.22;3072;50.986;1.87197
2.9;1039.8;897.425;1937.22;3072;51.8384;1.87197
2.91;1039.8;897.425;1937.22;3072;49.6168;1.87197
2.92;1039.8;897.425;1937.22;3072;49.3746;1.87197
2.93;1039.8;897.425;1937.22;3072;49.2973;1.87197
2.94;1039.8;897.425;1937.22;3072;50.4578;1.87197
2.95;1039.8;897.425;1937.22;3072;49.0785;1.87197
2.96;1039.8;897.425;1937.22;3072;47.5618;1.87197
2.97;1039.8;897.425;1937.22;3072;49.0536;1.87197
2.98;1039.8;897.425;1937.22;3072;48.2992;1.87197
2.99;1039.8;897.425;1937.22;3072;50.4024;1.87197
3;1039.8;897.425;1937.22;3072;52.5121;1.87197
3.01;1039.8;897.425;1937.22;3072;50.2791;1.87197
3.02;1039.8;897.425;1937.22;3072;51.7093;1.87197
3.03;1039.8;897.425;1937.22;3072;52.0556;1.87197
3.04;1039.8;897.425;1937.22;3072;52.9851;1.87197
3.05;1039.8;897.425;1937.22;3072;55.059;1.87197
3.06;1039.8;897.425;1937.22;3072;53.8099;1.87197
3.07;1039.8;897.425;1937.22;3072;53.2094;1.87197
3.08;1039.8;897.425;1937.22;3072;51.3565;1.87197
3.09;1039.8;897.425;1937.22;3072;49.9517;1.87197
3.1;1039.8;897.425;1937.22;3072;52.805;1.87197
3.11;1039.8;897.425;1937.22;3072;50.9767;1.87197
3.12;1039.8;897.425;1937.22;3072;51.9909;1.87197
3.13;1039.8;897.425;1937.22;3072;52.4973;1.87197
3.14;1039.8;897.425;1937.22;3072;52.5498;1.87197
3.15;1039.8;897.425;1937.22;3072;55.2032;1.87197
3.16;1039.8;897.425;1937.22;3072;55.9211;1.87197
3.17;1039.8;897.425;1937.22;3072;56.599;1.87197
3.18;1039.8;897.425;1937.22;3072;58.0374;1.87197
3.19;1039.8;897.425;1937.22;3072;55.8262;1.87197
3.2;1039.8;897.425;1937.22;3072;58.428;1.87197
3.21;1039.8;897.425;1937.22;3072;56.7081;1.87197
3.22;1039.8;897.425;1937.22;3072;56.5051;1.87197
3.23;1039.8;897.425;1937.22;3072;57.0203;1.87197
3.24;1039.8;897.425;1937.22;3072;55.7516;1.87197
3.25;1039.8;897.425;1937.22;3072;56.572;1.87197
3.26;1039.8;897.425;1937.22;3072;55.7272;1.87197
3.27;1039.8;897.425;1937.22;3072;56.3506;1.87197
3.28;1039.8;897.425;1937.22;3072;56.2558;1.87197
3.29;1039.8;897.425;1937.22;3072;52.6512;1.87197
3.3;1039.8;897.425;1937.22;3072;54.419;1.87197
3.31;1039.8;897.425;1937.22;3072;54.6894;1.87197
3.32;1039.8;897.425;1937.22;3072;55.0135;1.87197
3.33;1039.8;897.425;1937.22;3072;54.6742;1.87197
3.34;1039.8;897.425;1937.22;3072;52.0012;1.87197
3.35;1039.8;897.425;1937.22;3072;53.3485;1.87197
3.36;1039.8;897.425;1937.22;3072;56.4064;1.87197
3.37;1039.8;897.425;1937.22;3072;56.6644;1.87197
3.38;1039.8;897.425;1937.22;3072;56.1398;1.87197
3.39;1039.8;897.425;1937.22;3072;53.0035;1.87197
3.4;1039.8;897.425;1937.22;3072;56.4937;1.87197
3.41;1039.8;897.425;1937.22;3072;57.7261;1.87197
3.42;1039.8;897.425;1937.22;3072;55.4158;1.87197
3.43;1039.8;897.425;1937.22;3072;55.628;1.87197
3.44;1039.8;897.425;1937.22;3072;53.6657;1.87197
3.45;1039.8;897.425;1937.22;3072;53.9823;1.87197
3.46;1039.8;897.425;1937.22;3072;55.0902;1.87197
3.47;1039.8;897.425;1937.22;3072;55.3256;1.87197
3.48;1039.8;897.425;1937.22;3072;54.9048;1.87197
3.49;1039.8;897.425;1937.22;3072;52.3065;1.87197
3.5;1039.8;897.425;1937.22;3072;53.7346;1.87197
3.51;1039.8;897.425;1937.22;3072;53.9607;1.87197
3.52;1039.8;897.425;1937.22;3072;53.5949;1.87197
3.53;1039.8;897.425;1937.22;3072;54.251;1.87197
3.54;1039.8;897.425;1937.22;3072;51.0728;1.87197
3.55;1039.8;897.425;1937.22;3072;52.1384;1.87197
3.56;1039.8;897.425;1937.22;3072;54.5112;1.87197
3.57;1039.8;897.425;1937.22;3072;55.0854;1.87197
3.58;1039.8;897.425;1937.22;3072;56.1006;1.87197
3.59;1039.8;897.425;1937.22;3072;52.9474;1.87197
3.6;1039.8;897.425;1937.22;3072;55.0434;1.87197
3.61;1039.8;897.425;1937.22;3072;56.5049;1.87197
3.62;1039.8;897.425;1937.22;3072;55.8685;1.87197
3.63;1039.8;897.425;1937.22;3072;55.7554;1.87197
3.64;1039.8;897.425;1937.22;3072;53.1231;1.87197
3.65;1039.8;897.425;1937.22;3072;54.0297;1.87197
3.66;1039.8;897.425;1937.22;3072;55.5658;1.87197
3.67;1039.8;897.425;1937.22;3072;54.9054;1.87197
3.68;1039.8;897.425;1937.22;3072;54.1529;1.87197
3.69;1039.8;897.425;1937.22;3072;51.5833;1.87197
3.7;1039.8;897.425;1937.22;3072;53.77;1.87197
3.71;1039.8;897.425;1937.22;3072;54.1333;1.87197
3.72;1039.8;897.425;1937.22;3072;52.5529;1.87197
3.73;1039.8;897.425;1937.22;3072;53.0234;1.87197
3.74;1039.8;897.425;1937.22;3072;50.951;1.87197
3.75;1039.8;897.425;1937.22;3072;51.3274;1.87197
3.76;1039.8;897.425;1937.22;3072;52.1727;1.87197
3.77;1039.8;897.425;1937.22;3072;52.8251;1.87197
3.78;1039.8;897.425;1937.22;3072;54.034;1.87197
3.79;1039.8;897.425;1937.22;3072;51.547;1.87197
3.8;1039.8;897.425;1937.22;3072;53.1732;1.87197
3.81;1039.8;897.425;1937.22;3072;54.042;1.87197
3.82;1039.8;897.425;1937.22;3072;53.6868;1.87197
3.83;1039.8;897.425;1937.22;3072;54.5122;1.87197
3.84;1039.8;897.425;1937.22;3072;52.9928;1.87197
3.85;1039.8;897.425;1937.22;3072;52.7891;1.87197
3.86;1039.8;897.425;1937.22;3072;55.6026;1.87197
3.87;1039.8;897.425;1937.22;3072;55.6115;1.87197
3.88;1039.8;897.425;1937.22;3072;55.3151;1.87197
3.89;1039.8;897.425;1937.22;3072;52.2376;1.87197
3.9;1039.8;897.425;1937.22;3072;54.5405;1.87197
3.91;1039.8;897.425;1937.22;3072;54.0381;1.87197
3.92;1039.8;897.425;1937.22;3072;52.0123;1.87197
3.93;1039.8;897.425;1937.22;3072;52.2239;1.87197
3.94;1039.8;897.425;1937.22;3072;49.7756;1.87197
3.95;1039.8;897.425;1937.22;3072;50.2004;1.87197
3.96;1039.8;897.425;1937.22;3072;51.9967;1.87197
3.97;1039.8;897.425;1937.22;3072;50.1485;1.87197
3.98;1039.8;897.425;1937.22;3072;50.5872;1.87197
3.99;1039.8;897.425;1937.22;3072;48.8572;1.87197
4;1039.8;897.425;1937.22;3072;48.8613;1.87197
4.01;1039.8;897.425;1937.22;3072;49.7173;1.87197
4.02;1039.8;897.425;1937.22;3072;49.255;1.87197
4.03;1039.8;897.425;1937.22;3072;50.7722;1.87197
4.04;1039.8;897.425;1937.22;3072;50.8673;1.87197
4.05;1039.8;897.425;1937.22;3072;51.2602;1.87197
4.06;1039.8;897.425;1937.22;3072;53.4345;1.87197
4.07;1039.8;897.425;1937.22;3072;52.3827;1.87197
4.08;1039.8;897.425;1937.22;3072;54.3074;1.87197
4.09;1039.8;897.425;1937.22;3072;51.8982;1.87197
4.1;1039.8;897.425;1937.22;3072;50.1936;1.87197
4.11;1039.8;897.425;1937.22;3072;52.0192;1.87197
4.12;1039.8;897.425;1937.22;3072;52.1697;1.87197
4.13;1039.8;897.425;1937.22;3072;53.0153;1.87197
4.14;1039.8;897.425;1937.22;3072;50.8181;1.87197
4.15;1039.8;897.425;1937.22;3072;51.5257;1.87197
4.16;1039.8;897.425;1937.22;3072;53.395;1.87197
4.17;1039.8;897.425;1937.22;3072;51.1928;1.87197
4.18;1039.8;897.425;1937.22;3072;51.1804;1.87197
4.19;1039.8;897.425;1937.22;3072;49.159;1.87197
4.2;1039.8;897.425;1937.22;3072;48.9868;1.87197
4.21;1039.8;897.425;1937.22;3072;50.4486;1.87197
4.22;1039.8;897.425;1937.22;3072;49.4973;1.87197
4.23;1039.8;897.425;1937.22;3072;50.3482;1.87197
4.24;1039.8;897.425;1937.22;3072;48.7459;1.87197
4.25;1039.8;897.425;1937.22;3072;49.9675;1.87197
4.26;1039.8;897.425;1937.22;3072;50.4607;1.87197
4.27;1039.8;897.425;1937.22;3072;49.2287;1.87197
4.28;1039.8;897.425;1937.22;3072;50.8591;1.87197
4.29;1039.8;897.425;1937.22;3072;52.1686;1.87197
4.3;1039.8;897.425;1937.22;3072;51.4045;1.87197
4.31;1039.8;897.425;1937.22;3072;52.4224;1.87197
4.32;1039.8;897.425;1937.22;3072;51.0083;1.87197
4.33;1039.8;897.425;1937.22;3072;53.8597;1.87197
4.34;1039.8;897.425;1937.22;3072;52.9035;1.87197
4.35;1039.8;897.425;1937.22;3072;50.2046;1.87197
4.36;1039.8;897.425;1937.22;3072;50.6176;1.87197
4.37001;1039.8;897.425;1937.22;3072;50.3662;1.87197
4.38001;1039.8;897.425;1937.22;3072;51.3083;1.87197
4.39001;1039.8;897.425;1937.22;3072;50.7672;1.87197
4.40001;1039.8;897.425;1937.22;3072;49.8544;1.87197
4.41001;1039.8;897.425;1937.22;3072;50.7219;1.87197
4.42001;1039.8;897.425;1937.22;3072;49.4679;1.87197
4.43001;1039.8;897.425;1937.22;3072;49.7598;1.87197
4.44001;1039.8;897.425;1937.22;3072;47.7672;1.87197
4.45001;1039.8;897.425;1937.22;3072;46.6089;1.87197
4.46001;1039.8;897.425;1937.22;3072;47.5568;1.87197
4.47001;1039.8;897.425;1937.22;3072;46.4159;1.87197
4.48001;1039.8;897.425;1937.22;3072;48.7386;1.87197
4.49001;1039.8;897.425;1937.22;3072;48.1311;1.87197
4.50001;1039.8;897.425;1937.22;3072;48.671;1.87197
4.51001;1039.8;897.425;1937.22;3072;49.8694;1.87197
4.52001;1039.8;897.425;1937.22;3072;48.7219;1.87197
4.53001;1039.8;897.425;1937.22;3072;51.0132;1.87197
4.54001;1039.8;897.425;1937.22;3072;50.2958;1.87197
4.55001;1039.8;897.425;1937.22;3072;48.7247;1.87197
4.56001;1039.8;897.425;1937.22;3072;49.2586;1.87197
4.57001;1039.8;897.425;1937.22;3072;49.05;1.87197
4.58001;1039.8;897.425;1937.22;3072;52.6144;1.87197
4.59001;1039.8;897.425;1937.22;3072;53.3921;1.87197
4.60001;1039.8;897.425;1937.22;3072;51.575;1.87197
4.61001;1039.8;897.425;1937.22;3072;50.9853;1.87197
4.62001;1039.8;897.425;1937.22;3072;50.1289;1.87197
4.63001;1039.8;897.425;1937.22;3072;51.5108;1.87197
4.64001;1039.8;897.425;1937.22;3072;49.5979;1.87197
4.65001;1039.8;897.425;1937.22;3072;47.8343;1.87197
4.66001;1039.8;897.425;1937.22;3072;48.1817;1.87197
4.67001;1039.8;897.425;1937.22;3072;47.2659;1.87197
4.68001;1039.8;897.425;1937.22;3072;48.688;1.87197
4.69001;1039.8;897.425;1937.22;3072;47.2776;1.87197
4.70001;1039.8;897.425;1937.22;3072;47.688;1.87197
4.71001;1039.8;897.425;1937.22;3072;48.2872;1.87197
4.72001;1039.8;897.425;1937.22;3072;47.0905;1.87197
4.73001;1039.8;897.425;1937.22;3072;48.3628;1.87197
4.74001;1039.8;897.425;1937.22;3072;49.0965;1.87197
4.75001;1039.8;897.425;1937.22;3072;48.6604;1.87197
4.76001;1039.8;897.425;1937.22;3072;49.3886;1.87197
4.77001;1039.8;897.425;1937.22;3072;48.4018;1.87197
4.78001;1039.8;897.425;1937.22;3072;51.0874;1.87197
4.79001;1039.8;897.425;1937.22;3072;51.7207;1.87197
4.80001;1039.8;897.425;1937.22;3072;51.3363;1.87197
4.81002;1039.8;897.425;1937.22;3072;50.8956;1.87197
4.82002;1039.8;897.425;1937.22;3072;49.7562;1.87197
4.83002;1039.8;897.425;1937.22;3072;53.0138;1.87197
4.84002;1039.8;897.425;1937.22;3072;54.4967;1.87197
4.85002;1039.8;897.425;1937.22;3072;51.5634;1.87197
4.86002;1039.8;897.425;1937.22;3072;51.8725;1.87197
4.87002;1039.8;897.425;1937.22;3072;50.561;1.87197
4.88002;1039.8;897.425;1937.22;3072;52.3328;1.87197
4.89002;1039.8;897.425;1937.22;3072;52.1371;1.87197
4.90002;1039.8;897.425;1937.22;3072;50.7188;1.87197
4.91002;1039.8;897.425;1937.22;3072;50.4115;1.87197
4.92002;1039.8;897.425;1937.22;3072;49.3661;1.87197
4.93002;1039.8;897.425;1937.22;3072;49.9063;1.87197
4.94002;1039.8;897.425;1937.22;3072;50.7769;1.87197
4.95002;1039.8;897.425;1937.22;3072;48.9012;1.87197
4.96002;1039.8;897.425;1937.22;3072;49.2602;1.87197
4.97002;1039.8;897.425;1937.22;3072;49.6624;1.87197
4.98002;1039.8;897.425;1937.22;3072;52.1242;1.87197
4.99002;1039.8;897.425;1937.22;3072;51.8382;1.87197
5.00002;1039.8;897.425;1937.22;3072;49.9042;1.87197
5.01002;1039.8;897.425;1937.22;3072;50.7365;1.87197
5.02002;1039.8;897.425;1937.22;3072;49.8937;1.87197
5.03002;1039.8;897.425;1937.22;3072;52.3548;1.87197
5.04002;1039.8;897.425;1937.22;3072;54.6117;1.87197
5.05002;1039.8;897.425;1937.22;3072;51.8035;1.87197
5.06002;1039.8;897.425;1937.22;3072;51.2999;1.87197
5.07002;1039.8;897.425;1937.22;3072;50.1483;1.87197
5.08002;1039.8;897.425;1937.22;3072;52.7494;1.87197
5.09002;1039.8;897.425;1937.22;3072;54.3839;1.87197
5.10002;1039.8;897.425;1937.22;3072;52.2415;1.87197
5.11002;1039.8;897.425;1937.22;3072;51.3946;1.87197
5.12002;1039.8;897.425;1937.22;3072;50.3255;1.87197
5.13002;1039.8;897.425;1937.22;3072;51.1211;1.87197
5.14002;1039.8;897.425;1937.22;3072;53.9183;1.87197
5.15002;1039.8;897.425;1937.22;3072;51.1498;1.87197
5.16002;1039.8;897.425;1937.22;3072;50.5481;1.87197
5.17002;1039.8;897.425;1937.22;3072;52.1958;1.87197
5.18002;1039.8;897.425;1937.22;3072;53.9614;1.87197
5.19002;1039.8;897.425;1937.22;3072;53.4894;1.87197
5.20002;1039.8;897.425;1937.22;3072;52.2483;1.87197
5.21002;1039.8;897.425;1937.22;3072;53.4641;1.87197
5.22002;1039.8;897.425;1937.22;3072;52.6475;1.87197
5.23002;1039.8;897.425;1937.22;3072;53.1017;1.87197
5.24003;1039.8;897.425;1937.22;3072;54.8062;1.87197
5.25003;1039.8;897.425;1937.22;3072;52.2809;1.87197
5.26003;1039.8;897.425;1937.22;3072;53.5863;1.87197
5.27003;1039.8;897.425;1937.22;3072;54.2906;1.87197
5.28003;1039.8;897.425;1937.22;3072;54.3621;1.87197
5.29003;1039.8;897.425;1937.22;3072;56.0783;1.87197
5.30003;1039.8;897.425;1937.22;3072;55.3661;1.87197
5.31003;1039.8;897.425;1937.22;3072;54.9763;1.87197
5.32003;1039.8;897.425;1937.22;3072;53.2487;1.87197
5.33003;1039.8;897.425;1937.22;3072;51.0604;1.87197
5.34003;1039.8;897.425;1937.22;3072;53.7062;1.87197
5.35003;1039.8;897.425;1937.22;3072;52.3311;1.87197
5.36003;1039.8;897.425;1937.22;3072;53.355;1.87197
5.37003;1039.8;897.425;1937.22;3072;53.6793;1.87197
5.38003;1039.8;897.425;1937.22;3072;52.9725;1.87197
5.39003;1039.8;897.425;1937.22;3072;56.498;1.87197
5.40003;1039.8;897.425;1937.22;3072;57.2497;1.87197
5.41003;1039.8;897.425;1937.22;3072;57.7059;1.87197
5.42003;1039.8;897.425;1937.22;3072;59.5182;1.87197
5.43003;1039.8;897.425;1937.22;3072;56.7324;1.87197
5.44003;1039.8;897.425;1937.22;3072;59.3711;1.87197
5.45003;1039.8;897.425;1937.22;3072;57.9186;1.87197
5.46003;1039.8;897.425;1937.22;3072;57.0158;1.87197
5.47003;1039.8;897.425;1937.22;3072;57.5193;1.87197
5.48003;1039.8;897.425;1937.22;3072;55.9389;1.87197
5.49003;1039.8;897.425;1937.22;3072;56.7079;1.87197
5.50003;1039.8;897.425;1937.22;3072;56.2955;1.87197
5.51003;1039.8;897.425;1937.22;3072;56.6466;1.87197
5.52003;1039.8;897.425;1937.22;3072;56.891;1.87197
5.53003;1039.8;897.425;1937.22;3072;53.2968;1.87197
5.54003;1039.8;897.425;1937.22;3072;54.9986;1.87197
5.55003;1039.8;897.425;1937.22;3072;55.6984;1.87197
5.56003;1039.8;897.425;1937.22;3072;55.7249;1.87197
5.57003;1039.8;897.425;1937.22;3072;55.2723;1.87197
5.58003;1039.8;897.425;1937.22;3072;52.4271;1.87197
5.59003;1039.8;897.425;1937.22;3072;53.5168;1.87197
5.60003;1039.8;897.425;1937.22;3072;56.5343;1.87197
5.61003;1039.8;897.425;1937.22;3072;56.8072;1.87197
5.62003;1039.8;897.425;1937.22;3072;56.986;1.87197
5.63003;1039.8;897.425;1937.22;3072;53.7277;1.87197
5.64003;1039.8;897.425;1937.22;3072;56.9885;1.87197
5.65003;1039.8;897.425;1937.22;3072;57.9689;1.87197
5.66003;1039.8;897.425;1937.22;3072;55.6842;1.87197
5.67003;1039.8;897.425;1937.22;3072;55.9164;1.87197
5.68004;1039.8;897.425;1937.22;3072;54.0971;1.87197
5.69004;1039.8;897.425;1937.22;3072;54.7721;1.87197
5.70004;1039.8;897.425;1937.22;3072;56.0644;1.87197
5.71004;1039.8;897.425;1937.22;3072;55.8143;1.87197
5.72004;1039.8;897.425;1937.22;3072;55.246;1.87197
5.73004;1039.8;897.425;1937.22;3072;52.6321;1.87197
5.74004;1039.8;897.425;1937.22;3072;53.8878;1.87197
5.75004;1039.8;897.425;1937.22;3072;54.0894;1.87197
5.76004;1039.8;897.425;1937.22;3072;52.8157;1.87197
5.77004;1039.8;897.425;1937.22;3072;53.4413;1.87197
5.78004;1039.8;897.425;1937.22;3072;50.4848;1.87197
5.79004;1039.8;897.425;1937.22;3072;51.3219;1.87197
5.80004;1039.8;897.425;1937.22;3072;53.6126;1.87197
5.81004;1039.8;897.425;1937.22;3072;54.1207;1.87197
5.82004;1039.8;897.425;1937.22;3072;55.6667;1.87197
5.83004;1039.8;897.425;1937.22;3072;52.9665;1.87197
5.84004;1039.8;897.425;1937.22;3072;54.16;1.87197
5.85004;1039.8;897.425;1937.22;3072;57.2324;1.87197
5.86004;1039.8;897.425;1937.22;3072;55.8251;1.87197
5.87004;1039.8;897.425;1937.22;3072;55.5396;1.87197
5.88004;1039.8;897.425;1937.22;3072;52.6468;1.87197
5.89004;1039.8;897.425;1937.22;3072;52.1883;1.87197
5.90004;1039.8;897.425;1937.22;3072;53.1746;1.87197
5.91004;1039.8;897.425;1937.22;3072;52.105;1.87197
5.92004;1039.8;897.425;1937.22;3072;51.8493;1.87197
5.93004;1039.8;897.425;1937.22;3072;49.6673;1.87197
5.94004;1039.8;897.425;1937.22;3072;51.3017;1.87197
5.95004;1039.8;897.425;1937.22;3072;53.0948;1.87197
5.96004;1039.8;897.425;1937.22;3072;50.9687;1.87197
5.97004;1039.8;897.425;1937.22;3072;51.2673;1.87197
5.98004;1039.8;897.425;1937.22;3072;49.3618;1.87197
5.99004;1039.8;897.425;1937.22;3072;49.7947;1.87197
6.00004;1039.8;897.425;1937.22;3072;50.9912;1.87197
6.01004;1039.8;897.425;1937.22;3072;50.7336;1.87197
6.02004;1039.8;897.425;1937.22;3072;52.6647;1.87197
6.03004;1039.8;897.425;1937.22;3072;51.5925;1.87197
6.04004;1039.8;897.425;1937.22;3072;52.3433;1.87197
6.05004;1039.8;897.425;1937.22;3072;54.8396;1.87197
6.06004;1039.8;897.425;1937.22;3072;53.8165;1.87197
6.07004;1039.8;897.425;1937.22;3072;55.0726;1.87197
6.08004;1039.8;897.425;1937.22;3072;52.3437;1.87197
6.09004;1039.8;897.425;1937.22;3072;50.7094;1.87197
6.10004;1039.8;897.425;1937.22;3072;52.3202;1.87197
6.11004;1039.8;897.425;1937.22;3072;52.0141;1.87197
6.12005;1039.8;897.425;1937.22;3072;52.9816;1.87197
6.13005;1039.8;897.425;1937.22;3072;50.7433;1.87197
6.14005;1039.8;897.425;1937.22;3072;50.8982;1.87197
6.15005;1039.8;897.425;1937.22;3072;50.2534;1.87197
6.16005;1039.8;897.425;1937.22;3072;48.7085;1.87197
6.17005;1039.8;897.425;1937.22;3072;49.1181;1.87197
6.18005;1039.8;897.425;1937.22;3072;47.603;1.87197
6.19005;1039.8;897.425;1937.22;3072;46.7182;1.87197
6.20005;1039.8;897.425;1937.22;3072;47.766;1.87197
6.21005;1039.8;897.425;1937.22;3072;46.7286;1.87197
6.22005;1039.8;897.425;1937.22;3072;48.7188;1.87197
6.23005;1039.8;897.425;1937.22;3072;49.2839;1.87197
6.24005;1039.8;897.425;1937.22;3072;49.5822;1.87197
6.25005;1039.8;897.425;1937.22;3072;50.1062;1.87197
6.26005;1039.8;897.425;1937.22;3072;49.0585;1.87197
6.27005;1039.8;897.425;1937.22;3072;51.8178;1.87197
6.28005;1039.8;897.425;1937.22;3072;54.0206;1.87197
6.29005;1039.8;897.425;1937.22;3072;51.2777;1.87197
6.30005;1039.8;897.425;1937.22;3072;50.9801;1.87197
6.31005;1039.8;897.425;1937.22;3072;50.215;1.87197
6.32005;1039.8;897.425;1937.22;3072;52.6678;1.87197
6.33005;1039.8;897.425;1937.22;3072;53.8876;1.87197
6.34005;1039.8;897.425;1937.22;3072;51.143;1.87197
6.35005;1039.8;897.425;1937.22;3072;50.999;1.87197
6.36005;1039.8;897.425;1937.22;3072;50.5485;1.87197
6.37005;1039.8;897.425;1937.22;3072;52.3809;1.87197
6.38005;1039.8;897.425;1937.22;3072;55.0167;1.87197
6.39005;1039.8;897.425;1937.22;3072;52.3801;1.87197
6.40005;1039.8;897.425;1937.22;3072;52.6327;1.87197
6.41005;1039.8;897.425;1937.22;3072;54.9011;1.87197
6.42005;1039.8;897.425;1937.22;3072;56.1687;1.87197
6.43005;1039.8;897.425;1937.22;3072;57.0908;1.87197
6.44005;1039.8;897.425;1937.22;3072;53.748;1.87197
6.45005;1039.8;897.425;1937.22;3072;55.3693;1.87197
6.46005;1039.8;897.425;1937.22;3072;54.6306;1.87197
6.47005;1039.8;897.425;1937.22;3072;55.9678;1.87197
6.48005;1039.8;897.425;1937.22;3072;57.5696;1.87197
6.49005;1039.8;897.425;1937.22;3072;55.0088;1.87197
6.50005;1039.8;897.425;1937.22;3072;54.7546;1.87197
6.51005;1039.8;897.425;1937.22;3072;55.26;1.87197
6.52005;1039.8;897.425;1937.22;3072;53.1504;1.87197
6.53005;1039.8;897.425;1937.22;3072;54.9243;1.87197
6.54005;1039.8;897.425;1937.22;3072;56.4039;1.87197
6.55006;1039.8;897.425;1937.22;3072;56.2653;1.87197
6.56006;1039.8;897.425;1937.22;3072;54.6054;1.87197
6.57006;1039.8;897.425;1937.22;3072;54.6608;1.87197
6.58006;1039.8;897.425;1937.22;3072;57.1544;1.87197
6.59006;1039.8;897.425;1937.22;3072;56.9897;1.87197
6.60006;1039.8;897.425;1937.22;3072;57.1608;1.87197
6.61006;1039.8;897.425;1937.22;3072;57.4497;1.87197
6.62006;1039.8;897.425;1937.22;3072;55.4216;1.87197
6.63006;1039.8;897.425;1937.22;3072;58.7183;1.87197
6.64006;1039.8;897.425;1937.22;3072;59.7274;1.87197
6.65006;1039.8;897.425;1937.22;3072;58.8458;1.87197
6.66006;1039.8;897.425;1937.22;3072;59.8167;1.87197
6.67006;1039.8;897.425;1937.22;3072;57.9087;1.87197
6.68006;1039.8;897.425;1937.22;3072;58.3964;1.87197
6.69006;1039.8;897.425;1937.22;3072;57.8573;1.87197
6.70006;1039.8;897.425;1937.22;3072;58.3478;1.87197
6.71006;1039.8;897.425;1937.22;3072;57.3966;1.87197
6.72006;1039.8;897.425;1937.22;3072;53.8427;1.87197
6.73006;1039.8;897.425;1937.22;3072;54.9365;1.87197
6.74006;1039.8;897.425;1937.22;3072;55.4505;1.87197
6.75006;1039.8;897.425;1937.22;3072;53.777;1.87197
6.76006;1039.8;897.425;1937.22;3072;54.6573;1.87197
6.77006;1039.8;897.425;1937.22;3072;51.6264;1.87197
6.78006;1039.8;897.425;1937.22;3072;51.2194;1.87197
6.79006;1039.8;897.425;1937.22;3072;53.927;1.87197
6.80006;1039.8;897.425;1937.22;3072;53.8093;1.87197
6.81006;1039.8;897.425;1937.22;3072;55.0335;1.87197
6.82006;1039.8;897.425;1937.22;3072;53.5774;1.87197
6.83006;1039.8;897.425;1937.22;3072;52.3855;1.87197
6.84006;1039.8;897.425;1937.22;3072;51.6401;1.87197
6.85006;1039.8;897.425;1937.22;3072;50.1417;1.87197
6.86006;1039.8;897.425;1937.22;3072;50.4862;1.87197
6.87006;1039.8;897.425;1937.22;3072;51.5576;1.87197
6.88006;1039.8;897.425;1937.22;3072;49.4944;1.87197
6.89006;1039.8;897.425;1937.22;3072;49.6792;1.87197
6.90006;1039.8;897.425;1937.22;3072;48.051;1.87197
6.91006;1039.8;897.425;1937.22;3072;51.1357;1.87197
6.92006;1039.8;897.425;1937.22;3072;51.8406;1.87197
6.93006;1039.8;897.425;1937.22;3072;50.6205;1.87197
6.94006;1039.8;897.425;1937.22;3072;51.8157;1.87197
6.95006;1039.8;897.425;1937.22;3072;51.4027;1.87197
6.96006;1039.8;897.425;1937.22;3072;53.8413;1.87197
6.97006;1039.8;897.425;1937.22;3072;55.4269;1.87197
6.98006;1039.8;897.425;1937.22;3072;53.0484;1.87197
6.99007;1039.8;897.425;1937.22;3072;52.504;1.87197
7.00007;1039.8;897.425;1937.22;3072;52.1198;1.87197
7.01007;1039.8;897.425;1937.22;3072;51.4433;1.87197
7.02007;1039.8;897.425;1937.22;3072;53.6402;1.87197
7.03007;1039.8;897.425;1937.22;3072;51.2634;1.87197
7.04007;1039.8;897.425;1937.22;3072;52.2013;1.87197
7.05007;1039.8;897.425;1937.22;3072;52.7808;1.87197
7.06007;1039.8;897.425;1937.22;3072;52.9315;1.87197
7.07007;1039.8;897.425;1937.22;3072;56.7416;1.87197
7.08007;1039.8;897.425;1937.22;3072;57.1976;1.87197
7.09007;1039.8;897.425;1937.22;3072;57.9012;1.87197
7.10007;1039.8;897.425;1937.22;3072;58.0568;1.87197
7.11007;1039.8;897.425;1937.22;3072;55.5788;1.87197
7.12007;1039.8;897.425;1937.22;3072;58.1327;1.87197
7.13007;1039.8;897.425;1937.22;3072;57.0879;1.87197
7.14007;1039.8;897.425;1937.22;3072;56.0124;1.87197
7.15007;1039.8;897.425;1937.22;3072;56.2884;1.87197
7.16007;1039.8;897.425;1937.22;3072;53.6077;1.87197
7.17007;1039.8;897.425;1937.22;3072;54.0913;1.87197
7.18007;1039.8;897.425;1937.22;3072;54.8226;1.87197
7.19007;1039.8;897.425;1937.22;3072;55.0427;1.87197
7.20007;1039.8;897.425;1937.22;3072;55.9433;1.87197
7.21007;1039.8;897.425;1937.22;3072;53.4042;1.87197
7.22007;1039.8;897.425;1937.22;3072;54.3591;1.87197
7.23007;1039.8;897.425;1937.22;3072;54.3901;1.87197
7.24007;1039.8;897.425;1937.22;3072;53.4378;1.87197
7.25007;1039.8;897.425;1937.22;3072;54.4137;1.87197
7.26007;1039.8;897.425;1937.22;3072;51.8051;1.87197
7.27007;1039.8;897.425;1937.22;3072;50.6397;1.87197
7.28007;1039.8;897.425;1937.22;3072;51.9717;1.87197
7.29007;1039.8;897.425;1937.22;3072;51.0118;1.87197
7.30007;1039.8;897.425;1937.22;3072;51.6878;1.87197
7.31007;1039.8;897.425;1937.22;3072;49.8706;1.87197
7.32007;1039.8;897.425;1937.22;3072;49.4505;1.87197
7.33007;1039.8;897.425;1937.22;3072;49.6541;1.87197
7.34007;1039.8;897.425;1937.22;3072;48.3037;1.87197
7.35007;1039.8;897.425;1937.22;3072;48.9856;1.87197
7.36007;1039.8;897.425;1937.22;3072;50.8572;1.87197
7.37007;1039.8;897.425;1937.22;3072;48.9258;1.87197
7.38007;1039.8;897.425;1937.22;3072;49.5964;1.87197
7.39007;1039.8;897.425;1937.22;3072;48.3075;1.87197
7.40007;1039.8;897.425;1937.22;3072;50.7586;1.87197
7.41007;1039.8;897.425;1937.22;3072;53.6185;1.87197
7.42007;1039.8;897.425;1937.22;3072;51.7694;1.87197
7.43008;1039.8;897.425;1937.22;3072;52.2082;1.87197
7.44008;1039.8;897.425;1937.22;3072;51.651;1.87197
7.45008;1039.8;897.425;1937.22;3072;54.1525;1.87197
7.46008;1039.8;897.425;1937.22;3072;55.5574;1.87197
7.47008;1039.8;897.425;1937.22;3072;53.2962;1.87197
7.48008;1039.8;897.425;1937.22;3072;52.4204;1.87197
7.49008;1039.8;897.425;1937.22;3072;51.0087;1.87197
7.50008;1039.8;897.425;1937.22;3072;50.6503;1.87197
7.51008;1039.8;897.425;1937.22;3072;54.2346;1.87197
7.52008;1039.8;897.425;1937.22;3072;52.7153;1.87197
7.53008;1039.8;897.425;1937.22;3072;54.0091;1.87197
7.54008;1039.8;897.425;1937.22;3072;56.1455;1.87197
7.55008;1039.8;897.425;1937.22;3072;55.5211;1.87197
7.56008;1039.8;897.425;1937.22;3072;58.0282;1.87197
7.57008;1039.8;897.425;1937.22;3072;58.7844;1.87197
7.58008;1039.8;897.425;1937.22;3072;59.0117;1.87197
7.59008;1039.8;897.425;1937.22;3072;59.8728;1.87197
7.60008;1039.8;897.425;1937.22;3072;56.3935;1.87197
7.61008;1039.8;897.425;1937.22;3072;57.433;1.87197
7.62008;1039.8;897.425;1937.22;3072;56.1584;1.87197
7.63008;1039.8;897.425;1937.22;3072;55.0794;1.87197
7.64008;1039.8;897.425;1937.22;3072;55.6125;1.87197
7.65008;1039.8;897.425;1937.22;3072;52.2868;1.87197
7.66008;1039.8;897.425;1937.22;3072;53.0151;1.87197
7.67008;1039.8;897.425;1937.22;3072;54.9371;1.87197
7.68008;1039.8;897.425;1937.22;3072;54.6223;1.87197
7.69008;1039.8;897.425;1937.22;3072;54.9135;1.87197
7.70008;1039.8;897.425;1937.22;3072;53.0318;1.87197
7.71008;1039.8;897.425;1937.22;3072;53.5901;1.87197
7.72008;1039.8;897.425;1937.22;3072;56.8319;1.87197
7.73008;1039.8;897.425;1937.22;3072;54.8976;1.87197
7.74008;1039.8;897.425;1937.22;3072;54.8268;1.87197
7.75008;1039.8;897.425;1937.22;3072;52.2066;1.87197
7.76008;1039.8;897.425;1937.22;3072;50.384;1.87197
7.77008;1039.8;897.425;1937.22;3072;50.2234;1.87197
7.78008;1039.8;897.425;1937.22;3072;48.2664;1.87197
7.79008;1039.8;897.425;1937.22;3072;49.79;1.87197
7.80008;1039.8;897.425;1937.22;3072;48.9532;1.87197
7.81008;1039.8;897.425;1937.22;3072;48.3022;1.87197
7.82008;1039.8;897.425;1937.22;3072;49.393;1.87197
7.83008;1039.8;897.425;1937.22;3072;48.8779;1.87197
7.84008;1039.8;897.425;1937.22;3072;50.4348;1.87197
7.85008;1039.8;897.425;1937.22;3072;50.5279;1.87197
7.86009;1039.8;897.425;1937.22;3072;48.6752;1.87197
7.87009;1039.8;897.425;1937.22;3072;49.3918;1.87197
7.88009;1039.8;897.425;1937.22;3072;49.0585;1.87197
7.89009;1039.8;897.425;1937.22;3072;50.1443;1.87197
7.90009;1039.8;897.425;1937.22;3072;52.6506;1.87197
7.91009;1039.8;897.425;1937.22;3072;49.9577;1.87197
7.92009;1039.8;897.425;1937.22;3072;50.5184;1.87197
7.93009;1039.8;897.425;1937.22;3072;49.8639;1.87197
7.94009;1039.8;897.425;1937.22;3072;51.5626;1.87197
7.95009;1039.8;897.425;1937.22;3072;53.95;1.87197
7.96009;1039.8;897.425;1937.22;3072;53.8944;1.87197
7.97009;1039.8;897.425;1937.22;3072;54.2785;1.87197
7.98009;1039.8;897.425;1937.22;3072;54.4737;1.87197
7.99009;1039.8;897.425;1937.22;3072;52.8308;1.87197
8.00009;1039.8;897.425;1937.22;3072;56.7846;1.87197
8.01009;1039.8;897.425;1937.22;3072;56.0654;1.87197
8.02009;1039.8;897.425;1937.22;3072;55.6765;1.87197
8.03009;1039.8;897.425;1937.22;3072;57.0256;1.87197
8.04009;1039.8;897.425;1937.22;3072;55.1742;1.87197
8.05009;1039.8;897.425;1937.22;3072;57.3228;1.87197
8.06009;1039.8;897.425;1937.22;3072;57.5651;1.87197
8.07009;1039.8;897.425;1937.22;3072;57.8817;1.87197
8.08009;1039.8;897.425;1937.22;3072;58.2812;1.87197
8.09009;1039.8;897.425;1937.22;3072;54.8102;1.87197
8.10009;1039.8;897.425;1937.22;3072;55.371;1.87197
8.11009;1039.8;897.425;1937.22;3072;56.3118;1.87197
8.12009;1039.8;897.425;1937.22;3072;54.0647;1.87197
8.13009;1039.8;897.425;1937.22;3072;55.5279;1.87197
8.14009;1039.8;897.425;1937.22;3072;52.775;1.87197
8.15009;1039.8;897.425;1937.22;3072;54.057;1.87197
8.16009;1039.8;897.425;1937.22;3072;54.5346;1.87197
8.17009;1039.8;897.425;1937.22;3072;53.5337;1.87197
8.18009;1039.8;897.425;1937.22;3072;53.9654;1.87197
8.19009;1039.8;897.425;1937.22;3072;54.5189;1.87197
8.20009;1039.8;897.425;1937.22;3072;52.1147;1.87197
8.21009;1039.8;897.425;1937.22;3072;51.9325;1.87197
8.22009;1039.8;897.425;1937.22;3072;51.006;1.87197
8.23009;1039.8;897.425;1937.22;3072;52.0982;1.87197
8.24009;1039.8;897.425;1937.22;3072;51.0908;1.87197
8.25009;1039.8;897.425;1937.22;3072;49.4614;1.87197
8.26009;1039.8;897.425;1937.22;3072;50.5606;1.87197
8.27009;1039.8;897.425;1937.22;3072;49.6771;1.87197
8.28009;1039.8;897.425;1937.22;3072;51.4313;1.87197
8.29009;1039.8;897.425;1937.22;3072;53.3593;1.87197
8.30009;1039.8;897.425;1937.22;3072;51.0629;1.87197
8.31009;1039.8;897.425;1937.22;3072;51.5001;1.87197
8.3201;1039.8;897.425;1937.22;3072;52.893;1.87197
8.3301;1039.8;897.425;1937.22;3072;53.0237;1.87197
8.3401;1039.8;897.425;1937.22;3072;54.8922;1.87197
8.3501;1039.8;897.425;1937.22;3072;54.9695;1.87197
8.3601;1039.8;897.425;1937.22;3072;54.9484;1.87197
8.3701;1039.8;897.425;1937.22;3072;53.8049;1.87197
8.3801;1039.8;897.425;1937.22;3072;53.8253;1.87197
8.3901;1039.8;897.425;1937.22;3072;56.028;1.87197
8.4001;1039.8;897.425;1937.22;3072;56.5443;1.87197
8.4101;1039.8;897.425;1937.22;3072;56.4398;1.87197
8.4201;1039.8;897.425;1937.22;3072;56.2979;1.87197
8.4301;1039.8;897.425;1937.22;3072;53.5486;1.87197
8.4401;1039.8;897.425;1937.22;3072;57.4525;1.87197
8.4501;1039.8;897.425;1937.22;3072;58.2319;1.87197
8.4601;1039.8;897.425;1937.22;3072;55.9322;1.87197
8.4701;1039.8;897.425;1937.22;3072;56.1579;1.87197
8.4801;1039.8;897.425;1937.22;3072;53.7295;1.87197
8.4901;1039.8;897.425;1937.22;3072;53.5913;1.87197
8.5001;1039.8;897.425;1937.22;3072;54.5816;1.87197
8.5101;1039.8;897.425;1937.22;3072;53.7895;1.87197
8.5201;1039.8;897.425;1937.22;3072;53.9819;1.87197
8.5301;1039.8;897.425;1937.22;3072;52.3762;1.87197
8.5401;1039.8;897.425;1937.22;3072;52.8548;1.87197
8.5501;1039.8;897.425;1937.22;3072;52.4442;1.87197
8.5601;1039.8;897.425;1937.22;3072;50.7712;1.87197
8.5701;1039.8;897.425;1937.22;3072;52.9861;1.87197
8.5801;1039.8;897.425;1937.22;3072;54.5059;1.87197
8.5901;1039.8;897.425;1937.22;3072;52.0956;1.87197
8.6001;1039.8;897.425;1937.22;3072;52.4205;1.87197
8.6101;1039.8;897.425;1937.22;3072;51.7192;1.87197
8.6201;1039.8;897.425;1937.22;3072;54.2199;1.87197
8.6301;1039.8;897.425;1937.22;3072;54.7821;1.87197
8.6401;1039.8;897.425;1937.22;3072;51.9172;1.87197
8.6501;1039.8;897.425;1937.22;3072;51.8419;1.87197
8.6601;1039.8;897.425;1937.22;3072;50.9159;1.87197
8.6701;1039.8;897.425;1937.22;3072;52.018;1.87197
8.6801;1039.8;897.425;1937.22;3072;54.499;1.87197
8.6901;1039.8;897.425;1937.22;3072;51.9665;1.87197
8.7001;1039.8;897.425;1937.22;3072;52.2851;1.87197
8.7101;1039.8;897.425;1937.22;3072;54.5025;1.87197
8.7201;1039.8;897.425;1937.22;3072;55.4896;1.87197
8.7301;1039.8;897.425;1937.22;3072;56.8012;1.87197
8.7401;1039.8;897.425;1937.22;3072;53.8735;1.87197
8.7501;1039.8;897.425;1937.22;3072;55.2658;1.87197
8.76011;1039.8;897.425;1937.22;3072;55.6716;1.87197
8.77011;1039.8;897.425;1937.22;3072;56.1194;1.87197
8.78011;1039.8;897.425;1937.22;3072;57.1829;1.87197
8.79011;1039.8;897.425;1937.22;3072;55.8325;1.87197
8.80011;1039.8;897.425;1937.22;3072;55.6198;1.87197
8.81011;1039.8;897.425;1937.22;3072;55.535;1.87197
8.82011;1039.8;897.425;1937.22;3072;52.6316;1.87197
8.83011;1039.8;897.425;1937.22;3072;54.5283;1.87197
8.84011;1039.8;897.425;1937.22;3072;54.3898;1.87197
8.85011;1039.8;897.425;1937.22;3072;54.9514;1.87197
8.86011;1039.8;897.425;1937.22;3072;54.948;1.87197
8.87011;1039.8;897.425;1937.22;3072;52.5282;1.87197
8.88011;1039.8;897.425;1937.22;3072;54.1118;1.87197
8.89011;1039.8;897.425;1937.22;3072;56.206;1.87197
8.90011;1039.8;897.425;1937.22;3072;55.7686;1.87197
8.91011;1039.8;897.425;1937.22;3072;54.8306;1.87197
8.92011;1039.8;897.425;1937.22;3072;51.9676;1.87197
8.93011;1039.8;897.425;1937.22;3072;53.6587;1.87197
8.94011;1039.8;897.425;1937.22;3072;53.7481;1.87197
8.95011;1039.8;897.425;1937.22;3072;51.1333;1.87197
8.96011;1039.8;897.425;1937.22;3072;51.441;1.87197
8.97011;1039.8;897.425;1937.22;3072;49.5609;1.87197
8.98011;1039.8;897.425;1937.22;3072;49.7801;1.87197
8.99011;1039.8;897.425;1937.22;3072;50.6964;1.87197
9.00011;1039.8;897.425;1937.22;3072;49.5707;1.87197
9.01011;1039.8;897.425;1937.22;3072;52.2478;1.87197
9.02011;1039.8;897.425;1937.22;3072;53.414;1.87197
9.03011;1039.8;897.425;1937.22;3072;52.5167;1.87197
9.04011;1039.8;897.425;1937.22;3072;51.8232;1.87197
9.05011;1039.8;897.425;1937.22;3072;50.6062;1.87197
9.06011;1039.8;897.425;1937.22;3072;53.4002;1.87197
9.07011;1039.8;897.425;1937.22;3072;53.2466;1.87197
9.08011;1039.8;897.425;1937.22;3072;50.2373;1.87197
9.09011;1039.8;897.425;1937.22;3072;49.799;1.87197
9.10011;1039.8;897.425;1937.22;3072;49.0226;1.87197
9.11011;1039.8;897.425;1937.22;3072;51.3507;1.87197
9.12011;1039.8;897.425;1937.22;3072;53.4111;1.87197
9.13011;1039.8;897.425;1937.22;3072;50.7183;1.87197
9.14011;1039.8;897.425;1937.22;3072;52.8291;1.87197
9.15011;1039.8;897.425;1937.22;3072;54.902;1.87197
9.16011;1039.8;897.425;1937.22;3072;56.5449;1.87197
9.17011;1039.8;897.425;1937.22;3072;58.6289;1.87197
9.18011;1039.8;897.425;1937.22;3072;56.733;1.87197
9.19011;1039.8;897.425;1937.22;3072;57.9285;1.87197
9.20012;1039.8;897.425;1937.22;3072;57.5245;1.87197
9.21012;1039.8;897.425;1937.22;3072;54.4558;1.87197
9.22012;1039.8;897.425;1937.22;3072;55.9858;1.87197
9.23012;1039.8;897.425;1937.22;3072;54.2152;1.87197
9.24012;1039.8;897.425;1937.22;3072;54.7671;1.87197
9.25012;1039.8;897.425;1937.22;3072;55.1442;1.87197
9.26012;1039.8;897.425;1937.22;3072;52.5126;1.87197
9.27012;1039.8;897.425;1937.22;3072;54.2433;1.87197
9.28012;1039.8;897.425;1937.22;3072;57.4991;1.87197
9.29012;1039.8;897.425;1937.22;3072;57.5276;1.87197
9.30012;1039.8;897.425;1937.22;3072;56.3477;1.87197
9.31012;1039.8;897.425;1937.22;3072;53.2214;1.87197
9.32012;1039.8;897.425;1937.22;3072;55.3614;1.87197
9.33012;1039.8;897.425;1937.22;3072;57.578;1.87197
9.34012;1039.8;897.425;1937.22;3072;55.609;1.87197
9.35012;1039.8;897.425;1937.22;3072;55.1746;1.87197
9.36012;1039.8;897.425;1937.22;3072;52.5124;1.87197
9.37012;1039.8;897.425;1937.22;3072;55.9152;1.87197
9.38012;1039.8;897.425;1937.22;3072;56.6402;1.87197
9.39012;1039.8;897.425;1937.22;3072;54.7713;1.87197
9.40012;1039.8;897.425;1937.22;3072;55.123;1.87197
9.41012;1039.8;897.425;1937.22;3072;52.6959;1.87197
9.42012;1039.8;897.425;1937.22;3072;53.2051;1.87197
9.43012;1039.8;897.425;1937.22;3072;53.9333;1.87197
9.44012;1039.8;897.425;1937.22;3072;51.6341;1.87197
9.45012;1039.8;897.425;1937.22;3072;52.6585;1.87197
9.46012;1039.8;897.425;1937.22;3072;50.7718;1.87197
9.47012;1039.8;897.425;1937.22;3072;49.81;1.87197
9.48012;1039.8;897.425;1937.22;3072;50.2647;1.87197
9.49012;1039.8;897.425;1937.22;3072;49.4202;1.87197
9.50012;1039.8;897.425;1937.22;3072;52.1448;1.87197
9.51012;1039.8;897.425;1937.22;3072;53.7154;1.87197
9.52012;1039.8;897.425;1937.22;3072;51.1584;1.87197
9.53012;1039.8;897.425;1937.22;3072;51.8392;1.87197
9.54012;1039.8;897.425;1937.22;3072;50.6494;1.87197
9.55012;1039.8;897.425;1937.22;3072;52.6726;1.87197
9.56012;1039.8;897.425;1937.22;3072;52.6867;1.87197
9.57012;1039.8;897.425;1937.22;3072;50.3275;1.87197
9.58012;1039.8;897.425;1937.22;3072;50.342;1.87197
9.59012;1039.8;897.425;1937.22;3072;49.7394;1.87197
9.60012;1039.8;897.425;1937.22;3072;51.9607;1.87197
9.61012;1039.8;897.425;1937.22;3072;53.1784;1.87197
9.62012;1039.8;897.425;1937.22;3072;50.6569;1.87197
9.63013;1039.8;897.425;1937.22;3072;51.1719;1.87197
9.64013;1039.8;897.425;1937.22;3072;52.6402;1.87197
9.65013;1039.8;897.425;1937.22;3072;54.7;1.87197
9.66013;1039.8;897.425;1937.22;3072;56.2606;1.87197
9.67013;1039.8;897.425;1937.22;3072;54.4142;1.87197
9.68013;1039.8;897.425;1937.22;3072;55.027;1.87197
9.69013;1039.8;897.425;1937.22;3072;54.4247;1.87197
9.70013;1039.8;897.425;1937.22;3072;51.8701;1.87197
9.71013;1039.8;897.425;1937.22;3072;53.7588;1.87197
9.72013;1039.8;897.425;1937.22;3072;52.4079;1.87197
9.73013;1039.8;897.425;1937.22;3072;53.4399;1.87197
9.74013;1039.8;897.425;1937.22;3072;53.0779;1.87197
9.75013;1039.8;897.425;1937.22;3072;52.0484;1.87197
9.76013;1039.8;897.425;1937.22;3072;54.6596;1.87197
9.77013;1039.8;897.425;1937.22;3072;56.4507;1.87197
9.78013;1039.8;897.425;1937.22;3072;56.6159;1.87197
9.79013;1039.8;897.425;1937.22;3072;56.8323;1.87197
9.80013;1039.8;897.425;1937.22;3072;53.7273;1.87197
9.81013;1039.8;897.425;1937.22;3072;57.5274;1.87197
9.82013;1039.8;897.425;1937.22;3072;57.9721;1.87197
9.83013;1039.8;897.425;1937.22;3072;56.2022;1.87197
9.84013;1039.8;897.425;1937.22;3072;56.9934;1.87197
9.85013;1039.8;897.425;1937.22;3072;55.1124;1.87197
9.86013;1039.8;897.425;1937.22;3072;57.7207;1.87197
9.87013;1039.8;897.425;1937.22;3072;58.4158;1.87197
9.88013;1039.8;897.425;1937.22;3072;57.9343;1.87197
9.89013;1039.8;897.425;1937.22;3072;58.2878;1.87197
9.90013;1039.8;897.425;1937.22;3072;55.0384;1.87197
9.91013;1039.8;897.425;1937.22;3072;55.6076;1.87197
9.92013;1039.8;897.425;1937.22;3072;55.7423;1.87197
9.93013;1039.8;897.425;1937.22;3072;53.7119;1.87197
9.94013;1039.8;897.425;1937.22;3072;54.61;1.87197
9.95013;1039.8;897.425;1937.22;3072;51.8697;1.87197
9.96013;1039.8;897.425;1937.22;3072;53.5938;1.87197
9.97013;1039.8;897.425;1937.22;3072;54.8106;1.87197
9.98013;1039.8;897.425;1937.22;3072;54.343;1.87197
9.99013;1039.8;897.425;1937.22;3072;54.7415;1.87197
10.0001;1039.8;897.425;1937.22;3072;53.167;1.87197
10.0101;1039.8;897.425;1937.22;3072;52.9643;1.87197
10.0201;1039.8;897.425;1937.22;3072;55.4586;1.87197
10.0301;1039.8;897.425;1937.22;3072;53.4213;1.87197
10.0401;1039.8;897.425;1937.22;3072;53.2617;1.87197
10.0501;1039.8;897.425;1937.22;3072;50.7371;1.87197
10.0601;1039.8;897.425;1937.22;3072;49.2143;1.87197
10.0701;1039.8;897.425;1937.22;3072;49.6194;1.87197
10.0801;1039.8;897.425;1937.22;3072;48.1701;1.87197
10.0901;1039.8;897.425;1937.22;3072;49.0668;1.87197
10.1001;1039.8;897.425;1937.22;3072;48.0777;1.87197
10.1101;1039.8;897.425;1937.22;3072;48.3677;1.87197
10.1201;1039.8;897.425;1937.22;3072;50.0384;1.87197
10.1301;1039.8;897.425;1937.22;3072;48.6562;1.87197
10.1401;1039.8;897.425;1937.22;3072;49.8888;1.87197
10.1501;1039.8;897.425;1937.22;3072;49.1557;1.87197
10.1601;1039.8;897.425;1937.22;3072;48.3198;1.87197
10.1701;1039.8;897.425;1937.22;3072;48.9604;1.87197
10.1801;1039.8;897.425;1937.22;3072;47.9968;1.87197
10.1901;1039.8;897.425;1937.22;3072;51.5267;1.87197
10.2001;1039.8;897.425;1937.22;3072;53.0692;1.87197
10.2101;1039.8;897.425;1937.22;3072;51.3258;1.87197
10.2201;1039.8;897.425;1937.22;3072;52.294;1.87197
10.2301;1039.8;897.425;1937.22;3072;50.8777;1.87197
10.2401;1039.8;897.425;1937.22;3072;53.5568;1.87197
10.2501;1039.8;897.425;1937.22;3072;52.7434;1.87197
10.2601;1039.8;897.425;1937.22;3072;49.8721;1.87197
10.2701;1039.8;897.425;1937.22;3072;49.7323;1.87197
10.2801;1039.8;897.425;1937.22;3072;48.8091;1.87197
10.2901;1039.8;897.425;1937.22;3072;51.0492;1.87197
10.3001;1039.8;897.425;1937.22;3072;50.609;1.87197
10.3101;1039.8;897.425;1937.22;3072;49.0029;1.87197
10.3201;1039.8;897.425;1937.22;3072;50.0565;1.87197
10.3301;1039.8;897.425;1937.22;3072;49.1273;1.87197
10.3401;1039.8;897.425;1937.22;3072;49.9446;1.87197
10.3501;1039.8;897.425;1937.22;3072;49.1385;1.87197
10.3601;1039.8;897.425;1937.22;3072;47.5098;1.87197
10.3701;1039.8;897.425;1937.22;3072;48.6559;1.87197
10.3801;1039.8;897.425;1937.22;3072;47.6579;1.87197
10.3901;1039.8;897.425;1937.22;3072;50.4261;1.87197
10.4001;1039.8;897.425;1937.22;3072;53.4154;1.87197
10.4101;1039.8;897.425;1937.22;3072;51.6019;1.87197
10.4201;1039.8;897.425;1937.22;3072;52.1478;1.87197
10.4301;1039.8;897.425;1937.22;3072;51.6194;1.87197
10.4401;1039.8;897.425;1937.22;3072;54.1114;1.87197
10.4501;1039.8;897.425;1937.22;3072;55.6604;1.87197
10.4601;1039.8;897.425;1937.22;3072;53.3632;1.87197
10.4701;1039.8;897.425;1937.22;3072;52.5089;1.87197
10.4801;1039.8;897.425;1937.22;3072;51.0563;1.87197
10.4901;1039.8;897.425;1937.22;3072;51.0765;1.87197
10.5001;1039.8;897.425;1937.22;3072;54.1007;1.87197
10.5101;1039.8;897.425;1937.22;3072;51.6011;1.87197
10.5201;1039.8;897.425;1937.22;3072;53.2114;1.87197
10.5301;1039.8;897.425;1937.22;3072;54.595;1.87197
10.5401;1039.8;897.425;1937.22;3072;55.8515;1.87197
10.5501;1039.8;897.425;1937.22;3072;59.1884;1.87197
10.5601;1039.8;897.425;1937.22;3072;58.1028;1.87197
10.5701;1039.8;897.425;1937.22;3072;58.6944;1.87197
10.5801;1039.8;897.425;1937.22;3072;58.6093;1.87197
10.5901;1039.8;897.425;1937.22;3072;56.7319;1.87197
10.6001;1039.8;897.425;1937.22;3072;58.4635;1.87197
10.6101;1039.8;897.425;1937.22;3072;55.8724;1.87197
10.6201;1039.8;897.425;1937.22;3072;56.5553;1.87197
10.6301;1039.8;897.425;1937.22;3072;57.3998;1.87197
10.6401;1039.8;897.425;1937.22;3072;54.8508;1.87197
10.6501;1039.8;897.425;1937.22;3072;55.8317;1.87197
10.6601;1039.8;897.425;1937.22;3072;56.7059;1.87197
10.6701;1039.8;897.425;1937.22;3072;56.825;1.87197
10.6801;1039.8;897.425;1937.22;3072;57.2558;1.87197
10.6901;1039.8;897.425;1937.22;3072;53.8152;1.87197
10.7001;1039.8;897.425;1937.22;3072;55.4027;1.87197
10.7101;1039.8;897.425;1937.22;3072;58.2771;1.87197
10.7201;1039.8;897.425;1937.22;3072;57.1987;1.87197
10.7302;1039.8;897.425;1937.22;3072;56.5751;1.87197
10.7402;1039.8;897.425;1937.22;3072;53.2651;1.87197
10.7502;1039.8;897.425;1937.22;3072;52.4645;1.87197
10.7602;1039.8;897.425;1937.22;3072;53.5553;1.87197
10.7702;1039.8;897.425;1937.22;3072;52.2831;1.87197
10.7802;1039.8;897.425;1937.22;3072;52.0314;1.87197
10.7902;1039.8;897.425;1937.22;3072;49.7285;1.87197
10.8002;1039.8;897.425;1937.22;3072;50.4917;1.87197
10.8102;1039.8;897.425;1937.22;3072;52.6591;1.87197
10.8202;1039.8;897.425;1937.22;3072;50.3529;1.87197
10.8302;1039.8;897.425;1937.22;3072;51.0473;1.87197
10.8402;1039.8;897.425;1937.22;3072;49.4031;1.87197
10.8502;1039.8;897.425;1937.22;3072;48.86;1.87197
10.8602;1039.8;897.425;1937.22;3072;49.5788;1.87197
10.8702;1039.8;897.425;1937.22;3072;48.4489;1.87197
10.8802;1039.8;897.425;1937.22;3072;51.323;1.87197
10.8902;1039.8;897.425;1937.22;3072;53.823;1.87197
10.9002;1039.8;897.425;1937.22;3072;51.9636;1.87197
10.9102;1039.8;897.425;1937.22;3072;51.6243;1.87197
10.9202;1039.8;897.425;1937.22;3072;50.3571;1.87197
10.9302;1039.8;897.425;1937.22;3072;53.3729;1.87197
10.9402;1039.8;897.425;1937.22;3072;54.7234;1.87197
10.9502;1039.8;897.425;1937.22;3072;51.9877;1.87197
10.9602;1039.8;897.425;1937.22;3072;51.3949;1.87197
10.9702;1039.8;897.425;1937.22;3072;50.7237;1.87197
10.9802;1039.8;897.425;1937.22;3072;51.3607;1.87197
10.9902;1039.8;897.425;1937.22;3072;54.3791;1.87197
11.0002;1039.8;897.425;1937.22;3072;51.9603;1.87197
11.0102;1039.8;897.425;1937.22;3072;53.8015;1.87197
11.0202;1039.8;897.425;1937.22;3072;56.3542;1.87197
11.0302;1039.8;897.425;1937.22;3072;57.1058;1.87197
11.0402;1039.8;897.425;1937.22;3072;57.9262;1.87197
11.0502;1039.8;897.425;1937.22;3072;56.7017;1.87197
11.0602;1039.8;897.425;1937.22;3072;57.9073;1.87197
11.0702;1039.8;897.425;1937.22;3072;57.7485;1.87197
11.0802;1039.8;897.425;1937.22;3072;55.0603;1.87197
11.0902;1039.8;897.425;1937.22;3072;56.4626;1.87197
11.1002;1039.8;897.425;1937.22;3072;54.6136;1.87197
11.1102;1039.8;897.425;1937.22;3072;55.1209;1.87197
11.1202;1039.8;897.425;1937.22;3072;55.8398;1.87197
11.1302;1039.8;897.425;1937.22;3072;52.7484;1.87197
11.1402;1039.8;897.425;1937.22;3072;54.211;1.87197
11.1502;1039.8;897.425;1937.22;3072;56.8167;1.87197
11.1602;1039.8;897.425;1937.22;3072;56.9671;1.87197
11.1702;1039.8;897.425;1937.22;3072;55.9814;1.87197
11.1802;1039.8;897.425;1937.22;3072;53.0199;1.87197
11.1902;1039.8;897.425;1937.22;3072;55.1152;1.87197
11.2002;1039.8;897.425;1937.22;3072;58.0967;1.87197
11.2102;1039.8;897.425;1937.22;3072;56.0211;1.87197
11.2202;1039.8;897.425;1937.22;3072;55.3479;1.87197
11.2302;1039.8;897.425;1937.22;3072;52.5853;1.87197
11.2402;1039.8;897.425;1937.22;3072;52.0187;1.87197
11.2502;1039.8;897.425;1937.22;3072;53.2614;1.87197
11.2602;1039.8;897.425;1937.22;3072;52.0021;1.87197
11.2702;1039.8;897.425;1937.22;3072;52.8657;1.87197
11.2802;1039.8;897.425;1937.22;3072;50.899;1.87197
11.2902;1039.8;897.425;1937.22;3072;51.6527;1.87197
11.3002;1039.8;897.425;1937.22;3072;52.7373;1.87197
11.3102;1039.8;897.425;1937.22;3072;50.9941;1.87197
11.3202;1039.8;897.425;1937.22;3072;51.4372;1.87197
11.3302;1039.8;897.425;1937.22;3072;49.4369;1.87197
11.3402;1039.8;897.425;1937.22;3072;49.6095;1.87197
11.3502;1039.8;897.425;1937.22;3072;50.8737;1.87197
11.3602;1039.8;897.425;1937.22;3072;49.9106;1.87197
11.3702;1039.8;897.425;1937.22;3072;53.1115;1.87197
11.3802;1039.8;897.425;1937.22;3072;53.0857;1.87197
11.3902;1039.8;897.425;1937.22;3072;52.1248;1.87197
11.4002;1039.8;897.425;1937.22;3072;53.9936;1.87197
11.4102;1039.8;897.425;1937.22;3072;52.3551;1.87197
11.4202;1039.8;897.425;1937.22;3072;54.2468;1.87197
11.4302;1039.8;897.425;1937.22;3072;52.9632;1.87197
11.4402;1039.8;897.425;1937.22;3072;50.0716;1.87197
11.4502;1039.8;897.425;1937.22;3072;49.8964;1.87197
11.4602;1039.8;897.425;1937.22;3072;48.8025;1.87197
11.4702;1039.8;897.425;1937.22;3072;50.979;1.87197
11.4802;1039.8;897.425;1937.22;3072;51.0752;1.87197
11.4902;1039.8;897.425;1937.22;3072;49.281;1.87197
11.5002;1039.8;897.425;1937.22;3072;50.7034;1.87197
11.5102;1039.8;897.425;1937.22;3072;50.1811;1.87197
11.5202;1039.8;897.425;1937.22;3072;51.9263;1.87197
11.5302;1039.8;897.425;1937.22;3072;51.5912;1.87197
11.5402;1039.8;897.425;1937.22;3072;49.6819;1.87197
11.5502;1039.8;897.425;1937.22;3072;50.5268;1.87197
11.5602;1039.8;897.425;1937.22;3072;49.6136;1.87197
11.5702;1039.8;897.425;1937.22;3072;51.2984;1.87197
11.5802;1039.8;897.425;1937.22;3072;54.0982;1.87197
11.5902;1039.8;897.425;1937.22;3072;51.4427;1.87197
11.6002;1039.8;897.425;1937.22;3072;52.1713;1.87197
11.6102;1039.8;897.425;1937.22;3072;51.7235;1.87197
11.6202;1039.8;897.425;1937.22;3072;53.0495;1.87197
11.6302;1039.8;897.425;1937.22;3072;54.9031;1.87197
11.6402;1039.8;897.425;1937.22;3072;55.1835;1.87197
11.6502;1039.8;897.425;1937.22;3072;54.75;1.87197
11.6602;1039.8;897.425;1937.22;3072;53.9118;1.87197
11.6702;1039.8;897.425;1937.22;3072;51.5455;1.87197
11.6802;1039.8;897.425;1937.22;3072;55.4634;1.87197
11.6902;1039.8;897.425;1937.22;3072;55.2918;1.87197
11.7002;1039.8;897.425;1937.22;3072;54.893;1.87197
11.7102;1039.8;897.425;1937.22;3072;56.366;1.87197
11.7202;1039.8;897.425;1937.22;3072;54.6602;1.87197
11.7302;1039.8;897.425;1937.22;3072;55.8805;1.87197
11.7402;1039.8;897.425;1937.22;3072;57.6085;1.87197
11.7502;1039.8;897.425;1937.22;3072;56.9111;1.87197
11.7602;1039.8;897.425;1937.22;3072;57.671;1.87197
11.7702;1039.8;897.425;1937.22;3072;54.5092;1.87197
11.7802;1039.8;897.425;1937.22;3072;55.4328;1.87197
11.7902;1039.8;897.425;1937.22;3072;55.6016;1.87197
11.8002;1039.8;897.425;1937.22;3072;53.6174;1.87197
11.8102;1039.8;897.425;1937.22;3072;54.1778;1.87197
11.8202;1039.8;897.425;1937.22;3072;51.3257;1.87197
11.8302;1039.8;897.425;1937.22;3072;51.107;1.87197
11.8402;1039.8;897.425;1937.22;3072;52.4396;1.87197
11.8502;1039.8;897.425;1937.22;3072;52.1386;1.87197
11.8602;1039.8;897.425;1937.22;3072;54.7388;1.87197
11.8702;1039.8;897.425;1937.22;3072;54.1703;1.87197
11.8802;1039.8;897.425;1937.22;3072;52.819;1.87197
11.8902;1039.8;897.425;1937.22;3072;54.1623;1.87197
11.9002;1039.8;897.425;1937.22;3072;52.4985;1.87197
11.9102;1039.8;897.425;1937.22;3072;53.1608;1.87197
11.9202;1039.8;897.425;1937.22;3072;51.131;1.87197
11.9302;1039.8;897.425;1937.22;3072;48.8616;1.87197
11.9402;1039.8;897.425;1937.22;3072;48.7722;1.87197
11.9502;1039.8;897.425;1937.22;3072;47.4773;1.87197
11.9602;1039.8;897.425;1937.22;3072;50.0453;1.87197
11.9702;1039.8;897.425;1937.22;3072;50.3904;1.87197
11.9802;1039.8;897.425;1937.22;3072;48.7441;1.87197
11.9902;1039.8;897.425;1937.22;3072;49.4329;1.87197
12.0002;1039.8;897.425;1937.22;3072;49.3282;1.87197
12.0102;1039.8;897.425;1937.22;3072;51.6841;1.87197
12.0202;1039.8;897.425;1937.22;3072;54.1472;1.87197
12.0302;1039.8;897.425;1937.22;3072;51.8135;1.87197
12.0402;1039.8;897.425;1937.22;3072;52.1879;1.87197
12.0502;1039.8;897.425;1937.22;3072;51.4176;1.87197
12.0602;1039.8;897.425;1937.22;3072;50.3296;1.87197
12.0702;1039.8;897.425;1937.22;3072;52.6957;1.87197
12.0802;1039.8;897.425;1937.22;3072;50.614;1.87197
12.0902;1039.8;897.425;1937.22;3072;51.8018;1.87197
12.1002;1039.8;897.425;1937.22;3072;51.5441;1.87197
12.1102;1039.8;897.425;1937.22;3072;51.6005;1.87197
12.1202;1039.8;897.425;1937.22;3072;54.4425;1.87197
12.1302;1039.8;897.425;1937.22;3072;56.5022;1.87197
12.1402;1039.8;897.425;1937.22;3072;57.2305;1.87197
12.1502;1039.8;897.425;1937.22;3072;57.9931;1.87197
12.1602;1039.8;897.425;1937.22;3072;54.9987;1.87197
12.1702;1039.8;897.425;1937.22;3072;58.2015;1.87197
12.1802;1039.8;897.425;1937.22;3072;58.0197;1.87197
12.1902;1039.8;897.425;1937.22;3072;56.6321;1.87197
12.2002;1039.8;897.425;1937.22;3072;57.4011;1.87197
12.2102;1039.8;897.425;1937.22;3072;55.0431;1.87197
12.2202;1039.8;897.425;1937.22;3072;55.4973;1.87197
12.2302;1039.8;897.425;1937.22;3072;55.7192;1.87197
12.2402;1039.8;897.425;1937.22;3072;55.9855;1.87197
12.2502;1039.8;897.425;1937.22;3072;56.7663;1.87197
12.2602;1039.8;897.425;1937.22;3072;53.6089;1.87197
12.2702;1039.8;897.425;1937.22;3072;54.8804;1.87197
12.2802;1039.8;897.425;1937.22;3072;56.2969;1.87197
12.2902;1039.8;897.425;1937.22;3072;54.2453;1.87197
12.3002;1039.8;897.425;1937.22;3072;55.3427;1.87197
12.3102;1039.8;897.425;1937.22;3072;52.4231;1.87197
12.3202;1039.8;897.425;1937.22;3072;51.1519;1.87197
12.3302;1039.8;897.425;1937.22;3072;52.9189;1.87197
12.3402;1039.8;897.425;1937.22;3072;52.5542;1.87197
12.3502;1039.8;897.425;1937.22;3072;52.9549;1.87197
12.3602;1039.8;897.425;1937.22;3072;52.4253;1.87197
12.3702;1039.8;897.425;1937.22;3072;51.3016;1.87197
12.3802;1039.8;897.425;1937.22;3072;52.0996;1.87197
12.3902;1039.8;897.425;1937.22;3072;50.7324;1.87197
12.4002;1039.8;897.425;1937.22;3072;51.0557;1.87197
12.4102;1039.8;897.425;1937.22;3072;49.3543;1.87197
12.4202;1039.8;897.425;1937.22;3072;47.6915;1.87197
12.4302;1039.8;897.425;1937.22;3072;48.5842;1.87197
12.4402;1039.8;897.425;1937.22;3072;47.353;1.87197
12.4502;1039.8;897.425;1937.22;3072;48.8043;1.87197
12.4602;1039.8;897.425;1937.22;3072;50.4281;1.87197
12.4702;1039.8;897.425;1937.22;3072;49.2562;1.87197
12.4802;1039.8;897.425;1937.22;3072;49.7384;1.87197
12.4902;1039.8;897.425;1937.22;3072;50.1186;1.87197
12.5002;1039.8;897.425;1937.22;3072;52.7638;1.87197
12.5102;1039.8;897.425;1937.22;3072;55.3945;1.87197
12.5202;1039.8;897.425;1937.22;3072;53.4215;1.87197
12.5302;1039.8;897.425;1937.22;3072;52.9691;1.87197
12.5402;1039.8;897.425;1937.22;3072;51.5954;1.87197
12.5502;1039.8;897.425;1937.22;3072;53.9774;1.87197
12.5602;1039.8;897.425;1937.22;3072;55.9054;1.87197
12.5702;1039.8;897.425;1937.22;3072;53.8164;1.87197
12.5802;1039.8;897.425;1937.22;3072;53.2516;1.87197
12.5902;1039.8;897.425;1937.22;3072;54.3634;1.87197
12.6002;1039.8;897.425;1937.22;3072;53.4346;1.87197
12.6102;1039.8;897.425;1937.22;3072;56.8563;1.87197
12.6202;1039.8;897.425;1937.22;3072;58.4832;1.87197
12.6302;1039.8;897.425;1937.22;3072;58.3883;1.87197
12.6402;1039.8;897.425;1937.22;3072;60.209;1.87197
12.6502;1039.8;897.425;1937.22;3072;56.7878;1.87197
12.6602;1039.8;897.425;1937.22;3072;58.5375;1.87197
12.6702;1039.8;897.425;1937.22;3072;58.0865;1.87197
12.6802;1039.8;897.425;1937.22;3072;58.9899;1.87197
12.6902;1039.8;897.425;1937.22;3072;58.3601;1.87197
12.7002;1039.8;897.425;1937.22;3072;55.0538;1.87197
12.7102;1039.8;897.425;1937.22;3072;56.2037;1.87197
12.7202;1039.8;897.425;1937.22;3072;56.3791;1.87197
12.7302;1039.8;897.425;1937.22;3072;55.4548;1.87197
12.7402;1039.8;897.425;1937.22;3072;55.8482;1.87197
12.7502;1039.8;897.425;1937.22;3072;53.9345;1.87197
12.7602;1039.8;897.425;1937.22;3072;54.3696;1.87197
12.7702;1039.8;897.425;1937.22;3072;57.0075;1.87197
12.7802;1039.8;897.425;1937.22;3072;56.6376;1.87197
12.7902;1039.8;897.425;1937.22;3072;57.4489;1.87197
12.8002;1039.8;897.425;1937.22;3072;54.8646;1.87197
12.8102;1039.8;897.425;1937.22;3072;54.5897;1.87197
12.8202;1039.8;897.425;1937.22;3072;53.6362;1.87197
12.8302;1039.8;897.425;1937.22;3072;51.75;1.87197
12.8402;1039.8;897.425;1937.22;3072;51.5381;1.87197
12.8502;1039.8;897.425;1937.22;3072;51.662;1.87197
12.8602;1039.8;897.425;1937.22;3072;49.5863;1.87197
12.8702;1039.8;897.425;1937.22;3072;49.7858;1.87197
12.8802;1039.8;897.425;1937.22;3072;49.8908;1.87197
12.8902;1039.8;897.425;1937.22;3072;51.8978;1.87197
12.9002;1039.8;897.425;1937.22;3072;52.1257;1.87197
12.9102;1039.8;897.425;1937.22;3072;50.901;1.87197
12.9202;1039.8;897.425;1937.22;3072;51.9772;1.87197
12.9302;1039.8;897.425;1937.22;3072;51.1967;1.87197
12.9402;1039.8;897.425;1937.22;3072;53.4343;1.87197
12.9502;1039.8;897.425;1937.22;3072;55.6721;1.87197
12.9602;1039.8;897.425;1937.22;3072;52.8206;1.87197
12.9702;1039.8;897.425;1937.22;3072;52.4645;1.87197
12.9802;1039.8;897.425;1937.22;3072;52.5373;1.87197
12.9902;1039.8;897.425;1937.22;3072;52.3395;1.87197
13.0002;1039.8;897.425;1937.22;3072;54.2091;1.87197
13.0102;1039.8;897.425;1937.22;3072;56.4758;1.87197
13.0202;1039.8;897.425;1937.22;3072;56.3532;1.87197
13.0302;1039.8;897.425;1937.22;3072;55.6392;1.87197
13.0402;1039.8;897.425;1937.22;3072;55.0303;1.87197
13.0502;1039.8;897.425;1937.22;3072;57.8025;1.87197
13.0602;1039.8;897.425;1937.22;3072;58.779;1.87197
13.0702;1039.8;897.425;1937.22;3072;59.0139;1.87197
13.0802;1039.8;897.425;1937.22;3072;58.1678;1.87197
13.0902;1039.8;897.425;1937.22;3072;55.2052;1.87197
13.1002;1039.8;897.425;1937.22;3072;57.902;1.87197
13.1102;1039.8;897.425;1937.22;3072;58.5732;1.87197
13.1202;1039.8;897.425;1937.22;3072;56.1764;1.87197
13.1302;1039.8;897.425;1937.22;3072;56.07;1.87197
13.1402;1039.8;897.425;1937.22;3072;53.5548;1.87197
13.1502;1039.8;897.425;1937.22;3072;53.9245;1.87197
13.1602;1039.8;897.425;1937.22;3072;54.7206;1.87197
13.1702;1039.8;897.425;1937.22;3072;54.1792;1.87197
13.1802;1039.8;897.425;1937.22;3072;55.2302;1.87197
13.1902;1039.8;897.425;1937.22;3072;53.4358;1.87197
13.2002;1039.8;897.425;1937.22;3072;54.2009;1.87197
13.2102;1039.8;897.425;1937.22;3072;53.6319;1.87197
13.2202;1039.8;897.425;1937.22;3072;52.4347;1.87197
13.2302;1039.8;897.425;1937.22;3072;54.1641;1.87197
13.2402;1039.8;897.425;1937.22;3072;55.2559;1.87197
13.2502;1039.8;897.425;1937.22;3072;52.3797;1.87197
13.2602;1039.8;897.425;1937.22;3072;52.1846;1.87197
13.2702;1039.8;897.425;1937.22;3072;50.802;1.87197
13.2802;1039.8;897.425;1937.22;3072;52.7806;1.87197
13.2902;1039.8;897.425;1937.22;3072;52.3287;1.87197
13.3002;1039.8;897.425;1937.22;3072;50.3563;1.87197
13.3102;1039.8;897.425;1937.22;3072;51.4035;1.87197
13.3202;1039.8;897.425;1937.22;3072;51.1635;1.87197
13.3302;1039.8;897.425;1937.22;3072;52.513;1.87197
13.3402;1039.8;897.425;1937.22;3072;54.8919;1.87197
13.3502;1039.8;897.425;1937.22;3072;52.3102;1.87197
13.3602;1039.8;897.425;1937.22;3072;53.373;1.87197
13.3702;1039.8;897.425;1937.22;3072;54.6769;1.87197
13.3802;1039.8;897.425;1937.22;3072;54.4387;1.87197
13.3902;1039.8;897.425;1937.22;3072;56.6273;1.87197
13.4002;1039.8;897.425;1937.22;3072;53.6788;1.87197
13.4102;1039.8;897.425;1937.22;3072;54.4492;1.87197
13.4202;1039.8;897.425;1937.22;3072;54.9127;1.87197
13.4302;1039.8;897.425;1937.22;3072;53.7818;1.87197
13.4402;1039.8;897.425;1937.22;3072;55.4821;1.87197
13.4502;1039.8;897.425;1937.22;3072;57.289;1.87197
13.4602;1039.8;897.425;1937.22;3072;57.1415;1.87197
13.4702;1039.8;897.425;1937.22;3072;56.639;1.87197
13.4802;1039.8;897.425;1937.22;3072;53.4595;1.87197
13.4902;1039.8;897.425;1937.22;3072;55.9753;1.87197
13.5002;1039.8;897.425;1937.22;3072;57.5618;1.87197
13.5102;1039.8;897.425;1937.22;3072;56.0069;1.87197
13.5202;1039.8;897.425;1937.22;3072;55.7306;1.87197
13.5302;1039.8;897.425;1937.22;3072;53.055;1.87197
13.5402;1039.8;897.425;1937.22;3072;52.7875;1.87197
13.5502;1039.8;897.425;1937.22;3072;54.2636;1.87197
13.5602;1039.8;897.425;1937.22;3072;52.4361;1.87197
13.5702;1039.8;897.425;1937.22;3072;52.7271;1.87197
13.5802;1039.8;897.425;1937.22;3072;51.1324;1.87197
13.5902;1039.8;897.425;1937.22;3072;51.734;1.87197
13.6002;1039.8;897.425;1937.22;3072;52.8793;1.87197
13.6102;1039.8;897.425;1937.22;3072;50.9986;1.87197
13.6202;1039.8;897.425;1937.22;3072;52.8297;1.87197
13.6302;1039.8;897.425;1937.22;3072;52.1117;1.87197
13.6402;1039.8;897.425;1937.22;3072;49.918;1.87197
13.6502;1039.8;897.425;1937.22;3072;49.8572;1.87197
13.6602;1039.8;897.425;1937.22;3072;49.0443;1.87197
13.6702;1039.8;897.425;1937.22;3072;51.8541;1.87197
13.6802;1039.8;897.425;1937.22;3072;53.897;1.87197
13.6902;1039.8;897.425;1937.22;3072;50.9559;1.87197
13.7002;1039.8;897.425;1937.22;3072;50.8943;1.87197
13.7102;1039.8;897.425;1937.22;3072;50.7829;1.87197
13.7202;1039.8;897.425;1937.22;3072;52.8579;1.87197
13.7302;1039.8;897.425;1937.22;3072;53.6405;1.87197
13.7402;1039.8;897.425;1937.22;3072;52.1956;1.87197
13.7502;1039.8;897.425;1937.22;3072;53.076;1.87197
13.7602;1039.8;897.425;1937.22;3072;53.515;1.87197
13.7702;1039.8;897.425;1937.22;3072;53.7968;1.87197
13.7802;1039.8;897.425;1937.22;3072;56.0518;1.87197
13.7902;1039.8;897.425;1937.22;3072;53.649;1.87197
13.8002;1039.8;897.425;1937.22;3072;55.2479;1.87197
13.8102;1039.8;897.425;1937.22;3072;56.4245;1.87197
13.8202;1039.8;897.425;1937.22;3072;55.6227;1.87197
13.8302;1039.8;897.425;1937.22;3072;56.6833;1.87197
13.8402;1039.8;897.425;1937.22;3072;56.011;1.87197
13.8502;1039.8;897.425;1937.22;3072;56.6026;1.87197
13.8602;1039.8;897.425;1937.22;3072;56.9208;1.87197
13.8702;1039.8;897.425;1937.22;3072;53.2413;1.87197
13.8802;1039.8;897.425;1937.22;3072;55.101;1.87197
13.8902;1039.8;897.425;1937.22;3072;55.8278;1.87197
13.9002;1039.8;897.425;1937.22;3072;55.628;1.87197
13.9102;1039.8;897.425;1937.22;3072;55.4995;1.87197
13.9202;1039.8;897.425;1937.22;3072;52.6183;1.87197
13.9302;1039.8;897.425;1937.22;3072;53.1742;1.87197
13.9402;1039.8;897.425;1937.22;3072;55.9894;1.87197
13.9502;1039.8;897.425;1937.22;3072;55.3693;1.87197
13.9602;1039.8;897.425;1937.22;3072;55.4976;1.87197
13.9702;1039.8;897.425;1937.22;3072;52.6131;1.87197
13.9802;1039.8;897.425;1937.22;3072;53.1774;1.87197
13.9902;1039.8;897.425;1937.22;3072;54.9759;1.87197
14.0002;1039.8;897.425;1937.22;3072;52.2321;1.87197
14.0102;1039.8;897.425;1937.22;3072;51.934;1.87197
14.0202;1039.8;897.425;1937.22;3072;50.1232;1.87197
14.0302;1039.8;897.425;1937.22;3072;48.9388;1.87197
14.0402;1039.8;897.425;1937.22;3072;49.7431;1.87197
14.0502;1039.8;897.425;1937.22;3072;48.2422;1.87197
14.0602;1039.8;897.425;1937.22;3072;50.8875;1.87197
14.0702;1039.8;897.425;1937.22;3072;53.8414;1.87197
14.0802;1039.8;897.425;1937.22;3072;52.1233;1.87197
14.0902;1039.8;897.425;1937.22;3072;52.0132;1.87197
14.1002;1039.8;897.425;1937.22;3072;51.0321;1.87197
14.1102;1039.8;897.425;1937.22;3072;54.0871;1.87197
14.1202;1039.8;897.425;1937.22;3072;55.5498;1.87197
14.1302;1039.8;897.425;1937.22;3072;52.9518;1.87197
14.1402;1039.8;897.425;1937.22;3072;52.183;1.87197
14.1502;1039.8;897.425;1937.22;3072;51.1086;1.87197
14.1602;1039.8;897.425;1937.22;3072;53.3713;1.87197
14.1702;1039.8;897.425;1937.22;3072;56.3128;1.87197
14.1802;1039.8;897.425;1937.22;3072;53.8138;1.87197
14.1902;1039.8;897.425;1937.22;3072;53.7329;1.87197
14.2002;1039.8;897.425;1937.22;3072;56.641;1.87197
14.2102;1039.8;897.425;1937.22;3072;56.3279;1.87197
14.2202;1039.8;897.425;1937.22;3072;57.983;1.87197
14.2302;1039.8;897.425;1937.22;3072;58.4716;1.87197
14.2402;1039.8;897.425;1937.22;3072;58.9554;1.87197
14.2502;1039.8;897.425;1937.22;3072;59.8333;1.87197
14.2602;1039.8;897.425;1937.22;3072;56.3866;1.87197
14.2702;1039.8;897.425;1937.22;3072;57.2864;1.87197
14.2802;1039.8;897.425;1937.22;3072;56.796;1.87197
14.2902;1039.8;897.425;1937.22;3072;57.0155;1.87197
14.3002;1039.8;897.425;1937.22;3072;56.8656;1.87197
14.3102;1039.8;897.425;1937.22;3072;53.2721;1.87197
14.3202;1039.8;897.425;1937.22;3072;54.8464;1.87197
14.3302;1039.8;897.425;1937.22;3072;55.8122;1.87197
14.3402;1039.8;897.425;1937.22;3072;55.0482;1.87197
14.3502;1039.8;897.425;1937.22;3072;55.6276;1.87197
14.3602;1039.8;897.425;1937.22;3072;54.3255;1.87197
14.3702;1039.8;897.425;1937.22;3072;53.394;1.87197
14.3802;1039.8;897.425;1937.22;3072;55.1039;1.87197
14.3902;1039.8;897.425;1937.22;3072;53.1993;1.87197
14.4002;1039.8;897.425;1937.22;3072;53.5373;1.87197
14.4102;1039.8;897.425;1937.22;3072;51.4427;1.87197
14.4202;1039.8;897.425;1937.22;3072;51.2996;1.87197
14.4302;1039.8;897.425;1937.22;3072;50.8141;1.87197
14.4402;1039.8;897.425;1937.22;3072;49.2944;1.87197
14.4502;1039.8;897.425;1937.22;3072;49.5443;1.87197
14.4602;1039.8;897.425;1937.22;3072;51.0809;1.87197
14.4702;1039.8;897.425;1937.22;3072;49.0382;1.87197
14.4802;1039.8;897.425;1937.22;3072;49.7566;1.87197
14.4902;1039.8;897.425;1937.22;3072;50.105;1.87197
14.5002;1039.8;897.425;1937.22;3072;52.4685;1.87197
14.5102;1039.8;897.425;1937.22;3072;55.5035;1.87197
14.5202;1039.8;897.425;1937.22;3072;53.2472;1.87197
14.5302;1039.8;897.425;1937.22;3072;53.5636;1.87197
14.5402;1039.8;897.425;1937.22;3072;52.9579;1.87197
14.5502;1039.8;897.425;1937.22;3072;54.9626;1.87197
14.5602;1039.8;897.425;1937.22;3072;56.4256;1.87197
14.5702;1039.8;897.425;1937.22;3072;54.3565;1.87197
14.5802;1039.8;897.425;1937.22;3072;53.4767;1.87197
14.5902;1039.8;897.425;1937.22;3072;53.2853;1.87197
14.6002;1039.8;897.425;1937.22;3072;51.7063;1.87197
14.6102;1039.8;897.425;1937.22;3072;54.9211;1.87197
14.6202;1039.8;897.425;1937.22;3072;57.644;1.87197
14.6302;1039.8;897.425;1937.22;3072;57.3758;1.87197
14.6402;1039.8;897.425;1937.22;3072;58.1208;1.87197
14.6502;1039.8;897.425;1937.22;3072;55.4516;1.87197
14.6602;1039.8;897.425;1937.22;3072;55.7802;1.87197
14.6702;1039.8;897.425;1937.22;3072;57.4508;1.87197
14.6802;1039.8;897.425;1937.22;3072;55.7205;1.87197
14.6902;1039.8;897.425;1937.22;3072;55.2883;1.87197
14.7002;1039.8;897.425;1937.22;3072;53.0433;1.87197
14.7102;1039.8;897.425;1937.22;3072;53.3637;1.87197
14.7202;1039.8;897.425;1937.22;3072;53.105;1.87197
14.7302;1039.8;897.425;1937.22;3072;51.1653;1.87197
14.7402;1039.8;897.425;1937.22;3072;53.0197;1.87197
14.7502;1039.8;897.425;1937.22;3072;55.3956;1.87197
14.7602;1039.8;897.425;1937.22;3072;52.4029;1.87197
14.7702;1039.8;897.425;1937.22;3072;51.8387;1.87197
14.7802;1039.8;897.425;1937.22;3072;50.6524;1.87197
14.7902;1039.8;897.425;1937.22;3072;53.0425;1.87197
14.8002;1039.8;897.425;1937.22;3072;54.8771;1.87197
14.8102;1039.8;897.425;1937.22;3072;51.7296;1.87197
14.8202;1039.8;897.425;1937.22;3072;52.043;1.87197
14.8302;1039.8;897.425;1937.22;3072;52.5803;1.87197
14.8402;1039.8;897.425;1937.22;3072;54.4706;1.87197
14.8502;1039.8;897.425;1937.22;3072;58.1246;1.87197
14.8602;1039.8;897.425;1937.22;3072;57.1994;1.87197
14.8702;1039.8;897.425;1937.22;3072;57.9933;1.87197
14.8802;1039.8;897.425;1937.22;3072;59.2519;1.87197
14.8902;1039.8;897.425;1937.22;3072;56.7381;1.87197
14.9002;1039.8;897.425;1937.22;3072;58.7636;1.87197
14.9102;1039.8;897.425;1937.22;3072;56.9842;1.87197
14.9202;1039.8;897.425;1937.22;3072;56.5244;1.87197
14.9302;1039.8;897.425;1937.22;3072;56.6189;1.87197
14.9402;1039.8;897.425;1937.22;3072;53.3581;1.87197
14.9502;1039.8;897.425;1937.22;3072;54.0476;1.87197
14.9602;1039.8;897.425;1937.22;3072;55.1726;1.87197
14.9702;1039.8;897.425;1937.22;3072;54.5635;1.87197
14.9802;1039.8;897.425;1937.22;3072;54.944;1.87197
14.9902;1039.8;897.425;1937.22;3072;53.2194;1.87197
