0;1022.72;-0.10593;1022.61;341.333;1.5131;1.71598
0.01;1022.72;-0.145724;1022.57;341.333;1.6076;1.71598
0.02;1022.72;-0.0539276;1022.66;341.333;1.7008;1.71598
0.03;1022.72;-0.128818;1022.59;341.333;1.835;1.71598
0.04;1022.72;-0.132724;1022.58;341.333;1.7158;1.71598
0.05;1022.72;-0.218906;1022.5;341.333;1.5234;1.71598
0.06;1022.72;-0.113742;1022.6;341.333;1.4587;1.71598
0.07;1022.72;-0.217197;1022.5;341.333;1.6534;1.71598
0.08;1022.72;-0.136691;1022.58;341.333;1.75;1.71598
0.09;1022.72;-0.15433;1022.56;341.333;1.8623;1.71598
0.1;1022.72;-0.242099;1022.47;341.333;1.7109;1.71598
0.11;1022.72;-0.275912;1022.44;341.333;1.6493;1.71598
0.12;1022.72;-0.406039;1022.31;341.333;1.5302;1.71598
0.13;1022.72;-0.328342;1022.39;341.333;1.5842;1.71598
0.14;1022.72;-0.199313;1022.52;341.333;1.6981;1.71598
0.15;1022.72;-0.202121;1022.51;341.333;1.8015;1.71598
0.16;1022.72;-0.119601;1022.6;341.333;1.7355;1.71598
0.17;1022.72;-0.261935;1022.46;341.333;1.6995;1.71598
0.18;1022.72;-0.189487;1022.53;341.333;1.5812;1.71598
0.19;1022.72;-0.238803;1022.48;341.333;1.5422;1.71598
0.2;1022.72;-0.141086;1022.58;341.333;1.605;1.71598
0.21;1022.72;-0.0336029;1022.68;341.333;1.7577;1.71598
0.22;1022.72;-0.0325043;1022.68;341.333;1.8402;1.71598
0.23;1022.72;-0.0495941;1022.67;341.333;1.7933;1.71598
0.24;1022.72;-0.0915863;1022.63;341.333;1.7048;1.71598
0.25;1022.72;-0.172641;1022.54;341.333;1.6095;1.71598
0.26;1022.72;-0.0346405;1022.68;341.333;1.6252;1.71598
0.27;1022.72;0.0592926;1022.78;341.333;1.7134;1.71598
0.28;1022.72;0.0566071;1022.77;341.333;1.7581;1.71598
0.29;1022.72;0.0329865;1022.75;341.333;1.7321;1.71598
0.3;1022.72;0.0913971;1022.81;341.333;1.7142;1.71598
0.31;1022.72;-0.0295135;1022.69;341.333;1.6408;1.71598
0.32;1022.72;-0.0398285;1022.68;341.333;1.678;1.71598
0.33;1022.72;0.110684;1022.83;341.333;1.7511;1.71598
0.34;1022.72;0.179105;1022.9;341.333;1.8001;1.71598
0.35;1022.72;0.0992706;1022.82;341.333;1.7449;1.71598
0.36;1022.72;0.0422028;1022.76;341.333;1.7737;1.71598
0.37;1022.72;-0.169284;1022.55;341.333;1.6732;1.71598
0.38;1022.72;-0.179538;1022.54;341.333;1.7421;1.71598
0.39;1022.72;-0.12601;1022.59;341.333;1.7358;1.71598
0.4;1022.72;-0.132114;1022.58;341.333;1.7108;1.71598
0.41;1022.72;-0.227695;1022.49;341.333;1.7111;1.71598
0.42;1022.72;-0.261691;1022.46;341.333;1.7983;1.71598
0.43;1022.72;-0.253207;1022.46;341.333;1.7467;1.71598
0.44;1022.72;-0.212802;1022.5;341.333;1.7359;1.71598
0.45;1022.72;-0.223483;1022.49;341.333;1.6077;1.71598
0.46;1022.72;-0.132907;1022.58;341.333;1.6016;1.71598
0.47;1022.72;-0.194736;1022.52;341.333;1.6488;1.71598
0.48;1022.72;-0.116428;1022.6;341.333;1.7567;1.71598
0.49;1022.72;-0.061496;1022.66;341.333;1.853;1.71598
0.5;1022.72;-0.223483;1022.49;341.333;1.7164;1.71598
0.51;1022.72;-0.114719;1022.6;341.333;1.5701;1.71598
0.52;1022.72;-0.166537;1022.55;341.333;1.5007;1.71598
0.53;1022.72;-0.122043;1022.59;341.333;1.5683;1.71598
0.54;1022.72;0.0419586;1022.76;341.333;1.6514;1.71598
0.55;1022.72;0.0716827;1022.79;341.333;1.8071;1.71598
0.56;1022.72;0.00478821;1022.72;341.333;1.7402;1.71598
0.57;1022.72;0.0216949;1022.74;341.333;1.7015;1.71598
0.58;1022.72;0.0184601;1022.74;341.333;1.5691;1.71598
0.59;1022.72;-0.0252411;1022.69;341.333;1.5216;1.71598
0.6;1022.72;0.131192;1022.85;341.333;1.6116;1.71598
0.61;1022.72;0.147672;1022.86;341.333;1.8735;1.71598
0.62;1022.72;0.0666168;1022.78;341.333;1.8771;1.71598
0.63;1022.72;-0.0386078;1022.68;341.333;1.8506;1.71598
0.64;1022.72;-0.0412933;1022.68;341.333;1.77;1.71598
0.65;1022.72;-0.0395844;1022.68;341.333;1.6272;1.71598
0.66;1022.72;0.0299957;1022.75;341.333;1.6448;1.71598
0.67;1022.72;-0.0105316;1022.71;341.333;1.7744;1.71598
0.68;1022.72;-0.0846893;1022.63;341.333;1.7953;1.71598
0.69;1022.72;-0.22269;1022.49;341.333;1.7371;1.71598
0.7;1022.72;-0.171542;1022.55;341.333;1.6875;1.71598
0.71;1022.72;-0.280185;1022.44;341.333;1.6502;1.71598
0.72;1022.72;-0.130038;1022.59;341.333;1.7149;1.71598
0.73;1022.72;-0.294894;1022.42;341.333;1.6563;1.71598
0.74;1022.72;-0.129489;1022.59;341.333;1.6898;1.71598
0.75;1022.72;-0.265292;1022.45;341.333;1.6129;1.71598
0.76;1022.72;-0.217929;1022.5;341.333;1.585;1.71598
0.77;1022.72;-0.134311;1022.58;341.333;1.593;1.71598
0.78;1022.72;-0.111728;1022.61;341.333;1.6479;1.71598
0.79;1022.72;0.0715607;1022.79;341.333;1.6636;1.71598
0.8;1022.72;-0.0328094;1022.68;341.333;1.762;1.71598
0.81;1022.72;-0.183139;1022.53;341.333;1.6653;1.71598
0.82;1022.72;-0.148593;1022.57;341.333;1.6162;1.71598
0.83;1022.72;-0.0455048;1022.67;341.333;1.5983;1.71598
0.839999;1022.72;0.0837067;1022.8;341.333;1.6026;1.71598
0.849999;1022.72;0.019986;1022.74;341.333;1.6115;1.71598
0.859999;1022.72;0.117703;1022.83;341.333;1.704;1.71598
0.869999;1022.72;0.0606964;1022.78;341.333;1.6459;1.71598
0.879999;1022.72;-0.097995;1022.62;341.333;1.5827;1.71598
0.889999;1022.72;-0.071933;1022.65;341.333;1.5916;1.71598
0.899999;1022.72;-0.0235931;1022.69;341.333;1.6288;1.71598
0.909999;1022.72;0.0299957;1022.75;341.333;1.6478;1.71598
0.919999;1022.72;0.0585602;1022.78;341.333;1.6166;1.71598
0.929999;1022.72;0.0486115;1022.77;341.333;1.6403;1.71598
0.939999;1022.72;-0.0661957;1022.65;341.333;1.5109;1.71598
0.949999;1022.72;0.00747375;1022.72;341.333;1.4492;1.71598
0.959999;1022.72;-0.171542;1022.55;341.333;1.4635;1.71598
0.969999;1022.72;0.0522125;1022.77;341.333;1.8338;1.71598
0.979999;1022.72;0.249295;1022.97;341.333;2.1552;1.71598
0.989999;1022.72;0.0508698;1022.77;341.333;2.2144;1.71598
0.999999;1022.72;-0.429111;1022.29;341.333;1.7377;1.71598
1.01;1022.72;-0.531711;1022.19;341.333;1.3202;1.71598
1.02;1022.72;-0.361423;1022.36;341.333;1.2817;1.71598
1.03;1022.72;-0.170505;1022.55;341.333;1.5009;1.71598
1.04;1022.72;0.0525787;1022.77;341.333;1.8773;1.71598
1.05;1022.72;0.0422638;1022.76;341.333;2.2286;1.71598
1.06;1022.72;-0.216342;1022.5;341.333;1.9823;1.71598
1.07;1022.72;-0.431125;1022.29;341.333;1.3999;1.71598
1.08;1022.72;-0.403537;1022.31;341.333;1.0325;1.71598
1.09;1022.72;-0.118625;1022.6;341.333;1.2142;1.71598
1.1;1022.72;0.180264;1022.9;341.333;1.7268;1.71598
1.11;1022.72;0.217007;1022.93;341.333;2.0802;1.71598
1.12;1022.72;0.0995148;1022.82;341.333;2.1593;1.71598
1.13;1022.72;-0.189792;1022.53;341.333;1.8628;1.71598
1.14;1022.72;-0.288608;1022.43;341.333;1.5049;1.71598
1.15;1022.72;-0.128818;1022.59;341.333;1.3169;1.71598
1.16;1022.72;0.125394;1022.84;341.333;1.5751;1.71598
1.17;1022.72;0.282803;1023;341.333;1.898;1.71598
1.18;1022.72;0.137112;1022.85;341.333;2.043;1.71598
1.19;1022.72;-0.117099;1022.6;341.333;1.7894;1.71598
1.2;1022.72;-0.124911;1022.59;341.333;1.5482;1.71598
1.21;1022.72;-0.0535004;1022.66;341.333;1.5056;1.71598
1.22;1022.72;-0.0116913;1022.71;341.333;1.6117;1.71598
1.23;1022.72;0.23959;1022.96;341.333;1.737;1.71598
1.24;1022.72;0.162991;1022.88;341.333;1.9915;1.71598
1.25;1022.72;0.0591095;1022.78;341.333;1.9144;1.71598
1.26;1022.72;-0.0678436;1022.65;341.333;1.7297;1.71598
1.27;1022.72;-0.197787;1022.52;341.333;1.4507;1.71598
1.28;1022.72;-0.210544;1022.51;341.333;1.3686;1.71598
1.29;1022.72;-0.00174255;1022.72;341.333;1.6047;1.71598
1.3;1022.72;0.113675;1022.83;341.333;1.9515;1.71598
1.31;1022.72;-0.109409;1022.61;341.333;1.9974;1.71598
1.32;1022.72;-0.295505;1022.42;341.333;1.9023;1.71598
1.33;1022.72;-0.238132;1022.48;341.333;1.6598;1.71598
1.34;1022.72;-0.290927;1022.43;341.333;1.4367;1.71598
1.35;1022.72;-0.13364;1022.58;341.333;1.4704;1.71598
1.36;1022.72;0.00545959;1022.72;341.333;1.7836;1.71598
1.37;1022.72;0.0137604;1022.73;341.333;2.0339;1.71598
1.38;1022.72;-0.0903046;1022.63;341.333;1.9909;1.71598
1.39;1022.72;-0.159702;1022.56;341.333;1.7562;1.71598
1.4;1022.72;-0.360385;1022.36;341.333;1.4905;1.71598
1.41;1022.72;-0.0964081;1022.62;341.333;1.5189;1.71598
1.42;1022.72;0.0762604;1022.79;341.333;1.5769;1.71598
1.43;1022.72;0.188504;1022.91;341.333;1.7567;1.71598
1.44;1022.72;-0.0478241;1022.67;341.333;1.8133;1.71598
1.45;1022.72;0.0295685;1022.75;341.333;1.6984;1.71598
1.46;1022.72;-0.142001;1022.58;341.333;1.4904;1.71598
1.47;1022.72;0.0422028;1022.76;341.333;1.4614;1.71598
1.48;1022.72;0.204312;1022.92;341.333;1.6457;1.71598
1.49;1022.72;0.254971;1022.97;341.333;1.9524;1.71598
1.5;1022.72;-0.0329315;1022.68;341.333;1.8732;1.71598
1.51;1022.72;-0.0769989;1022.64;341.333;1.7088;1.71598
1.52;1022.72;0.0511139;1022.77;341.333;1.5492;1.71598
1.53;1022.72;0.0429962;1022.76;341.333;1.454;1.71598
1.54;1022.72;0.145963;1022.86;341.333;1.5486;1.71598
1.55;1022.72;0.237576;1022.95;341.333;1.9038;1.71598
1.56;1022.72;0.0278595;1022.74;341.333;1.9324;1.71598
1.57;1022.72;-0.0578339;1022.66;341.333;1.7326;1.71598
1.58;1022.72;-0.230807;1022.49;341.333;1.3996;1.71598
1.59;1022.72;-0.192844;1022.52;341.333;1.2943;1.71598
1.6;1022.72;-0.021701;1022.7;341.333;1.5425;1.71598
1.61;1022.72;0.0240143;1022.74;341.333;1.9358;1.71598
1.62;1022.72;-0.208224;1022.51;341.333;2.0721;1.71598
1.63;1022.72;-0.241183;1022.48;341.333;1.9195;1.71598
1.64;1022.72;-0.350742;1022.37;341.333;1.6265;1.71598
1.65;1022.72;-0.336642;1022.38;341.333;1.4139;1.71598
1.66;1022.72;-0.150729;1022.57;341.333;1.4532;1.71598
1.67;1022.72;0.109464;1022.83;341.333;1.6266;1.71598
1.68;1022.72;0.0818146;1022.8;341.333;1.9158;1.71598
1.69;1022.72;-0.141391;1022.58;341.333;1.9123;1.71598
1.7;1022.72;-0.191135;1022.53;341.333;1.7789;1.71598
1.71;1022.72;-0.189487;1022.53;341.333;1.6288;1.71598
1.72;1022.72;-0.0278046;1022.69;341.333;1.5526;1.71598
1.73;1022.72;0.126859;1022.84;341.333;1.6039;1.71598
1.74;1022.72;0.228482;1022.95;341.333;1.8382;1.71598
1.75;1022.72;0.184109;1022.9;341.333;1.8684;1.71598
1.76;1022.72;-0.0642426;1022.65;341.333;1.8023;1.71598
1.77;1022.72;0.00765686;1022.72;341.333;1.6147;1.71598
1.78;1022.72;0.0266998;1022.74;341.333;1.5296;1.71598
1.79;1022.72;0.109097;1022.83;341.333;1.5671;1.71598
1.8;1022.72;0.0289581;1022.75;341.333;1.7752;1.71598
1.81;1022.72;0.107816;1022.82;341.333;1.818;1.71598
1.82;1022.72;0.0937164;1022.81;341.333;1.8079;1.71598
1.83;1022.72;0.0779694;1022.79;341.333;1.7088;1.71598
1.84;1022.72;-0.0108368;1022.71;341.333;1.6285;1.71598
1.85;1022.72;0.0555084;1022.77;341.333;1.6229;1.71598
1.86;1022.72;0.0115021;1022.73;341.333;1.7564;1.71598
1.87;1022.72;0.0890167;1022.81;341.333;1.8305;1.71598
1.88;1022.72;-0.196201;1022.52;341.333;1.7315;1.71598
1.89;1022.72;-0.18381;1022.53;341.333;1.6445;1.71598
1.9;1022.72;-0.234531;1022.48;341.333;1.5686;1.71598
1.91;1022.72;-0.203891;1022.51;341.333;1.5802;1.71598
1.92;1022.72;-0.259738;1022.46;341.333;1.5888;1.71598
1.93;1022.72;-0.214938;1022.5;341.333;1.7198;1.71598
1.94;1022.72;-0.294589;1022.42;341.333;1.66;1.71598
1.95;1022.72;-0.222202;1022.49;341.333;1.615;1.71598
1.96;1022.72;-0.143588;1022.57;341.333;1.6367;1.71598
1.97;1022.72;-0.22684;1022.49;341.333;1.6883;1.71598
1.98;1022.72;0.04086;1022.76;341.333;1.6877;1.71598
1.99;1022.72;-0.0368378;1022.68;341.333;1.7927;1.71598
2;1022.72;-0.211642;1022.51;341.333;1.7147;1.71598
2.01;1022.72;-0.117038;1022.6;341.333;1.6827;1.71598
2.02;1022.72;-0.0619232;1022.66;341.333;1.6574;1.71598
2.03;1022.72;0.0621613;1022.78;341.333;1.6398;1.71598
2.04;1022.72;-0.0473358;1022.67;341.333;1.6365;1.71598
2.05;1022.72;0.125394;1022.84;341.333;1.6229;1.71598
2.06;1022.72;0.0610626;1022.78;341.333;1.5656;1.71598
2.07;1022.72;0.0249908;1022.74;341.333;1.5189;1.71598
2.08;1022.72;0.0386017;1022.76;341.333;1.5739;1.71598
2.09;1022.72;0.120999;1022.84;341.333;1.663;1.71598
2.1;1022.72;0.187405;1022.9;341.333;1.7808;1.71598
2.11;1022.72;0.0675934;1022.78;341.333;1.724;1.71598
2.12;1022.72;0.0538605;1022.77;341.333;1.6407;1.71598
2.13;1022.72;0.0527008;1022.77;341.333;1.5463;1.71598
2.14;1022.72;-0.128085;1022.59;341.333;1.5224;1.71598
2.15;1022.72;0.0641144;1022.78;341.333;1.6429;1.71598
2.16;1022.72;0.106778;1022.82;341.333;1.7525;1.71598
2.17;1022.72;0.131497;1022.85;341.333;1.7566;1.71598
2.18;1022.72;-0.066806;1022.65;341.333;1.7578;1.71598
2.19;1022.72;-0.22269;1022.49;341.333;1.5659;1.71598
2.2;1022.72;-0.330783;1022.39;341.333;1.5169;1.71598
2.21;1022.72;-0.129184;1022.59;341.333;1.6094;1.71598
2.22;1022.72;-0.042514;1022.67;341.333;1.7053;1.71598
2.23;1022.72;-0.0184052;1022.7;341.333;1.7952;1.71598
2.24;1022.72;-0.102023;1022.61;341.333;1.85;1.71598
2.25;1022.72;-0.247104;1022.47;341.333;1.6675;1.71598
2.26;1022.72;-0.14072;1022.58;341.333;1.5624;1.71598
2.27;1022.72;-0.138828;1022.58;341.333;1.5618;1.71598
2.28;1022.72;0.0542877;1022.77;341.333;1.6889;1.71598
2.29;1022.72;-0.00949402;1022.71;341.333;1.8189;1.71598
2.3;1022.72;0.0216949;1022.74;341.333;1.7921;1.71598
2.31;1022.72;-0.122714;1022.59;341.333;1.6533;1.71598
2.32;1022.72;0.0121124;1022.73;341.333;1.4999;1.71598
2.33;1022.72;0.0126617;1022.73;341.333;1.5081;1.71598
2.34;1022.72;0.0787018;1022.8;341.333;1.6633;1.71598
2.35;1022.72;0.132901;1022.85;341.333;1.8115;1.71598
2.36;1022.72;0.144009;1022.86;341.333;1.7524;1.71598
2.37;1022.72;0.0643585;1022.78;341.333;1.6636;1.71598
2.38;1022.72;0.0724152;1022.79;341.333;1.4406;1.71598
2.39;1022.72;0.0751007;1022.79;341.333;1.4633;1.71598
2.4;1022.72;0.244656;1022.96;341.333;1.6084;1.71598
2.41;1022.72;0.211575;1022.93;341.333;1.7187;1.71598
2.42;1022.72;0.0818146;1022.8;341.333;1.7167;1.71598
2.43;1022.72;-0.147311;1022.57;341.333;1.7082;1.71598
2.44;1022.72;-0.110141;1022.61;341.333;1.5131;1.71598
2.45;1022.72;-0.0418427;1022.68;341.333;1.4879;1.71598
2.46;1022.72;-0.00809021;1022.71;341.333;1.5445;1.71598
2.47;1022.72;0.0476959;1022.76;341.333;1.6824;1.71598
2.48;1022.72;-0.0926849;1022.62;341.333;1.7868;1.71598
2.49;1022.72;-0.105014;1022.61;341.333;1.8175;1.71598
2.5;1022.72;-0.260043;1022.46;341.333;1.6645;1.71598
2.51;1022.72;-0.321811;1022.4;341.333;1.5698;1.71598
2.52;1022.72;-0.139316;1022.58;341.333;1.6037;1.71598
2.53;1022.72;-0.117709;1022.6;341.333;1.7111;1.71598
2.54;1022.72;-0.234103;1022.48;341.333;1.7921;1.71598
2.55;1022.72;-0.200839;1022.52;341.333;1.7553;1.71598
2.56;1022.72;-0.311313;1022.41;341.333;1.6498;1.71598
2.57;1022.72;-0.178195;1022.54;341.333;1.5474;1.71598
2.58;1022.72;-0.225803;1022.49;341.333;1.5968;1.71598
2.59;1022.72;-0.0852386;1022.63;341.333;1.6587;1.71598
2.6;1022.72;-0.0989105;1022.62;341.333;1.7526;1.71598
2.61;1022.72;0.0837067;1022.8;341.333;1.7084;1.71598
2.62;1022.72;0.0542877;1022.77;341.333;1.7432;1.71598
2.63;1022.72;-0.00192566;1022.72;341.333;1.637;1.71598
2.64;1022.72;0.104459;1022.82;341.333;1.6703;1.71598
2.65;1022.72;0.0542877;1022.77;341.333;1.7427;1.71598
2.66;1022.72;0.207974;1022.92;341.333;1.8217;1.71598
2.67;1022.72;0.134488;1022.85;341.333;1.7595;1.71598
2.68;1022.72;-0.0158417;1022.7;341.333;1.7539;1.71598
2.69;1022.72;-0.0741913;1022.64;341.333;1.5546;1.71598
2.7;1022.72;-0.0171844;1022.7;341.333;1.6024;1.71598
2.71;1022.72;0.185086;1022.9;341.333;1.7291;1.71598
2.72;1022.72;0.206387;1022.92;341.333;1.8079;1.71598
2.73;1022.72;0.11636;1022.83;341.333;1.7406;1.71598
2.74;1022.72;-0.0608246;1022.66;341.333;1.7317;1.71598
2.75;1022.72;-0.261325;1022.46;341.333;1.584;1.71598
2.76;1022.72;-0.220187;1022.5;341.333;1.5608;1.71598
2.77;1022.72;-0.113498;1022.6;341.333;1.6406;1.71598
2.78;1022.72;-0.0896942;1022.63;341.333;1.7464;1.71598
2.79;1022.72;-0.0336029;1022.68;341.333;1.8388;1.71598
2.8;1022.72;-0.11423;1022.6;341.333;1.7123;1.71598
2.81;1022.72;-0.185703;1022.53;341.333;1.6054;1.71598
2.82;1022.72;-0.258334;1022.46;341.333;1.4798;1.71598
2.83;1022.72;-0.207126;1022.51;341.333;1.5684;1.71598
2.84;1022.72;-0.142734;1022.57;341.333;1.6744;1.71598
2.85;1022.72;0.0115021;1022.73;341.333;1.8227;1.71598
2.86;1022.72;-0.118442;1022.6;341.333;1.774;1.71598
2.87;1022.72;-0.159702;1022.56;341.333;1.6812;1.71598
2.88;1022.72;-0.139438;1022.58;341.333;1.5202;1.71598
2.89;1022.72;-0.0887177;1022.63;341.333;1.5374;1.71598
2.9;1022.72;0.0939606;1022.81;341.333;1.677;1.71598
2.91;1022.72;0.0481842;1022.77;341.333;1.7951;1.71598
2.92;1022.72;0.0762604;1022.79;341.333;1.8008;1.71598
2.93;1022.72;0.000881958;1022.72;341.333;1.723;1.71598
2.94;1022.72;-0.167819;1022.55;341.333;1.4904;1.71598
2.95;1022.72;-0.152621;1022.56;341.333;1.5409;1.71598
2.96;1022.72;0.175504;1022.89;341.333;1.6967;1.71598
2.97;1022.72;0.196988;1022.91;341.333;1.831;1.71598
2.98;1022.72;0.0657013;1022.78;341.333;1.8161;1.71598
2.99;1022.72;0.0531891;1022.77;341.333;1.6988;1.71598
3;1022.72;-0.196811;1022.52;341.333;1.5038;1.71598
3.01;1022.72;-0.10361;1022.61;341.333;1.4364;1.71598
3.02;1022.72;0.087674;1022.8;341.333;1.6413;1.71598
3.03;1022.72;0.0542877;1022.77;341.333;1.8305;1.71598
3.04;1022.72;0.0928009;1022.81;341.333;1.879;1.71598
3.05;1022.72;-0.0492279;1022.67;341.333;1.649;1.71598
3.06;1022.72;-0.144443;1022.57;341.333;1.4316;1.71598
3.07;1022.72;-0.282687;1022.43;341.333;1.3367;1.71598
3.08;1022.72;-0.0780365;1022.64;341.333;1.5557;1.71598
3.09;1022.72;-0.02341;1022.69;341.333;1.8577;1.71598
3.1;1022.72;0.0143097;1022.73;341.333;1.9733;1.71598
3.11;1022.72;-0.159702;1022.56;341.333;1.7709;1.71598
3.12;1022.72;-0.328342;1022.39;341.333;1.6017;1.71598
3.13;1022.72;-0.302341;1022.41;341.333;1.364;1.71598
3.14;1022.72;-0.142307;1022.57;341.333;1.5123;1.71598
3.15;1022.72;0.0368927;1022.75;341.333;1.7176;1.71598
3.16;1022.72;0.033963;1022.75;341.333;1.8331;1.71598
3.17;1022.72;-0.0191376;1022.7;341.333;1.7394;1.71598
3.18;1022.72;-0.201511;1022.52;341.333;1.5903;1.71598
3.19;1022.72;-0.175998;1022.54;341.333;1.4121;1.71598
3.2;1022.72;-0.0973236;1022.62;341.333;1.4541;1.71598
3.21;1022.72;0.127103;1022.84;341.333;1.6052;1.71598
3.22;1022.72;0.0973785;1022.81;341.333;1.7495;1.71598
3.23;1022.72;0.121365;1022.84;341.333;1.7847;1.71598
3.24;1022.72;-0.0362885;1022.68;341.333;1.6335;1.71598
3.25;1022.72;-0.136691;1022.58;341.333;1.4607;1.71598
3.26;1022.72;0.150662;1022.87;341.333;1.459;1.71598
3.27;1022.72;0.0353058;1022.75;341.333;1.6394;1.71598
3.28;1022.72;0.227811;1022.94;341.333;1.8078;1.71598
3.29;1022.72;0.134488;1022.85;341.333;1.7868;1.71598
3.3;1022.72;-0.00192566;1022.72;341.333;1.5836;1.71598
3.31;1022.72;-0.091037;1022.63;341.333;1.45;1.71598
3.32;1022.72;-0.0854218;1022.63;341.333;1.4024;1.71598
3.33;1022.72;0.0677155;1022.78;341.333;1.6008;1.71598
3.34;1022.72;0.169217;1022.89;341.333;1.7918;1.71598
3.35;1022.72;-0.073642;1022.64;341.333;1.7883;1.71598
3.36;1022.72;-0.21329;1022.5;341.333;1.5975;1.71598
3.37;1022.72;-0.243625;1022.47;341.333;1.5088;1.71598
3.38;1022.72;-0.298007;1022.42;341.333;1.426;1.71598
3.39;1022.72;-0.160312;1022.56;341.333;1.5714;1.71598
3.4;1022.72;-0.0481903;1022.67;341.333;1.785;1.71598
3.41;1022.72;-0.0274384;1022.69;341.333;1.8173;1.71598
3.42;1022.72;-0.269626;1022.45;341.333;1.7058;1.71598
3.43;1022.72;-0.371127;1022.35;341.333;1.5422;1.71598
3.44;1022.72;-0.226108;1022.49;341.333;1.4631;1.71598
3.45;1022.72;-0.177402;1022.54;341.333;1.5586;1.71598
3.46;1022.72;-0.0124847;1022.7;341.333;1.7603;1.71598
3.47;1022.72;-0.177402;1022.54;341.333;1.8358;1.71598
3.48;1022.72;0.00820618;1022.73;341.333;1.7888;1.71598
3.49;1022.72;-0.0585052;1022.66;341.333;1.6131;1.71598
3.5;1022.72;-0.137119;1022.58;341.333;1.4942;1.71598
3.51;1022.72;-0.00918884;1022.71;341.333;1.534;1.71598
3.52;1022.72;0.0141876;1022.73;341.333;1.7302;1.71598
3.53;1022.72;0.0608795;1022.78;341.333;1.8376;1.71598
3.54;1022.72;0.137662;1022.85;341.333;1.8888;1.71598
3.55;1022.72;-0.0655243;1022.65;341.333;1.6655;1.71598
3.56;1022.72;-0.109714;1022.61;341.333;1.5961;1.71598
3.57;1022.72;-0.0700409;1022.65;341.333;1.5087;1.71598
3.58;1022.72;0.086087;1022.8;341.333;1.6627;1.71598
3.59;1022.72;0.0242584;1022.74;341.333;1.7825;1.71598
3.6;1022.72;0.00558167;1022.72;341.333;1.8013;1.71598
3.61;1022.72;-0.0462982;1022.67;341.333;1.679;1.71598
3.62;1022.72;-0.107639;1022.61;341.333;1.6473;1.71598
3.63;1022.72;-0.193942;1022.52;341.333;1.5315;1.71598
3.64;1022.72;-0.117099;1022.6;341.333;1.6275;1.71598
3.65;1022.72;-0.0705902;1022.65;341.333;1.6766;1.71598
3.66;1022.72;-0.0785858;1022.64;341.333;1.6807;1.71598
3.67;1022.72;-0.122043;1022.59;341.333;1.6695;1.71598
3.68;1022.72;-0.274203;1022.44;341.333;1.5144;1.71598
3.69;1022.72;-0.208224;1022.51;341.333;1.527;1.71598
3.7;1022.72;-0.257236;1022.46;341.333;1.5264;1.71598
3.71;1022.72;-0.141086;1022.58;341.333;1.6502;1.71598
3.72;1022.72;-0.219943;1022.5;341.333;1.6571;1.71598
3.73;1022.72;-0.192538;1022.52;341.333;1.6721;1.71598
3.74;1022.72;-0.154086;1022.56;341.333;1.531;1.71598
3.75;1022.72;-0.197726;1022.52;341.333;1.5144;1.71598
3.76;1022.72;-0.132724;1022.58;341.333;1.5665;1.71598
3.77;1022.72;-0.0351898;1022.68;341.333;1.6798;1.71598
3.78;1022.72;-0.0506927;1022.67;341.333;1.7331;1.71598
3.79;1022.72;-0.042392;1022.67;341.333;1.8008;1.71598
3.8;1022.72;0.128812;1022.85;341.333;1.6726;1.71598
3.81;1022.72;0.0229767;1022.74;341.333;1.6545;1.71598
3.82;1022.72;0.0226105;1022.74;341.333;1.5719;1.71598
3.83;1022.72;-0.0379364;1022.68;341.333;1.6652;1.71598
3.84;1022.72;-0.0202362;1022.7;341.333;1.7269;1.71598
3.85;1022.72;0.0536163;1022.77;341.333;1.6988;1.71598
3.86;1022.72;0.0282867;1022.75;341.333;1.5973;1.71598
3.87;1022.72;0.0643585;1022.78;341.333;1.6382;1.71598
3.88;1022.72;-0.0368988;1022.68;341.333;1.5347;1.71598
3.89;1022.72;-0.0644867;1022.65;341.333;1.5215;1.71598
3.9;1022.72;0.115811;1022.83;341.333;1.5964;1.71598
3.91;1022.72;0.0481842;1022.77;341.333;1.6292;1.71598
3.92;1022.72;0.0995148;1022.82;341.333;1.6481;1.71598
3.93;1022.72;0.0588654;1022.78;341.333;1.4969;1.71598
3.94;1022.72;0.0309723;1022.75;341.333;1.478;1.71598
3.95;1022.72;-0.144992;1022.57;341.333;1.4225;1.71598
3.96;1022.72;-0.0877411;1022.63;341.333;1.5511;1.71598
3.97;1022.72;0.0292633;1022.75;341.333;1.6211;1.71598
3.98;1022.72;-0.132724;1022.58;341.333;1.7357;1.71598
3.99;1022.72;-0.171542;1022.55;341.333;1.5817;1.71598
4;1022.72;-0.259006;1022.46;341.333;1.5549;1.71598
4.01;1022.72;-0.217929;1022.5;341.333;1.4156;1.71598
4.02;1022.72;-0.27164;1022.45;341.333;1.534;1.71598
4.03;1022.72;-0.0741913;1022.64;341.333;1.6983;1.71598
4.04;1022.72;-0.0628387;1022.65;341.333;1.8522;1.71598
4.05;1022.72;-0.113498;1022.6;341.333;1.7681;1.71598
4.06;1022.72;0.0439728;1022.76;341.333;1.704;1.71598
4.07;1022.72;-0.132724;1022.58;341.333;1.5236;1.71598
4.08;1022.72;-0.0622284;1022.65;341.333;1.5187;1.71598
4.09;1022.72;-0.0278046;1022.69;341.333;1.6028;1.71598
4.1;1022.72;0.0157135;1022.73;341.333;1.7008;1.71598
4.11;1022.72;0.109402;1022.83;341.333;1.7263;1.71598
4.12;1022.72;0.123685;1022.84;341.333;1.6936;1.71598
4.13;1022.72;0.0455597;1022.76;341.333;1.5599;1.71598
4.14;1022.72;-0.0191376;1022.7;341.333;1.5162;1.71598
4.15;1022.72;0.122464;1022.84;341.333;1.5993;1.71598
4.16;1022.72;0.165311;1022.88;341.333;1.6484;1.71598
4.17;1022.72;0.0736969;1022.79;341.333;1.7002;1.71598
4.18;1022.72;0.0335968;1022.75;341.333;1.5746;1.71598
4.19;1022.72;-0.0187103;1022.7;341.333;1.4828;1.71598
4.2;1022.72;-0.178439;1022.54;341.333;1.5226;1.71598
4.21;1022.72;0.00930481;1022.73;341.333;1.744;1.71598
4.22;1022.72;0.0375641;1022.75;341.333;1.8271;1.71598
4.23;1022.72;-0.106235;1022.61;341.333;1.788;1.71598
4.24;1022.72;-0.0965912;1022.62;341.333;1.6166;1.71598
4.25;1022.72;-0.222202;1022.49;341.333;1.5669;1.71598
4.26;1022.72;-0.421237;1022.3;341.333;1.4935;1.71598
4.27;1022.72;-0.206393;1022.51;341.333;1.6998;1.71598
4.28;1022.72;-0.0854218;1022.63;341.333;1.8353;1.71598
4.29;1022.72;-0.102939;1022.61;341.333;1.8409;1.71598
4.3;1022.72;-0.185092;1022.53;341.333;1.6391;1.71598
4.31;1022.72;-0.261691;1022.46;341.333;1.5377;1.71598
4.32;1022.72;-0.193027;1022.52;341.333;1.51;1.71598
4.33;1022.72;-0.106235;1022.61;341.333;1.6661;1.71598
4.34;1022.72;-0.130038;1022.59;341.333;1.8369;1.71598
4.35;1022.72;0.0419586;1022.76;341.333;1.8282;1.71598
4.36;1022.72;-0.205539;1022.51;341.333;1.6625;1.71598
4.37001;1022.72;-0.255588;1022.46;341.333;1.5551;1.71598
4.38001;1022.72;-0.102328;1022.61;341.333;1.46;1.71598
4.39001;1022.72;0.0276154;1022.74;341.333;1.5554;1.71598
4.40001;1022.72;0.102872;1022.82;341.333;1.765;1.71598
4.41001;1022.72;0.0942657;1022.81;341.333;1.8795;1.71598
4.42001;1022.72;0.0386017;1022.76;341.333;1.8161;1.71598
4.43001;1022.72;-0.0874969;1022.63;341.333;1.5974;1.71598
4.44001;1022.72;-0.117892;1022.6;341.333;1.439;1.71598
4.45001;1022.72;-0.0802948;1022.64;341.333;1.4522;1.71598
4.46001;1022.72;0.0724152;1022.79;341.333;1.7508;1.71598
4.47001;1022.72;0.146268;1022.86;341.333;1.9793;1.71598
4.48001;1022.72;-0.0592377;1022.66;341.333;1.9288;1.71598
4.49001;1022.72;-0.132602;1022.58;341.333;1.5743;1.71598
4.50001;1022.72;0.0571564;1022.77;341.333;1.449;1.71598
4.51001;1022.72;-0.00949402;1022.71;341.333;1.4643;1.71598
4.52001;1022.72;0.105008;1022.82;341.333;1.7011;1.71598
4.53001;1022.72;0.138089;1022.86;341.333;1.8446;1.71598
4.54001;1022.72;-0.0274384;1022.69;341.333;1.8161;1.71598
4.55001;1022.72;-0.142734;1022.57;341.333;1.5524;1.71598
4.56001;1022.72;-0.233188;1022.48;341.333;1.5135;1.71598
4.57001;1022.72;-0.136691;1022.58;341.333;1.5752;1.71598
4.58001;1022.72;-0.266696;1022.45;341.333;1.82;1.71598
4.59001;1022.72;-0.0301849;1022.69;341.333;1.9064;1.71598
4.60001;1022.72;-0.246616;1022.47;341.333;1.7709;1.71598
4.61001;1022.72;-0.374484;1022.34;341.333;1.5569;1.71598
4.62001;1022.72;-0.436618;1022.28;341.333;1.4024;1.71598
4.63001;1022.72;-0.216403;1022.5;341.333;1.5018;1.71598
4.64001;1022.72;-0.025119;1022.69;341.333;1.727;1.71598
4.65001;1022.72;-0.0390961;1022.68;341.333;1.896;1.71598
4.66001;1022.72;-0.194492;1022.52;341.333;1.8596;1.71598
4.67001;1022.72;-0.113498;1022.6;341.333;1.6458;1.71598
4.68001;1022.72;-0.137729;1022.58;341.333;1.4108;1.71598
4.69001;1022.72;-0.106601;1022.61;341.333;1.4751;1.71598
4.70001;1022.72;0.0433624;1022.76;341.333;1.6063;1.71598
4.71001;1022.72;0.160916;1022.88;341.333;1.8211;1.71598
4.72001;1022.72;0.209683;1022.93;341.333;1.8436;1.71598
4.73001;1022.72;-0.00253601;1022.71;341.333;1.7108;1.71598
4.74001;1022.72;-0.00369568;1022.71;341.333;1.5022;1.71598
4.75001;1022.72;0.0329865;1022.75;341.333;1.487;1.71598
4.76001;1022.72;0.0312164;1022.75;341.333;1.5618;1.71598
4.77001;1022.72;0.0696075;1022.79;341.333;1.7688;1.71598
4.78001;1022.72;0.163113;1022.88;341.333;1.8403;1.71598
4.79001;1022.72;-0.0611908;1022.66;341.333;1.7266;1.71598
4.80001;1022.72;-0.0759003;1022.64;341.333;1.4959;1.71598
4.81002;1022.72;-0.169406;1022.55;341.333;1.4421;1.71598
4.82002;1022.72;-0.0242035;1022.69;341.333;1.5264;1.71598
4.83002;1022.72;-0.097995;1022.62;341.333;1.6605;1.71598
4.84002;1022.72;0.00429993;1022.72;341.333;1.7781;1.71598
4.85002;1022.72;-0.0700409;1022.65;341.333;1.791;1.71598
4.86002;1022.72;-0.231235;1022.49;341.333;1.6519;1.71598
4.87002;1022.72;-0.286838;1022.43;341.333;1.4775;1.71598
4.88002;1022.72;-0.28403;1022.43;341.333;1.5291;1.71598
4.89002;1022.72;-0.261325;1022.46;341.333;1.677;1.71598
4.90002;1022.72;-0.20914;1022.51;341.333;1.8558;1.71598
4.91002;1022.72;-0.232089;1022.48;341.333;1.8168;1.71598
4.92002;1022.72;-0.221042;1022.5;341.333;1.643;1.71598
4.93002;1022.72;-0.28049;1022.44;341.333;1.3934;1.71598
4.94002;1022.72;-0.191989;1022.53;341.333;1.5101;1.71598
4.95002;1022.72;-0.20444;1022.51;341.333;1.6257;1.71598
4.96002;1022.72;-0.0993378;1022.62;341.333;1.7683;1.71598
4.97002;1022.72;-0.0946381;1022.62;341.333;1.7768;1.71598
4.98002;1022.72;-0.122592;1022.59;341.333;1.6682;1.71598
4.99002;1022.72;-0.096286;1022.62;341.333;1.5463;1.71598
5.00002;1022.72;-0.0480072;1022.67;341.333;1.574;1.71598
5.01002;1022.72;-0.0644867;1022.65;341.333;1.6269;1.71598
5.02002;1022.72;0.042691;1022.76;341.333;1.6977;1.71598
5.03002;1022.72;-0.0301849;1022.69;341.333;1.7384;1.71598
5.04002;1022.72;-0.0187103;1022.7;341.333;1.6597;1.71598
5.05002;1022.72;-0.0832855;1022.63;341.333;1.5942;1.71598
5.06002;1022.72;-3.35693e-05;1022.72;341.333;1.5665;1.71598
5.07002;1022.72;-0.0231049;1022.69;341.333;1.6463;1.71598
5.08002;1022.72;-0.0271942;1022.69;341.333;1.7416;1.71598
5.09002;1022.72;-0.100009;1022.62;341.333;1.8015;1.71598
5.10002;1022.72;-0.0379364;1022.68;341.333;1.7267;1.71598
5.11002;1022.72;-0.115329;1022.6;341.333;1.54;1.71598
5.12002;1022.72;-0.0419037;1022.68;341.333;1.3829;1.71598
5.13002;1022.72;-0.0311005;1022.69;341.333;1.5972;1.71598
5.14002;1022.72;-0.11423;1022.6;341.333;1.7724;1.71598
5.15002;1022.72;-0.0712006;1022.65;341.333;1.8921;1.71598
5.16002;1022.72;-0.242709;1022.47;341.333;1.8367;1.71598
5.17002;1022.72;-0.339633;1022.38;341.333;1.6204;1.71598
5.18002;1022.72;-0.212131;1022.5;341.333;1.4547;1.71598
5.19002;1022.72;-0.191013;1022.53;341.333;1.5926;1.71598
5.20002;1022.72;-0.281284;1022.44;341.333;1.6552;1.71598
5.21002;1022.72;-0.18613;1022.53;341.333;1.7421;1.71598
5.22002;1022.72;-0.254794;1022.46;341.333;1.7217;1.71598
5.23002;1022.72;-0.301425;1022.42;341.333;1.5692;1.71598
5.24003;1022.72;-0.190097;1022.53;341.333;1.5364;1.71598
5.25003;1022.72;0.0256012;1022.74;341.333;1.6376;1.71598
5.26003;1022.72;-0.186984;1022.53;341.333;1.7036;1.71598
5.27003;1022.72;-0.0882904;1022.63;341.333;1.7287;1.71598
5.28003;1022.72;0.0266998;1022.74;341.333;1.76;1.71598
5.29003;1022.72;-0.0899994;1022.63;341.333;1.6169;1.71598
5.30003;1022.72;0.0226105;1022.74;341.333;1.572;1.71598
5.31003;1022.72;0.00478821;1022.72;341.333;1.5257;1.71598
5.32003;1022.72;0.0560577;1022.77;341.333;1.6371;1.71598
5.33003;1022.72;-0.150912;1022.57;341.333;1.6851;1.71598
5.34003;1022.72;0.0472076;1022.76;341.333;1.7015;1.71598
5.35003;1022.72;-0.0556366;1022.66;341.333;1.6599;1.71598
5.36003;1022.72;-0.100986;1022.62;341.333;1.6412;1.71598
5.37003;1022.72;-0.0655243;1022.65;341.333;1.4934;1.71598
5.38003;1022.72;0.0870026;1022.8;341.333;1.6745;1.71598
5.39003;1022.72;0.0743683;1022.79;341.333;1.7516;1.71598
5.40003;1022.72;0.0713165;1022.79;341.333;1.8213;1.71598
5.41003;1022.72;-0.0625946;1022.65;341.333;1.7492;1.71598
5.42003;1022.72;-0.129794;1022.59;341.333;1.6126;1.71598
5.43003;1022.72;-0.0245087;1022.69;341.333;1.4905;1.71598
5.44003;1022.72;-0.0448334;1022.67;341.333;1.6201;1.71598
5.45003;1022.72;-0.116306;1022.6;341.333;1.699;1.71598
5.46003;1022.72;-0.102328;1022.61;341.333;1.765;1.71598
5.47003;1022.72;-0.157993;1022.56;341.333;1.7184;1.71598
5.48003;1022.72;-0.332736;1022.38;341.333;1.5631;1.71598
5.49003;1022.72;-0.207126;1022.51;341.333;1.5237;1.71598
5.50003;1022.72;-0.24863;1022.47;341.333;1.6312;1.71598
5.51003;1022.72;-0.149387;1022.57;341.333;1.7593;1.71598
5.52003;1022.72;-0.198032;1022.52;341.333;1.8126;1.71598
5.53003;1022.72;-0.269931;1022.45;341.333;1.7628;1.71598
5.54003;1022.72;-0.252841;1022.46;341.333;1.5954;1.71598
5.55003;1022.72;-0.205417;1022.51;341.333;1.5313;1.71598
5.56003;1022.72;-0.0187103;1022.7;341.333;1.5283;1.71598
5.57003;1022.72;0.0104645;1022.73;341.333;1.6482;1.71598
5.58003;1022.72;0.0784576;1022.8;341.333;1.7526;1.71598
5.59003;1022.72;0.160184;1022.88;341.333;1.7862;1.71598
5.60003;1022.72;-0.0793182;1022.64;341.333;1.6127;1.71598
5.61003;1022.72;-0.0678436;1022.65;341.333;1.471;1.71598
5.62003;1022.72;0.0403107;1022.76;341.333;1.4372;1.71598
5.63003;1022.72;0.169217;1022.89;341.333;1.7347;1.71598
5.64003;1022.72;0.0762604;1022.79;341.333;1.8428;1.71598
5.65003;1022.72;0.0913971;1022.81;341.333;1.8488;1.71598
5.66003;1022.72;-0.0415375;1022.68;341.333;1.7096;1.71598
5.67003;1022.72;-0.0127899;1022.7;341.333;1.4904;1.71598
5.68004;1022.72;0.0273102;1022.74;341.333;1.3776;1.71598
5.69004;1022.72;0.142911;1022.86;341.333;1.6175;1.71598
5.70004;1022.72;0.133817;1022.85;341.333;1.7867;1.71598
5.71004;1022.72;-0.0325043;1022.68;341.333;1.8031;1.71598
5.72004;1022.72;-0.0318939;1022.69;341.333;1.6628;1.71598
5.73004;1022.72;-0.164828;1022.55;341.333;1.4993;1.71598
5.74004;1022.72;-0.132297;1022.58;341.333;1.4718;1.71598
5.75004;1022.72;-0.102328;1022.61;341.333;1.639;1.71598
5.76004;1022.72;-0.0780365;1022.64;341.333;1.7672;1.71598
5.77004;1022.72;-0.186801;1022.53;341.333;1.8039;1.71598
5.78004;1022.72;-0.354037;1022.36;341.333;1.7939;1.71598
5.79004;1022.72;-0.350742;1022.37;341.333;1.6458;1.71598
5.80004;1022.72;-0.243198;1022.47;341.333;1.5711;1.71598
5.81004;1022.72;-0.169894;1022.55;341.333;1.5233;1.71598
5.82004;1022.72;-0.0835907;1022.63;341.333;1.6341;1.71598
5.83004;1022.72;-0.0932953;1022.62;341.333;1.6723;1.71598
5.84004;1022.72;-0.0516083;1022.67;341.333;1.607;1.71598
5.85004;1022.72;-0.0658295;1022.65;341.333;1.555;1.71598
5.86004;1022.72;-0.106906;1022.61;341.333;1.5213;1.71598
5.87004;1022.72;0.0594147;1022.78;341.333;1.5358;1.71598
5.88004;1022.72;0.0486115;1022.77;341.333;1.7726;1.71598
5.89004;1022.72;0.0262115;1022.74;341.333;1.7653;1.71598
5.90004;1022.72;-0.0964081;1022.62;341.333;1.7051;1.71598
5.91004;1022.72;-0.152316;1022.56;341.333;1.5397;1.71598
5.92004;1022.72;0.0101593;1022.73;341.333;1.439;1.71598
5.93004;1022.72;0.11398;1022.83;341.333;1.4632;1.71598
5.94004;1022.72;0.265714;1022.98;341.333;1.7001;1.71598
5.95004;1022.72;0.0583771;1022.78;341.333;1.7824;1.71598
5.96004;1022.72;0.0303009;1022.75;341.333;1.6813;1.71598
5.97004;1022.72;0.0126617;1022.73;341.333;1.5213;1.71598
5.98004;1022.72;-0.0835907;1022.63;341.333;1.4637;1.71598
5.99004;1022.72;0.108914;1022.83;341.333;1.57;1.71598
6.00004;1022.72;0.0429962;1022.76;341.333;1.7566;1.71598
6.01004;1022.72;0.109464;1022.83;341.333;1.8576;1.71598
6.02004;1022.72;-0.0201141;1022.7;341.333;1.7744;1.71598
6.03004;1022.72;-0.0611908;1022.66;341.333;1.6534;1.71598
6.04004;1022.72;-0.128085;1022.59;341.333;1.5015;1.71598
6.05004;1022.72;-0.229892;1022.49;341.333;1.5341;1.71598
6.06004;1022.72;-0.146396;1022.57;341.333;1.6235;1.71598
6.07004;1022.72;-0.257297;1022.46;341.333;1.8559;1.71598
6.08004;1022.72;-0.17551;1022.54;341.333;1.7971;1.71598
6.09004;1022.72;-0.174899;1022.54;341.333;1.6912;1.71598
6.10004;1022.72;-0.160983;1022.56;341.333;1.542;1.71598
6.11004;1022.72;-0.209506;1022.51;341.333;1.4651;1.71598
6.12005;1022.72;-0.130405;1022.59;341.333;1.4847;1.71598
6.13005;1022.72;0.0317047;1022.75;341.333;1.6979;1.71598
6.14005;1022.72;-0.168796;1022.55;341.333;1.7248;1.71598
6.15005;1022.72;-0.232944;1022.48;341.333;1.6278;1.71598
6.16005;1022.72;-0.0642426;1022.65;341.333;1.5467;1.71598
6.17005;1022.72;-0.117038;1022.6;341.333;1.5392;1.71598
6.18005;1022.72;0.124783;1022.84;341.333;1.579;1.71598
6.19005;1022.72;0.0881012;1022.81;341.333;1.7374;1.71598
6.20005;1022.72;0.016507;1022.73;341.333;1.7139;1.71598
6.21005;1022.72;-0.0950043;1022.62;341.333;1.5834;1.71598
6.22005;1022.72;0.0660675;1022.78;341.333;1.5647;1.71598
6.23005;1022.72;-0.0415375;1022.68;341.333;1.6583;1.71598
6.24005;1022.72;0.0577057;1022.77;341.333;1.7304;1.71598
6.25005;1022.72;0.245877;1022.96;341.333;1.7982;1.71598
6.26005;1022.72;-0.021701;1022.7;341.333;1.799;1.71598
6.27005;1022.72;0.0154694;1022.73;341.333;1.6587;1.71598
6.28005;1022.72;0.0193146;1022.74;341.333;1.6007;1.71598
6.29005;1022.72;0.0459869;1022.76;341.333;1.5978;1.71598
6.30005;1022.72;-0.00723572;1022.71;341.333;1.6832;1.71598
6.31005;1022.72;0.0465973;1022.76;341.333;1.6718;1.71598
6.32005;1022.72;0.0256012;1022.74;341.333;1.7259;1.71598
6.33005;1022.72;-0.112643;1022.6;341.333;1.5891;1.71598
6.34005;1022.72;-0.235202;1022.48;341.333;1.5262;1.71598
6.35005;1022.72;-0.177219;1022.54;341.333;1.5554;1.71598
6.36005;1022.72;0.0605133;1022.78;341.333;1.592;1.71598
6.37005;1022.72;-0.196384;1022.52;341.333;1.6662;1.71598
6.38005;1022.72;-0.149997;1022.57;341.333;1.6974;1.71598
6.39005;1022.72;-0.222812;1022.49;341.333;1.5892;1.71598
6.40005;1022.72;-0.234836;1022.48;341.333;1.492;1.71598
6.41005;1022.72;-0.162021;1022.55;341.333;1.5759;1.71598
6.42005;1022.72;-0.0951874;1022.62;341.333;1.6326;1.71598
6.43005;1022.72;0.00558167;1022.72;341.333;1.7287;1.71598
6.44005;1022.72;-0.100009;1022.62;341.333;1.7186;1.71598
6.45005;1022.72;0.0649689;1022.78;341.333;1.6472;1.71598
6.46005;1022.72;-0.120395;1022.6;341.333;1.5022;1.71598
6.47005;1022.72;-0.0489227;1022.67;341.333;1.5033;1.71598
6.48005;1022.72;0.0249908;1022.74;341.333;1.6013;1.71598
6.49005;1022.72;-0.00143738;1022.72;341.333;1.6669;1.71598
6.50005;1022.72;0.120084;1022.84;341.333;1.6104;1.71598
6.51005;1022.72;0.0802887;1022.8;341.333;1.6186;1.71598
6.52005;1022.72;0.00881653;1022.73;341.333;1.5203;1.71598
6.53005;1022.72;0.077359;1022.79;341.333;1.5721;1.71598
6.54005;1022.72;0.116116;1022.83;341.333;1.6485;1.71598
6.55006;1022.72;0.0700958;1022.79;341.333;1.5991;1.71598
6.56006;1022.72;0.0965851;1022.81;341.333;1.5526;1.71598
6.57006;1022.72;0.0566071;1022.77;341.333;1.6251;1.71598
6.58006;1022.72;-0.0655243;1022.65;341.333;1.5821;1.71598
6.59006;1022.72;-0.0680267;1022.65;341.333;1.6127;1.71598
6.60006;1022.72;0.018277;1022.74;341.333;1.7036;1.71598
6.61006;1022.72;0.0577057;1022.77;341.333;1.6723;1.71598
6.62006;1022.72;-0.114597;1022.6;341.333;1.6255;1.71598
6.63006;1022.72;-0.125339;1022.59;341.333;1.5687;1.71598
6.64006;1022.72;-0.209811;1022.51;341.333;1.5806;1.71598
6.65006;1022.72;-0.27402;1022.44;341.333;1.6405;1.71598
6.66006;1022.72;-0.0939056;1022.62;341.333;1.7576;1.71598
6.67006;1022.72;-0.153598;1022.56;341.333;1.7235;1.71598
6.68006;1022.72;-0.179538;1022.54;341.333;1.6976;1.71598
6.69006;1022.72;-0.10123;1022.62;341.333;1.5123;1.71598
6.70006;1022.72;-0.249484;1022.47;341.333;1.4703;1.71598
6.71006;1022.72;-0.202487;1022.51;341.333;1.5022;1.71598
6.72006;1022.72;-0.00949402;1022.71;341.333;1.6713;1.71598
6.73006;1022.72;-0.104037;1022.61;341.333;1.7952;1.71598
6.74006;1022.72;-0.0144379;1022.7;341.333;1.7709;1.71598
6.75006;1022.72;0.0325592;1022.75;341.333;1.563;1.71598
6.76006;1022.72;0.00960999;1022.73;341.333;1.559;1.71598
6.77006;1022.72;-0.100009;1022.62;341.333;1.5964;1.71598
6.78006;1022.72;0.0508698;1022.77;341.333;1.7017;1.71598
6.79006;1022.72;0.080777;1022.8;341.333;1.783;1.71598
6.80006;1022.72;0.0733917;1022.79;341.333;1.7548;1.71598
6.81006;1022.72;0.0193146;1022.74;341.333;1.6639;1.71598
6.82006;1022.72;0.0823639;1022.8;341.333;1.6474;1.71598
6.83006;1022.72;-0.100742;1022.62;341.333;1.6272;1.71598
6.84006;1022.72;-0.00479431;1022.71;341.333;1.6789;1.71598
6.85006;1022.72;-0.0165131;1022.7;341.333;1.6918;1.71598
6.86006;1022.72;0.0419586;1022.76;341.333;1.6288;1.71598
6.87006;1022.72;0.0223053;1022.74;341.333;1.5762;1.71598
6.88006;1022.72;0.0306061;1022.75;341.333;1.4955;1.71598
6.89006;1022.72;-0.0158417;1022.7;341.333;1.4965;1.71598
6.90006;1022.72;-0.122897;1022.59;341.333;1.5236;1.71598
6.91006;1022.72;0.0368927;1022.75;341.333;1.6153;1.71598
6.92006;1022.72;-0.0903046;1022.63;341.333;1.5905;1.71598
6.93006;1022.72;-0.0759003;1022.64;341.333;1.5912;1.71598
6.94006;1022.72;-0.128818;1022.59;341.333;1.4908;1.71598
6.95006;1022.72;-0.139011;1022.58;341.333;1.5523;1.71598
6.96006;1022.72;-0.11539;1022.6;341.333;1.5929;1.71598
6.97006;1022.72;-0.172885;1022.54;341.333;1.6641;1.71598
6.98006;1022.72;-0.142001;1022.58;341.333;1.7124;1.71598
6.99007;1022.72;-0.146335;1022.57;341.333;1.6562;1.71598
7.00007;1022.72;-0.303195;1022.41;341.333;1.5488;1.71598
7.01007;1022.72;-0.130405;1022.59;341.333;1.6623;1.71598
7.02007;1022.72;-0.123996;1022.59;341.333;1.6534;1.71598
7.03007;1022.72;-0.109225;1022.61;341.333;1.7389;1.71598
7.04007;1022.72;0.0325592;1022.75;341.333;1.6978;1.71598
7.05007;1022.72;-0.0241425;1022.69;341.333;1.7095;1.71598
7.06007;1022.72;0.121915;1022.84;341.333;1.6792;1.71598
7.07007;1022.72;0.140408;1022.86;341.333;1.7434;1.71598
7.08007;1022.72;-0.0187103;1022.7;341.333;1.7444;1.71598
7.09007;1022.72;0.063382;1022.78;341.333;1.6881;1.71598
7.10007;1022.72;0.169583;1022.89;341.333;1.6158;1.71598
7.11007;1022.72;0.0716827;1022.79;341.333;1.5366;1.71598
7.12007;1022.72;0.0137604;1022.73;341.333;1.5368;1.71598
7.13007;1022.72;0.0892609;1022.81;341.333;1.5507;1.71598
7.14007;1022.72;0.0462921;1022.76;341.333;1.5738;1.71598
7.15007;1022.72;0.0627106;1022.78;341.333;1.6292;1.71598
7.16007;1022.72;0.0784576;1022.8;341.333;1.6429;1.71598
7.17007;1022.72;0.0705841;1022.79;341.333;1.6327;1.71598
7.18007;1022.72;-0.0379364;1022.68;341.333;1.6469;1.71598
7.19007;1022.72;-0.00809021;1022.71;341.333;1.5699;1.71598
7.20007;1022.72;-0.00479431;1022.71;341.333;1.655;1.71598
7.21007;1022.72;-0.0386078;1022.68;341.333;1.6303;1.71598
7.22007;1022.72;-0.144626;1022.57;341.333;1.7207;1.71598
7.23007;1022.72;-0.0820038;1022.64;341.333;1.7432;1.71598
7.24007;1022.72;-0.207797;1022.51;341.333;1.7746;1.71598
7.25007;1022.72;-0.231601;1022.49;341.333;1.6965;1.71598
7.26007;1022.72;-0.260043;1022.46;341.333;1.7014;1.71598
7.27007;1022.72;-0.308383;1022.41;341.333;1.626;1.71598
7.28007;1022.72;-0.207126;1022.51;341.333;1.597;1.71598
7.29007;1022.72;-0.144992;1022.57;341.333;1.5975;1.71598
7.30007;1022.72;-0.212192;1022.5;341.333;1.5761;1.71598
7.31007;1022.72;-0.119601;1022.6;341.333;1.5733;1.71598
7.32007;1022.72;-0.103488;1022.61;341.333;1.6466;1.71598
7.33007;1022.72;-0.0741913;1022.64;341.333;1.5639;1.71598
7.34007;1022.72;-0.193027;1022.52;341.333;1.5572;1.71598
7.35007;1022.72;-0.0336029;1022.68;341.333;1.5628;1.71598
7.36007;1022.72;0.0846832;1022.8;341.333;1.5789;1.71598
7.37007;1022.72;-0.0639374;1022.65;341.333;1.6399;1.71598
7.38007;1022.72;0.0268829;1022.74;341.333;1.6707;1.71598
7.39007;1022.72;-0.100986;1022.62;341.333;1.6637;1.71598
7.40007;1022.72;0.0552643;1022.77;341.333;1.5523;1.71598
7.41007;1022.72;0.0159576;1022.73;341.333;1.5764;1.71598
7.42007;1022.72;-0.0373871;1022.68;341.333;1.568;1.71598
7.43008;1022.72;-0.0033905;1022.71;341.333;1.6539;1.71598
7.44008;1022.72;0.110013;1022.83;341.333;1.5809;1.71598
7.45008;1022.72;0.0677155;1022.78;341.333;1.6993;1.71598
7.46008;1022.72;-0.0473358;1022.67;341.333;1.6719;1.71598
7.47008;1022.72;-0.025119;1022.69;341.333;1.6503;1.71598
7.48008;1022.72;0.00649719;1022.72;341.333;1.6502;1.71598
7.49008;1022.72;-0.00619812;1022.71;341.333;1.637;1.71598
7.50008;1022.72;-0.0171844;1022.7;341.333;1.571;1.71598
7.51008;1022.72;0.0760162;1022.79;341.333;1.6967;1.71598
7.52008;1022.72;-0.0889008;1022.63;341.333;1.6911;1.71598
7.53008;1022.72;-0.194736;1022.52;341.333;1.745;1.71598
7.54008;1022.72;-0.161411;1022.56;341.333;1.721;1.71598
7.55008;1022.72;-0.167819;1022.55;341.333;1.6584;1.71598
7.56008;1022.72;-0.222202;1022.49;341.333;1.5476;1.71598
7.57008;1022.72;-0.15134;1022.57;341.333;1.5262;1.71598
7.58008;1022.72;-0.413242;1022.3;341.333;1.4884;1.71598
7.59008;1022.72;-0.166721;1022.55;341.333;1.514;1.71598
7.60008;1022.72;-0.0158417;1022.7;341.333;1.5925;1.71598
7.61008;1022.72;-0.172885;1022.54;341.333;1.6048;1.71598
7.62008;1022.72;-0.0882904;1022.63;341.333;1.6027;1.71598
7.63008;1022.72;-0.184543;1022.53;341.333;1.5064;1.71598
7.64008;1022.72;-0.194919;1022.52;341.333;1.4545;1.71598
7.65008;1022.72;-0.142001;1022.58;341.333;1.4428;1.71598
7.66008;1022.72;0.0511139;1022.77;341.333;1.6608;1.71598
7.67008;1022.72;0.0621613;1022.78;341.333;1.777;1.71598
7.68008;1022.72;0.0903595;1022.81;341.333;1.7778;1.71598
7.69008;1022.72;-0.0559418;1022.66;341.333;1.5692;1.71598
7.70008;1022.72;0.0317047;1022.75;341.333;1.503;1.71598
7.71008;1022.72;-0.239413;1022.48;341.333;1.4908;1.71598
7.72008;1022.72;0.0650909;1022.78;341.333;1.6153;1.71598
7.73008;1022.72;0.0707062;1022.79;341.333;1.7239;1.71598
7.74008;1022.72;0.128506;1022.85;341.333;1.7428;1.71598
7.75008;1022.72;0.0689972;1022.79;341.333;1.5931;1.71598
7.76008;1022.72;0.0259674;1022.74;341.333;1.5472;1.71598
7.77008;1022.72;0.0625885;1022.78;341.333;1.4785;1.71598
7.78008;1022.72;0.0422638;1022.76;341.333;1.5414;1.71598
7.79008;1022.72;0.0179718;1022.73;341.333;1.7101;1.71598
7.80008;1022.72;0.105008;1022.82;341.333;1.7768;1.71598
7.81008;1022.72;-0.0309174;1022.69;341.333;1.6956;1.71598
7.82008;1022.72;-0.071994;1022.65;341.333;1.6667;1.71598
7.83008;1022.72;-0.288242;1022.43;341.333;1.5748;1.71598
7.84008;1022.72;-0.235812;1022.48;341.333;1.4652;1.71598
7.85008;1022.72;-0.132297;1022.58;341.333;1.536;1.71598
7.86009;1022.72;-0.156406;1022.56;341.333;1.6426;1.71598
7.87009;1022.72;-0.106235;1022.61;341.333;1.8109;1.71598
7.88009;1022.72;-0.0635101;1022.65;341.333;1.7346;1.71598
7.89009;1022.72;-0.237521;1022.48;341.333;1.717;1.71598
7.90009;1022.72;-0.173312;1022.54;341.333;1.6052;1.71598
7.91009;1022.72;-0.318515;1022.4;341.333;1.5802;1.71598
7.92009;1022.72;-0.108737;1022.61;341.333;1.5927;1.71598
7.93009;1022.72;-0.0774872;1022.64;341.333;1.6802;1.71598
7.94009;1022.72;-0.0852386;1022.63;341.333;1.7633;1.71598
7.95009;1022.72;0.0699738;1022.79;341.333;1.8682;1.71598
7.96009;1022.72;-0.0943329;1022.62;341.333;1.7217;1.71598
7.97009;1022.72;0.0500153;1022.77;341.333;1.6162;1.71598
7.98009;1022.72;0.0506866;1022.77;341.333;1.4979;1.71598
7.99009;1022.72;0.051297;1022.77;341.333;1.4035;1.71598
8.00009;1022.72;0.103299;1022.82;341.333;1.4926;1.71598
8.01009;1022.72;0.229886;1022.95;341.333;1.7338;1.71598
8.02009;1022.72;0.222012;1022.94;341.333;1.7988;1.71598
8.03009;1022.72;0.0982941;1022.82;341.333;1.7464;1.71598
8.04009;1022.72;-0.0585052;1022.66;341.333;1.5804;1.71598
8.05009;1022.72;0.0068634;1022.72;341.333;1.4783;1.71598
8.06009;1022.72;0.124173;1022.84;341.333;1.5101;1.71598
8.07009;1022.72;0.0995148;1022.82;341.333;1.6495;1.71598
8.08009;1022.72;0.1246;1022.84;341.333;1.683;1.71598
8.09009;1022.72;-0.0517914;1022.67;341.333;1.6262;1.71598
8.10009;1022.72;-0.107639;1022.61;341.333;1.5729;1.71598
8.11009;1022.72;-0.0295135;1022.69;341.333;1.4768;1.71598
8.12009;1022.72;-0.0382416;1022.68;341.333;1.5642;1.71598
8.13009;1022.72;-0.0592377;1022.66;341.333;1.6046;1.71598
8.14009;1022.72;-0.166415;1022.55;341.333;1.8325;1.71598
8.15009;1022.72;-0.158237;1022.56;341.333;1.7451;1.71598
8.16009;1022.72;-0.311313;1022.41;341.333;1.6521;1.71598
8.17009;1022.72;-0.101901;1022.62;341.333;1.539;1.71598
8.18009;1022.72;-0.401096;1022.32;341.333;1.4556;1.71598
8.19009;1022.72;-0.314609;1022.4;341.333;1.4389;1.71598
8.20009;1022.72;-0.0835907;1022.63;341.333;1.6275;1.71598
8.21009;1022.72;-0.10892;1022.61;341.333;1.7339;1.71598
8.22009;1022.72;-0.00723572;1022.71;341.333;1.7303;1.71598
8.23009;1022.72;-0.15903;1022.56;341.333;1.59;1.71598
8.24009;1022.72;-0.0431854;1022.67;341.333;1.4873;1.71598
8.25009;1022.72;-0.0191376;1022.7;341.333;1.5554;1.71598
8.26009;1022.72;0.123502;1022.84;341.333;1.689;1.71598
8.27009;1022.72;0.1246;1022.84;341.333;1.7087;1.71598
8.28009;1022.72;0.00588684;1022.72;341.333;1.5897;1.71598
8.29009;1022.72;-0.0835907;1022.63;341.333;1.5307;1.71598
8.30009;1022.72;-0.0318939;1022.69;341.333;1.5422;1.71598
8.31009;1022.72;-0.0065033;1022.71;341.333;1.6892;1.71598
8.3201;1022.72;0.142667;1022.86;341.333;1.7712;1.71598
8.3301;1022.72;0.178189;1022.9;341.333;1.8423;1.71598
8.3401;1022.72;-0.00949402;1022.71;341.333;1.6603;1.71598
8.3501;1022.72;-0.0635101;1022.65;341.333;1.5278;1.71598
8.3601;1022.72;0.0525787;1022.77;341.333;1.5123;1.71598
8.3701;1022.72;0.0318878;1022.75;341.333;1.6264;1.71598
8.3801;1022.72;0.122098;1022.84;341.333;1.6808;1.71598
8.3901;1022.72;0.234586;1022.95;341.333;1.8405;1.71598
8.4001;1022.72;-0.0776093;1022.64;341.333;1.7744;1.71598
8.4101;1022.72;-0.229221;1022.49;341.333;1.6003;1.71598
8.4201;1022.72;-0.191989;1022.53;341.333;1.4311;1.71598
8.4301;1022.72;-0.185397;1022.53;341.333;1.3757;1.71598
8.4401;1022.72;-0.096286;1022.62;341.333;1.5199;1.71598
8.4501;1022.72;-0.11124;1022.61;341.333;1.8173;1.71598
8.4601;1022.72;-0.287936;1022.43;341.333;1.8987;1.71598
8.4701;1022.72;-0.35184;1022.37;341.333;1.7627;1.71598
8.4801;1022.72;-0.333713;1022.38;341.333;1.6002;1.71598
8.4901;1022.72;-0.229221;1022.49;341.333;1.505;1.71598
8.5001;1022.72;-0.150302;1022.57;341.333;1.6139;1.71598
8.5101;1022.72;-0.118137;1022.6;341.333;1.7736;1.71598
8.5201;1022.72;-0.138828;1022.58;341.333;1.8884;1.71598
8.5301;1022.72;-0.198032;1022.52;341.333;1.751;1.71598
8.5401;1022.72;-0.143039;1022.57;341.333;1.604;1.71598
8.5501;1022.72;-0.0915863;1022.63;341.333;1.5027;1.71598
8.5601;1022.72;0.0881012;1022.81;341.333;1.5346;1.71598
8.5701;1022.72;0.193875;1022.91;341.333;1.5747;1.71598
8.5801;1022.72;-0.0332367;1022.68;341.333;1.755;1.71598
8.5901;1022.72;0.0137604;1022.73;341.333;1.7334;1.71598
8.6001;1022.72;0.030484;1022.75;341.333;1.6144;1.71598
8.6101;1022.72;-0.0184052;1022.7;341.333;1.5011;1.71598
8.6201;1022.72;0.0288971;1022.75;341.333;1.4358;1.71598
8.6301;1022.72;0.0610626;1022.78;341.333;1.5083;1.71598
8.6401;1022.72;0.18179;1022.9;341.333;1.7454;1.71598
8.6501;1022.72;0.051297;1022.77;341.333;1.7536;1.71598
8.6601;1022.72;-0.00039978;1022.72;341.333;1.6056;1.71598
8.6701;1022.72;-0.0122406;1022.7;341.333;1.5041;1.71598
8.6801;1022.72;-0.0284149;1022.69;341.333;1.4336;1.71598
8.6901;1022.72;0.0722931;1022.79;341.333;1.5959;1.71598
8.7001;1022.72;0.0519684;1022.77;341.333;1.8564;1.71598
8.7101;1022.72;-0.0862152;1022.63;341.333;1.861;1.71598
8.7201;1022.72;-0.180698;1022.54;341.333;1.6539;1.71598
8.7301;1022.72;-0.206088;1022.51;341.333;1.5643;1.71598
8.7401;1022.72;-0.296603;1022.42;341.333;1.5108;1.71598
8.7501;1022.72;-0.152988;1022.56;341.333;1.6801;1.71598
8.76011;1022.72;-0.0408051;1022.68;341.333;1.744;1.71598
8.77011;1022.72;-0.159824;1022.56;341.333;1.7114;1.71598
8.78011;1022.72;-0.127902;1022.59;341.333;1.5595;1.71598
8.79011;1022.72;-0.220615;1022.5;341.333;1.4808;1.71598
8.80011;1022.72;-0.145724;1022.57;341.333;1.4915;1.71598
8.81011;1022.72;-0.0752899;1022.64;341.333;1.6274;1.71598
8.82011;1022.72;0.0949982;1022.81;341.333;1.7078;1.71598
8.83011;1022.72;0.149503;1022.87;341.333;1.8459;1.71598
8.84011;1022.72;-0.0455048;1022.67;341.333;1.7197;1.71598
8.85011;1022.72;-0.0606415;1022.66;341.333;1.5397;1.71598
8.86011;1022.72;-0.12131;1022.6;341.333;1.4183;1.71598
8.87011;1022.72;0.00259094;1022.72;341.333;1.4932;1.71598
8.88011;1022.72;0.0913971;1022.81;341.333;1.5919;1.71598
8.89011;1022.72;0.163602;1022.88;341.333;1.7771;1.71598
8.90011;1022.72;0.0650909;1022.78;341.333;1.7299;1.71598
8.91011;1022.72;0.094693;1022.81;341.333;1.5131;1.71598
8.92011;1022.72;-0.0730316;1022.64;341.333;1.3287;1.71598
8.93011;1022.72;-0.0480072;1022.67;341.333;1.3035;1.71598
8.94011;1022.72;0.251309;1022.97;341.333;1.5208;1.71598
8.95011;1022.72;0.215787;1022.93;341.333;1.7705;1.71598
8.96011;1022.72;0.145413;1022.86;341.333;1.765;1.71598
8.97011;1022.72;-0.0127899;1022.7;341.333;1.6117;1.71598
8.98011;1022.72;-0.16312;1022.55;341.333;1.4418;1.71598
8.99011;1022.72;-0.113742;1022.6;341.333;1.368;1.71598
9.00011;1022.72;0.0422638;1022.76;341.333;1.5303;1.71598
9.01011;1022.72;0.0299957;1022.75;341.333;1.6382;1.71598
9.02011;1022.72;0.0282867;1022.75;341.333;1.735;1.71598
9.03011;1022.72;-0.287936;1022.43;341.333;1.5979;1.71598
9.04011;1022.72;-0.250644;1022.47;341.333;1.4691;1.71598
9.05011;1022.72;-0.228244;1022.49;341.333;1.4419;1.71598
9.06011;1022.72;-0.0642426;1022.65;341.333;1.4693;1.71598
9.07011;1022.72;-0.0191376;1022.7;341.333;1.5645;1.71598
9.08011;1022.72;0.0975616;1022.81;341.333;1.7296;1.71598
9.09011;1022.72;-0.0730316;1022.64;341.333;1.634;1.71598
9.10011;1022.72;-0.273593;1022.44;341.333;1.4662;1.71598
9.11011;1022.72;-0.188144;1022.53;341.333;1.2873;1.71598
9.12011;1022.72;-0.0201141;1022.7;341.333;1.2923;1.71598
9.13011;1022.72;0.0949982;1022.81;341.333;1.4711;1.71598
9.14011;1022.72;0.189114;1022.91;341.333;1.7632;1.71598
9.15011;1022.72;-0.0522186;1022.66;341.333;1.7887;1.71598
9.16011;1022.72;-0.102512;1022.61;341.333;1.564;1.71598
9.17011;1022.72;-3.35693e-05;1022.72;341.333;1.415;1.71598
9.18011;1022.72;-0.0116913;1022.71;341.333;1.3313;1.71598
9.19011;1022.72;0.172513;1022.89;341.333;1.5393;1.71598
9.20012;1022.72;0.238614;1022.96;341.333;1.683;1.71598
9.21012;1022.72;0.131497;1022.85;341.333;1.7912;1.71598
9.22012;1022.72;0.0558746;1022.77;341.333;1.6454;1.71598
9.23012;1022.72;-0.0809052;1022.64;341.333;1.516;1.71598
9.24012;1022.72;-0.0989105;1022.62;341.333;1.4606;1.71598
9.25012;1022.72;0.20889;1022.93;341.333;1.577;1.71598
9.26012;1022.72;0.0663727;1022.78;341.333;1.6518;1.71598
9.27012;1022.72;0.0677155;1022.78;341.333;1.8115;1.71598
9.28012;1022.72;-0.160983;1022.56;341.333;1.6931;1.71598
9.29012;1022.72;-0.326389;1022.39;341.333;1.5683;1.71598
9.30012;1022.72;-0.190402;1022.53;341.333;1.4742;1.71598
9.31012;1022.72;-0.0191376;1022.7;341.333;1.5168;1.71598
9.32012;1022.72;-0.148593;1022.57;341.333;1.5545;1.71598
9.33012;1022.72;-0.116428;1022.6;341.333;1.7139;1.71598
9.34012;1022.72;-0.25394;1022.46;341.333;1.6308;1.71598
9.35012;1022.72;-0.134738;1022.58;341.333;1.5263;1.71598
9.36012;1022.72;-0.0902435;1022.63;341.333;1.4501;1.71598
9.37012;1022.72;-0.0793182;1022.64;341.333;1.4755;1.71598
9.38012;1022.72;-0.0809052;1022.64;341.333;1.605;1.71598
9.39012;1022.72;0.131192;1022.85;341.333;1.7671;1.71598
9.40012;1022.72;-0.0759003;1022.64;341.333;1.7336;1.71598
9.41012;1022.72;-0.0871918;1022.63;341.333;1.545;1.71598
9.42012;1022.72;-0.035495;1022.68;341.333;1.4798;1.71598
9.43012;1022.72;0.0502594;1022.77;341.333;1.4835;1.71598
9.44012;1022.72;0.0220612;1022.74;341.333;1.6382;1.71598
9.45012;1022.72;0.0558746;1022.77;341.333;1.6508;1.71598
9.46012;1022.72;0.0830963;1022.8;341.333;1.6787;1.71598
9.47012;1022.72;0.0317047;1022.75;341.333;1.5311;1.71598
9.48012;1022.72;0.037381;1022.75;341.333;1.4795;1.71598
9.49012;1022.72;0.114468;1022.83;341.333;1.5031;1.71598
9.50012;1022.72;0.000393677;1022.72;341.333;1.6395;1.71598
9.51012;1022.72;0.237881;1022.95;341.333;1.6637;1.71598
9.52012;1022.72;0.0956085;1022.81;341.333;1.7606;1.71598
9.53012;1022.72;0.0732697;1022.79;341.333;1.6813;1.71598
9.54012;1022.72;0.0265167;1022.74;341.333;1.6066;1.71598
9.55012;1022.72;0.0636871;1022.78;341.333;1.5576;1.71598
9.56012;1022.72;0.0298737;1022.75;341.333;1.5993;1.71598
9.57012;1022.72;0.0158966;1022.73;341.333;1.6501;1.71598
9.58012;1022.72;-0.0401947;1022.68;341.333;1.7475;1.71598
9.59012;1022.72;-0.127292;1022.59;341.333;1.6955;1.71598
9.60012;1022.72;-0.335422;1022.38;341.333;1.664;1.71598
9.61012;1022.72;-0.133395;1022.58;341.333;1.6389;1.71598
9.62012;1022.72;-0.297336;1022.42;341.333;1.6066;1.71598
9.63013;1022.72;-0.160983;1022.56;341.333;1.6695;1.71598
9.64013;1022.72;-0.155307;1022.56;341.333;1.6975;1.71598
9.65013;1022.72;-0.159396;1022.56;341.333;1.6509;1.71598
9.66013;1022.72;-0.0793182;1022.64;341.333;1.5029;1.71598
9.67013;1022.72;-0.322421;1022.39;341.333;1.521;1.71598
9.68013;1022.72;-0.0044281;1022.71;341.333;1.6124;1.71598
9.69013;1022.72;-0.177585;1022.54;341.333;1.7454;1.71598
9.70013;1022.72;-0.0578339;1022.66;341.333;1.6794;1.71598
9.71013;1022.72;0.0486115;1022.77;341.333;1.7048;1.71598
9.72013;1022.72;-0.18613;1022.53;341.333;1.5733;1.71598
9.73013;1022.72;-0.0752899;1022.64;341.333;1.5716;1.71598
9.74013;1022.72;0.079007;1022.8;341.333;1.5945;1.71598
9.75013;1022.72;0.143094;1022.86;341.333;1.644;1.71598
9.76013;1022.72;0.154507;1022.87;341.333;1.6338;1.71598
9.77013;1022.72;0.0480011;1022.77;341.333;1.6661;1.71598
9.78013;1022.72;0.080777;1022.8;341.333;1.4946;1.71598
9.79013;1022.72;-0.0631439;1022.65;341.333;1.5288;1.71598
9.80013;1022.72;0.146695;1022.86;341.333;1.5372;1.71598
9.81013;1022.72;0.0393951;1022.76;341.333;1.6042;1.71598
9.82013;1022.72;0.0913971;1022.81;341.333;1.5902;1.71598
9.83013;1022.72;0.13876;1022.86;341.333;1.6439;1.71598
9.84013;1022.72;-0.0124237;1022.7;341.333;1.5746;1.71598
9.85013;1022.72;-0.0501434;1022.67;341.333;1.5648;1.71598
9.86013;1022.72;-0.0379364;1022.68;341.333;1.5862;1.71598
9.87013;1022.72;-0.0448334;1022.67;341.333;1.5219;1.71598
9.88013;1022.72;-0.184116;1022.53;341.333;1.5629;1.71598
9.89013;1022.72;-0.174533;1022.54;341.333;1.6106;1.71598
9.90013;1022.72;-0.150912;1022.57;341.333;1.7005;1.71598
9.91013;1022.72;-0.201511;1022.52;341.333;1.6702;1.71598
9.92013;1022.72;-0.288242;1022.43;341.333;1.6131;1.71598
9.93013;1022.72;-0.229526;1022.49;341.333;1.5061;1.71598
9.94013;1022.72;-0.185092;1022.53;341.333;1.4919;1.71598
9.95013;1022.72;-0.0558197;1022.66;341.333;1.4438;1.71598
9.96013;1022.72;-0.0166962;1022.7;341.333;1.6124;1.71598
9.97013;1022.72;-0.0680267;1022.65;341.333;1.6583;1.71598
9.98013;1022.72;-0.0984833;1022.62;341.333;1.6613;1.71598
9.99013;1022.72;-0.0882904;1022.63;341.333;1.5805;1.71598
10.0001;1022.72;0.0725983;1022.79;341.333;1.4724;1.71598
10.0101;1022.72;0.0715607;1022.79;341.333;1.4285;1.71598
10.0201;1022.72;0.174161;1022.89;341.333;1.5734;1.71598
10.0301;1022.72;0.130765;1022.85;341.333;1.74;1.71598
10.0401;1022.72;0.0292633;1022.75;341.333;1.712;1.71598
10.0501;1022.72;0.0525787;1022.77;341.333;1.6446;1.71598
10.0601;1022.72;0.0248688;1022.74;341.333;1.4736;1.71598
10.0701;1022.72;-0.0498993;1022.67;341.333;1.4317;1.71598
10.0801;1022.72;0.16409;1022.88;341.333;1.5877;1.71598
10.0901;1022.72;0.250882;1022.97;341.333;1.8082;1.71598
10.1001;1022.72;0.204678;1022.92;341.333;1.8636;1.71598
10.1101;1022.72;-0.00143738;1022.72;341.333;1.7078;1.71598
10.1201;1022.72;0.0387848;1022.76;341.333;1.4845;1.71598
10.1301;1022.72;0.0292633;1022.75;341.333;1.4107;1.71598
10.1401;1022.72;0.0693634;1022.79;341.333;1.4176;1.71598
10.1501;1022.72;0.103604;1022.82;341.333;1.6331;1.71598
10.1601;1022.72;0.0198029;1022.74;341.333;1.7209;1.71598
10.1701;1022.72;-0.142001;1022.58;341.333;1.7539;1.71598
10.1801;1022.72;-0.281284;1022.44;341.333;1.6839;1.71598
10.1901;1022.72;-0.281528;1022.44;341.333;1.5296;1.71598
10.2001;1022.72;-0.110202;1022.61;341.333;1.5041;1.71598
10.2101;1022.72;-0.0923187;1022.62;341.333;1.6923;1.71598
10.2201;1022.72;-0.129001;1022.59;341.333;1.7675;1.71598
10.2301;1022.72;-0.0700409;1022.65;341.333;1.7537;1.71598
10.2401;1022.72;-0.179111;1022.54;341.333;1.6329;1.71598
10.2501;1022.72;-0.118442;1022.6;341.333;1.4164;1.71598
10.2601;1022.72;-0.139438;1022.58;341.333;1.3871;1.71598
10.2701;1022.72;-0.0896942;1022.63;341.333;1.5566;1.71598
10.2801;1022.72;0.129788;1022.85;341.333;1.7502;1.71598
10.2901;1022.72;-0.0802948;1022.64;341.333;1.7455;1.71598
10.3001;1022.72;-0.152988;1022.56;341.333;1.6301;1.71598
10.3101;1022.72;-0.066806;1022.65;341.333;1.5281;1.71598
10.3201;1022.72;-0.00039978;1022.72;341.333;1.5238;1.71598
10.3301;1022.72;0.145108;1022.86;341.333;1.5784;1.71598
10.3401;1022.72;0.00429993;1022.72;341.333;1.8037;1.71598
10.3501;1022.72;-0.0780365;1022.64;341.333;1.8113;1.71598
10.3601;1022.72;0.104276;1022.82;341.333;1.7208;1.71598
10.3701;1022.72;-0.149142;1022.57;341.333;1.5315;1.71598
10.3801;1022.72;-0.0675385;1022.65;341.333;1.4555;1.71598
10.3901;1022.72;0.000881958;1022.72;341.333;1.4531;1.71598
10.4001;1022.72;0.142056;1022.86;341.333;1.7394;1.71598
10.4101;1022.72;0.162076;1022.88;341.333;1.8225;1.71598
10.4201;1022.72;-0.0382416;1022.68;341.333;1.7832;1.71598
10.4301;1022.72;-0.117099;1022.6;341.333;1.5861;1.71598
10.4401;1022.72;-0.201022;1022.52;341.333;1.4054;1.71598
10.4501;1022.72;-0.0124237;1022.7;341.333;1.4906;1.71598
10.4601;1022.72;-0.0906097;1022.63;341.333;1.8205;1.71598
10.4701;1022.72;-0.266208;1022.45;341.333;1.9406;1.71598
10.4801;1022.72;-0.226535;1022.49;341.333;1.8667;1.71598
10.4901;1022.72;-0.297336;1022.42;341.333;1.7078;1.71598
10.5001;1022.72;-0.181003;1022.54;341.333;1.4957;1.71598
10.5101;1022.72;-0.27634;1022.44;341.333;1.4966;1.71598
10.5201;1022.72;-0.0992157;1022.62;341.333;1.6501;1.71598
10.5301;1022.72;-0.101901;1022.62;341.333;1.8121;1.71598
10.5401;1022.72;-0.170139;1022.55;341.333;1.8113;1.71598
10.5501;1022.72;-0.148044;1022.57;341.333;1.7047;1.71598
10.5601;1022.72;-0.227939;1022.49;341.333;1.5655;1.71598
10.5701;1022.72;-0.11539;1022.6;341.333;1.572;1.71598
10.5801;1022.72;-0.0245087;1022.69;341.333;1.6387;1.71598
10.5901;1022.72;0.128812;1022.85;341.333;1.8597;1.71598
10.6001;1022.72;0.153165;1022.87;341.333;1.8559;1.71598
10.6101;1022.72;-0.138095;1022.58;341.333;1.6998;1.71598
10.6201;1022.72;-0.0177948;1022.7;341.333;1.5019;1.71598
10.6301;1022.72;0.0595978;1022.78;341.333;1.4016;1.71598
10.6401;1022.72;0.0992706;1022.82;341.333;1.4615;1.71598
10.6501;1022.72;0.212979;1022.93;341.333;1.7339;1.71598
10.6601;1022.72;0.120084;1022.84;341.333;1.7767;1.71598
10.6701;1022.72;-0.0267059;1022.69;341.333;1.7068;1.71598
10.6801;1022.72;-0.0184052;1022.7;341.333;1.4885;1.71598
10.6901;1022.72;-0.0816376;1022.64;341.333;1.3501;1.71598
10.7001;1022.72;0.0317047;1022.75;341.333;1.4381;1.71598
10.7101;1022.72;0.080777;1022.8;341.333;1.7519;1.71598
10.7201;1022.72;0.0605133;1022.78;341.333;1.8724;1.71598
10.7302;1022.72;-0.134738;1022.58;341.333;1.7924;1.71598
10.7402;1022.72;-0.0611908;1022.66;341.333;1.5663;1.71598
10.7502;1022.72;-0.201511;1022.52;341.333;1.3609;1.71598
10.7602;1022.72;-0.158237;1022.56;341.333;1.4271;1.71598
10.7702;1022.72;-0.117038;1022.6;341.333;1.5708;1.71598
10.7802;1022.72;-0.178806;1022.54;341.333;1.7296;1.71598
10.7902;1022.72;-0.198703;1022.52;341.333;1.6495;1.71598
10.8002;1022.72;-0.246616;1022.47;341.333;1.4699;1.71598
10.8102;1022.72;-0.265598;1022.45;341.333;1.3118;1.71598
10.8202;1022.72;-0.348117;1022.37;341.333;1.3624;1.71598
10.8302;1022.72;-0.205417;1022.51;341.333;1.4856;1.71598
10.8402;1022.72;0.059903;1022.78;341.333;1.7745;1.71598
10.8502;1022.72;-0.0785858;1022.64;341.333;1.7312;1.71598
10.8602;1022.72;-0.279208;1022.44;341.333;1.5503;1.71598
10.8702;1022.72;-0.151889;1022.57;341.333;1.3338;1.71598
10.8802;1022.72;-0.11301;1022.6;341.333;1.3038;1.71598
10.8902;1022.72;0.200894;1022.92;341.333;1.481;1.71598
10.9002;1022.72;0.148404;1022.87;341.333;1.8437;1.71598
10.9102;1022.72;-0.0495941;1022.67;341.333;1.8752;1.71598
10.9202;1022.72;-0.104037;1022.61;341.333;1.662;1.71598
10.9302;1022.72;-0.0522186;1022.66;341.333;1.3941;1.71598
10.9402;1022.72;-0.146091;1022.57;341.333;1.3381;1.71598
10.9502;1022.72;0.0126617;1022.73;341.333;1.5193;1.71598
10.9602;1022.72;0.112515;1022.83;341.333;1.8316;1.71598
10.9702;1022.72;0.140958;1022.86;341.333;1.9219;1.71598
10.9802;1022.72;-0.0431854;1022.67;341.333;1.7755;1.71598
10.9902;1022.72;-0.0653412;1022.65;341.333;1.5408;1.71598
11.0002;1022.72;0.0101593;1022.73;341.333;1.3455;1.71598
11.0102;1022.72;0.0476959;1022.76;341.333;1.4696;1.71598
11.0202;1022.72;-0.00809021;1022.71;341.333;1.6181;1.71598
11.0302;1022.72;-0.0032074;1022.71;341.333;1.7238;1.71598
11.0402;1022.72;-0.197543;1022.52;341.333;1.6608;1.71598
11.0502;1022.72;-0.201511;1022.52;341.333;1.5571;1.71598
11.0602;1022.72;-0.168307;1022.55;341.333;1.3973;1.71598
11.0702;1022.72;-0.184787;1022.53;341.333;1.4694;1.71598
11.0802;1022.72;-0.0531952;1022.66;341.333;1.5614;1.71598
11.0902;1022.72;-0.0827362;1022.63;341.333;1.7849;1.71598
11.1002;1022.72;-0.182407;1022.53;341.333;1.6849;1.71598
11.1102;1022.72;-0.358005;1022.36;341.333;1.5561;1.71598
11.1202;1022.72;-0.38071;1022.34;341.333;1.4212;1.71598
11.1302;1022.72;-0.0541107;1022.66;341.333;1.4249;1.71598
11.1402;1022.72;0.0439728;1022.76;341.333;1.5504;1.71598
11.1502;1022.72;-0.026889;1022.69;341.333;1.7872;1.71598
11.1602;1022.72;-0.201022;1022.52;341.333;1.7095;1.71598
11.1702;1022.72;-0.145724;1022.57;341.333;1.5702;1.71598
11.1802;1022.72;-0.218784;1022.5;341.333;1.4638;1.71598
11.1902;1022.72;-0.0318939;1022.69;341.333;1.5356;1.71598
11.2002;1022.72;0.103299;1022.82;341.333;1.686;1.71598
11.2102;1022.72;0.0448883;1022.76;341.333;1.8591;1.71598
11.2202;1022.72;-0.0478241;1022.67;341.333;1.7772;1.71598
11.2302;1022.72;-0.130038;1022.59;341.333;1.5123;1.71598
11.2402;1022.72;-0.0646088;1022.65;341.333;1.3933;1.71598
11.2502;1022.72;0.117398;1022.83;341.333;1.4275;1.71598
11.2602;1022.72;0.00545959;1022.72;341.333;1.6628;1.71598
11.2702;1022.72;0.214261;1022.93;341.333;1.7254;1.71598
11.2802;1022.72;-0.0712006;1022.65;341.333;1.7837;1.71598
11.2902;1022.72;-0.254184;1022.46;341.333;1.5654;1.71598
11.3002;1022.72;-0.154636;1022.56;341.333;1.4208;1.71598
11.3102;1022.72;-0.08591;1022.63;341.333;1.4773;1.71598
11.3202;1022.72;0.00478821;1022.72;341.333;1.6044;1.71598
11.3302;1022.72;0.0571564;1022.77;341.333;1.6843;1.71598
11.3402;1022.72;-0.0387909;1022.68;341.333;1.8019;1.71598
11.3502;1022.72;-0.199496;1022.52;341.333;1.6357;1.71598
11.3602;1022.72;-0.291232;1022.43;341.333;1.5361;1.71598
11.3702;1022.72;-0.156406;1022.56;341.333;1.5245;1.71598
11.3802;1022.72;-0.0776093;1022.64;341.333;1.5989;1.71598
11.3902;1022.72;-0.0517914;1022.67;341.333;1.5547;1.71598
11.4002;1022.72;-0.244785;1022.47;341.333;1.6056;1.71598
11.4102;1022.72;-0.163486;1022.55;341.333;1.5357;1.71598
11.4202;1022.72;-0.201022;1022.52;341.333;1.5035;1.71598
11.4302;1022.72;-0.142612;1022.57;341.333;1.5549;1.71598
11.4402;1022.72;-0.0408051;1022.68;341.333;1.6143;1.71598
11.4502;1022.72;0.0141876;1022.73;341.333;1.691;1.71598
11.4602;1022.72;0.0220612;1022.74;341.333;1.6587;1.71598
11.4702;1022.72;-0.0802948;1022.64;341.333;1.5215;1.71598
11.4802;1022.72;-0.154636;1022.56;341.333;1.4337;1.71598
11.4902;1022.72;-0.0501434;1022.67;341.333;1.4931;1.71598
11.5002;1022.72;-0.0469086;1022.67;341.333;1.6083;1.71598
11.5102;1022.72;0.0970123;1022.81;341.333;1.6735;1.71598
11.5202;1022.72;0.0563019;1022.77;341.333;1.556;1.71598
11.5302;1022.72;0.096402;1022.81;341.333;1.4874;1.71598
11.5402;1022.72;-0.100009;1022.62;341.333;1.4157;1.71598
11.5502;1022.72;0.162991;1022.88;341.333;1.5802;1.71598
11.5602;1022.72;0.169217;1022.89;341.333;1.6774;1.71598
11.5702;1022.72;-0.0531952;1022.66;341.333;1.7285;1.71598
11.5802;1022.72;0.119107;1022.84;341.333;1.5997;1.71598
11.5902;1022.72;-0.133823;1022.58;341.333;1.5734;1.71598
11.6002;1022.72;-0.0796844;1022.64;341.333;1.4312;1.71598
11.6102;1022.72;-0.0431854;1022.67;341.333;1.4294;1.71598
11.6202;1022.72;0.0992706;1022.82;341.333;1.5811;1.71598
11.6302;1022.72;-0.026889;1022.69;341.333;1.6597;1.71598
11.6402;1022.72;-0.0992157;1022.62;341.333;1.6305;1.71598
11.6502;1022.72;-0.196384;1022.52;341.333;1.5285;1.71598
11.6602;1022.72;-0.482639;1022.23;341.333;1.3973;1.71598
11.6702;1022.72;-0.286838;1022.43;341.333;1.3553;1.71598
11.6802;1022.72;-0.134311;1022.58;341.333;1.477;1.71598
11.6902;1022.72;-0.0950043;1022.62;341.333;1.6317;1.71598
11.7002;1022.72;-0.0899994;1022.63;341.333;1.7537;1.71598
11.7102;1022.72;-0.110995;1022.61;341.333;1.6644;1.71598
11.7202;1022.72;-0.259006;1022.46;341.333;1.4964;1.71598
11.7302;1022.72;-0.149326;1022.57;341.333;1.3702;1.71598
11.7402;1022.72;-0.185397;1022.53;341.333;1.5121;1.71598
11.7502;1022.72;-0.0362885;1022.68;341.333;1.6696;1.71598
11.7602;1022.72;-0.0415375;1022.68;341.333;1.7816;1.71598
11.7702;1022.72;0.187772;1022.9;341.333;1.6858;1.71598
11.7802;1022.72;-0.0509369;1022.67;341.333;1.5827;1.71598
11.7902;1022.72;-0.110202;1022.61;341.333;1.4207;1.71598
11.8002;1022.72;-0.0965912;1022.62;341.333;1.511;1.71598
11.8102;1022.72;0.0693634;1022.79;341.333;1.6918;1.71598
11.8202;1022.72;0.142056;1022.86;341.333;1.7529;1.71598
11.8302;1022.72;0.0542877;1022.77;341.333;1.5947;1.71598
11.8402;1022.72;0.0361603;1022.75;341.333;1.5352;1.71598
11.8502;1022.72;-0.0611908;1022.66;341.333;1.4459;1.71598
11.8602;1022.72;0.0682648;1022.79;341.333;1.4992;1.71598
11.8702;1022.72;0.077359;1022.79;341.333;1.6757;1.71598
11.8802;1022.72;0.122891;1022.84;341.333;1.7619;1.71598
11.8902;1022.72;0.0726593;1022.79;341.333;1.6568;1.71598
11.9002;1022.72;0.0411041;1022.76;341.333;1.4335;1.71598
11.9102;1022.72;-0.145297;1022.57;341.333;1.3165;1.71598
11.9202;1022.72;-0.198703;1022.52;341.333;1.3989;1.71598
11.9302;1022.72;-0.0368988;1022.68;341.333;1.6188;1.71598
11.9402;1022.72;-0.084201;1022.63;341.333;1.7139;1.71598
11.9502;1022.72;-0.205417;1022.51;341.333;1.7092;1.71598
11.9602;1022.72;-0.283237;1022.43;341.333;1.4613;1.71598
11.9702;1022.72;-0.260287;1022.46;341.333;1.354;1.71598
11.9802;1022.72;-0.313388;1022.4;341.333;1.3658;1.71598
11.9902;1022.72;-0.0066864;1022.71;341.333;1.5709;1.71598
12.0002;1022.72;0.0282867;1022.75;341.333;1.6924;1.71598
12.0102;1022.72;-0.0242035;1022.69;341.333;1.6728;1.71598
12.0202;1022.72;-0.167087;1022.55;341.333;1.5013;1.71598
12.0302;1022.72;-0.0992157;1022.62;341.333;1.4809;1.71598
12.0402;1022.72;-0.140292;1022.58;341.333;1.5025;1.71598
12.0502;1022.72;0.0519684;1022.77;341.333;1.6583;1.71598
12.0602;1022.72;0.117398;1022.83;341.333;1.7615;1.71598
12.0702;1022.72;-0.0140106;1022.7;341.333;1.7055;1.71598
12.0802;1022.72;0.0282867;1022.75;341.333;1.562;1.71598
12.0902;1022.72;0.0111969;1022.73;341.333;1.4486;1.71598
12.1002;1022.72;0.0314606;1022.75;341.333;1.4694;1.71598
12.1102;1022.72;0.101956;1022.82;341.333;1.6091;1.71598
12.1202;1022.72;0.276089;1022.99;341.333;1.7643;1.71598
12.1302;1022.72;0.217007;1022.93;341.333;1.7846;1.71598
12.1402;1022.72;0.119962;1022.84;341.333;1.6003;1.71598
12.1502;1022.72;-0.00778503;1022.71;341.333;1.3642;1.71598
12.1602;1022.72;-0.0550873;1022.66;341.333;1.3605;1.71598
12.1702;1022.72;0.0777863;1022.79;341.333;1.4644;1.71598
12.1802;1022.72;0.133817;1022.85;341.333;1.6819;1.71598
12.1902;1022.72;0.0660065;1022.78;341.333;1.7123;1.71598
12.2002;1022.72;-0.0567963;1022.66;341.333;1.6266;1.71598
12.2102;1022.72;-0.212192;1022.5;341.333;1.4162;1.71598
12.2202;1022.72;-0.219638;1022.5;341.333;1.4946;1.71598
12.2302;1022.72;-0.305637;1022.41;341.333;1.5663;1.71598
12.2402;1022.72;-0.176791;1022.54;341.333;1.6755;1.71598
12.2502;1022.72;-0.178134;1022.54;341.333;1.6596;1.71598
12.2602;1022.72;-0.258029;1022.46;341.333;1.4747;1.71598
12.2702;1022.72;-0.182407;1022.53;341.333;1.3467;1.71598
12.2802;1022.72;-0.274936;1022.44;341.333;1.5389;1.71598
12.2902;1022.72;-0.118991;1022.6;341.333;1.7873;1.71598
12.3002;1022.72;0.0143097;1022.73;341.333;1.9368;1.71598
12.3102;1022.72;-0.0550873;1022.66;341.333;1.7667;1.71598
12.3202;1022.72;-0.309299;1022.41;341.333;1.3755;1.71598
12.3302;1022.72;-0.151401;1022.57;341.333;1.1122;1.71598
12.3402;1022.72;0.0631989;1022.78;341.333;1.2286;1.71598
12.3502;1022.72;0.212613;1022.93;341.333;1.5877;1.71598
12.3602;1022.72;0.0577057;1022.77;341.333;1.8601;1.71598
12.3702;1022.72;0.0700958;1022.79;341.333;1.815;1.71598
12.3802;1022.72;-0.130038;1022.59;341.333;1.5458;1.71598
12.3902;1022.72;-0.110812;1022.61;341.333;1.2969;1.71598
12.4002;1022.72;0.0920074;1022.81;341.333;1.2336;1.71598
12.4102;1022.72;0.27438;1022.99;341.333;1.6548;1.71598
12.4202;1022.72;0.373502;1023.09;341.333;1.8712;1.71598
12.4302;1022.72;0.114957;1022.83;341.333;1.9123;1.71598
12.4402;1022.72;-0.00400085;1022.71;341.333;1.6217;1.71598
12.4502;1022.72;-0.138034;1022.58;341.333;1.2769;1.71598
12.4602;1022.72;0.046109;1022.76;341.333;1.2404;1.71598
12.4702;1022.72;0.262601;1022.98;341.333;1.6683;1.71598
12.4802;1022.72;0.159512;1022.88;341.333;1.9739;1.71598
12.4902;1022.72;0.0913971;1022.81;341.333;1.9732;1.71598
12.5002;1022.72;-0.147006;1022.57;341.333;1.6309;1.71598
12.5102;1022.72;-0.27811;1022.44;341.333;1.1819;1.71598
12.5202;1022.72;-0.263583;1022.45;341.333;1.1193;1.71598
12.5302;1022.72;0.0298737;1022.75;341.333;1.5358;1.71598
12.5402;1022.72;0.141812;1022.86;341.333;2.0072;1.71598
12.5502;1022.72;-0.0506927;1022.67;341.333;2.1276;1.71598
12.5602;1022.72;-0.2327;1022.48;341.333;1.7722;1.71598
12.5702;1022.72;-0.390903;1022.33;341.333;1.2241;1.71598
12.5802;1022.72;-0.350131;1022.37;341.333;1.0888;1.71598
12.5902;1022.72;-0.0780365;1022.64;341.333;1.3058;1.71598
12.6002;1022.72;0.0406158;1022.76;341.333;1.7445;1.71598
12.6102;1022.72;0.197903;1022.91;341.333;1.9728;1.71598
12.6202;1022.72;-0.0259125;1022.69;341.333;1.8993;1.71598
12.6302;1022.72;-0.138034;1022.58;341.333;1.5057;1.71598
12.6402;1022.72;-0.0959198;1022.62;341.333;1.2877;1.71598
12.6502;1022.72;0.000210571;1022.72;341.333;1.2611;1.71598
12.6602;1022.72;0.215909;1022.93;341.333;1.6655;1.71598
12.6702;1022.72;0.0649689;1022.78;341.333;1.7704;1.71598
12.6802;1022.72;0.0433624;1022.76;341.333;1.7697;1.71598
12.6902;1022.72;-0.096286;1022.62;341.333;1.5446;1.71598
12.7002;1022.72;-0.0915863;1022.63;341.333;1.3497;1.71598
12.7102;1022.72;0.0389679;1022.76;341.333;1.382;1.71598
12.7202;1022.72;0.254178;1022.97;341.333;1.7344;1.71598
12.7302;1022.72;0.0689972;1022.79;341.333;1.8713;1.71598
12.7402;1022.72;0.0166901;1022.73;341.333;1.7549;1.71598
12.7502;1022.72;-0.137302;1022.58;341.333;1.4795;1.71598
12.7602;1022.72;-0.154819;1022.56;341.333;1.3296;1.71598
12.7702;1022.72;-0.0207855;1022.7;341.333;1.4183;1.71598
12.7802;1022.72;0.178799;1022.9;341.333;1.65;1.71598
12.7902;1022.72;0.00906067;1022.73;341.333;1.8118;1.71598
12.8002;1022.72;-0.18912;1022.53;341.333;1.693;1.71598
12.8102;1022.72;-0.276889;1022.44;341.333;1.4758;1.71598
12.8202;1022.72;-0.316684;1022.4;341.333;1.2682;1.71598
12.8302;1022.72;-0.0428192;1022.67;341.333;1.3384;1.71598
12.8402;1022.72;-0.0929901;1022.62;341.333;1.5273;1.71598
12.8502;1022.72;-0.0592377;1022.66;341.333;1.7962;1.71598
12.8602;1022.72;-0.257297;1022.46;341.333;1.7653;1.71598
12.8702;1022.72;-0.205783;1022.51;341.333;1.586;1.71598
12.8802;1022.72;-0.282687;1022.43;341.333;1.3867;1.71598
12.8902;1022.72;-0.162143;1022.55;341.333;1.4009;1.71598
12.9002;1022.72;-0.0691864;1022.65;341.333;1.5042;1.71598
12.9102;1022.72;0.0519684;1022.77;341.333;1.7587;1.71598
12.9202;1022.72;0.105496;1022.82;341.333;1.7848;1.71598
12.9302;1022.72;0.00387268;1022.72;341.333;1.6774;1.71598
12.9402;1022.72;-0.0512421;1022.67;341.333;1.504;1.71598
12.9502;1022.72;0.00960999;1022.73;341.333;1.4083;1.71598
12.9602;1022.72;0.0795563;1022.8;341.333;1.5025;1.71598
12.9702;1022.72;0.237881;1022.95;341.333;1.8125;1.71598
12.9802;1022.72;-0.0243866;1022.69;341.333;1.8602;1.71598
12.9902;1022.72;-0.0340912;1022.68;341.333;1.7459;1.71598
13.0002;1022.72;0.007901;1022.72;341.333;1.5988;1.71598
13.0102;1022.72;-0.0785858;1022.64;341.333;1.5025;1.71598
13.0202;1022.72;0.126187;1022.84;341.333;1.5706;1.71598
13.0302;1022.72;0.173611;1022.89;341.333;1.6167;1.71598
13.0402;1022.72;0.0158966;1022.73;341.333;1.7191;1.71598
13.0502;1022.72;-0.0301849;1022.69;341.333;1.6131;1.71598
13.0602;1022.72;-0.0348846;1022.68;341.333;1.508;1.71598
13.0702;1022.72;-0.164828;1022.55;341.333;1.3871;1.71598
13.0802;1022.72;-0.0611908;1022.66;341.333;1.4259;1.71598
13.0902;1022.72;-0.066806;1022.65;341.333;1.4479;1.71598
13.1002;1022.72;-0.212192;1022.5;341.333;1.637;1.71598
13.1102;1022.72;-0.251193;1022.47;341.333;1.5892;1.71598
13.1202;1022.72;-0.267612;1022.45;341.333;1.5397;1.71598
13.1302;1022.72;-0.212192;1022.5;341.333;1.5329;1.71598
13.1402;1022.72;-0.213412;1022.5;341.333;1.5335;1.71598
13.1502;1022.72;-0.0642426;1022.65;341.333;1.5367;1.71598
13.1602;1022.72;-0.0877411;1022.63;341.333;1.7098;1.71598
13.1702;1022.72;-0.345004;1022.37;341.333;1.6296;1.71598
13.1802;1022.72;-0.265598;1022.45;341.333;1.5646;1.71598
13.1902;1022.72;-0.0906097;1022.63;341.333;1.4469;1.71598
13.2002;1022.72;-0.035495;1022.68;341.333;1.4505;1.71598
13.2102;1022.72;0.0422638;1022.76;341.333;1.5455;1.71598
13.2202;1022.72;0.125211;1022.84;341.333;1.7365;1.71598
13.2302;1022.72;0.0913971;1022.81;341.333;1.6764;1.71598
13.2402;1022.72;-0.0033905;1022.71;341.333;1.5191;1.71598
13.2502;1022.72;-0.0309174;1022.69;341.333;1.4476;1.71598
13.2602;1022.72;0.102689;1022.82;341.333;1.4378;1.71598
13.2702;1022.72;0.166898;1022.88;341.333;1.5908;1.71598
13.2802;1022.72;0.110684;1022.83;341.333;1.6809;1.71598
13.2902;1022.72;-0.0101044;1022.71;341.333;1.6955;1.71598
13.3002;1022.72;-0.026889;1022.69;341.333;1.559;1.71598
13.3102;1022.72;-0.119907;1022.6;341.333;1.4644;1.71598
13.3202;1022.72;-0.0624115;1022.65;341.333;1.4237;1.71598
13.3302;1022.72;0.0516632;1022.77;341.333;1.512;1.71598
13.3402;1022.72;0.0762604;1022.79;341.333;1.5292;1.71598
13.3502;1022.72;0.134061;1022.85;341.333;1.7107;1.71598
13.3602;1022.72;-0.179111;1022.54;341.333;1.5926;1.71598
13.3702;1022.72;-0.151889;1022.57;341.333;1.5943;1.71598
13.3802;1022.72;-0.189731;1022.53;341.333;1.5456;1.71598
13.3902;1022.72;-0.197726;1022.52;341.333;1.51;1.71598
13.4002;1022.72;-0.139743;1022.58;341.333;1.4716;1.71598
13.4102;1022.72;-0.222507;1022.49;341.333;1.5904;1.71598
13.4202;1022.72;-0.30643;1022.41;341.333;1.542;1.71598
13.4302;1022.72;-0.123325;1022.59;341.333;1.5057;1.71598
13.4402;1022.72;-0.109225;1022.61;341.333;1.51;1.71598
13.4502;1022.72;-0.0785858;1022.64;341.333;1.5173;1.71598
13.4602;1022.72;-0.0550873;1022.66;341.333;1.6287;1.71598
13.4702;1022.72;-0.0642426;1022.65;341.333;1.6863;1.71598
13.4802;1022.72;0.0184601;1022.74;341.333;1.5919;1.71598
13.4902;1022.72;-0.0218842;1022.7;341.333;1.4031;1.71598
13.5002;1022.72;-0.0141937;1022.7;341.333;1.3952;1.71598
13.5102;1022.72;0.171292;1022.89;341.333;1.5073;1.71598
13.5202;1022.72;0.075589;1022.79;341.333;1.6867;1.71598
13.5302;1022.72;0.188809;1022.91;341.333;1.7228;1.71598
13.5402;1022.72;0.161099;1022.88;341.333;1.6897;1.71598
13.5502;1022.72;-0.0738861;1022.64;341.333;1.4446;1.71598
13.5602;1022.72;0.068692;1022.79;341.333;1.3811;1.71598
13.5702;1022.72;-0.0212128;1022.7;341.333;1.4094;1.71598
13.5802;1022.72;0.162991;1022.88;341.333;1.5975;1.71598
13.5902;1022.72;0.200162;1022.92;341.333;1.6628;1.71598
13.6002;1022.72;0.164456;1022.88;341.333;1.7554;1.71598
13.6102;1022.72;0.0367096;1022.75;341.333;1.5712;1.71598
13.6202;1022.72;-0.142612;1022.57;341.333;1.4681;1.71598
13.6302;1022.72;0.0135773;1022.73;341.333;1.441;1.71598
13.6402;1022.72;0.100369;1022.82;341.333;1.517;1.71598
13.6502;1022.72;-0.0342133;1022.68;341.333;1.5669;1.71598
13.6602;1022.72;0.00387268;1022.72;341.333;1.6959;1.71598
13.6702;1022.72;-0.109409;1022.61;341.333;1.6031;1.71598
13.6802;1022.72;-0.240634;1022.48;341.333;1.5017;1.71598
13.6902;1022.72;-0.0683319;1022.65;341.333;1.5666;1.71598
13.7002;1022.72;-0.0968964;1022.62;341.333;1.6112;1.71598
13.7102;1022.72;-0.0552094;1022.66;341.333;1.715;1.71598
13.7202;1022.72;-0.132602;1022.58;341.333;1.6979;1.71598
13.7302;1022.72;-0.194919;1022.52;341.333;1.5378;1.71598
13.7402;1022.72;-0.194308;1022.52;341.333;1.3748;1.71598
13.7502;1022.72;-0.0592377;1022.66;341.333;1.4557;1.71598
13.7602;1022.72;0.107693;1022.82;341.333;1.6379;1.71598
13.7702;1022.72;0.120084;1022.84;341.333;1.7993;1.71598
13.7802;1022.72;0.058194;1022.78;341.333;1.6801;1.71598
13.7902;1022.72;-0.0235931;1022.69;341.333;1.6133;1.71598
13.8002;1022.72;-0.0495941;1022.67;341.333;1.3747;1.71598
13.8102;1022.72;0.00429993;1022.72;341.333;1.4096;1.71598
13.8202;1022.72;0.193265;1022.91;341.333;1.5496;1.71598
13.8302;1022.72;0.201199;1022.92;341.333;1.7339;1.71598
13.8402;1022.72;0.0368927;1022.75;341.333;1.6954;1.71598
13.8502;1022.72;0.0548981;1022.77;341.333;1.6368;1.71598
13.8602;1022.72;-0.0336029;1022.68;341.333;1.4084;1.71598
13.8702;1022.72;0.0282867;1022.75;341.333;1.3583;1.71598
13.8802;1022.72;0.0996979;1022.82;341.333;1.5458;1.71598
13.8902;1022.72;0.243314;1022.96;341.333;1.6646;1.71598
13.9002;1022.72;0.0610626;1022.78;341.333;1.7363;1.71598
13.9102;1022.72;0.0226105;1022.74;341.333;1.6351;1.71598
13.9202;1022.72;0.0111969;1022.73;341.333;1.4547;1.71598
13.9302;1022.72;-0.117343;1022.6;341.333;1.4072;1.71598
13.9402;1022.72;0.0101593;1022.73;341.333;1.5487;1.71598
13.9502;1022.72;0.0118683;1022.73;341.333;1.7023;1.71598
13.9602;1022.72;-0.10593;1022.61;341.333;1.6959;1.71598
13.9702;1022.72;-0.193698;1022.52;341.333;1.4637;1.71598
13.9802;1022.72;-0.505344;1022.21;341.333;1.2847;1.71598
13.9902;1022.72;-0.24039;1022.48;341.333;1.1994;1.71598
14.0002;1022.72;-0.156406;1022.56;341.333;1.4088;1.71598
14.0102;1022.72;-0.00839539;1022.71;341.333;1.6071;1.71598
14.0202;1022.72;-0.239597;1022.48;341.333;1.6761;1.71598
14.0302;1022.72;-0.186984;1022.53;341.333;1.4745;1.71598
14.0402;1022.72;-0.229831;1022.49;341.333;1.3525;1.71598
14.0502;1022.72;-0.176303;1022.54;341.333;1.1611;1.71598
14.0602;1022.72;-0.0763275;1022.64;341.333;1.3389;1.71598
14.0702;1022.72;0.174588;1022.89;341.333;1.5902;1.71598
14.0802;1022.72;0.0677155;1022.78;341.333;1.7055;1.71598
14.0902;1022.72;0.0801056;1022.8;341.333;1.6176;1.71598
14.1002;1022.72;-0.0292084;1022.69;341.333;1.4318;1.71598
14.1102;1022.72;-0.0624115;1022.65;341.333;1.2823;1.71598
14.1202;1022.72;-0.128329;1022.59;341.333;1.3497;1.71598
14.1302;1022.72;0.100003;1022.82;341.333;1.5328;1.71598
14.1402;1022.72;0.0830963;1022.8;341.333;1.6739;1.71598
14.1502;1022.72;0.101956;1022.82;341.333;1.676;1.71598
14.1602;1022.72;-0.0422089;1022.67;341.333;1.45;1.71598
14.1702;1022.72;-0.0946381;1022.62;341.333;1.3354;1.71598
14.1802;1022.72;-0.0877411;1022.63;341.333;1.3692;1.71598
14.1902;1022.72;0.0907867;1022.81;341.333;1.6032;1.71598
14.2002;1022.72;0.0846832;1022.8;341.333;1.6781;1.71598
14.2102;1022.72;0.0536163;1022.77;341.333;1.6165;1.71598
14.2202;1022.72;-0.104221;1022.61;341.333;1.38;1.71598
14.2302;1022.72;-0.204807;1022.51;341.333;1.2985;1.71598
14.2402;1022.72;-0.245517;1022.47;341.333;1.367;1.71598
14.2502;1022.72;-0.136691;1022.58;341.333;1.5972;1.71598
14.2602;1022.72;-0.154819;1022.56;341.333;1.7562;1.71598
14.2702;1022.72;-0.295505;1022.42;341.333;1.6474;1.71598
14.2802;1022.72;-0.247104;1022.47;341.333;1.3894;1.71598
14.2902;1022.72;-0.194308;1022.52;341.333;1.3518;1.71598
14.3002;1022.72;-0.249606;1022.47;341.333;1.3837;1.71598
14.3102;1022.72;-0.00503845;1022.71;341.333;1.6333;1.71598
14.3202;1022.72;-0.0512421;1022.67;341.333;1.7972;1.71598
14.3302;1022.72;-0.0102264;1022.71;341.333;1.69;1.71598
14.3402;1022.72;-0.198215;1022.52;341.333;1.4897;1.71598
14.3502;1022.72;-0.132724;1022.58;341.333;1.3865;1.71598
14.3602;1022.72;0.0198029;1022.74;341.333;1.3868;1.71598
14.3702;1022.72;0.110013;1022.83;341.333;1.4877;1.71598
14.3802;1022.72;0.0447052;1022.76;341.333;1.6581;1.71598
14.3902;1022.72;0.0035675;1022.72;341.333;1.7244;1.71598
14.4002;1022.72;-3.35693e-05;1022.72;341.333;1.6836;1.71598
14.4102;1022.72;0.0154694;1022.73;341.333;1.493;1.71598
14.4202;1022.72;0.0675934;1022.78;341.333;1.4068;1.71598
14.4302;1022.72;0.0784576;1022.8;341.333;1.4388;1.71598
14.4402;1022.72;0.158414;1022.88;341.333;1.6078;1.71598
14.4502;1022.72;0.200162;1022.92;341.333;1.7018;1.71598
14.4602;1022.72;0.0104645;1022.73;341.333;1.6455;1.71598
14.4702;1022.72;0.157803;1022.87;341.333;1.4935;1.71598
14.4802;1022.72;0.00326233;1022.72;341.333;1.5452;1.71598
14.4902;1022.72;-0.0600922;1022.66;341.333;1.6009;1.71598
14.5002;1022.72;-0.0929901;1022.62;341.333;1.684;1.71598
14.5102;1022.72;-0.014621;1022.7;341.333;1.6624;1.71598
14.5202;1022.72;-0.0862152;1022.63;341.333;1.5611;1.71598
14.5302;1022.72;-0.220432;1022.5;341.333;1.4437;1.71598
14.5402;1022.72;-0.154391;1022.56;341.333;1.4789;1.71598
14.5502;1022.72;-0.218112;1022.5;341.333;1.5077;1.71598
14.5602;1022.72;-0.251193;1022.47;341.333;1.5957;1.71598
14.5702;1022.72;-0.179843;1022.54;341.333;1.6456;1.71598
14.5802;1022.72;-0.18204;1022.53;341.333;1.574;1.71598
14.5902;1022.72;-0.180392;1022.54;341.333;1.5039;1.71598
14.6002;1022.72;-0.200534;1022.52;341.333;1.4565;1.71598
14.6102;1022.72;-0.125644;1022.59;341.333;1.4554;1.71598
14.6202;1022.72;-0.097995;1022.62;341.333;1.4721;1.71598
14.6302;1022.72;0.0146149;1022.73;341.333;1.6076;1.71598
14.6402;1022.72;0.00619202;1022.72;341.333;1.6549;1.71598
14.6502;1022.72;-0.0162079;1022.7;341.333;1.6303;1.71598
14.6602;1022.72;0.0447052;1022.76;341.333;1.4962;1.71598
14.6702;1022.72;0.0733917;1022.79;341.333;1.523;1.71598
14.6802;1022.72;0.0863922;1022.8;341.333;1.473;1.71598
14.6902;1022.72;0.0276154;1022.74;341.333;1.5197;1.71598
14.7002;1022.72;0.150662;1022.87;341.333;1.5997;1.71598
14.7102;1022.72;0.0256012;1022.74;341.333;1.5493;1.71598
14.7202;1022.72;-0.0325043;1022.68;341.333;1.4812;1.71598
14.7302;1022.72;0.136502;1022.85;341.333;1.4825;1.71598
14.7402;1022.72;-0.13541;1022.58;341.333;1.4928;1.71598
14.7502;1022.72;-0.0207855;1022.7;341.333;1.5775;1.71598
14.7602;1022.72;-0.0835907;1022.63;341.333;1.6006;1.71598
14.7702;1022.72;0.0400055;1022.76;341.333;1.49;1.71598
14.7802;1022.72;-0.0785858;1022.64;341.333;1.438;1.71598
14.7902;1022.72;0.032193;1022.75;341.333;1.4558;1.71598
14.8002;1022.72;-0.0951874;1022.62;341.333;1.4975;1.71598
14.8102;1022.72;-0.145297;1022.57;341.333;1.5834;1.71598
14.8202;1022.72;-0.185703;1022.53;341.333;1.6251;1.71598
14.8302;1022.72;-0.228793;1022.49;341.333;1.5472;1.71598
14.8402;1022.72;-0.172885;1022.54;341.333;1.5409;1.71598
14.8502;1022.72;-0.15549;1022.56;341.333;1.4483;1.71598
14.8602;1022.72;-0.260593;1022.46;341.333;1.5167;1.71598
14.8702;1022.72;-0.154391;1022.56;341.333;1.5675;1.71598
14.8802;1022.72;-0.0765106;1022.64;341.333;1.7188;1.71598
14.8902;1022.72;-0.190707;1022.53;341.333;1.7398;1.71598
14.9002;1022.72;-0.0959198;1022.62;341.333;1.7027;1.71598
14.9102;1022.72;-0.00284119;1022.71;341.333;1.5069;1.71598
14.9202;1022.72;0.0360992;1022.75;341.333;1.5357;1.71598
14.9302;1022.72;0.0371979;1022.75;341.333;1.5125;1.71598
14.9402;1022.72;0.200162;1022.92;341.333;1.556;1.71598
14.9502;1022.72;0.0631989;1022.78;341.333;1.6153;1.71598
14.9602;1022.72;0.00289612;1022.72;341.333;1.5885;1.71598
14.9702;1022.72;0.139798;1022.86;341.333;1.4956;1.71598
14.9802;1022.72;0.127286;1022.84;341.333;1.5701;1.71598
14.9902;1022.72;-0.0431854;1022.67;341.333;1.5395;1.71598
