0;1022.7;0.0746973;1022.77;2389.33;0.5373;0.572316
0.01;1022.7;0.0217798;1022.72;2389.33;0.5434;0.572316
0.02;1022.7;0.0803735;1022.78;2389.33;0.528;0.572316
0.03;1022.7;6.71953;1029.42;2389.33;2.1158;0.572316
0.04;1022.7;17.9271;1040.63;2389.33;4.5343;0.572316
0.05;1022.7;34.084;1056.78;2389.33;8.5053;0.572316
0.06;1022.7;41.6985;1064.4;2389.33;7.8091;0.572316
0.07;1022.7;55.4501;1078.15;2389.33;4.8804;0.572316
0.08;1022.7;69.2333;1091.93;2389.33;2.704;0.572316
0.09;1022.7;85.44;1108.14;2389.33;2.6135;0.572316
0.1;1022.7;101.997;1124.7;2389.33;3.5401;0.572316
0.11;1022.7;117.746;1140.45;2389.33;3.7573;0.572316
0.12;1022.7;132.724;1155.42;2389.33;2.8738;0.572316
0.13;1022.7;149.292;1171.99;2389.33;2.445;0.572316
0.14;1022.7;158.933;1181.63;2389.33;3.161;0.572316
0.15;1022.7;165.883;1188.58;2389.33;4.8468;0.572316
0.16;1022.7;190.777;1213.48;2389.33;8.1806;0.572316
0.17;1022.7;191.657;1214.36;2389.33;20.2899;0.572316
0.18;1022.7;206.729;1229.43;2389.33;21.2156;0.572316
0.19;1022.7;215.227;1237.93;2389.33;21.4115;0.572316
0.2;1022.7;227.345;1250.05;2389.33;19.8905;0.572316
0.21;1022.7;232.587;1255.29;2389.33;19.0626;0.572316
0.22;1022.7;247.489;1270.19;2389.33;17.7075;0.572316
0.23;1022.7;249.154;1271.85;2389.33;17.1529;0.572316
0.24;1022.7;266.906;1289.61;2389.33;17.9463;0.572316
0.25;1022.7;275.121;1297.82;2389.33;16.0047;0.572316
0.26;1022.7;281.102;1303.8;2389.33;16.5786;0.572316
0.27;1022.7;294.743;1317.44;2389.33;20.3812;0.572316
0.28;1022.7;299.947;1322.65;2389.33;20.4286;0.572316
0.29;1022.7;303.309;1326.01;2389.33;21.4485;0.572316
0.3;1022.7;315.367;1338.07;2389.33;27.5168;0.572316
0.31;1022.7;327.819;1350.52;2389.33;26.1765;0.572316
0.32;1022.7;329.018;1351.72;2389.33;30.9985;0.572316
0.33;1022.7;335.159;1357.86;2389.33;28.3701;0.572316
0.34;1022.7;339.323;1362.02;2389.33;27.5647;0.572316
0.35;1022.7;352.33;1375.03;2389.33;26.2571;0.572316
0.36;1022.7;355.497;1378.2;2389.33;25.485;0.572316
0.37;1022.7;367.157;1389.86;2389.33;26.3708;0.572316
0.38;1022.7;374.185;1396.89;2389.33;26.2342;0.572316
0.39;1022.7;375.737;1398.44;2389.33;25.7539;0.572316
0.4;1022.7;390.518;1413.22;2389.33;25.9106;0.572316
0.41;1022.7;396.455;1419.15;2389.33;27.2399;0.572316
0.42;1022.7;403.707;1426.41;2389.33;26.2908;0.572316
0.43;1022.7;410.272;1432.97;2389.33;30.847;0.572316
0.44;1022.7;412.057;1434.76;2389.33;29.5627;0.572316
0.45;1022.7;420.999;1443.7;2389.33;34.2179;0.572316
0.46;1022.7;418.543;1441.24;2389.33;31.8776;0.572316
0.47;1022.7;427.235;1449.93;2389.33;31.9276;0.572316
0.48;1022.7;435.794;1458.49;2389.33;30.6002;0.572316
0.49;1022.7;444.727;1467.43;2389.33;33.8461;0.572316
0.5;1022.7;444.953;1467.65;2389.33;31.6348;0.572316
0.51;1022.7;453.605;1476.31;2389.33;38.5273;0.572316
0.52;1022.7;450.527;1473.23;2389.33;36.1672;0.572316
0.53;1022.7;460.506;1483.21;2389.33;35.8103;0.572316
0.54;1022.7;468.122;1490.82;2389.33;34.4986;0.572316
0.55;1022.7;472.463;1495.16;2389.33;35.9783;0.572316
0.56;1022.7;476.787;1499.49;2389.33;34.6261;0.572316
0.57;1022.7;474.181;1496.88;2389.33;39.7267;0.572316
0.58;1022.7;484.957;1507.66;2389.33;37.9993;0.572316
0.59;1022.7;487.003;1509.7;2389.33;39.8278;0.572316
0.6;1022.7;495.849;1518.55;2389.33;39.2951;0.572316
0.61;1022.7;495.81;1518.51;2389.33;42.2936;0.572316
0.62;1022.7;494.376;1517.08;2389.33;39.326;0.572316
0.63;1022.7;501.606;1524.31;2389.33;38.5487;0.572316
0.64;1022.7;505.412;1528.11;2389.33;36.9371;0.572316
0.65;1022.7;512.365;1535.07;2389.33;34.3239;0.572316
0.66;1022.7;512.897;1535.6;2389.33;34.371;0.572316
0.67;1022.7;516.83;1539.53;2389.33;34.0696;0.572316
0.68;1022.7;523.644;1546.34;2389.33;33.4023;0.572316
0.69;1022.7;526.873;1549.57;2389.33;32.2978;0.572316
0.7;1022.7;539.701;1562.4;2389.33;37.1691;0.572316
0.71;1022.7;531.81;1554.51;2389.33;35.1566;0.572316
0.72;1022.7;541.904;1564.6;2389.33;34.7539;0.572316
0.73;1022.7;540.726;1563.43;2389.33;33.8454;0.572316
0.74;1022.7;550.675;1573.38;2389.33;37.0256;0.572316
0.75;1022.7;551.609;1574.31;2389.33;35.8167;0.572316
0.76;1022.7;547.09;1569.79;2389.33;41.3674;0.572316
0.77;1022.7;559.016;1581.72;2389.33;40.106;0.572316
0.78;1022.7;558.834;1581.53;2389.33;39.1444;0.572316
0.79;1022.7;567.47;1590.17;2389.33;39.5861;0.572316
0.8;1022.7;563.681;1586.38;2389.33;41.6826;0.572316
0.81;1022.7;563.643;1586.34;2389.33;39.2795;0.572316
0.82;1022.7;573.076;1595.78;2389.33;37.7733;0.572316
0.83;1022.7;570.339;1593.04;2389.33;37.627;0.572316
0.839999;1022.7;576.029;1598.73;2389.33;35.7442;0.572316
0.849999;1022.7;571.939;1594.64;2389.33;34.1872;0.572316
0.859999;1022.7;583.134;1605.83;2389.33;33.0742;0.572316
0.869999;1022.7;590.883;1613.58;2389.33;33.1541;0.572316
0.879999;1022.7;591.088;1613.79;2389.33;32.5325;0.572316
0.889999;1022.7;589.474;1612.17;2389.33;37.6703;0.572316
0.899999;1022.7;595.632;1618.33;2389.33;36.7086;0.572316
0.909999;1022.7;601.314;1624.01;2389.33;41.3557;0.572316
0.919999;1022.7;603.164;1625.86;2389.33;41.1095;0.572316
0.929999;1022.7;600.745;1623.45;2389.33;45.3723;0.572316
0.939999;1022.7;599.47;1622.17;2389.33;42.4393;0.572316
0.949999;1022.7;608.485;1631.18;2389.33;40.468;0.572316
0.959999;1022.7;607.775;1630.48;2389.33;39.1565;0.572316
0.969999;1022.7;608.671;1631.37;2389.33;37.567;0.572316
0.979999;1022.7;610.2;1632.9;2389.33;37.3321;0.572316
0.989999;1022.7;620.76;1643.46;2389.33;36.441;0.572316
0.999999;1022.7;628.234;1650.93;2389.33;37.8692;0.572316
1.01;1022.7;627.804;1650.5;2389.33;37.5204;0.572316
1.02;1022.7;623.572;1646.27;2389.33;43.5602;0.572316
1.03;1022.7;631.218;1653.92;2389.33;42.7691;0.572316
1.04;1022.7;632.351;1655.05;2389.33;46.8011;0.572316
1.05;1022.7;636.575;1659.27;2389.33;47.4172;0.572316
1.06;1022.7;633.081;1655.78;2389.33;48.1133;0.572316
1.07;1022.7;626.977;1649.68;2389.33;44.3881;0.572316
1.08;1022.7;639.389;1662.09;2389.33;41.8742;0.572316
1.09;1022.7;635.698;1658.4;2389.33;40.2984;0.572316
1.1;1022.7;644.29;1666.99;2389.33;39.0084;0.572316
1.11;1022.7;637.323;1660.02;2389.33;37.6262;0.572316
1.12;1022.7;643.452;1666.15;2389.33;36.4069;0.572316
1.13;1022.7;659.102;1681.8;2389.33;36.8214;0.572316
1.14;1022.7;649.258;1671.96;2389.33;36.6457;0.572316
1.15;1022.7;655.626;1678.33;2389.33;45.1108;0.572316
1.16;1022.7;650.061;1672.76;2389.33;42.8992;0.572316
1.17;1022.7;661.971;1684.67;2389.33;44.4632;0.572316
1.18;1022.7;663.653;1686.35;2389.33;41.9902;0.572316
1.19;1022.7;659.956;1682.66;2389.33;45.7397;0.572316
1.2;1022.7;665.193;1687.89;2389.33;45.5394;0.572316
1.21;1022.7;661.661;1684.36;2389.33;45.0443;0.572316
1.22;1022.7;673.473;1696.17;2389.33;43.7206;0.572316
1.23;1022.7;669.698;1692.4;2389.33;43.573;0.572316
1.24;1022.7;671.904;1694.6;2389.33;44.4897;0.572316
1.25;1022.7;669.233;1691.93;2389.33;44.4827;0.572316
1.26;1022.7;667.656;1690.36;2389.33;42.1431;0.572316
1.27;1022.7;676.974;1699.67;2389.33;41.0463;0.572316
1.28;1022.7;671.868;1694.57;2389.33;40.4385;0.572316
1.29;1022.7;674.975;1697.68;2389.33;39.3097;0.572316
1.3;1022.7;671.067;1693.77;2389.33;39.1095;0.572316
1.31;1022.7;681.509;1704.21;2389.33;38.1041;0.572316
1.32;1022.7;688.094;1710.79;2389.33;38.6253;0.572316
1.33;1022.7;684.344;1707.04;2389.33;38.2494;0.572316
1.34;1022.7;688.692;1711.39;2389.33;41.4021;0.572316
1.35;1022.7;686.584;1709.28;2389.33;40.5909;0.572316
1.36;1022.7;699.475;1722.18;2389.33;41.6658;0.572316
1.37;1022.7;697.848;1720.55;2389.33;41.2452;0.572316
1.38;1022.7;699.742;1722.44;2389.33;42.0004;0.572316
1.39;1022.7;696.3;1719;2389.33;41.8514;0.572316
1.4;1022.7;694.799;1717.5;2389.33;42.211;0.572316
1.41;1022.7;701.961;1724.66;2389.33;41.6789;0.572316
1.42;1022.7;702.289;1724.99;2389.33;46.7642;0.572316
1.43;1022.7;701.921;1724.62;2389.33;45.8737;0.572316
1.44;1022.7;698.83;1721.53;2389.33;47.858;0.572316
1.45;1022.7;697.564;1720.26;2389.33;45.1499;0.572316
1.46;1022.7;706.472;1729.17;2389.33;44.152;0.572316
1.47;1022.7;704.914;1727.61;2389.33;42.8675;0.572316
1.48;1022.7;705.177;1727.88;2389.33;42.0157;0.572316
1.49;1022.7;705.476;1728.18;2389.33;41.9538;0.572316
1.5;1022.7;703.574;1726.27;2389.33;41.3835;0.572316
1.51;1022.7;710.148;1732.85;2389.33;39.7342;0.572316
1.52;1022.7;708.927;1731.63;2389.33;39.0277;0.572316
1.53;1022.7;715.348;1738.05;2389.33;39.3439;0.572316
1.54;1022.7;709.844;1732.54;2389.33;38.4753;0.572316
1.55;1022.7;710.362;1733.06;2389.33;39.5401;0.572316
1.56;1022.7;716.328;1739.03;2389.33;38.9562;0.572316
1.57;1022.7;722.747;1745.45;2389.33;38.6368;0.572316
1.58;1022.7;720.574;1743.27;2389.33;37.7391;0.572316
1.59;1022.7;727.845;1750.55;2389.33;39.6367;0.572316
1.6;1022.7;717.291;1739.99;2389.33;38.6136;0.572316
1.61;1022.7;722.2;1744.9;2389.33;39.0755;0.572316
1.62;1022.7;727.067;1749.77;2389.33;38.4727;0.572316
1.63;1022.7;730.181;1752.88;2389.33;38.0337;0.572316
1.64;1022.7;734.012;1756.71;2389.33;40.0588;0.572316
1.65;1022.7;732.803;1755.5;2389.33;45.9999;0.572316
1.66;1022.7;727.469;1750.17;2389.33;44.0993;0.572316
1.67;1022.7;732.821;1755.52;2389.33;45.0558;0.572316
1.68;1022.7;736.37;1759.07;2389.33;45.841;0.572316
1.69;1022.7;737.318;1760.02;2389.33;45.708;0.572316
1.7;1022.7;740.092;1762.79;2389.33;47.345;0.572316
1.71;1022.7;735.358;1758.06;2389.33;50.5028;0.572316
1.72;1022.7;739.052;1761.75;2389.33;50.2203;0.572316
1.73;1022.7;737.539;1760.24;2389.33;52.0683;0.572316
1.74;1022.7;742.702;1765.4;2389.33;50.6458;0.572316
1.75;1022.7;744.401;1767.1;2389.33;48.5474;0.572316
1.76;1022.7;746.003;1768.7;2389.33;49.5196;0.572316
1.77;1022.7;739.474;1762.17;2389.33;52.2948;0.572316
1.78;1022.7;745.54;1768.24;2389.33;52.5741;0.572316
1.79;1022.7;740.993;1763.69;2389.33;53.9619;0.572316
1.8;1022.7;748.229;1770.93;2389.33;50.886;0.572316
1.81;1022.7;750.207;1772.91;2389.33;50.8802;0.572316
1.82;1022.7;752.601;1775.3;2389.33;52.195;0.572316
1.83;1022.7;748.348;1771.05;2389.33;52.8104;0.572316
1.84;1022.7;751.335;1774.04;2389.33;52.3562;0.572316
1.85;1022.7;745.357;1768.06;2389.33;53.1478;0.572316
1.86;1022.7;752.459;1775.16;2389.33;51.6228;0.572316
1.87;1022.7;754.7;1777.4;2389.33;50.509;0.572316
1.88;1022.7;758.539;1781.24;2389.33;50.3559;0.572316
1.89;1022.7;755.727;1778.43;2389.33;51.5657;0.572316
1.9;1022.7;757.593;1780.29;2389.33;53.6339;0.572316
1.91;1022.7;753.393;1776.09;2389.33;55.7391;0.572316
1.92;1022.7;753.915;1776.62;2389.33;51.9603;0.572316
1.93;1022.7;757.6;1780.3;2389.33;50.0067;0.572316
1.94;1022.7;762.881;1785.58;2389.33;49.9473;0.572316
1.95;1022.7;760.287;1782.99;2389.33;48.0219;0.572316
1.96;1022.7;763.619;1786.32;2389.33;47.3768;0.572316
1.97;1022.7;762.025;1784.73;2389.33;47.3025;0.572316
1.98;1022.7;754.566;1777.27;2389.33;45.7864;0.572316
1.99;1022.7;759.395;1782.1;2389.33;45.537;0.572316
2;1022.7;759.988;1782.69;2389.33;43.7896;0.572316
2.01;1022.7;761.683;1784.38;2389.33;41.6374;0.572316
2.02;1022.7;765.133;1787.83;2389.33;41.8915;0.572316
2.03;1022.7;768.197;1790.9;2389.33;41.814;0.572316
2.04;1022.7;758.025;1780.73;2389.33;41.259;0.572316
2.05;1022.7;760.391;1783.09;2389.33;41.4392;0.572316
2.06;1022.7;757.895;1780.59;2389.33;40.2793;0.572316
2.07;1022.7;759.241;1781.94;2389.33;39.4073;0.572316
2.08;1022.7;761.343;1784.04;2389.33;39.6212;0.572316
2.09;1022.7;764.997;1787.7;2389.33;39.0875;0.572316
2.1;1022.7;766.093;1788.79;2389.33;39.5222;0.572316
2.11;1022.7;766.23;1788.93;2389.33;40.024;0.572316
2.12;1022.7;764.599;1787.3;2389.33;42.493;0.572316
2.13;1022.7;768.569;1791.27;2389.33;43.7912;0.572316
2.14;1022.7;764.443;1787.14;2389.33;45.1322;0.572316
2.15;1022.7;765.488;1788.19;2389.33;44.9111;0.572316
2.16;1022.7;773.602;1796.3;2389.33;45.4808;0.572316
2.17;1022.7;774.635;1797.33;2389.33;45.7035;0.572316
2.18;1022.7;775.746;1798.45;2389.33;49.4396;0.572316
2.19;1022.7;778.498;1801.2;2389.33;49.0214;0.572316
2.2;1022.7;782.107;1804.81;2389.33;52.433;0.572316
2.21;1022.7;777.174;1799.87;2389.33;51.3586;0.572316
2.22;1022.7;773.256;1795.96;2389.33;51.8932;0.572316
2.23;1022.7;775.979;1798.68;2389.33;50.5529;0.572316
2.24;1022.7;780.466;1803.17;2389.33;50.98;0.572316
2.25;1022.7;774.892;1797.59;2389.33;47.7726;0.572316
2.26;1022.7;780.114;1802.81;2389.33;44.9246;0.572316
2.27;1022.7;780.262;1802.96;2389.33;43.478;0.572316
2.28;1022.7;783.382;1806.08;2389.33;43.8329;0.572316
2.29;1022.7;776.213;1798.91;2389.33;42.8224;0.572316
2.3;1022.7;774.386;1797.09;2389.33;41.8454;0.572316
2.31;1022.7;776.9;1799.6;2389.33;41.1579;0.572316
2.32;1022.7;772.414;1795.11;2389.33;41.9327;0.572316
2.33;1022.7;776.711;1799.41;2389.33;42.0027;0.572316
2.34;1022.7;775.156;1797.86;2389.33;42.1923;0.572316
2.35;1022.7;783.461;1806.16;2389.33;41.9948;0.572316
2.36;1022.7;784.277;1806.98;2389.33;43.5438;0.572316
2.37;1022.7;784.734;1807.43;2389.33;43.8723;0.572316
2.38;1022.7;791.973;1814.67;2389.33;44.3849;0.572316
2.39;1022.7;785.774;1808.47;2389.33;48.455;0.572316
2.4;1022.7;788.146;1810.85;2389.33;50.1793;0.572316
2.41;1022.7;781.079;1803.78;2389.33;52.7781;0.572316
2.42;1022.7;785.99;1808.69;2389.33;50.6045;0.572316
2.43;1022.7;785.52;1808.22;2389.33;54.6699;0.572316
2.44;1022.7;780.235;1802.94;2389.33;51.6315;0.572316
2.45;1022.7;792.065;1814.76;2389.33;50.1279;0.572316
2.46;1022.7;785.54;1808.24;2389.33;47.2427;0.572316
2.47;1022.7;795.802;1818.5;2389.33;50.8245;0.572316
2.48;1022.7;786.368;1809.07;2389.33;49.3391;0.572316
2.49;1022.7;788.18;1810.88;2389.33;46.8018;0.572316
2.5;1022.7;791.246;1813.95;2389.33;46.6462;0.572316
2.51;1022.7;781.856;1804.56;2389.33;44.7191;0.572316
2.52;1022.7;788.904;1811.6;2389.33;46.3252;0.572316
2.53;1022.7;780.783;1803.48;2389.33;44.3316;0.572316
2.54;1022.7;791.191;1813.89;2389.33;46.0712;0.572316
2.55;1022.7;792.574;1815.27;2389.33;48.4061;0.572316
2.56;1022.7;791.513;1814.21;2389.33;50.065;0.572316
2.57;1022.7;799.297;1822;2389.33;50.5532;0.572316
2.58;1022.7;798.821;1821.52;2389.33;49.4637;0.572316
2.59;1022.7;800.302;1823;2389.33;48.899;0.572316
2.6;1022.7;798.014;1820.71;2389.33;51.6273;0.572316
2.61;1022.7;791.112;1813.81;2389.33;49.0675;0.572316
2.62;1022.7;793.517;1816.22;2389.33;47.559;0.572316
2.63;1022.7;788.08;1810.78;2389.33;46.3159;0.572316
2.64;1022.7;789.4;1812.1;2389.33;44.843;0.572316
2.65;1022.7;788.753;1811.45;2389.33;44.2032;0.572316
2.66;1022.7;790.953;1813.65;2389.33;43.5371;0.572316
2.67;1022.7;798.908;1821.61;2389.33;46.1723;0.572316
2.68;1022.7;800.458;1823.16;2389.33;46.1111;0.572316
2.69;1022.7;800.471;1823.17;2389.33;51.1021;0.572316
2.7;1022.7;802.387;1825.09;2389.33;49.7929;0.572316
2.71;1022.7;808.267;1830.97;2389.33;48.0953;0.572316
2.72;1022.7;802.535;1825.24;2389.33;48.2376;0.572316
2.73;1022.7;800.629;1823.33;2389.33;49.6664;0.572316
2.74;1022.7;794.467;1817.17;2389.33;47.9877;0.572316
2.75;1022.7;794.852;1817.55;2389.33;45.2431;0.572316
2.76;1022.7;794.661;1817.36;2389.33;43.5268;0.572316
2.77;1022.7;788.206;1810.91;2389.33;41.8026;0.572316
2.78;1022.7;795.807;1818.51;2389.33;41.5967;0.572316
2.79;1022.7;795.234;1817.93;2389.33;40.6524;0.572316
2.8;1022.7;802.503;1825.2;2389.33;41.2883;0.572316
2.81;1022.7;803.401;1826.1;2389.33;43.4293;0.572316
2.82;1022.7;802.077;1824.78;2389.33;45.2179;0.572316
2.83;1022.7;809.413;1832.11;2389.33;45.854;0.572316
2.84;1022.7;801.971;1824.67;2389.33;51.2534;0.572316
2.85;1022.7;805.472;1828.17;2389.33;52.0614;0.572316
2.86;1022.7;797.998;1820.7;2389.33;56.696;0.572316
2.87;1022.7;796.02;1818.72;2389.33;53.9996;0.572316
2.88;1022.7;804.927;1827.63;2389.33;52.6784;0.572316
2.89;1022.7;796.294;1818.99;2389.33;49.7866;0.572316
2.9;1022.7;799.834;1822.53;2389.33;47.2932;0.572316
2.91;1022.7;800.842;1823.54;2389.33;47.2432;0.572316
2.92;1022.7;801.362;1824.06;2389.33;45.0051;0.572316
2.93;1022.7;807.336;1830.04;2389.33;45.0548;0.572316
2.94;1022.7;807.253;1829.95;2389.33;46.3866;0.572316
2.95;1022.7;807.491;1830.19;2389.33;50.6144;0.572316
2.96;1022.7;809.066;1831.77;2389.33;51.3971;0.572316
2.97;1022.7;809.597;1832.3;2389.33;53.4759;0.572316
2.98;1022.7;811.601;1834.3;2389.33;53.0706;0.572316
2.99;1022.7;809.404;1832.1;2389.33;53.9016;0.572316
3;1022.7;799.683;1822.38;2389.33;50.9526;0.572316
3.01;1022.7;799.367;1822.07;2389.33;50.505;0.572316
3.02;1022.7;799.375;1822.08;2389.33;47.9309;0.572316
3.03;1022.7;801.143;1823.84;2389.33;46.8754;0.572316
3.04;1022.7;802.466;1825.17;2389.33;50.9015;0.572316
3.05;1022.7;805;1827.7;2389.33;51.5325;0.572316
3.06;1022.7;809.411;1832.11;2389.33;52.1059;0.572316
3.07;1022.7;811.44;1834.14;2389.33;50.668;0.572316
3.08;1022.7;817.326;1840.03;2389.33;50.2137;0.572316
3.09;1022.7;812.782;1835.48;2389.33;47.5331;0.572316
3.1;1022.7;814.544;1837.24;2389.33;46.9949;0.572316
3.11;1022.7;807.112;1829.81;2389.33;45.1434;0.572316
3.12;1022.7;808.782;1831.48;2389.33;44.0456;0.572316
3.13;1022.7;806.67;1829.37;2389.33;43.7189;0.572316
3.14;1022.7;803.228;1825.93;2389.33;43.5928;0.572316
3.15;1022.7;806.1;1828.8;2389.33;44.0723;0.572316
3.16;1022.7;805.977;1828.68;2389.33;45.337;0.572316
3.17;1022.7;809.327;1832.03;2389.33;47.0166;0.572316
3.18;1022.7;814.782;1837.48;2389.33;48.9339;0.572316
3.19;1022.7;806.14;1828.84;2389.33;49.9708;0.572316
3.2;1022.7;808.841;1831.54;2389.33;48.0308;0.572316
3.21;1022.7;814.396;1837.1;2389.33;48.3751;0.572316
3.22;1022.7;809.124;1831.82;2389.33;46.9404;0.572316
3.23;1022.7;816.443;1839.14;2389.33;50.0595;0.572316
3.24;1022.7;806.436;1829.14;2389.33;48.8219;0.572316
3.25;1022.7;811.503;1834.2;2389.33;46.1871;0.572316
3.26;1022.7;814.753;1837.45;2389.33;45.6587;0.572316
3.27;1022.7;806.805;1829.5;2389.33;45.4474;0.572316
3.28;1022.7;812.627;1835.33;2389.33;49.9256;0.572316
3.29;1022.7;804.531;1827.23;2389.33;50.8008;0.572316
3.3;1022.7;808.106;1830.81;2389.33;51.0691;0.572316
3.31;1022.7;816.276;1838.98;2389.33;52.916;0.572316
3.32;1022.7;812.586;1835.29;2389.33;52.3637;0.572316
3.33;1022.7;811.286;1833.99;2389.33;49.5358;0.572316
3.34;1022.7;808.572;1831.27;2389.33;47.6751;0.572316
3.35;1022.7;812.611;1835.31;2389.33;46.0299;0.572316
3.36;1022.7;810.737;1833.44;2389.33;43.8273;0.572316
3.37;1022.7;811.142;1833.84;2389.33;45.0956;0.572316
3.38;1022.7;813.222;1835.92;2389.33;45.8291;0.572316
3.39;1022.7;813.261;1835.96;2389.33;47.9596;0.572316
3.4;1022.7;818.567;1841.27;2389.33;49.2412;0.572316
3.41;1022.7;821.346;1844.05;2389.33;51.7782;0.572316
3.42;1022.7;817.226;1839.93;2389.33;50.2564;0.572316
3.43;1022.7;814.981;1837.68;2389.33;51.912;0.572316
3.44;1022.7;809.521;1832.22;2389.33;49.912;0.572316
3.45;1022.7;809.097;1831.8;2389.33;46.7508;0.572316
3.46;1022.7;809.491;1832.19;2389.33;46.1407;0.572316
3.47;1022.7;805.426;1828.13;2389.33;44.6081;0.572316
3.48;1022.7;811.738;1834.44;2389.33;44.9405;0.572316
3.49;1022.7;810.668;1833.37;2389.33;44.9578;0.572316
3.5;1022.7;814.162;1836.86;2389.33;46.5412;0.572316
3.51;1022.7;820.697;1843.4;2389.33;46.7508;0.572316
3.52;1022.7;815.779;1838.48;2389.33;51.4956;0.572316
3.53;1022.7;815.795;1838.49;2389.33;49.2733;0.572316
3.54;1022.7;820.005;1842.7;2389.33;48.7524;0.572316
3.55;1022.7;811.332;1834.03;2389.33;46.6049;0.572316
3.56;1022.7;823.207;1845.91;2389.33;48.6225;0.572316
3.57;1022.7;817.444;1840.14;2389.33;48.0742;0.572316
3.58;1022.7;811.686;1834.39;2389.33;48.2396;0.572316
3.59;1022.7;817.868;1840.57;2389.33;50.7171;0.572316
3.6;1022.7;812.15;1834.85;2389.33;50.0196;0.572316
3.61;1022.7;817.843;1840.54;2389.33;52.2796;0.572316
3.62;1022.7;820.705;1843.4;2389.33;52.4566;0.572316
3.63;1022.7;817.315;1840.01;2389.33;52.6262;0.572316
3.64;1022.7;812.248;1834.95;2389.33;50.0061;0.572316
3.65;1022.7;809.336;1832.04;2389.33;48.0343;0.572316
3.66;1022.7;812.496;1835.2;2389.33;46.294;0.572316
3.67;1022.7;811.749;1834.45;2389.33;45.736;0.572316
3.68;1022.7;812.339;1835.04;2389.33;45.3824;0.572316
3.69;1022.7;815.872;1838.57;2389.33;46.8065;0.572316
3.7;1022.7;820.066;1842.77;2389.33;48.8834;0.572316
3.71;1022.7;822.66;1845.36;2389.33;48.1046;0.572316
3.72;1022.7;827.413;1850.11;2389.33;51.4986;0.572316
3.73;1022.7;822.097;1844.8;2389.33;50.1423;0.572316
3.74;1022.7;821.758;1844.46;2389.33;48.6607;0.572316
3.75;1022.7;815.006;1837.71;2389.33;47.1108;0.572316
3.76;1022.7;813.435;1836.13;2389.33;45.1767;0.572316
3.77;1022.7;816.14;1838.84;2389.33;44.9318;0.572316
3.78;1022.7;812.438;1835.14;2389.33;47.4596;0.572316
3.79;1022.7;815.454;1838.15;2389.33;49.2699;0.572316
3.8;1022.7;816.608;1839.31;2389.33;48.6926;0.572316
3.81;1022.7;815.905;1838.6;2389.33;48.8794;0.572316
3.82;1022.7;822.851;1845.55;2389.33;48.4594;0.572316
3.83;1022.7;815.865;1838.56;2389.33;53.636;0.572316
3.84;1022.7;811.335;1834.04;2389.33;51.0095;0.572316
3.85;1022.7;820.098;1842.8;2389.33;50.0153;0.572316
3.86;1022.7;813.977;1836.68;2389.33;47.7338;0.572316
3.87;1022.7;820.976;1843.68;2389.33;45.5348;0.572316
3.88;1022.7;822.14;1844.84;2389.33;46.3649;0.572316
3.89;1022.7;815.951;1838.65;2389.33;45.3362;0.572316
3.9;1022.7;820.935;1843.63;2389.33;48.7038;0.572316
3.91;1022.7;825.272;1847.97;2389.33;49.5819;0.572316
3.92;1022.7;822.743;1845.44;2389.33;47.4055;0.572316
3.93;1022.7;825.5;1848.2;2389.33;48.4966;0.572316
3.94;1022.7;823.015;1845.71;2389.33;48.0483;0.572316
3.95;1022.7;813.857;1836.56;2389.33;47.2551;0.572316
3.96;1022.7;817.642;1840.34;2389.33;47.9054;0.572316
3.97;1022.7;813.225;1835.93;2389.33;47.5046;0.572316
3.98;1022.7;821.406;1844.11;2389.33;48.9966;0.572316
3.99;1022.7;823.709;1846.41;2389.33;54.4339;0.572316
4;1022.7;822.24;1844.94;2389.33;52.6423;0.572316
4.01;1022.7;820.331;1843.03;2389.33;54.2503;0.572316
4.02;1022.7;814.843;1837.54;2389.33;51.7419;0.572316
4.03;1022.7;811.808;1834.51;2389.33;48.5046;0.572316
4.04;1022.7;815.191;1837.89;2389.33;47.0268;0.572316
4.05;1022.7;810.679;1833.38;2389.33;44.9352;0.572316
4.06;1022.7;820.343;1843.04;2389.33;44.603;0.572316
4.07;1022.7;823.014;1845.71;2389.33;47.1185;0.572316
4.08;1022.7;818.397;1841.1;2389.33;48.8237;0.572316
4.09;1022.7;822.718;1845.42;2389.33;48.1106;0.572316
4.1;1022.7;824.529;1847.23;2389.33;51.1899;0.572316
4.11;1022.7;819.001;1841.7;2389.33;48.2663;0.572316
4.12;1022.7;827.359;1850.06;2389.33;47.981;0.572316
4.13;1022.7;817.412;1840.11;2389.33;47.7202;0.572316
4.14;1022.7;818.571;1841.27;2389.33;45.8909;0.572316
4.15;1022.7;825.056;1847.76;2389.33;45.9324;0.572316
4.16;1022.7;823.982;1846.68;2389.33;48.6727;0.572316
4.17;1022.7;827.332;1850.03;2389.33;48.2868;0.572316
4.18;1022.7;825.001;1847.7;2389.33;50.4268;0.572316
4.19;1022.7;824.593;1847.29;2389.33;51.0101;0.572316
4.2;1022.7;818.722;1841.42;2389.33;48.5608;0.572316
4.21;1022.7;817.949;1840.65;2389.33;47.152;0.572316
4.22;1022.7;814.848;1837.55;2389.33;45.6132;0.572316
4.23;1022.7;821.061;1843.76;2389.33;46.657;0.572316
4.24;1022.7;816.225;1838.92;2389.33;52.0904;0.572316
4.25;1022.7;820.385;1843.08;2389.33;53.2368;0.572316
4.26;1022.7;821.935;1844.63;2389.33;55.1761;0.572316
4.27;1022.7;819.993;1842.69;2389.33;52.7798;0.572316
4.28;1022.7;826.197;1848.9;2389.33;49.5664;0.572316
4.29;1022.7;817.936;1840.64;2389.33;47.2563;0.572316
4.3;1022.7;811.217;1833.92;2389.33;44.4407;0.572316
4.31;1022.7;819.636;1842.34;2389.33;44.3462;0.572316
4.32;1022.7;816.607;1839.31;2389.33;44.3134;0.572316
4.33;1022.7;823.575;1846.28;2389.33;44.9416;0.572316
4.34;1022.7;829.238;1851.94;2389.33;46.1087;0.572316
4.35;1022.7;823.973;1846.67;2389.33;50.5019;0.572316
4.36;1022.7;825.849;1848.55;2389.33;48.829;0.572316
4.37001;1022.7;825.504;1848.2;2389.33;50.0758;0.572316
4.38001;1022.7;817.342;1840.04;2389.33;48.0364;0.572316
4.39001;1022.7;829.127;1851.83;2389.33;49.0586;0.572316
4.40001;1022.7;824.79;1847.49;2389.33;48.212;0.572316
4.41001;1022.7;818.705;1841.4;2389.33;48.5706;0.572316
4.42001;1022.7;825.614;1848.31;2389.33;51.7819;0.572316
4.43001;1022.7;820.036;1842.74;2389.33;51.9069;0.572316
4.44001;1022.7;822.858;1845.56;2389.33;53.1053;0.572316
4.45001;1022.7;826.719;1849.42;2389.33;51.641;0.572316
4.46001;1022.7;823.102;1845.8;2389.33;49.129;0.572316
4.47001;1022.7;816.468;1839.17;2389.33;46.7977;0.572316
4.48001;1022.7;818.51;1841.21;2389.33;47.3442;0.572316
4.49001;1022.7;815.765;1838.47;2389.33;50.4863;0.572316
4.50001;1022.7;820.34;1843.04;2389.33;53.0617;0.572316
4.51001;1022.7;824.507;1847.21;2389.33;54.7268;0.572316
4.52001;1022.7;825.262;1847.96;2389.33;53.7406;0.572316
4.53001;1022.7;828.212;1850.91;2389.33;52.3042;0.572316
4.54001;1022.7;818.344;1841.04;2389.33;49.6192;0.572316
4.55001;1022.7;814.88;1837.58;2389.33;46.3172;0.572316
4.56001;1022.7;819.8;1842.5;2389.33;45.316;0.572316
4.57001;1022.7;817.519;1840.22;2389.33;44.0837;0.572316
4.58001;1022.7;825.298;1848;2389.33;44.431;0.572316
4.59001;1022.7;829.807;1852.51;2389.33;46.2942;0.572316
4.60001;1022.7;824.468;1847.17;2389.33;48.4244;0.572316
4.61001;1022.7;828.999;1851.7;2389.33;47.571;0.572316
4.62001;1022.7;826.823;1849.52;2389.33;49.7727;0.572316
4.63001;1022.7;821.748;1844.45;2389.33;48.6701;0.572316
4.64001;1022.7;828.371;1851.07;2389.33;53.1219;0.572316
4.65001;1022.7;821.983;1844.68;2389.33;51.8796;0.572316
4.66001;1022.7;817.134;1839.83;2389.33;49.8735;0.572316
4.67001;1022.7;824.532;1847.23;2389.33;54.1034;0.572316
4.68001;1022.7;818.375;1841.07;2389.33;52.465;0.572316
4.69001;1022.7;826.695;1849.4;2389.33;54.9363;0.572316
4.70001;1022.7;828.368;1851.07;2389.33;54.8267;0.572316
4.71001;1022.7;825.402;1848.1;2389.33;53.956;0.572316
4.72001;1022.7;818.021;1840.72;2389.33;50.7982;0.572316
4.73001;1022.7;816.394;1839.09;2389.33;49.0881;0.572316
4.74001;1022.7;817.043;1839.74;2389.33;48.6379;0.572316
4.75001;1022.7;818.671;1841.37;2389.33;48.9344;0.572316
4.76001;1022.7;822.633;1845.33;2389.33;50.3968;0.572316
4.77001;1022.7;825.293;1847.99;2389.33;51.9796;0.572316
4.78001;1022.7;825.146;1847.85;2389.33;52.9388;0.572316
4.79001;1022.7;821.946;1844.65;2389.33;50.5432;0.572316
4.80001;1022.7;823.407;1846.11;2389.33;48.1566;0.572316
4.81002;1022.7;821.634;1844.33;2389.33;46.0697;0.572316
4.82002;1022.7;819.903;1842.6;2389.33;44.182;0.572316
4.83002;1022.7;824.548;1847.25;2389.33;44.1519;0.572316
4.84002;1022.7;823.509;1846.21;2389.33;44.6542;0.572316
4.85002;1022.7;824.784;1847.48;2389.33;44.8022;0.572316
4.86002;1022.7;831.606;1854.31;2389.33;45.166;0.572316
4.87002;1022.7;827.209;1849.91;2389.33;49.578;0.572316
4.88002;1022.7;827.715;1850.41;2389.33;47.6083;0.572316
4.89002;1022.7;826.835;1849.54;2389.33;52.4373;0.572316
4.90002;1022.7;818.999;1841.7;2389.33;50.9435;0.572316
4.91002;1022.7;823.66;1846.36;2389.33;48.3595;0.572316
4.92002;1022.7;824.058;1846.76;2389.33;49.8315;0.572316
4.93002;1022.7;818.052;1840.75;2389.33;48.4155;0.572316
4.94002;1022.7;826.151;1848.85;2389.33;52.4387;0.572316
4.95002;1022.7;820.021;1842.72;2389.33;52.844;0.572316
4.96002;1022.7;822.112;1844.81;2389.33;54.4484;0.572316
4.97002;1022.7;822.964;1845.66;2389.33;52.4484;0.572316
4.98002;1022.7;819.922;1842.62;2389.33;50.1551;0.572316
4.99002;1022.7;819.647;1842.35;2389.33;48.2025;0.572316
5.00002;1022.7;818.888;1841.59;2389.33;48.5221;0.572316
5.01002;1022.7;818.707;1841.41;2389.33;48.1509;0.572316
5.02002;1022.7;821.794;1844.49;2389.33;48.4868;0.572316
5.03002;1022.7;826.258;1848.96;2389.33;50.6461;0.572316
5.04002;1022.7;825.888;1848.59;2389.33;48.9132;0.572316
5.05002;1022.7;831.629;1854.33;2389.33;46.5402;0.572316
5.06002;1022.7;824.827;1847.53;2389.33;44.9299;0.572316
5.07002;1022.7;822.072;1844.77;2389.33;42.842;0.572316
5.08002;1022.7;822.189;1844.89;2389.33;42.2638;0.572316
5.09002;1022.7;818.441;1841.14;2389.33;43.6266;0.572316
5.10002;1022.7;826.527;1849.23;2389.33;43.6267;0.572316
5.11002;1022.7;832.858;1855.56;2389.33;45.8313;0.572316
5.12002;1022.7;827.455;1850.16;2389.33;50.7183;0.572316
5.13002;1022.7;829.283;1851.98;2389.33;48.5858;0.572316
5.14002;1022.7;825.1;1847.8;2389.33;53.3156;0.572316
5.15002;1022.7;818.432;1841.13;2389.33;51.3403;0.572316
5.16002;1022.7;827.971;1850.67;2389.33;49.2988;0.572316
5.17002;1022.7;827.062;1849.76;2389.33;49.2375;0.572316
5.18002;1022.7;820.638;1843.34;2389.33;48.6722;0.572316
5.19002;1022.7;827.579;1850.28;2389.33;52.8278;0.572316
5.20002;1022.7;822.483;1845.18;2389.33;53.6096;0.572316
5.21002;1022.7;824.876;1847.58;2389.33;53.3185;0.572316
5.22002;1022.7;824.815;1847.51;2389.33;52.0702;0.572316
5.23002;1022.7;822.623;1845.32;2389.33;49.9818;0.572316
5.24003;1022.7;818.642;1841.34;2389.33;48.1474;0.572316
5.25003;1022.7;821.425;1844.13;2389.33;49.1079;0.572316
5.26003;1022.7;818.62;1841.32;2389.33;54.3182;0.572316
5.27003;1022.7;822.458;1845.16;2389.33;53.0238;0.572316
5.28003;1022.7;825.589;1848.29;2389.33;55.0112;0.572316
5.29003;1022.7;823.631;1846.33;2389.33;52.4412;0.572316
5.30003;1022.7;829.718;1852.42;2389.33;49.447;0.572316
5.31003;1022.7;822.268;1844.97;2389.33;47.0508;0.572316
5.32003;1022.7;815.721;1838.42;2389.33;44.5416;0.572316
5.33003;1022.7;822.824;1845.52;2389.33;44.3288;0.572316
5.34003;1022.7;819.147;1841.85;2389.33;44.8848;0.572316
5.35003;1022.7;826.418;1849.12;2389.33;44.8038;0.572316
5.36003;1022.7;832.619;1855.32;2389.33;45.4321;0.572316
5.37003;1022.7;827.631;1850.33;2389.33;50.521;0.572316
5.38003;1022.7;828.087;1850.79;2389.33;48.0511;0.572316
5.39003;1022.7;827.817;1850.52;2389.33;52.2716;0.572316
5.40003;1022.7;819.272;1841.97;2389.33;49.9109;0.572316
5.41003;1022.7;828.947;1851.65;2389.33;48.0651;0.572316
5.42003;1022.7;828.452;1851.15;2389.33;47.8016;0.572316
5.43003;1022.7;821.973;1844.67;2389.33;47.4077;0.572316
5.44003;1022.7;829.105;1851.81;2389.33;51.6598;0.572316
5.45003;1022.7;823.862;1846.56;2389.33;52.4553;0.572316
5.46003;1022.7;823.998;1846.7;2389.33;52.7807;0.572316
5.47003;1022.7;828.621;1851.32;2389.33;54.0868;0.572316
5.48003;1022.7;825.558;1848.26;2389.33;52.4285;0.572316
5.49003;1022.7;818.619;1841.32;2389.33;50.1097;0.572316
5.50003;1022.7;819.856;1842.56;2389.33;50.4729;0.572316
5.51003;1022.7;817.761;1840.46;2389.33;53.8974;0.572316
5.52003;1022.7;822.963;1845.66;2389.33;53.073;0.572316
5.53003;1022.7;825.757;1848.46;2389.33;55.0252;0.572316
5.54003;1022.7;825.76;1848.46;2389.33;53.4001;0.572316
5.55003;1022.7;831.041;1853.74;2389.33;50.2379;0.572316
5.56003;1022.7;820.515;1843.21;2389.33;47.7267;0.572316
5.57003;1022.7;814.587;1837.29;2389.33;45.035;0.572316
5.58003;1022.7;821.596;1844.3;2389.33;44.7417;0.572316
5.59003;1022.7;818.924;1841.62;2389.33;44.7306;0.572316
5.60003;1022.7;826.673;1849.37;2389.33;44.8391;0.572316
5.61003;1022.7;832.235;1854.93;2389.33;45.771;0.572316
5.62003;1022.7;826.25;1848.95;2389.33;50.4992;0.572316
5.63003;1022.7;828.117;1850.82;2389.33;48.1772;0.572316
5.64003;1022.7;829.1;1851.8;2389.33;51.9328;0.572316
5.65003;1022.7;820.259;1842.96;2389.33;49.0215;0.572316
5.66003;1022.7;831.902;1854.6;2389.33;48.3051;0.572316
5.67003;1022.7;828.205;1850.9;2389.33;48.1555;0.572316
5.68004;1022.7;824.47;1847.17;2389.33;49.8177;0.572316
5.69004;1022.7;829.108;1851.81;2389.33;53.9219;0.572316
5.70004;1022.7;825.908;1848.61;2389.33;54.1079;0.572316
5.71004;1022.7;827.509;1850.21;2389.33;53.1592;0.572316
5.72004;1022.7;829.641;1852.34;2389.33;50.6069;0.572316
5.73004;1022.7;826.444;1849.14;2389.33;49.5348;0.572316
5.74004;1022.7;819.528;1842.23;2389.33;47.7365;0.572316
5.75004;1022.7;823.421;1846.12;2389.33;49.3583;0.572316
5.76004;1022.7;819.623;1842.32;2389.33;54.2584;0.572316
5.77004;1022.7;825.041;1847.74;2389.33;54.8089;0.572316
5.78004;1022.7;826.193;1848.89;2389.33;56.6712;0.572316
5.79004;1022.7;826.367;1849.07;2389.33;55.2307;0.572316
5.80004;1022.7;828.829;1851.53;2389.33;51.8406;0.572316
5.81004;1022.7;820.279;1842.98;2389.33;49.3579;0.572316
5.82004;1022.7;814.095;1836.8;2389.33;46.7087;0.572316
5.83004;1022.7;821.112;1843.81;2389.33;46.2271;0.572316
5.84004;1022.7;819.223;1841.92;2389.33;47.2184;0.572316
5.85004;1022.7;825.317;1848.02;2389.33;46.858;0.572316
5.86004;1022.7;831.458;1854.16;2389.33;47.5076;0.572316
5.87004;1022.7;824.311;1847.01;2389.33;52.0053;0.572316
5.88004;1022.7;821.262;1843.96;2389.33;49.7697;0.572316
5.89004;1022.7;829.978;1852.68;2389.33;51.1171;0.572316
5.90004;1022.7;821.064;1843.76;2389.33;48.5854;0.572316
5.91004;1022.7;831.176;1853.88;2389.33;47.2832;0.572316
5.92004;1022.7;828.786;1851.49;2389.33;47.6193;0.572316
5.93004;1022.7;824.968;1847.67;2389.33;48.9401;0.572316
5.94004;1022.7;827.855;1850.56;2389.33;52.8306;0.572316
5.95004;1022.7;829.038;1851.74;2389.33;53.5063;0.572316
5.96004;1022.7;828.601;1851.3;2389.33;51.5398;0.572316
5.97004;1022.7;830.56;1853.26;2389.33;48.9278;0.572316
5.98004;1022.7;828.402;1851.1;2389.33;48.956;0.572316
5.99004;1022.7;819.836;1842.54;2389.33;47.2904;0.572316
6.00004;1022.7;825.105;1847.8;2389.33;48.8363;0.572316
6.01004;1022.7;820.287;1842.99;2389.33;54.6785;0.572316
6.02004;1022.7;825.796;1848.5;2389.33;55.0625;0.572316
6.03004;1022.7;828.863;1851.56;2389.33;58.3908;0.572316
6.04004;1022.7;827.155;1849.86;2389.33;56.7207;0.572316
6.05004;1022.7;827.322;1850.02;2389.33;54.152;0.572316
6.06004;1022.7;820.16;1842.86;2389.33;51.4245;0.572316
6.07004;1022.7;814.568;1837.27;2389.33;48.603;0.572316
6.08004;1022.7;821.222;1843.92;2389.33;48.0928;0.572316
6.09004;1022.7;820.296;1843;2389.33;48.9305;0.572316
6.10004;1022.7;825.243;1847.94;2389.33;48.2818;0.572316
6.11004;1022.7;831.317;1854.02;2389.33;49.8172;0.572316
6.12005;1022.7;822.161;1844.86;2389.33;52.783;0.572316
6.13005;1022.7;819.779;1842.48;2389.33;50.6828;0.572316
6.14005;1022.7;829.684;1852.38;2389.33;48.8315;0.572316
6.15005;1022.7;821.027;1843.73;2389.33;46.6981;0.572316
6.16005;1022.7;831.523;1854.22;2389.33;45.7697;0.572316
6.17005;1022.7;827.936;1850.64;2389.33;46.1777;0.572316
6.18005;1022.7;819.708;1842.41;2389.33;46.4153;0.572316
6.19005;1022.7;828.164;1850.86;2389.33;48.7983;0.572316
6.20005;1022.7;830.884;1853.58;2389.33;50.8188;0.572316
6.21005;1022.7;830.165;1852.86;2389.33;49.216;0.572316
6.22005;1022.7;831.92;1854.62;2389.33;47.9683;0.572316
6.23005;1022.7;828.892;1851.59;2389.33;48.5966;0.572316
6.24005;1022.7;819.982;1842.68;2389.33;47.1337;0.572316
6.25005;1022.7;824.822;1847.52;2389.33;47.9113;0.572316
6.26005;1022.7;819.968;1842.67;2389.33;52.5904;0.572316
6.27005;1022.7;828.105;1850.8;2389.33;53.3326;0.572316
6.28005;1022.7;831.84;1854.54;2389.33;58.0307;0.572316
6.29005;1022.7;828.009;1850.71;2389.33;55.7624;0.572316
6.30005;1022.7;826.942;1849.64;2389.33;54.5519;0.572316
6.31005;1022.7;820.251;1842.95;2389.33;51.7153;0.572316
6.32005;1022.7;815.114;1837.81;2389.33;48.9434;0.572316
6.33005;1022.7;820.65;1843.35;2389.33;48.0725;0.572316
6.34005;1022.7;818.319;1841.02;2389.33;48.6702;0.572316
6.35005;1022.7;825.446;1848.15;2389.33;50.4302;0.572316
6.36005;1022.7;830.161;1852.86;2389.33;52.0951;0.572316
6.37005;1022.7;821.352;1844.05;2389.33;53.207;0.572316
6.38005;1022.7;823.428;1846.13;2389.33;50.5554;0.572316
6.39005;1022.7;829.326;1852.03;2389.33;49.422;0.572316
6.40005;1022.7;820.791;1843.49;2389.33;46.9885;0.572316
6.41005;1022.7;831.771;1854.47;2389.33;46.1923;0.572316
6.42005;1022.7;825.642;1848.34;2389.33;46.5624;0.572316
6.43005;1022.7;818.92;1841.62;2389.33;46.0661;0.572316
6.44005;1022.7;827.617;1850.32;2389.33;47.1344;0.572316
6.45005;1022.7;831.96;1854.66;2389.33;49.664;0.572316
6.46005;1022.7;831.304;1854;2389.33;48.508;0.572316
6.47005;1022.7;831.895;1854.59;2389.33;47.6153;0.572316
6.48005;1022.7;829.107;1851.81;2389.33;47.6392;0.572316
6.49005;1022.7;820.214;1842.91;2389.33;45.8087;0.572316
6.50005;1022.7;821.215;1843.92;2389.33;45.639;0.572316
6.51005;1022.7;820.412;1843.11;2389.33;48.401;0.572316
6.52005;1022.7;829.23;1851.93;2389.33;49.9496;0.572316
6.53005;1022.7;828.104;1850.8;2389.33;55.5427;0.572316
6.54005;1022.7;827.474;1850.17;2389.33;54.9071;0.572316
6.55006;1022.7;826.476;1849.18;2389.33;54.1881;0.572316
6.56006;1022.7;820.242;1842.94;2389.33;51.7857;0.572316
6.57006;1022.7;818.126;1840.83;2389.33;48.7926;0.572316
6.58006;1022.7;820.554;1843.25;2389.33;47.7552;0.572316
6.59006;1022.7;818.159;1840.86;2389.33;49.3517;0.572316
6.60006;1022.7;824.625;1847.33;2389.33;48.9166;0.572316
6.61006;1022.7;826.146;1848.85;2389.33;49.2148;0.572316
6.62006;1022.7;822.231;1844.93;2389.33;50.0296;0.572316
6.63006;1022.7;824.215;1846.92;2389.33;48.0139;0.572316
6.64006;1022.7;827.999;1850.7;2389.33;48.546;0.572316
6.65006;1022.7;820.536;1843.24;2389.33;46.3162;0.572316
6.66006;1022.7;830.211;1852.91;2389.33;45.8429;0.572316
6.67006;1022.7;823.28;1845.98;2389.33;46.4245;0.572316
6.68006;1022.7;819.864;1842.56;2389.33;45.2769;0.572316
6.69006;1022.7;827.637;1850.34;2389.33;45.585;0.572316
6.70006;1022.7;831.218;1853.92;2389.33;48.4348;0.572316
6.71006;1022.7;831.891;1854.59;2389.33;47.7683;0.572316
6.72006;1022.7;831.607;1854.31;2389.33;46.8887;0.572316
6.73006;1022.7;828.732;1851.43;2389.33;47.7499;0.572316
6.74006;1022.7;822.894;1845.59;2389.33;45.9309;0.572316
6.75006;1022.7;822.7;1845.4;2389.33;45.1133;0.572316
6.76006;1022.7;821.501;1844.2;2389.33;46.3221;0.572316
6.77006;1022.7;828.435;1851.13;2389.33;48.0518;0.572316
6.78006;1022.7;824.955;1847.66;2389.33;53.096;0.572316
6.79006;1022.7;827.224;1849.92;2389.33;54.617;0.572316
6.80006;1022.7;826.171;1848.87;2389.33;54.1497;0.572316
6.81006;1022.7;821.865;1844.57;2389.33;52.1536;0.572316
6.82006;1022.7;822.357;1845.06;2389.33;49.144;0.572316
6.83006;1022.7;820.95;1843.65;2389.33;48.0183;0.572316
6.84006;1022.7;815.089;1837.79;2389.33;49.3824;0.572316
6.85006;1022.7;821.656;1844.36;2389.33;48.4495;0.572316
6.86006;1022.7;821.049;1843.75;2389.33;47.6765;0.572316
6.87006;1022.7;824.113;1846.81;2389.33;48.0967;0.572316
6.88006;1022.7;829.97;1852.67;2389.33;46.7268;0.572316
6.89006;1022.7;824.825;1847.53;2389.33;51.1038;0.572316
6.90006;1022.7;821.677;1844.38;2389.33;48.9597;0.572316
6.91006;1022.7;829.543;1852.24;2389.33;48.047;0.572316
6.92006;1022.7;820.374;1843.07;2389.33;47.2276;0.572316
6.93006;1022.7;827.573;1850.27;2389.33;47.2707;0.572316
6.94006;1022.7;828.545;1851.25;2389.33;47.214;0.572316
6.95006;1022.7;827.662;1850.36;2389.33;48.7417;0.572316
6.96006;1022.7;829.371;1852.07;2389.33;50.5888;0.572316
6.97006;1022.7;827.719;1850.42;2389.33;51.4279;0.572316
6.98006;1022.7;828.052;1850.75;2389.33;51.4946;0.572316
6.99007;1022.7;828.866;1851.57;2389.33;49.4133;0.572316
7.00007;1022.7;826.24;1848.94;2389.33;47.4394;0.572316
7.01007;1022.7;819.376;1842.08;2389.33;45.7662;0.572316
7.02007;1022.7;824.658;1847.36;2389.33;47.7253;0.572316
7.03007;1022.7;820.946;1843.65;2389.33;52.8037;0.572316
7.04007;1022.7;825.719;1848.42;2389.33;54.3458;0.572316
7.05007;1022.7;826.706;1849.41;2389.33;56.7312;0.572316
7.06007;1022.7;825.111;1847.81;2389.33;55.3851;0.572316
7.07007;1022.7;827.516;1850.22;2389.33;52.3989;0.572316
7.08007;1022.7;820.484;1843.18;2389.33;50.6856;0.572316
7.09007;1022.7;813.689;1836.39;2389.33;51.1367;0.572316
7.10007;1022.7;820.546;1843.25;2389.33;49.2954;0.572316
7.11007;1022.7;819.555;1842.25;2389.33;48.7085;0.572316
7.12007;1022.7;824.299;1847;2389.33;48.7765;0.572316
7.13007;1022.7;830.751;1853.45;2389.33;48.2921;0.572316
7.14007;1022.7;822.853;1845.55;2389.33;51.2948;0.572316
7.15007;1022.7;818.996;1841.7;2389.33;49.2719;0.572316
7.16007;1022.7;828.409;1851.11;2389.33;47.9911;0.572316
7.17007;1022.7;820.354;1843.05;2389.33;46.9301;0.572316
7.18007;1022.7;828.387;1851.09;2389.33;46.8215;0.572316
7.19007;1022.7;828.234;1850.93;2389.33;47.0745;0.572316
7.20007;1022.7;824.486;1847.19;2389.33;47.8827;0.572316
7.21007;1022.7;827.024;1849.72;2389.33;50.7726;0.572316
7.22007;1022.7;829.558;1852.26;2389.33;51.9346;0.572316
7.23007;1022.7;827.553;1850.25;2389.33;51.251;0.572316
7.24007;1022.7;830.235;1852.94;2389.33;49.5414;0.572316
7.25007;1022.7;828.022;1850.72;2389.33;47.8196;0.572316
7.26007;1022.7;819.54;1842.24;2389.33;46.1319;0.572316
7.27007;1022.7;825.387;1848.09;2389.33;47.6558;0.572316
7.28007;1022.7;820.288;1842.99;2389.33;52.1698;0.572316
7.29007;1022.7;826.419;1849.12;2389.33;53.4894;0.572316
7.30007;1022.7;830.586;1853.29;2389.33;53.3701;0.572316
7.31007;1022.7;826.167;1848.87;2389.33;53.2732;0.572316
7.32007;1022.7;826.6;1849.3;2389.33;52.8329;0.572316
7.33007;1022.7;819.885;1842.58;2389.33;50.7282;0.572316
7.34007;1022.7;814.351;1837.05;2389.33;50.5959;0.572316
7.35007;1022.7;821.023;1843.72;2389.33;48.8824;0.572316
7.36007;1022.7;820.403;1843.1;2389.33;48.3095;0.572316
7.37007;1022.7;824.556;1847.26;2389.33;48.4073;0.572316
7.38007;1022.7;830.404;1853.1;2389.33;48.9399;0.572316
7.39007;1022.7;820.799;1843.5;2389.33;50.6108;0.572316
7.40007;1022.7;818.811;1841.51;2389.33;48.8447;0.572316
7.41007;1022.7;827.83;1850.53;2389.33;47.9771;0.572316
7.42007;1022.7;819.863;1842.56;2389.33;46.6594;0.572316
7.43008;1022.7;826.978;1849.68;2389.33;46.2828;0.572316
7.44008;1022.7;827.767;1850.47;2389.33;46.5879;0.572316
7.45008;1022.7;819.152;1841.85;2389.33;45.9738;0.572316
7.46008;1022.7;826.514;1849.21;2389.33;48.2097;0.572316
7.47008;1022.7;831.189;1853.89;2389.33;47.9936;0.572316
7.48008;1022.7;828.035;1850.74;2389.33;47.6425;0.572316
7.49008;1022.7;830.929;1853.63;2389.33;47.1651;0.572316
7.50008;1022.7;827.729;1850.43;2389.33;45.1177;0.572316
7.51008;1022.7;820.357;1843.06;2389.33;46.0426;0.572316
7.52008;1022.7;825.102;1847.8;2389.33;46.6851;0.572316
7.53008;1022.7;820.97;1843.67;2389.33;49.8145;0.572316
7.54008;1022.7;828.793;1851.49;2389.33;51.1137;0.572316
7.55008;1022.7;832.727;1855.43;2389.33;51.0339;0.572316
7.56008;1022.7;827.871;1850.57;2389.33;51.1684;0.572316
7.57008;1022.7;826.216;1848.92;2389.33;52.5266;0.572316
7.58008;1022.7;819.669;1842.37;2389.33;50.6103;0.572316
7.59008;1022.7;815.113;1837.81;2389.33;49.5249;0.572316
7.60008;1022.7;819.8;1842.5;2389.33;47.8757;0.572316
7.61008;1022.7;818.63;1841.33;2389.33;47.7971;0.572316
7.62008;1022.7;824.491;1847.19;2389.33;48.9976;0.572316
7.63008;1022.7;828.817;1851.52;2389.33;50.2273;0.572316
7.64008;1022.7;820.343;1843.04;2389.33;55.0384;0.572316
7.65008;1022.7;820.227;1842.93;2389.33;52.0296;0.572316
7.66008;1022.7;827.722;1850.42;2389.33;51.6083;0.572316
7.67008;1022.7;819.177;1841.88;2389.33;48.9988;0.572316
7.68008;1022.7;828.696;1851.4;2389.33;46.7372;0.572316
7.69008;1022.7;824.741;1847.44;2389.33;46.6661;0.572316
7.70008;1022.7;817.304;1840;2389.33;45.0407;0.572316
7.71008;1022.7;825.947;1848.65;2389.33;46.9973;0.572316
7.72008;1022.7;831.121;1853.82;2389.33;47.5629;0.572316
7.73008;1022.7;829.672;1852.37;2389.33;47.9372;0.572316
7.74008;1022.7;830.898;1853.6;2389.33;47.8819;0.572316
7.75008;1022.7;827.658;1850.36;2389.33;45.6146;0.572316
7.76008;1022.7;819.567;1842.27;2389.33;45.2611;0.572316
7.77008;1022.7;821.796;1844.5;2389.33;44.8244;0.572316
7.78008;1022.7;822.488;1845.19;2389.33;47.0062;0.572316
7.79008;1022.7;829.689;1852.39;2389.33;48.5752;0.572316
7.80008;1022.7;831.023;1853.72;2389.33;50.2621;0.572316
7.81008;1022.7;827.979;1850.68;2389.33;51.7583;0.572316
7.82008;1022.7;826.268;1848.97;2389.33;52.4298;0.572316
7.83008;1022.7;819.899;1842.6;2389.33;50.8155;0.572316
7.84008;1022.7;816.572;1839.27;2389.33;48.6213;0.572316
7.85008;1022.7;821.051;1843.75;2389.33;47.2216;0.572316
7.86009;1022.7;824.08;1846.78;2389.33;48.6516;0.572316
7.87009;1022.7;824.052;1846.75;2389.33;50.9636;0.572316
7.88009;1022.7;827.409;1850.11;2389.33;52.0078;0.572316
7.89009;1022.7;819.839;1842.54;2389.33;56.7397;0.572316
7.90009;1022.7;819.352;1842.05;2389.33;53.3542;0.572316
7.91009;1022.7;827.155;1849.86;2389.33;53.6973;0.572316
7.92009;1022.7;818.164;1840.86;2389.33;50.8145;0.572316
7.93009;1022.7;822.678;1845.38;2389.33;48.2691;0.572316
7.94009;1022.7;825.053;1847.75;2389.33;48.2092;0.572316
7.95009;1022.7;815.703;1838.4;2389.33;46.599;0.572316
7.96009;1022.7;823.515;1846.22;2389.33;48.3279;0.572316
7.97009;1022.7;830.532;1853.23;2389.33;48.0721;0.572316
7.98009;1022.7;826.362;1849.06;2389.33;47.5412;0.572316
7.99009;1022.7;829.735;1852.44;2389.33;46.7984;0.572316
8.00009;1022.7;826.383;1849.08;2389.33;45.0228;0.572316
8.01009;1022.7;819.656;1842.36;2389.33;44.7055;0.572316
8.02009;1022.7;821.838;1844.54;2389.33;44.099;0.572316
8.03009;1022.7;825.291;1847.99;2389.33;45.5399;0.572316
8.04009;1022.7;829.839;1852.54;2389.33;47.4114;0.572316
8.05009;1022.7;832.064;1854.76;2389.33;49.1745;0.572316
8.06009;1022.7;828.824;1851.52;2389.33;47.4915;0.572316
8.07009;1022.7;827.674;1850.37;2389.33;48.1736;0.572316
8.08009;1022.7;820.786;1843.49;2389.33;47.5036;0.572316
8.09009;1022.7;817.426;1840.13;2389.33;45.6963;0.572316
8.10009;1022.7;824.14;1846.84;2389.33;46.2488;0.572316
8.11009;1022.7;826.509;1849.21;2389.33;48.8169;0.572316
8.12009;1022.7;823.9;1846.6;2389.33;50.6366;0.572316
8.13009;1022.7;826.902;1849.6;2389.33;52.6805;0.572316
8.14009;1022.7;819.914;1842.61;2389.33;56.8639;0.572316
8.15009;1022.7;820.307;1843.01;2389.33;53.8025;0.572316
8.16009;1022.7;825.153;1847.85;2389.33;56.9587;0.572316
8.17009;1022.7;816.868;1839.57;2389.33;53.943;0.572316
8.18009;1022.7;819.617;1842.32;2389.33;51.0557;0.572316
8.19009;1022.7;823.077;1845.78;2389.33;50.3569;0.572316
8.20009;1022.7;816.815;1839.51;2389.33;48.0023;0.572316
8.21009;1022.7;824.623;1847.32;2389.33;50.0171;0.572316
8.22009;1022.7;830.269;1852.97;2389.33;49.2505;0.572316
8.23009;1022.7;826.867;1849.57;2389.33;49.5959;0.572316
8.24009;1022.7;829.625;1852.32;2389.33;48.6371;0.572316
8.25009;1022.7;823.569;1846.27;2389.33;46.5862;0.572316
8.26009;1022.7;820.066;1842.77;2389.33;45.9693;0.572316
8.27009;1022.7;821.384;1844.08;2389.33;45.1517;0.572316
8.28009;1022.7;825.907;1848.61;2389.33;46.8256;0.572316
8.29009;1022.7;830.258;1852.96;2389.33;47.4974;0.572316
8.30009;1022.7;833.094;1855.79;2389.33;48.7046;0.572316
8.31009;1022.7;829.255;1851.96;2389.33;50.0445;0.572316
8.3201;1022.7;829.021;1851.72;2389.33;49.6673;0.572316
8.3301;1022.7;821.912;1844.61;2389.33;48.365;0.572316
8.3401;1022.7;818.862;1841.56;2389.33;46.4728;0.572316
8.3501;1022.7;824.407;1847.11;2389.33;46.1947;0.572316
8.3601;1022.7;822.969;1845.67;2389.33;48.5118;0.572316
8.3701;1022.7;823.263;1845.96;2389.33;50.3334;0.572316
8.3801;1022.7;827.181;1849.88;2389.33;52.2483;0.572316
8.3901;1022.7;820.19;1842.89;2389.33;56.1051;0.572316
8.4001;1022.7;823.975;1846.68;2389.33;54.193;0.572316
8.4101;1022.7;824.126;1846.83;2389.33;58.4388;0.572316
8.4201;1022.7;816.477;1839.18;2389.33;55.9649;0.572316
8.4301;1022.7;818.599;1841.3;2389.33;52.752;0.572316
8.4401;1022.7;820.515;1843.21;2389.33;50.8383;0.572316
8.4501;1022.7;817.476;1840.18;2389.33;48.2132;0.572316
8.4601;1022.7;824.811;1847.51;2389.33;49.684;0.572316
8.4701;1022.7;828.557;1851.26;2389.33;51.0177;0.572316
8.4801;1022.7;826.175;1848.87;2389.33;52.8368;0.572316
8.4901;1022.7;828.968;1851.67;2389.33;51.9162;0.572316
8.5001;1022.7;821.729;1844.43;2389.33;49.1067;0.572316
8.5101;1022.7;823.444;1846.14;2389.33;47.177;0.572316
8.5201;1022.7;822.598;1845.3;2389.33;45.8545;0.572316
8.5301;1022.7;823.793;1846.49;2389.33;46.8699;0.572316
8.5401;1022.7;829.371;1852.07;2389.33;47.8077;0.572316
8.5501;1022.7;827.669;1850.37;2389.33;52.9726;0.572316
8.5601;1022.7;829.056;1851.76;2389.33;50.7341;0.572316
8.5701;1022.7;832.694;1855.39;2389.33;50.511;0.572316
8.5801;1022.7;823.31;1846.01;2389.33;48.1818;0.572316
8.5901;1022.7;824.462;1847.16;2389.33;46.5932;0.572316
8.6001;1022.7;822.576;1845.28;2389.33;46.1124;0.572316
8.6101;1022.7;820.844;1843.54;2389.33;47.0223;0.572316
8.6201;1022.7;823.168;1845.87;2389.33;48.4824;0.572316
8.6301;1022.7;825.716;1848.42;2389.33;50.4322;0.572316
8.6401;1022.7;822.351;1845.05;2389.33;53.842;0.572316
8.6501;1022.7;827.456;1850.16;2389.33;53.7219;0.572316
8.6601;1022.7;821.732;1844.43;2389.33;58.6238;0.572316
8.6701;1022.7;816.103;1838.8;2389.33;55.6558;0.572316
8.6801;1022.7;818.937;1841.64;2389.33;52.4622;0.572316
8.6901;1022.7;819.456;1842.16;2389.33;50.2074;0.572316
8.7001;1022.7;817.761;1840.46;2389.33;47.7004;0.572316
8.7101;1022.7;825.777;1848.48;2389.33;48.3798;0.572316
8.7201;1022.7;823.074;1845.77;2389.33;51.0015;0.572316
8.7301;1022.7;823.466;1846.17;2389.33;51.9434;0.572316
8.7401;1022.7;827.309;1850.01;2389.33;51.3038;0.572316
8.7501;1022.7;822.945;1845.64;2389.33;48.6498;0.572316
8.76011;1022.7;826.939;1849.64;2389.33;46.8086;0.572316
8.77011;1022.7;822.856;1845.56;2389.33;45.0165;0.572316
8.78011;1022.7;822.551;1845.25;2389.33;45.2388;0.572316
8.79011;1022.7;826.157;1848.86;2389.33;46.5702;0.572316
8.80011;1022.7;825.054;1847.75;2389.33;51.9757;0.572316
8.81011;1022.7;829.178;1851.88;2389.33;50.1227;0.572316
8.82011;1022.7;833.838;1856.54;2389.33;51.0889;0.572316
8.83011;1022.7;826.655;1849.35;2389.33;49.0676;0.572316
8.84011;1022.7;827.344;1850.04;2389.33;47.603;0.572316
8.85011;1022.7;821.59;1844.29;2389.33;47.1878;0.572316
8.86011;1022.7;816.336;1839.04;2389.33;46.2376;0.572316
8.87011;1022.7;820.756;1843.46;2389.33;46.6738;0.572316
8.88011;1022.7;824.494;1847.19;2389.33;48.7575;0.572316
8.89011;1022.7;823.346;1846.05;2389.33;53.1777;0.572316
8.90011;1022.7;827.772;1850.47;2389.33;53.6623;0.572316
8.91011;1022.7;818.865;1841.56;2389.33;56.3333;0.572316
8.92011;1022.7;817.785;1840.49;2389.33;53.4878;0.572316
8.93011;1022.7;823.75;1846.45;2389.33;51.3173;0.572316
8.94011;1022.7;818.014;1840.71;2389.33;48.61;0.572316
8.95011;1022.7;821.983;1844.68;2389.33;46.6598;0.572316
8.96011;1022.7;825.553;1848.25;2389.33;48.1416;0.572316
8.97011;1022.7;815.847;1838.55;2389.33;49.2656;0.572316
8.98011;1022.7;821.67;1844.37;2389.33;49.4533;0.572316
8.99011;1022.7;829.852;1852.55;2389.33;50.6415;0.572316
9.00011;1022.7;826.414;1849.11;2389.33;48.398;0.572316
9.01011;1022.7;829.626;1852.33;2389.33;46.6464;0.572316
9.02011;1022.7;826.534;1849.23;2389.33;46.1914;0.572316
9.03011;1022.7;819.112;1841.81;2389.33;44.7299;0.572316
9.04011;1022.7;820.812;1843.51;2389.33;44.7789;0.572316
9.05011;1022.7;823.391;1846.09;2389.33;47.3726;0.572316
9.06011;1022.7;828.894;1851.59;2389.33;49.3286;0.572316
9.07011;1022.7;830.43;1853.13;2389.33;53.8742;0.572316
9.08011;1022.7;828.09;1850.79;2389.33;53.4045;0.572316
9.09011;1022.7;826.291;1848.99;2389.33;51.6715;0.572316
9.10011;1022.7;819.704;1842.4;2389.33;50.5258;0.572316
9.11011;1022.7;816.853;1839.55;2389.33;47.4267;0.572316
9.12011;1022.7;820.783;1843.48;2389.33;47.034;0.572316
9.13011;1022.7;820.266;1842.97;2389.33;49.4878;0.572316
9.14011;1022.7;821.894;1844.59;2389.33;51.6659;0.572316
9.15011;1022.7;823.404;1846.1;2389.33;51.3856;0.572316
9.16011;1022.7;820.233;1842.93;2389.33;52.2765;0.572316
9.17011;1022.7;823.642;1846.34;2389.33;50.1514;0.572316
9.18011;1022.7;823.445;1846.15;2389.33;53.8702;0.572316
9.19011;1022.7;816.969;1839.67;2389.33;51.0039;0.572316
9.20012;1022.7;824.505;1847.21;2389.33;49.1583;0.572316
9.21012;1022.7;819.301;1842;2389.33;48.6839;0.572316
9.22012;1022.7;822.523;1845.22;2389.33;46.5787;0.572316
9.23012;1022.7;826.685;1849.38;2389.33;46.7676;0.572316
9.24012;1022.7;828.231;1850.93;2389.33;48.5435;0.572316
9.25012;1022.7;828.469;1851.17;2389.33;50.0915;0.572316
9.26012;1022.7;829.089;1851.79;2389.33;49.5099;0.572316
9.27012;1022.7;825.082;1847.78;2389.33;49.8649;0.572316
9.28012;1022.7;825.228;1847.93;2389.33;48.2339;0.572316
9.29012;1022.7;824.679;1847.38;2389.33;46.958;0.572316
9.30012;1022.7;819.053;1841.75;2389.33;47.3587;0.572316
9.31012;1022.7;824.907;1847.61;2389.33;48.475;0.572316
9.32012;1022.7;819.846;1842.55;2389.33;52.535;0.572316
9.33012;1022.7;823.802;1846.5;2389.33;54.3443;0.572316
9.34012;1022.7;826.227;1848.93;2389.33;55.4683;0.572316
9.35012;1022.7;824.536;1847.24;2389.33;53.2434;0.572316
9.36012;1022.7;825.348;1848.05;2389.33;52.0399;0.572316
9.37012;1022.7;818.391;1841.09;2389.33;49.8955;0.572316
9.38012;1022.7;811.95;1834.65;2389.33;49.1138;0.572316
9.39012;1022.7;818.696;1841.4;2389.33;49.773;0.572316
9.40012;1022.7;818.527;1841.23;2389.33;48.6786;0.572316
9.41012;1022.7;823.031;1845.73;2389.33;48.606;0.572316
9.42012;1022.7;829.325;1852.02;2389.33;49.1954;0.572316
9.43012;1022.7;820.536;1843.24;2389.33;53.9793;0.572316
9.44012;1022.7;818.889;1841.59;2389.33;51.5826;0.572316
9.45012;1022.7;827.633;1850.33;2389.33;51.6609;0.572316
9.46012;1022.7;819.111;1841.81;2389.33;49.1635;0.572316
9.47012;1022.7;829.755;1852.45;2389.33;46.9194;0.572316
9.48012;1022.7;825.729;1848.43;2389.33;47.281;0.572316
9.49012;1022.7;817.332;1840.03;2389.33;45.6703;0.572316
9.50012;1022.7;825.676;1848.38;2389.33;48.7712;0.572316
9.51012;1022.7;827.994;1850.69;2389.33;50.2419;0.572316
9.52012;1022.7;827.938;1850.64;2389.33;51.9229;0.572316
9.53012;1022.7;829.413;1852.11;2389.33;52.5181;0.572316
9.54012;1022.7;826.256;1848.96;2389.33;51.3266;0.572316
9.55012;1022.7;817.196;1839.9;2389.33;49.762;0.572316
9.56012;1022.7;820.245;1842.95;2389.33;49.0732;0.572316
9.57012;1022.7;816.368;1839.07;2389.33;48.9039;0.572316
9.58012;1022.7;823.639;1846.34;2389.33;50.7074;0.572316
9.59012;1022.7;824.535;1847.24;2389.33;55.6669;0.572316
9.60012;1022.7;824.84;1847.54;2389.33;53.7675;0.572316
9.61012;1022.7;823.368;1846.07;2389.33;55.1773;0.572316
9.62012;1022.7;817.909;1840.61;2389.33;52.3425;0.572316
9.63013;1022.7;815.48;1838.18;2389.33;49.4706;0.572316
9.64013;1022.7;818.209;1840.91;2389.33;48.7765;0.572316
9.65013;1022.7;813.99;1836.69;2389.33;46.8276;0.572316
9.66013;1022.7;822.986;1845.69;2389.33;46.7307;0.572316
9.67013;1022.7;824.988;1847.69;2389.33;48.9239;0.572316
9.68013;1022.7;821.2;1843.9;2389.33;50.696;0.572316
9.69013;1022.7;826.436;1849.14;2389.33;49.6299;0.572316
9.70013;1022.7;827.436;1850.14;2389.33;52.0848;0.572316
9.71013;1022.7;820.418;1843.12;2389.33;49.0438;0.572316
9.72013;1022.7;830.211;1852.91;2389.33;47.5061;0.572316
9.73013;1022.7;820.707;1843.41;2389.33;47.3775;0.572316
9.74013;1022.7;819.806;1842.51;2389.33;45.0754;0.572316
9.75013;1022.7;826.758;1849.46;2389.33;46.2554;0.572316
9.76013;1022.7;826.976;1849.68;2389.33;48.9907;0.572316
9.77013;1022.7;829.357;1852.06;2389.33;52.0421;0.572316
9.78013;1022.7;827.665;1850.36;2389.33;53.1445;0.572316
9.79013;1022.7;826.493;1849.19;2389.33;51.8591;0.572316
9.80013;1022.7;818.536;1841.24;2389.33;49.3305;0.572316
9.81013;1022.7;819.148;1841.85;2389.33;47.9796;0.572316
9.82013;1022.7;816.654;1839.35;2389.33;47.1716;0.572316
9.83013;1022.7;824.045;1846.75;2389.33;49.135;0.572316
9.84013;1022.7;819.466;1842.17;2389.33;54.6426;0.572316
9.85013;1022.7;822.859;1845.56;2389.33;54.4155;0.572316
9.86013;1022.7;822.837;1845.54;2389.33;56.4248;0.572316
9.87013;1022.7;819.299;1842;2389.33;53.6298;0.572316
9.88013;1022.7;821.862;1844.56;2389.33;50.3665;0.572316
9.89013;1022.7;818.522;1841.22;2389.33;48.8959;0.572316
9.90013;1022.7;811.323;1834.02;2389.33;46.3594;0.572316
9.91013;1022.7;820.675;1843.38;2389.33;46.2356;0.572316
9.92013;1022.7;818.607;1841.31;2389.33;46.2932;0.572316
9.93013;1022.7;823.18;1845.88;2389.33;47.3207;0.572316
9.94013;1022.7;829.086;1851.79;2389.33;47.4066;0.572316
9.95013;1022.7;825.434;1848.13;2389.33;52.6353;0.572316
9.96013;1022.7;824.032;1846.73;2389.33;50.0241;0.572316
9.97013;1022.7;826.831;1849.53;2389.33;49.6482;0.572316
9.98013;1022.7;817.388;1840.09;2389.33;47.6098;0.572316
9.99013;1022.7;827.594;1850.29;2389.33;46.7729;0.572316
10.0001;1022.7;826.309;1849.01;2389.33;46.7397;0.572316
10.0101;1022.7;821.894;1844.59;2389.33;48.7431;0.572316
10.0201;1022.7;827.426;1850.13;2389.33;52.8304;0.572316
10.0301;1022.7;823.521;1846.22;2389.33;53.4769;0.572316
10.0401;1022.7;823.587;1846.29;2389.33;53.722;0.572316
10.0501;1022.7;826.189;1848.89;2389.33;51.4747;0.572316
10.0601;1022.7;822.923;1845.62;2389.33;50.3991;0.572316
10.0701;1022.7;816.431;1839.13;2389.33;48.2979;0.572316
10.0801;1022.7;818.206;1840.91;2389.33;48.7765;0.572316
10.0901;1022.7;815.157;1837.86;2389.33;51.6606;0.572316
10.1001;1022.7;819.871;1842.57;2389.33;54.1125;0.572316
10.1101;1022.7;823.952;1846.65;2389.33;55.5759;0.572316
10.1201;1022.7;824.801;1847.5;2389.33;54.7966;0.572316
10.1301;1022.7;827.884;1850.58;2389.33;52.929;0.572316
10.1401;1022.7;818.05;1840.75;2389.33;50.5082;0.572316
10.1501;1022.7;814.503;1837.2;2389.33;47.016;0.572316
10.1601;1022.7;819.116;1841.82;2389.33;45.6156;0.572316
10.1701;1022.7;816.797;1839.5;2389.33;44.6065;0.572316
10.1801;1022.7;824.358;1847.06;2389.33;45.0638;0.572316
10.1901;1022.7;829.363;1852.06;2389.33;47.0022;0.572316
10.2001;1022.7;823.721;1846.42;2389.33;49.7297;0.572316
10.2101;1022.7;828.098;1850.8;2389.33;48.2211;0.572316
10.2201;1022.7;825.759;1848.46;2389.33;49.4557;0.572316
10.2301;1022.7;821.705;1844.4;2389.33;47.9306;0.572316
10.2401;1022.7;827.222;1849.92;2389.33;52.0249;0.572316
10.2501;1022.7;820.463;1843.16;2389.33;51.477;0.572316
10.2601;1022.7;815.967;1838.67;2389.33;50.1894;0.572316
10.2701;1022.7;823.368;1846.07;2389.33;50.981;0.572316
10.2801;1022.7;816.482;1839.18;2389.33;50.1362;0.572316
10.2901;1022.7;824.626;1847.33;2389.33;52.9844;0.572316
10.3001;1022.7;825.776;1848.48;2389.33;53.4579;0.572316
10.3101;1022.7;823.423;1846.12;2389.33;55.2416;0.572316
10.3201;1022.7;816.954;1839.65;2389.33;51.9873;0.572316
10.3301;1022.7;815.016;1837.72;2389.33;50.5099;0.572316
10.3401;1022.7;815.798;1838.5;2389.33;49.976;0.572316
10.3501;1022.7;816.962;1839.66;2389.33;50.8231;0.572316
10.3601;1022.7;820.349;1843.05;2389.33;52.293;0.572316
10.3701;1022.7;823.275;1845.98;2389.33;54.0042;0.572316
10.3801;1022.7;823.643;1846.34;2389.33;55.1759;0.572316
10.3901;1022.7;821.83;1844.53;2389.33;52.4231;0.572316
10.4001;1022.7;825.268;1847.97;2389.33;49.735;0.572316
10.4101;1022.7;820.948;1843.65;2389.33;47.2149;0.572316
10.4201;1022.7;819.836;1842.54;2389.33;45.1421;0.572316
10.4301;1022.7;822.32;1845.02;2389.33;45.1514;0.572316
10.4401;1022.7;819.272;1841.97;2389.33;45.6735;0.572316
10.4501;1022.7;823.846;1846.55;2389.33;45.9053;0.572316
10.4601;1022.7;830.762;1853.46;2389.33;46.1475;0.572316
10.4701;1022.7;825.108;1847.81;2389.33;49.9565;0.572316
10.4801;1022.7;826.075;1848.77;2389.33;50.6301;0.572316
10.4901;1022.7;824.874;1847.57;2389.33;55.0257;0.572316
10.5001;1022.7;817.058;1839.76;2389.33;53.6225;0.572316
10.5101;1022.7;821.895;1844.59;2389.33;50.4043;0.572316
10.5201;1022.7;821.946;1844.65;2389.33;49.1253;0.572316
10.5301;1022.7;815.754;1838.45;2389.33;48.0617;0.572316
10.5401;1022.7;823.789;1846.49;2389.33;52.186;0.572316
10.5501;1022.7;817.247;1839.95;2389.33;53.1005;0.572316
10.5601;1022.7;819.339;1842.04;2389.33;55.1452;0.572316
10.5701;1022.7;821.895;1844.6;2389.33;52.9325;0.572316
10.5801;1022.7;818.816;1841.52;2389.33;50.4271;0.572316
10.5901;1022.7;818.374;1841.07;2389.33;48.276;0.572316
10.6001;1022.7;815.841;1838.54;2389.33;48.3332;0.572316
10.6101;1022.7;816.002;1838.7;2389.33;48.2192;0.572316
10.6201;1022.7;818.764;1841.46;2389.33;48.649;0.572316
10.6301;1022.7;824.792;1847.49;2389.33;51.0868;0.572316
10.6401;1022.7;826.184;1848.88;2389.33;49.3776;0.572316
10.6501;1022.7;831.054;1853.75;2389.33;51.7302;0.572316
10.6601;1022.7;825.124;1847.82;2389.33;49.3341;0.572316
10.6701;1022.7;824.629;1847.33;2389.33;46.5435;0.572316
10.6801;1022.7;819.987;1842.69;2389.33;45.3344;0.572316
10.6901;1022.7;817.666;1840.37;2389.33;44.0537;0.572316
10.7001;1022.7;823.791;1846.49;2389.33;44.2372;0.572316
10.7101;1022.7;825.733;1848.43;2389.33;47.3484;0.572316
10.7201;1022.7;822.896;1845.6;2389.33;51.5017;0.572316
10.7302;1022.7;827.079;1849.78;2389.33;53.1362;0.572316
10.7402;1022.7;818.436;1841.14;2389.33;55.6366;0.572316
10.7502;1022.7;819.29;1841.99;2389.33;53.3205;0.572316
10.7602;1022.7;824.794;1847.49;2389.33;54.1234;0.572316
10.7702;1022.7;816.631;1839.33;2389.33;52.2134;0.572316
10.7802;1022.7;815.214;1837.91;2389.33;49.4969;0.572316
10.7902;1022.7;819.038;1841.74;2389.33;50.8185;0.572316
10.8002;1022.7;813.052;1835.75;2389.33;49.4693;0.572316
10.8102;1022.7;822.298;1845;2389.33;49.5781;0.572316
10.8202;1022.7;823.207;1845.91;2389.33;51.1754;0.572316
10.8302;1022.7;821.536;1844.24;2389.33;51.9011;0.572316
10.8402;1022.7;825.143;1847.84;2389.33;49.8941;0.572316
10.8502;1022.7;820.579;1843.28;2389.33;47.686;0.572316
10.8602;1022.7;824.267;1846.97;2389.33;46.678;0.572316
10.8702;1022.7;819.893;1842.59;2389.33;44.5955;0.572316
10.8802;1022.7;822.064;1844.76;2389.33;46.6464;0.572316
10.8902;1022.7;825.328;1848.03;2389.33;47.4278;0.572316
10.9002;1022.7;823.881;1846.58;2389.33;52.2005;0.572316
10.9102;1022.7;826.524;1849.22;2389.33;51.7395;0.572316
10.9202;1022.7;831.785;1854.48;2389.33;49.4675;0.572316
10.9302;1022.7;823.877;1846.58;2389.33;47.4122;0.572316
10.9402;1022.7;825.249;1847.95;2389.33;48.092;0.572316
10.9502;1022.7;819.452;1842.15;2389.33;47.202;0.572316
10.9602;1022.7;814.482;1837.18;2389.33;47.4229;0.572316
10.9702;1022.7;818.815;1841.51;2389.33;48.361;0.572316
10.9802;1022.7;822.685;1845.39;2389.33;49.1403;0.572316
10.9902;1022.7;821.242;1843.94;2389.33;51.5319;0.572316
11.0002;1022.7;825.751;1848.45;2389.33;51.8416;0.572316
11.0102;1022.7;816.852;1839.55;2389.33;56.6775;0.572316
11.0202;1022.7;815.424;1838.12;2389.33;53.1935;0.572316
11.0302;1022.7;821.445;1844.15;2389.33;52.0924;0.572316
11.0402;1022.7;816.15;1838.85;2389.33;49.8579;0.572316
11.0502;1022.7;820.34;1843.04;2389.33;47.5564;0.572316
11.0602;1022.7;823.461;1846.16;2389.33;47.3092;0.572316
11.0702;1022.7;813.649;1836.35;2389.33;45.6206;0.572316
11.0802;1022.7;821.059;1843.76;2389.33;47.0407;0.572316
11.0902;1022.7;828.467;1851.17;2389.33;47.8467;0.572316
11.1002;1022.7;826.226;1848.93;2389.33;45.9705;0.572316
11.1102;1022.7;828.303;1851;2389.33;47.0339;0.572316
11.1202;1022.7;825.393;1848.09;2389.33;46.1241;0.572316
11.1302;1022.7;817.662;1840.36;2389.33;44.7425;0.572316
11.1402;1022.7;818.592;1841.29;2389.33;44.7789;0.572316
11.1502;1022.7;819.621;1842.32;2389.33;45.0762;0.572316
11.1602;1022.7;825.755;1848.45;2389.33;47.652;0.572316
11.1702;1022.7;824.155;1846.86;2389.33;52.4378;0.572316
11.1802;1022.7;824.739;1847.44;2389.33;52.1411;0.572316
11.1902;1022.7;823.175;1845.87;2389.33;53.4812;0.572316
11.2002;1022.7;818.064;1840.76;2389.33;51.6752;0.572316
11.2102;1022.7;817.125;1839.82;2389.33;48.327;0.572316
11.2202;1022.7;817.822;1840.52;2389.33;48.0558;0.572316
11.2302;1022.7;815.207;1837.91;2389.33;47.1764;0.572316
11.2402;1022.7;818.857;1841.56;2389.33;47.516;0.572316
11.2502;1022.7;819.52;1842.22;2389.33;48.3554;0.572316
11.2602;1022.7;819.583;1842.28;2389.33;49.9327;0.572316
11.2702;1022.7;825.112;1847.81;2389.33;49.1609;0.572316
11.2802;1022.7;820.721;1843.42;2389.33;53.7406;0.572316
11.2902;1022.7;817.039;1839.74;2389.33;51.0617;0.572316
11.3002;1022.7;825.915;1848.61;2389.33;49.2564;0.572316
11.3102;1022.7;816.966;1839.67;2389.33;47.109;0.572316
11.3202;1022.7;826.665;1849.37;2389.33;46.957;0.572316
11.3302;1022.7;824.882;1847.58;2389.33;47.2097;0.572316
11.3402;1022.7;822.675;1845.38;2389.33;48.651;0.572316
11.3502;1022.7;824.65;1847.35;2389.33;50.9552;0.572316
11.3602;1022.7;825.042;1847.74;2389.33;52.04;0.572316
11.3702;1022.7;824.694;1847.39;2389.33;51.8376;0.572316
11.3802;1022.7;826.409;1849.11;2389.33;49.5889;0.572316
11.3902;1022.7;824.398;1847.1;2389.33;47.9193;0.572316
11.4002;1022.7;815.164;1837.86;2389.33;46.1723;0.572316
11.4102;1022.7;818.805;1841.5;2389.33;47.5203;0.572316
11.4202;1022.7;814.389;1837.09;2389.33;51.1545;0.572316
11.4302;1022.7;818.653;1841.35;2389.33;53.1278;0.572316
11.4402;1022.7;822.503;1845.2;2389.33;56.0729;0.572316
11.4502;1022.7;823.107;1845.81;2389.33;56.4828;0.572316
11.4602;1022.7;822.978;1845.68;2389.33;55.8728;0.572316
11.4702;1022.7;816.512;1839.21;2389.33;53.0023;0.572316
11.4802;1022.7;814.263;1836.96;2389.33;49.4066;0.572316
11.4902;1022.7;817.333;1840.03;2389.33;47.4529;0.572316
11.5002;1022.7;813.965;1836.67;2389.33;46.1901;0.572316
11.5102;1022.7;822.455;1845.15;2389.33;46.394;0.572316
11.5202;1022.7;825.095;1847.8;2389.33;48.3534;0.572316
11.5302;1022.7;820.621;1843.32;2389.33;49.0972;0.572316
11.5402;1022.7;823.623;1846.32;2389.33;47.9681;0.572316
11.5502;1022.7;825.366;1848.07;2389.33;49.1474;0.572316
11.5602;1022.7;820.491;1843.19;2389.33;48.2037;0.572316
11.5702;1022.7;827.614;1850.31;2389.33;50.6016;0.572316
11.5802;1022.7;819.477;1842.18;2389.33;50.3229;0.572316
11.5902;1022.7;817.997;1840.7;2389.33;47.6551;0.572316
11.6002;1022.7;824.588;1847.29;2389.33;47.9124;0.572316
11.6102;1022.7;821.062;1843.76;2389.33;48.7802;0.572316
11.6202;1022.7;824.805;1847.51;2389.33;51.7551;0.572316
11.6302;1022.7;822.603;1845.3;2389.33;53.0615;0.572316
11.6402;1022.7;822.778;1845.48;2389.33;52.0656;0.572316
11.6502;1022.7;815.738;1838.44;2389.33;49.4149;0.572316
11.6602;1022.7;815.518;1838.22;2389.33;48.2539;0.572316
11.6702;1022.7;814.358;1837.06;2389.33;47.9161;0.572316
11.6802;1022.7;819.208;1841.91;2389.33;49.7952;0.572316
11.6902;1022.7;818.37;1841.07;2389.33;53.1989;0.572316
11.7002;1022.7;820.549;1843.25;2389.33;53.8783;0.572316
11.7102;1022.7;821.257;1843.96;2389.33;55.9194;0.572316
11.7202;1022.7;819.15;1841.85;2389.33;52.9889;0.572316
11.7302;1022.7;822.309;1845.01;2389.33;50.7798;0.572316
11.7402;1022.7;819.443;1842.14;2389.33;48.0911;0.572316
11.7502;1022.7;815.729;1838.43;2389.33;45.9041;0.572316
11.7602;1022.7;819.07;1841.77;2389.33;45.6322;0.572316
11.7702;1022.7;815.74;1838.44;2389.33;44.7429;0.572316
11.7802;1022.7;822.856;1845.56;2389.33;44.6613;0.572316
11.7902;1022.7;829.425;1852.13;2389.33;45.1525;0.572316
11.8002;1022.7;824.752;1847.45;2389.33;49.2612;0.572316
11.8102;1022.7;824.578;1847.28;2389.33;49.4438;0.572316
11.8202;1022.7;823.621;1846.32;2389.33;53.5092;0.572316
11.8302;1022.7;815.242;1837.94;2389.33;51.6778;0.572316
11.8402;1022.7;824.763;1847.46;2389.33;48.8475;0.572316
11.8502;1022.7;823.543;1846.24;2389.33;48.5442;0.572316
11.8602;1022.7;816.291;1838.99;2389.33;47.9862;0.572316
11.8702;1022.7;823.254;1845.95;2389.33;52.3779;0.572316
11.8802;1022.7;817.576;1840.28;2389.33;53.3375;0.572316
11.8902;1022.7;818.737;1841.44;2389.33;53.8018;0.572316
11.9002;1022.7;824.208;1846.91;2389.33;53.7908;0.572316
11.9102;1022.7;820.985;1843.68;2389.33;51.8314;0.572316
11.9202;1022.7;815.127;1837.83;2389.33;49.7717;0.572316
11.9302;1022.7;815.477;1838.18;2389.33;50.1372;0.572316
11.9402;1022.7;814.183;1836.88;2389.33;48.9559;0.572316
11.9502;1022.7;817.49;1840.19;2389.33;48.6512;0.572316
11.9602;1022.7;822.877;1845.58;2389.33;51.2138;0.572316
11.9702;1022.7;823.364;1846.06;2389.33;49.9871;0.572316
11.9802;1022.7;827.877;1850.58;2389.33;53.2046;0.572316
11.9902;1022.7;819.74;1842.44;2389.33;50.4159;0.572316
12.0002;1022.7;817.496;1840.2;2389.33;46.9962;0.572316
12.0102;1022.7;818.841;1841.54;2389.33;46.0058;0.572316
12.0202;1022.7;818.108;1840.81;2389.33;44.6218;0.572316
12.0302;1022.7;823.287;1845.99;2389.33;44.7499;0.572316
12.0402;1022.7;826.173;1848.87;2389.33;46.9009;0.572316
12.0502;1022.7;822.133;1844.83;2389.33;50.656;0.572316
12.0602;1022.7;827.983;1850.68;2389.33;51.763;0.572316
12.0702;1022.7;820.407;1843.11;2389.33;56.0777;0.572316
12.0802;1022.7;820.413;1843.11;2389.33;52.8691;0.572316
12.0902;1022.7;823.812;1846.51;2389.33;55.3864;0.572316
12.1002;1022.7;816.332;1839.03;2389.33;53.8431;0.572316
12.1102;1022.7;813.462;1836.16;2389.33;51.3156;0.572316
12.1202;1022.7;820.295;1843;2389.33;53.1338;0.572316
12.1302;1022.7;810.98;1833.68;2389.33;51.8159;0.572316
12.1402;1022.7;821.126;1843.83;2389.33;53.4679;0.572316
12.1502;1022.7;822.638;1845.34;2389.33;54.8404;0.572316
12.1602;1022.7;820.475;1843.18;2389.33;55.6749;0.572316
12.1702;1022.7;818.277;1840.98;2389.33;52.2852;0.572316
12.1802;1022.7;814.2;1836.9;2389.33;50.5958;0.572316
12.1902;1022.7;816.631;1839.33;2389.33;48.2724;0.572316
12.2002;1022.7;815.75;1838.45;2389.33;46.3529;0.572316
12.2102;1022.7;820.362;1843.06;2389.33;48.5562;0.572316
12.2202;1022.7;822.732;1845.43;2389.33;50.0768;0.572316
12.2302;1022.7;824.015;1846.71;2389.33;52.9059;0.572316
12.2402;1022.7;821.599;1844.3;2389.33;51.4387;0.572316
12.2502;1022.7;827.891;1850.59;2389.33;48.4776;0.572316
12.2602;1022.7;821.498;1844.2;2389.33;46.4409;0.572316
12.2702;1022.7;821.168;1843.87;2389.33;44.3367;0.572316
12.2802;1022.7;821.222;1843.92;2389.33;44.4789;0.572316
12.2902;1022.7;816.972;1839.67;2389.33;45.4044;0.572316
12.3002;1022.7;822.224;1844.92;2389.33;46.6647;0.572316
12.3102;1022.7;829.763;1852.46;2389.33;46.6682;0.572316
12.3202;1022.7;821.832;1844.53;2389.33;50.8918;0.572316
12.3302;1022.7;824.795;1847.49;2389.33;50.6945;0.572316
12.3402;1022.7;821.295;1844;2389.33;55.3289;0.572316
12.3502;1022.7;815.646;1838.35;2389.33;54.1404;0.572316
12.3602;1022.7;817.128;1839.83;2389.33;52.1795;0.572316
12.3702;1022.7;818.413;1841.11;2389.33;50.9428;0.572316
12.3802;1022.7;812.108;1834.81;2389.33;49.5531;0.572316
12.3902;1022.7;822.841;1845.54;2389.33;53.5069;0.572316
12.4002;1022.7;817.223;1839.92;2389.33;54.6785;0.572316
12.4102;1022.7;817.352;1840.05;2389.33;56.0992;0.572316
12.4202;1022.7;821.018;1843.72;2389.33;53.1529;0.572316
12.4302;1022.7;815.339;1838.04;2389.33;50.61;0.572316
12.4402;1022.7;818.07;1840.77;2389.33;48.9923;0.572316
12.4502;1022.7;815.5;1838.2;2389.33;46.8988;0.572316
12.4602;1022.7;816.166;1838.87;2389.33;48.2188;0.572316
12.4702;1022.7;819.811;1842.51;2389.33;50.3685;0.572316
12.4802;1022.7;823.45;1846.15;2389.33;52.4154;0.572316
12.4902;1022.7;824.903;1847.6;2389.33;51.9316;0.572316
12.5002;1022.7;830.587;1853.29;2389.33;50.7505;0.572316
12.5102;1022.7;822.808;1845.51;2389.33;48.112;0.572316
12.5202;1022.7;824.095;1846.79;2389.33;45.9648;0.572316
12.5302;1022.7;818.141;1840.84;2389.33;45.3571;0.572316
12.5402;1022.7;814.36;1837.06;2389.33;44.165;0.572316
12.5502;1022.7;822.848;1845.55;2389.33;44.4016;0.572316
12.5602;1022.7;824.24;1846.94;2389.33;47.4382;0.572316
12.5702;1022.7;821.122;1843.82;2389.33;49.5102;0.572316
12.5802;1022.7;825.373;1848.07;2389.33;51.9892;0.572316
12.5902;1022.7;816.744;1839.44;2389.33;56.1449;0.572316
12.6002;1022.7;816.037;1838.74;2389.33;53.7456;0.572316
12.6102;1022.7;823.749;1846.45;2389.33;57.095;0.572316
12.6202;1022.7;815.518;1838.22;2389.33;54.8442;0.572316
12.6302;1022.7;813.099;1835.8;2389.33;52.0462;0.572316
12.6402;1022.7;819.041;1841.74;2389.33;54.3159;0.572316
12.6502;1022.7;811.616;1834.32;2389.33;50.9582;0.572316
12.6602;1022.7;819.351;1842.05;2389.33;51.8839;0.572316
12.6702;1022.7;825.951;1848.65;2389.33;52.5979;0.572316
12.6802;1022.7;822.768;1845.47;2389.33;51.8003;0.572316
12.6902;1022.7;824.893;1847.59;2389.33;49.553;0.572316
12.7002;1022.7;818.299;1841;2389.33;47.4869;0.572316
12.7102;1022.7;819.794;1842.49;2389.33;45.816;0.572316
12.7202;1022.7;818.972;1841.67;2389.33;44.51;0.572316
12.7302;1022.7;820.677;1843.38;2389.33;47.3231;0.572316
12.7402;1022.7;825.916;1848.62;2389.33;48.6917;0.572316
12.7502;1022.7;824.477;1847.18;2389.33;55.0463;0.572316
12.7602;1022.7;825.599;1848.3;2389.33;53.6175;0.572316
12.7702;1022.7;829.582;1852.28;2389.33;50.2574;0.572316
12.7802;1022.7;820.818;1843.52;2389.33;48.469;0.572316
12.7902;1022.7;822.911;1845.61;2389.33;47.5395;0.572316
12.8002;1022.7;818.267;1840.97;2389.33;46.7517;0.572316
12.8102;1022.7;815.74;1838.44;2389.33;49.4161;0.572316
12.8202;1022.7;818.835;1841.53;2389.33;49.329;0.572316
12.8302;1022.7;820.139;1842.84;2389.33;50.2702;0.572316
12.8402;1022.7;820.007;1842.71;2389.33;52.0328;0.572316
12.8502;1022.7;825.318;1848.02;2389.33;51.4029;0.572316
12.8602;1022.7;815.945;1838.64;2389.33;52.9143;0.572316
12.8702;1022.7;814.29;1836.99;2389.33;50.5009;0.572316
12.8802;1022.7;822.819;1845.52;2389.33;49.2517;0.572316
12.8902;1022.7;815.471;1838.17;2389.33;48.0675;0.572316
12.9002;1022.7;821.504;1844.2;2389.33;46.9403;0.572316
12.9102;1022.7;823.064;1845.76;2389.33;47.1097;0.572316
12.9202;1022.7;813.611;1836.31;2389.33;46.4482;0.572316
12.9302;1022.7;821.073;1843.77;2389.33;48.3847;0.572316
12.9402;1022.7;827.149;1849.85;2389.33;50.9538;0.572316
12.9502;1022.7;825.215;1847.92;2389.33;50.4462;0.572316
12.9602;1022.7;827.28;1849.98;2389.33;50.0117;0.572316
12.9702;1022.7;824.247;1846.95;2389.33;47.4414;0.572316
12.9802;1022.7;815.561;1838.26;2389.33;46.8592;0.572316
12.9902;1022.7;816.56;1839.26;2389.33;46.3102;0.572316
13.0002;1022.7;816.251;1838.95;2389.33;47.4073;0.572316
13.0102;1022.7;823.977;1846.68;2389.33;49.6646;0.572316
13.0202;1022.7;820.478;1843.18;2389.33;53.8571;0.572316
13.0302;1022.7;821.576;1844.28;2389.33;54.5382;0.572316
13.0402;1022.7;820.346;1843.05;2389.33;55.6893;0.572316
13.0502;1022.7;816.468;1839.17;2389.33;53.1675;0.572316
13.0602;1022.7;819.798;1842.5;2389.33;49.7715;0.572316
13.0702;1022.7;815.654;1838.35;2389.33;47.6008;0.572316
13.0802;1022.7;808.624;1831.32;2389.33;45.9511;0.572316
13.0902;1022.7;817.54;1840.24;2389.33;46.3056;0.572316
13.1002;1022.7;815.027;1837.73;2389.33;46.6654;0.572316
13.1102;1022.7;820.496;1843.2;2389.33;46.3775;0.572316
13.1202;1022.7;826.434;1849.13;2389.33;46.2168;0.572316
13.1302;1022.7;821.668;1844.37;2389.33;51.7635;0.572316
13.1402;1022.7;821.058;1843.76;2389.33;49.2873;0.572316
13.1502;1022.7;824.758;1847.46;2389.33;52.8308;0.572316
13.1602;1022.7;815.411;1838.11;2389.33;49.926;0.572316
13.1702;1022.7;827.114;1849.81;2389.33;49.1378;0.572316
13.1802;1022.7;823.263;1845.96;2389.33;48.7855;0.572316
13.1902;1022.7;817.298;1840;2389.33;50.0652;0.572316
13.2002;1022.7;822.623;1845.32;2389.33;53.9949;0.572316
13.2102;1022.7;816.846;1839.55;2389.33;53.6191;0.572316
13.2202;1022.7;820.284;1842.98;2389.33;54.7122;0.572316
13.2302;1022.7;824.847;1847.55;2389.33;53.2615;0.572316
13.2402;1022.7;822.854;1845.55;2389.33;53.6448;0.572316
13.2502;1022.7;814.303;1837;2389.33;50.6473;0.572316
13.2602;1022.7;813.292;1835.99;2389.33;50.1375;0.572316
13.2702;1022.7;812.978;1835.68;2389.33;51.5289;0.572316
13.2802;1022.7;815.543;1838.24;2389.33;49.8563;0.572316
13.2902;1022.7;821.519;1844.22;2389.33;52.2964;0.572316
13.3002;1022.7;822.604;1845.3;2389.33;53.098;0.572316
13.3102;1022.7;823.785;1846.49;2389.33;53.2209;0.572316
13.3202;1022.7;817.53;1840.23;2389.33;51.344;0.572316
13.3302;1022.7;819.736;1842.44;2389.33;48.0832;0.572316
13.3402;1022.7;818.541;1841.24;2389.33;46.0476;0.572316
13.3502;1022.7;817.304;1840;2389.33;44.2618;0.572316
13.3602;1022.7;821.419;1844.12;2389.33;44.3888;0.572316
13.3702;1022.7;818.784;1841.48;2389.33;45.5864;0.572316
13.3802;1022.7;821.516;1844.22;2389.33;46.5034;0.572316
13.3902;1022.7;828.887;1851.59;2389.33;46.4265;0.572316
13.4002;1022.7;822.564;1845.26;2389.33;49.5804;0.572316
13.4102;1022.7;824.56;1847.26;2389.33;49.4353;0.572316
13.4202;1022.7;823.446;1846.15;2389.33;53.7747;0.572316
13.4302;1022.7;816.743;1839.44;2389.33;52.8396;0.572316
13.4402;1022.7;816.167;1838.87;2389.33;50.166;0.572316
13.4502;1022.7;822.254;1844.95;2389.33;49.813;0.572316
13.4602;1022.7;814.362;1837.06;2389.33;49.1892;0.572316
13.4702;1022.7;822.014;1844.71;2389.33;52.7851;0.572316
13.4802;1022.7;819.22;1841.92;2389.33;54.154;0.572316
13.4902;1022.7;818.398;1841.1;2389.33;56.3451;0.572316
13.5002;1022.7;817.423;1840.12;2389.33;53.3115;0.572316
13.5102;1022.7;817.599;1840.3;2389.33;50.9347;0.572316
13.5202;1022.7;815.65;1838.35;2389.33;48.9786;0.572316
13.5302;1022.7;814.462;1837.16;2389.33;46.9975;0.572316
13.5402;1022.7;814.821;1837.52;2389.33;48.2943;0.572316
13.5502;1022.7;818.868;1841.57;2389.33;50.5771;0.572316
13.5602;1022.7;822.161;1844.86;2389.33;52.689;0.572316
13.5702;1022.7;822.533;1845.23;2389.33;51.8608;0.572316
13.5802;1022.7;826.655;1849.36;2389.33;50.0972;0.572316
13.5902;1022.7;820.145;1842.85;2389.33;47.4854;0.572316
13.6002;1022.7;819.38;1842.08;2389.33;45.4341;0.572316
13.6102;1022.7;818.508;1841.21;2389.33;44.7726;0.572316
13.6202;1022.7;814.112;1836.81;2389.33;44.2677;0.572316
13.6302;1022.7;822.334;1845.03;2389.33;44.2875;0.572316
13.6402;1022.7;828.429;1851.13;2389.33;45.5658;0.572316
13.6502;1022.7;821.942;1844.64;2389.33;49.3125;0.572316
13.6602;1022.7;825.118;1847.82;2389.33;50.622;0.572316
13.6702;1022.7;818.895;1841.6;2389.33;55.1106;0.572316
13.6802;1022.7;813.989;1836.69;2389.33;53.3468;0.572316
13.6902;1022.7;823.451;1846.15;2389.33;50.2222;0.572316
13.7002;1022.7;819.932;1842.63;2389.33;49.522;0.572316
13.7102;1022.7;813.086;1835.79;2389.33;48.632;0.572316
13.7202;1022.7;821.21;1843.91;2389.33;52.5311;0.572316
13.7302;1022.7;813.611;1836.31;2389.33;53.4617;0.572316
13.7402;1022.7;816.76;1839.46;2389.33;55.0986;0.572316
13.7502;1022.7;822.894;1845.59;2389.33;54.0462;0.572316
13.7602;1022.7;820.401;1843.1;2389.33;51.8959;0.572316
13.7702;1022.7;817.32;1840.02;2389.33;49.4328;0.572316
13.7802;1022.7;813.112;1835.81;2389.33;47.3187;0.572316
13.7902;1022.7;813.753;1836.45;2389.33;46.7608;0.572316
13.8002;1022.7;816.129;1838.83;2389.33;46.6306;0.572316
13.8102;1022.7;823.294;1845.99;2389.33;49.7666;0.572316
13.8202;1022.7;824.468;1847.17;2389.33;49.7573;0.572316
13.8302;1022.7;828.231;1850.93;2389.33;52.6061;0.572316
13.8402;1022.7;821.743;1844.44;2389.33;49.9607;0.572316
13.8502;1022.7;820.652;1843.35;2389.33;46.814;0.572316
13.8602;1022.7;818.225;1840.93;2389.33;45.2651;0.572316
13.8702;1022.7;817.223;1839.92;2389.33;44.0971;0.572316
13.8802;1022.7;821.843;1844.54;2389.33;44.2745;0.572316
13.8902;1022.7;823.601;1846.3;2389.33;46.7409;0.572316
13.9002;1022.7;820.934;1843.63;2389.33;48.363;0.572316
13.9102;1022.7;825.3;1848;2389.33;50.53;0.572316
13.9202;1022.7;817.635;1840.33;2389.33;54.1624;0.572316
13.9302;1022.7;820.536;1843.24;2389.33;51.8767;0.572316
13.9402;1022.7;822.072;1844.77;2389.33;53.5739;0.572316
13.9502;1022.7;814.094;1836.79;2389.33;51.5436;0.572316
13.9602;1022.7;813.638;1836.34;2389.33;49.1216;0.572316
13.9702;1022.7;817.057;1839.76;2389.33;50.9482;0.572316
13.9802;1022.7;811.295;1833.99;2389.33;50.0454;0.572316
13.9902;1022.7;820.888;1843.59;2389.33;50.2194;0.572316
14.0002;1022.7;821.764;1844.46;2389.33;52.4658;0.572316
14.0102;1022.7;819.572;1842.27;2389.33;52.6438;0.572316
14.0202;1022.7;820.062;1842.76;2389.33;50.0439;0.572316
14.0302;1022.7;816.363;1839.06;2389.33;47.8879;0.572316
14.0402;1022.7;819.334;1842.03;2389.33;46.3523;0.572316
14.0502;1022.7;816.539;1839.24;2389.33;44.5969;0.572316
14.0602;1022.7;819.534;1842.23;2389.33;46.483;0.572316
14.0702;1022.7;821.662;1844.36;2389.33;47.8529;0.572316
14.0802;1022.7;822.418;1845.12;2389.33;51.6261;0.572316
14.0902;1022.7;824.713;1847.41;2389.33;51.0314;0.572316
14.1002;1022.7;830.349;1853.05;2389.33;48.7119;0.572316
14.1102;1022.7;822.742;1845.44;2389.33;46.8075;0.572316
14.1202;1022.7;823.605;1846.3;2389.33;46.8162;0.572316
14.1302;1022.7;817.861;1840.56;2389.33;46.3134;0.572316
14.1402;1022.7;812.822;1835.52;2389.33;46.7062;0.572316
14.1502;1022.7;818.846;1841.55;2389.33;47.9512;0.572316
14.1602;1022.7;824.444;1847.14;2389.33;50.0355;0.572316
14.1702;1022.7;819.697;1842.4;2389.33;52.983;0.572316
14.1802;1022.7;823.684;1846.38;2389.33;53.0261;0.572316
14.1902;1022.7;815.051;1837.75;2389.33;58.0042;0.572316
14.2002;1022.7;814.041;1836.74;2389.33;54.4395;0.572316
14.2102;1022.7;822.406;1845.11;2389.33;54.1344;0.572316
14.2202;1022.7;814.097;1836.8;2389.33;51.3839;0.572316
14.2302;1022.7;818.726;1841.43;2389.33;48.7061;0.572316
14.2402;1022.7;819.567;1842.27;2389.33;48.0466;0.572316
14.2502;1022.7;812.179;1834.88;2389.33;45.9029;0.572316
14.2602;1022.7;821.073;1843.77;2389.33;47.1426;0.572316
14.2702;1022.7;826.871;1849.57;2389.33;48.0073;0.572316
14.2802;1022.7;825.547;1848.25;2389.33;49.3937;0.572316
14.2902;1022.7;826.871;1849.57;2389.33;49.6062;0.572316
14.3002;1022.7;822.209;1844.91;2389.33;47.7911;0.572316
14.3102;1022.7;816.43;1839.13;2389.33;46.0736;0.572316
14.3202;1022.7;817.225;1839.92;2389.33;45.114;0.572316
14.3302;1022.7;818.952;1841.65;2389.33;45.6772;0.572316
14.3402;1022.7;824.198;1846.9;2389.33;47.9494;0.572316
14.3502;1022.7;823.318;1846.02;2389.33;52.1965;0.572316
14.3602;1022.7;823.293;1845.99;2389.33;51.1504;0.572316
14.3702;1022.7;821.986;1844.69;2389.33;52.5221;0.572316
14.3802;1022.7;817.809;1840.51;2389.33;51.0791;0.572316
14.3902;1022.7;818.736;1841.44;2389.33;48.1933;0.572316
14.4002;1022.7;816.428;1839.13;2389.33;47.9825;0.572316
14.4102;1022.7;812.262;1834.96;2389.33;47.2081;0.572316
14.4202;1022.7;816.413;1839.11;2389.33;47.3172;0.572316
14.4302;1022.7;817.764;1840.46;2389.33;48.8863;0.572316
14.4402;1022.7;818.158;1840.86;2389.33;50.7485;0.572316
14.4502;1022.7;824.086;1846.79;2389.33;50.1784;0.572316
14.4602;1022.7;818.389;1841.09;2389.33;54.5512;0.572316
14.4702;1022.7;813.338;1836.04;2389.33;51.8704;0.572316
14.4802;1022.7;822.768;1845.47;2389.33;49.4636;0.572316
14.4902;1022.7;815.562;1838.26;2389.33;47.2551;0.572316
14.5002;1022.7;823.912;1846.61;2389.33;46.2707;0.572316
14.5102;1022.7;823.422;1846.12;2389.33;46.8249;0.572316
14.5202;1022.7;818.686;1841.39;2389.33;48.3021;0.572316
14.5302;1022.7;822.233;1844.93;2389.33;51.9525;0.572316
14.5402;1022.7;823.34;1846.04;2389.33;52.9301;0.572316
14.5502;1022.7;824.195;1846.9;2389.33;52.4242;0.572316
14.5602;1022.7;826.049;1848.75;2389.33;50.734;0.572316
14.5702;1022.7;822.954;1845.65;2389.33;52.7828;0.572316
14.5802;1022.7;813.525;1836.23;2389.33;50.1119;0.572316
14.5902;1022.7;815.508;1838.21;2389.33;50.1099;0.572316
14.6002;1022.7;812.476;1835.18;2389.33;52.5881;0.572316
14.6102;1022.7;818.535;1841.24;2389.33;53.821;0.572316
14.6202;1022.7;821.279;1843.98;2389.33;58.174;0.572316
14.6302;1022.7;821.489;1844.19;2389.33;57.9356;0.572316
14.6402;1022.7;820.269;1842.97;2389.33;57.8403;0.572316
14.6502;1022.7;815.252;1837.95;2389.33;54.6248;0.572316
14.6602;1022.7;813.229;1835.93;2389.33;50.7248;0.572316
14.6702;1022.7;815.508;1838.21;2389.33;48.3609;0.572316
14.6802;1022.7;813.151;1835.85;2389.33;46.5456;0.572316
14.6902;1022.7;819.682;1842.38;2389.33;46.6482;0.572316
14.7002;1022.7;819.763;1842.46;2389.33;47.3431;0.572316
14.7102;1022.7;819.92;1842.62;2389.33;46.9297;0.572316
14.7202;1022.7;826.787;1849.49;2389.33;46.751;0.572316
14.7302;1022.7;823.716;1846.42;2389.33;50.1543;0.572316
14.7402;1022.7;821.98;1844.68;2389.33;50.1202;0.572316
14.7502;1022.7;823.866;1846.57;2389.33;53.8344;0.572316
14.7602;1022.7;814.776;1837.48;2389.33;52.6086;0.572316
14.7702;1022.7;819.139;1841.84;2389.33;49.3641;0.572316
14.7802;1022.7;823.342;1846.04;2389.33;49.2274;0.572316
14.7902;1022.7;818.095;1840.8;2389.33;49.4229;0.572316
14.8002;1022.7;822.56;1845.26;2389.33;53.0869;0.572316
14.8102;1022.7;818.478;1841.18;2389.33;54.4328;0.572316
14.8202;1022.7;819.393;1842.09;2389.33;54.3473;0.572316
14.8302;1022.7;819.726;1842.43;2389.33;52.8502;0.572316
14.8402;1022.7;818.799;1841.5;2389.33;50.9462;0.572316
14.8502;1022.7;813.855;1836.56;2389.33;48.8263;0.572316
14.8602;1022.7;814.138;1836.84;2389.33;49.2267;0.572316
14.8702;1022.7;812.448;1835.15;2389.33;48.2178;0.572316
14.8802;1022.7;815.56;1838.26;2389.33;47.5408;0.572316
14.8902;1022.7;822.151;1844.85;2389.33;50.3288;0.572316
14.9002;1022.7;822.577;1845.28;2389.33;49.2561;0.572316
14.9102;1022.7;827.001;1849.7;2389.33;53.2338;0.572316
14.9202;1022.7;819.07;1841.77;2389.33;50.6133;0.572316
14.9302;1022.7;816.644;1839.34;2389.33;47.2192;0.572316
14.9402;1022.7;817.189;1839.89;2389.33;46.0493;0.572316
14.9502;1022.7;816.206;1838.91;2389.33;44.8396;0.572316
14.9602;1022.7;822.01;1844.71;2389.33;44.7642;0.572316
14.9702;1022.7;825.594;1848.29;2389.33;47.1569;0.572316
14.9802;1022.7;820.892;1843.59;2389.33;51.198;0.572316
14.9902;1022.7;825.648;1848.35;2389.33;50.3076;0.572316
