0;21629.3;218.485;21847.8;1024;1.8405;1.89064
0.01;21629.3;218.485;21847.8;1024;2.167;1.89064
0.02;21629.3;218.485;21847.8;1024;2.7288;1.89064
0.03;21629.3;218.485;21847.8;1024;2.5827;1.89064
0.04;21629.3;218.485;21847.8;1024;2.2691;1.89064
0.05;21629.3;218.485;21847.8;1024;3.035;1.89064
0.06;21629.3;218.485;21847.8;1024;2.3876;1.89064
0.07;21629.3;218.485;21847.8;1024;1.5922;1.89064
0.08;21629.3;218.485;21847.8;1024;2.9953;1.89064
0.09;21629.3;218.485;21847.8;1024;2.2788;1.89064
0.1;21629.3;218.485;21847.8;1024;2.791;1.89064
0.11;21629.3;218.485;21847.8;1024;3.7252;1.89064
0.12;21629.3;218.485;21847.8;1024;3.861;1.89064
0.13;21629.3;218.485;21847.8;1024;4.4635;1.89064
0.14;21629.3;218.485;21847.8;1024;3.9312;1.89064
0.15;21629.3;218.485;21847.8;1024;4.0572;1.89064
0.16;21629.3;218.485;21847.8;1024;5.4475;1.89064
0.17;21629.3;218.485;21847.8;1024;5.308;1.89064
0.18;21629.3;218.485;21847.8;1024;6.266;1.89064
0.19;21629.3;218.485;21847.8;1024;6.4697;1.89064
0.2;21629.3;218.485;21847.8;1024;6.2472;1.89064
0.21;21629.3;218.485;21847.8;1024;8.0251;1.89064
0.22;21629.3;218.485;21847.8;1024;7.9586;1.89064
0.23;21629.3;218.485;21847.8;1024;6.7858;1.89064
0.24;21629.3;218.485;21847.8;1024;6.8555;1.89064
0.25;21629.3;218.485;21847.8;1024;7.1713;1.89064
0.26;21629.3;218.485;21847.8;1024;9.8218;1.89064
0.27;21629.3;218.485;21847.8;1024;9.7027;1.89064
0.28;21629.3;218.485;21847.8;1024;8.5285;1.89064
0.29;21629.3;218.485;21847.8;1024;8.7445;1.89064
0.3;21629.3;218.485;21847.8;1024;9.4639;1.89064
0.31;21629.3;218.485;21847.8;1024;9.9651;1.89064
0.32;21629.3;218.485;21847.8;1024;9.1454;1.89064
0.33;21629.3;218.485;21847.8;1024;8.3411;1.89064
0.34;21629.3;218.485;21847.8;1024;9.9219;1.89064
0.35;21629.3;218.485;21847.8;1024;10.1242;1.89064
0.36;21629.3;218.485;21847.8;1024;9.9574;1.89064
0.37;21629.3;218.485;21847.8;1024;9.906;1.89064
0.38;21629.3;218.485;21847.8;1024;10.8953;1.89064
0.39;21629.3;218.485;21847.8;1024;11.4409;1.89064
0.4;21629.3;218.485;21847.8;1024;10.4851;1.89064
0.41;21629.3;218.485;21847.8;1024;11.0824;1.89064
0.42;21629.3;218.485;21847.8;1024;11.1498;1.89064
0.43;21629.3;218.485;21847.8;1024;9.0661;1.89064
0.44;21629.3;218.485;21847.8;1024;9.4679;1.89064
0.45;21629.3;218.485;21847.8;1024;11.3521;1.89064
0.46;21629.3;218.485;21847.8;1024;11.8628;1.89064
0.47;21629.3;218.485;21847.8;1024;10.5642;1.89064
0.48;21629.3;218.485;21847.8;1024;9.3527;1.89064
0.49;21629.3;218.485;21847.8;1024;12.5771;1.89064
0.5;21629.3;218.485;21847.8;1024;13.1484;1.89064
0.51;21629.3;218.485;21847.8;1024;12.6151;1.89064
0.52;21629.3;218.485;21847.8;1024;10.7901;1.89064
0.53;21629.3;218.485;21847.8;1024;10.1355;1.89064
0.54;21629.3;218.485;21847.8;1024;15.3483;1.89064
0.55;21629.3;218.485;21847.8;1024;17.8547;1.89064
0.56;21629.3;218.485;21847.8;1024;15.2638;1.89064
0.57;21629.3;218.485;21847.8;1024;13.9112;1.89064
0.58;21629.3;218.485;21847.8;1024;13.0699;1.89064
0.59;21629.3;218.485;21847.8;1024;13.3562;1.89064
0.6;21629.3;218.485;21847.8;1024;16.3307;1.89064
0.61;21629.3;218.485;21847.8;1024;13.1746;1.89064
0.62;21629.3;218.485;21847.8;1024;11.9337;1.89064
0.63;21629.3;218.485;21847.8;1024;12.9122;1.89064
0.64;21629.3;218.485;21847.8;1024;13.8997;1.89064
0.65;21629.3;218.485;21847.8;1024;11.3192;1.89064
0.66;21629.3;218.485;21847.8;1024;10.4823;1.89064
0.67;21629.3;218.485;21847.8;1024;15.5544;1.89064
0.68;21629.3;218.485;21847.8;1024;15.7208;1.89064
0.69;21629.3;218.485;21847.8;1024;13.4511;1.89064
0.7;21629.3;218.485;21847.8;1024;11.7508;1.89064
0.71;21629.3;218.485;21847.8;1024;11.8613;1.89064
0.72;21629.3;218.485;21847.8;1024;16.1912;1.89064
0.73;21629.3;218.485;21847.8;1024;16.6786;1.89064
0.74;21629.3;218.485;21847.8;1024;14.7028;1.89064
0.75;21629.3;218.485;21847.8;1024;15.1665;1.89064
0.76;21629.3;218.485;21847.8;1024;14.4402;1.89064
0.77;21629.3;218.485;21847.8;1024;13.6212;1.89064
0.78;21629.3;218.485;21847.8;1024;14.5611;1.89064
0.79;21629.3;218.485;21847.8;1024;13.1522;1.89064
0.8;21629.3;218.485;21847.8;1024;14.8452;1.89064
0.81;21629.3;218.485;21847.8;1024;17.0989;1.89064
0.82;21629.3;218.485;21847.8;1024;16.359;1.89064
0.83;21629.3;218.485;21847.8;1024;13.7046;1.89064
0.839999;21629.3;218.485;21847.8;1024;12.6036;1.89064
0.849999;21629.3;218.485;21847.8;1024;15.1804;1.89064
0.859999;21629.3;218.485;21847.8;1024;17.0258;1.89064
0.869999;21629.3;218.485;21847.8;1024;14.314;1.89064
0.879999;21629.3;218.485;21847.8;1024;12.3364;1.89064
0.889999;21629.3;218.485;21847.8;1024;13.2668;1.89064
0.899999;21629.3;218.485;21847.8;1024;16.0459;1.89064
0.909999;21629.3;218.485;21847.8;1024;15.9253;1.89064
0.919999;21629.3;218.485;21847.8;1024;13.9281;1.89064
0.929999;21629.3;218.485;21847.8;1024;12.2152;1.89064
0.939999;21629.3;218.485;21847.8;1024;12.5495;1.89064
0.949999;21629.3;218.485;21847.8;1024;14.5932;1.89064
0.959999;21629.3;218.485;21847.8;1024;15.436;1.89064
0.969999;21629.3;218.485;21847.8;1024;12.7546;1.89064
0.979999;21629.3;218.485;21847.8;1024;10.7679;1.89064
0.989999;21629.3;218.485;21847.8;1024;14.4788;1.89064
0.999999;21629.3;218.485;21847.8;1024;16.1825;1.89064
1.01;21629.3;218.485;21847.8;1024;13.7838;1.89064
1.02;21629.3;218.485;21847.8;1024;11.7697;1.89064
1.03;21629.3;218.485;21847.8;1024;13.1976;1.89064
1.04;21629.3;218.485;21847.8;1024;13.7613;1.89064
1.05;21629.3;218.485;21847.8;1024;13.9932;1.89064
1.06;21629.3;218.485;21847.8;1024;14.0659;1.89064
1.07;21629.3;218.485;21847.8;1024;13.3763;1.89064
1.08;21629.3;218.485;21847.8;1024;12.8106;1.89064
1.09;21629.3;218.485;21847.8;1024;13.4718;1.89064
1.1;21629.3;218.485;21847.8;1024;14.0163;1.89064
1.11;21629.3;218.485;21847.8;1024;13.3052;1.89064
1.12;21629.3;218.485;21847.8;1024;13.0671;1.89064
1.13;21629.3;218.485;21847.8;1024;13.3792;1.89064
1.14;21629.3;218.485;21847.8;1024;14.4026;1.89064
1.15;21629.3;218.485;21847.8;1024;13.7588;1.89064
1.16;21629.3;218.485;21847.8;1024;13.049;1.89064
1.17;21629.3;218.485;21847.8;1024;13.8781;1.89064
1.18;21629.3;218.485;21847.8;1024;14.478;1.89064
1.19;21629.3;218.485;21847.8;1024;13.7931;1.89064
1.2;21629.3;218.485;21847.8;1024;12.4057;1.89064
1.21;21629.3;218.485;21847.8;1024;12.9048;1.89064
1.22;21629.3;218.485;21847.8;1024;14.4651;1.89064
1.23;21629.3;218.485;21847.8;1024;14.2286;1.89064
1.24;21629.3;218.485;21847.8;1024;13.8272;1.89064
1.25;21629.3;218.485;21847.8;1024;12.6885;1.89064
1.26;21629.3;218.485;21847.8;1024;12.505;1.89064
1.27;21629.3;218.485;21847.8;1024;14.4692;1.89064
1.28;21629.3;218.485;21847.8;1024;15.5428;1.89064
1.29;21629.3;218.485;21847.8;1024;14.3927;1.89064
1.3;21629.3;218.485;21847.8;1024;12.6528;1.89064
1.31;21629.3;218.485;21847.8;1024;13.379;1.89064
1.32;21629.3;218.485;21847.8;1024;15.72;1.89064
1.33;21629.3;218.485;21847.8;1024;15.612;1.89064
1.34;21629.3;218.485;21847.8;1024;14.3076;1.89064
1.35;21629.3;218.485;21847.8;1024;13.3665;1.89064
1.36;21629.3;218.485;21847.8;1024;13.1035;1.89064
1.37;21629.3;218.485;21847.8;1024;15.8262;1.89064
1.38;21629.3;218.485;21847.8;1024;15.6347;1.89064
1.39;21629.3;218.485;21847.8;1024;13.9665;1.89064
1.4;21629.3;218.485;21847.8;1024;13.3193;1.89064
1.41;21629.3;218.485;21847.8;1024;14.6198;1.89064
1.42;21629.3;218.485;21847.8;1024;14.8168;1.89064
1.43;21629.3;218.485;21847.8;1024;14.3301;1.89064
1.44;21629.3;218.485;21847.8;1024;14.716;1.89064
1.45;21629.3;218.485;21847.8;1024;14.8654;1.89064
1.46;21629.3;218.485;21847.8;1024;13.8855;1.89064
1.47;21629.3;218.485;21847.8;1024;13.5829;1.89064
1.48;21629.3;218.485;21847.8;1024;13.8863;1.89064
1.49;21629.3;218.485;21847.8;1024;14.5092;1.89064
1.5;21629.3;218.485;21847.8;1024;14.5631;1.89064
1.51;21629.3;218.485;21847.8;1024;13.6421;1.89064
1.52;21629.3;218.485;21847.8;1024;13.2644;1.89064
1.53;21629.3;218.485;21847.8;1024;14.9878;1.89064
1.54;21629.3;218.485;21847.8;1024;15.4941;1.89064
1.55;21629.3;218.485;21847.8;1024;14.8277;1.89064
1.56;21629.3;218.485;21847.8;1024;15.3463;1.89064
1.57;21629.3;218.485;21847.8;1024;15.2751;1.89064
1.58;21629.3;218.485;21847.8;1024;14.3935;1.89064
1.59;21629.3;218.485;21847.8;1024;14.6061;1.89064
1.6;21629.3;218.485;21847.8;1024;15.9826;1.89064
1.61;21629.3;218.485;21847.8;1024;15.5321;1.89064
1.62;21629.3;218.485;21847.8;1024;13.7769;1.89064
1.63;21629.3;218.485;21847.8;1024;14.2566;1.89064
1.64;21629.3;218.485;21847.8;1024;14.6846;1.89064
1.65;21629.3;218.485;21847.8;1024;15.4045;1.89064
1.66;21629.3;218.485;21847.8;1024;15.125;1.89064
1.67;21629.3;218.485;21847.8;1024;13.8564;1.89064
1.68;21629.3;218.485;21847.8;1024;13.4915;1.89064
1.69;21629.3;218.485;21847.8;1024;15.2865;1.89064
1.7;21629.3;218.485;21847.8;1024;16.05;1.89064
1.71;21629.3;218.485;21847.8;1024;15.1027;1.89064
1.72;21629.3;218.485;21847.8;1024;15.4095;1.89064
1.73;21629.3;218.485;21847.8;1024;14.5542;1.89064
1.74;21629.3;218.485;21847.8;1024;14.1525;1.89064
1.75;21629.3;218.485;21847.8;1024;14.3255;1.89064
1.76;21629.3;218.485;21847.8;1024;15.5475;1.89064
1.77;21629.3;218.485;21847.8;1024;15.3614;1.89064
1.78;21629.3;218.485;21847.8;1024;13.7594;1.89064
1.79;21629.3;218.485;21847.8;1024;14.2347;1.89064
1.8;21629.3;218.485;21847.8;1024;14.5158;1.89064
1.81;21629.3;218.485;21847.8;1024;15.1429;1.89064
1.82;21629.3;218.485;21847.8;1024;14.9704;1.89064
1.83;21629.3;218.485;21847.8;1024;13.9288;1.89064
1.84;21629.3;218.485;21847.8;1024;13.8438;1.89064
1.85;21629.3;218.485;21847.8;1024;14.8118;1.89064
1.86;21629.3;218.485;21847.8;1024;15.5771;1.89064
1.87;21629.3;218.485;21847.8;1024;14.9727;1.89064
1.88;21629.3;218.485;21847.8;1024;15.059;1.89064
1.89;21629.3;218.485;21847.8;1024;14.1815;1.89064
1.9;21629.3;218.485;21847.8;1024;13.9683;1.89064
1.91;21629.3;218.485;21847.8;1024;14.2764;1.89064
1.92;21629.3;218.485;21847.8;1024;15.5811;1.89064
1.93;21629.3;218.485;21847.8;1024;15.1986;1.89064
1.94;21629.3;218.485;21847.8;1024;13.7351;1.89064
1.95;21629.3;218.485;21847.8;1024;14.0727;1.89064
1.96;21629.3;218.485;21847.8;1024;14.4333;1.89064
1.97;21629.3;218.485;21847.8;1024;15.0504;1.89064
1.98;21629.3;218.485;21847.8;1024;14.9155;1.89064
1.99;21629.3;218.485;21847.8;1024;13.8286;1.89064
2;21629.3;218.485;21847.8;1024;13.9834;1.89064
2.01;21629.3;218.485;21847.8;1024;14.7766;1.89064
2.02;21629.3;218.485;21847.8;1024;15.3329;1.89064
2.03;21629.3;218.485;21847.8;1024;15.1167;1.89064
2.04;21629.3;218.485;21847.8;1024;14.2846;1.89064
2.05;21629.3;218.485;21847.8;1024;14.2008;1.89064
2.06;21629.3;218.485;21847.8;1024;13.8071;1.89064
2.07;21629.3;218.485;21847.8;1024;14.5549;1.89064
2.08;21629.3;218.485;21847.8;1024;15.309;1.89064
2.09;21629.3;218.485;21847.8;1024;14.3963;1.89064
2.1;21629.3;218.485;21847.8;1024;14.3462;1.89064
2.11;21629.3;218.485;21847.8;1024;14.0647;1.89064
2.12;21629.3;218.485;21847.8;1024;13.8231;1.89064
2.13;21629.3;218.485;21847.8;1024;14.6999;1.89064
2.14;21629.3;218.485;21847.8;1024;15.5659;1.89064
2.15;21629.3;218.485;21847.8;1024;15.3075;1.89064
2.16;21629.3;218.485;21847.8;1024;14.1372;1.89064
2.17;21629.3;218.485;21847.8;1024;13.9935;1.89064
2.18;21629.3;218.485;21847.8;1024;15.1418;1.89064
2.19;21629.3;218.485;21847.8;1024;15.7225;1.89064
2.2;21629.3;218.485;21847.8;1024;15.2975;1.89064
2.21;21629.3;218.485;21847.8;1024;14.2604;1.89064
2.22;21629.3;218.485;21847.8;1024;13.7106;1.89064
2.23;21629.3;218.485;21847.8;1024;15.4814;1.89064
2.24;21629.3;218.485;21847.8;1024;16.2454;1.89064
2.25;21629.3;218.485;21847.8;1024;15.4052;1.89064
2.26;21629.3;218.485;21847.8;1024;15.0468;1.89064
2.27;21629.3;218.485;21847.8;1024;14.4184;1.89064
2.28;21629.3;218.485;21847.8;1024;14.1954;1.89064
2.29;21629.3;218.485;21847.8;1024;14.4189;1.89064
2.3;21629.3;218.485;21847.8;1024;15.989;1.89064
2.31;21629.3;218.485;21847.8;1024;15.8614;1.89064
2.32;21629.3;218.485;21847.8;1024;14.4104;1.89064
2.33;21629.3;218.485;21847.8;1024;14.5006;1.89064
2.34;21629.3;218.485;21847.8;1024;14.8157;1.89064
2.35;21629.3;218.485;21847.8;1024;15.6558;1.89064
2.36;21629.3;218.485;21847.8;1024;15.5269;1.89064
2.37;21629.3;218.485;21847.8;1024;14.1813;1.89064
2.38;21629.3;218.485;21847.8;1024;14.2146;1.89064
2.39;21629.3;218.485;21847.8;1024;15.0086;1.89064
2.4;21629.3;218.485;21847.8;1024;15.7147;1.89064
2.41;21629.3;218.485;21847.8;1024;15.3866;1.89064
2.42;21629.3;218.485;21847.8;1024;14.594;1.89064
2.43;21629.3;218.485;21847.8;1024;13.9629;1.89064
2.44;21629.3;218.485;21847.8;1024;13.8227;1.89064
2.45;21629.3;218.485;21847.8;1024;14.6154;1.89064
2.46;21629.3;218.485;21847.8;1024;16.7217;1.89064
2.47;21629.3;218.485;21847.8;1024;16.5147;1.89064
2.48;21629.3;218.485;21847.8;1024;15.0293;1.89064
2.49;21629.3;218.485;21847.8;1024;14.839;1.89064
2.5;21629.3;218.485;21847.8;1024;15.3045;1.89064
2.51;21629.3;218.485;21847.8;1024;15.8886;1.89064
2.52;21629.3;218.485;21847.8;1024;15.5908;1.89064
2.53;21629.3;218.485;21847.8;1024;14.1003;1.89064
2.54;21629.3;218.485;21847.8;1024;14.387;1.89064
2.55;21629.3;218.485;21847.8;1024;15.1449;1.89064
2.56;21629.3;218.485;21847.8;1024;15.6241;1.89064
2.57;21629.3;218.485;21847.8;1024;15.564;1.89064
2.58;21629.3;218.485;21847.8;1024;14.698;1.89064
2.59;21629.3;218.485;21847.8;1024;14.1649;1.89064
2.6;21629.3;218.485;21847.8;1024;13.9397;1.89064
2.61;21629.3;218.485;21847.8;1024;14.8301;1.89064
2.62;21629.3;218.485;21847.8;1024;17.2618;1.89064
2.63;21629.3;218.485;21847.8;1024;17.1696;1.89064
2.64;21629.3;218.485;21847.8;1024;15.7703;1.89064
2.65;21629.3;218.485;21847.8;1024;15.201;1.89064
2.66;21629.3;218.485;21847.8;1024;15.5131;1.89064
2.67;21629.3;218.485;21847.8;1024;16.1013;1.89064
2.68;21629.3;218.485;21847.8;1024;15.8751;1.89064
2.69;21629.3;218.485;21847.8;1024;14.153;1.89064
2.7;21629.3;218.485;21847.8;1024;14.3925;1.89064
2.71;21629.3;218.485;21847.8;1024;15.0457;1.89064
2.72;21629.3;218.485;21847.8;1024;15.5708;1.89064
2.73;21629.3;218.485;21847.8;1024;15.6763;1.89064
2.74;21629.3;218.485;21847.8;1024;15.5833;1.89064
2.75;21629.3;218.485;21847.8;1024;14.9336;1.89064
2.76;21629.3;218.485;21847.8;1024;14.5439;1.89064
2.77;21629.3;218.485;21847.8;1024;15.6661;1.89064
2.78;21629.3;218.485;21847.8;1024;16.1288;1.89064
2.79;21629.3;218.485;21847.8;1024;16.1963;1.89064
2.8;21629.3;218.485;21847.8;1024;15.0016;1.89064
2.81;21629.3;218.485;21847.8;1024;14.6841;1.89064
2.82;21629.3;218.485;21847.8;1024;15.2867;1.89064
2.83;21629.3;218.485;21847.8;1024;16.0511;1.89064
2.84;21629.3;218.485;21847.8;1024;15.8437;1.89064
2.85;21629.3;218.485;21847.8;1024;14.1656;1.89064
2.86;21629.3;218.485;21847.8;1024;14.2811;1.89064
2.87;21629.3;218.485;21847.8;1024;14.9533;1.89064
2.88;21629.3;218.485;21847.8;1024;15.7157;1.89064
2.89;21629.3;218.485;21847.8;1024;15.7217;1.89064
2.9;21629.3;218.485;21847.8;1024;17.6435;1.89064
2.91;21629.3;218.485;21847.8;1024;17.1932;1.89064
2.92;21629.3;218.485;21847.8;1024;16.742;1.89064
2.93;21629.3;218.485;21847.8;1024;16.8914;1.89064
2.94;21629.3;218.485;21847.8;1024;17.1309;1.89064
2.95;21629.3;218.485;21847.8;1024;18.1392;1.89064
2.96;21629.3;218.485;21847.8;1024;17.6671;1.89064
2.97;21629.3;218.485;21847.8;1024;17.1058;1.89064
2.98;21629.3;218.485;21847.8;1024;16.321;1.89064
2.99;21629.3;218.485;21847.8;1024;16.7478;1.89064
3;21629.3;218.485;21847.8;1024;17.0564;1.89064
3.01;21629.3;218.485;21847.8;1024;16.7256;1.89064
3.02;21629.3;218.485;21847.8;1024;15.3876;1.89064
3.03;21629.3;218.485;21847.8;1024;14.9628;1.89064
3.04;21629.3;218.485;21847.8;1024;15.5312;1.89064
3.05;21629.3;218.485;21847.8;1024;15.9923;1.89064
3.06;21629.3;218.485;21847.8;1024;16.054;1.89064
3.07;21629.3;218.485;21847.8;1024;14.7828;1.89064
3.08;21629.3;218.485;21847.8;1024;14.4515;1.89064
3.09;21629.3;218.485;21847.8;1024;15.2779;1.89064
3.1;21629.3;218.485;21847.8;1024;16.2431;1.89064
3.11;21629.3;218.485;21847.8;1024;16.2582;1.89064
3.12;21629.3;218.485;21847.8;1024;15.3265;1.89064
3.13;21629.3;218.485;21847.8;1024;14.9516;1.89064
3.14;21629.3;218.485;21847.8;1024;14.6163;1.89064
3.15;21629.3;218.485;21847.8;1024;15.9081;1.89064
3.16;21629.3;218.485;21847.8;1024;16.3739;1.89064
3.17;21629.3;218.485;21847.8;1024;16.0904;1.89064
3.18;21629.3;218.485;21847.8;1024;15.0387;1.89064
3.19;21629.3;218.485;21847.8;1024;14.7829;1.89064
3.2;21629.3;218.485;21847.8;1024;15.3224;1.89064
3.21;21629.3;218.485;21847.8;1024;16.8021;1.89064
3.22;21629.3;218.485;21847.8;1024;16.5133;1.89064
3.23;21629.3;218.485;21847.8;1024;14.8929;1.89064
3.24;21629.3;218.485;21847.8;1024;15.0087;1.89064
3.25;21629.3;218.485;21847.8;1024;15.5253;1.89064
3.26;21629.3;218.485;21847.8;1024;16.0933;1.89064
3.27;21629.3;218.485;21847.8;1024;16.1526;1.89064
3.28;21629.3;218.485;21847.8;1024;18.2056;1.89064
3.29;21629.3;218.485;21847.8;1024;17.43;1.89064
3.3;21629.3;218.485;21847.8;1024;16.6227;1.89064
3.31;21629.3;218.485;21847.8;1024;17.3235;1.89064
3.32;21629.3;218.485;21847.8;1024;17.1377;1.89064
3.33;21629.3;218.485;21847.8;1024;16.1527;1.89064
3.34;21629.3;218.485;21847.8;1024;15.2894;1.89064
3.35;21629.3;218.485;21847.8;1024;15.0118;1.89064
3.36;21629.3;218.485;21847.8;1024;15.3236;1.89064
3.37;21629.3;218.485;21847.8;1024;17.7465;1.89064
3.38;21629.3;218.485;21847.8;1024;17.46;1.89064
3.39;21629.3;218.485;21847.8;1024;15.7731;1.89064
3.4;21629.3;218.485;21847.8;1024;15.5479;1.89064
3.41;21629.3;218.485;21847.8;1024;15.8727;1.89064
3.42;21629.3;218.485;21847.8;1024;16.5044;1.89064
3.43;21629.3;218.485;21847.8;1024;16.3429;1.89064
3.44;21629.3;218.485;21847.8;1024;16.6102;1.89064
3.45;21629.3;218.485;21847.8;1024;16.1842;1.89064
3.46;21629.3;218.485;21847.8;1024;15.8964;1.89064
3.47;21629.3;218.485;21847.8;1024;16.6421;1.89064
3.48;21629.3;218.485;21847.8;1024;16.9986;1.89064
3.49;21629.3;218.485;21847.8;1024;15.7639;1.89064
3.5;21629.3;218.485;21847.8;1024;15.5314;1.89064
3.51;21629.3;218.485;21847.8;1024;15.4004;1.89064
3.52;21629.3;218.485;21847.8;1024;15.192;1.89064
3.53;21629.3;218.485;21847.8;1024;17.5967;1.89064
3.54;21629.3;218.485;21847.8;1024;17.4786;1.89064
3.55;21629.3;218.485;21847.8;1024;15.9275;1.89064
3.56;21629.3;218.485;21847.8;1024;15.1121;1.89064
3.57;21629.3;218.485;21847.8;1024;15.6356;1.89064
3.58;21629.3;218.485;21847.8;1024;16.6917;1.89064
3.59;21629.3;218.485;21847.8;1024;16.4579;1.89064
3.6;21629.3;218.485;21847.8;1024;15.9953;1.89064
3.61;21629.3;218.485;21847.8;1024;15.7985;1.89064
3.62;21629.3;218.485;21847.8;1024;15.6501;1.89064
3.63;21629.3;218.485;21847.8;1024;16.2205;1.89064
3.64;21629.3;218.485;21847.8;1024;16.7763;1.89064
3.65;21629.3;218.485;21847.8;1024;15.7303;1.89064
3.66;21629.3;218.485;21847.8;1024;15.6765;1.89064
3.67;21629.3;218.485;21847.8;1024;15.4553;1.89064
3.68;21629.3;218.485;21847.8;1024;15.1095;1.89064
3.69;21629.3;218.485;21847.8;1024;15.4481;1.89064
3.7;21629.3;218.485;21847.8;1024;16.0585;1.89064
3.71;21629.3;218.485;21847.8;1024;14.9373;1.89064
3.72;21629.3;218.485;21847.8;1024;14.0988;1.89064
3.73;21629.3;218.485;21847.8;1024;14.9122;1.89064
3.74;21629.3;218.485;21847.8;1024;16.361;1.89064
3.75;21629.3;218.485;21847.8;1024;16.2547;1.89064
3.76;21629.3;218.485;21847.8;1024;15.4641;1.89064
3.77;21629.3;218.485;21847.8;1024;15.4843;1.89064
3.78;21629.3;218.485;21847.8;1024;15.3788;1.89064
3.79;21629.3;218.485;21847.8;1024;16.0182;1.89064
3.8;21629.3;218.485;21847.8;1024;16.5758;1.89064
3.81;21629.3;218.485;21847.8;1024;17.283;1.89064
3.82;21629.3;218.485;21847.8;1024;17.1188;1.89064
3.83;21629.3;218.485;21847.8;1024;16.7536;1.89064
3.84;21629.3;218.485;21847.8;1024;16.1877;1.89064
3.85;21629.3;218.485;21847.8;1024;16.703;1.89064
3.86;21629.3;218.485;21847.8;1024;17.2727;1.89064
3.87;21629.3;218.485;21847.8;1024;17.1345;1.89064
3.88;21629.3;218.485;21847.8;1024;15.6071;1.89064
3.89;21629.3;218.485;21847.8;1024;15.3503;1.89064
3.9;21629.3;218.485;21847.8;1024;15.8146;1.89064
3.91;21629.3;218.485;21847.8;1024;16.4043;1.89064
3.92;21629.3;218.485;21847.8;1024;16.684;1.89064
3.93;21629.3;218.485;21847.8;1024;15.2039;1.89064
3.94;21629.3;218.485;21847.8;1024;14.8342;1.89064
3.95;21629.3;218.485;21847.8;1024;15.5389;1.89064
3.96;21629.3;218.485;21847.8;1024;16.5209;1.89064
3.97;21629.3;218.485;21847.8;1024;16.7222;1.89064
3.98;21629.3;218.485;21847.8;1024;16.3656;1.89064
3.99;21629.3;218.485;21847.8;1024;15.8452;1.89064
4;21629.3;218.485;21847.8;1024;15.5758;1.89064
4.01;21629.3;218.485;21847.8;1024;16.4566;1.89064
4.02;21629.3;218.485;21847.8;1024;16.9706;1.89064
4.03;21629.3;218.485;21847.8;1024;16.7704;1.89064
4.04;21629.3;218.485;21847.8;1024;16.5959;1.89064
4.05;21629.3;218.485;21847.8;1024;16.341;1.89064
4.06;21629.3;218.485;21847.8;1024;15.8734;1.89064
4.07;21629.3;218.485;21847.8;1024;16.5087;1.89064
4.08;21629.3;218.485;21847.8;1024;17.104;1.89064
4.09;21629.3;218.485;21847.8;1024;15.9068;1.89064
4.1;21629.3;218.485;21847.8;1024;14.9642;1.89064
4.11;21629.3;218.485;21847.8;1024;15.6369;1.89064
4.12;21629.3;218.485;21847.8;1024;17.0635;1.89064
4.13;21629.3;218.485;21847.8;1024;16.8513;1.89064
4.14;21629.3;218.485;21847.8;1024;15.8223;1.89064
4.15;21629.3;218.485;21847.8;1024;15.6859;1.89064
4.16;21629.3;218.485;21847.8;1024;15.4092;1.89064
4.17;21629.3;218.485;21847.8;1024;15.8946;1.89064
4.18;21629.3;218.485;21847.8;1024;16.342;1.89064
4.19;21629.3;218.485;21847.8;1024;17.6698;1.89064
4.2;21629.3;218.485;21847.8;1024;17.5465;1.89064
4.21;21629.3;218.485;21847.8;1024;16.9698;1.89064
4.22;21629.3;218.485;21847.8;1024;16.274;1.89064
4.23;21629.3;218.485;21847.8;1024;16.3692;1.89064
4.24;21629.3;218.485;21847.8;1024;17.2345;1.89064
4.25;21629.3;218.485;21847.8;1024;16.2401;1.89064
4.26;21629.3;218.485;21847.8;1024;15.1677;1.89064
4.27;21629.3;218.485;21847.8;1024;15.4211;1.89064
4.28;21629.3;218.485;21847.8;1024;17.1794;1.89064
4.29;21629.3;218.485;21847.8;1024;16.9988;1.89064
4.3;21629.3;218.485;21847.8;1024;15.9015;1.89064
4.31;21629.3;218.485;21847.8;1024;15.7517;1.89064
4.32;21629.3;218.485;21847.8;1024;15.2925;1.89064
4.33;21629.3;218.485;21847.8;1024;16.2182;1.89064
4.34;21629.3;218.485;21847.8;1024;16.586;1.89064
4.35;21629.3;218.485;21847.8;1024;17.1333;1.89064
4.36;21629.3;218.485;21847.8;1024;17.0794;1.89064
4.37001;21629.3;218.485;21847.8;1024;16.8686;1.89064
4.38001;21629.3;218.485;21847.8;1024;16.2793;1.89064
4.39001;21629.3;218.485;21847.8;1024;16.5155;1.89064
4.40001;21629.3;218.485;21847.8;1024;17.2306;1.89064
4.41001;21629.3;218.485;21847.8;1024;16.4475;1.89064
4.42001;21629.3;218.485;21847.8;1024;15.2721;1.89064
4.43001;21629.3;218.485;21847.8;1024;15.3107;1.89064
4.44001;21629.3;218.485;21847.8;1024;17.359;1.89064
4.45001;21629.3;218.485;21847.8;1024;17.3777;1.89064
4.46001;21629.3;218.485;21847.8;1024;16.11;1.89064
4.47001;21629.3;218.485;21847.8;1024;15.6569;1.89064
4.48001;21629.3;218.485;21847.8;1024;15.348;1.89064
4.49001;21629.3;218.485;21847.8;1024;16.566;1.89064
4.50001;21629.3;218.485;21847.8;1024;16.7665;1.89064
4.51001;21629.3;218.485;21847.8;1024;16.4202;1.89064
4.52001;21629.3;218.485;21847.8;1024;16.4866;1.89064
4.53001;21629.3;218.485;21847.8;1024;16.5273;1.89064
4.54001;21629.3;218.485;21847.8;1024;16.0607;1.89064
4.55001;21629.3;218.485;21847.8;1024;16.6178;1.89064
4.56001;21629.3;218.485;21847.8;1024;17.1777;1.89064
4.57001;21629.3;218.485;21847.8;1024;16.5679;1.89064
4.58001;21629.3;218.485;21847.8;1024;15.3201;1.89064
4.59001;21629.3;218.485;21847.8;1024;15.2716;1.89064
4.60001;21629.3;218.485;21847.8;1024;17.2777;1.89064
4.61001;21629.3;218.485;21847.8;1024;17.3539;1.89064
4.62001;21629.3;218.485;21847.8;1024;16.2232;1.89064
4.63001;21629.3;218.485;21847.8;1024;15.6245;1.89064
4.64001;21629.3;218.485;21847.8;1024;15.5432;1.89064
4.65001;21629.3;218.485;21847.8;1024;16.6287;1.89064
4.66001;21629.3;218.485;21847.8;1024;16.7134;1.89064
4.67001;21629.3;218.485;21847.8;1024;16.1653;1.89064
4.68001;21629.3;218.485;21847.8;1024;16.5992;1.89064
4.69001;21629.3;218.485;21847.8;1024;16.1088;1.89064
4.70001;21629.3;218.485;21847.8;1024;15.8805;1.89064
4.71001;21629.3;218.485;21847.8;1024;16.2347;1.89064
4.72001;21629.3;218.485;21847.8;1024;17.1374;1.89064
4.73001;21629.3;218.485;21847.8;1024;17.4282;1.89064
4.74001;21629.3;218.485;21847.8;1024;15.882;1.89064
4.75001;21629.3;218.485;21847.8;1024;15.9033;1.89064
4.76001;21629.3;218.485;21847.8;1024;16.2558;1.89064
4.77001;21629.3;218.485;21847.8;1024;16.9705;1.89064
4.78001;21629.3;218.485;21847.8;1024;16.9798;1.89064
4.79001;21629.3;218.485;21847.8;1024;15.4131;1.89064
4.80001;21629.3;218.485;21847.8;1024;15.1439;1.89064
4.81002;21629.3;218.485;21847.8;1024;15.8178;1.89064
4.82002;21629.3;218.485;21847.8;1024;16.4412;1.89064
4.83002;21629.3;218.485;21847.8;1024;16.6845;1.89064
4.84002;21629.3;218.485;21847.8;1024;17.4713;1.89064
4.85002;21629.3;218.485;21847.8;1024;16.7245;1.89064
4.86002;21629.3;218.485;21847.8;1024;16.5198;1.89064
4.87002;21629.3;218.485;21847.8;1024;16.9622;1.89064
4.88002;21629.3;218.485;21847.8;1024;17.4396;1.89064
4.89002;21629.3;218.485;21847.8;1024;17.5338;1.89064
4.90002;21629.3;218.485;21847.8;1024;17.4598;1.89064
4.91002;21629.3;218.485;21847.8;1024;17.2865;1.89064
4.92002;21629.3;218.485;21847.8;1024;16.7286;1.89064
4.93002;21629.3;218.485;21847.8;1024;17.2538;1.89064
4.94002;21629.3;218.485;21847.8;1024;17.6644;1.89064
4.95002;21629.3;218.485;21847.8;1024;17.0809;1.89064
4.96002;21629.3;218.485;21847.8;1024;15.7779;1.89064
4.97002;21629.3;218.485;21847.8;1024;15.5375;1.89064
4.98002;21629.3;218.485;21847.8;1024;17.3746;1.89064
4.99002;21629.3;218.485;21847.8;1024;17.6289;1.89064
5.00002;21629.3;218.485;21847.8;1024;16.639;1.89064
5.01002;21629.3;218.485;21847.8;1024;15.8634;1.89064
5.02002;21629.3;218.485;21847.8;1024;15.6806;1.89064
5.03002;21629.3;218.485;21847.8;1024;17.0526;1.89064
5.04002;21629.3;218.485;21847.8;1024;17.1952;1.89064
5.05002;21629.3;218.485;21847.8;1024;16.32;1.89064
5.06002;21629.3;218.485;21847.8;1024;16.8452;1.89064
5.07002;21629.3;218.485;21847.8;1024;16.5133;1.89064
5.08002;21629.3;218.485;21847.8;1024;16.1678;1.89064
5.09002;21629.3;218.485;21847.8;1024;16.9761;1.89064
5.10002;21629.3;218.485;21847.8;1024;17.5048;1.89064
5.11002;21629.3;218.485;21847.8;1024;17.1226;1.89064
5.12002;21629.3;218.485;21847.8;1024;15.7069;1.89064
5.13002;21629.3;218.485;21847.8;1024;15.4762;1.89064
5.14002;21629.3;218.485;21847.8;1024;17.1985;1.89064
5.15002;21629.3;218.485;21847.8;1024;17.7214;1.89064
5.16002;21629.3;218.485;21847.8;1024;16.6381;1.89064
5.17002;21629.3;218.485;21847.8;1024;15.7068;1.89064
5.18002;21629.3;218.485;21847.8;1024;15.7121;1.89064
5.19002;21629.3;218.485;21847.8;1024;17.2978;1.89064
5.20002;21629.3;218.485;21847.8;1024;17.4669;1.89064
5.21002;21629.3;218.485;21847.8;1024;16.2497;1.89064
5.22002;21629.3;218.485;21847.8;1024;16.8007;1.89064
5.23002;21629.3;218.485;21847.8;1024;16.4429;1.89064
5.24003;21629.3;218.485;21847.8;1024;16.2772;1.89064
5.25003;21629.3;218.485;21847.8;1024;16.831;1.89064
5.26003;21629.3;218.485;21847.8;1024;17.4078;1.89064
5.27003;21629.3;218.485;21847.8;1024;17.3665;1.89064
5.28003;21629.3;218.485;21847.8;1024;16.0217;1.89064
5.29003;21629.3;218.485;21847.8;1024;15.595;1.89064
5.30003;21629.3;218.485;21847.8;1024;16.6621;1.89064
5.31003;21629.3;218.485;21847.8;1024;17.432;1.89064
5.32003;21629.3;218.485;21847.8;1024;16.6763;1.89064
5.33003;21629.3;218.485;21847.8;1024;15.7124;1.89064
5.34003;21629.3;218.485;21847.8;1024;15.727;1.89064
5.35003;21629.3;218.485;21847.8;1024;17.394;1.89064
5.36003;21629.3;218.485;21847.8;1024;17.599;1.89064
5.37003;21629.3;218.485;21847.8;1024;16.3256;1.89064
5.38003;21629.3;218.485;21847.8;1024;16.8354;1.89064
5.39003;21629.3;218.485;21847.8;1024;16.1801;1.89064
5.40003;21629.3;218.485;21847.8;1024;16.2891;1.89064
5.41003;21629.3;218.485;21847.8;1024;16.8599;1.89064
5.42003;21629.3;218.485;21847.8;1024;17.5118;1.89064
5.43003;21629.3;218.485;21847.8;1024;17.4727;1.89064
5.44003;21629.3;218.485;21847.8;1024;15.8785;1.89064
5.45003;21629.3;218.485;21847.8;1024;15.659;1.89064
5.46003;21629.3;218.485;21847.8;1024;16.1705;1.89064
5.47003;21629.3;218.485;21847.8;1024;16.9239;1.89064
5.48003;21629.3;218.485;21847.8;1024;16.5441;1.89064
5.49003;21629.3;218.485;21847.8;1024;15.5614;1.89064
5.50003;21629.3;218.485;21847.8;1024;15.5827;1.89064
5.51003;21629.3;218.485;21847.8;1024;17.5701;1.89064
5.52003;21629.3;218.485;21847.8;1024;17.8597;1.89064
5.53003;21629.3;218.485;21847.8;1024;16.4312;1.89064
5.54003;21629.3;218.485;21847.8;1024;16.9672;1.89064
5.55003;21629.3;218.485;21847.8;1024;16.4222;1.89064
5.56003;21629.3;218.485;21847.8;1024;16.6673;1.89064
5.57003;21629.3;218.485;21847.8;1024;16.89;1.89064
5.58003;21629.3;218.485;21847.8;1024;17.2763;1.89064
5.59003;21629.3;218.485;21847.8;1024;17.6979;1.89064
5.60003;21629.3;218.485;21847.8;1024;16.3536;1.89064
5.61003;21629.3;218.485;21847.8;1024;16.433;1.89064
5.62003;21629.3;218.485;21847.8;1024;16.6597;1.89064
5.63003;21629.3;218.485;21847.8;1024;16.868;1.89064
5.64003;21629.3;218.485;21847.8;1024;16.959;1.89064
5.65003;21629.3;218.485;21847.8;1024;15.6439;1.89064
5.66003;21629.3;218.485;21847.8;1024;15.3494;1.89064
5.67003;21629.3;218.485;21847.8;1024;15.9777;1.89064
5.68004;21629.3;218.485;21847.8;1024;16.4287;1.89064
5.69004;21629.3;218.485;21847.8;1024;16.5774;1.89064
5.70004;21629.3;218.485;21847.8;1024;17.1228;1.89064
5.71004;21629.3;218.485;21847.8;1024;16.4514;1.89064
5.72004;21629.3;218.485;21847.8;1024;16.228;1.89064
5.73004;21629.3;218.485;21847.8;1024;16.7347;1.89064
5.74004;21629.3;218.485;21847.8;1024;17.4072;1.89064
5.75004;21629.3;218.485;21847.8;1024;17.3532;1.89064
5.76004;21629.3;218.485;21847.8;1024;17.4764;1.89064
5.77004;21629.3;218.485;21847.8;1024;17.2331;1.89064
5.78004;21629.3;218.485;21847.8;1024;16.7444;1.89064
5.79004;21629.3;218.485;21847.8;1024;17.3839;1.89064
5.80004;21629.3;218.485;21847.8;1024;17.9541;1.89064
5.81004;21629.3;218.485;21847.8;1024;17.9876;1.89064
5.82004;21629.3;218.485;21847.8;1024;16.3906;1.89064
5.83004;21629.3;218.485;21847.8;1024;16.0121;1.89064
5.84004;21629.3;218.485;21847.8;1024;16.5802;1.89064
5.85004;21629.3;218.485;21847.8;1024;17.2269;1.89064
5.86004;21629.3;218.485;21847.8;1024;16.5695;1.89064
5.87004;21629.3;218.485;21847.8;1024;15.5436;1.89064
5.88004;21629.3;218.485;21847.8;1024;15.7963;1.89064
5.89004;21629.3;218.485;21847.8;1024;17.8217;1.89064
5.90004;21629.3;218.485;21847.8;1024;18.0081;1.89064
5.91004;21629.3;218.485;21847.8;1024;16.6446;1.89064
5.92004;21629.3;218.485;21847.8;1024;17.2122;1.89064
5.93004;21629.3;218.485;21847.8;1024;16.6645;1.89064
5.94004;21629.3;218.485;21847.8;1024;16.6654;1.89064
5.95004;21629.3;218.485;21847.8;1024;16.8989;1.89064
5.96004;21629.3;218.485;21847.8;1024;17.4562;1.89064
5.97004;21629.3;218.485;21847.8;1024;17.7514;1.89064
5.98004;21629.3;218.485;21847.8;1024;16.2971;1.89064
5.99004;21629.3;218.485;21847.8;1024;15.9518;1.89064
6.00004;21629.3;218.485;21847.8;1024;16.3408;1.89064
6.01004;21629.3;218.485;21847.8;1024;16.9152;1.89064
6.02004;21629.3;218.485;21847.8;1024;17.0708;1.89064
6.03004;21629.3;218.485;21847.8;1024;15.8168;1.89064
6.04004;21629.3;218.485;21847.8;1024;15.6275;1.89064
6.05004;21629.3;218.485;21847.8;1024;17.7407;1.89064
6.06004;21629.3;218.485;21847.8;1024;18.3896;1.89064
6.07004;21629.3;218.485;21847.8;1024;17.0536;1.89064
6.08004;21629.3;218.485;21847.8;1024;17.2017;1.89064
6.09004;21629.3;218.485;21847.8;1024;16.7102;1.89064
6.10004;21629.3;218.485;21847.8;1024;16.3495;1.89064
6.11004;21629.3;218.485;21847.8;1024;16.7699;1.89064
6.12005;21629.3;218.485;21847.8;1024;17.3421;1.89064
6.13005;21629.3;218.485;21847.8;1024;17.6673;1.89064
6.14005;21629.3;218.485;21847.8;1024;16.3014;1.89064
6.15005;21629.3;218.485;21847.8;1024;16.2138;1.89064
6.16005;21629.3;218.485;21847.8;1024;16.494;1.89064
6.17005;21629.3;218.485;21847.8;1024;16.9268;1.89064
6.18005;21629.3;218.485;21847.8;1024;17.2575;1.89064
6.19005;21629.3;218.485;21847.8;1024;16.0152;1.89064
6.20005;21629.3;218.485;21847.8;1024;15.8856;1.89064
6.21005;21629.3;218.485;21847.8;1024;17.6484;1.89064
6.22005;21629.3;218.485;21847.8;1024;18.3262;1.89064
6.23005;21629.3;218.485;21847.8;1024;17.1293;1.89064
6.24005;21629.3;218.485;21847.8;1024;16.8598;1.89064
6.25005;21629.3;218.485;21847.8;1024;16.921;1.89064
6.26005;21629.3;218.485;21847.8;1024;16.1561;1.89064
6.27005;21629.3;218.485;21847.8;1024;16.6976;1.89064
6.28005;21629.3;218.485;21847.8;1024;17.601;1.89064
6.29005;21629.3;218.485;21847.8;1024;18.0364;1.89064
6.30005;21629.3;218.485;21847.8;1024;16.7075;1.89064
6.31005;21629.3;218.485;21847.8;1024;16.6333;1.89064
6.32005;21629.3;218.485;21847.8;1024;16.8079;1.89064
6.33005;21629.3;218.485;21847.8;1024;17.4001;1.89064
6.34005;21629.3;218.485;21847.8;1024;17.7827;1.89064
6.35005;21629.3;218.485;21847.8;1024;16.2915;1.89064
6.36005;21629.3;218.485;21847.8;1024;15.8992;1.89064
6.37005;21629.3;218.485;21847.8;1024;16.6596;1.89064
6.38005;21629.3;218.485;21847.8;1024;17.8021;1.89064
6.39005;21629.3;218.485;21847.8;1024;16.9742;1.89064
6.40005;21629.3;218.485;21847.8;1024;16.3075;1.89064
6.41005;21629.3;218.485;21847.8;1024;16.4709;1.89064
6.42005;21629.3;218.485;21847.8;1024;15.6946;1.89064
6.43005;21629.3;218.485;21847.8;1024;16.4755;1.89064
6.44005;21629.3;218.485;21847.8;1024;18.3268;1.89064
6.45005;21629.3;218.485;21847.8;1024;18.78;1.89064
6.46005;21629.3;218.485;21847.8;1024;17.3886;1.89064
6.47005;21629.3;218.485;21847.8;1024;17.4371;1.89064
6.48005;21629.3;218.485;21847.8;1024;17.6476;1.89064
6.49005;21629.3;218.485;21847.8;1024;18.2433;1.89064
6.50005;21629.3;218.485;21847.8;1024;17.9492;1.89064
6.51005;21629.3;218.485;21847.8;1024;16.6609;1.89064
6.52005;21629.3;218.485;21847.8;1024;16.1462;1.89064
6.53005;21629.3;218.485;21847.8;1024;16.6986;1.89064
6.54005;21629.3;218.485;21847.8;1024;17.2772;1.89064
6.55006;21629.3;218.485;21847.8;1024;17.2669;1.89064
6.56006;21629.3;218.485;21847.8;1024;17.0487;1.89064
6.57006;21629.3;218.485;21847.8;1024;16.5699;1.89064
6.58006;21629.3;218.485;21847.8;1024;16.2412;1.89064
6.59006;21629.3;218.485;21847.8;1024;16.9862;1.89064
6.60006;21629.3;218.485;21847.8;1024;17.3502;1.89064
6.61006;21629.3;218.485;21847.8;1024;16.7671;1.89064
6.62006;21629.3;218.485;21847.8;1024;17.3139;1.89064
6.63006;21629.3;218.485;21847.8;1024;16.8171;1.89064
6.64006;21629.3;218.485;21847.8;1024;16.6964;1.89064
6.65006;21629.3;218.485;21847.8;1024;17.0626;1.89064
6.66006;21629.3;218.485;21847.8;1024;17.8292;1.89064
6.67006;21629.3;218.485;21847.8;1024;18.2428;1.89064
6.68006;21629.3;218.485;21847.8;1024;16.8302;1.89064
6.69006;21629.3;218.485;21847.8;1024;16.9242;1.89064
6.70006;21629.3;218.485;21847.8;1024;17.1784;1.89064
6.71006;21629.3;218.485;21847.8;1024;17.6546;1.89064
6.72006;21629.3;218.485;21847.8;1024;17.8627;1.89064
6.73006;21629.3;218.485;21847.8;1024;16.4443;1.89064
6.74006;21629.3;218.485;21847.8;1024;16.1666;1.89064
6.75006;21629.3;218.485;21847.8;1024;17.3011;1.89064
6.76006;21629.3;218.485;21847.8;1024;18.3622;1.89064
6.77006;21629.3;218.485;21847.8;1024;17.3158;1.89064
6.78006;21629.3;218.485;21847.8;1024;16.3907;1.89064
6.79006;21629.3;218.485;21847.8;1024;16.5822;1.89064
6.80006;21629.3;218.485;21847.8;1024;15.8314;1.89064
6.81006;21629.3;218.485;21847.8;1024;16.4702;1.89064
6.82006;21629.3;218.485;21847.8;1024;18.5574;1.89064
6.83006;21629.3;218.485;21847.8;1024;18.8472;1.89064
6.84006;21629.3;218.485;21847.8;1024;17.4958;1.89064
6.85006;21629.3;218.485;21847.8;1024;17.7028;1.89064
6.86006;21629.3;218.485;21847.8;1024;17.8309;1.89064
6.87006;21629.3;218.485;21847.8;1024;18.1939;1.89064
6.88006;21629.3;218.485;21847.8;1024;18.2079;1.89064
6.89006;21629.3;218.485;21847.8;1024;16.7146;1.89064
6.90006;21629.3;218.485;21847.8;1024;16.3809;1.89064
6.91006;21629.3;218.485;21847.8;1024;16.6733;1.89064
6.92006;21629.3;218.485;21847.8;1024;17.8271;1.89064
6.93006;21629.3;218.485;21847.8;1024;17.4925;1.89064
6.94006;21629.3;218.485;21847.8;1024;16.6679;1.89064
6.95006;21629.3;218.485;21847.8;1024;16.6355;1.89064
6.96006;21629.3;218.485;21847.8;1024;15.9895;1.89064
6.97006;21629.3;218.485;21847.8;1024;16.8286;1.89064
6.98006;21629.3;218.485;21847.8;1024;18.7;1.89064
6.99007;21629.3;218.485;21847.8;1024;18.8923;1.89064
7.00007;21629.3;218.485;21847.8;1024;17.5517;1.89064
7.01007;21629.3;218.485;21847.8;1024;17.6765;1.89064
7.02007;21629.3;218.485;21847.8;1024;17.8819;1.89064
7.03007;21629.3;218.485;21847.8;1024;17.8415;1.89064
7.04007;21629.3;218.485;21847.8;1024;17.7428;1.89064
7.05007;21629.3;218.485;21847.8;1024;16.4069;1.89064
7.06007;21629.3;218.485;21847.8;1024;16.2613;1.89064
7.07007;21629.3;218.485;21847.8;1024;16.4945;1.89064
7.08007;21629.3;218.485;21847.8;1024;17.4103;1.89064
7.09007;21629.3;218.485;21847.8;1024;17.4074;1.89064
7.10007;21629.3;218.485;21847.8;1024;17.4459;1.89064
7.11007;21629.3;218.485;21847.8;1024;17.1987;1.89064
7.12007;21629.3;218.485;21847.8;1024;16.7283;1.89064
7.13007;21629.3;218.485;21847.8;1024;17.4776;1.89064
7.14007;21629.3;218.485;21847.8;1024;18.6432;1.89064
7.15007;21629.3;218.485;21847.8;1024;18.6914;1.89064
7.16007;21629.3;218.485;21847.8;1024;17.5268;1.89064
7.17007;21629.3;218.485;21847.8;1024;17.1025;1.89064
7.18007;21629.3;218.485;21847.8;1024;17.3851;1.89064
7.19007;21629.3;218.485;21847.8;1024;17.6567;1.89064
7.20007;21629.3;218.485;21847.8;1024;17.6143;1.89064
7.21007;21629.3;218.485;21847.8;1024;16.3733;1.89064
7.22007;21629.3;218.485;21847.8;1024;16.0103;1.89064
7.23007;21629.3;218.485;21847.8;1024;16.4287;1.89064
7.24007;21629.3;218.485;21847.8;1024;17.2122;1.89064
7.25007;21629.3;218.485;21847.8;1024;17.611;1.89064
7.26007;21629.3;218.485;21847.8;1024;18.6364;1.89064
7.27007;21629.3;218.485;21847.8;1024;17.9034;1.89064
7.28007;21629.3;218.485;21847.8;1024;17.3931;1.89064
7.29007;21629.3;218.485;21847.8;1024;18.3573;1.89064
7.30007;21629.3;218.485;21847.8;1024;18.8373;1.89064
7.31007;21629.3;218.485;21847.8;1024;17.905;1.89064
7.32007;21629.3;218.485;21847.8;1024;16.7141;1.89064
7.33007;21629.3;218.485;21847.8;1024;16.3057;1.89064
7.34007;21629.3;218.485;21847.8;1024;16.9757;1.89064
7.35007;21629.3;218.485;21847.8;1024;17.807;1.89064
7.36007;21629.3;218.485;21847.8;1024;17.566;1.89064
7.37007;21629.3;218.485;21847.8;1024;16.5089;1.89064
7.38007;21629.3;218.485;21847.8;1024;16.1451;1.89064
7.39007;21629.3;218.485;21847.8;1024;16.8203;1.89064
7.40007;21629.3;218.485;21847.8;1024;17.76;1.89064
7.41007;21629.3;218.485;21847.8;1024;17.5739;1.89064
7.42007;21629.3;218.485;21847.8;1024;16.8119;1.89064
7.43008;21629.3;218.485;21847.8;1024;16.5097;1.89064
7.44008;21629.3;218.485;21847.8;1024;16.1427;1.89064
7.45008;21629.3;218.485;21847.8;1024;16.8676;1.89064
7.46008;21629.3;218.485;21847.8;1024;16.9431;1.89064
7.47008;21629.3;218.485;21847.8;1024;16.4991;1.89064
7.48008;21629.3;218.485;21847.8;1024;17.5376;1.89064
7.49008;21629.3;218.485;21847.8;1024;16.9296;1.89064
7.50008;21629.3;218.485;21847.8;1024;17.2079;1.89064
7.51008;21629.3;218.485;21847.8;1024;17.5062;1.89064
7.52008;21629.3;218.485;21847.8;1024;17.9127;1.89064
7.53008;21629.3;218.485;21847.8;1024;18.4334;1.89064
7.54008;21629.3;218.485;21847.8;1024;17.1886;1.89064
7.55008;21629.3;218.485;21847.8;1024;17.7006;1.89064
7.56008;21629.3;218.485;21847.8;1024;17.7054;1.89064
7.57008;21629.3;218.485;21847.8;1024;17.8521;1.89064
7.58008;21629.3;218.485;21847.8;1024;17.9402;1.89064
7.59008;21629.3;218.485;21847.8;1024;16.6085;1.89064
7.60008;21629.3;218.485;21847.8;1024;16.0529;1.89064
7.61008;21629.3;218.485;21847.8;1024;16.6174;1.89064
7.62008;21629.3;218.485;21847.8;1024;17.3419;1.89064
7.63008;21629.3;218.485;21847.8;1024;17.664;1.89064
7.64008;21629.3;218.485;21847.8;1024;18.7326;1.89064
7.65008;21629.3;218.485;21847.8;1024;18.141;1.89064
7.66008;21629.3;218.485;21847.8;1024;17.8524;1.89064
7.67008;21629.3;218.485;21847.8;1024;18.6592;1.89064
7.68008;21629.3;218.485;21847.8;1024;18.692;1.89064
7.69008;21629.3;218.485;21847.8;1024;17.6092;1.89064
7.70008;21629.3;218.485;21847.8;1024;16.7554;1.89064
7.71008;21629.3;218.485;21847.8;1024;16.2103;1.89064
7.72008;21629.3;218.485;21847.8;1024;16.8903;1.89064
7.73008;21629.3;218.485;21847.8;1024;18.0044;1.89064
7.74008;21629.3;218.485;21847.8;1024;17.7786;1.89064
7.75008;21629.3;218.485;21847.8;1024;16.688;1.89064
7.76008;21629.3;218.485;21847.8;1024;16.3896;1.89064
7.77008;21629.3;218.485;21847.8;1024;16.7267;1.89064
7.78008;21629.3;218.485;21847.8;1024;17.0519;1.89064
7.79008;21629.3;218.485;21847.8;1024;17.6246;1.89064
7.80008;21629.3;218.485;21847.8;1024;18.4567;1.89064
7.81008;21629.3;218.485;21847.8;1024;17.8295;1.89064
7.82008;21629.3;218.485;21847.8;1024;17.5157;1.89064
7.83008;21629.3;218.485;21847.8;1024;18.4773;1.89064
7.84008;21629.3;218.485;21847.8;1024;18.4706;1.89064
7.85008;21629.3;218.485;21847.8;1024;17.3367;1.89064
7.86009;21629.3;218.485;21847.8;1024;16.5617;1.89064
7.87009;21629.3;218.485;21847.8;1024;15.9675;1.89064
7.88009;21629.3;218.485;21847.8;1024;16.5743;1.89064
7.89009;21629.3;218.485;21847.8;1024;18.3605;1.89064
7.90009;21629.3;218.485;21847.8;1024;18.1131;1.89064
7.91009;21629.3;218.485;21847.8;1024;16.8857;1.89064
7.92009;21629.3;218.485;21847.8;1024;16.3956;1.89064
7.93009;21629.3;218.485;21847.8;1024;16.9698;1.89064
7.94009;21629.3;218.485;21847.8;1024;17.6145;1.89064
7.95009;21629.3;218.485;21847.8;1024;17.8025;1.89064
7.96009;21629.3;218.485;21847.8;1024;17.3802;1.89064
7.97009;21629.3;218.485;21847.8;1024;17.0301;1.89064
7.98009;21629.3;218.485;21847.8;1024;16.9982;1.89064
7.99009;21629.3;218.485;21847.8;1024;18.0615;1.89064
8.00009;21629.3;218.485;21847.8;1024;17.9235;1.89064
8.01009;21629.3;218.485;21847.8;1024;17.1529;1.89064
8.02009;21629.3;218.485;21847.8;1024;16.4582;1.89064
8.03009;21629.3;218.485;21847.8;1024;15.992;1.89064
8.04009;21629.3;218.485;21847.8;1024;16.0468;1.89064
8.05009;21629.3;218.485;21847.8;1024;17.8317;1.89064
8.06009;21629.3;218.485;21847.8;1024;17.9814;1.89064
8.07009;21629.3;218.485;21847.8;1024;16.8718;1.89064
8.08009;21629.3;218.485;21847.8;1024;16.5675;1.89064
8.09009;21629.3;218.485;21847.8;1024;17.0673;1.89064
8.10009;21629.3;218.485;21847.8;1024;17.8454;1.89064
8.11009;21629.3;218.485;21847.8;1024;18.0229;1.89064
8.12009;21629.3;218.485;21847.8;1024;17.7063;1.89064
8.13009;21629.3;218.485;21847.8;1024;17.2363;1.89064
8.14009;21629.3;218.485;21847.8;1024;17.1078;1.89064
8.15009;21629.3;218.485;21847.8;1024;17.9645;1.89064
8.16009;21629.3;218.485;21847.8;1024;18.1894;1.89064
8.17009;21629.3;218.485;21847.8;1024;18.0347;1.89064
8.18009;21629.3;218.485;21847.8;1024;17.241;1.89064
8.19009;21629.3;218.485;21847.8;1024;16.8899;1.89064
8.20009;21629.3;218.485;21847.8;1024;16.593;1.89064
8.21009;21629.3;218.485;21847.8;1024;18.0285;1.89064
8.22009;21629.3;218.485;21847.8;1024;18.2491;1.89064
8.23009;21629.3;218.485;21847.8;1024;17.1464;1.89064
8.24009;21629.3;218.485;21847.8;1024;16.6968;1.89064
8.25009;21629.3;218.485;21847.8;1024;17.2805;1.89064
8.26009;21629.3;218.485;21847.8;1024;18.7268;1.89064
8.27009;21629.3;218.485;21847.8;1024;18.6374;1.89064
8.28009;21629.3;218.485;21847.8;1024;17.3881;1.89064
8.29009;21629.3;218.485;21847.8;1024;17.0556;1.89064
8.30009;21629.3;218.485;21847.8;1024;16.8402;1.89064
8.31009;21629.3;218.485;21847.8;1024;18.4167;1.89064
8.3201;21629.3;218.485;21847.8;1024;18.4457;1.89064
8.3301;21629.3;218.485;21847.8;1024;17.0759;1.89064
8.3401;21629.3;218.485;21847.8;1024;18.5523;1.89064
8.3501;21629.3;218.485;21847.8;1024;18.085;1.89064
8.3601;21629.3;218.485;21847.8;1024;18.1922;1.89064
8.3701;21629.3;218.485;21847.8;1024;18.3291;1.89064
8.3801;21629.3;218.485;21847.8;1024;18.7058;1.89064
8.3901;21629.3;218.485;21847.8;1024;19.8696;1.89064
8.4001;21629.3;218.485;21847.8;1024;18.5376;1.89064
8.4101;21629.3;218.485;21847.8;1024;18.4034;1.89064
8.4201;21629.3;218.485;21847.8;1024;18.3936;1.89064
8.4301;21629.3;218.485;21847.8;1024;18.7556;1.89064
8.4401;21629.3;218.485;21847.8;1024;18.5597;1.89064
8.4501;21629.3;218.485;21847.8;1024;17.3429;1.89064
8.4601;21629.3;218.485;21847.8;1024;16.8394;1.89064
8.4701;21629.3;218.485;21847.8;1024;17.3469;1.89064
8.4801;21629.3;218.485;21847.8;1024;17.7965;1.89064
8.4901;21629.3;218.485;21847.8;1024;17.9738;1.89064
8.5001;21629.3;218.485;21847.8;1024;17.6278;1.89064
8.5101;21629.3;218.485;21847.8;1024;17.0984;1.89064
8.5201;21629.3;218.485;21847.8;1024;16.9896;1.89064
8.5301;21629.3;218.485;21847.8;1024;17.8869;1.89064
8.5401;21629.3;218.485;21847.8;1024;18.3185;1.89064
8.5501;21629.3;218.485;21847.8;1024;18.8955;1.89064
8.5601;21629.3;218.485;21847.8;1024;18.0032;1.89064
8.5701;21629.3;218.485;21847.8;1024;17.6151;1.89064
8.5801;21629.3;218.485;21847.8;1024;17.4006;1.89064
8.5901;21629.3;218.485;21847.8;1024;18.4219;1.89064
8.6001;21629.3;218.485;21847.8;1024;18.5682;1.89064
8.6101;21629.3;218.485;21847.8;1024;17.2757;1.89064
8.6201;21629.3;218.485;21847.8;1024;16.7664;1.89064
8.6301;21629.3;218.485;21847.8;1024;17.5523;1.89064
8.6401;21629.3;218.485;21847.8;1024;18.6923;1.89064
8.6501;21629.3;218.485;21847.8;1024;18.4804;1.89064
8.6601;21629.3;218.485;21847.8;1024;17.809;1.89064
8.6701;21629.3;218.485;21847.8;1024;17.4481;1.89064
8.6801;21629.3;218.485;21847.8;1024;17.3871;1.89064
8.6901;21629.3;218.485;21847.8;1024;17.7609;1.89064
8.7001;21629.3;218.485;21847.8;1024;18.2316;1.89064
8.7101;21629.3;218.485;21847.8;1024;19.2571;1.89064
8.7201;21629.3;218.485;21847.8;1024;18.8152;1.89064
8.7301;21629.3;218.485;21847.8;1024;18.4643;1.89064
8.7401;21629.3;218.485;21847.8;1024;17.8766;1.89064
8.7501;21629.3;218.485;21847.8;1024;18.2795;1.89064
8.76011;21629.3;218.485;21847.8;1024;18.7073;1.89064
8.77011;21629.3;218.485;21847.8;1024;17.6928;1.89064
8.78011;21629.3;218.485;21847.8;1024;17.0232;1.89064
8.79011;21629.3;218.485;21847.8;1024;17.6505;1.89064
8.80011;21629.3;218.485;21847.8;1024;18.8541;1.89064
8.81011;21629.3;218.485;21847.8;1024;18.744;1.89064
8.82011;21629.3;218.485;21847.8;1024;17.9617;1.89064
8.83011;21629.3;218.485;21847.8;1024;17.4244;1.89064
8.84011;21629.3;218.485;21847.8;1024;17.0678;1.89064
8.85011;21629.3;218.485;21847.8;1024;17.3948;1.89064
8.86011;21629.3;218.485;21847.8;1024;18.1018;1.89064
8.87011;21629.3;218.485;21847.8;1024;18.4147;1.89064
8.88011;21629.3;218.485;21847.8;1024;18.2758;1.89064
8.89011;21629.3;218.485;21847.8;1024;18.1796;1.89064
8.90011;21629.3;218.485;21847.8;1024;17.6298;1.89064
8.91011;21629.3;218.485;21847.8;1024;17.7504;1.89064
8.92011;21629.3;218.485;21847.8;1024;18.3734;1.89064
8.93011;21629.3;218.485;21847.8;1024;17.3229;1.89064
8.94011;21629.3;218.485;21847.8;1024;16.4724;1.89064
8.95011;21629.3;218.485;21847.8;1024;16.8997;1.89064
8.96011;21629.3;218.485;21847.8;1024;18.6498;1.89064
8.97011;21629.3;218.485;21847.8;1024;18.5206;1.89064
8.98011;21629.3;218.485;21847.8;1024;17.419;1.89064
8.99011;21629.3;218.485;21847.8;1024;17.1472;1.89064
9.00011;21629.3;218.485;21847.8;1024;16.9164;1.89064
9.01011;21629.3;218.485;21847.8;1024;17.4977;1.89064
9.02011;21629.3;218.485;21847.8;1024;17.9992;1.89064
9.03011;21629.3;218.485;21847.8;1024;17.3206;1.89064
9.04011;21629.3;218.485;21847.8;1024;17.6928;1.89064
9.05011;21629.3;218.485;21847.8;1024;17.8322;1.89064
9.06011;21629.3;218.485;21847.8;1024;17.3463;1.89064
9.07011;21629.3;218.485;21847.8;1024;17.393;1.89064
9.08011;21629.3;218.485;21847.8;1024;18.0548;1.89064
9.09011;21629.3;218.485;21847.8;1024;17.1467;1.89064
9.10011;21629.3;218.485;21847.8;1024;16.4085;1.89064
9.11011;21629.3;218.485;21847.8;1024;16.5468;1.89064
9.12011;21629.3;218.485;21847.8;1024;18.3295;1.89064
9.13011;21629.3;218.485;21847.8;1024;18.4735;1.89064
9.14011;21629.3;218.485;21847.8;1024;17.4283;1.89064
9.15011;21629.3;218.485;21847.8;1024;17.0549;1.89064
9.16011;21629.3;218.485;21847.8;1024;16.831;1.89064
9.17011;21629.3;218.485;21847.8;1024;18.3111;1.89064
9.18011;21629.3;218.485;21847.8;1024;18.4285;1.89064
9.19011;21629.3;218.485;21847.8;1024;17.2423;1.89064
9.20012;21629.3;218.485;21847.8;1024;18.9708;1.89064
9.21012;21629.3;218.485;21847.8;1024;18.4385;1.89064
9.22012;21629.3;218.485;21847.8;1024;18.3663;1.89064
9.23012;21629.3;218.485;21847.8;1024;18.5687;1.89064
9.24012;21629.3;218.485;21847.8;1024;19.0116;1.89064
9.25012;21629.3;218.485;21847.8;1024;20.2696;1.89064
9.26012;21629.3;218.485;21847.8;1024;18.7809;1.89064
9.27012;21629.3;218.485;21847.8;1024;18.5814;1.89064
9.28012;21629.3;218.485;21847.8;1024;18.8566;1.89064
9.29012;21629.3;218.485;21847.8;1024;19.1138;1.89064
9.30012;21629.3;218.485;21847.8;1024;18.8008;1.89064
9.31012;21629.3;218.485;21847.8;1024;17.5302;1.89064
9.32012;21629.3;218.485;21847.8;1024;17.2022;1.89064
9.33012;21629.3;218.485;21847.8;1024;17.7524;1.89064
9.34012;21629.3;218.485;21847.8;1024;18.4911;1.89064
9.35012;21629.3;218.485;21847.8;1024;18.5147;1.89064
9.36012;21629.3;218.485;21847.8;1024;17.9195;1.89064
9.37012;21629.3;218.485;21847.8;1024;17.4161;1.89064
9.38012;21629.3;218.485;21847.8;1024;16.9154;1.89064
9.39012;21629.3;218.485;21847.8;1024;17.2954;1.89064
9.40012;21629.3;218.485;21847.8;1024;17.7961;1.89064
9.41012;21629.3;218.485;21847.8;1024;17.1343;1.89064
9.42012;21629.3;218.485;21847.8;1024;17.7333;1.89064
9.43012;21629.3;218.485;21847.8;1024;17.984;1.89064
9.44012;21629.3;218.485;21847.8;1024;17.4305;1.89064
9.45012;21629.3;218.485;21847.8;1024;17.5705;1.89064
9.46012;21629.3;218.485;21847.8;1024;18.1993;1.89064
9.47012;21629.3;218.485;21847.8;1024;17.3336;1.89064
9.48012;21629.3;218.485;21847.8;1024;16.4669;1.89064
9.49012;21629.3;218.485;21847.8;1024;16.4823;1.89064
9.50012;21629.3;218.485;21847.8;1024;18.3639;1.89064
9.51012;21629.3;218.485;21847.8;1024;18.494;1.89064
9.52012;21629.3;218.485;21847.8;1024;17.4264;1.89064
9.53012;21629.3;218.485;21847.8;1024;17.2698;1.89064
9.54012;21629.3;218.485;21847.8;1024;17.0612;1.89064
9.55012;21629.3;218.485;21847.8;1024;17.6324;1.89064
9.56012;21629.3;218.485;21847.8;1024;17.801;1.89064
9.57012;21629.3;218.485;21847.8;1024;17.5068;1.89064
9.58012;21629.3;218.485;21847.8;1024;18.2325;1.89064
9.59012;21629.3;218.485;21847.8;1024;18.056;1.89064
9.60012;21629.3;218.485;21847.8;1024;17.2885;1.89064
9.61012;21629.3;218.485;21847.8;1024;17.7306;1.89064
9.62012;21629.3;218.485;21847.8;1024;18.4943;1.89064
9.63013;21629.3;218.485;21847.8;1024;17.7816;1.89064
9.64013;21629.3;218.485;21847.8;1024;16.6612;1.89064
9.65013;21629.3;218.485;21847.8;1024;16.5189;1.89064
9.66013;21629.3;218.485;21847.8;1024;18.5114;1.89064
9.67013;21629.3;218.485;21847.8;1024;18.853;1.89064
9.68013;21629.3;218.485;21847.8;1024;17.8985;1.89064
9.69013;21629.3;218.485;21847.8;1024;17.4189;1.89064
9.70013;21629.3;218.485;21847.8;1024;17.1247;1.89064
9.71013;21629.3;218.485;21847.8;1024;18.1885;1.89064
9.72013;21629.3;218.485;21847.8;1024;18.2952;1.89064
9.73013;21629.3;218.485;21847.8;1024;17.6478;1.89064
9.74013;21629.3;218.485;21847.8;1024;18.0268;1.89064
9.75013;21629.3;218.485;21847.8;1024;17.9302;1.89064
9.76013;21629.3;218.485;21847.8;1024;17.459;1.89064
9.77013;21629.3;218.485;21847.8;1024;18.1193;1.89064
9.78013;21629.3;218.485;21847.8;1024;18.7468;1.89064
9.79013;21629.3;218.485;21847.8;1024;18.2622;1.89064
9.80013;21629.3;218.485;21847.8;1024;17.1185;1.89064
9.81013;21629.3;218.485;21847.8;1024;16.9702;1.89064
9.82013;21629.3;218.485;21847.8;1024;18.6156;1.89064
9.83013;21629.3;218.485;21847.8;1024;18.8522;1.89064
9.84013;21629.3;218.485;21847.8;1024;17.8465;1.89064
9.85013;21629.3;218.485;21847.8;1024;17.271;1.89064
9.86013;21629.3;218.485;21847.8;1024;17.2173;1.89064
9.87013;21629.3;218.485;21847.8;1024;18.4159;1.89064
9.88013;21629.3;218.485;21847.8;1024;18.4153;1.89064
9.89013;21629.3;218.485;21847.8;1024;17.6866;1.89064
9.90013;21629.3;218.485;21847.8;1024;18.45;1.89064
9.91013;21629.3;218.485;21847.8;1024;18.089;1.89064
9.92013;21629.3;218.485;21847.8;1024;18.4712;1.89064
9.93013;21629.3;218.485;21847.8;1024;19.1284;1.89064
9.94013;21629.3;218.485;21847.8;1024;19.6862;1.89064
9.95013;21629.3;218.485;21847.8;1024;19.3879;1.89064
9.96013;21629.3;218.485;21847.8;1024;17.8966;1.89064
9.97013;21629.3;218.485;21847.8;1024;17.5118;1.89064
9.98013;21629.3;218.485;21847.8;1024;18.7513;1.89064
9.99013;21629.3;218.485;21847.8;1024;19.1751;1.89064
10.0001;21629.3;218.485;21847.8;1024;18.2382;1.89064
10.0101;21629.3;218.485;21847.8;1024;17.3832;1.89064
10.0201;21629.3;218.485;21847.8;1024;17.7169;1.89064
10.0301;21629.3;218.485;21847.8;1024;19.5488;1.89064
10.0401;21629.3;218.485;21847.8;1024;19.7189;1.89064
10.0501;21629.3;218.485;21847.8;1024;18.3358;1.89064
10.0601;21629.3;218.485;21847.8;1024;17.8374;1.89064
10.0701;21629.3;218.485;21847.8;1024;18.0276;1.89064
10.0801;21629.3;218.485;21847.8;1024;17.0722;1.89064
10.0901;21629.3;218.485;21847.8;1024;17.6582;1.89064
10.1001;21629.3;218.485;21847.8;1024;19.1648;1.89064
10.1101;21629.3;218.485;21847.8;1024;19.362;1.89064
10.1201;21629.3;218.485;21847.8;1024;18.2242;1.89064
10.1301;21629.3;218.485;21847.8;1024;17.3579;1.89064
10.1401;21629.3;218.485;21847.8;1024;17.7943;1.89064
10.1501;21629.3;218.485;21847.8;1024;19.0879;1.89064
10.1601;21629.3;218.485;21847.8;1024;18.9441;1.89064
10.1701;21629.3;218.485;21847.8;1024;17.8211;1.89064
10.1801;21629.3;218.485;21847.8;1024;17.5292;1.89064
10.1901;21629.3;218.485;21847.8;1024;17.9894;1.89064
10.2001;21629.3;218.485;21847.8;1024;19.1468;1.89064
10.2101;21629.3;218.485;21847.8;1024;19.105;1.89064
10.2201;21629.3;218.485;21847.8;1024;18.0988;1.89064
10.2301;21629.3;218.485;21847.8;1024;17.7199;1.89064
10.2401;21629.3;218.485;21847.8;1024;17.4928;1.89064
10.2501;21629.3;218.485;21847.8;1024;18.7868;1.89064
10.2601;21629.3;218.485;21847.8;1024;18.7799;1.89064
10.2701;21629.3;218.485;21847.8;1024;17.8048;1.89064
10.2801;21629.3;218.485;21847.8;1024;18.931;1.89064
10.2901;21629.3;218.485;21847.8;1024;18.471;1.89064
10.3001;21629.3;218.485;21847.8;1024;18.5448;1.89064
10.3101;21629.3;218.485;21847.8;1024;19.2075;1.89064
10.3201;21629.3;218.485;21847.8;1024;19.9029;1.89064
10.3301;21629.3;218.485;21847.8;1024;19.7733;1.89064
10.3401;21629.3;218.485;21847.8;1024;18.189;1.89064
10.3501;21629.3;218.485;21847.8;1024;17.6483;1.89064
10.3601;21629.3;218.485;21847.8;1024;18.6768;1.89064
10.3701;21629.3;218.485;21847.8;1024;19.1709;1.89064
10.3801;21629.3;218.485;21847.8;1024;18.2767;1.89064
10.3901;21629.3;218.485;21847.8;1024;17.353;1.89064
10.4001;21629.3;218.485;21847.8;1024;17.6301;1.89064
10.4101;21629.3;218.485;21847.8;1024;19.3354;1.89064
10.4201;21629.3;218.485;21847.8;1024;19.2906;1.89064
10.4301;21629.3;218.485;21847.8;1024;18.026;1.89064
10.4401;21629.3;218.485;21847.8;1024;19.62;1.89064
10.4501;21629.3;218.485;21847.8;1024;19.0821;1.89064
10.4601;21629.3;218.485;21847.8;1024;19.3673;1.89064
10.4701;21629.3;218.485;21847.8;1024;19.6089;1.89064
10.4801;21629.3;218.485;21847.8;1024;19.5063;1.89064
10.4901;21629.3;218.485;21847.8;1024;19.8123;1.89064
10.5001;21629.3;218.485;21847.8;1024;18.272;1.89064
10.5101;21629.3;218.485;21847.8;1024;17.5212;1.89064
10.5201;21629.3;218.485;21847.8;1024;18.0173;1.89064
10.5301;21629.3;218.485;21847.8;1024;18.5941;1.89064
10.5401;21629.3;218.485;21847.8;1024;17.968;1.89064
10.5501;21629.3;218.485;21847.8;1024;17.0123;1.89064
10.5601;21629.3;218.485;21847.8;1024;17.3431;1.89064
10.5701;21629.3;218.485;21847.8;1024;19.2182;1.89064
10.5801;21629.3;218.485;21847.8;1024;19.4206;1.89064
10.5901;21629.3;218.485;21847.8;1024;18.095;1.89064
10.6001;21629.3;218.485;21847.8;1024;19.0056;1.89064
10.6101;21629.3;218.485;21847.8;1024;18.4497;1.89064
10.6201;21629.3;218.485;21847.8;1024;18.764;1.89064
10.6301;21629.3;218.485;21847.8;1024;19.0131;1.89064
10.6401;21629.3;218.485;21847.8;1024;19.1213;1.89064
10.6501;21629.3;218.485;21847.8;1024;19.292;1.89064
10.6601;21629.3;218.485;21847.8;1024;17.973;1.89064
10.6701;21629.3;218.485;21847.8;1024;17.3258;1.89064
10.6801;21629.3;218.485;21847.8;1024;17.5252;1.89064
10.6901;21629.3;218.485;21847.8;1024;18.1015;1.89064
10.7001;21629.3;218.485;21847.8;1024;17.9754;1.89064
10.7101;21629.3;218.485;21847.8;1024;16.9348;1.89064
10.7201;21629.3;218.485;21847.8;1024;17.1266;1.89064
10.7302;21629.3;218.485;21847.8;1024;19.1674;1.89064
10.7402;21629.3;218.485;21847.8;1024;19.495;1.89064
10.7502;21629.3;218.485;21847.8;1024;18.1187;1.89064
10.7602;21629.3;218.485;21847.8;1024;18.0083;1.89064
10.7702;21629.3;218.485;21847.8;1024;17.9125;1.89064
10.7802;21629.3;218.485;21847.8;1024;17.4255;1.89064
10.7902;21629.3;218.485;21847.8;1024;17.6904;1.89064
10.8002;21629.3;218.485;21847.8;1024;18.02;1.89064
10.8102;21629.3;218.485;21847.8;1024;18.6189;1.89064
10.8202;21629.3;218.485;21847.8;1024;17.7416;1.89064
10.8302;21629.3;218.485;21847.8;1024;17.9727;1.89064
10.8402;21629.3;218.485;21847.8;1024;17.8625;1.89064
10.8502;21629.3;218.485;21847.8;1024;18.5879;1.89064
10.8602;21629.3;218.485;21847.8;1024;18.7464;1.89064
10.8702;21629.3;218.485;21847.8;1024;17.4906;1.89064
10.8802;21629.3;218.485;21847.8;1024;17.4429;1.89064
10.8902;21629.3;218.485;21847.8;1024;18.5345;1.89064
10.9002;21629.3;218.485;21847.8;1024;19.1716;1.89064
10.9102;21629.3;218.485;21847.8;1024;18.0395;1.89064
10.9202;21629.3;218.485;21847.8;1024;17.5928;1.89064
10.9302;21629.3;218.485;21847.8;1024;17.9906;1.89064
10.9402;21629.3;218.485;21847.8;1024;17.0335;1.89064
10.9502;21629.3;218.485;21847.8;1024;17.8352;1.89064
10.9602;21629.3;218.485;21847.8;1024;19.3254;1.89064
10.9702;21629.3;218.485;21847.8;1024;18.594;1.89064
10.9802;21629.3;218.485;21847.8;1024;17.5924;1.89064
10.9902;21629.3;218.485;21847.8;1024;16.9103;1.89064
11.0002;21629.3;218.485;21847.8;1024;17.4309;1.89064
11.0102;21629.3;218.485;21847.8;1024;18.7928;1.89064
11.0202;21629.3;218.485;21847.8;1024;18.704;1.89064
11.0302;21629.3;218.485;21847.8;1024;17.6206;1.89064
11.0402;21629.3;218.485;21847.8;1024;17.3392;1.89064
11.0502;21629.3;218.485;21847.8;1024;17.8482;1.89064
11.0602;21629.3;218.485;21847.8;1024;19.2142;1.89064
11.0702;21629.3;218.485;21847.8;1024;19.1671;1.89064
11.0802;21629.3;218.485;21847.8;1024;18.0774;1.89064
11.0902;21629.3;218.485;21847.8;1024;17.6785;1.89064
11.1002;21629.3;218.485;21847.8;1024;17.6665;1.89064
11.1102;21629.3;218.485;21847.8;1024;19.2382;1.89064
11.1202;21629.3;218.485;21847.8;1024;19.1405;1.89064
11.1302;21629.3;218.485;21847.8;1024;17.8047;1.89064
11.1402;21629.3;218.485;21847.8;1024;19.5975;1.89064
11.1502;21629.3;218.485;21847.8;1024;19.3423;1.89064
11.1602;21629.3;218.485;21847.8;1024;18.8431;1.89064
11.1702;21629.3;218.485;21847.8;1024;18.8348;1.89064
11.1802;21629.3;218.485;21847.8;1024;18.8352;1.89064
11.1902;21629.3;218.485;21847.8;1024;19.286;1.89064
11.2002;21629.3;218.485;21847.8;1024;18.216;1.89064
11.2102;21629.3;218.485;21847.8;1024;18.1319;1.89064
11.2202;21629.3;218.485;21847.8;1024;18.1134;1.89064
11.2302;21629.3;218.485;21847.8;1024;18.7522;1.89064
11.2402;21629.3;218.485;21847.8;1024;19.0315;1.89064
11.2502;21629.3;218.485;21847.8;1024;17.7433;1.89064
11.2602;21629.3;218.485;21847.8;1024;17.5173;1.89064
11.2702;21629.3;218.485;21847.8;1024;19.1098;1.89064
11.2802;21629.3;218.485;21847.8;1024;19.754;1.89064
11.2902;21629.3;218.485;21847.8;1024;18.4924;1.89064
11.3002;21629.3;218.485;21847.8;1024;18.05;1.89064
11.3102;21629.3;218.485;21847.8;1024;18.187;1.89064
11.3202;21629.3;218.485;21847.8;1024;17.2512;1.89064
11.3302;21629.3;218.485;21847.8;1024;17.5928;1.89064
11.3402;21629.3;218.485;21847.8;1024;18.9435;1.89064
11.3502;21629.3;218.485;21847.8;1024;20.0147;1.89064
11.3602;21629.3;218.485;21847.8;1024;18.8215;1.89064
11.3702;21629.3;218.485;21847.8;1024;19.0618;1.89064
11.3802;21629.3;218.485;21847.8;1024;19.0101;1.89064
11.3902;21629.3;218.485;21847.8;1024;19.5885;1.89064
11.4002;21629.3;218.485;21847.8;1024;19.7372;1.89064
11.4102;21629.3;218.485;21847.8;1024;18.2791;1.89064
11.4202;21629.3;218.485;21847.8;1024;17.9885;1.89064
11.4302;21629.3;218.485;21847.8;1024;18.9613;1.89064
11.4402;21629.3;218.485;21847.8;1024;19.6626;1.89064
11.4502;21629.3;218.485;21847.8;1024;18.7269;1.89064
11.4602;21629.3;218.485;21847.8;1024;19.05;1.89064
11.4702;21629.3;218.485;21847.8;1024;19.2267;1.89064
11.4802;21629.3;218.485;21847.8;1024;18.1363;1.89064
11.4902;21629.3;218.485;21847.8;1024;18.6261;1.89064
11.5002;21629.3;218.485;21847.8;1024;20.2052;1.89064
11.5102;21629.3;218.485;21847.8;1024;21.3067;1.89064
11.5202;21629.3;218.485;21847.8;1024;19.7712;1.89064
11.5302;21629.3;218.485;21847.8;1024;19.5424;1.89064
11.5402;21629.3;218.485;21847.8;1024;19.5482;1.89064
11.5502;21629.3;218.485;21847.8;1024;19.3916;1.89064
11.5602;21629.3;218.485;21847.8;1024;19.6328;1.89064
11.5702;21629.3;218.485;21847.8;1024;18.3008;1.89064
11.5802;21629.3;218.485;21847.8;1024;17.9132;1.89064
11.5902;21629.3;218.485;21847.8;1024;18.2584;1.89064
11.6002;21629.3;218.485;21847.8;1024;19.1327;1.89064
11.6102;21629.3;218.485;21847.8;1024;18.6301;1.89064
11.6202;21629.3;218.485;21847.8;1024;19.6679;1.89064
11.6302;21629.3;218.485;21847.8;1024;19.6153;1.89064
11.6402;21629.3;218.485;21847.8;1024;18.6318;1.89064
11.6502;21629.3;218.485;21847.8;1024;19.1134;1.89064
11.6602;21629.3;218.485;21847.8;1024;20.4835;1.89064
11.6702;21629.3;218.485;21847.8;1024;20.5193;1.89064
11.6802;21629.3;218.485;21847.8;1024;19.1058;1.89064
11.6902;21629.3;218.485;21847.8;1024;18.7115;1.89064
11.7002;21629.3;218.485;21847.8;1024;19.0039;1.89064
11.7102;21629.3;218.485;21847.8;1024;18.8205;1.89064
11.7202;21629.3;218.485;21847.8;1024;19.0142;1.89064
11.7302;21629.3;218.485;21847.8;1024;17.9214;1.89064
11.7402;21629.3;218.485;21847.8;1024;17.6356;1.89064
11.7502;21629.3;218.485;21847.8;1024;17.9471;1.89064
11.7602;21629.3;218.485;21847.8;1024;18.7591;1.89064
11.7702;21629.3;218.485;21847.8;1024;18.5211;1.89064
11.7802;21629.3;218.485;21847.8;1024;19.5847;1.89064
11.7902;21629.3;218.485;21847.8;1024;19.2979;1.89064
11.8002;21629.3;218.485;21847.8;1024;18.7018;1.89064
11.8102;21629.3;218.485;21847.8;1024;19.4577;1.89064
11.8202;21629.3;218.485;21847.8;1024;19.5539;1.89064
11.8302;21629.3;218.485;21847.8;1024;20.2949;1.89064
11.8402;21629.3;218.485;21847.8;1024;19.401;1.89064
11.8502;21629.3;218.485;21847.8;1024;18.9831;1.89064
11.8602;21629.3;218.485;21847.8;1024;18.7374;1.89064
11.8702;21629.3;218.485;21847.8;1024;18.8359;1.89064
11.8802;21629.3;218.485;21847.8;1024;19.0845;1.89064
11.8902;21629.3;218.485;21847.8;1024;18.0564;1.89064
11.9002;21629.3;218.485;21847.8;1024;17.3211;1.89064
11.9102;21629.3;218.485;21847.8;1024;17.4244;1.89064
11.9202;21629.3;218.485;21847.8;1024;19.1873;1.89064
11.9302;21629.3;218.485;21847.8;1024;19.5001;1.89064
11.9402;21629.3;218.485;21847.8;1024;18.5491;1.89064
11.9502;21629.3;218.485;21847.8;1024;17.663;1.89064
11.9602;21629.3;218.485;21847.8;1024;18.123;1.89064
11.9702;21629.3;218.485;21847.8;1024;19.9832;1.89064
11.9802;21629.3;218.485;21847.8;1024;20.1623;1.89064
11.9902;21629.3;218.485;21847.8;1024;18.8515;1.89064
12.0002;21629.3;218.485;21847.8;1024;18.5342;1.89064
12.0102;21629.3;218.485;21847.8;1024;18.7769;1.89064
12.0202;21629.3;218.485;21847.8;1024;17.7979;1.89064
12.0302;21629.3;218.485;21847.8;1024;18.5279;1.89064
12.0402;21629.3;218.485;21847.8;1024;19.522;1.89064
12.0502;21629.3;218.485;21847.8;1024;20.2678;1.89064
12.0602;21629.3;218.485;21847.8;1024;18.9532;1.89064
12.0702;21629.3;218.485;21847.8;1024;18.3161;1.89064
12.0802;21629.3;218.485;21847.8;1024;18.7362;1.89064
12.0902;21629.3;218.485;21847.8;1024;18.6685;1.89064
12.1002;21629.3;218.485;21847.8;1024;18.8839;1.89064
12.1102;21629.3;218.485;21847.8;1024;17.9029;1.89064
12.1202;21629.3;218.485;21847.8;1024;17.5553;1.89064
12.1302;21629.3;218.485;21847.8;1024;17.8128;1.89064
12.1402;21629.3;218.485;21847.8;1024;18.4989;1.89064
12.1502;21629.3;218.485;21847.8;1024;18.5457;1.89064
12.1602;21629.3;218.485;21847.8;1024;18.7956;1.89064
12.1702;21629.3;218.485;21847.8;1024;18.5725;1.89064
12.1802;21629.3;218.485;21847.8;1024;18.4154;1.89064
12.1902;21629.3;218.485;21847.8;1024;19.161;1.89064
12.2002;21629.3;218.485;21847.8;1024;19.5847;1.89064
12.2102;21629.3;218.485;21847.8;1024;18.992;1.89064
12.2202;21629.3;218.485;21847.8;1024;17.9555;1.89064
12.2302;21629.3;218.485;21847.8;1024;17.2896;1.89064
12.2402;21629.3;218.485;21847.8;1024;17.9827;1.89064
12.2502;21629.3;218.485;21847.8;1024;18.4884;1.89064
12.2602;21629.3;218.485;21847.8;1024;18.5937;1.89064
12.2702;21629.3;218.485;21847.8;1024;17.8011;1.89064
12.2802;21629.3;218.485;21847.8;1024;17.5928;1.89064
12.2902;21629.3;218.485;21847.8;1024;17.8323;1.89064
12.3002;21629.3;218.485;21847.8;1024;18.2518;1.89064
12.3102;21629.3;218.485;21847.8;1024;18.7063;1.89064
12.3202;21629.3;218.485;21847.8;1024;18.508;1.89064
12.3302;21629.3;218.485;21847.8;1024;18.1734;1.89064
12.3402;21629.3;218.485;21847.8;1024;18.2509;1.89064
12.3502;21629.3;218.485;21847.8;1024;19.1122;1.89064
12.3602;21629.3;218.485;21847.8;1024;19.2446;1.89064
12.3702;21629.3;218.485;21847.8;1024;18.9859;1.89064
12.3802;21629.3;218.485;21847.8;1024;18.0267;1.89064
12.3902;21629.3;218.485;21847.8;1024;17.1532;1.89064
12.4002;21629.3;218.485;21847.8;1024;17.7957;1.89064
12.4102;21629.3;218.485;21847.8;1024;18.9718;1.89064
12.4202;21629.3;218.485;21847.8;1024;18.8875;1.89064
12.4302;21629.3;218.485;21847.8;1024;17.903;1.89064
12.4402;21629.3;218.485;21847.8;1024;17.7462;1.89064
12.4502;21629.3;218.485;21847.8;1024;18.1705;1.89064
12.4602;21629.3;218.485;21847.8;1024;18.4734;1.89064
12.4702;21629.3;218.485;21847.8;1024;18.9672;1.89064
12.4802;21629.3;218.485;21847.8;1024;18.1837;1.89064
12.4902;21629.3;218.485;21847.8;1024;17.7524;1.89064
12.5002;21629.3;218.485;21847.8;1024;18.0831;1.89064
12.5102;21629.3;218.485;21847.8;1024;19.0207;1.89064
12.5202;21629.3;218.485;21847.8;1024;18.9651;1.89064
12.5302;21629.3;218.485;21847.8;1024;19.6031;1.89064
12.5402;21629.3;218.485;21847.8;1024;18.779;1.89064
12.5502;21629.3;218.485;21847.8;1024;17.875;1.89064
12.5602;21629.3;218.485;21847.8;1024;18.0272;1.89064
12.5702;21629.3;218.485;21847.8;1024;19.5283;1.89064
12.5802;21629.3;218.485;21847.8;1024;19.4625;1.89064
12.5902;21629.3;218.485;21847.8;1024;18.3113;1.89064
12.6002;21629.3;218.485;21847.8;1024;18.1686;1.89064
12.6102;21629.3;218.485;21847.8;1024;18.6539;1.89064
12.6202;21629.3;218.485;21847.8;1024;18.7292;1.89064
12.6302;21629.3;218.485;21847.8;1024;19.2056;1.89064
12.6402;21629.3;218.485;21847.8;1024;18.5798;1.89064
12.6502;21629.3;218.485;21847.8;1024;17.8762;1.89064
12.6602;21629.3;218.485;21847.8;1024;17.9859;1.89064
12.6702;21629.3;218.485;21847.8;1024;18.9605;1.89064
12.6802;21629.3;218.485;21847.8;1024;18.9398;1.89064
12.6902;21629.3;218.485;21847.8;1024;19.8231;1.89064
12.7002;21629.3;218.485;21847.8;1024;19.227;1.89064
12.7102;21629.3;218.485;21847.8;1024;19.0468;1.89064
12.7202;21629.3;218.485;21847.8;1024;18.6567;1.89064
12.7302;21629.3;218.485;21847.8;1024;18.7221;1.89064
12.7402;21629.3;218.485;21847.8;1024;19.323;1.89064
12.7502;21629.3;218.485;21847.8;1024;18.7572;1.89064
12.7602;21629.3;218.485;21847.8;1024;17.65;1.89064
12.7702;21629.3;218.485;21847.8;1024;17.5314;1.89064
12.7802;21629.3;218.485;21847.8;1024;19.144;1.89064
12.7902;21629.3;218.485;21847.8;1024;19.6758;1.89064
12.8002;21629.3;218.485;21847.8;1024;18.8475;1.89064
12.8102;21629.3;218.485;21847.8;1024;17.7137;1.89064
12.8202;21629.3;218.485;21847.8;1024;18.1303;1.89064
12.8302;21629.3;218.485;21847.8;1024;19.5928;1.89064
12.8402;21629.3;218.485;21847.8;1024;19.9124;1.89064
12.8502;21629.3;218.485;21847.8;1024;18.9479;1.89064
12.8602;21629.3;218.485;21847.8;1024;19.2307;1.89064
12.8702;21629.3;218.485;21847.8;1024;19.3293;1.89064
12.8802;21629.3;218.485;21847.8;1024;18.3833;1.89064
12.8902;21629.3;218.485;21847.8;1024;19.0818;1.89064
12.9002;21629.3;218.485;21847.8;1024;19.6538;1.89064
12.9102;21629.3;218.485;21847.8;1024;19.8726;1.89064
12.9202;21629.3;218.485;21847.8;1024;18.7335;1.89064
12.9302;21629.3;218.485;21847.8;1024;17.9958;1.89064
12.9402;21629.3;218.485;21847.8;1024;18.1568;1.89064
12.9502;21629.3;218.485;21847.8;1024;19.3428;1.89064
12.9602;21629.3;218.485;21847.8;1024;19.2609;1.89064
12.9702;21629.3;218.485;21847.8;1024;18.1024;1.89064
12.9802;21629.3;218.485;21847.8;1024;17.9188;1.89064
12.9902;21629.3;218.485;21847.8;1024;18.5585;1.89064
13.0002;21629.3;218.485;21847.8;1024;18.8028;1.89064
13.0102;21629.3;218.485;21847.8;1024;19.1812;1.89064
13.0202;21629.3;218.485;21847.8;1024;18.4436;1.89064
13.0302;21629.3;218.485;21847.8;1024;17.8399;1.89064
13.0402;21629.3;218.485;21847.8;1024;18.0538;1.89064
13.0502;21629.3;218.485;21847.8;1024;18.962;1.89064
13.0602;21629.3;218.485;21847.8;1024;18.9397;1.89064
13.0702;21629.3;218.485;21847.8;1024;19.2339;1.89064
13.0802;21629.3;218.485;21847.8;1024;18.6317;1.89064
13.0902;21629.3;218.485;21847.8;1024;18.3012;1.89064
13.1002;21629.3;218.485;21847.8;1024;18.1985;1.89064
13.1102;21629.3;218.485;21847.8;1024;18.8888;1.89064
13.1202;21629.3;218.485;21847.8;1024;19.3143;1.89064
13.1302;21629.3;218.485;21847.8;1024;18.1595;1.89064
13.1402;21629.3;218.485;21847.8;1024;17.8068;1.89064
13.1502;21629.3;218.485;21847.8;1024;18.6031;1.89064
13.1602;21629.3;218.485;21847.8;1024;19.2074;1.89064
13.1702;21629.3;218.485;21847.8;1024;19.3333;1.89064
13.1802;21629.3;218.485;21847.8;1024;18.6705;1.89064
13.1902;21629.3;218.485;21847.8;1024;18.1162;1.89064
13.2002;21629.3;218.485;21847.8;1024;18.1502;1.89064
13.2102;21629.3;218.485;21847.8;1024;18.7511;1.89064
13.2202;21629.3;218.485;21847.8;1024;19.1628;1.89064
13.2302;21629.3;218.485;21847.8;1024;18.6937;1.89064
13.2402;21629.3;218.485;21847.8;1024;18.8526;1.89064
13.2502;21629.3;218.485;21847.8;1024;18.9629;1.89064
13.2602;21629.3;218.485;21847.8;1024;18.6049;1.89064
13.2702;21629.3;218.485;21847.8;1024;18.8446;1.89064
13.2802;21629.3;218.485;21847.8;1024;19.3469;1.89064
13.2902;21629.3;218.485;21847.8;1024;18.2141;1.89064
13.3002;21629.3;218.485;21847.8;1024;17.6835;1.89064
13.3102;21629.3;218.485;21847.8;1024;18.3713;1.89064
13.3202;21629.3;218.485;21847.8;1024;19.3421;1.89064
13.3302;21629.3;218.485;21847.8;1024;19.342;1.89064
13.3402;21629.3;218.485;21847.8;1024;18.676;1.89064
13.3502;21629.3;218.485;21847.8;1024;18.1627;1.89064
13.3602;21629.3;218.485;21847.8;1024;18.1263;1.89064
13.3702;21629.3;218.485;21847.8;1024;18.3343;1.89064
13.3802;21629.3;218.485;21847.8;1024;19.0703;1.89064
13.3902;21629.3;218.485;21847.8;1024;18.4336;1.89064
13.4002;21629.3;218.485;21847.8;1024;18.9975;1.89064
13.4102;21629.3;218.485;21847.8;1024;19.1376;1.89064
13.4202;21629.3;218.485;21847.8;1024;18.4941;1.89064
13.4302;21629.3;218.485;21847.8;1024;18.7326;1.89064
13.4402;21629.3;218.485;21847.8;1024;19.3616;1.89064
13.4502;21629.3;218.485;21847.8;1024;18.3241;1.89064
13.4602;21629.3;218.485;21847.8;1024;17.4475;1.89064
13.4702;21629.3;218.485;21847.8;1024;17.8711;1.89064
13.4802;21629.3;218.485;21847.8;1024;19.3959;1.89064
13.4902;21629.3;218.485;21847.8;1024;19.4027;1.89064
13.5002;21629.3;218.485;21847.8;1024;18.5872;1.89064
13.5102;21629.3;218.485;21847.8;1024;18.3196;1.89064
13.5202;21629.3;218.485;21847.8;1024;18.1898;1.89064
13.5302;21629.3;218.485;21847.8;1024;18.4581;1.89064
13.5402;21629.3;218.485;21847.8;1024;19.2018;1.89064
13.5502;21629.3;218.485;21847.8;1024;18.3262;1.89064
13.5602;21629.3;218.485;21847.8;1024;18.8906;1.89064
13.5702;21629.3;218.485;21847.8;1024;19.1639;1.89064
13.5802;21629.3;218.485;21847.8;1024;18.3712;1.89064
13.5902;21629.3;218.485;21847.8;1024;18.6144;1.89064
13.6002;21629.3;218.485;21847.8;1024;19.4174;1.89064
13.6102;21629.3;218.485;21847.8;1024;19.6673;1.89064
13.6202;21629.3;218.485;21847.8;1024;18.2444;1.89064
13.6302;21629.3;218.485;21847.8;1024;17.5246;1.89064
13.6402;21629.3;218.485;21847.8;1024;18.3906;1.89064
13.6502;21629.3;218.485;21847.8;1024;19.216;1.89064
13.6602;21629.3;218.485;21847.8;1024;18.9021;1.89064
13.6702;21629.3;218.485;21847.8;1024;17.6955;1.89064
13.6802;21629.3;218.485;21847.8;1024;17.7298;1.89064
13.6902;21629.3;218.485;21847.8;1024;18.5362;1.89064
13.7002;21629.3;218.485;21847.8;1024;19.3066;1.89064
13.7102;21629.3;218.485;21847.8;1024;18.9;1.89064
13.7202;21629.3;218.485;21847.8;1024;19.8968;1.89064
13.7302;21629.3;218.485;21847.8;1024;19.3256;1.89064
13.7402;21629.3;218.485;21847.8;1024;18.9565;1.89064
13.7502;21629.3;218.485;21847.8;1024;19.7597;1.89064
13.7602;21629.3;218.485;21847.8;1024;19.7254;1.89064
13.7702;21629.3;218.485;21847.8;1024;20.255;1.89064
13.7802;21629.3;218.485;21847.8;1024;19.3076;1.89064
13.7902;21629.3;218.485;21847.8;1024;19.2085;1.89064
13.8002;21629.3;218.485;21847.8;1024;18.8035;1.89064
13.8102;21629.3;218.485;21847.8;1024;18.8631;1.89064
13.8202;21629.3;218.485;21847.8;1024;19.4944;1.89064
13.8302;21629.3;218.485;21847.8;1024;18.3529;1.89064
13.8402;21629.3;218.485;21847.8;1024;17.4767;1.89064
13.8502;21629.3;218.485;21847.8;1024;18.0699;1.89064
13.8602;21629.3;218.485;21847.8;1024;19.6951;1.89064
13.8702;21629.3;218.485;21847.8;1024;19.5788;1.89064
13.8802;21629.3;218.485;21847.8;1024;18.6858;1.89064
13.8902;21629.3;218.485;21847.8;1024;18.4006;1.89064
13.9002;21629.3;218.485;21847.8;1024;18.2315;1.89064
13.9102;21629.3;218.485;21847.8;1024;18.4008;1.89064
13.9202;21629.3;218.485;21847.8;1024;18.9917;1.89064
13.9302;21629.3;218.485;21847.8;1024;18.2277;1.89064
13.9402;21629.3;218.485;21847.8;1024;18.8646;1.89064
13.9502;21629.3;218.485;21847.8;1024;19.2602;1.89064
13.9602;21629.3;218.485;21847.8;1024;18.3612;1.89064
13.9702;21629.3;218.485;21847.8;1024;18.4496;1.89064
13.9802;21629.3;218.485;21847.8;1024;19.1957;1.89064
13.9902;21629.3;218.485;21847.8;1024;18.6773;1.89064
14.0002;21629.3;218.485;21847.8;1024;17.678;1.89064
14.0102;21629.3;218.485;21847.8;1024;17.8286;1.89064
14.0202;21629.3;218.485;21847.8;1024;19.5679;1.89064
14.0302;21629.3;218.485;21847.8;1024;19.8808;1.89064
14.0402;21629.3;218.485;21847.8;1024;18.8535;1.89064
14.0502;21629.3;218.485;21847.8;1024;18.5501;1.89064
14.0602;21629.3;218.485;21847.8;1024;18.3198;1.89064
14.0702;21629.3;218.485;21847.8;1024;18.6967;1.89064
14.0802;21629.3;218.485;21847.8;1024;19.091;1.89064
14.0902;21629.3;218.485;21847.8;1024;18.4746;1.89064
14.1002;21629.3;218.485;21847.8;1024;19.3478;1.89064
14.1102;21629.3;218.485;21847.8;1024;19.2407;1.89064
14.1202;21629.3;218.485;21847.8;1024;18.3299;1.89064
14.1302;21629.3;218.485;21847.8;1024;18.7067;1.89064
14.1402;21629.3;218.485;21847.8;1024;19.625;1.89064
14.1502;21629.3;218.485;21847.8;1024;19.2449;1.89064
14.1602;21629.3;218.485;21847.8;1024;17.9356;1.89064
14.1702;21629.3;218.485;21847.8;1024;17.9459;1.89064
14.1802;21629.3;218.485;21847.8;1024;19.8077;1.89064
14.1902;21629.3;218.485;21847.8;1024;20.2525;1.89064
14.2002;21629.3;218.485;21847.8;1024;19.0988;1.89064
14.2102;21629.3;218.485;21847.8;1024;18.5359;1.89064
14.2202;21629.3;218.485;21847.8;1024;18.5091;1.89064
14.2302;21629.3;218.485;21847.8;1024;19.0896;1.89064
14.2402;21629.3;218.485;21847.8;1024;19.2789;1.89064
14.2502;21629.3;218.485;21847.8;1024;18.5979;1.89064
14.2602;21629.3;218.485;21847.8;1024;19.9006;1.89064
14.2702;21629.3;218.485;21847.8;1024;19.8935;1.89064
14.2802;21629.3;218.485;21847.8;1024;19.0699;1.89064
14.2902;21629.3;218.485;21847.8;1024;19.3706;1.89064
14.3002;21629.3;218.485;21847.8;1024;20.1353;1.89064
14.3102;21629.3;218.485;21847.8;1024;20.0384;1.89064
14.3202;21629.3;218.485;21847.8;1024;18.6701;1.89064
14.3302;21629.3;218.485;21847.8;1024;18.3101;1.89064
14.3402;21629.3;218.485;21847.8;1024;19.7865;1.89064
14.3502;21629.3;218.485;21847.8;1024;20.3044;1.89064
14.3602;21629.3;218.485;21847.8;1024;19.3474;1.89064
14.3702;21629.3;218.485;21847.8;1024;18.5952;1.89064
14.3802;21629.3;218.485;21847.8;1024;18.5786;1.89064
14.3902;21629.3;218.485;21847.8;1024;19.4079;1.89064
14.4002;21629.3;218.485;21847.8;1024;19.3835;1.89064
14.4102;21629.3;218.485;21847.8;1024;18.5601;1.89064
14.4202;21629.3;218.485;21847.8;1024;20.274;1.89064
14.4302;21629.3;218.485;21847.8;1024;19.9791;1.89064
14.4402;21629.3;218.485;21847.8;1024;19.4418;1.89064
14.4502;21629.3;218.485;21847.8;1024;20.0988;1.89064
14.4602;21629.3;218.485;21847.8;1024;20.9175;1.89064
14.4702;21629.3;218.485;21847.8;1024;20.8045;1.89064
14.4802;21629.3;218.485;21847.8;1024;19.1199;1.89064
14.4902;21629.3;218.485;21847.8;1024;18.27;1.89064
14.5002;21629.3;218.485;21847.8;1024;19.0922;1.89064
14.5102;21629.3;218.485;21847.8;1024;19.8131;1.89064
14.5202;21629.3;218.485;21847.8;1024;19.4461;1.89064
14.5302;21629.3;218.485;21847.8;1024;18.1138;1.89064
14.5402;21629.3;218.485;21847.8;1024;17.7292;1.89064
14.5502;21629.3;218.485;21847.8;1024;18.6141;1.89064
14.5602;21629.3;218.485;21847.8;1024;19.5026;1.89064
14.5702;21629.3;218.485;21847.8;1024;19.0983;1.89064
14.5802;21629.3;218.485;21847.8;1024;18.591;1.89064
14.5902;21629.3;218.485;21847.8;1024;18.324;1.89064
14.6002;21629.3;218.485;21847.8;1024;18.6919;1.89064
14.6102;21629.3;218.485;21847.8;1024;19.5145;1.89064
14.6202;21629.3;218.485;21847.8;1024;19.3555;1.89064
14.6302;21629.3;218.485;21847.8;1024;19.2886;1.89064
14.6402;21629.3;218.485;21847.8;1024;19.1375;1.89064
14.6502;21629.3;218.485;21847.8;1024;19.4205;1.89064
14.6602;21629.3;218.485;21847.8;1024;18.9524;1.89064
14.6702;21629.3;218.485;21847.8;1024;18.8563;1.89064
14.6802;21629.3;218.485;21847.8;1024;19.5348;1.89064
14.6902;21629.3;218.485;21847.8;1024;19.2601;1.89064
14.7002;21629.3;218.485;21847.8;1024;18.1073;1.89064
14.7102;21629.3;218.485;21847.8;1024;17.7807;1.89064
14.7202;21629.3;218.485;21847.8;1024;19.2549;1.89064
14.7302;21629.3;218.485;21847.8;1024;19.8929;1.89064
14.7402;21629.3;218.485;21847.8;1024;19.0715;1.89064
14.7502;21629.3;218.485;21847.8;1024;18.1972;1.89064
14.7602;21629.3;218.485;21847.8;1024;18.354;1.89064
14.7702;21629.3;218.485;21847.8;1024;19.5027;1.89064
14.7802;21629.3;218.485;21847.8;1024;19.5357;1.89064
14.7902;21629.3;218.485;21847.8;1024;18.6127;1.89064
14.8002;21629.3;218.485;21847.8;1024;20.2097;1.89064
14.8102;21629.3;218.485;21847.8;1024;19.9079;1.89064
14.8202;21629.3;218.485;21847.8;1024;19.7763;1.89064
14.8302;21629.3;218.485;21847.8;1024;20.3822;1.89064
14.8402;21629.3;218.485;21847.8;1024;21.0363;1.89064
14.8502;21629.3;218.485;21847.8;1024;20.8553;1.89064
14.8602;21629.3;218.485;21847.8;1024;19.1715;1.89064
14.8702;21629.3;218.485;21847.8;1024;18.5548;1.89064
14.8802;21629.3;218.485;21847.8;1024;19.7795;1.89064
14.8902;21629.3;218.485;21847.8;1024;20.1762;1.89064
14.9002;21629.3;218.485;21847.8;1024;19.2021;1.89064
14.9102;21629.3;218.485;21847.8;1024;18.1466;1.89064
14.9202;21629.3;218.485;21847.8;1024;18.5524;1.89064
14.9302;21629.3;218.485;21847.8;1024;19.9834;1.89064
14.9402;21629.3;218.485;21847.8;1024;19.9512;1.89064
14.9502;21629.3;218.485;21847.8;1024;18.7588;1.89064
14.9602;21629.3;218.485;21847.8;1024;20.4096;1.89064
14.9702;21629.3;218.485;21847.8;1024;20.0768;1.89064
14.9802;21629.3;218.485;21847.8;1024;20.0546;1.89064
14.9902;21629.3;218.485;21847.8;1024;20.4289;1.89064
