0;21192.4;655.413;21847.8;3754.67;0.3932;0.459055
0.01;21192.4;655.413;21847.8;3754.67;0.2876;0.459055
0.02;21192.4;655.413;21847.8;3754.67;2.6308;0.459055
0.03;21192.4;655.413;21847.8;3754.67;7.6056;0.459055
0.04;21192.4;655.413;21847.8;3754.67;6.3681;0.459055
0.05;21192.4;655.413;21847.8;3754.67;4.4865;0.459055
0.06;21192.4;655.413;21847.8;3754.67;1.9095;0.459055
0.07;21192.4;655.413;21847.8;3754.67;1.3876;0.459055
0.08;21192.4;655.413;21847.8;3754.67;3.4953;0.459055
0.09;21192.4;655.413;21847.8;3754.67;8.9599;0.459055
0.1;21192.4;655.413;21847.8;3754.67;15.3544;0.459055
0.11;21192.4;655.413;21847.8;3754.67;28.9952;0.459055
0.12;21192.4;655.413;21847.8;3754.67;39.0142;0.459055
0.13;21192.4;655.413;21847.8;3754.67;46.7542;0.459055
0.14;21192.4;655.413;21847.8;3754.67;42.2858;0.459055
0.15;21192.4;655.413;21847.8;3754.67;40.9866;0.459055
0.16;21192.4;655.413;21847.8;3754.67;35.1573;0.459055
0.17;21192.4;655.413;21847.8;3754.67;31.5413;0.459055
0.18;21192.4;655.413;21847.8;3754.67;30.8797;0.459055
0.19;21192.4;655.413;21847.8;3754.67;40.4504;0.459055
0.2;21192.4;655.413;21847.8;3754.67;40.5277;0.459055
0.21;21192.4;655.413;21847.8;3754.67;35.8394;0.459055
0.22;21192.4;655.413;21847.8;3754.67;34.3981;0.459055
0.23;21192.4;655.413;21847.8;3754.67;42.5487;0.459055
0.24;21192.4;655.413;21847.8;3754.67;40.924;0.459055
0.25;21192.4;655.413;21847.8;3754.67;37.9523;0.459055
0.26;21192.4;655.413;21847.8;3754.67;40.4032;0.459055
0.27;21192.4;655.413;21847.8;3754.67;41.6374;0.459055
0.28;21192.4;655.413;21847.8;3754.67;37.0376;0.459055
0.29;21192.4;655.413;21847.8;3754.67;33.8678;0.459055
0.3;21192.4;655.413;21847.8;3754.67;39.7393;0.459055
0.31;21192.4;655.413;21847.8;3754.67;49.32;0.459055
0.32;21192.4;655.413;21847.8;3754.67;43.6389;0.459055
0.33;21192.4;655.413;21847.8;3754.67;40.4524;0.459055
0.34;21192.4;655.413;21847.8;3754.67;48.4494;0.459055
0.35;21192.4;655.413;21847.8;3754.67;53.5389;0.459055
0.36;21192.4;655.413;21847.8;3754.67;46.9774;0.459055
0.37;21192.4;655.413;21847.8;3754.67;44.1112;0.459055
0.38;21192.4;655.413;21847.8;3754.67;49.2629;0.459055
0.39;21192.4;655.413;21847.8;3754.67;54.3084;0.459055
0.4;21192.4;655.413;21847.8;3754.67;48.5309;0.459055
0.41;21192.4;655.413;21847.8;3754.67;44.2261;0.459055
0.42;21192.4;655.413;21847.8;3754.67;45.5802;0.459055
0.43;21192.4;655.413;21847.8;3754.67;50.0113;0.459055
0.44;21192.4;655.413;21847.8;3754.67;50.6426;0.459055
0.45;21192.4;655.413;21847.8;3754.67;47.1706;0.459055
0.46;21192.4;655.413;21847.8;3754.67;43.2411;0.459055
0.47;21192.4;655.413;21847.8;3754.67;43.2817;0.459055
0.48;21192.4;655.413;21847.8;3754.67;50.3791;0.459055
0.49;21192.4;655.413;21847.8;3754.67;55.7415;0.459055
0.5;21192.4;655.413;21847.8;3754.67;54.2995;0.459055
0.51;21192.4;655.413;21847.8;3754.67;50.1374;0.459055
0.52;21192.4;655.413;21847.8;3754.67;45.1354;0.459055
0.53;21192.4;655.413;21847.8;3754.67;44.9438;0.459055
0.54;21192.4;655.413;21847.8;3754.67;53.2028;0.459055
0.55;21192.4;655.413;21847.8;3754.67;57.7638;0.459055
0.56;21192.4;655.413;21847.8;3754.67;62.8764;0.459055
0.57;21192.4;655.413;21847.8;3754.67;67.5342;0.459055
0.58;21192.4;655.413;21847.8;3754.67;60.7454;0.459055
0.59;21192.4;655.413;21847.8;3754.67;59.3749;0.459055
0.6;21192.4;655.413;21847.8;3754.67;53.9436;0.459055
0.61;21192.4;655.413;21847.8;3754.67;48.31;0.459055
0.62;21192.4;655.413;21847.8;3754.67;54.0566;0.459055
0.63;21192.4;655.413;21847.8;3754.67;59.3308;0.459055
0.64;21192.4;655.413;21847.8;3754.67;59.5612;0.459055
0.65;21192.4;655.413;21847.8;3754.67;64.3883;0.459055
0.66;21192.4;655.413;21847.8;3754.67;57.8817;0.459055
0.67;21192.4;655.413;21847.8;3754.67;52.5649;0.459055
0.68;21192.4;655.413;21847.8;3754.67;52.4015;0.459055
0.69;21192.4;655.413;21847.8;3754.67;48.3972;0.459055
0.7;21192.4;655.413;21847.8;3754.67;55.4204;0.459055
0.71;21192.4;655.413;21847.8;3754.67;60.5209;0.459055
0.72;21192.4;655.413;21847.8;3754.67;57.8813;0.459055
0.73;21192.4;655.413;21847.8;3754.67;58.5974;0.459055
0.74;21192.4;655.413;21847.8;3754.67;53.8962;0.459055
0.75;21192.4;655.413;21847.8;3754.67;50.1153;0.459055
0.76;21192.4;655.413;21847.8;3754.67;46.2795;0.459055
0.77;21192.4;655.413;21847.8;3754.67;44.5804;0.459055
0.78;21192.4;655.413;21847.8;3754.67;47.5694;0.459055
0.79;21192.4;655.413;21847.8;3754.67;44.5903;0.459055
0.8;21192.4;655.413;21847.8;3754.67;49.6393;0.459055
0.81;21192.4;655.413;21847.8;3754.67;48.0697;0.459055
0.82;21192.4;655.413;21847.8;3754.67;55.7066;0.459055
0.83;21192.4;655.413;21847.8;3754.67;59.5989;0.459055
0.839999;21192.4;655.413;21847.8;3754.67;59.4307;0.459055
0.849999;21192.4;655.413;21847.8;3754.67;59.7806;0.459055
0.859999;21192.4;655.413;21847.8;3754.67;54.862;0.459055
0.869999;21192.4;655.413;21847.8;3754.67;50.5093;0.459055
0.879999;21192.4;655.413;21847.8;3754.67;47.5828;0.459055
0.889999;21192.4;655.413;21847.8;3754.67;45.7943;0.459055
0.899999;21192.4;655.413;21847.8;3754.67;49.8228;0.459055
0.909999;21192.4;655.413;21847.8;3754.67;52.0921;0.459055
0.919999;21192.4;655.413;21847.8;3754.67;56.7111;0.459055
0.929999;21192.4;655.413;21847.8;3754.67;61.8967;0.459055
0.939999;21192.4;655.413;21847.8;3754.67;56.7608;0.459055
0.949999;21192.4;655.413;21847.8;3754.67;53.2117;0.459055
0.959999;21192.4;655.413;21847.8;3754.67;49.8092;0.459055
0.969999;21192.4;655.413;21847.8;3754.67;47.9939;0.459055
0.979999;21192.4;655.413;21847.8;3754.67;53.7109;0.459055
0.989999;21192.4;655.413;21847.8;3754.67;56.3091;0.459055
0.999999;21192.4;655.413;21847.8;3754.67;57.5857;0.459055
1.01;21192.4;655.413;21847.8;3754.67;58.7691;0.459055
1.02;21192.4;655.413;21847.8;3754.67;54.2667;0.459055
1.03;21192.4;655.413;21847.8;3754.67;49.9295;0.459055
1.04;21192.4;655.413;21847.8;3754.67;53.4072;0.459055
1.05;21192.4;655.413;21847.8;3754.67;54.3089;0.459055
1.06;21192.4;655.413;21847.8;3754.67;58.201;0.459055
1.07;21192.4;655.413;21847.8;3754.67;59.9575;0.459055
1.08;21192.4;655.413;21847.8;3754.67;56.1442;0.459055
1.09;21192.4;655.413;21847.8;3754.67;52.1004;0.459055
1.1;21192.4;655.413;21847.8;3754.67;49.9902;0.459055
1.11;21192.4;655.413;21847.8;3754.67;53.5467;0.459055
1.12;21192.4;655.413;21847.8;3754.67;59.7326;0.459055
1.13;21192.4;655.413;21847.8;3754.67;61.5877;0.459055
1.14;21192.4;655.413;21847.8;3754.67;56.5854;0.459055
1.15;21192.4;655.413;21847.8;3754.67;54.0295;0.459055
1.16;21192.4;655.413;21847.8;3754.67;52.6905;0.459055
1.17;21192.4;655.413;21847.8;3754.67;55.7312;0.459055
1.18;21192.4;655.413;21847.8;3754.67;57.9382;0.459055
1.19;21192.4;655.413;21847.8;3754.67;55.2795;0.459055
1.2;21192.4;655.413;21847.8;3754.67;51.8258;0.459055
1.21;21192.4;655.413;21847.8;3754.67;50.4922;0.459055
1.22;21192.4;655.413;21847.8;3754.67;56.3072;0.459055
1.23;21192.4;655.413;21847.8;3754.67;61.4778;0.459055
1.24;21192.4;655.413;21847.8;3754.67;58.0958;0.459055
1.25;21192.4;655.413;21847.8;3754.67;55.2434;0.459055
1.26;21192.4;655.413;21847.8;3754.67;53.5626;0.459055
1.27;21192.4;655.413;21847.8;3754.67;56.8009;0.459055
1.28;21192.4;655.413;21847.8;3754.67;58.6598;0.459055
1.29;21192.4;655.413;21847.8;3754.67;54.8668;0.459055
1.3;21192.4;655.413;21847.8;3754.67;51.6406;0.459055
1.31;21192.4;655.413;21847.8;3754.67;52.3015;0.459055
1.32;21192.4;655.413;21847.8;3754.67;58.5743;0.459055
1.33;21192.4;655.413;21847.8;3754.67;60.0902;0.459055
1.34;21192.4;655.413;21847.8;3754.67;54.6128;0.459055
1.35;21192.4;655.413;21847.8;3754.67;52.9349;0.459055
1.36;21192.4;655.413;21847.8;3754.67;55.7271;0.459055
1.37;21192.4;655.413;21847.8;3754.67;58.4027;0.459055
1.38;21192.4;655.413;21847.8;3754.67;56.2478;0.459055
1.39;21192.4;655.413;21847.8;3754.67;53.1004;0.459055
1.4;21192.4;655.413;21847.8;3754.67;55.0798;0.459055
1.41;21192.4;655.413;21847.8;3754.67;60.8552;0.459055
1.42;21192.4;655.413;21847.8;3754.67;57.8339;0.459055
1.43;21192.4;655.413;21847.8;3754.67;53.2546;0.459055
1.44;21192.4;655.413;21847.8;3754.67;53.6006;0.459055
1.45;21192.4;655.413;21847.8;3754.67;59.5053;0.459055
1.46;21192.4;655.413;21847.8;3754.67;58.4588;0.459055
1.47;21192.4;655.413;21847.8;3754.67;55.5963;0.459055
1.48;21192.4;655.413;21847.8;3754.67;53.7614;0.459055
1.49;21192.4;655.413;21847.8;3754.67;54.1406;0.459055
1.5;21192.4;655.413;21847.8;3754.67;56.6671;0.459055
1.51;21192.4;655.413;21847.8;3754.67;62.0086;0.459055
1.52;21192.4;655.413;21847.8;3754.67;63.4277;0.459055
1.53;21192.4;655.413;21847.8;3754.67;58.1729;0.459055
1.54;21192.4;655.413;21847.8;3754.67;53.496;0.459055
1.55;21192.4;655.413;21847.8;3754.67;52.6022;0.459055
1.56;21192.4;655.413;21847.8;3754.67;52.757;0.459055
1.57;21192.4;655.413;21847.8;3754.67;54.4965;0.459055
1.58;21192.4;655.413;21847.8;3754.67;57.4154;0.459055
1.59;21192.4;655.413;21847.8;3754.67;60.9027;0.459055
1.6;21192.4;655.413;21847.8;3754.67;56.0893;0.459055
1.61;21192.4;655.413;21847.8;3754.67;51.8997;0.459055
1.62;21192.4;655.413;21847.8;3754.67;52.1923;0.459055
1.63;21192.4;655.413;21847.8;3754.67;52.9778;0.459055
1.64;21192.4;655.413;21847.8;3754.67;57.7153;0.459055
1.65;21192.4;655.413;21847.8;3754.67;59.5552;0.459055
1.66;21192.4;655.413;21847.8;3754.67;56.5864;0.459055
1.67;21192.4;655.413;21847.8;3754.67;52.7664;0.459055
1.68;21192.4;655.413;21847.8;3754.67;54.0276;0.459055
1.69;21192.4;655.413;21847.8;3754.67;56.6552;0.459055
1.7;21192.4;655.413;21847.8;3754.67;59.7443;0.459055
1.71;21192.4;655.413;21847.8;3754.67;61.3209;0.459055
1.72;21192.4;655.413;21847.8;3754.67;58.2886;0.459055
1.73;21192.4;655.413;21847.8;3754.67;57.0944;0.459055
1.74;21192.4;655.413;21847.8;3754.67;56.1682;0.459055
1.75;21192.4;655.413;21847.8;3754.67;54.9506;0.459055
1.76;21192.4;655.413;21847.8;3754.67;53.5395;0.459055
1.77;21192.4;655.413;21847.8;3754.67;56.4266;0.459055
1.78;21192.4;655.413;21847.8;3754.67;57.1261;0.459055
1.79;21192.4;655.413;21847.8;3754.67;53.3598;0.459055
1.8;21192.4;655.413;21847.8;3754.67;54.8261;0.459055
1.81;21192.4;655.413;21847.8;3754.67;60.8198;0.459055
1.82;21192.4;655.413;21847.8;3754.67;57.2479;0.459055
1.83;21192.4;655.413;21847.8;3754.67;53.7408;0.459055
1.84;21192.4;655.413;21847.8;3754.67;59.3871;0.459055
1.85;21192.4;655.413;21847.8;3754.67;60.6381;0.459055
1.86;21192.4;655.413;21847.8;3754.67;55.7582;0.459055
1.87;21192.4;655.413;21847.8;3754.67;55.5952;0.459055
1.88;21192.4;655.413;21847.8;3754.67;59.754;0.459055
1.89;21192.4;655.413;21847.8;3754.67;57.5469;0.459055
1.9;21192.4;655.413;21847.8;3754.67;56.2409;0.459055
1.91;21192.4;655.413;21847.8;3754.67;59.7172;0.459055
1.92;21192.4;655.413;21847.8;3754.67;59.0945;0.459055
1.93;21192.4;655.413;21847.8;3754.67;55.0907;0.459055
1.94;21192.4;655.413;21847.8;3754.67;57.5325;0.459055
1.95;21192.4;655.413;21847.8;3754.67;61.2868;0.459055
1.96;21192.4;655.413;21847.8;3754.67;57.0075;0.459055
1.97;21192.4;655.413;21847.8;3754.67;54.9654;0.459055
1.98;21192.4;655.413;21847.8;3754.67;59.58;0.459055
1.99;21192.4;655.413;21847.8;3754.67;55.6381;0.459055
2;21192.4;655.413;21847.8;3754.67;53.2436;0.459055
2.01;21192.4;655.413;21847.8;3754.67;57.6323;0.459055
2.02;21192.4;655.413;21847.8;3754.67;55.9331;0.459055
2.03;21192.4;655.413;21847.8;3754.67;54.2348;0.459055
2.04;21192.4;655.413;21847.8;3754.67;57.629;0.459055
2.05;21192.4;655.413;21847.8;3754.67;58.676;0.459055
2.06;21192.4;655.413;21847.8;3754.67;56.6419;0.459055
2.07;21192.4;655.413;21847.8;3754.67;57.2876;0.459055
2.08;21192.4;655.413;21847.8;3754.67;58.6687;0.459055
2.09;21192.4;655.413;21847.8;3754.67;54.5014;0.459055
2.1;21192.4;655.413;21847.8;3754.67;54.906;0.459055
2.11;21192.4;655.413;21847.8;3754.67;60.8109;0.459055
2.12;21192.4;655.413;21847.8;3754.67;56.6821;0.459055
2.13;21192.4;655.413;21847.8;3754.67;52.843;0.459055
2.14;21192.4;655.413;21847.8;3754.67;58.8165;0.459055
2.15;21192.4;655.413;21847.8;3754.67;58.644;0.459055
2.16;21192.4;655.413;21847.8;3754.67;54.7659;0.459055
2.17;21192.4;655.413;21847.8;3754.67;56.8855;0.459055
2.18;21192.4;655.413;21847.8;3754.67;57.6886;0.459055
2.19;21192.4;655.413;21847.8;3754.67;57.0593;0.459055
2.2;21192.4;655.413;21847.8;3754.67;58.5046;0.459055
2.21;21192.4;655.413;21847.8;3754.67;60.3268;0.459055
2.22;21192.4;655.413;21847.8;3754.67;57.4323;0.459055
2.23;21192.4;655.413;21847.8;3754.67;53.5103;0.459055
2.24;21192.4;655.413;21847.8;3754.67;56.4507;0.459055
2.25;21192.4;655.413;21847.8;3754.67;54.1273;0.459055
2.26;21192.4;655.413;21847.8;3754.67;53.0548;0.459055
2.27;21192.4;655.413;21847.8;3754.67;52.1076;0.459055
2.28;21192.4;655.413;21847.8;3754.67;51.048;0.459055
2.29;21192.4;655.413;21847.8;3754.67;49.5005;0.459055
2.3;21192.4;655.413;21847.8;3754.67;55.3983;0.459055
2.31;21192.4;655.413;21847.8;3754.67;60.0442;0.459055
2.32;21192.4;655.413;21847.8;3754.67;55.2048;0.459055
2.33;21192.4;655.413;21847.8;3754.67;53.6739;0.459055
2.34;21192.4;655.413;21847.8;3754.67;57.4127;0.459055
2.35;21192.4;655.413;21847.8;3754.67;57.8793;0.459055
2.36;21192.4;655.413;21847.8;3754.67;57.9374;0.459055
2.37;21192.4;655.413;21847.8;3754.67;58.5654;0.459055
2.38;21192.4;655.413;21847.8;3754.67;58.564;0.459055
2.39;21192.4;655.413;21847.8;3754.67;58.0928;0.459055
2.4;21192.4;655.413;21847.8;3754.67;55.2819;0.459055
2.41;21192.4;655.413;21847.8;3754.67;52.7233;0.459055
2.42;21192.4;655.413;21847.8;3754.67;59.0067;0.459055
2.43;21192.4;655.413;21847.8;3754.67;62.4078;0.459055
2.44;21192.4;655.413;21847.8;3754.67;56.7773;0.459055
2.45;21192.4;655.413;21847.8;3754.67;54.7774;0.459055
2.46;21192.4;655.413;21847.8;3754.67;57.6156;0.459055
2.47;21192.4;655.413;21847.8;3754.67;59.901;0.459055
2.48;21192.4;655.413;21847.8;3754.67;61.0585;0.459055
2.49;21192.4;655.413;21847.8;3754.67;57.3682;0.459055
2.5;21192.4;655.413;21847.8;3754.67;53.9171;0.459055
2.51;21192.4;655.413;21847.8;3754.67;53.7396;0.459055
2.52;21192.4;655.413;21847.8;3754.67;58.787;0.459055
2.53;21192.4;655.413;21847.8;3754.67;60.2051;0.459055
2.54;21192.4;655.413;21847.8;3754.67;56.5107;0.459055
2.55;21192.4;655.413;21847.8;3754.67;55.0073;0.459055
2.56;21192.4;655.413;21847.8;3754.67;55.5059;0.459055
2.57;21192.4;655.413;21847.8;3754.67;58.4428;0.459055
2.58;21192.4;655.413;21847.8;3754.67;58.8819;0.459055
2.59;21192.4;655.413;21847.8;3754.67;54.5833;0.459055
2.6;21192.4;655.413;21847.8;3754.67;52.5933;0.459055
2.61;21192.4;655.413;21847.8;3754.67;56.8914;0.459055
2.62;21192.4;655.413;21847.8;3754.67;57.1084;0.459055
2.63;21192.4;655.413;21847.8;3754.67;52.6313;0.459055
2.64;21192.4;655.413;21847.8;3754.67;56.4406;0.459055
2.65;21192.4;655.413;21847.8;3754.67;59.979;0.459055
2.66;21192.4;655.413;21847.8;3754.67;55.1627;0.459055
2.67;21192.4;655.413;21847.8;3754.67;54.9424;0.459055
2.68;21192.4;655.413;21847.8;3754.67;58.3016;0.459055
2.69;21192.4;655.413;21847.8;3754.67;55.964;0.459055
2.7;21192.4;655.413;21847.8;3754.67;55.9647;0.459055
2.71;21192.4;655.413;21847.8;3754.67;58.8281;0.459055
2.72;21192.4;655.413;21847.8;3754.67;56.2812;0.459055
2.73;21192.4;655.413;21847.8;3754.67;54.2587;0.459055
2.74;21192.4;655.413;21847.8;3754.67;58.0464;0.459055
2.75;21192.4;655.413;21847.8;3754.67;56.7813;0.459055
2.76;21192.4;655.413;21847.8;3754.67;55.1718;0.459055
2.77;21192.4;655.413;21847.8;3754.67;60.5122;0.459055
2.78;21192.4;655.413;21847.8;3754.67;57.9417;0.459055
2.79;21192.4;655.413;21847.8;3754.67;54.1698;0.459055
2.8;21192.4;655.413;21847.8;3754.67;59.6627;0.459055
2.81;21192.4;655.413;21847.8;3754.67;63.0947;0.459055
2.82;21192.4;655.413;21847.8;3754.67;58.1827;0.459055
2.83;21192.4;655.413;21847.8;3754.67;56.5461;0.459055
2.84;21192.4;655.413;21847.8;3754.67;57.2042;0.459055
2.85;21192.4;655.413;21847.8;3754.67;56.6809;0.459055
2.86;21192.4;655.413;21847.8;3754.67;58.0217;0.459055
2.87;21192.4;655.413;21847.8;3754.67;60.9077;0.459055
2.88;21192.4;655.413;21847.8;3754.67;57.9888;0.459055
2.89;21192.4;655.413;21847.8;3754.67;54.6958;0.459055
2.9;21192.4;655.413;21847.8;3754.67;56.8405;0.459055
2.91;21192.4;655.413;21847.8;3754.67;58.469;0.459055
2.92;21192.4;655.413;21847.8;3754.67;58.6131;0.459055
2.93;21192.4;655.413;21847.8;3754.67;59.8107;0.459055
2.94;21192.4;655.413;21847.8;3754.67;55.6822;0.459055
2.95;21192.4;655.413;21847.8;3754.67;51.5676;0.459055
2.96;21192.4;655.413;21847.8;3754.67;57.8513;0.459055
2.97;21192.4;655.413;21847.8;3754.67;61.0481;0.459055
2.98;21192.4;655.413;21847.8;3754.67;57.7309;0.459055
2.99;21192.4;655.413;21847.8;3754.67;56.97;0.459055
3;21192.4;655.413;21847.8;3754.67;54.1289;0.459055
3.01;21192.4;655.413;21847.8;3754.67;52.8898;0.459055
3.02;21192.4;655.413;21847.8;3754.67;57.0153;0.459055
3.03;21192.4;655.413;21847.8;3754.67;60.4214;0.459055
3.04;21192.4;655.413;21847.8;3754.67;57.8901;0.459055
3.05;21192.4;655.413;21847.8;3754.67;55.4119;0.459055
3.06;21192.4;655.413;21847.8;3754.67;56.4948;0.459055
3.07;21192.4;655.413;21847.8;3754.67;56.2791;0.459055
3.08;21192.4;655.413;21847.8;3754.67;57.9458;0.459055
3.09;21192.4;655.413;21847.8;3754.67;60.6868;0.459055
3.1;21192.4;655.413;21847.8;3754.67;59.8334;0.459055
3.11;21192.4;655.413;21847.8;3754.67;55.0267;0.459055
3.12;21192.4;655.413;21847.8;3754.67;58.2339;0.459055
3.13;21192.4;655.413;21847.8;3754.67;60.8368;0.459055
3.14;21192.4;655.413;21847.8;3754.67;55.8638;0.459055
3.15;21192.4;655.413;21847.8;3754.67;55.8048;0.459055
3.16;21192.4;655.413;21847.8;3754.67;58.9061;0.459055
3.17;21192.4;655.413;21847.8;3754.67;56.3908;0.459055
3.18;21192.4;655.413;21847.8;3754.67;56.1033;0.459055
3.19;21192.4;655.413;21847.8;3754.67;59.8631;0.459055
3.2;21192.4;655.413;21847.8;3754.67;57.52;0.459055
3.21;21192.4;655.413;21847.8;3754.67;55.1409;0.459055
3.22;21192.4;655.413;21847.8;3754.67;58.8423;0.459055
3.23;21192.4;655.413;21847.8;3754.67;57.353;0.459055
3.24;21192.4;655.413;21847.8;3754.67;55.4155;0.459055
3.25;21192.4;655.413;21847.8;3754.67;59.8912;0.459055
3.26;21192.4;655.413;21847.8;3754.67;63.7863;0.459055
3.27;21192.4;655.413;21847.8;3754.67;59.5634;0.459055
3.28;21192.4;655.413;21847.8;3754.67;54.9636;0.459055
3.29;21192.4;655.413;21847.8;3754.67;55.3229;0.459055
3.3;21192.4;655.413;21847.8;3754.67;58.8123;0.459055
3.31;21192.4;655.413;21847.8;3754.67;58.7823;0.459055
3.32;21192.4;655.413;21847.8;3754.67;56.8863;0.459055
3.33;21192.4;655.413;21847.8;3754.67;54.3669;0.459055
3.34;21192.4;655.413;21847.8;3754.67;55.9437;0.459055
3.35;21192.4;655.413;21847.8;3754.67;61.3533;0.459055
3.36;21192.4;655.413;21847.8;3754.67;60.3165;0.459055
3.37;21192.4;655.413;21847.8;3754.67;55.2379;0.459055
3.38;21192.4;655.413;21847.8;3754.67;52.8266;0.459055
3.39;21192.4;655.413;21847.8;3754.67;57.558;0.459055
3.4;21192.4;655.413;21847.8;3754.67;61.1879;0.459055
3.41;21192.4;655.413;21847.8;3754.67;58.3177;0.459055
3.42;21192.4;655.413;21847.8;3754.67;56.1181;0.459055
3.43;21192.4;655.413;21847.8;3754.67;56.9844;0.459055
3.44;21192.4;655.413;21847.8;3754.67;60.369;0.459055
3.45;21192.4;655.413;21847.8;3754.67;65.0124;0.459055
3.46;21192.4;655.413;21847.8;3754.67;59.8442;0.459055
3.47;21192.4;655.413;21847.8;3754.67;54.9319;0.459055
3.48;21192.4;655.413;21847.8;3754.67;57.3761;0.459055
3.49;21192.4;655.413;21847.8;3754.67;60.6563;0.459055
3.5;21192.4;655.413;21847.8;3754.67;55.4434;0.459055
3.51;21192.4;655.413;21847.8;3754.67;53.6711;0.459055
3.52;21192.4;655.413;21847.8;3754.67;57.9252;0.459055
3.53;21192.4;655.413;21847.8;3754.67;58.7677;0.459055
3.54;21192.4;655.413;21847.8;3754.67;58.033;0.459055
3.55;21192.4;655.413;21847.8;3754.67;58.2568;0.459055
3.56;21192.4;655.413;21847.8;3754.67;56.2386;0.459055
3.57;21192.4;655.413;21847.8;3754.67;52.5964;0.459055
3.58;21192.4;655.413;21847.8;3754.67;56.3153;0.459055
3.59;21192.4;655.413;21847.8;3754.67;61.1419;0.459055
3.6;21192.4;655.413;21847.8;3754.67;58.1047;0.459055
3.61;21192.4;655.413;21847.8;3754.67;55.4951;0.459055
3.62;21192.4;655.413;21847.8;3754.67;54.4559;0.459055
3.63;21192.4;655.413;21847.8;3754.67;52.5279;0.459055
3.64;21192.4;655.413;21847.8;3754.67;57.4979;0.459055
3.65;21192.4;655.413;21847.8;3754.67;61.7792;0.459055
3.66;21192.4;655.413;21847.8;3754.67;56.6299;0.459055
3.67;21192.4;655.413;21847.8;3754.67;54.8661;0.459055
3.68;21192.4;655.413;21847.8;3754.67;59.4139;0.459055
3.69;21192.4;655.413;21847.8;3754.67;59.2607;0.459055
3.7;21192.4;655.413;21847.8;3754.67;57.1534;0.459055
3.71;21192.4;655.413;21847.8;3754.67;58.752;0.459055
3.72;21192.4;655.413;21847.8;3754.67;58.4694;0.459055
3.73;21192.4;655.413;21847.8;3754.67;54.3582;0.459055
3.74;21192.4;655.413;21847.8;3754.67;57.1844;0.459055
3.75;21192.4;655.413;21847.8;3754.67;60.5841;0.459055
3.76;21192.4;655.413;21847.8;3754.67;56.2131;0.459055
3.77;21192.4;655.413;21847.8;3754.67;55.5038;0.459055
3.78;21192.4;655.413;21847.8;3754.67;59.7351;0.459055
3.79;21192.4;655.413;21847.8;3754.67;55.5433;0.459055
3.8;21192.4;655.413;21847.8;3754.67;55.1319;0.459055
3.81;21192.4;655.413;21847.8;3754.67;60.3621;0.459055
3.82;21192.4;655.413;21847.8;3754.67;56.2593;0.459055
3.83;21192.4;655.413;21847.8;3754.67;55.0278;0.459055
3.84;21192.4;655.413;21847.8;3754.67;59.6067;0.459055
3.85;21192.4;655.413;21847.8;3754.67;58.8282;0.459055
3.86;21192.4;655.413;21847.8;3754.67;57.2619;0.459055
3.87;21192.4;655.413;21847.8;3754.67;59.5155;0.459055
3.88;21192.4;655.413;21847.8;3754.67;58.4255;0.459055
3.89;21192.4;655.413;21847.8;3754.67;54.5615;0.459055
3.9;21192.4;655.413;21847.8;3754.67;56.9449;0.459055
3.91;21192.4;655.413;21847.8;3754.67;59.5266;0.459055
3.92;21192.4;655.413;21847.8;3754.67;55.5897;0.459055
3.93;21192.4;655.413;21847.8;3754.67;55.6684;0.459055
3.94;21192.4;655.413;21847.8;3754.67;59.1285;0.459055
3.95;21192.4;655.413;21847.8;3754.67;54.8154;0.459055
3.96;21192.4;655.413;21847.8;3754.67;54.9735;0.459055
3.97;21192.4;655.413;21847.8;3754.67;60.5227;0.459055
3.98;21192.4;655.413;21847.8;3754.67;56.1003;0.459055
3.99;21192.4;655.413;21847.8;3754.67;54.9136;0.459055
4;21192.4;655.413;21847.8;3754.67;59.6089;0.459055
4.01;21192.4;655.413;21847.8;3754.67;58.4957;0.459055
4.02;21192.4;655.413;21847.8;3754.67;57.2408;0.459055
4.03;21192.4;655.413;21847.8;3754.67;59.7772;0.459055
4.04;21192.4;655.413;21847.8;3754.67;58.0701;0.459055
4.05;21192.4;655.413;21847.8;3754.67;54.7869;0.459055
4.06;21192.4;655.413;21847.8;3754.67;57.8653;0.459055
4.07;21192.4;655.413;21847.8;3754.67;59.0768;0.459055
4.08;21192.4;655.413;21847.8;3754.67;55.6644;0.459055
4.09;21192.4;655.413;21847.8;3754.67;58.0442;0.459055
4.1;21192.4;655.413;21847.8;3754.67;58.2641;0.459055
4.11;21192.4;655.413;21847.8;3754.67;53.7325;0.459055
4.12;21192.4;655.413;21847.8;3754.67;56.5485;0.459055
4.13;21192.4;655.413;21847.8;3754.67;60.8532;0.459055
4.14;21192.4;655.413;21847.8;3754.67;55.9302;0.459055
4.15;21192.4;655.413;21847.8;3754.67;55.7;0.459055
4.16;21192.4;655.413;21847.8;3754.67;58.627;0.459055
4.17;21192.4;655.413;21847.8;3754.67;59.1815;0.459055
4.18;21192.4;655.413;21847.8;3754.67;57.7302;0.459055
4.19;21192.4;655.413;21847.8;3754.67;54.6111;0.459055
4.2;21192.4;655.413;21847.8;3754.67;54.9229;0.459055
4.21;21192.4;655.413;21847.8;3754.67;55.4273;0.459055
4.22;21192.4;655.413;21847.8;3754.67;57.6839;0.459055
4.23;21192.4;655.413;21847.8;3754.67;58.4791;0.459055
4.24;21192.4;655.413;21847.8;3754.67;54.4524;0.459055
4.25;21192.4;655.413;21847.8;3754.67;53.6903;0.459055
4.26;21192.4;655.413;21847.8;3754.67;58.4453;0.459055
4.27;21192.4;655.413;21847.8;3754.67;60.2905;0.459055
4.28;21192.4;655.413;21847.8;3754.67;57.4631;0.459055
4.29;21192.4;655.413;21847.8;3754.67;53.8014;0.459055
4.3;21192.4;655.413;21847.8;3754.67;56.2681;0.459055
4.31;21192.4;655.413;21847.8;3754.67;59.6638;0.459055
4.32;21192.4;655.413;21847.8;3754.67;58.5409;0.459055
4.33;21192.4;655.413;21847.8;3754.67;56.2349;0.459055
4.34;21192.4;655.413;21847.8;3754.67;53.5709;0.459055
4.35;21192.4;655.413;21847.8;3754.67;53.5673;0.459055
4.36;21192.4;655.413;21847.8;3754.67;56.3156;0.459055
4.37001;21192.4;655.413;21847.8;3754.67;57.3885;0.459055
4.38001;21192.4;655.413;21847.8;3754.67;56.5123;0.459055
4.39001;21192.4;655.413;21847.8;3754.67;53.626;0.459055
4.40001;21192.4;655.413;21847.8;3754.67;57.5567;0.459055
4.41001;21192.4;655.413;21847.8;3754.67;59.4125;0.459055
4.42001;21192.4;655.413;21847.8;3754.67;55.8847;0.459055
4.43001;21192.4;655.413;21847.8;3754.67;57.1614;0.459055
4.44001;21192.4;655.413;21847.8;3754.67;58.9016;0.459055
4.45001;21192.4;655.413;21847.8;3754.67;54.1551;0.459055
4.46001;21192.4;655.413;21847.8;3754.67;55.0039;0.459055
4.47001;21192.4;655.413;21847.8;3754.67;59.7827;0.459055
4.48001;21192.4;655.413;21847.8;3754.67;55.0378;0.459055
4.49001;21192.4;655.413;21847.8;3754.67;54.2262;0.459055
4.50001;21192.4;655.413;21847.8;3754.67;59.0084;0.459055
4.51001;21192.4;655.413;21847.8;3754.67;57.68;0.459055
4.52001;21192.4;655.413;21847.8;3754.67;56.511;0.459055
4.53001;21192.4;655.413;21847.8;3754.67;59.804;0.459055
4.54001;21192.4;655.413;21847.8;3754.67;58.581;0.459055
4.55001;21192.4;655.413;21847.8;3754.67;55.1123;0.459055
4.56001;21192.4;655.413;21847.8;3754.67;58.5874;0.459055
4.57001;21192.4;655.413;21847.8;3754.67;61.133;0.459055
4.58001;21192.4;655.413;21847.8;3754.67;56.9997;0.459055
4.59001;21192.4;655.413;21847.8;3754.67;56.6508;0.459055
4.60001;21192.4;655.413;21847.8;3754.67;59.6703;0.459055
4.61001;21192.4;655.413;21847.8;3754.67;55.034;0.459055
4.62001;21192.4;655.413;21847.8;3754.67;54.3811;0.459055
4.63001;21192.4;655.413;21847.8;3754.67;59.0237;0.459055
4.64001;21192.4;655.413;21847.8;3754.67;54.7943;0.459055
4.65001;21192.4;655.413;21847.8;3754.67;53.8298;0.459055
4.66001;21192.4;655.413;21847.8;3754.67;58.3529;0.459055
4.67001;21192.4;655.413;21847.8;3754.67;57.9486;0.459055
4.68001;21192.4;655.413;21847.8;3754.67;56.7093;0.459055
4.69001;21192.4;655.413;21847.8;3754.67;59.316;0.459055
4.70001;21192.4;655.413;21847.8;3754.67;58.8172;0.459055
4.71001;21192.4;655.413;21847.8;3754.67;54.9301;0.459055
4.72001;21192.4;655.413;21847.8;3754.67;57.7348;0.459055
4.73001;21192.4;655.413;21847.8;3754.67;61.7879;0.459055
4.74001;21192.4;655.413;21847.8;3754.67;57.211;0.459055
4.75001;21192.4;655.413;21847.8;3754.67;52.9324;0.459055
4.76001;21192.4;655.413;21847.8;3754.67;58.2584;0.459055
4.77001;21192.4;655.413;21847.8;3754.67;61.5674;0.459055
4.78001;21192.4;655.413;21847.8;3754.67;58.0474;0.459055
4.79001;21192.4;655.413;21847.8;3754.67;56.9105;0.459055
4.80001;21192.4;655.413;21847.8;3754.67;54.5596;0.459055
4.81002;21192.4;655.413;21847.8;3754.67;53.4582;0.459055
4.82002;21192.4;655.413;21847.8;3754.67;57.0834;0.459055
4.83002;21192.4;655.413;21847.8;3754.67;58.1739;0.459055
4.84002;21192.4;655.413;21847.8;3754.67;56.3841;0.459055
4.85002;21192.4;655.413;21847.8;3754.67;53.601;0.459055
4.86002;21192.4;655.413;21847.8;3754.67;55.2961;0.459055
4.87002;21192.4;655.413;21847.8;3754.67;56.4652;0.459055
4.88002;21192.4;655.413;21847.8;3754.67;57.3655;0.459055
4.89002;21192.4;655.413;21847.8;3754.67;58.9196;0.459055
4.90002;21192.4;655.413;21847.8;3754.67;54.8903;0.459055
4.91002;21192.4;655.413;21847.8;3754.67;51.0657;0.459055
4.92002;21192.4;655.413;21847.8;3754.67;57.3651;0.459055
4.93002;21192.4;655.413;21847.8;3754.67;61.5727;0.459055
4.94002;21192.4;655.413;21847.8;3754.67;57.584;0.459055
4.95002;21192.4;655.413;21847.8;3754.67;56.4737;0.459055
4.96002;21192.4;655.413;21847.8;3754.67;54.9625;0.459055
4.97002;21192.4;655.413;21847.8;3754.67;54.1041;0.459055
4.98002;21192.4;655.413;21847.8;3754.67;57.6967;0.459055
4.99002;21192.4;655.413;21847.8;3754.67;60.6485;0.459055
5.00002;21192.4;655.413;21847.8;3754.67;58.28;0.459055
5.01002;21192.4;655.413;21847.8;3754.67;55.1413;0.459055
5.02002;21192.4;655.413;21847.8;3754.67;58.1218;0.459055
5.03002;21192.4;655.413;21847.8;3754.67;58.5979;0.459055
5.04002;21192.4;655.413;21847.8;3754.67;55.25;0.459055
5.05002;21192.4;655.413;21847.8;3754.67;52.3238;0.459055
5.06002;21192.4;655.413;21847.8;3754.67;53.3302;0.459055
5.07002;21192.4;655.413;21847.8;3754.67;58.2817;0.459055
5.08002;21192.4;655.413;21847.8;3754.67;58.8877;0.459055
5.09002;21192.4;655.413;21847.8;3754.67;56.3525;0.459055
5.10002;21192.4;655.413;21847.8;3754.67;55.241;0.459055
5.11002;21192.4;655.413;21847.8;3754.67;58.1669;0.459055
5.12002;21192.4;655.413;21847.8;3754.67;60.5183;0.459055
5.13002;21192.4;655.413;21847.8;3754.67;58.6597;0.459055
5.14002;21192.4;655.413;21847.8;3754.67;54.6488;0.459055
5.15002;21192.4;655.413;21847.8;3754.67;52.8741;0.459055
5.16002;21192.4;655.413;21847.8;3754.67;56.7109;0.459055
5.17002;21192.4;655.413;21847.8;3754.67;60.7757;0.459055
5.18002;21192.4;655.413;21847.8;3754.67;59.0715;0.459055
5.19002;21192.4;655.413;21847.8;3754.67;56.5956;0.459055
5.20002;21192.4;655.413;21847.8;3754.67;55.8017;0.459055
5.21002;21192.4;655.413;21847.8;3754.67;59.4584;0.459055
5.22002;21192.4;655.413;21847.8;3754.67;60.7058;0.459055
5.23002;21192.4;655.413;21847.8;3754.67;56.8957;0.459055
5.24003;21192.4;655.413;21847.8;3754.67;53.5542;0.459055
5.25003;21192.4;655.413;21847.8;3754.67;54.5446;0.459055
5.26003;21192.4;655.413;21847.8;3754.67;60.7045;0.459055
5.27003;21192.4;655.413;21847.8;3754.67;61.4594;0.459055
5.28003;21192.4;655.413;21847.8;3754.67;56.7822;0.459055
5.29003;21192.4;655.413;21847.8;3754.67;58.0822;0.459055
5.30003;21192.4;655.413;21847.8;3754.67;58.8999;0.459055
5.31003;21192.4;655.413;21847.8;3754.67;56.2568;0.459055
5.32003;21192.4;655.413;21847.8;3754.67;57.6192;0.459055
5.33003;21192.4;655.413;21847.8;3754.67;59.0184;0.459055
5.34003;21192.4;655.413;21847.8;3754.67;56.4793;0.459055
5.35003;21192.4;655.413;21847.8;3754.67;53.3413;0.459055
5.36003;21192.4;655.413;21847.8;3754.67;55.6586;0.459055
5.37003;21192.4;655.413;21847.8;3754.67;58.7129;0.459055
5.38003;21192.4;655.413;21847.8;3754.67;57.947;0.459055
5.39003;21192.4;655.413;21847.8;3754.67;63.542;0.459055
5.40003;21192.4;655.413;21847.8;3754.67;59.3585;0.459055
5.41003;21192.4;655.413;21847.8;3754.67;54.7417;0.459055
5.42003;21192.4;655.413;21847.8;3754.67;60.8642;0.459055
5.43003;21192.4;655.413;21847.8;3754.67;64.4019;0.459055
5.44003;21192.4;655.413;21847.8;3754.67;60.015;0.459055
5.45003;21192.4;655.413;21847.8;3754.67;58.1931;0.459055
5.46003;21192.4;655.413;21847.8;3754.67;57.4312;0.459055
5.47003;21192.4;655.413;21847.8;3754.67;56.3123;0.459055
5.48003;21192.4;655.413;21847.8;3754.67;58.7295;0.459055
5.49003;21192.4;655.413;21847.8;3754.67;61.3756;0.459055
5.50003;21192.4;655.413;21847.8;3754.67;58.5357;0.459055
5.51003;21192.4;655.413;21847.8;3754.67;55.3108;0.459055
5.52003;21192.4;655.413;21847.8;3754.67;57.284;0.459055
5.53003;21192.4;655.413;21847.8;3754.67;59.1406;0.459055
5.54003;21192.4;655.413;21847.8;3754.67;58.6778;0.459055
5.55003;21192.4;655.413;21847.8;3754.67;59.5084;0.459055
5.56003;21192.4;655.413;21847.8;3754.67;55.8746;0.459055
5.57003;21192.4;655.413;21847.8;3754.67;51.885;0.459055
5.58003;21192.4;655.413;21847.8;3754.67;58.7027;0.459055
5.59003;21192.4;655.413;21847.8;3754.67;62.6768;0.459055
5.60003;21192.4;655.413;21847.8;3754.67;58.5583;0.459055
5.61003;21192.4;655.413;21847.8;3754.67;57.0162;0.459055
5.62003;21192.4;655.413;21847.8;3754.67;60.9927;0.459055
5.63003;21192.4;655.413;21847.8;3754.67;59.239;0.459055
5.64003;21192.4;655.413;21847.8;3754.67;57.8131;0.459055
5.65003;21192.4;655.413;21847.8;3754.67;60.6369;0.459055
5.66003;21192.4;655.413;21847.8;3754.67;58.9272;0.459055
5.67003;21192.4;655.413;21847.8;3754.67;55.5966;0.459055
5.68004;21192.4;655.413;21847.8;3754.67;58.9541;0.459055
5.69004;21192.4;655.413;21847.8;3754.67;60.2445;0.459055
5.70004;21192.4;655.413;21847.8;3754.67;60.4396;0.459055
5.71004;21192.4;655.413;21847.8;3754.67;61.5437;0.459055
5.72004;21192.4;655.413;21847.8;3754.67;57.0086;0.459055
5.73004;21192.4;655.413;21847.8;3754.67;52.6189;0.459055
5.74004;21192.4;655.413;21847.8;3754.67;54.9015;0.459055
5.75004;21192.4;655.413;21847.8;3754.67;59.2619;0.459055
5.76004;21192.4;655.413;21847.8;3754.67;54.5393;0.459055
5.77004;21192.4;655.413;21847.8;3754.67;54.2768;0.459055
5.78004;21192.4;655.413;21847.8;3754.67;57.922;0.459055
5.79004;21192.4;655.413;21847.8;3754.67;55.8128;0.459055
5.80004;21192.4;655.413;21847.8;3754.67;55.6206;0.459055
5.81004;21192.4;655.413;21847.8;3754.67;58.9744;0.459055
5.82004;21192.4;655.413;21847.8;3754.67;56.6433;0.459055
5.83004;21192.4;655.413;21847.8;3754.67;54.6221;0.459055
5.84004;21192.4;655.413;21847.8;3754.67;58.2436;0.459055
5.85004;21192.4;655.413;21847.8;3754.67;57.4093;0.459055
5.86004;21192.4;655.413;21847.8;3754.67;55.1116;0.459055
5.87004;21192.4;655.413;21847.8;3754.67;59.1294;0.459055
5.88004;21192.4;655.413;21847.8;3754.67;58.4444;0.459055
5.89004;21192.4;655.413;21847.8;3754.67;53.9585;0.459055
5.90004;21192.4;655.413;21847.8;3754.67;57.5287;0.459055
5.91004;21192.4;655.413;21847.8;3754.67;60.8585;0.459055
5.92004;21192.4;655.413;21847.8;3754.67;55.9393;0.459055
5.93004;21192.4;655.413;21847.8;3754.67;55.8446;0.459055
5.94004;21192.4;655.413;21847.8;3754.67;59.1603;0.459055
5.95004;21192.4;655.413;21847.8;3754.67;59.5608;0.459055
5.96004;21192.4;655.413;21847.8;3754.67;57.5706;0.459055
5.97004;21192.4;655.413;21847.8;3754.67;54.8868;0.459055
5.98004;21192.4;655.413;21847.8;3754.67;55.6507;0.459055
5.99004;21192.4;655.413;21847.8;3754.67;60.8953;0.459055
6.00004;21192.4;655.413;21847.8;3754.67;60.7103;0.459055
6.01004;21192.4;655.413;21847.8;3754.67;55.6729;0.459055
6.02004;21192.4;655.413;21847.8;3754.67;53.1324;0.459055
6.03004;21192.4;655.413;21847.8;3754.67;56.7822;0.459055
6.04004;21192.4;655.413;21847.8;3754.67;60.2383;0.459055
6.05004;21192.4;655.413;21847.8;3754.67;60.8975;0.459055
6.06004;21192.4;655.413;21847.8;3754.67;58.4804;0.459055
6.07004;21192.4;655.413;21847.8;3754.67;55.4238;0.459055
6.08004;21192.4;655.413;21847.8;3754.67;58.2808;0.459055
6.09004;21192.4;655.413;21847.8;3754.67;63.7201;0.459055
6.10004;21192.4;655.413;21847.8;3754.67;58.8559;0.459055
6.11004;21192.4;655.413;21847.8;3754.67;54.1168;0.459055
6.12005;21192.4;655.413;21847.8;3754.67;56.6915;0.459055
6.13005;21192.4;655.413;21847.8;3754.67;59.0197;0.459055
6.14005;21192.4;655.413;21847.8;3754.67;58.0863;0.459055
6.15005;21192.4;655.413;21847.8;3754.67;56.8918;0.459055
6.16005;21192.4;655.413;21847.8;3754.67;55.9348;0.459055
6.17005;21192.4;655.413;21847.8;3754.67;55.5799;0.459055
6.18005;21192.4;655.413;21847.8;3754.67;54.8818;0.459055
6.19005;21192.4;655.413;21847.8;3754.67;52.0619;0.459055
6.20005;21192.4;655.413;21847.8;3754.67;52.061;0.459055
6.21005;21192.4;655.413;21847.8;3754.67;58.563;0.459055
6.22005;21192.4;655.413;21847.8;3754.67;55.3228;0.459055
6.23005;21192.4;655.413;21847.8;3754.67;52.2306;0.459055
6.24005;21192.4;655.413;21847.8;3754.67;54.3376;0.459055
6.25005;21192.4;655.413;21847.8;3754.67;54.7758;0.459055
6.26005;21192.4;655.413;21847.8;3754.67;56.3393;0.459055
6.27005;21192.4;655.413;21847.8;3754.67;59.0304;0.459055
6.28005;21192.4;655.413;21847.8;3754.67;54.2566;0.459055
6.29005;21192.4;655.413;21847.8;3754.67;52.8332;0.459055
6.30005;21192.4;655.413;21847.8;3754.67;56.0733;0.459055
6.31005;21192.4;655.413;21847.8;3754.67;58.0449;0.459055
6.32005;21192.4;655.413;21847.8;3754.67;55.5658;0.459055
6.33005;21192.4;655.413;21847.8;3754.67;55.4525;0.459055
6.34005;21192.4;655.413;21847.8;3754.67;57.4902;0.459055
6.35005;21192.4;655.413;21847.8;3754.67;54.2259;0.459055
6.36005;21192.4;655.413;21847.8;3754.67;53.4912;0.459055
6.37005;21192.4;655.413;21847.8;3754.67;59.6538;0.459055
6.38005;21192.4;655.413;21847.8;3754.67;56.5763;0.459055
6.39005;21192.4;655.413;21847.8;3754.67;53.1362;0.459055
6.40005;21192.4;655.413;21847.8;3754.67;59.0156;0.459055
6.41005;21192.4;655.413;21847.8;3754.67;59.9776;0.459055
6.42005;21192.4;655.413;21847.8;3754.67;55.5198;0.459055
6.43005;21192.4;655.413;21847.8;3754.67;56.6636;0.459055
6.44005;21192.4;655.413;21847.8;3754.67;59.2976;0.459055
6.45005;21192.4;655.413;21847.8;3754.67;56.7068;0.459055
6.46005;21192.4;655.413;21847.8;3754.67;56.9841;0.459055
6.47005;21192.4;655.413;21847.8;3754.67;59.6149;0.459055
6.48005;21192.4;655.413;21847.8;3754.67;57.1008;0.459055
6.49005;21192.4;655.413;21847.8;3754.67;54.7136;0.459055
6.50005;21192.4;655.413;21847.8;3754.67;57.7611;0.459055
6.51005;21192.4;655.413;21847.8;3754.67;57.3482;0.459055
6.52005;21192.4;655.413;21847.8;3754.67;54.682;0.459055
6.53005;21192.4;655.413;21847.8;3754.67;57.7174;0.459055
6.54005;21192.4;655.413;21847.8;3754.67;58.2923;0.459055
6.55006;21192.4;655.413;21847.8;3754.67;53.9906;0.459055
6.56006;21192.4;655.413;21847.8;3754.67;56.6711;0.459055
6.57006;21192.4;655.413;21847.8;3754.67;60.6645;0.459055
6.58006;21192.4;655.413;21847.8;3754.67;55.8739;0.459055
6.59006;21192.4;655.413;21847.8;3754.67;55.1444;0.459055
6.60006;21192.4;655.413;21847.8;3754.67;59.5927;0.459055
6.61006;21192.4;655.413;21847.8;3754.67;57.814;0.459055
6.62006;21192.4;655.413;21847.8;3754.67;56.7458;0.459055
6.63006;21192.4;655.413;21847.8;3754.67;59.3006;0.459055
6.64006;21192.4;655.413;21847.8;3754.67;57.974;0.459055
6.65006;21192.4;655.413;21847.8;3754.67;54.3544;0.459055
6.66006;21192.4;655.413;21847.8;3754.67;57.3885;0.459055
6.67006;21192.4;655.413;21847.8;3754.67;60.4749;0.459055
6.68006;21192.4;655.413;21847.8;3754.67;56.3633;0.459055
6.69006;21192.4;655.413;21847.8;3754.67;55.875;0.459055
6.70006;21192.4;655.413;21847.8;3754.67;60.0386;0.459055
6.71006;21192.4;655.413;21847.8;3754.67;61.914;0.459055
6.72006;21192.4;655.413;21847.8;3754.67;60.2385;0.459055
6.73006;21192.4;655.413;21847.8;3754.67;63.9523;0.459055
6.74006;21192.4;655.413;21847.8;3754.67;59.2195;0.459055
6.75006;21192.4;655.413;21847.8;3754.67;57.5125;0.459055
6.76006;21192.4;655.413;21847.8;3754.67;61.3432;0.459055
6.77006;21192.4;655.413;21847.8;3754.67;59.8011;0.459055
6.78006;21192.4;655.413;21847.8;3754.67;58.0172;0.459055
6.79006;21192.4;655.413;21847.8;3754.67;60.1723;0.459055
6.80006;21192.4;655.413;21847.8;3754.67;59.2163;0.459055
6.81006;21192.4;655.413;21847.8;3754.67;56.9166;0.459055
6.82006;21192.4;655.413;21847.8;3754.67;55.8241;0.459055
6.83006;21192.4;655.413;21847.8;3754.67;61.6919;0.459055
6.84006;21192.4;655.413;21847.8;3754.67;64.8562;0.459055
6.85006;21192.4;655.413;21847.8;3754.67;65.5899;0.459055
6.86006;21192.4;655.413;21847.8;3754.67;59.6834;0.459055
6.87006;21192.4;655.413;21847.8;3754.67;57.4962;0.459055
6.88006;21192.4;655.413;21847.8;3754.67;61.7471;0.459055
6.89006;21192.4;655.413;21847.8;3754.67;63.4361;0.459055
6.90006;21192.4;655.413;21847.8;3754.67;60.0327;0.459055
6.91006;21192.4;655.413;21847.8;3754.67;55.7906;0.459055
6.92006;21192.4;655.413;21847.8;3754.67;53.2268;0.459055
6.93006;21192.4;655.413;21847.8;3754.67;56.0025;0.459055
6.94006;21192.4;655.413;21847.8;3754.67;56.6997;0.459055
6.95006;21192.4;655.413;21847.8;3754.67;55.5881;0.459055
6.96006;21192.4;655.413;21847.8;3754.67;51.8758;0.459055
6.97006;21192.4;655.413;21847.8;3754.67;51.7903;0.459055
6.98006;21192.4;655.413;21847.8;3754.67;54.3856;0.459055
6.99007;21192.4;655.413;21847.8;3754.67;56.5378;0.459055
7.00007;21192.4;655.413;21847.8;3754.67;56.2383;0.459055
7.01007;21192.4;655.413;21847.8;3754.67;53.0956;0.459055
7.02007;21192.4;655.413;21847.8;3754.67;52.9133;0.459055
7.03007;21192.4;655.413;21847.8;3754.67;59.0896;0.459055
7.04007;21192.4;655.413;21847.8;3754.67;62.4596;0.459055
7.05007;21192.4;655.413;21847.8;3754.67;57.7109;0.459055
7.06007;21192.4;655.413;21847.8;3754.67;56.1358;0.459055
7.07007;21192.4;655.413;21847.8;3754.67;60.45;0.459055
7.08007;21192.4;655.413;21847.8;3754.67;56.2002;0.459055
7.09007;21192.4;655.413;21847.8;3754.67;55.2878;0.459055
7.10007;21192.4;655.413;21847.8;3754.67;59.9733;0.459055
7.11007;21192.4;655.413;21847.8;3754.67;59.1131;0.459055
7.12007;21192.4;655.413;21847.8;3754.67;57.7238;0.459055
7.13007;21192.4;655.413;21847.8;3754.67;60.533;0.459055
7.14007;21192.4;655.413;21847.8;3754.67;59.6378;0.459055
7.15007;21192.4;655.413;21847.8;3754.67;55.6474;0.459055
7.16007;21192.4;655.413;21847.8;3754.67;58.7028;0.459055
7.17007;21192.4;655.413;21847.8;3754.67;60.8588;0.459055
7.18007;21192.4;655.413;21847.8;3754.67;56.7591;0.459055
7.19007;21192.4;655.413;21847.8;3754.67;56.4461;0.459055
7.20007;21192.4;655.413;21847.8;3754.67;59.4382;0.459055
7.21007;21192.4;655.413;21847.8;3754.67;54.8825;0.459055
7.22007;21192.4;655.413;21847.8;3754.67;55.0902;0.459055
7.23007;21192.4;655.413;21847.8;3754.67;60.0313;0.459055
7.24007;21192.4;655.413;21847.8;3754.67;55.2875;0.459055
7.25007;21192.4;655.413;21847.8;3754.67;54.8046;0.459055
7.26007;21192.4;655.413;21847.8;3754.67;59.9716;0.459055
7.27007;21192.4;655.413;21847.8;3754.67;58.4621;0.459055
7.28007;21192.4;655.413;21847.8;3754.67;57.4344;0.459055
7.29007;21192.4;655.413;21847.8;3754.67;60.8813;0.459055
7.30007;21192.4;655.413;21847.8;3754.67;58.9175;0.459055
7.31007;21192.4;655.413;21847.8;3754.67;55.1196;0.459055
7.32007;21192.4;655.413;21847.8;3754.67;58.7724;0.459055
7.33007;21192.4;655.413;21847.8;3754.67;63.8049;0.459055
7.34007;21192.4;655.413;21847.8;3754.67;59.9661;0.459055
7.35007;21192.4;655.413;21847.8;3754.67;61.8513;0.459055
7.36007;21192.4;655.413;21847.8;3754.67;60.903;0.459055
7.37007;21192.4;655.413;21847.8;3754.67;55.8506;0.459055
7.38007;21192.4;655.413;21847.8;3754.67;58.9263;0.459055
7.39007;21192.4;655.413;21847.8;3754.67;62.1632;0.459055
7.40007;21192.4;655.413;21847.8;3754.67;56.8357;0.459055
7.41007;21192.4;655.413;21847.8;3754.67;55.2937;0.459055
7.42007;21192.4;655.413;21847.8;3754.67;59.2258;0.459055
7.43008;21192.4;655.413;21847.8;3754.67;60.0459;0.459055
7.44008;21192.4;655.413;21847.8;3754.67;59.029;0.459055
7.45008;21192.4;655.413;21847.8;3754.67;59.2875;0.459055
7.46008;21192.4;655.413;21847.8;3754.67;57.3236;0.459055
7.47008;21192.4;655.413;21847.8;3754.67;53.6291;0.459055
7.48008;21192.4;655.413;21847.8;3754.67;57.6733;0.459055
7.49008;21192.4;655.413;21847.8;3754.67;62.9285;0.459055
7.50008;21192.4;655.413;21847.8;3754.67;59.1829;0.459055
7.51008;21192.4;655.413;21847.8;3754.67;55.6972;0.459055
7.52008;21192.4;655.413;21847.8;3754.67;56.4973;0.459055
7.53008;21192.4;655.413;21847.8;3754.67;55.8347;0.459055
7.54008;21192.4;655.413;21847.8;3754.67;57.7455;0.459055
7.55008;21192.4;655.413;21847.8;3754.67;60.2923;0.459055
7.56008;21192.4;655.413;21847.8;3754.67;55.2268;0.459055
7.57008;21192.4;655.413;21847.8;3754.67;53.7311;0.459055
7.58008;21192.4;655.413;21847.8;3754.67;59.0917;0.459055
7.59008;21192.4;655.413;21847.8;3754.67;60.2685;0.459055
7.60008;21192.4;655.413;21847.8;3754.67;57.3823;0.459055
7.61008;21192.4;655.413;21847.8;3754.67;56.7088;0.459055
7.62008;21192.4;655.413;21847.8;3754.67;56.0093;0.459055
7.63008;21192.4;655.413;21847.8;3754.67;53.2251;0.459055
7.64008;21192.4;655.413;21847.8;3754.67;52.628;0.459055
7.65008;21192.4;655.413;21847.8;3754.67;58.6235;0.459055
7.66008;21192.4;655.413;21847.8;3754.67;56.0159;0.459055
7.67008;21192.4;655.413;21847.8;3754.67;52.5967;0.459055
7.68008;21192.4;655.413;21847.8;3754.67;56.2048;0.459055
7.69008;21192.4;655.413;21847.8;3754.67;57.7868;0.459055
7.70008;21192.4;655.413;21847.8;3754.67;56.7205;0.459055
7.71008;21192.4;655.413;21847.8;3754.67;57.7988;0.459055
7.72008;21192.4;655.413;21847.8;3754.67;61.2926;0.459055
7.73008;21192.4;655.413;21847.8;3754.67;60.1097;0.459055
7.74008;21192.4;655.413;21847.8;3754.67;57.5896;0.459055
7.75008;21192.4;655.413;21847.8;3754.67;55.7117;0.459055
7.76008;21192.4;655.413;21847.8;3754.67;57.5419;0.459055
7.77008;21192.4;655.413;21847.8;3754.67;62.2794;0.459055
7.78008;21192.4;655.413;21847.8;3754.67;60.4622;0.459055
7.79008;21192.4;655.413;21847.8;3754.67;55.5511;0.459055
7.80008;21192.4;655.413;21847.8;3754.67;53.4751;0.459055
7.81008;21192.4;655.413;21847.8;3754.67;58.572;0.459055
7.82008;21192.4;655.413;21847.8;3754.67;61.8351;0.459055
7.83008;21192.4;655.413;21847.8;3754.67;58.8151;0.459055
7.84008;21192.4;655.413;21847.8;3754.67;56.7376;0.459055
7.85008;21192.4;655.413;21847.8;3754.67;57.8113;0.459055
7.86009;21192.4;655.413;21847.8;3754.67;60.9634;0.459055
7.87009;21192.4;655.413;21847.8;3754.67;60.3034;0.459055
7.88009;21192.4;655.413;21847.8;3754.67;56.1647;0.459055
7.89009;21192.4;655.413;21847.8;3754.67;53.3413;0.459055
7.90009;21192.4;655.413;21847.8;3754.67;56.1644;0.459055
7.91009;21192.4;655.413;21847.8;3754.67;60.9316;0.459055
7.92009;21192.4;655.413;21847.8;3754.67;59.8395;0.459055
7.93009;21192.4;655.413;21847.8;3754.67;57.246;0.459055
7.94009;21192.4;655.413;21847.8;3754.67;56.2327;0.459055
7.95009;21192.4;655.413;21847.8;3754.67;59.3071;0.459055
7.96009;21192.4;655.413;21847.8;3754.67;57.6248;0.459055
7.97009;21192.4;655.413;21847.8;3754.67;54.7675;0.459055
7.98009;21192.4;655.413;21847.8;3754.67;58.1309;0.459055
7.99009;21192.4;655.413;21847.8;3754.67;63.5635;0.459055
8.00009;21192.4;655.413;21847.8;3754.67;59.5456;0.459055
8.01009;21192.4;655.413;21847.8;3754.67;56.3052;0.459055
8.02009;21192.4;655.413;21847.8;3754.67;56.5373;0.459055
8.03009;21192.4;655.413;21847.8;3754.67;54.9657;0.459055
8.04009;21192.4;655.413;21847.8;3754.67;59.0555;0.459055
8.05009;21192.4;655.413;21847.8;3754.67;61.8554;0.459055
8.06009;21192.4;655.413;21847.8;3754.67;56.6178;0.459055
8.07009;21192.4;655.413;21847.8;3754.67;54.9904;0.459055
8.08009;21192.4;655.413;21847.8;3754.67;58.6391;0.459055
8.09009;21192.4;655.413;21847.8;3754.67;59.2459;0.459055
8.10009;21192.4;655.413;21847.8;3754.67;58.4648;0.459055
8.11009;21192.4;655.413;21847.8;3754.67;59.3672;0.459055
8.12009;21192.4;655.413;21847.8;3754.67;56.7844;0.459055
8.13009;21192.4;655.413;21847.8;3754.67;53.254;0.459055
8.14009;21192.4;655.413;21847.8;3754.67;56.4653;0.459055
8.15009;21192.4;655.413;21847.8;3754.67;61.4115;0.459055
8.16009;21192.4;655.413;21847.8;3754.67;58.7125;0.459055
8.17009;21192.4;655.413;21847.8;3754.67;56.4824;0.459055
8.18009;21192.4;655.413;21847.8;3754.67;55.1318;0.459055
8.19009;21192.4;655.413;21847.8;3754.67;52.3832;0.459055
8.20009;21192.4;655.413;21847.8;3754.67;51.4646;0.459055
8.21009;21192.4;655.413;21847.8;3754.67;56.4875;0.459055
8.22009;21192.4;655.413;21847.8;3754.67;53.5876;0.459055
8.23009;21192.4;655.413;21847.8;3754.67;52.7568;0.459055
8.24009;21192.4;655.413;21847.8;3754.67;55.838;0.459055
8.25009;21192.4;655.413;21847.8;3754.67;56.3118;0.459055
8.26009;21192.4;655.413;21847.8;3754.67;57.2694;0.459055
8.27009;21192.4;655.413;21847.8;3754.67;59.5383;0.459055
8.28009;21192.4;655.413;21847.8;3754.67;59.2575;0.459055
8.29009;21192.4;655.413;21847.8;3754.67;55.3642;0.459055
8.30009;21192.4;655.413;21847.8;3754.67;58.2589;0.459055
8.31009;21192.4;655.413;21847.8;3754.67;61.4219;0.459055
8.3201;21192.4;655.413;21847.8;3754.67;57.2551;0.459055
8.3301;21192.4;655.413;21847.8;3754.67;57.1492;0.459055
8.3401;21192.4;655.413;21847.8;3754.67;60.5405;0.459055
8.3501;21192.4;655.413;21847.8;3754.67;55.6563;0.459055
8.3601;21192.4;655.413;21847.8;3754.67;56.3166;0.459055
8.3701;21192.4;655.413;21847.8;3754.67;61.1651;0.459055
8.3801;21192.4;655.413;21847.8;3754.67;56.0998;0.459055
8.3901;21192.4;655.413;21847.8;3754.67;55.1506;0.459055
8.4001;21192.4;655.413;21847.8;3754.67;59.8868;0.459055
8.4101;21192.4;655.413;21847.8;3754.67;57.9655;0.459055
8.4201;21192.4;655.413;21847.8;3754.67;56.8731;0.459055
8.4301;21192.4;655.413;21847.8;3754.67;59.7638;0.459055
8.4401;21192.4;655.413;21847.8;3754.67;57.7704;0.459055
8.4501;21192.4;655.413;21847.8;3754.67;55.22;0.459055
8.4601;21192.4;655.413;21847.8;3754.67;58.6369;0.459055
8.4701;21192.4;655.413;21847.8;3754.67;57.4189;0.459055
8.4801;21192.4;655.413;21847.8;3754.67;55.4145;0.459055
8.4901;21192.4;655.413;21847.8;3754.67;60.6513;0.459055
8.5001;21192.4;655.413;21847.8;3754.67;59.0699;0.459055
8.5101;21192.4;655.413;21847.8;3754.67;54.5572;0.459055
8.5201;21192.4;655.413;21847.8;3754.67;59.8731;0.459055
8.5301;21192.4;655.413;21847.8;3754.67;61.4323;0.459055
8.5401;21192.4;655.413;21847.8;3754.67;56.7135;0.459055
8.5501;21192.4;655.413;21847.8;3754.67;57.3217;0.459055
8.5601;21192.4;655.413;21847.8;3754.67;58.9862;0.459055
8.5701;21192.4;655.413;21847.8;3754.67;56.4194;0.459055
8.5801;21192.4;655.413;21847.8;3754.67;57.2319;0.459055
8.5901;21192.4;655.413;21847.8;3754.67;59.1954;0.459055
8.6001;21192.4;655.413;21847.8;3754.67;58.7594;0.459055
8.6101;21192.4;655.413;21847.8;3754.67;55.0176;0.459055
8.6201;21192.4;655.413;21847.8;3754.67;53.8462;0.459055
8.6301;21192.4;655.413;21847.8;3754.67;59.4542;0.459055
8.6401;21192.4;655.413;21847.8;3754.67;62.6875;0.459055
8.6501;21192.4;655.413;21847.8;3754.67;58.0034;0.459055
8.6601;21192.4;655.413;21847.8;3754.67;53.9072;0.459055
8.6701;21192.4;655.413;21847.8;3754.67;53.2475;0.459055
8.6801;21192.4;655.413;21847.8;3754.67;57.8707;0.459055
8.6901;21192.4;655.413;21847.8;3754.67;60.8129;0.459055
8.7001;21192.4;655.413;21847.8;3754.67;58.0173;0.459055
8.7101;21192.4;655.413;21847.8;3754.67;54.2415;0.459055
8.7201;21192.4;655.413;21847.8;3754.67;56.9996;0.459055
8.7301;21192.4;655.413;21847.8;3754.67;61.424;0.459055
8.7401;21192.4;655.413;21847.8;3754.67;59.148;0.459055
8.7501;21192.4;655.413;21847.8;3754.67;56.0261;0.459055
8.76011;21192.4;655.413;21847.8;3754.67;54.8405;0.459055
8.77011;21192.4;655.413;21847.8;3754.67;55.8064;0.459055
8.78011;21192.4;655.413;21847.8;3754.67;58.8089;0.459055
8.79011;21192.4;655.413;21847.8;3754.67;58.8139;0.459055
8.80011;21192.4;655.413;21847.8;3754.67;56.9285;0.459055
8.81011;21192.4;655.413;21847.8;3754.67;54.9973;0.459055
8.82011;21192.4;655.413;21847.8;3754.67;56.8997;0.459055
8.83011;21192.4;655.413;21847.8;3754.67;61.3478;0.459055
8.84011;21192.4;655.413;21847.8;3754.67;56.823;0.459055
8.85011;21192.4;655.413;21847.8;3754.67;54.8283;0.459055
8.86011;21192.4;655.413;21847.8;3754.67;53.6834;0.459055
8.87011;21192.4;655.413;21847.8;3754.67;51.2986;0.459055
8.88011;21192.4;655.413;21847.8;3754.67;50.9896;0.459055
8.89011;21192.4;655.413;21847.8;3754.67;56.4165;0.459055
8.90011;21192.4;655.413;21847.8;3754.67;52.8886;0.459055
8.91011;21192.4;655.413;21847.8;3754.67;52.6295;0.459055
8.92011;21192.4;655.413;21847.8;3754.67;58.0564;0.459055
8.93011;21192.4;655.413;21847.8;3754.67;57.5298;0.459055
8.94011;21192.4;655.413;21847.8;3754.67;56.349;0.459055
8.95011;21192.4;655.413;21847.8;3754.67;59.46;0.459055
8.96011;21192.4;655.413;21847.8;3754.67;58.5845;0.459055
8.97011;21192.4;655.413;21847.8;3754.67;54.9134;0.459055
8.98011;21192.4;655.413;21847.8;3754.67;57.8585;0.459055
8.99011;21192.4;655.413;21847.8;3754.67;60.4445;0.459055
9.00011;21192.4;655.413;21847.8;3754.67;56.44;0.459055
9.01011;21192.4;655.413;21847.8;3754.67;55.7907;0.459055
9.02011;21192.4;655.413;21847.8;3754.67;58.8651;0.459055
9.03011;21192.4;655.413;21847.8;3754.67;54.6734;0.459055
9.04011;21192.4;655.413;21847.8;3754.67;54.3249;0.459055
9.05011;21192.4;655.413;21847.8;3754.67;59.2384;0.459055
9.06011;21192.4;655.413;21847.8;3754.67;54.8133;0.459055
9.07011;21192.4;655.413;21847.8;3754.67;54.2446;0.459055
9.08011;21192.4;655.413;21847.8;3754.67;59.4405;0.459055
9.09011;21192.4;655.413;21847.8;3754.67;58.2928;0.459055
9.10011;21192.4;655.413;21847.8;3754.67;56.9867;0.459055
9.11011;21192.4;655.413;21847.8;3754.67;60.2283;0.459055
9.12011;21192.4;655.413;21847.8;3754.67;58.6643;0.459055
9.13011;21192.4;655.413;21847.8;3754.67;55.5071;0.459055
9.14011;21192.4;655.413;21847.8;3754.67;58.7678;0.459055
9.15011;21192.4;655.413;21847.8;3754.67;59.4979;0.459055
9.16011;21192.4;655.413;21847.8;3754.67;56.312;0.459055
9.17011;21192.4;655.413;21847.8;3754.67;58.8242;0.459055
9.18011;21192.4;655.413;21847.8;3754.67;58.3796;0.459055
9.19011;21192.4;655.413;21847.8;3754.67;53.796;0.459055
9.20012;21192.4;655.413;21847.8;3754.67;57.8801;0.459055
9.21012;21192.4;655.413;21847.8;3754.67;60.5176;0.459055
9.22012;21192.4;655.413;21847.8;3754.67;55.7924;0.459055
9.23012;21192.4;655.413;21847.8;3754.67;57.3459;0.459055
9.24012;21192.4;655.413;21847.8;3754.67;58.2194;0.459055
9.25012;21192.4;655.413;21847.8;3754.67;55.937;0.459055
9.26012;21192.4;655.413;21847.8;3754.67;57.9017;0.459055
9.27012;21192.4;655.413;21847.8;3754.67;59.8894;0.459055
9.28012;21192.4;655.413;21847.8;3754.67;57.5835;0.459055
9.29012;21192.4;655.413;21847.8;3754.67;54.5725;0.459055
9.30012;21192.4;655.413;21847.8;3754.67;56.3481;0.459055
9.31012;21192.4;655.413;21847.8;3754.67;52.9597;0.459055
9.32012;21192.4;655.413;21847.8;3754.67;55.2701;0.459055
9.33012;21192.4;655.413;21847.8;3754.67;60.3012;0.459055
9.34012;21192.4;655.413;21847.8;3754.67;56.1363;0.459055
9.35012;21192.4;655.413;21847.8;3754.67;52.2696;0.459055
9.36012;21192.4;655.413;21847.8;3754.67;55.8373;0.459055
9.37012;21192.4;655.413;21847.8;3754.67;56.8445;0.459055
9.38012;21192.4;655.413;21847.8;3754.67;57.923;0.459055
9.39012;21192.4;655.413;21847.8;3754.67;60.1979;0.459055
9.40012;21192.4;655.413;21847.8;3754.67;55.2219;0.459055
9.41012;21192.4;655.413;21847.8;3754.67;53.9634;0.459055
9.42012;21192.4;655.413;21847.8;3754.67;56.7459;0.459055
9.43012;21192.4;655.413;21847.8;3754.67;57.383;0.459055
9.44012;21192.4;655.413;21847.8;3754.67;58.2305;0.459055
9.45012;21192.4;655.413;21847.8;3754.67;60.6244;0.459055
9.46012;21192.4;655.413;21847.8;3754.67;57.742;0.459055
9.47012;21192.4;655.413;21847.8;3754.67;54.2288;0.459055
9.48012;21192.4;655.413;21847.8;3754.67;56.8518;0.459055
9.49012;21192.4;655.413;21847.8;3754.67;58.6231;0.459055
9.50012;21192.4;655.413;21847.8;3754.67;55.4894;0.459055
9.51012;21192.4;655.413;21847.8;3754.67;52.306;0.459055
9.52012;21192.4;655.413;21847.8;3754.67;54.1941;0.459055
9.53012;21192.4;655.413;21847.8;3754.67;59.5072;0.459055
9.54012;21192.4;655.413;21847.8;3754.67;54.8829;0.459055
9.55012;21192.4;655.413;21847.8;3754.67;53.3968;0.459055
9.56012;21192.4;655.413;21847.8;3754.67;57.1877;0.459055
9.57012;21192.4;655.413;21847.8;3754.67;59.9822;0.459055
9.58012;21192.4;655.413;21847.8;3754.67;57.913;0.459055
9.59012;21192.4;655.413;21847.8;3754.67;54.2282;0.459055
9.60012;21192.4;655.413;21847.8;3754.67;52.2789;0.459055
9.61012;21192.4;655.413;21847.8;3754.67;55.9447;0.459055
9.62012;21192.4;655.413;21847.8;3754.67;61.1963;0.459055
9.63013;21192.4;655.413;21847.8;3754.67;58.4622;0.459055
9.64013;21192.4;655.413;21847.8;3754.67;54.1312;0.459055
9.65013;21192.4;655.413;21847.8;3754.67;54.5206;0.459055
9.66013;21192.4;655.413;21847.8;3754.67;57.921;0.459055
9.67013;21192.4;655.413;21847.8;3754.67;58.2852;0.459055
9.68013;21192.4;655.413;21847.8;3754.67;56.6066;0.459055
9.69013;21192.4;655.413;21847.8;3754.67;54.3806;0.459055
9.70013;21192.4;655.413;21847.8;3754.67;55.5053;0.459055
9.71013;21192.4;655.413;21847.8;3754.67;61.1708;0.459055
9.72013;21192.4;655.413;21847.8;3754.67;60.387;0.459055
9.73013;21192.4;655.413;21847.8;3754.67;55.3913;0.459055
9.74013;21192.4;655.413;21847.8;3754.67;59.0429;0.459055
9.75013;21192.4;655.413;21847.8;3754.67;61.8351;0.459055
9.76013;21192.4;655.413;21847.8;3754.67;56.7326;0.459055
9.77013;21192.4;655.413;21847.8;3754.67;57.2782;0.459055
9.78013;21192.4;655.413;21847.8;3754.67;59.1121;0.459055
9.79013;21192.4;655.413;21847.8;3754.67;56.701;0.459055
9.80013;21192.4;655.413;21847.8;3754.67;57.9387;0.459055
9.81013;21192.4;655.413;21847.8;3754.67;60.3009;0.459055
9.82013;21192.4;655.413;21847.8;3754.67;57.797;0.459055
9.83013;21192.4;655.413;21847.8;3754.67;57.4279;0.459055
9.84013;21192.4;655.413;21847.8;3754.67;58.9492;0.459055
9.85013;21192.4;655.413;21847.8;3754.67;55.2085;0.459055
9.86013;21192.4;655.413;21847.8;3754.67;55.8485;0.459055
9.87013;21192.4;655.413;21847.8;3754.67;61.4571;0.459055
9.88013;21192.4;655.413;21847.8;3754.67;57.0907;0.459055
9.89013;21192.4;655.413;21847.8;3754.67;54.1221;0.459055
9.90013;21192.4;655.413;21847.8;3754.67;59.6811;0.459055
9.91013;21192.4;655.413;21847.8;3754.67;56.5418;0.459055
9.92013;21192.4;655.413;21847.8;3754.67;54.1629;0.459055
9.93013;21192.4;655.413;21847.8;3754.67;54.4871;0.459055
9.94013;21192.4;655.413;21847.8;3754.67;52.0462;0.459055
9.95013;21192.4;655.413;21847.8;3754.67;51.2715;0.459055
9.96013;21192.4;655.413;21847.8;3754.67;56.5395;0.459055
9.97013;21192.4;655.413;21847.8;3754.67;59.3004;0.459055
9.98013;21192.4;655.413;21847.8;3754.67;57.8934;0.459055
9.99013;21192.4;655.413;21847.8;3754.67;60.6445;0.459055
10.0001;21192.4;655.413;21847.8;3754.67;59.64;0.459055
10.0101;21192.4;655.413;21847.8;3754.67;56.5249;0.459055
10.0201;21192.4;655.413;21847.8;3754.67;59.7405;0.459055
10.0301;21192.4;655.413;21847.8;3754.67;64.6898;0.459055
10.0401;21192.4;655.413;21847.8;3754.67;60.2555;0.459055
10.0501;21192.4;655.413;21847.8;3754.67;56.2076;0.459055
10.0601;21192.4;655.413;21847.8;3754.67;56.936;0.459055
10.0701;21192.4;655.413;21847.8;3754.67;55.4602;0.459055
10.0801;21192.4;655.413;21847.8;3754.67;59.3333;0.459055
10.0901;21192.4;655.413;21847.8;3754.67;62.6047;0.459055
10.1001;21192.4;655.413;21847.8;3754.67;57.4329;0.459055
10.1101;21192.4;655.413;21847.8;3754.67;56.3068;0.459055
10.1201;21192.4;655.413;21847.8;3754.67;57.7458;0.459055
10.1301;21192.4;655.413;21847.8;3754.67;57.5478;0.459055
10.1401;21192.4;655.413;21847.8;3754.67;59.294;0.459055
10.1501;21192.4;655.413;21847.8;3754.67;62.0168;0.459055
10.1601;21192.4;655.413;21847.8;3754.67;59.0771;0.459055
10.1701;21192.4;655.413;21847.8;3754.67;55.724;0.459055
10.1801;21192.4;655.413;21847.8;3754.67;57.6793;0.459055
10.1901;21192.4;655.413;21847.8;3754.67;58.4117;0.459055
10.2001;21192.4;655.413;21847.8;3754.67;55.6089;0.459055
10.2101;21192.4;655.413;21847.8;3754.67;58.3081;0.459055
10.2201;21192.4;655.413;21847.8;3754.67;57.9303;0.459055
10.2301;21192.4;655.413;21847.8;3754.67;53.4882;0.459055
10.2401;21192.4;655.413;21847.8;3754.67;59.1466;0.459055
10.2501;21192.4;655.413;21847.8;3754.67;61.3732;0.459055
10.2601;21192.4;655.413;21847.8;3754.67;59.2241;0.459055
10.2701;21192.4;655.413;21847.8;3754.67;59.4775;0.459055
10.2801;21192.4;655.413;21847.8;3754.67;60.2737;0.459055
10.2901;21192.4;655.413;21847.8;3754.67;57.5751;0.459055
10.3001;21192.4;655.413;21847.8;3754.67;58.8683;0.459055
10.3101;21192.4;655.413;21847.8;3754.67;60.6635;0.459055
10.3201;21192.4;655.413;21847.8;3754.67;58.2845;0.459055
10.3301;21192.4;655.413;21847.8;3754.67;59.2107;0.459055
10.3401;21192.4;655.413;21847.8;3754.67;59.5592;0.459055
10.3501;21192.4;655.413;21847.8;3754.67;55.5947;0.459055
10.3601;21192.4;655.413;21847.8;3754.67;58.4745;0.459055
10.3701;21192.4;655.413;21847.8;3754.67;61.7077;0.459055
10.3801;21192.4;655.413;21847.8;3754.67;58.2352;0.459055
10.3901;21192.4;655.413;21847.8;3754.67;54.3603;0.459055
10.4001;21192.4;655.413;21847.8;3754.67;55.0275;0.459055
10.4101;21192.4;655.413;21847.8;3754.67;60.4391;0.459055
10.4201;21192.4;655.413;21847.8;3754.67;59.9889;0.459055
10.4301;21192.4;655.413;21847.8;3754.67;57.254;0.459055
10.4401;21192.4;655.413;21847.8;3754.67;56.6755;0.459055
10.4501;21192.4;655.413;21847.8;3754.67;59.6502;0.459055
10.4601;21192.4;655.413;21847.8;3754.67;60.3267;0.459055
10.4701;21192.4;655.413;21847.8;3754.67;55.9922;0.459055
10.4801;21192.4;655.413;21847.8;3754.67;54.2586;0.459055
10.4901;21192.4;655.413;21847.8;3754.67;59.1553;0.459055
10.5001;21192.4;655.413;21847.8;3754.67;62.7299;0.459055
10.5101;21192.4;655.413;21847.8;3754.67;57.9313;0.459055
10.5201;21192.4;655.413;21847.8;3754.67;53.8913;0.459055
10.5301;21192.4;655.413;21847.8;3754.67;55.8682;0.459055
10.5401;21192.4;655.413;21847.8;3754.67;60.6564;0.459055
10.5501;21192.4;655.413;21847.8;3754.67;59.2962;0.459055
10.5601;21192.4;655.413;21847.8;3754.67;56.7546;0.459055
10.5701;21192.4;655.413;21847.8;3754.67;53.599;0.459055
10.5801;21192.4;655.413;21847.8;3754.67;57.3154;0.459055
10.5901;21192.4;655.413;21847.8;3754.67;62.807;0.459055
10.6001;21192.4;655.413;21847.8;3754.67;58.6115;0.459055
10.6101;21192.4;655.413;21847.8;3754.67;54.1682;0.459055
10.6201;21192.4;655.413;21847.8;3754.67;60.1614;0.459055
10.6301;21192.4;655.413;21847.8;3754.67;63.7717;0.459055
10.6401;21192.4;655.413;21847.8;3754.67;59.8114;0.459055
10.6501;21192.4;655.413;21847.8;3754.67;58.9203;0.459055
10.6601;21192.4;655.413;21847.8;3754.67;55.3011;0.459055
10.6701;21192.4;655.413;21847.8;3754.67;53.8867;0.459055
10.6801;21192.4;655.413;21847.8;3754.67;58.5256;0.459055
10.6901;21192.4;655.413;21847.8;3754.67;61.5277;0.459055
10.7001;21192.4;655.413;21847.8;3754.67;59.4523;0.459055
10.7101;21192.4;655.413;21847.8;3754.67;57.5706;0.459055
10.7201;21192.4;655.413;21847.8;3754.67;57.2031;0.459055
10.7302;21192.4;655.413;21847.8;3754.67;54.8431;0.459055
10.7402;21192.4;655.413;21847.8;3754.67;58.6162;0.459055
10.7502;21192.4;655.413;21847.8;3754.67;63.8017;0.459055
10.7602;21192.4;655.413;21847.8;3754.67;60.0011;0.459055
10.7702;21192.4;655.413;21847.8;3754.67;56.332;0.459055
10.7802;21192.4;655.413;21847.8;3754.67;61.4254;0.459055
10.7902;21192.4;655.413;21847.8;3754.67;57.8061;0.459055
10.8002;21192.4;655.413;21847.8;3754.67;62.1303;0.459055
10.8102;21192.4;655.413;21847.8;3754.67;65.3871;0.459055
10.8202;21192.4;655.413;21847.8;3754.67;60.1361;0.459055
10.8302;21192.4;655.413;21847.8;3754.67;58.3256;0.459055
10.8402;21192.4;655.413;21847.8;3754.67;57.6417;0.459055
10.8502;21192.4;655.413;21847.8;3754.67;56.6524;0.459055
10.8602;21192.4;655.413;21847.8;3754.67;56.0316;0.459055
10.8702;21192.4;655.413;21847.8;3754.67;59.6355;0.459055
10.8802;21192.4;655.413;21847.8;3754.67;57.6123;0.459055
10.8902;21192.4;655.413;21847.8;3754.67;55.2295;0.459055
10.9002;21192.4;655.413;21847.8;3754.67;59.0845;0.459055
10.9102;21192.4;655.413;21847.8;3754.67;57.9858;0.459055
10.9202;21192.4;655.413;21847.8;3754.67;55.7604;0.459055
10.9302;21192.4;655.413;21847.8;3754.67;60.2926;0.459055
10.9402;21192.4;655.413;21847.8;3754.67;58.0083;0.459055
10.9502;21192.4;655.413;21847.8;3754.67;53.9451;0.459055
10.9602;21192.4;655.413;21847.8;3754.67;59.5943;0.459055
10.9702;21192.4;655.413;21847.8;3754.67;60.301;0.459055
10.9802;21192.4;655.413;21847.8;3754.67;56.1153;0.459055
10.9902;21192.4;655.413;21847.8;3754.67;58.0074;0.459055
11.0002;21192.4;655.413;21847.8;3754.67;56.8875;0.459055
11.0102;21192.4;655.413;21847.8;3754.67;55.156;0.459055
11.0202;21192.4;655.413;21847.8;3754.67;58.4908;0.459055
11.0302;21192.4;655.413;21847.8;3754.67;59.3079;0.459055
11.0402;21192.4;655.413;21847.8;3754.67;57.1487;0.459055
11.0502;21192.4;655.413;21847.8;3754.67;58.5952;0.459055
11.0602;21192.4;655.413;21847.8;3754.67;58.6842;0.459055
11.0702;21192.4;655.413;21847.8;3754.67;54.8937;0.459055
11.0802;21192.4;655.413;21847.8;3754.67;57.9687;0.459055
11.0902;21192.4;655.413;21847.8;3754.67;60.5212;0.459055
11.1002;21192.4;655.413;21847.8;3754.67;56.7923;0.459055
11.1102;21192.4;655.413;21847.8;3754.67;58.1331;0.459055
11.1202;21192.4;655.413;21847.8;3754.67;58.8173;0.459055
11.1302;21192.4;655.413;21847.8;3754.67;54.1102;0.459055
11.1402;21192.4;655.413;21847.8;3754.67;58.2928;0.459055
11.1502;21192.4;655.413;21847.8;3754.67;61.5033;0.459055
11.1602;21192.4;655.413;21847.8;3754.67;56.3725;0.459055
11.1702;21192.4;655.413;21847.8;3754.67;56.7019;0.459055
11.1802;21192.4;655.413;21847.8;3754.67;58.695;0.459055
11.1902;21192.4;655.413;21847.8;3754.67;56.1843;0.459055
11.2002;21192.4;655.413;21847.8;3754.67;58.1605;0.459055
11.2102;21192.4;655.413;21847.8;3754.67;59.2051;0.459055
11.2202;21192.4;655.413;21847.8;3754.67;56.8981;0.459055
11.2302;21192.4;655.413;21847.8;3754.67;57.1882;0.459055
11.2402;21192.4;655.413;21847.8;3754.67;57.6213;0.459055
11.2502;21192.4;655.413;21847.8;3754.67;53.733;0.459055
11.2602;21192.4;655.413;21847.8;3754.67;56.2699;0.459055
11.2702;21192.4;655.413;21847.8;3754.67;60.3793;0.459055
11.2802;21192.4;655.413;21847.8;3754.67;58.0054;0.459055
11.2902;21192.4;655.413;21847.8;3754.67;54.1952;0.459055
11.3002;21192.4;655.413;21847.8;3754.67;54.1149;0.459055
11.3102;21192.4;655.413;21847.8;3754.67;56.1584;0.459055
11.3202;21192.4;655.413;21847.8;3754.67;56.3687;0.459055
11.3302;21192.4;655.413;21847.8;3754.67;55.8781;0.459055
11.3402;21192.4;655.413;21847.8;3754.67;55.367;0.459055
11.3502;21192.4;655.413;21847.8;3754.67;55.6609;0.459055
11.3602;21192.4;655.413;21847.8;3754.67;56.8602;0.459055
11.3702;21192.4;655.413;21847.8;3754.67;56.8785;0.459055
11.3802;21192.4;655.413;21847.8;3754.67;55.0573;0.459055
11.3902;21192.4;655.413;21847.8;3754.67;53.7437;0.459055
11.4002;21192.4;655.413;21847.8;3754.67;58.5757;0.459055
11.4102;21192.4;655.413;21847.8;3754.67;60.3138;0.459055
11.4202;21192.4;655.413;21847.8;3754.67;56.2866;0.459055
11.4302;21192.4;655.413;21847.8;3754.67;55.4227;0.459055
11.4402;21192.4;655.413;21847.8;3754.67;57.4909;0.459055
11.4502;21192.4;655.413;21847.8;3754.67;59.3213;0.459055
11.4602;21192.4;655.413;21847.8;3754.67;57.9234;0.459055
11.4702;21192.4;655.413;21847.8;3754.67;54.8213;0.459055
11.4802;21192.4;655.413;21847.8;3754.67;58.1266;0.459055
11.4902;21192.4;655.413;21847.8;3754.67;63.4842;0.459055
11.5002;21192.4;655.413;21847.8;3754.67;62.2958;0.459055
11.5102;21192.4;655.413;21847.8;3754.67;56.9808;0.459055
11.5202;21192.4;655.413;21847.8;3754.67;61.8733;0.459055
11.5302;21192.4;655.413;21847.8;3754.67;63.3807;0.459055
11.5402;21192.4;655.413;21847.8;3754.67;58.4737;0.459055
11.5502;21192.4;655.413;21847.8;3754.67;59.8799;0.459055
11.5602;21192.4;655.413;21847.8;3754.67;59.0364;0.459055
11.5702;21192.4;655.413;21847.8;3754.67;56.8502;0.459055
11.5802;21192.4;655.413;21847.8;3754.67;60.4104;0.459055
11.5902;21192.4;655.413;21847.8;3754.67;59.8911;0.459055
11.6002;21192.4;655.413;21847.8;3754.67;58.1466;0.459055
11.6102;21192.4;655.413;21847.8;3754.67;60.2466;0.459055
11.6202;21192.4;655.413;21847.8;3754.67;58.9385;0.459055
11.6302;21192.4;655.413;21847.8;3754.67;55.3258;0.459055
11.6402;21192.4;655.413;21847.8;3754.67;58.5853;0.459055
11.6502;21192.4;655.413;21847.8;3754.67;58.1537;0.459055
11.6602;21192.4;655.413;21847.8;3754.67;55.8743;0.459055
11.6702;21192.4;655.413;21847.8;3754.67;60.8412;0.459055
11.6802;21192.4;655.413;21847.8;3754.67;58.1366;0.459055
11.6902;21192.4;655.413;21847.8;3754.67;54.257;0.459055
11.7002;21192.4;655.413;21847.8;3754.67;60.3473;0.459055
11.7102;21192.4;655.413;21847.8;3754.67;58.9968;0.459055
11.7202;21192.4;655.413;21847.8;3754.67;55.8942;0.459055
11.7302;21192.4;655.413;21847.8;3754.67;60.6995;0.459055
11.7402;21192.4;655.413;21847.8;3754.67;57.1469;0.459055
11.7502;21192.4;655.413;21847.8;3754.67;55.6759;0.459055
11.7602;21192.4;655.413;21847.8;3754.67;60.766;0.459055
11.7702;21192.4;655.413;21847.8;3754.67;59.107;0.459055
11.7802;21192.4;655.413;21847.8;3754.67;58.1561;0.459055
11.7902;21192.4;655.413;21847.8;3754.67;61.14;0.459055
11.8002;21192.4;655.413;21847.8;3754.67;58.3715;0.459055
11.8102;21192.4;655.413;21847.8;3754.67;56.7842;0.459055
11.8202;21192.4;655.413;21847.8;3754.67;58.9106;0.459055
11.8302;21192.4;655.413;21847.8;3754.67;55.1589;0.459055
11.8402;21192.4;655.413;21847.8;3754.67;56.6456;0.459055
11.8502;21192.4;655.413;21847.8;3754.67;61.3838;0.459055
11.8602;21192.4;655.413;21847.8;3754.67;56.8442;0.459055
11.8702;21192.4;655.413;21847.8;3754.67;52.8246;0.459055
11.8802;21192.4;655.413;21847.8;3754.67;56.2909;0.459055
11.8902;21192.4;655.413;21847.8;3754.67;57.2803;0.459055
11.9002;21192.4;655.413;21847.8;3754.67;59.5415;0.459055
11.9102;21192.4;655.413;21847.8;3754.67;62.1471;0.459055
11.9202;21192.4;655.413;21847.8;3754.67;56.9575;0.459055
11.9302;21192.4;655.413;21847.8;3754.67;57.8369;0.459055
11.9402;21192.4;655.413;21847.8;3754.67;58.3648;0.459055
11.9502;21192.4;655.413;21847.8;3754.67;57.831;0.459055
11.9602;21192.4;655.413;21847.8;3754.67;60.6417;0.459055
11.9702;21192.4;655.413;21847.8;3754.67;63.632;0.459055
11.9802;21192.4;655.413;21847.8;3754.67;60.9821;0.459055
11.9902;21192.4;655.413;21847.8;3754.67;58.3608;0.459055
12.0002;21192.4;655.413;21847.8;3754.67;57.9622;0.459055
12.0102;21192.4;655.413;21847.8;3754.67;55.3916;0.459055
12.0202;21192.4;655.413;21847.8;3754.67;59.098;0.459055
12.0302;21192.4;655.413;21847.8;3754.67;64.2054;0.459055
12.0402;21192.4;655.413;21847.8;3754.67;60.899;0.459055
12.0502;21192.4;655.413;21847.8;3754.67;57.9035;0.459055
12.0602;21192.4;655.413;21847.8;3754.67;55.4194;0.459055
12.0702;21192.4;655.413;21847.8;3754.67;51.7446;0.459055
12.0802;21192.4;655.413;21847.8;3754.67;58.4806;0.459055
12.0902;21192.4;655.413;21847.8;3754.67;62.5015;0.459055
12.1002;21192.4;655.413;21847.8;3754.67;59.7471;0.459055
12.1102;21192.4;655.413;21847.8;3754.67;59.3561;0.459055
12.1202;21192.4;655.413;21847.8;3754.67;54.9061;0.459055
12.1302;21192.4;655.413;21847.8;3754.67;53.2268;0.459055
12.1402;21192.4;655.413;21847.8;3754.67;55.9517;0.459055
12.1502;21192.4;655.413;21847.8;3754.67;57.8399;0.459055
12.1602;21192.4;655.413;21847.8;3754.67;56.2817;0.459055
12.1702;21192.4;655.413;21847.8;3754.67;54.3148;0.459055
12.1802;21192.4;655.413;21847.8;3754.67;56.6986;0.459055
12.1902;21192.4;655.413;21847.8;3754.67;60.7515;0.459055
12.2002;21192.4;655.413;21847.8;3754.67;56.7113;0.459055
12.2102;21192.4;655.413;21847.8;3754.67;52.9167;0.459055
12.2202;21192.4;655.413;21847.8;3754.67;53.8298;0.459055
12.2302;21192.4;655.413;21847.8;3754.67;59.3812;0.459055
12.2402;21192.4;655.413;21847.8;3754.67;58.2744;0.459055
12.2502;21192.4;655.413;21847.8;3754.67;56.2779;0.459055
12.2602;21192.4;655.413;21847.8;3754.67;55.9549;0.459055
12.2702;21192.4;655.413;21847.8;3754.67;58.9421;0.459055
12.2802;21192.4;655.413;21847.8;3754.67;59.368;0.459055
12.2902;21192.4;655.413;21847.8;3754.67;55.4522;0.459055
12.3002;21192.4;655.413;21847.8;3754.67;54.9854;0.459055
12.3102;21192.4;655.413;21847.8;3754.67;60.8799;0.459055
12.3202;21192.4;655.413;21847.8;3754.67;61.7294;0.459055
12.3302;21192.4;655.413;21847.8;3754.67;56.4243;0.459055
12.3402;21192.4;655.413;21847.8;3754.67;53.7041;0.459055
12.3502;21192.4;655.413;21847.8;3754.67;58.5113;0.459055
12.3602;21192.4;655.413;21847.8;3754.67;61.5624;0.459055
12.3702;21192.4;655.413;21847.8;3754.67;58.3551;0.459055
12.3802;21192.4;655.413;21847.8;3754.67;56.8569;0.459055
12.3902;21192.4;655.413;21847.8;3754.67;59.4385;0.459055
12.4002;21192.4;655.413;21847.8;3754.67;58.1609;0.459055
12.4102;21192.4;655.413;21847.8;3754.67;54.9618;0.459055
12.4202;21192.4;655.413;21847.8;3754.67;58.3316;0.459055
12.4302;21192.4;655.413;21847.8;3754.67;58.2778;0.459055
12.4402;21192.4;655.413;21847.8;3754.67;56.202;0.459055
12.4502;21192.4;655.413;21847.8;3754.67;54.9893;0.459055
12.4602;21192.4;655.413;21847.8;3754.67;52.8765;0.459055
12.4702;21192.4;655.413;21847.8;3754.67;49.7877;0.459055
12.4802;21192.4;655.413;21847.8;3754.67;56.9454;0.459055
12.4902;21192.4;655.413;21847.8;3754.67;55.8337;0.459055
12.5002;21192.4;655.413;21847.8;3754.67;54.0999;0.459055
12.5102;21192.4;655.413;21847.8;3754.67;54.8869;0.459055
12.5202;21192.4;655.413;21847.8;3754.67;51.8667;0.459055
12.5302;21192.4;655.413;21847.8;3754.67;50.6696;0.459055
12.5402;21192.4;655.413;21847.8;3754.67;56.471;0.459055
12.5502;21192.4;655.413;21847.8;3754.67;58.1744;0.459055
12.5602;21192.4;655.413;21847.8;3754.67;57.6095;0.459055
12.5702;21192.4;655.413;21847.8;3754.67;58.0385;0.459055
12.5802;21192.4;655.413;21847.8;3754.67;55.7471;0.459055
12.5902;21192.4;655.413;21847.8;3754.67;52.3479;0.459055
12.6002;21192.4;655.413;21847.8;3754.67;55.3671;0.459055
12.6102;21192.4;655.413;21847.8;3754.67;58.118;0.459055
12.6202;21192.4;655.413;21847.8;3754.67;58.089;0.459055
12.6302;21192.4;655.413;21847.8;3754.67;60.0602;0.459055
12.6402;21192.4;655.413;21847.8;3754.67;55.8208;0.459055
12.6502;21192.4;655.413;21847.8;3754.67;52.06;0.459055
12.6602;21192.4;655.413;21847.8;3754.67;55.4765;0.459055
12.6702;21192.4;655.413;21847.8;3754.67;56.655;0.459055
12.6802;21192.4;655.413;21847.8;3754.67;58.5735;0.459055
12.6902;21192.4;655.413;21847.8;3754.67;61.6158;0.459055
12.7002;21192.4;655.413;21847.8;3754.67;56.4336;0.459055
12.7102;21192.4;655.413;21847.8;3754.67;55.1761;0.459055
12.7202;21192.4;655.413;21847.8;3754.67;56.2989;0.459055
12.7302;21192.4;655.413;21847.8;3754.67;55.9618;0.459055
12.7402;21192.4;655.413;21847.8;3754.67;59.3307;0.459055
12.7502;21192.4;655.413;21847.8;3754.67;62.0839;0.459055
12.7602;21192.4;655.413;21847.8;3754.67;59.8606;0.459055
12.7702;21192.4;655.413;21847.8;3754.67;57.5519;0.459055
12.7802;21192.4;655.413;21847.8;3754.67;57.0273;0.459055
12.7902;21192.4;655.413;21847.8;3754.67;54.3431;0.459055
12.8002;21192.4;655.413;21847.8;3754.67;54.7602;0.459055
12.8102;21192.4;655.413;21847.8;3754.67;60.5399;0.459055
12.8202;21192.4;655.413;21847.8;3754.67;56.3815;0.459055
12.8302;21192.4;655.413;21847.8;3754.67;54.1546;0.459055
12.8402;21192.4;655.413;21847.8;3754.67;58.069;0.459055
12.8502;21192.4;655.413;21847.8;3754.67;53.8408;0.459055
12.8602;21192.4;655.413;21847.8;3754.67;59.9106;0.459055
12.8702;21192.4;655.413;21847.8;3754.67;63.6723;0.459055
12.8802;21192.4;655.413;21847.8;3754.67;58.1432;0.459055
12.8902;21192.4;655.413;21847.8;3754.67;57.7893;0.459055
12.9002;21192.4;655.413;21847.8;3754.67;59.8449;0.459055
12.9102;21192.4;655.413;21847.8;3754.67;57.1218;0.459055
12.9202;21192.4;655.413;21847.8;3754.67;58.5757;0.459055
12.9302;21192.4;655.413;21847.8;3754.67;60.5944;0.459055
12.9402;21192.4;655.413;21847.8;3754.67;58.1067;0.459055
12.9502;21192.4;655.413;21847.8;3754.67;58.4874;0.459055
12.9602;21192.4;655.413;21847.8;3754.67;59.5638;0.459055
12.9702;21192.4;655.413;21847.8;3754.67;55.5496;0.459055
12.9802;21192.4;655.413;21847.8;3754.67;57.9636;0.459055
12.9902;21192.4;655.413;21847.8;3754.67;61.9059;0.459055
13.0002;21192.4;655.413;21847.8;3754.67;57.8009;0.459055
13.0102;21192.4;655.413;21847.8;3754.67;58.3951;0.459055
13.0202;21192.4;655.413;21847.8;3754.67;60.1043;0.459055
13.0302;21192.4;655.413;21847.8;3754.67;55.0713;0.459055
13.0402;21192.4;655.413;21847.8;3754.67;58.4992;0.459055
13.0502;21192.4;655.413;21847.8;3754.67;62.1826;0.459055
13.0602;21192.4;655.413;21847.8;3754.67;58.5264;0.459055
13.0702;21192.4;655.413;21847.8;3754.67;56.6526;0.459055
13.0802;21192.4;655.413;21847.8;3754.67;56.4776;0.459055
13.0902;21192.4;655.413;21847.8;3754.67;59.9795;0.459055
13.1002;21192.4;655.413;21847.8;3754.67;59.7483;0.459055
13.1102;21192.4;655.413;21847.8;3754.67;55.5687;0.459055
13.1202;21192.4;655.413;21847.8;3754.67;54.2857;0.459055
13.1302;21192.4;655.413;21847.8;3754.67;60.1004;0.459055
13.1402;21192.4;655.413;21847.8;3754.67;63.1212;0.459055
13.1502;21192.4;655.413;21847.8;3754.67;58.0963;0.459055
13.1602;21192.4;655.413;21847.8;3754.67;54.4774;0.459055
13.1702;21192.4;655.413;21847.8;3754.67;56.8952;0.459055
13.1802;21192.4;655.413;21847.8;3754.67;61.042;0.459055
13.1902;21192.4;655.413;21847.8;3754.67;59.3179;0.459055
13.2002;21192.4;655.413;21847.8;3754.67;57.1606;0.459055
13.2102;21192.4;655.413;21847.8;3754.67;54.1032;0.459055
13.2202;21192.4;655.413;21847.8;3754.67;57.5973;0.459055
13.2302;21192.4;655.413;21847.8;3754.67;62.6462;0.459055
13.2402;21192.4;655.413;21847.8;3754.67;57.7863;0.459055
13.2502;21192.4;655.413;21847.8;3754.67;53.388;0.459055
13.2602;21192.4;655.413;21847.8;3754.67;59.3255;0.459055
13.2702;21192.4;655.413;21847.8;3754.67;63.0526;0.459055
13.2802;21192.4;655.413;21847.8;3754.67;57.7938;0.459055
13.2902;21192.4;655.413;21847.8;3754.67;55.4786;0.459055
13.3002;21192.4;655.413;21847.8;3754.67;59.9221;0.459055
13.3102;21192.4;655.413;21847.8;3754.67;61.0113;0.459055
13.3202;21192.4;655.413;21847.8;3754.67;60.4416;0.459055
13.3302;21192.4;655.413;21847.8;3754.67;61.7598;0.459055
13.3402;21192.4;655.413;21847.8;3754.67;61.0477;0.459055
13.3502;21192.4;655.413;21847.8;3754.67;56.9209;0.459055
13.3602;21192.4;655.413;21847.8;3754.67;58.0476;0.459055
13.3702;21192.4;655.413;21847.8;3754.67;59.0329;0.459055
13.3802;21192.4;655.413;21847.8;3754.67;59.7706;0.459055
13.3902;21192.4;655.413;21847.8;3754.67;62.8621;0.459055
13.4002;21192.4;655.413;21847.8;3754.67;61.5027;0.459055
13.4102;21192.4;655.413;21847.8;3754.67;56.3527;0.459055
13.4202;21192.4;655.413;21847.8;3754.67;61.3888;0.459055
13.4302;21192.4;655.413;21847.8;3754.67;62.4114;0.459055
13.4402;21192.4;655.413;21847.8;3754.67;57.7901;0.459055
13.4502;21192.4;655.413;21847.8;3754.67;59.5103;0.459055
13.4602;21192.4;655.413;21847.8;3754.67;59.3568;0.459055
13.4702;21192.4;655.413;21847.8;3754.67;56.916;0.459055
13.4802;21192.4;655.413;21847.8;3754.67;59.4807;0.459055
13.4902;21192.4;655.413;21847.8;3754.67;59.7729;0.459055
13.5002;21192.4;655.413;21847.8;3754.67;57.5852;0.459055
13.5102;21192.4;655.413;21847.8;3754.67;58.6854;0.459055
13.5202;21192.4;655.413;21847.8;3754.67;59.0214;0.459055
13.5302;21192.4;655.413;21847.8;3754.67;55.0558;0.459055
13.5402;21192.4;655.413;21847.8;3754.67;57.9714;0.459055
13.5502;21192.4;655.413;21847.8;3754.67;60.7034;0.459055
13.5602;21192.4;655.413;21847.8;3754.67;56.917;0.459055
13.5702;21192.4;655.413;21847.8;3754.67;58.2981;0.459055
13.5802;21192.4;655.413;21847.8;3754.67;59.6037;0.459055
13.5902;21192.4;655.413;21847.8;3754.67;54.9174;0.459055
13.6002;21192.4;655.413;21847.8;3754.67;58.6662;0.459055
13.6102;21192.4;655.413;21847.8;3754.67;61.8176;0.459055
13.6202;21192.4;655.413;21847.8;3754.67;56.7267;0.459055
13.6302;21192.4;655.413;21847.8;3754.67;57.5383;0.459055
13.6402;21192.4;655.413;21847.8;3754.67;59.5274;0.459055
13.6502;21192.4;655.413;21847.8;3754.67;56.7393;0.459055
13.6602;21192.4;655.413;21847.8;3754.67;58.6865;0.459055
13.6702;21192.4;655.413;21847.8;3754.67;59.9772;0.459055
13.6802;21192.4;655.413;21847.8;3754.67;57.5625;0.459055
13.6902;21192.4;655.413;21847.8;3754.67;57.7426;0.459055
13.7002;21192.4;655.413;21847.8;3754.67;58.2379;0.459055
13.7102;21192.4;655.413;21847.8;3754.67;54.2711;0.459055
13.7202;21192.4;655.413;21847.8;3754.67;56.0131;0.459055
13.7302;21192.4;655.413;21847.8;3754.67;60.4653;0.459055
13.7402;21192.4;655.413;21847.8;3754.67;56.3243;0.459055
13.7502;21192.4;655.413;21847.8;3754.67;55.8305;0.459055
13.7602;21192.4;655.413;21847.8;3754.67;59.1552;0.459055
13.7702;21192.4;655.413;21847.8;3754.67;54.8081;0.459055
13.7802;21192.4;655.413;21847.8;3754.67;55.7085;0.459055
13.7902;21192.4;655.413;21847.8;3754.67;60.9555;0.459055
13.8002;21192.4;655.413;21847.8;3754.67;56.1046;0.459055
13.8102;21192.4;655.413;21847.8;3754.67;55.6933;0.459055
13.8202;21192.4;655.413;21847.8;3754.67;59.5108;0.459055
13.8302;21192.4;655.413;21847.8;3754.67;57.358;0.459055
13.8402;21192.4;655.413;21847.8;3754.67;57.6624;0.459055
13.8502;21192.4;655.413;21847.8;3754.67;60.2919;0.459055
13.8602;21192.4;655.413;21847.8;3754.67;57.4333;0.459055
13.8702;21192.4;655.413;21847.8;3754.67;56.5529;0.459055
13.8802;21192.4;655.413;21847.8;3754.67;58.3937;0.459055
13.8902;21192.4;655.413;21847.8;3754.67;54.6704;0.459055
13.9002;21192.4;655.413;21847.8;3754.67;55.3813;0.459055
13.9102;21192.4;655.413;21847.8;3754.67;60.9003;0.459055
13.9202;21192.4;655.413;21847.8;3754.67;56.4338;0.459055
13.9302;21192.4;655.413;21847.8;3754.67;52.3626;0.459055
13.9402;21192.4;655.413;21847.8;3754.67;57.7716;0.459055
13.9502;21192.4;655.413;21847.8;3754.67;61.6015;0.459055
13.9602;21192.4;655.413;21847.8;3754.67;57.7344;0.459055
13.9702;21192.4;655.413;21847.8;3754.67;55.614;0.459055
13.9802;21192.4;655.413;21847.8;3754.67;56.7117;0.459055
13.9902;21192.4;655.413;21847.8;3754.67;59.317;0.459055
14.0002;21192.4;655.413;21847.8;3754.67;58.8147;0.459055
14.0102;21192.4;655.413;21847.8;3754.67;56.2504;0.459055
14.0202;21192.4;655.413;21847.8;3754.67;55.4342;0.459055
14.0302;21192.4;655.413;21847.8;3754.67;54.8611;0.459055
14.0402;21192.4;655.413;21847.8;3754.67;57.7234;0.459055
14.0502;21192.4;655.413;21847.8;3754.67;58.5901;0.459055
14.0602;21192.4;655.413;21847.8;3754.67;54.3818;0.459055
14.0702;21192.4;655.413;21847.8;3754.67;53.8851;0.459055
14.0802;21192.4;655.413;21847.8;3754.67;55.9431;0.459055
14.0902;21192.4;655.413;21847.8;3754.67;58.4205;0.459055
14.1002;21192.4;655.413;21847.8;3754.67;57.5605;0.459055
14.1102;21192.4;655.413;21847.8;3754.67;54.4035;0.459055
14.1202;21192.4;655.413;21847.8;3754.67;54.5926;0.459055
14.1302;21192.4;655.413;21847.8;3754.67;60.6047;0.459055
14.1402;21192.4;655.413;21847.8;3754.67;61.7095;0.459055
14.1502;21192.4;655.413;21847.8;3754.67;56.5632;0.459055
14.1602;21192.4;655.413;21847.8;3754.67;53.5668;0.459055
14.1702;21192.4;655.413;21847.8;3754.67;57.4717;0.459055
14.1802;21192.4;655.413;21847.8;3754.67;56.5042;0.459055
14.1902;21192.4;655.413;21847.8;3754.67;54.8233;0.459055
14.2002;21192.4;655.413;21847.8;3754.67;58.6273;0.459055
14.2102;21192.4;655.413;21847.8;3754.67;58.8744;0.459055
14.2202;21192.4;655.413;21847.8;3754.67;57.2347;0.459055
14.2302;21192.4;655.413;21847.8;3754.67;59.2283;0.459055
14.2402;21192.4;655.413;21847.8;3754.67;58.4376;0.459055
14.2502;21192.4;655.413;21847.8;3754.67;54.6926;0.459055
14.2602;21192.4;655.413;21847.8;3754.67;57.6756;0.459055
14.2702;21192.4;655.413;21847.8;3754.67;59.9157;0.459055
14.2802;21192.4;655.413;21847.8;3754.67;56.3803;0.459055
14.2902;21192.4;655.413;21847.8;3754.67;58.9438;0.459055
14.3002;21192.4;655.413;21847.8;3754.67;58.7601;0.459055
14.3102;21192.4;655.413;21847.8;3754.67;54.1439;0.459055
14.3202;21192.4;655.413;21847.8;3754.67;58.9188;0.459055
14.3302;21192.4;655.413;21847.8;3754.67;61.5983;0.459055
14.3402;21192.4;655.413;21847.8;3754.67;56.8586;0.459055
14.3502;21192.4;655.413;21847.8;3754.67;58.5863;0.459055
14.3602;21192.4;655.413;21847.8;3754.67;58.9472;0.459055
14.3702;21192.4;655.413;21847.8;3754.67;56.7454;0.459055
14.3802;21192.4;655.413;21847.8;3754.67;59.9797;0.459055
14.3902;21192.4;655.413;21847.8;3754.67;60.8489;0.459055
14.4002;21192.4;655.413;21847.8;3754.67;58.1751;0.459055
14.4102;21192.4;655.413;21847.8;3754.67;59.3465;0.459055
14.4202;21192.4;655.413;21847.8;3754.67;59.3019;0.459055
14.4302;21192.4;655.413;21847.8;3754.67;57.6725;0.459055
14.4402;21192.4;655.413;21847.8;3754.67;59.9393;0.459055
14.4502;21192.4;655.413;21847.8;3754.67;61.8823;0.459055
14.4602;21192.4;655.413;21847.8;3754.67;57.7193;0.459055
14.4702;21192.4;655.413;21847.8;3754.67;58.6355;0.459055
14.4802;21192.4;655.413;21847.8;3754.67;58.7759;0.459055
14.4902;21192.4;655.413;21847.8;3754.67;54.0893;0.459055
14.5002;21192.4;655.413;21847.8;3754.67;58.1166;0.459055
14.5102;21192.4;655.413;21847.8;3754.67;60.8548;0.459055
14.5202;21192.4;655.413;21847.8;3754.67;55.9584;0.459055
14.5302;21192.4;655.413;21847.8;3754.67;54.6118;0.459055
14.5402;21192.4;655.413;21847.8;3754.67;56.1769;0.459055
14.5502;21192.4;655.413;21847.8;3754.67;56.1457;0.459055
14.5602;21192.4;655.413;21847.8;3754.67;59.0349;0.459055
14.5702;21192.4;655.413;21847.8;3754.67;61.6158;0.459055
14.5802;21192.4;655.413;21847.8;3754.67;59.1376;0.459055
14.5902;21192.4;655.413;21847.8;3754.67;56.0924;0.459055
14.6002;21192.4;655.413;21847.8;3754.67;56.8982;0.459055
14.6102;21192.4;655.413;21847.8;3754.67;55.6774;0.459055
14.6202;21192.4;655.413;21847.8;3754.67;58.699;0.459055
14.6302;21192.4;655.413;21847.8;3754.67;63.2067;0.459055
14.6402;21192.4;655.413;21847.8;3754.67;58.737;0.459055
14.6502;21192.4;655.413;21847.8;3754.67;54.6623;0.459055
14.6602;21192.4;655.413;21847.8;3754.67;56.0922;0.459055
14.6702;21192.4;655.413;21847.8;3754.67;55.4974;0.459055
14.6802;21192.4;655.413;21847.8;3754.67;58.7264;0.459055
14.6902;21192.4;655.413;21847.8;3754.67;62.0757;0.459055
14.7002;21192.4;655.413;21847.8;3754.67;57.0215;0.459055
14.7102;21192.4;655.413;21847.8;3754.67;55.8248;0.459055
14.7202;21192.4;655.413;21847.8;3754.67;56.6393;0.459055
14.7302;21192.4;655.413;21847.8;3754.67;56.5198;0.459055
14.7402;21192.4;655.413;21847.8;3754.67;59.2465;0.459055
14.7502;21192.4;655.413;21847.8;3754.67;62.3066;0.459055
14.7602;21192.4;655.413;21847.8;3754.67;60.0203;0.459055
14.7702;21192.4;655.413;21847.8;3754.67;56.9603;0.459055
14.7802;21192.4;655.413;21847.8;3754.67;60.3537;0.459055
14.7902;21192.4;655.413;21847.8;3754.67;58.1974;0.459055
14.8002;21192.4;655.413;21847.8;3754.67;60.8375;0.459055
14.8102;21192.4;655.413;21847.8;3754.67;65.5456;0.459055
14.8202;21192.4;655.413;21847.8;3754.67;60.9246;0.459055
14.8302;21192.4;655.413;21847.8;3754.67;56.8727;0.459055
14.8402;21192.4;655.413;21847.8;3754.67;57.4507;0.459055
14.8502;21192.4;655.413;21847.8;3754.67;61.8118;0.459055
14.8602;21192.4;655.413;21847.8;3754.67;60.2174;0.459055
14.8702;21192.4;655.413;21847.8;3754.67;57.8593;0.459055
14.8802;21192.4;655.413;21847.8;3754.67;57.1468;0.459055
14.8902;21192.4;655.413;21847.8;3754.67;59.9821;0.459055
14.9002;21192.4;655.413;21847.8;3754.67;60.6969;0.459055
14.9102;21192.4;655.413;21847.8;3754.67;56.332;0.459055
14.9202;21192.4;655.413;21847.8;3754.67;54.3;0.459055
14.9302;21192.4;655.413;21847.8;3754.67;58.8662;0.459055
14.9402;21192.4;655.413;21847.8;3754.67;63.3193;0.459055
14.9502;21192.4;655.413;21847.8;3754.67;58.9532;0.459055
14.9602;21192.4;655.413;21847.8;3754.67;54.407;0.459055
14.9702;21192.4;655.413;21847.8;3754.67;55.2316;0.459055
14.9802;21192.4;655.413;21847.8;3754.67;60.2018;0.459055
14.9902;21192.4;655.413;21847.8;3754.67;59.5638;0.459055
