0;21410.8;436.955;21847.8;3413.33;0.7255;0.744104
0.01;21410.8;436.955;21847.8;3413.33;4.398;0.744104
0.02;21410.8;436.955;21847.8;3413.33;7.9782;0.744104
0.03;21410.8;436.955;21847.8;3413.33;7.2095;0.744104
0.04;21410.8;436.955;21847.8;3413.33;8.0866;0.744104
0.05;21410.8;436.955;21847.8;3413.33;5.0754;0.744104
0.06;21410.8;436.955;21847.8;3413.33;4.5759;0.744104
0.07;21410.8;436.955;21847.8;3413.33;6.684;0.744104
0.08;21410.8;436.955;21847.8;3413.33;7.1279;0.744104
0.09;21410.8;436.955;21847.8;3413.33;8.7067;0.744104
0.1;21410.8;436.955;21847.8;3413.33;9.4614;0.744104
0.11;21410.8;436.955;21847.8;3413.33;12.4075;0.744104
0.12;21410.8;436.955;21847.8;3413.33;24.3331;0.744104
0.13;21410.8;436.955;21847.8;3413.33;21.9725;0.744104
0.14;21410.8;436.955;21847.8;3413.33;22.4049;0.744104
0.15;21410.8;436.955;21847.8;3413.33;20.2351;0.744104
0.16;21410.8;436.955;21847.8;3413.33;26.2442;0.744104
0.17;21410.8;436.955;21847.8;3413.33;25.9275;0.744104
0.18;21410.8;436.955;21847.8;3413.33;36.1924;0.744104
0.19;21410.8;436.955;21847.8;3413.33;43.3338;0.744104
0.2;21410.8;436.955;21847.8;3413.33;45.1616;0.744104
0.21;21410.8;436.955;21847.8;3413.33;48.4119;0.744104
0.22;21410.8;436.955;21847.8;3413.33;43.1052;0.744104
0.23;21410.8;436.955;21847.8;3413.33;37.7233;0.744104
0.24;21410.8;436.955;21847.8;3413.33;33.8731;0.744104
0.25;21410.8;436.955;21847.8;3413.33;44.2326;0.744104
0.26;21410.8;436.955;21847.8;3413.33;41.1313;0.744104
0.27;21410.8;436.955;21847.8;3413.33;37.6814;0.744104
0.28;21410.8;436.955;21847.8;3413.33;39.3625;0.744104
0.29;21410.8;436.955;21847.8;3413.33;46.6583;0.744104
0.3;21410.8;436.955;21847.8;3413.33;43.0805;0.744104
0.31;21410.8;436.955;21847.8;3413.33;38.4853;0.744104
0.32;21410.8;436.955;21847.8;3413.33;46.9307;0.744104
0.33;21410.8;436.955;21847.8;3413.33;45.9389;0.744104
0.34;21410.8;436.955;21847.8;3413.33;42.3416;0.744104
0.35;21410.8;436.955;21847.8;3413.33;38.9123;0.744104
0.36;21410.8;436.955;21847.8;3413.33;45.4568;0.744104
0.37;21410.8;436.955;21847.8;3413.33;47.7819;0.744104
0.38;21410.8;436.955;21847.8;3413.33;42.2015;0.744104
0.39;21410.8;436.955;21847.8;3413.33;38.6371;0.744104
0.4;21410.8;436.955;21847.8;3413.33;47.1829;0.744104
0.41;21410.8;436.955;21847.8;3413.33;51.5194;0.744104
0.42;21410.8;436.955;21847.8;3413.33;48.6355;0.744104
0.43;21410.8;436.955;21847.8;3413.33;43.6821;0.744104
0.44;21410.8;436.955;21847.8;3413.33;43.0632;0.744104
0.45;21410.8;436.955;21847.8;3413.33;42.4539;0.744104
0.46;21410.8;436.955;21847.8;3413.33;46.6464;0.744104
0.47;21410.8;436.955;21847.8;3413.33;45.255;0.744104
0.48;21410.8;436.955;21847.8;3413.33;41.5082;0.744104
0.49;21410.8;436.955;21847.8;3413.33;38.4328;0.744104
0.5;21410.8;436.955;21847.8;3413.33;39.3544;0.744104
0.51;21410.8;436.955;21847.8;3413.33;45.8418;0.744104
0.52;21410.8;436.955;21847.8;3413.33;50.365;0.744104
0.53;21410.8;436.955;21847.8;3413.33;46.2653;0.744104
0.54;21410.8;436.955;21847.8;3413.33;49.1335;0.744104
0.55;21410.8;436.955;21847.8;3413.33;53.8035;0.744104
0.56;21410.8;436.955;21847.8;3413.33;48.2764;0.744104
0.57;21410.8;436.955;21847.8;3413.33;46.4946;0.744104
0.58;21410.8;436.955;21847.8;3413.33;42.2162;0.744104
0.59;21410.8;436.955;21847.8;3413.33;39.8107;0.744104
0.6;21410.8;436.955;21847.8;3413.33;38.8832;0.744104
0.61;21410.8;436.955;21847.8;3413.33;36.1694;0.744104
0.62;21410.8;436.955;21847.8;3413.33;41.1923;0.744104
0.63;21410.8;436.955;21847.8;3413.33;41.1872;0.744104
0.64;21410.8;436.955;21847.8;3413.33;44.2435;0.744104
0.65;21410.8;436.955;21847.8;3413.33;46.4257;0.744104
0.66;21410.8;436.955;21847.8;3413.33;54.4536;0.744104
0.67;21410.8;436.955;21847.8;3413.33;59.7792;0.744104
0.68;21410.8;436.955;21847.8;3413.33;64.8003;0.744104
0.69;21410.8;436.955;21847.8;3413.33;65.2257;0.744104
0.7;21410.8;436.955;21847.8;3413.33;66.1589;0.744104
0.71;21410.8;436.955;21847.8;3413.33;67.5911;0.744104
0.72;21410.8;436.955;21847.8;3413.33;68.9255;0.744104
0.73;21410.8;436.955;21847.8;3413.33;70.9092;0.744104
0.74;21410.8;436.955;21847.8;3413.33;73.6051;0.744104
0.75;21410.8;436.955;21847.8;3413.33;69.7537;0.744104
0.76;21410.8;436.955;21847.8;3413.33;70.7428;0.744104
0.77;21410.8;436.955;21847.8;3413.33;65.9085;0.744104
0.78;21410.8;436.955;21847.8;3413.33;62.7392;0.744104
0.79;21410.8;436.955;21847.8;3413.33;55.63;0.744104
0.8;21410.8;436.955;21847.8;3413.33;55.5057;0.744104
0.81;21410.8;436.955;21847.8;3413.33;51.5729;0.744104
0.82;21410.8;436.955;21847.8;3413.33;47.002;0.744104
0.83;21410.8;436.955;21847.8;3413.33;45.6874;0.744104
0.839999;21410.8;436.955;21847.8;3413.33;43.7255;0.744104
0.849999;21410.8;436.955;21847.8;3413.33;49.8559;0.744104
0.859999;21410.8;436.955;21847.8;3413.33;46.5622;0.744104
0.869999;21410.8;436.955;21847.8;3413.33;52.8429;0.744104
0.879999;21410.8;436.955;21847.8;3413.33;58.1659;0.744104
0.889999;21410.8;436.955;21847.8;3413.33;62.8956;0.744104
0.899999;21410.8;436.955;21847.8;3413.33;65.7115;0.744104
0.909999;21410.8;436.955;21847.8;3413.33;60.3883;0.744104
0.919999;21410.8;436.955;21847.8;3413.33;63.4291;0.744104
0.929999;21410.8;436.955;21847.8;3413.33;57.8568;0.744104
0.939999;21410.8;436.955;21847.8;3413.33;53.1165;0.744104
0.949999;21410.8;436.955;21847.8;3413.33;58.4257;0.744104
0.959999;21410.8;436.955;21847.8;3413.33;54.7048;0.744104
0.969999;21410.8;436.955;21847.8;3413.33;56.9733;0.744104
0.979999;21410.8;436.955;21847.8;3413.33;60.0275;0.744104
0.989999;21410.8;436.955;21847.8;3413.33;55.6285;0.744104
0.999999;21410.8;436.955;21847.8;3413.33;59.8969;0.744104
1.01;21410.8;436.955;21847.8;3413.33;55.6046;0.744104
1.02;21410.8;436.955;21847.8;3413.33;51.4245;0.744104
1.03;21410.8;436.955;21847.8;3413.33;53.8537;0.744104
1.04;21410.8;436.955;21847.8;3413.33;52.2114;0.744104
1.05;21410.8;436.955;21847.8;3413.33;51.5096;0.744104
1.06;21410.8;436.955;21847.8;3413.33;54.8546;0.744104
1.07;21410.8;436.955;21847.8;3413.33;51.8997;0.744104
1.08;21410.8;436.955;21847.8;3413.33;50.934;0.744104
1.09;21410.8;436.955;21847.8;3413.33;55.0718;0.744104
1.1;21410.8;436.955;21847.8;3413.33;51.532;0.744104
1.11;21410.8;436.955;21847.8;3413.33;54.4656;0.744104
1.12;21410.8;436.955;21847.8;3413.33;60.5268;0.744104
1.13;21410.8;436.955;21847.8;3413.33;56.4418;0.744104
1.14;21410.8;436.955;21847.8;3413.33;58.2775;0.744104
1.15;21410.8;436.955;21847.8;3413.33;53.9916;0.744104
1.16;21410.8;436.955;21847.8;3413.33;56.4311;0.744104
1.17;21410.8;436.955;21847.8;3413.33;53.7728;0.744104
1.18;21410.8;436.955;21847.8;3413.33;50.4767;0.744104
1.19;21410.8;436.955;21847.8;3413.33;48.7304;0.744104
1.2;21410.8;436.955;21847.8;3413.33;46.7659;0.744104
1.21;21410.8;436.955;21847.8;3413.33;50.3303;0.744104
1.22;21410.8;436.955;21847.8;3413.33;55.3328;0.744104
1.23;21410.8;436.955;21847.8;3413.33;60.6004;0.744104
1.24;21410.8;436.955;21847.8;3413.33;61.8863;0.744104
1.25;21410.8;436.955;21847.8;3413.33;57.1307;0.744104
1.26;21410.8;436.955;21847.8;3413.33;59.2532;0.744104
1.27;21410.8;436.955;21847.8;3413.33;55.8978;0.744104
1.28;21410.8;436.955;21847.8;3413.33;52.0241;0.744104
1.29;21410.8;436.955;21847.8;3413.33;52.7319;0.744104
1.3;21410.8;436.955;21847.8;3413.33;50.805;0.744104
1.31;21410.8;436.955;21847.8;3413.33;54.975;0.744104
1.32;21410.8;436.955;21847.8;3413.33;61.1081;0.744104
1.33;21410.8;436.955;21847.8;3413.33;63.3085;0.744104
1.34;21410.8;436.955;21847.8;3413.33;62.0599;0.744104
1.35;21410.8;436.955;21847.8;3413.33;56.7376;0.744104
1.36;21410.8;436.955;21847.8;3413.33;52.5108;0.744104
1.37;21410.8;436.955;21847.8;3413.33;55.5632;0.744104
1.38;21410.8;436.955;21847.8;3413.33;53.5296;0.744104
1.39;21410.8;436.955;21847.8;3413.33;51.7428;0.744104
1.4;21410.8;436.955;21847.8;3413.33;56.9213;0.744104
1.41;21410.8;436.955;21847.8;3413.33;55.0959;0.744104
1.42;21410.8;436.955;21847.8;3413.33;55.3811;0.744104
1.43;21410.8;436.955;21847.8;3413.33;54.1075;0.744104
1.44;21410.8;436.955;21847.8;3413.33;57.5342;0.744104
1.45;21410.8;436.955;21847.8;3413.33;55.5528;0.744104
1.46;21410.8;436.955;21847.8;3413.33;51.9376;0.744104
1.47;21410.8;436.955;21847.8;3413.33;55.0601;0.744104
1.48;21410.8;436.955;21847.8;3413.33;56.8557;0.744104
1.49;21410.8;436.955;21847.8;3413.33;53.9305;0.744104
1.5;21410.8;436.955;21847.8;3413.33;51.2499;0.744104
1.51;21410.8;436.955;21847.8;3413.33;55.3008;0.744104
1.52;21410.8;436.955;21847.8;3413.33;55.5622;0.744104
1.53;21410.8;436.955;21847.8;3413.33;53.2436;0.744104
1.54;21410.8;436.955;21847.8;3413.33;50.4506;0.744104
1.55;21410.8;436.955;21847.8;3413.33;54.9034;0.744104
1.56;21410.8;436.955;21847.8;3413.33;55.8586;0.744104
1.57;21410.8;436.955;21847.8;3413.33;53.1486;0.744104
1.58;21410.8;436.955;21847.8;3413.33;50.7397;0.744104
1.59;21410.8;436.955;21847.8;3413.33;55.2689;0.744104
1.6;21410.8;436.955;21847.8;3413.33;55.4893;0.744104
1.61;21410.8;436.955;21847.8;3413.33;53.2327;0.744104
1.62;21410.8;436.955;21847.8;3413.33;50.4455;0.744104
1.63;21410.8;436.955;21847.8;3413.33;56.1489;0.744104
1.64;21410.8;436.955;21847.8;3413.33;57.6646;0.744104
1.65;21410.8;436.955;21847.8;3413.33;54.7997;0.744104
1.66;21410.8;436.955;21847.8;3413.33;51.8349;0.744104
1.67;21410.8;436.955;21847.8;3413.33;54.9724;0.744104
1.68;21410.8;436.955;21847.8;3413.33;56.3435;0.744104
1.69;21410.8;436.955;21847.8;3413.33;54.2257;0.744104
1.7;21410.8;436.955;21847.8;3413.33;51.0386;0.744104
1.71;21410.8;436.955;21847.8;3413.33;56.5426;0.744104
1.72;21410.8;436.955;21847.8;3413.33;59.8804;0.744104
1.73;21410.8;436.955;21847.8;3413.33;56.6541;0.744104
1.74;21410.8;436.955;21847.8;3413.33;53.1605;0.744104
1.75;21410.8;436.955;21847.8;3413.33;58.066;0.744104
1.76;21410.8;436.955;21847.8;3413.33;61.7109;0.744104
1.77;21410.8;436.955;21847.8;3413.33;58.0544;0.744104
1.78;21410.8;436.955;21847.8;3413.33;54.5384;0.744104
1.79;21410.8;436.955;21847.8;3413.33;55.756;0.744104
1.8;21410.8;436.955;21847.8;3413.33;59.488;0.744104
1.81;21410.8;436.955;21847.8;3413.33;56.6717;0.744104
1.82;21410.8;436.955;21847.8;3413.33;56.3925;0.744104
1.83;21410.8;436.955;21847.8;3413.33;55.2596;0.744104
1.84;21410.8;436.955;21847.8;3413.33;56.8906;0.744104
1.85;21410.8;436.955;21847.8;3413.33;56.3948;0.744104
1.86;21410.8;436.955;21847.8;3413.33;56.918;0.744104
1.87;21410.8;436.955;21847.8;3413.33;54.2526;0.744104
1.88;21410.8;436.955;21847.8;3413.33;51.7934;0.744104
1.89;21410.8;436.955;21847.8;3413.33;54.0934;0.744104
1.9;21410.8;436.955;21847.8;3413.33;58.1718;0.744104
1.91;21410.8;436.955;21847.8;3413.33;54.405;0.744104
1.92;21410.8;436.955;21847.8;3413.33;50.9328;0.744104
1.93;21410.8;436.955;21847.8;3413.33;55.7554;0.744104
1.94;21410.8;436.955;21847.8;3413.33;59.3148;0.744104
1.95;21410.8;436.955;21847.8;3413.33;56.3244;0.744104
1.96;21410.8;436.955;21847.8;3413.33;52.7828;0.744104
1.97;21410.8;436.955;21847.8;3413.33;56.8363;0.744104
1.98;21410.8;436.955;21847.8;3413.33;56.9098;0.744104
1.99;21410.8;436.955;21847.8;3413.33;57.1812;0.744104
2;21410.8;436.955;21847.8;3413.33;55.8396;0.744104
2.01;21410.8;436.955;21847.8;3413.33;53.0528;0.744104
2.02;21410.8;436.955;21847.8;3413.33;52.9667;0.744104
2.03;21410.8;436.955;21847.8;3413.33;54.3055;0.744104
2.04;21410.8;436.955;21847.8;3413.33;53.31;0.744104
2.05;21410.8;436.955;21847.8;3413.33;57.5604;0.744104
2.06;21410.8;436.955;21847.8;3413.33;58.25;0.744104
2.07;21410.8;436.955;21847.8;3413.33;54.3143;0.744104
2.08;21410.8;436.955;21847.8;3413.33;50.9605;0.744104
2.09;21410.8;436.955;21847.8;3413.33;54.6282;0.744104
2.1;21410.8;436.955;21847.8;3413.33;58.0937;0.744104
2.11;21410.8;436.955;21847.8;3413.33;54.1429;0.744104
2.12;21410.8;436.955;21847.8;3413.33;58.6754;0.744104
2.13;21410.8;436.955;21847.8;3413.33;57.4201;0.744104
2.14;21410.8;436.955;21847.8;3413.33;53.6315;0.744104
2.15;21410.8;436.955;21847.8;3413.33;56.5882;0.744104
2.16;21410.8;436.955;21847.8;3413.33;58.3163;0.744104
2.17;21410.8;436.955;21847.8;3413.33;55.6753;0.744104
2.18;21410.8;436.955;21847.8;3413.33;53.1014;0.744104
2.19;21410.8;436.955;21847.8;3413.33;58.2373;0.744104
2.2;21410.8;436.955;21847.8;3413.33;56.5453;0.744104
2.21;21410.8;436.955;21847.8;3413.33;54.7773;0.744104
2.22;21410.8;436.955;21847.8;3413.33;58.6227;0.744104
2.23;21410.8;436.955;21847.8;3413.33;57.3182;0.744104
2.24;21410.8;436.955;21847.8;3413.33;54.9783;0.744104
2.25;21410.8;436.955;21847.8;3413.33;56.5396;0.744104
2.26;21410.8;436.955;21847.8;3413.33;61.6691;0.744104
2.27;21410.8;436.955;21847.8;3413.33;58.1064;0.744104
2.28;21410.8;436.955;21847.8;3413.33;55.0278;0.744104
2.29;21410.8;436.955;21847.8;3413.33;55.0125;0.744104
2.3;21410.8;436.955;21847.8;3413.33;58.5538;0.744104
2.31;21410.8;436.955;21847.8;3413.33;61.8555;0.744104
2.32;21410.8;436.955;21847.8;3413.33;58.5437;0.744104
2.33;21410.8;436.955;21847.8;3413.33;57.8709;0.744104
2.34;21410.8;436.955;21847.8;3413.33;56.4636;0.744104
2.35;21410.8;436.955;21847.8;3413.33;59.0675;0.744104
2.36;21410.8;436.955;21847.8;3413.33;58.916;0.744104
2.37;21410.8;436.955;21847.8;3413.33;56.5743;0.744104
2.38;21410.8;436.955;21847.8;3413.33;53.4891;0.744104
2.39;21410.8;436.955;21847.8;3413.33;58.0351;0.744104
2.4;21410.8;436.955;21847.8;3413.33;61.6224;0.744104
2.41;21410.8;436.955;21847.8;3413.33;58.9498;0.744104
2.42;21410.8;436.955;21847.8;3413.33;55.8931;0.744104
2.43;21410.8;436.955;21847.8;3413.33;56.3746;0.744104
2.44;21410.8;436.955;21847.8;3413.33;58.12;0.744104
2.45;21410.8;436.955;21847.8;3413.33;57.2754;0.744104
2.46;21410.8;436.955;21847.8;3413.33;58.6131;0.744104
2.47;21410.8;436.955;21847.8;3413.33;54.4698;0.744104
2.48;21410.8;436.955;21847.8;3413.33;51.8877;0.744104
2.49;21410.8;436.955;21847.8;3413.33;56.9571;0.744104
2.5;21410.8;436.955;21847.8;3413.33;61.0513;0.744104
2.51;21410.8;436.955;21847.8;3413.33;56.8136;0.744104
2.52;21410.8;436.955;21847.8;3413.33;52.9377;0.744104
2.53;21410.8;436.955;21847.8;3413.33;57.5215;0.744104
2.54;21410.8;436.955;21847.8;3413.33;57.538;0.744104
2.55;21410.8;436.955;21847.8;3413.33;57.6386;0.744104
2.56;21410.8;436.955;21847.8;3413.33;55.9678;0.744104
2.57;21410.8;436.955;21847.8;3413.33;54.0691;0.744104
2.58;21410.8;436.955;21847.8;3413.33;53.7395;0.744104
2.59;21410.8;436.955;21847.8;3413.33;56.9897;0.744104
2.6;21410.8;436.955;21847.8;3413.33;61.5454;0.744104
2.61;21410.8;436.955;21847.8;3413.33;56.8835;0.744104
2.62;21410.8;436.955;21847.8;3413.33;54.889;0.744104
2.63;21410.8;436.955;21847.8;3413.33;56.2357;0.744104
2.64;21410.8;436.955;21847.8;3413.33;59.8085;0.744104
2.65;21410.8;436.955;21847.8;3413.33;59.2598;0.744104
2.66;21410.8;436.955;21847.8;3413.33;57.0932;0.744104
2.67;21410.8;436.955;21847.8;3413.33;56.0428;0.744104
2.68;21410.8;436.955;21847.8;3413.33;52.8924;0.744104
2.69;21410.8;436.955;21847.8;3413.33;57.7431;0.744104
2.7;21410.8;436.955;21847.8;3413.33;59.2732;0.744104
2.71;21410.8;436.955;21847.8;3413.33;56.1009;0.744104
2.72;21410.8;436.955;21847.8;3413.33;52.646;0.744104
2.73;21410.8;436.955;21847.8;3413.33;56.2532;0.744104
2.74;21410.8;436.955;21847.8;3413.33;61.678;0.744104
2.75;21410.8;436.955;21847.8;3413.33;58.6032;0.744104
2.76;21410.8;436.955;21847.8;3413.33;56.8875;0.744104
2.77;21410.8;436.955;21847.8;3413.33;55.2039;0.744104
2.78;21410.8;436.955;21847.8;3413.33;60.3351;0.744104
2.79;21410.8;436.955;21847.8;3413.33;60.6744;0.744104
2.8;21410.8;436.955;21847.8;3413.33;58.0607;0.744104
2.81;21410.8;436.955;21847.8;3413.33;54.482;0.744104
2.82;21410.8;436.955;21847.8;3413.33;51.1729;0.744104
2.83;21410.8;436.955;21847.8;3413.33;55.67;0.744104
2.84;21410.8;436.955;21847.8;3413.33;57.7108;0.744104
2.85;21410.8;436.955;21847.8;3413.33;55.2943;0.744104
2.86;21410.8;436.955;21847.8;3413.33;51.8924;0.744104
2.87;21410.8;436.955;21847.8;3413.33;52.1449;0.744104
2.88;21410.8;436.955;21847.8;3413.33;54.7846;0.744104
2.89;21410.8;436.955;21847.8;3413.33;58.8377;0.744104
2.9;21410.8;436.955;21847.8;3413.33;55.9787;0.744104
2.91;21410.8;436.955;21847.8;3413.33;55.6406;0.744104
2.92;21410.8;436.955;21847.8;3413.33;57.9663;0.744104
2.93;21410.8;436.955;21847.8;3413.33;56.129;0.744104
2.94;21410.8;436.955;21847.8;3413.33;52.2673;0.744104
2.95;21410.8;436.955;21847.8;3413.33;57.3791;0.744104
2.96;21410.8;436.955;21847.8;3413.33;60.661;0.744104
2.97;21410.8;436.955;21847.8;3413.33;56.5636;0.744104
2.98;21410.8;436.955;21847.8;3413.33;53.7838;0.744104
2.99;21410.8;436.955;21847.8;3413.33;58.0273;0.744104
3;21410.8;436.955;21847.8;3413.33;58.2526;0.744104
3.01;21410.8;436.955;21847.8;3413.33;57.6014;0.744104
3.02;21410.8;436.955;21847.8;3413.33;59.0738;0.744104
3.03;21410.8;436.955;21847.8;3413.33;56.4421;0.744104
3.04;21410.8;436.955;21847.8;3413.33;54.5063;0.744104
3.05;21410.8;436.955;21847.8;3413.33;58.9037;0.744104
3.06;21410.8;436.955;21847.8;3413.33;63.2784;0.744104
3.07;21410.8;436.955;21847.8;3413.33;59.773;0.744104
3.08;21410.8;436.955;21847.8;3413.33;55.7258;0.744104
3.09;21410.8;436.955;21847.8;3413.33;60.3914;0.744104
3.1;21410.8;436.955;21847.8;3413.33;60.6183;0.744104
3.11;21410.8;436.955;21847.8;3413.33;59.1806;0.744104
3.12;21410.8;436.955;21847.8;3413.33;56.083;0.744104
3.13;21410.8;436.955;21847.8;3413.33;55.9987;0.744104
3.14;21410.8;436.955;21847.8;3413.33;54.8191;0.744104
3.15;21410.8;436.955;21847.8;3413.33;54.0269;0.744104
3.16;21410.8;436.955;21847.8;3413.33;52.1178;0.744104
3.17;21410.8;436.955;21847.8;3413.33;58.4176;0.744104
3.18;21410.8;436.955;21847.8;3413.33;60.2003;0.744104
3.19;21410.8;436.955;21847.8;3413.33;57.4066;0.744104
3.2;21410.8;436.955;21847.8;3413.33;54.1129;0.744104
3.21;21410.8;436.955;21847.8;3413.33;55.5305;0.744104
3.22;21410.8;436.955;21847.8;3413.33;57.8419;0.744104
3.23;21410.8;436.955;21847.8;3413.33;56.0801;0.744104
3.24;21410.8;436.955;21847.8;3413.33;57.5981;0.744104
3.25;21410.8;436.955;21847.8;3413.33;53.9904;0.744104
3.26;21410.8;436.955;21847.8;3413.33;51.7226;0.744104
3.27;21410.8;436.955;21847.8;3413.33;56.189;0.744104
3.28;21410.8;436.955;21847.8;3413.33;60.0753;0.744104
3.29;21410.8;436.955;21847.8;3413.33;56.3643;0.744104
3.3;21410.8;436.955;21847.8;3413.33;52.5158;0.744104
3.31;21410.8;436.955;21847.8;3413.33;57.0318;0.744104
3.32;21410.8;436.955;21847.8;3413.33;57.6313;0.744104
3.33;21410.8;436.955;21847.8;3413.33;58.3162;0.744104
3.34;21410.8;436.955;21847.8;3413.33;57.108;0.744104
3.35;21410.8;436.955;21847.8;3413.33;54.2545;0.744104
3.36;21410.8;436.955;21847.8;3413.33;53.8056;0.744104
3.37;21410.8;436.955;21847.8;3413.33;57.2906;0.744104
3.38;21410.8;436.955;21847.8;3413.33;57.1762;0.744104
3.39;21410.8;436.955;21847.8;3413.33;53.3741;0.744104
3.4;21410.8;436.955;21847.8;3413.33;53.1287;0.744104
3.41;21410.8;436.955;21847.8;3413.33;55.6501;0.744104
3.42;21410.8;436.955;21847.8;3413.33;60.1024;0.744104
3.43;21410.8;436.955;21847.8;3413.33;58.931;0.744104
3.44;21410.8;436.955;21847.8;3413.33;56.7848;0.744104
3.45;21410.8;436.955;21847.8;3413.33;56.0809;0.744104
3.46;21410.8;436.955;21847.8;3413.33;58.8747;0.744104
3.47;21410.8;436.955;21847.8;3413.33;62.3675;0.744104
3.48;21410.8;436.955;21847.8;3413.33;60.1346;0.744104
3.49;21410.8;436.955;21847.8;3413.33;57.1645;0.744104
3.5;21410.8;436.955;21847.8;3413.33;55.1482;0.744104
3.51;21410.8;436.955;21847.8;3413.33;57.9937;0.744104
3.52;21410.8;436.955;21847.8;3413.33;58.5761;0.744104
3.53;21410.8;436.955;21847.8;3413.33;56.4748;0.744104
3.54;21410.8;436.955;21847.8;3413.33;53.0628;0.744104
3.55;21410.8;436.955;21847.8;3413.33;52.0373;0.744104
3.56;21410.8;436.955;21847.8;3413.33;57.0122;0.744104
3.57;21410.8;436.955;21847.8;3413.33;58.8666;0.744104
3.58;21410.8;436.955;21847.8;3413.33;57.404;0.744104
3.59;21410.8;436.955;21847.8;3413.33;53.5389;0.744104
3.6;21410.8;436.955;21847.8;3413.33;53.4135;0.744104
3.61;21410.8;436.955;21847.8;3413.33;57.8353;0.744104
3.62;21410.8;436.955;21847.8;3413.33;61.2073;0.744104
3.63;21410.8;436.955;21847.8;3413.33;58.7641;0.744104
3.64;21410.8;436.955;21847.8;3413.33;54.4033;0.744104
3.65;21410.8;436.955;21847.8;3413.33;53.6988;0.744104
3.66;21410.8;436.955;21847.8;3413.33;55.1455;0.744104
3.67;21410.8;436.955;21847.8;3413.33;58.3116;0.744104
3.68;21410.8;436.955;21847.8;3413.33;56.4526;0.744104
3.69;21410.8;436.955;21847.8;3413.33;54.9887;0.744104
3.7;21410.8;436.955;21847.8;3413.33;54.3024;0.744104
3.71;21410.8;436.955;21847.8;3413.33;57.4201;0.744104
3.72;21410.8;436.955;21847.8;3413.33;62.2655;0.744104
3.73;21410.8;436.955;21847.8;3413.33;57.5255;0.744104
3.74;21410.8;436.955;21847.8;3413.33;55.2094;0.744104
3.75;21410.8;436.955;21847.8;3413.33;53.2291;0.744104
3.76;21410.8;436.955;21847.8;3413.33;56.1672;0.744104
3.77;21410.8;436.955;21847.8;3413.33;57.4974;0.744104
3.78;21410.8;436.955;21847.8;3413.33;56.3334;0.744104
3.79;21410.8;436.955;21847.8;3413.33;54.8911;0.744104
3.8;21410.8;436.955;21847.8;3413.33;51.5964;0.744104
3.81;21410.8;436.955;21847.8;3413.33;53.7659;0.744104
3.82;21410.8;436.955;21847.8;3413.33;54.2204;0.744104
3.83;21410.8;436.955;21847.8;3413.33;54.3958;0.744104
3.84;21410.8;436.955;21847.8;3413.33;54.6548;0.744104
3.85;21410.8;436.955;21847.8;3413.33;52.9243;0.744104
3.86;21410.8;436.955;21847.8;3413.33;51.583;0.744104
3.87;21410.8;436.955;21847.8;3413.33;54.161;0.744104
3.88;21410.8;436.955;21847.8;3413.33;58.6929;0.744104
3.89;21410.8;436.955;21847.8;3413.33;54.4227;0.744104
3.9;21410.8;436.955;21847.8;3413.33;51.8733;0.744104
3.91;21410.8;436.955;21847.8;3413.33;55.9412;0.744104
3.92;21410.8;436.955;21847.8;3413.33;61.136;0.744104
3.93;21410.8;436.955;21847.8;3413.33;57.1627;0.744104
3.94;21410.8;436.955;21847.8;3413.33;55.7019;0.744104
3.95;21410.8;436.955;21847.8;3413.33;57.7801;0.744104
3.96;21410.8;436.955;21847.8;3413.33;58.6733;0.744104
3.97;21410.8;436.955;21847.8;3413.33;58.9673;0.744104
3.98;21410.8;436.955;21847.8;3413.33;61.9832;0.744104
3.99;21410.8;436.955;21847.8;3413.33;59.3134;0.744104
4;21410.8;436.955;21847.8;3413.33;54.7813;0.744104
4.01;21410.8;436.955;21847.8;3413.33;59.2688;0.744104
4.02;21410.8;436.955;21847.8;3413.33;62.4402;0.744104
4.03;21410.8;436.955;21847.8;3413.33;58.2556;0.744104
4.04;21410.8;436.955;21847.8;3413.33;54.2005;0.744104
4.05;21410.8;436.955;21847.8;3413.33;57.0861;0.744104
4.06;21410.8;436.955;21847.8;3413.33;60.2692;0.744104
4.07;21410.8;436.955;21847.8;3413.33;60.8051;0.744104
4.08;21410.8;436.955;21847.8;3413.33;56.6602;0.744104
4.09;21410.8;436.955;21847.8;3413.33;53.5928;0.744104
4.1;21410.8;436.955;21847.8;3413.33;53.6956;0.744104
4.11;21410.8;436.955;21847.8;3413.33;58.5542;0.744104
4.12;21410.8;436.955;21847.8;3413.33;59.7608;0.744104
4.13;21410.8;436.955;21847.8;3413.33;55.8475;0.744104
4.14;21410.8;436.955;21847.8;3413.33;54.4866;0.744104
4.15;21410.8;436.955;21847.8;3413.33;54.7397;0.744104
4.16;21410.8;436.955;21847.8;3413.33;60.2729;0.744104
4.17;21410.8;436.955;21847.8;3413.33;61.346;0.744104
4.18;21410.8;436.955;21847.8;3413.33;58.028;0.744104
4.19;21410.8;436.955;21847.8;3413.33;55.9262;0.744104
4.2;21410.8;436.955;21847.8;3413.33;55.4545;0.744104
4.21;21410.8;436.955;21847.8;3413.33;59.6069;0.744104
4.22;21410.8;436.955;21847.8;3413.33;58.4072;0.744104
4.23;21410.8;436.955;21847.8;3413.33;56.5028;0.744104
4.24;21410.8;436.955;21847.8;3413.33;53.3026;0.744104
4.25;21410.8;436.955;21847.8;3413.33;57.3035;0.744104
4.26;21410.8;436.955;21847.8;3413.33;61.0313;0.744104
4.27;21410.8;436.955;21847.8;3413.33;58.5241;0.744104
4.28;21410.8;436.955;21847.8;3413.33;57.1804;0.744104
4.29;21410.8;436.955;21847.8;3413.33;53.2433;0.744104
4.3;21410.8;436.955;21847.8;3413.33;54.6227;0.744104
4.31;21410.8;436.955;21847.8;3413.33;59.3832;0.744104
4.32;21410.8;436.955;21847.8;3413.33;61.9583;0.744104
4.33;21410.8;436.955;21847.8;3413.33;57.6251;0.744104
4.34;21410.8;436.955;21847.8;3413.33;53.3648;0.744104
4.35;21410.8;436.955;21847.8;3413.33;57.9746;0.744104
4.36;21410.8;436.955;21847.8;3413.33;60.0148;0.744104
4.37001;21410.8;436.955;21847.8;3413.33;57.404;0.744104
4.38001;21410.8;436.955;21847.8;3413.33;53.9752;0.744104
4.39001;21410.8;436.955;21847.8;3413.33;54.9454;0.744104
4.40001;21410.8;436.955;21847.8;3413.33;55.4568;0.744104
4.41001;21410.8;436.955;21847.8;3413.33;57.4904;0.744104
4.42001;21410.8;436.955;21847.8;3413.33;60.1345;0.744104
4.43001;21410.8;436.955;21847.8;3413.33;56.0209;0.744104
4.44001;21410.8;436.955;21847.8;3413.33;54.8948;0.744104
4.45001;21410.8;436.955;21847.8;3413.33;57.7365;0.744104
4.46001;21410.8;436.955;21847.8;3413.33;62.3002;0.744104
4.47001;21410.8;436.955;21847.8;3413.33;59.3422;0.744104
4.48001;21410.8;436.955;21847.8;3413.33;56.8955;0.744104
4.49001;21410.8;436.955;21847.8;3413.33;56.1042;0.744104
4.50001;21410.8;436.955;21847.8;3413.33;53.7615;0.744104
4.51001;21410.8;436.955;21847.8;3413.33;57.7998;0.744104
4.52001;21410.8;436.955;21847.8;3413.33;59.6208;0.744104
4.53001;21410.8;436.955;21847.8;3413.33;56.5285;0.744104
4.54001;21410.8;436.955;21847.8;3413.33;53.0004;0.744104
4.55001;21410.8;436.955;21847.8;3413.33;56.2425;0.744104
4.56001;21410.8;436.955;21847.8;3413.33;61.3015;0.744104
4.57001;21410.8;436.955;21847.8;3413.33;58.5322;0.744104
4.58001;21410.8;436.955;21847.8;3413.33;57.4296;0.744104
4.59001;21410.8;436.955;21847.8;3413.33;54.9568;0.744104
4.60001;21410.8;436.955;21847.8;3413.33;53.9263;0.744104
4.61001;21410.8;436.955;21847.8;3413.33;56.8197;0.744104
4.62001;21410.8;436.955;21847.8;3413.33;59.3879;0.744104
4.63001;21410.8;436.955;21847.8;3413.33;55.7491;0.744104
4.64001;21410.8;436.955;21847.8;3413.33;52.2129;0.744104
4.65001;21410.8;436.955;21847.8;3413.33;56.2657;0.744104
4.66001;21410.8;436.955;21847.8;3413.33;56.7527;0.744104
4.67001;21410.8;436.955;21847.8;3413.33;56.4877;0.744104
4.68001;21410.8;436.955;21847.8;3413.33;57.6223;0.744104
4.69001;21410.8;436.955;21847.8;3413.33;60.787;0.744104
4.70001;21410.8;436.955;21847.8;3413.33;59.9389;0.744104
4.71001;21410.8;436.955;21847.8;3413.33;56.4727;0.744104
4.72001;21410.8;436.955;21847.8;3413.33;53.3768;0.744104
4.73001;21410.8;436.955;21847.8;3413.33;58.5395;0.744104
4.74001;21410.8;436.955;21847.8;3413.33;60.2019;0.744104
4.75001;21410.8;436.955;21847.8;3413.33;56.3015;0.744104
4.76001;21410.8;436.955;21847.8;3413.33;55.2921;0.744104
4.77001;21410.8;436.955;21847.8;3413.33;55.9862;0.744104
4.78001;21410.8;436.955;21847.8;3413.33;60.2302;0.744104
4.79001;21410.8;436.955;21847.8;3413.33;57.048;0.744104
4.80001;21410.8;436.955;21847.8;3413.33;60.343;0.744104
4.81002;21410.8;436.955;21847.8;3413.33;58.4231;0.744104
4.82002;21410.8;436.955;21847.8;3413.33;54.705;0.744104
4.83002;21410.8;436.955;21847.8;3413.33;55.6779;0.744104
4.84002;21410.8;436.955;21847.8;3413.33;59.2064;0.744104
4.85002;21410.8;436.955;21847.8;3413.33;57.4201;0.744104
4.86002;21410.8;436.955;21847.8;3413.33;53.7397;0.744104
4.87002;21410.8;436.955;21847.8;3413.33;56.8842;0.744104
4.88002;21410.8;436.955;21847.8;3413.33;57.308;0.744104
4.89002;21410.8;436.955;21847.8;3413.33;56.8706;0.744104
4.90002;21410.8;436.955;21847.8;3413.33;55.7937;0.744104
4.91002;21410.8;436.955;21847.8;3413.33;54.5019;0.744104
4.92002;21410.8;436.955;21847.8;3413.33;52.7448;0.744104
4.93002;21410.8;436.955;21847.8;3413.33;52.6945;0.744104
4.94002;21410.8;436.955;21847.8;3413.33;52.4813;0.744104
4.95002;21410.8;436.955;21847.8;3413.33;57.0548;0.744104
4.96002;21410.8;436.955;21847.8;3413.33;57.764;0.744104
4.97002;21410.8;436.955;21847.8;3413.33;55.5481;0.744104
4.98002;21410.8;436.955;21847.8;3413.33;52.6651;0.744104
4.99002;21410.8;436.955;21847.8;3413.33;57.2312;0.744104
5.00002;21410.8;436.955;21847.8;3413.33;60.6857;0.744104
5.01002;21410.8;436.955;21847.8;3413.33;58.4139;0.744104
5.02002;21410.8;436.955;21847.8;3413.33;56.7469;0.744104
5.03002;21410.8;436.955;21847.8;3413.33;54.6221;0.744104
5.04002;21410.8;436.955;21847.8;3413.33;52.3871;0.744104
5.05002;21410.8;436.955;21847.8;3413.33;54.6188;0.744104
5.06002;21410.8;436.955;21847.8;3413.33;59.1727;0.744104
5.07002;21410.8;436.955;21847.8;3413.33;55.569;0.744104
5.08002;21410.8;436.955;21847.8;3413.33;51.8558;0.744104
5.09002;21410.8;436.955;21847.8;3413.33;56.1942;0.744104
5.10002;21410.8;436.955;21847.8;3413.33;58.2403;0.744104
5.11002;21410.8;436.955;21847.8;3413.33;58.0162;0.744104
5.12002;21410.8;436.955;21847.8;3413.33;57.0538;0.744104
5.13002;21410.8;436.955;21847.8;3413.33;55.2914;0.744104
5.14002;21410.8;436.955;21847.8;3413.33;54.9221;0.744104
5.15002;21410.8;436.955;21847.8;3413.33;59.213;0.744104
5.16002;21410.8;436.955;21847.8;3413.33;63.0009;0.744104
5.17002;21410.8;436.955;21847.8;3413.33;57.9488;0.744104
5.18002;21410.8;436.955;21847.8;3413.33;55.5879;0.744104
5.19002;21410.8;436.955;21847.8;3413.33;56.1472;0.744104
5.20002;21410.8;436.955;21847.8;3413.33;58.5163;0.744104
5.21002;21410.8;436.955;21847.8;3413.33;57.2342;0.744104
5.22002;21410.8;436.955;21847.8;3413.33;56.5252;0.744104
5.23002;21410.8;436.955;21847.8;3413.33;55.4716;0.744104
5.24003;21410.8;436.955;21847.8;3413.33;53.5248;0.744104
5.25003;21410.8;436.955;21847.8;3413.33;59.0308;0.744104
5.26003;21410.8;436.955;21847.8;3413.33;59.9711;0.744104
5.27003;21410.8;436.955;21847.8;3413.33;57.2411;0.744104
5.28003;21410.8;436.955;21847.8;3413.33;53.6335;0.744104
5.29003;21410.8;436.955;21847.8;3413.33;56.8128;0.744104
5.30003;21410.8;436.955;21847.8;3413.33;60.6314;0.744104
5.31003;21410.8;436.955;21847.8;3413.33;58.669;0.744104
5.32003;21410.8;436.955;21847.8;3413.33;57.5625;0.744104
5.33003;21410.8;436.955;21847.8;3413.33;53.8316;0.744104
5.34003;21410.8;436.955;21847.8;3413.33;52.7546;0.744104
5.35003;21410.8;436.955;21847.8;3413.33;55.6529;0.744104
5.36003;21410.8;436.955;21847.8;3413.33;56.3099;0.744104
5.37003;21410.8;436.955;21847.8;3413.33;53.1217;0.744104
5.38003;21410.8;436.955;21847.8;3413.33;50.9281;0.744104
5.39003;21410.8;436.955;21847.8;3413.33;56.8303;0.744104
5.40003;21410.8;436.955;21847.8;3413.33;57.4587;0.744104
5.41003;21410.8;436.955;21847.8;3413.33;57.3038;0.744104
5.42003;21410.8;436.955;21847.8;3413.33;53.3512;0.744104
5.43003;21410.8;436.955;21847.8;3413.33;52.913;0.744104
5.44003;21410.8;436.955;21847.8;3413.33;52.5606;0.744104
5.45003;21410.8;436.955;21847.8;3413.33;55.8848;0.744104
5.46003;21410.8;436.955;21847.8;3413.33;61.2101;0.744104
5.47003;21410.8;436.955;21847.8;3413.33;56.7351;0.744104
5.48003;21410.8;436.955;21847.8;3413.33;56.3982;0.744104
5.49003;21410.8;436.955;21847.8;3413.33;56.8599;0.744104
5.50003;21410.8;436.955;21847.8;3413.33;60.9511;0.744104
5.51003;21410.8;436.955;21847.8;3413.33;59.0505;0.744104
5.52003;21410.8;436.955;21847.8;3413.33;56.3724;0.744104
5.53003;21410.8;436.955;21847.8;3413.33;55.7582;0.744104
5.54003;21410.8;436.955;21847.8;3413.33;58.3605;0.744104
5.55003;21410.8;436.955;21847.8;3413.33;62.2755;0.744104
5.56003;21410.8;436.955;21847.8;3413.33;59.607;0.744104
5.57003;21410.8;436.955;21847.8;3413.33;56.2658;0.744104
5.58003;21410.8;436.955;21847.8;3413.33;55.0183;0.744104
5.59003;21410.8;436.955;21847.8;3413.33;60.5193;0.744104
5.60003;21410.8;436.955;21847.8;3413.33;58.1922;0.744104
5.61003;21410.8;436.955;21847.8;3413.33;56.7629;0.744104
5.62003;21410.8;436.955;21847.8;3413.33;58.4873;0.744104
5.63003;21410.8;436.955;21847.8;3413.33;54.7783;0.744104
5.64003;21410.8;436.955;21847.8;3413.33;52.9046;0.744104
5.65003;21410.8;436.955;21847.8;3413.33;57.2682;0.744104
5.66003;21410.8;436.955;21847.8;3413.33;61.1446;0.744104
5.67003;21410.8;436.955;21847.8;3413.33;56.7001;0.744104
5.68004;21410.8;436.955;21847.8;3413.33;55.0816;0.744104
5.69004;21410.8;436.955;21847.8;3413.33;58.5374;0.744104
5.70004;21410.8;436.955;21847.8;3413.33;60.9975;0.744104
5.71004;21410.8;436.955;21847.8;3413.33;59.827;0.744104
5.72004;21410.8;436.955;21847.8;3413.33;58.2941;0.744104
5.73004;21410.8;436.955;21847.8;3413.33;56.7775;0.744104
5.74004;21410.8;436.955;21847.8;3413.33;56.1327;0.744104
5.75004;21410.8;436.955;21847.8;3413.33;60.0146;0.744104
5.76004;21410.8;436.955;21847.8;3413.33;59.8548;0.744104
5.77004;21410.8;436.955;21847.8;3413.33;56.4744;0.744104
5.78004;21410.8;436.955;21847.8;3413.33;52.7883;0.744104
5.79004;21410.8;436.955;21847.8;3413.33;56.9158;0.744104
5.80004;21410.8;436.955;21847.8;3413.33;60.0241;0.744104
5.81004;21410.8;436.955;21847.8;3413.33;56.7712;0.744104
5.82004;21410.8;436.955;21847.8;3413.33;53.4856;0.744104
5.83004;21410.8;436.955;21847.8;3413.33;57.5035;0.744104
5.84004;21410.8;436.955;21847.8;3413.33;59.5179;0.744104
5.85004;21410.8;436.955;21847.8;3413.33;57.1437;0.744104
5.86004;21410.8;436.955;21847.8;3413.33;54.3213;0.744104
5.87004;21410.8;436.955;21847.8;3413.33;53.7568;0.744104
5.88004;21410.8;436.955;21847.8;3413.33;54.1853;0.744104
5.89004;21410.8;436.955;21847.8;3413.33;58.0341;0.744104
5.90004;21410.8;436.955;21847.8;3413.33;61.8996;0.744104
5.91004;21410.8;436.955;21847.8;3413.33;57.1692;0.744104
5.92004;21410.8;436.955;21847.8;3413.33;54.5554;0.744104
5.93004;21410.8;436.955;21847.8;3413.33;57.3892;0.744104
5.94004;21410.8;436.955;21847.8;3413.33;61.2484;0.744104
5.95004;21410.8;436.955;21847.8;3413.33;59.5995;0.744104
5.96004;21410.8;436.955;21847.8;3413.33;57.0756;0.744104
5.97004;21410.8;436.955;21847.8;3413.33;56.6576;0.744104
5.98004;21410.8;436.955;21847.8;3413.33;59.9145;0.744104
5.99004;21410.8;436.955;21847.8;3413.33;63.4855;0.744104
6.00004;21410.8;436.955;21847.8;3413.33;63.9732;0.744104
6.01004;21410.8;436.955;21847.8;3413.33;60.322;0.744104
6.02004;21410.8;436.955;21847.8;3413.33;56.4427;0.744104
6.03004;21410.8;436.955;21847.8;3413.33;58.0462;0.744104
6.04004;21410.8;436.955;21847.8;3413.33;59.1874;0.744104
6.05004;21410.8;436.955;21847.8;3413.33;58.1405;0.744104
6.06004;21410.8;436.955;21847.8;3413.33;54.7209;0.744104
6.07004;21410.8;436.955;21847.8;3413.33;52.9115;0.744104
6.08004;21410.8;436.955;21847.8;3413.33;56.7709;0.744104
6.09004;21410.8;436.955;21847.8;3413.33;58.1314;0.744104
6.10004;21410.8;436.955;21847.8;3413.33;57.9527;0.744104
6.11004;21410.8;436.955;21847.8;3413.33;54.0366;0.744104
6.12005;21410.8;436.955;21847.8;3413.33;54.0652;0.744104
6.13005;21410.8;436.955;21847.8;3413.33;59.2112;0.744104
6.14005;21410.8;436.955;21847.8;3413.33;62.1276;0.744104
6.15005;21410.8;436.955;21847.8;3413.33;59.0483;0.744104
6.16005;21410.8;436.955;21847.8;3413.33;54.4355;0.744104
6.17005;21410.8;436.955;21847.8;3413.33;55.8624;0.744104
6.18005;21410.8;436.955;21847.8;3413.33;58.2173;0.744104
6.19005;21410.8;436.955;21847.8;3413.33;60.3625;0.744104
6.20005;21410.8;436.955;21847.8;3413.33;56.5349;0.744104
6.21005;21410.8;436.955;21847.8;3413.33;56.4842;0.744104
6.22005;21410.8;436.955;21847.8;3413.33;56.5638;0.744104
6.23005;21410.8;436.955;21847.8;3413.33;58.4263;0.744104
6.24005;21410.8;436.955;21847.8;3413.33;61.4494;0.744104
6.25005;21410.8;436.955;21847.8;3413.33;57.8963;0.744104
6.26005;21410.8;436.955;21847.8;3413.33;56.2765;0.744104
6.27005;21410.8;436.955;21847.8;3413.33;55.3532;0.744104
6.28005;21410.8;436.955;21847.8;3413.33;59.9083;0.744104
6.29005;21410.8;436.955;21847.8;3413.33;57.1257;0.744104
6.30005;21410.8;436.955;21847.8;3413.33;54.9708;0.744104
6.31005;21410.8;436.955;21847.8;3413.33;54.7836;0.744104
6.32005;21410.8;436.955;21847.8;3413.33;54.0011;0.744104
6.33005;21410.8;436.955;21847.8;3413.33;56.3469;0.744104
6.34005;21410.8;436.955;21847.8;3413.33;57.1589;0.744104
6.35005;21410.8;436.955;21847.8;3413.33;55.1303;0.744104
6.36005;21410.8;436.955;21847.8;3413.33;52.3022;0.744104
6.37005;21410.8;436.955;21847.8;3413.33;57.7857;0.744104
6.38005;21410.8;436.955;21847.8;3413.33;61.392;0.744104
6.39005;21410.8;436.955;21847.8;3413.33;58.3056;0.744104
6.40005;21410.8;436.955;21847.8;3413.33;54.9539;0.744104
6.41005;21410.8;436.955;21847.8;3413.33;55.9191;0.744104
6.42005;21410.8;436.955;21847.8;3413.33;58.4042;0.744104
6.43005;21410.8;436.955;21847.8;3413.33;57.731;0.744104
6.44005;21410.8;436.955;21847.8;3413.33;58.1071;0.744104
6.45005;21410.8;436.955;21847.8;3413.33;54.369;0.744104
6.46005;21410.8;436.955;21847.8;3413.33;51.7919;0.744104
6.47005;21410.8;436.955;21847.8;3413.33;52.9264;0.744104
6.48005;21410.8;436.955;21847.8;3413.33;55.8286;0.744104
6.49005;21410.8;436.955;21847.8;3413.33;54.9008;0.744104
6.50005;21410.8;436.955;21847.8;3413.33;54.8341;0.744104
6.51005;21410.8;436.955;21847.8;3413.33;53.5975;0.744104
6.52005;21410.8;436.955;21847.8;3413.33;53.7597;0.744104
6.53005;21410.8;436.955;21847.8;3413.33;57.0589;0.744104
6.54005;21410.8;436.955;21847.8;3413.33;60.5514;0.744104
6.55006;21410.8;436.955;21847.8;3413.33;56.9951;0.744104
6.56006;21410.8;436.955;21847.8;3413.33;53.6235;0.744104
6.57006;21410.8;436.955;21847.8;3413.33;58.8214;0.744104
6.58006;21410.8;436.955;21847.8;3413.33;60.58;0.744104
6.59006;21410.8;436.955;21847.8;3413.33;58.7232;0.744104
6.60006;21410.8;436.955;21847.8;3413.33;59.4662;0.744104
6.61006;21410.8;436.955;21847.8;3413.33;58.4582;0.744104
6.62006;21410.8;436.955;21847.8;3413.33;57.5697;0.744104
6.63006;21410.8;436.955;21847.8;3413.33;58.7632;0.744104
6.64006;21410.8;436.955;21847.8;3413.33;60.154;0.744104
6.65006;21410.8;436.955;21847.8;3413.33;55.6817;0.744104
6.66006;21410.8;436.955;21847.8;3413.33;54.9125;0.744104
6.67006;21410.8;436.955;21847.8;3413.33;59.0095;0.744104
6.68006;21410.8;436.955;21847.8;3413.33;58.4931;0.744104
6.69006;21410.8;436.955;21847.8;3413.33;56.0284;0.744104
6.70006;21410.8;436.955;21847.8;3413.33;56.5452;0.744104
6.71006;21410.8;436.955;21847.8;3413.33;59.656;0.744104
6.72006;21410.8;436.955;21847.8;3413.33;59.8825;0.744104
6.73006;21410.8;436.955;21847.8;3413.33;55.326;0.744104
6.74006;21410.8;436.955;21847.8;3413.33;54.7532;0.744104
6.75006;21410.8;436.955;21847.8;3413.33;56.5635;0.744104
6.76006;21410.8;436.955;21847.8;3413.33;60.4898;0.744104
6.77006;21410.8;436.955;21847.8;3413.33;57.2456;0.744104
6.78006;21410.8;436.955;21847.8;3413.33;54.6765;0.744104
6.79006;21410.8;436.955;21847.8;3413.33;57.8223;0.744104
6.80006;21410.8;436.955;21847.8;3413.33;61.3283;0.744104
6.81006;21410.8;436.955;21847.8;3413.33;58.2122;0.744104
6.82006;21410.8;436.955;21847.8;3413.33;55.58;0.744104
6.83006;21410.8;436.955;21847.8;3413.33;54.1303;0.744104
6.84006;21410.8;436.955;21847.8;3413.33;54.8689;0.744104
6.85006;21410.8;436.955;21847.8;3413.33;59.493;0.744104
6.86006;21410.8;436.955;21847.8;3413.33;58.435;0.744104
6.87006;21410.8;436.955;21847.8;3413.33;55.918;0.744104
6.88006;21410.8;436.955;21847.8;3413.33;53.203;0.744104
6.89006;21410.8;436.955;21847.8;3413.33;59.4611;0.744104
6.90006;21410.8;436.955;21847.8;3413.33;60.4644;0.744104
6.91006;21410.8;436.955;21847.8;3413.33;56.9065;0.744104
6.92006;21410.8;436.955;21847.8;3413.33;53.5815;0.744104
6.93006;21410.8;436.955;21847.8;3413.33;56.389;0.744104
6.94006;21410.8;436.955;21847.8;3413.33;60.5094;0.744104
6.95006;21410.8;436.955;21847.8;3413.33;57.7865;0.744104
6.96006;21410.8;436.955;21847.8;3413.33;57.0301;0.744104
6.97006;21410.8;436.955;21847.8;3413.33;56.0039;0.744104
6.98006;21410.8;436.955;21847.8;3413.33;57.1416;0.744104
6.99007;21410.8;436.955;21847.8;3413.33;57.586;0.744104
7.00007;21410.8;436.955;21847.8;3413.33;59.1286;0.744104
7.01007;21410.8;436.955;21847.8;3413.33;55.795;0.744104
7.02007;21410.8;436.955;21847.8;3413.33;52.1491;0.744104
7.03007;21410.8;436.955;21847.8;3413.33;56.8597;0.744104
7.04007;21410.8;436.955;21847.8;3413.33;59.1553;0.744104
7.05007;21410.8;436.955;21847.8;3413.33;56.9174;0.744104
7.06007;21410.8;436.955;21847.8;3413.33;53.9106;0.744104
7.07007;21410.8;436.955;21847.8;3413.33;54.0413;0.744104
7.08007;21410.8;436.955;21847.8;3413.33;54.8489;0.744104
7.09007;21410.8;436.955;21847.8;3413.33;57.9596;0.744104
7.10007;21410.8;436.955;21847.8;3413.33;60.6041;0.744104
7.11007;21410.8;436.955;21847.8;3413.33;56.445;0.744104
7.12007;21410.8;436.955;21847.8;3413.33;54.6208;0.744104
7.13007;21410.8;436.955;21847.8;3413.33;58.7809;0.744104
7.14007;21410.8;436.955;21847.8;3413.33;62.5268;0.744104
7.15007;21410.8;436.955;21847.8;3413.33;58.537;0.744104
7.16007;21410.8;436.955;21847.8;3413.33;55.9895;0.744104
7.17007;21410.8;436.955;21847.8;3413.33;55.928;0.744104
7.18007;21410.8;436.955;21847.8;3413.33;55.9908;0.744104
7.19007;21410.8;436.955;21847.8;3413.33;57.3757;0.744104
7.20007;21410.8;436.955;21847.8;3413.33;57.1644;0.744104
7.21007;21410.8;436.955;21847.8;3413.33;55.5026;0.744104
7.22007;21410.8;436.955;21847.8;3413.33;52.9877;0.744104
7.23007;21410.8;436.955;21847.8;3413.33;58.1966;0.744104
7.24007;21410.8;436.955;21847.8;3413.33;60.5191;0.744104
7.25007;21410.8;436.955;21847.8;3413.33;58.0979;0.744104
7.26007;21410.8;436.955;21847.8;3413.33;54.7822;0.744104
7.27007;21410.8;436.955;21847.8;3413.33;57.004;0.744104
7.28007;21410.8;436.955;21847.8;3413.33;60.3925;0.744104
7.29007;21410.8;436.955;21847.8;3413.33;58.4388;0.744104
7.30007;21410.8;436.955;21847.8;3413.33;57.7057;0.744104
7.31007;21410.8;436.955;21847.8;3413.33;54.1055;0.744104
7.32007;21410.8;436.955;21847.8;3413.33;54.1237;0.744104
7.33007;21410.8;436.955;21847.8;3413.33;56.7914;0.744104
7.34007;21410.8;436.955;21847.8;3413.33;56.24;0.744104
7.35007;21410.8;436.955;21847.8;3413.33;52.9401;0.744104
7.36007;21410.8;436.955;21847.8;3413.33;49.6046;0.744104
7.37007;21410.8;436.955;21847.8;3413.33;51.5659;0.744104
7.38007;21410.8;436.955;21847.8;3413.33;52.3309;0.744104
7.39007;21410.8;436.955;21847.8;3413.33;50.7745;0.744104
7.40007;21410.8;436.955;21847.8;3413.33;55.3421;0.744104
7.41007;21410.8;436.955;21847.8;3413.33;53.839;0.744104
7.42007;21410.8;436.955;21847.8;3413.33;51.052;0.744104
7.43008;21410.8;436.955;21847.8;3413.33;54.5274;0.744104
7.44008;21410.8;436.955;21847.8;3413.33;57.0862;0.744104
7.45008;21410.8;436.955;21847.8;3413.33;54.7359;0.744104
7.46008;21410.8;436.955;21847.8;3413.33;51.6626;0.744104
7.47008;21410.8;436.955;21847.8;3413.33;57.6075;0.744104
7.48008;21410.8;436.955;21847.8;3413.33;57.4283;0.744104
7.49008;21410.8;436.955;21847.8;3413.33;55.7337;0.744104
7.50008;21410.8;436.955;21847.8;3413.33;56.2809;0.744104
7.51008;21410.8;436.955;21847.8;3413.33;58.5323;0.744104
7.52008;21410.8;436.955;21847.8;3413.33;56.07;0.744104
7.53008;21410.8;436.955;21847.8;3413.33;58.8308;0.744104
7.54008;21410.8;436.955;21847.8;3413.33;63.7569;0.744104
7.55008;21410.8;436.955;21847.8;3413.33;59.0068;0.744104
7.56008;21410.8;436.955;21847.8;3413.33;56.1759;0.744104
7.57008;21410.8;436.955;21847.8;3413.33;57.8153;0.744104
7.58008;21410.8;436.955;21847.8;3413.33;61.5211;0.744104
7.59008;21410.8;436.955;21847.8;3413.33;61.1765;0.744104
7.60008;21410.8;436.955;21847.8;3413.33;59.823;0.744104
7.61008;21410.8;436.955;21847.8;3413.33;61.6106;0.744104
7.62008;21410.8;436.955;21847.8;3413.33;62.9427;0.744104
7.63008;21410.8;436.955;21847.8;3413.33;58.2463;0.744104
7.64008;21410.8;436.955;21847.8;3413.33;56.016;0.744104
7.65008;21410.8;436.955;21847.8;3413.33;58.1306;0.744104
7.66008;21410.8;436.955;21847.8;3413.33;61.4323;0.744104
7.67008;21410.8;436.955;21847.8;3413.33;58.1677;0.744104
7.68008;21410.8;436.955;21847.8;3413.33;55.9411;0.744104
7.69008;21410.8;436.955;21847.8;3413.33;54.7606;0.744104
7.70008;21410.8;436.955;21847.8;3413.33;54.951;0.744104
7.71008;21410.8;436.955;21847.8;3413.33;59.4461;0.744104
7.72008;21410.8;436.955;21847.8;3413.33;59.1624;0.744104
7.73008;21410.8;436.955;21847.8;3413.33;56.8636;0.744104
7.74008;21410.8;436.955;21847.8;3413.33;53.0959;0.744104
7.75008;21410.8;436.955;21847.8;3413.33;58.8245;0.744104
7.76008;21410.8;436.955;21847.8;3413.33;61.918;0.744104
7.77008;21410.8;436.955;21847.8;3413.33;58.5172;0.744104
7.78008;21410.8;436.955;21847.8;3413.33;55.3266;0.744104
7.79008;21410.8;436.955;21847.8;3413.33;55.7366;0.744104
7.80008;21410.8;436.955;21847.8;3413.33;59.2982;0.744104
7.81008;21410.8;436.955;21847.8;3413.33;57.1545;0.744104
7.82008;21410.8;436.955;21847.8;3413.33;58.1314;0.744104
7.83008;21410.8;436.955;21847.8;3413.33;55.2247;0.744104
7.84008;21410.8;436.955;21847.8;3413.33;53.7874;0.744104
7.85008;21410.8;436.955;21847.8;3413.33;56.8771;0.744104
7.86009;21410.8;436.955;21847.8;3413.33;59.7774;0.744104
7.87009;21410.8;436.955;21847.8;3413.33;56.261;0.744104
7.88009;21410.8;436.955;21847.8;3413.33;52.6936;0.744104
7.89009;21410.8;436.955;21847.8;3413.33;56.5334;0.744104
7.90009;21410.8;436.955;21847.8;3413.33;59.4793;0.744104
7.91009;21410.8;436.955;21847.8;3413.33;58.4979;0.744104
7.92009;21410.8;436.955;21847.8;3413.33;54.6576;0.744104
7.93009;21410.8;436.955;21847.8;3413.33;52.0471;0.744104
7.94009;21410.8;436.955;21847.8;3413.33;52.1999;0.744104
7.95009;21410.8;436.955;21847.8;3413.33;56.9942;0.744104
7.96009;21410.8;436.955;21847.8;3413.33;61.907;0.744104
7.97009;21410.8;436.955;21847.8;3413.33;57.2315;0.744104
7.98009;21410.8;436.955;21847.8;3413.33;55.2786;0.744104
7.99009;21410.8;436.955;21847.8;3413.33;57.2109;0.744104
8.00009;21410.8;436.955;21847.8;3413.33;62.3382;0.744104
8.01009;21410.8;436.955;21847.8;3413.33;60.0665;0.744104
8.02009;21410.8;436.955;21847.8;3413.33;57.2188;0.744104
8.03009;21410.8;436.955;21847.8;3413.33;56.6086;0.744104
8.04009;21410.8;436.955;21847.8;3413.33;60.6328;0.744104
8.05009;21410.8;436.955;21847.8;3413.33;62.6198;0.744104
8.06009;21410.8;436.955;21847.8;3413.33;59.1847;0.744104
8.07009;21410.8;436.955;21847.8;3413.33;57.1862;0.744104
8.08009;21410.8;436.955;21847.8;3413.33;56.6082;0.744104
8.09009;21410.8;436.955;21847.8;3413.33;61.5228;0.744104
8.10009;21410.8;436.955;21847.8;3413.33;59.3039;0.744104
8.11009;21410.8;436.955;21847.8;3413.33;56.9483;0.744104
8.12009;21410.8;436.955;21847.8;3413.33;54.0038;0.744104
8.13009;21410.8;436.955;21847.8;3413.33;55.5566;0.744104
8.14009;21410.8;436.955;21847.8;3413.33;58.7851;0.744104
8.15009;21410.8;436.955;21847.8;3413.33;56.5724;0.744104
8.16009;21410.8;436.955;21847.8;3413.33;53.5832;0.744104
8.17009;21410.8;436.955;21847.8;3413.33;51.6196;0.744104
8.18009;21410.8;436.955;21847.8;3413.33;55.9616;0.744104
8.19009;21410.8;436.955;21847.8;3413.33;57.3681;0.744104
8.20009;21410.8;436.955;21847.8;3413.33;55.3056;0.744104
8.21009;21410.8;436.955;21847.8;3413.33;52.6522;0.744104
8.22009;21410.8;436.955;21847.8;3413.33;53.3526;0.744104
8.23009;21410.8;436.955;21847.8;3413.33;57.6053;0.744104
8.24009;21410.8;436.955;21847.8;3413.33;60.8969;0.744104
8.25009;21410.8;436.955;21847.8;3413.33;56.9539;0.744104
8.26009;21410.8;436.955;21847.8;3413.33;58.5762;0.744104
8.27009;21410.8;436.955;21847.8;3413.33;56.0734;0.744104
8.28009;21410.8;436.955;21847.8;3413.33;53.3739;0.744104
8.29009;21410.8;436.955;21847.8;3413.33;58.1945;0.744104
8.30009;21410.8;436.955;21847.8;3413.33;62.2921;0.744104
8.31009;21410.8;436.955;21847.8;3413.33;60.0585;0.744104
8.3201;21410.8;436.955;21847.8;3413.33;55.9977;0.744104
8.3301;21410.8;436.955;21847.8;3413.33;56.7535;0.744104
8.3401;21410.8;436.955;21847.8;3413.33;56.2347;0.744104
8.3501;21410.8;436.955;21847.8;3413.33;57.3661;0.744104
8.3601;21410.8;436.955;21847.8;3413.33;58.0918;0.744104
8.3701;21410.8;436.955;21847.8;3413.33;54.0465;0.744104
8.3801;21410.8;436.955;21847.8;3413.33;52.16;0.744104
8.3901;21410.8;436.955;21847.8;3413.33;56.3692;0.744104
8.4001;21410.8;436.955;21847.8;3413.33;61.341;0.744104
8.4101;21410.8;436.955;21847.8;3413.33;58.8218;0.744104
8.4201;21410.8;436.955;21847.8;3413.33;57.0635;0.744104
8.4301;21410.8;436.955;21847.8;3413.33;56.0304;0.744104
8.4401;21410.8;436.955;21847.8;3413.33;55.7529;0.744104
8.4501;21410.8;436.955;21847.8;3413.33;60.3614;0.744104
8.4601;21410.8;436.955;21847.8;3413.33;60.4596;0.744104
8.4701;21410.8;436.955;21847.8;3413.33;56.247;0.744104
8.4801;21410.8;436.955;21847.8;3413.33;52.2621;0.744104
8.4901;21410.8;436.955;21847.8;3413.33;57.1671;0.744104
8.5001;21410.8;436.955;21847.8;3413.33;59.915;0.744104
8.5101;21410.8;436.955;21847.8;3413.33;57.6335;0.744104
8.5201;21410.8;436.955;21847.8;3413.33;53.4175;0.744104
8.5301;21410.8;436.955;21847.8;3413.33;55.0982;0.744104
8.5401;21410.8;436.955;21847.8;3413.33;55.4389;0.744104
8.5501;21410.8;436.955;21847.8;3413.33;58.2767;0.744104
8.5601;21410.8;436.955;21847.8;3413.33;55.0172;0.744104
8.5701;21410.8;436.955;21847.8;3413.33;51.4787;0.744104
8.5801;21410.8;436.955;21847.8;3413.33;50.878;0.744104
8.5901;21410.8;436.955;21847.8;3413.33;54.4392;0.744104
8.6001;21410.8;436.955;21847.8;3413.33;57.4374;0.744104
8.6101;21410.8;436.955;21847.8;3413.33;53.6965;0.744104
8.6201;21410.8;436.955;21847.8;3413.33;52.7865;0.744104
8.6301;21410.8;436.955;21847.8;3413.33;54.4679;0.744104
8.6401;21410.8;436.955;21847.8;3413.33;59.3357;0.744104
8.6501;21410.8;436.955;21847.8;3413.33;59.7548;0.744104
8.6601;21410.8;436.955;21847.8;3413.33;56.7982;0.744104
8.6701;21410.8;436.955;21847.8;3413.33;56.1763;0.744104
8.6801;21410.8;436.955;21847.8;3413.33;58.9898;0.744104
8.6901;21410.8;436.955;21847.8;3413.33;62.4135;0.744104
8.7001;21410.8;436.955;21847.8;3413.33;60.1416;0.744104
8.7101;21410.8;436.955;21847.8;3413.33;57.2439;0.744104
8.7201;21410.8;436.955;21847.8;3413.33;55.3175;0.744104
8.7301;21410.8;436.955;21847.8;3413.33;58.342;0.744104
8.7401;21410.8;436.955;21847.8;3413.33;58.6573;0.744104
8.7501;21410.8;436.955;21847.8;3413.33;56.35;0.744104
8.76011;21410.8;436.955;21847.8;3413.33;52.9429;0.744104
8.77011;21410.8;436.955;21847.8;3413.33;57.7231;0.744104
8.78011;21410.8;436.955;21847.8;3413.33;61.8374;0.744104
8.79011;21410.8;436.955;21847.8;3413.33;58.8366;0.744104
8.80011;21410.8;436.955;21847.8;3413.33;56.1284;0.744104
8.81011;21410.8;436.955;21847.8;3413.33;52.5836;0.744104
8.82011;21410.8;436.955;21847.8;3413.33;55.4586;0.744104
8.83011;21410.8;436.955;21847.8;3413.33;59.0097;0.744104
8.84011;21410.8;436.955;21847.8;3413.33;60.629;0.744104
8.85011;21410.8;436.955;21847.8;3413.33;56.7931;0.744104
8.86011;21410.8;436.955;21847.8;3413.33;53.346;0.744104
8.87011;21410.8;436.955;21847.8;3413.33;57.7607;0.744104
8.88011;21410.8;436.955;21847.8;3413.33;60.3285;0.744104
8.89011;21410.8;436.955;21847.8;3413.33;56.2778;0.744104
8.90011;21410.8;436.955;21847.8;3413.33;52.5787;0.744104
8.91011;21410.8;436.955;21847.8;3413.33;57.1582;0.744104
8.92011;21410.8;436.955;21847.8;3413.33;59.1897;0.744104
8.93011;21410.8;436.955;21847.8;3413.33;57.2481;0.744104
8.94011;21410.8;436.955;21847.8;3413.33;55.8546;0.744104
8.95011;21410.8;436.955;21847.8;3413.33;55.77;0.744104
8.96011;21410.8;436.955;21847.8;3413.33;55.5519;0.744104
8.97011;21410.8;436.955;21847.8;3413.33;58.1178;0.744104
8.98011;21410.8;436.955;21847.8;3413.33;60.0629;0.744104
8.99011;21410.8;436.955;21847.8;3413.33;55.9974;0.744104
9.00011;21410.8;436.955;21847.8;3413.33;54.4162;0.744104
9.01011;21410.8;436.955;21847.8;3413.33;57.0256;0.744104
9.02011;21410.8;436.955;21847.8;3413.33;61.1697;0.744104
9.03011;21410.8;436.955;21847.8;3413.33;57.3457;0.744104
9.04011;21410.8;436.955;21847.8;3413.33;55.2091;0.744104
9.05011;21410.8;436.955;21847.8;3413.33;54.7057;0.744104
9.06011;21410.8;436.955;21847.8;3413.33;56.0365;0.744104
9.07011;21410.8;436.955;21847.8;3413.33;59.2941;0.744104
9.08011;21410.8;436.955;21847.8;3413.33;58.2097;0.744104
9.09011;21410.8;436.955;21847.8;3413.33;56.5908;0.744104
9.10011;21410.8;436.955;21847.8;3413.33;53.0107;0.744104
9.11011;21410.8;436.955;21847.8;3413.33;58.9246;0.744104
9.12011;21410.8;436.955;21847.8;3413.33;61.3388;0.744104
9.13011;21410.8;436.955;21847.8;3413.33;57.8634;0.744104
9.14011;21410.8;436.955;21847.8;3413.33;54.4763;0.744104
9.15011;21410.8;436.955;21847.8;3413.33;59.7849;0.744104
9.16011;21410.8;436.955;21847.8;3413.33;62.4226;0.744104
9.17011;21410.8;436.955;21847.8;3413.33;60.2814;0.744104
9.18011;21410.8;436.955;21847.8;3413.33;56.1764;0.744104
9.19011;21410.8;436.955;21847.8;3413.33;56.8462;0.744104
9.20012;21410.8;436.955;21847.8;3413.33;56.5867;0.744104
9.21012;21410.8;436.955;21847.8;3413.33;57.2223;0.744104
9.22012;21410.8;436.955;21847.8;3413.33;57.3423;0.744104
9.23012;21410.8;436.955;21847.8;3413.33;54.0282;0.744104
9.24012;21410.8;436.955;21847.8;3413.33;53.0044;0.744104
9.25012;21410.8;436.955;21847.8;3413.33;56.1887;0.744104
9.26012;21410.8;436.955;21847.8;3413.33;58.0085;0.744104
9.27012;21410.8;436.955;21847.8;3413.33;54.4646;0.744104
9.28012;21410.8;436.955;21847.8;3413.33;55.1327;0.744104
9.29012;21410.8;436.955;21847.8;3413.33;56.9746;0.744104
9.30012;21410.8;436.955;21847.8;3413.33;54.4287;0.744104
9.31012;21410.8;436.955;21847.8;3413.33;55.7712;0.744104
9.32012;21410.8;436.955;21847.8;3413.33;58.1388;0.744104
9.33012;21410.8;436.955;21847.8;3413.33;56.663;0.744104
9.34012;21410.8;436.955;21847.8;3413.33;52.7953;0.744104
9.35012;21410.8;436.955;21847.8;3413.33;57.4335;0.744104
9.36012;21410.8;436.955;21847.8;3413.33;59.8152;0.744104
9.37012;21410.8;436.955;21847.8;3413.33;57.1349;0.744104
9.38012;21410.8;436.955;21847.8;3413.33;55.2658;0.744104
9.39012;21410.8;436.955;21847.8;3413.33;59.3303;0.744104
9.40012;21410.8;436.955;21847.8;3413.33;61.7273;0.744104
9.41012;21410.8;436.955;21847.8;3413.33;60.9271;0.744104
9.42012;21410.8;436.955;21847.8;3413.33;56.6698;0.744104
9.43012;21410.8;436.955;21847.8;3413.33;53.4104;0.744104
9.44012;21410.8;436.955;21847.8;3413.33;55.2343;0.744104
9.45012;21410.8;436.955;21847.8;3413.33;57.2278;0.744104
9.46012;21410.8;436.955;21847.8;3413.33;57.1218;0.744104
9.47012;21410.8;436.955;21847.8;3413.33;55.1859;0.744104
9.48012;21410.8;436.955;21847.8;3413.33;53.5098;0.744104
9.49012;21410.8;436.955;21847.8;3413.33;57.1048;0.744104
9.50012;21410.8;436.955;21847.8;3413.33;61.2812;0.744104
9.51012;21410.8;436.955;21847.8;3413.33;56.5543;0.744104
9.52012;21410.8;436.955;21847.8;3413.33;54.6657;0.744104
9.53012;21410.8;436.955;21847.8;3413.33;56.8664;0.744104
9.54012;21410.8;436.955;21847.8;3413.33;61.7229;0.744104
9.55012;21410.8;436.955;21847.8;3413.33;58.0205;0.744104
9.56012;21410.8;436.955;21847.8;3413.33;55.3991;0.744104
9.57012;21410.8;436.955;21847.8;3413.33;55.9747;0.744104
9.58012;21410.8;436.955;21847.8;3413.33;56.0011;0.744104
9.59012;21410.8;436.955;21847.8;3413.33;58.724;0.744104
9.60012;21410.8;436.955;21847.8;3413.33;57.1839;0.744104
9.61012;21410.8;436.955;21847.8;3413.33;55.8548;0.744104
9.62012;21410.8;436.955;21847.8;3413.33;52.9818;0.744104
9.63013;21410.8;436.955;21847.8;3413.33;58.0103;0.744104
9.64013;21410.8;436.955;21847.8;3413.33;60.7308;0.744104
9.65013;21410.8;436.955;21847.8;3413.33;57.8211;0.744104
9.66013;21410.8;436.955;21847.8;3413.33;55.0042;0.744104
9.67013;21410.8;436.955;21847.8;3413.33;56.1966;0.744104
9.68013;21410.8;436.955;21847.8;3413.33;59.8695;0.744104
9.69013;21410.8;436.955;21847.8;3413.33;59.2107;0.744104
9.70013;21410.8;436.955;21847.8;3413.33;59.46;0.744104
9.71013;21410.8;436.955;21847.8;3413.33;56.2857;0.744104
9.72013;21410.8;436.955;21847.8;3413.33;53.044;0.744104
9.73013;21410.8;436.955;21847.8;3413.33;56.3209;0.744104
9.74013;21410.8;436.955;21847.8;3413.33;60.0847;0.744104
9.75013;21410.8;436.955;21847.8;3413.33;56.2506;0.744104
9.76013;21410.8;436.955;21847.8;3413.33;52.4101;0.744104
9.77013;21410.8;436.955;21847.8;3413.33;56.6363;0.744104
9.78013;21410.8;436.955;21847.8;3413.33;58.6032;0.744104
9.79013;21410.8;436.955;21847.8;3413.33;57.637;0.744104
9.80013;21410.8;436.955;21847.8;3413.33;56.6601;0.744104
9.81013;21410.8;436.955;21847.8;3413.33;55.1794;0.744104
9.82013;21410.8;436.955;21847.8;3413.33;55.2646;0.744104
9.83013;21410.8;436.955;21847.8;3413.33;58.8555;0.744104
9.84013;21410.8;436.955;21847.8;3413.33;61.8177;0.744104
9.85013;21410.8;436.955;21847.8;3413.33;56.9762;0.744104
9.86013;21410.8;436.955;21847.8;3413.33;54.8652;0.744104
9.87013;21410.8;436.955;21847.8;3413.33;56.716;0.744104
9.88013;21410.8;436.955;21847.8;3413.33;60.6184;0.744104
9.89013;21410.8;436.955;21847.8;3413.33;57.1874;0.744104
9.90013;21410.8;436.955;21847.8;3413.33;55.7188;0.744104
9.91013;21410.8;436.955;21847.8;3413.33;55.6257;0.744104
9.92013;21410.8;436.955;21847.8;3413.33;55.6351;0.744104
9.93013;21410.8;436.955;21847.8;3413.33;59.2987;0.744104
9.94013;21410.8;436.955;21847.8;3413.33;56.6866;0.744104
9.95013;21410.8;436.955;21847.8;3413.33;55.4946;0.744104
9.96013;21410.8;436.955;21847.8;3413.33;55.4497;0.744104
9.97013;21410.8;436.955;21847.8;3413.33;60.7076;0.744104
9.98013;21410.8;436.955;21847.8;3413.33;59.888;0.744104
9.99013;21410.8;436.955;21847.8;3413.33;57.0279;0.744104
10.0001;21410.8;436.955;21847.8;3413.33;54.3706;0.744104
10.0101;21410.8;436.955;21847.8;3413.33;56.2722;0.744104
10.0201;21410.8;436.955;21847.8;3413.33;60.8799;0.744104
10.0301;21410.8;436.955;21847.8;3413.33;58.0642;0.744104
10.0401;21410.8;436.955;21847.8;3413.33;55.0237;0.744104
10.0501;21410.8;436.955;21847.8;3413.33;59.7064;0.744104
10.0601;21410.8;436.955;21847.8;3413.33;57.7673;0.744104
10.0701;21410.8;436.955;21847.8;3413.33;56.4905;0.744104
10.0801;21410.8;436.955;21847.8;3413.33;57.7911;0.744104
10.0901;21410.8;436.955;21847.8;3413.33;58.8946;0.744104
10.1001;21410.8;436.955;21847.8;3413.33;56.188;0.744104
10.1101;21410.8;436.955;21847.8;3413.33;58.5144;0.744104
10.1201;21410.8;436.955;21847.8;3413.33;62.9525;0.744104
10.1301;21410.8;436.955;21847.8;3413.33;58.601;0.744104
10.1401;21410.8;436.955;21847.8;3413.33;56.9009;0.744104
10.1501;21410.8;436.955;21847.8;3413.33;58.0797;0.744104
10.1601;21410.8;436.955;21847.8;3413.33;59.4363;0.744104
10.1701;21410.8;436.955;21847.8;3413.33;61.4059;0.744104
10.1801;21410.8;436.955;21847.8;3413.33;60.5897;0.744104
10.1901;21410.8;436.955;21847.8;3413.33;57.6398;0.744104
10.2001;21410.8;436.955;21847.8;3413.33;54.1373;0.744104
10.2101;21410.8;436.955;21847.8;3413.33;58.3895;0.744104
10.2201;21410.8;436.955;21847.8;3413.33;61.0537;0.744104
10.2301;21410.8;436.955;21847.8;3413.33;57.1319;0.744104
10.2401;21410.8;436.955;21847.8;3413.33;53.638;0.744104
10.2501;21410.8;436.955;21847.8;3413.33;53.8802;0.744104
10.2601;21410.8;436.955;21847.8;3413.33;56.4659;0.744104
10.2701;21410.8;436.955;21847.8;3413.33;53.5453;0.744104
10.2801;21410.8;436.955;21847.8;3413.33;50.9789;0.744104
10.2901;21410.8;436.955;21847.8;3413.33;56.0268;0.744104
10.3001;21410.8;436.955;21847.8;3413.33;58.5461;0.744104
10.3101;21410.8;436.955;21847.8;3413.33;55.4888;0.744104
10.3201;21410.8;436.955;21847.8;3413.33;52.2772;0.744104
10.3301;21410.8;436.955;21847.8;3413.33;55.5892;0.744104
10.3401;21410.8;436.955;21847.8;3413.33;56.124;0.744104
10.3501;21410.8;436.955;21847.8;3413.33;56.1098;0.744104
10.3601;21410.8;436.955;21847.8;3413.33;58.227;0.744104
10.3701;21410.8;436.955;21847.8;3413.33;55.2421;0.744104
10.3801;21410.8;436.955;21847.8;3413.33;54.4626;0.744104
10.3901;21410.8;436.955;21847.8;3413.33;58.0415;0.744104
10.4001;21410.8;436.955;21847.8;3413.33;62.6127;0.744104
10.4101;21410.8;436.955;21847.8;3413.33;57.9632;0.744104
10.4201;21410.8;436.955;21847.8;3413.33;55.122;0.744104
10.4301;21410.8;436.955;21847.8;3413.33;56.4048;0.744104
10.4401;21410.8;436.955;21847.8;3413.33;57.406;0.744104
10.4501;21410.8;436.955;21847.8;3413.33;58.8684;0.744104
10.4601;21410.8;436.955;21847.8;3413.33;56.3814;0.744104
10.4701;21410.8;436.955;21847.8;3413.33;54.2626;0.744104
10.4801;21410.8;436.955;21847.8;3413.33;51.9651;0.744104
10.4901;21410.8;436.955;21847.8;3413.33;57.0683;0.744104
10.5001;21410.8;436.955;21847.8;3413.33;60.5601;0.744104
10.5101;21410.8;436.955;21847.8;3413.33;57.6736;0.744104
10.5201;21410.8;436.955;21847.8;3413.33;54.6916;0.744104
10.5301;21410.8;436.955;21847.8;3413.33;56.9276;0.744104
10.5401;21410.8;436.955;21847.8;3413.33;59.6802;0.744104
10.5501;21410.8;436.955;21847.8;3413.33;57.9457;0.744104
10.5601;21410.8;436.955;21847.8;3413.33;54.5268;0.744104
10.5701;21410.8;436.955;21847.8;3413.33;52.7913;0.744104
10.5801;21410.8;436.955;21847.8;3413.33;57.3891;0.744104
10.5901;21410.8;436.955;21847.8;3413.33;59.7844;0.744104
10.6001;21410.8;436.955;21847.8;3413.33;60.5879;0.744104
10.6101;21410.8;436.955;21847.8;3413.33;56.9129;0.744104
10.6201;21410.8;436.955;21847.8;3413.33;54.3479;0.744104
10.6301;21410.8;436.955;21847.8;3413.33;56.7724;0.744104
10.6401;21410.8;436.955;21847.8;3413.33;60.0431;0.744104
10.6501;21410.8;436.955;21847.8;3413.33;61.0803;0.744104
10.6601;21410.8;436.955;21847.8;3413.33;57.0551;0.744104
10.6701;21410.8;436.955;21847.8;3413.33;53.8927;0.744104
10.6801;21410.8;436.955;21847.8;3413.33;53.8739;0.744104
10.6901;21410.8;436.955;21847.8;3413.33;58.586;0.744104
10.7001;21410.8;436.955;21847.8;3413.33;60.0823;0.744104
10.7101;21410.8;436.955;21847.8;3413.33;56.1499;0.744104
10.7201;21410.8;436.955;21847.8;3413.33;55.0211;0.744104
10.7302;21410.8;436.955;21847.8;3413.33;55.2209;0.744104
10.7402;21410.8;436.955;21847.8;3413.33;60.9068;0.744104
10.7502;21410.8;436.955;21847.8;3413.33;56.776;0.744104
10.7602;21410.8;436.955;21847.8;3413.33;54.1261;0.744104
10.7702;21410.8;436.955;21847.8;3413.33;53.3449;0.744104
10.7802;21410.8;436.955;21847.8;3413.33;54.4388;0.744104
10.7902;21410.8;436.955;21847.8;3413.33;59.6334;0.744104
10.8002;21410.8;436.955;21847.8;3413.33;57.5771;0.744104
10.8102;21410.8;436.955;21847.8;3413.33;55.6484;0.744104
10.8202;21410.8;436.955;21847.8;3413.33;52.9726;0.744104
10.8302;21410.8;436.955;21847.8;3413.33;58.0407;0.744104
10.8402;21410.8;436.955;21847.8;3413.33;60.6765;0.744104
10.8502;21410.8;436.955;21847.8;3413.33;57.8521;0.744104
10.8602;21410.8;436.955;21847.8;3413.33;55.0703;0.744104
10.8702;21410.8;436.955;21847.8;3413.33;55.6141;0.744104
10.8802;21410.8;436.955;21847.8;3413.33;59.3012;0.744104
10.8902;21410.8;436.955;21847.8;3413.33;58.9366;0.744104
10.9002;21410.8;436.955;21847.8;3413.33;59.5513;0.744104
10.9102;21410.8;436.955;21847.8;3413.33;56.2986;0.744104
10.9202;21410.8;436.955;21847.8;3413.33;52.8332;0.744104
10.9302;21410.8;436.955;21847.8;3413.33;52.3075;0.744104
10.9402;21410.8;436.955;21847.8;3413.33;55.805;0.744104
10.9502;21410.8;436.955;21847.8;3413.33;56.7191;0.744104
10.9602;21410.8;436.955;21847.8;3413.33;59.3539;0.744104
10.9702;21410.8;436.955;21847.8;3413.33;56.327;0.744104
10.9802;21410.8;436.955;21847.8;3413.33;53.4723;0.744104
10.9902;21410.8;436.955;21847.8;3413.33;58.5232;0.744104
11.0002;21410.8;436.955;21847.8;3413.33;63.1279;0.744104
11.0102;21410.8;436.955;21847.8;3413.33;60.1786;0.744104
11.0202;21410.8;436.955;21847.8;3413.33;55.7853;0.744104
11.0302;21410.8;436.955;21847.8;3413.33;58.8031;0.744104
11.0402;21410.8;436.955;21847.8;3413.33;59.744;0.744104
11.0502;21410.8;436.955;21847.8;3413.33;58.7637;0.744104
11.0602;21410.8;436.955;21847.8;3413.33;57.0767;0.744104
11.0702;21410.8;436.955;21847.8;3413.33;55.5675;0.744104
11.0802;21410.8;436.955;21847.8;3413.33;53.7988;0.744104
11.0902;21410.8;436.955;21847.8;3413.33;55.7053;0.744104
11.1002;21410.8;436.955;21847.8;3413.33;60.0431;0.744104
11.1102;21410.8;436.955;21847.8;3413.33;55.727;0.744104
11.1202;21410.8;436.955;21847.8;3413.33;53.3782;0.744104
11.1302;21410.8;436.955;21847.8;3413.33;56.7956;0.744104
11.1402;21410.8;436.955;21847.8;3413.33;62.1093;0.744104
11.1502;21410.8;436.955;21847.8;3413.33;59.3165;0.744104
11.1602;21410.8;436.955;21847.8;3413.33;58.1839;0.744104
11.1702;21410.8;436.955;21847.8;3413.33;60.9033;0.744104
11.1802;21410.8;436.955;21847.8;3413.33;58.5657;0.744104
11.1902;21410.8;436.955;21847.8;3413.33;54.6775;0.744104
11.2002;21410.8;436.955;21847.8;3413.33;54.4103;0.744104
11.2102;21410.8;436.955;21847.8;3413.33;55.7837;0.744104
11.2202;21410.8;436.955;21847.8;3413.33;60.3608;0.744104
11.2302;21410.8;436.955;21847.8;3413.33;58.5298;0.744104
11.2402;21410.8;436.955;21847.8;3413.33;56.5065;0.744104
11.2502;21410.8;436.955;21847.8;3413.33;54.7165;0.744104
11.2602;21410.8;436.955;21847.8;3413.33;58.0548;0.744104
11.2702;21410.8;436.955;21847.8;3413.33;62.8489;0.744104
11.2802;21410.8;436.955;21847.8;3413.33;60.0215;0.744104
11.2902;21410.8;436.955;21847.8;3413.33;57.2109;0.744104
11.3002;21410.8;436.955;21847.8;3413.33;54.1663;0.744104
11.3102;21410.8;436.955;21847.8;3413.33;59.0605;0.744104
11.3202;21410.8;436.955;21847.8;3413.33;60.5565;0.744104
11.3302;21410.8;436.955;21847.8;3413.33;57.6137;0.744104
11.3402;21410.8;436.955;21847.8;3413.33;53.9656;0.744104
11.3502;21410.8;436.955;21847.8;3413.33;53.6453;0.744104
11.3602;21410.8;436.955;21847.8;3413.33;59.322;0.744104
11.3702;21410.8;436.955;21847.8;3413.33;58.1026;0.744104
11.3802;21410.8;436.955;21847.8;3413.33;55.7925;0.744104
11.3902;21410.8;436.955;21847.8;3413.33;55.5201;0.744104
11.4002;21410.8;436.955;21847.8;3413.33;57.2393;0.744104
11.4102;21410.8;436.955;21847.8;3413.33;57.3475;0.744104
11.4202;21410.8;436.955;21847.8;3413.33;58.0196;0.744104
11.4302;21410.8;436.955;21847.8;3413.33;54.4456;0.744104
11.4402;21410.8;436.955;21847.8;3413.33;51.5921;0.744104
11.4502;21410.8;436.955;21847.8;3413.33;54.5593;0.744104
11.4602;21410.8;436.955;21847.8;3413.33;57.8139;0.744104
11.4702;21410.8;436.955;21847.8;3413.33;54.8321;0.744104
11.4802;21410.8;436.955;21847.8;3413.33;52.1913;0.744104
11.4902;21410.8;436.955;21847.8;3413.33;54.5112;0.744104
11.5002;21410.8;436.955;21847.8;3413.33;54.6045;0.744104
11.5102;21410.8;436.955;21847.8;3413.33;57.742;0.744104
11.5202;21410.8;436.955;21847.8;3413.33;58.7156;0.744104
11.5302;21410.8;436.955;21847.8;3413.33;55.3532;0.744104
11.5402;21410.8;436.955;21847.8;3413.33;53.6662;0.744104
11.5502;21410.8;436.955;21847.8;3413.33;57.5961;0.744104
11.5602;21410.8;436.955;21847.8;3413.33;62.6707;0.744104
11.5702;21410.8;436.955;21847.8;3413.33;58.1166;0.744104
11.5802;21410.8;436.955;21847.8;3413.33;55.4358;0.744104
11.5902;21410.8;436.955;21847.8;3413.33;55.9937;0.744104
11.6002;21410.8;436.955;21847.8;3413.33;58.6844;0.744104
11.6102;21410.8;436.955;21847.8;3413.33;58.6629;0.744104
11.6202;21410.8;436.955;21847.8;3413.33;56.9342;0.744104
11.6302;21410.8;436.955;21847.8;3413.33;56.0246;0.744104
11.6402;21410.8;436.955;21847.8;3413.33;53.6412;0.744104
11.6502;21410.8;436.955;21847.8;3413.33;60.0055;0.744104
11.6602;21410.8;436.955;21847.8;3413.33;61.141;0.744104
11.6702;21410.8;436.955;21847.8;3413.33;57.6477;0.744104
11.6802;21410.8;436.955;21847.8;3413.33;54.4747;0.744104
11.6902;21410.8;436.955;21847.8;3413.33;54.9168;0.744104
11.7002;21410.8;436.955;21847.8;3413.33;56.9355;0.744104
11.7102;21410.8;436.955;21847.8;3413.33;55.9259;0.744104
11.7202;21410.8;436.955;21847.8;3413.33;59.3455;0.744104
11.7302;21410.8;436.955;21847.8;3413.33;55.8039;0.744104
11.7402;21410.8;436.955;21847.8;3413.33;52.3534;0.744104
11.7502;21410.8;436.955;21847.8;3413.33;57.1858;0.744104
11.7602;21410.8;436.955;21847.8;3413.33;60.0496;0.744104
11.7702;21410.8;436.955;21847.8;3413.33;58.2927;0.744104
11.7802;21410.8;436.955;21847.8;3413.33;55.9507;0.744104
11.7902;21410.8;436.955;21847.8;3413.33;55.9687;0.744104
11.8002;21410.8;436.955;21847.8;3413.33;55.47;0.744104
11.8102;21410.8;436.955;21847.8;3413.33;55.4176;0.744104
11.8202;21410.8;436.955;21847.8;3413.33;54.4736;0.744104
11.8302;21410.8;436.955;21847.8;3413.33;58.0764;0.744104
11.8402;21410.8;436.955;21847.8;3413.33;59.3153;0.744104
11.8502;21410.8;436.955;21847.8;3413.33;55.9395;0.744104
11.8602;21410.8;436.955;21847.8;3413.33;52.4007;0.744104
11.8702;21410.8;436.955;21847.8;3413.33;55.7796;0.744104
11.8802;21410.8;436.955;21847.8;3413.33;59.1658;0.744104
11.8902;21410.8;436.955;21847.8;3413.33;55.9751;0.744104
11.9002;21410.8;436.955;21847.8;3413.33;58.1498;0.744104
11.9102;21410.8;436.955;21847.8;3413.33;57.2301;0.744104
11.9202;21410.8;436.955;21847.8;3413.33;55.0926;0.744104
11.9302;21410.8;436.955;21847.8;3413.33;54.5343;0.744104
11.9402;21410.8;436.955;21847.8;3413.33;58.0824;0.744104
11.9502;21410.8;436.955;21847.8;3413.33;55.8642;0.744104
11.9602;21410.8;436.955;21847.8;3413.33;52.9189;0.744104
11.9702;21410.8;436.955;21847.8;3413.33;56.6479;0.744104
11.9802;21410.8;436.955;21847.8;3413.33;57.8587;0.744104
11.9902;21410.8;436.955;21847.8;3413.33;55.5906;0.744104
12.0002;21410.8;436.955;21847.8;3413.33;52.9123;0.744104
12.0102;21410.8;436.955;21847.8;3413.33;57.8716;0.744104
12.0202;21410.8;436.955;21847.8;3413.33;56.9472;0.744104
12.0302;21410.8;436.955;21847.8;3413.33;55.6658;0.744104
12.0402;21410.8;436.955;21847.8;3413.33;57.7161;0.744104
12.0502;21410.8;436.955;21847.8;3413.33;62.6924;0.744104
12.0602;21410.8;436.955;21847.8;3413.33;59.778;0.744104
12.0702;21410.8;436.955;21847.8;3413.33;58.6385;0.744104
12.0802;21410.8;436.955;21847.8;3413.33;55.3892;0.744104
12.0902;21410.8;436.955;21847.8;3413.33;59.8746;0.744104
12.1002;21410.8;436.955;21847.8;3413.33;61.788;0.744104
12.1102;21410.8;436.955;21847.8;3413.33;58.7174;0.744104
12.1202;21410.8;436.955;21847.8;3413.33;55.1226;0.744104
12.1302;21410.8;436.955;21847.8;3413.33;56.7692;0.744104
12.1402;21410.8;436.955;21847.8;3413.33;61.0203;0.744104
12.1502;21410.8;436.955;21847.8;3413.33;59.1253;0.744104
12.1602;21410.8;436.955;21847.8;3413.33;58.5476;0.744104
12.1702;21410.8;436.955;21847.8;3413.33;56.1802;0.744104
12.1802;21410.8;436.955;21847.8;3413.33;54.2652;0.744104
12.1902;21410.8;436.955;21847.8;3413.33;57.4825;0.744104
12.2002;21410.8;436.955;21847.8;3413.33;60.2668;0.744104
12.2102;21410.8;436.955;21847.8;3413.33;56.175;0.744104
12.2202;21410.8;436.955;21847.8;3413.33;52.6019;0.744104
12.2302;21410.8;436.955;21847.8;3413.33;56.7362;0.744104
12.2402;21410.8;436.955;21847.8;3413.33;58.3122;0.744104
12.2502;21410.8;436.955;21847.8;3413.33;57.1228;0.744104
12.2602;21410.8;436.955;21847.8;3413.33;57.1999;0.744104
12.2702;21410.8;436.955;21847.8;3413.33;55.074;0.744104
12.2802;21410.8;436.955;21847.8;3413.33;54.6771;0.744104
12.2902;21410.8;436.955;21847.8;3413.33;57.9226;0.744104
12.3002;21410.8;436.955;21847.8;3413.33;61.8771;0.744104
12.3102;21410.8;436.955;21847.8;3413.33;57.4773;0.744104
12.3202;21410.8;436.955;21847.8;3413.33;55.1282;0.744104
12.3302;21410.8;436.955;21847.8;3413.33;56.4541;0.744104
12.3402;21410.8;436.955;21847.8;3413.33;58.3315;0.744104
12.3502;21410.8;436.955;21847.8;3413.33;57.9471;0.744104
12.3602;21410.8;436.955;21847.8;3413.33;56.1273;0.744104
12.3702;21410.8;436.955;21847.8;3413.33;54.2185;0.744104
12.3802;21410.8;436.955;21847.8;3413.33;52.4729;0.744104
12.3902;21410.8;436.955;21847.8;3413.33;57.9;0.744104
12.4002;21410.8;436.955;21847.8;3413.33;60.9444;0.744104
12.4102;21410.8;436.955;21847.8;3413.33;57.9795;0.744104
12.4202;21410.8;436.955;21847.8;3413.33;54.9204;0.744104
12.4302;21410.8;436.955;21847.8;3413.33;55.6954;0.744104
12.4402;21410.8;436.955;21847.8;3413.33;57.7414;0.744104
12.4502;21410.8;436.955;21847.8;3413.33;57.3995;0.744104
12.4602;21410.8;436.955;21847.8;3413.33;58.5658;0.744104
12.4702;21410.8;436.955;21847.8;3413.33;55.377;0.744104
12.4802;21410.8;436.955;21847.8;3413.33;52.0224;0.744104
12.4902;21410.8;436.955;21847.8;3413.33;56.5939;0.744104
12.5002;21410.8;436.955;21847.8;3413.33;58.3792;0.744104
12.5102;21410.8;436.955;21847.8;3413.33;57.2232;0.744104
12.5202;21410.8;436.955;21847.8;3413.33;53.6889;0.744104
12.5302;21410.8;436.955;21847.8;3413.33;51.808;0.744104
12.5402;21410.8;436.955;21847.8;3413.33;54.2457;0.744104
12.5502;21410.8;436.955;21847.8;3413.33;58.7432;0.744104
12.5602;21410.8;436.955;21847.8;3413.33;58.2309;0.744104
12.5702;21410.8;436.955;21847.8;3413.33;53.9801;0.744104
12.5802;21410.8;436.955;21847.8;3413.33;51.5417;0.744104
12.5902;21410.8;436.955;21847.8;3413.33;54.2148;0.744104
12.6002;21410.8;436.955;21847.8;3413.33;59.5128;0.744104
12.6102;21410.8;436.955;21847.8;3413.33;58.9723;0.744104
12.6202;21410.8;436.955;21847.8;3413.33;56.2217;0.744104
12.6302;21410.8;436.955;21847.8;3413.33;55.5968;0.744104
12.6402;21410.8;436.955;21847.8;3413.33;57.8289;0.744104
12.6502;21410.8;436.955;21847.8;3413.33;61.9939;0.744104
12.6602;21410.8;436.955;21847.8;3413.33;59.7426;0.744104
12.6702;21410.8;436.955;21847.8;3413.33;56.8344;0.744104
12.6802;21410.8;436.955;21847.8;3413.33;54.3992;0.744104
12.6902;21410.8;436.955;21847.8;3413.33;55.6365;0.744104
12.7002;21410.8;436.955;21847.8;3413.33;58.5124;0.744104
12.7102;21410.8;436.955;21847.8;3413.33;56.02;0.744104
12.7202;21410.8;436.955;21847.8;3413.33;53.0622;0.744104
12.7302;21410.8;436.955;21847.8;3413.33;57.7461;0.744104
12.7402;21410.8;436.955;21847.8;3413.33;58.0357;0.744104
12.7502;21410.8;436.955;21847.8;3413.33;56.0221;0.744104
12.7602;21410.8;436.955;21847.8;3413.33;53.8379;0.744104
12.7702;21410.8;436.955;21847.8;3413.33;52.4918;0.744104
12.7802;21410.8;436.955;21847.8;3413.33;52.2645;0.744104
12.7902;21410.8;436.955;21847.8;3413.33;54.7424;0.744104
12.8002;21410.8;436.955;21847.8;3413.33;56.7685;0.744104
12.8102;21410.8;436.955;21847.8;3413.33;53.2617;0.744104
12.8202;21410.8;436.955;21847.8;3413.33;51.6388;0.744104
12.8302;21410.8;436.955;21847.8;3413.33;55.5222;0.744104
12.8402;21410.8;436.955;21847.8;3413.33;61.1909;0.744104
12.8502;21410.8;436.955;21847.8;3413.33;56.5566;0.744104
12.8602;21410.8;436.955;21847.8;3413.33;53.7686;0.744104
12.8702;21410.8;436.955;21847.8;3413.33;56.849;0.744104
12.8802;21410.8;436.955;21847.8;3413.33;62.0353;0.744104
12.8902;21410.8;436.955;21847.8;3413.33;58.3573;0.744104
12.9002;21410.8;436.955;21847.8;3413.33;56.8156;0.744104
12.9102;21410.8;436.955;21847.8;3413.33;58.2925;0.744104
12.9202;21410.8;436.955;21847.8;3413.33;59.0536;0.744104
12.9302;21410.8;436.955;21847.8;3413.33;58.9986;0.744104
12.9402;21410.8;436.955;21847.8;3413.33;58.695;0.744104
12.9502;21410.8;436.955;21847.8;3413.33;60.2965;0.744104
12.9602;21410.8;436.955;21847.8;3413.33;63.7502;0.744104
12.9702;21410.8;436.955;21847.8;3413.33;58.9073;0.744104
12.9802;21410.8;436.955;21847.8;3413.33;56.8218;0.744104
12.9902;21410.8;436.955;21847.8;3413.33;57.3021;0.744104
13.0002;21410.8;436.955;21847.8;3413.33;59.5273;0.744104
13.0102;21410.8;436.955;21847.8;3413.33;61.6323;0.744104
13.0202;21410.8;436.955;21847.8;3413.33;59.9346;0.744104
13.0302;21410.8;436.955;21847.8;3413.33;57.8301;0.744104
13.0402;21410.8;436.955;21847.8;3413.33;53.7834;0.744104
13.0502;21410.8;436.955;21847.8;3413.33;59.508;0.744104
13.0602;21410.8;436.955;21847.8;3413.33;59.9375;0.744104
13.0702;21410.8;436.955;21847.8;3413.33;57.1281;0.744104
13.0802;21410.8;436.955;21847.8;3413.33;53.8147;0.744104
13.0902;21410.8;436.955;21847.8;3413.33;53.1689;0.744104
13.1002;21410.8;436.955;21847.8;3413.33;54.9135;0.744104
13.1102;21410.8;436.955;21847.8;3413.33;55.5041;0.744104
13.1202;21410.8;436.955;21847.8;3413.33;58.405;0.744104
13.1302;21410.8;436.955;21847.8;3413.33;54.8085;0.744104
13.1402;21410.8;436.955;21847.8;3413.33;53.3717;0.744104
13.1502;21410.8;436.955;21847.8;3413.33;57.2225;0.744104
13.1602;21410.8;436.955;21847.8;3413.33;59.8577;0.744104
13.1702;21410.8;436.955;21847.8;3413.33;61.4634;0.744104
13.1802;21410.8;436.955;21847.8;3413.33;57.0608;0.744104
13.1902;21410.8;436.955;21847.8;3413.33;53.8328;0.744104
13.2002;21410.8;436.955;21847.8;3413.33;54.2111;0.744104
13.2102;21410.8;436.955;21847.8;3413.33;58.1352;0.744104
13.2202;21410.8;436.955;21847.8;3413.33;61.857;0.744104
13.2302;21410.8;436.955;21847.8;3413.33;58.1737;0.744104
13.2402;21410.8;436.955;21847.8;3413.33;56.0026;0.744104
13.2502;21410.8;436.955;21847.8;3413.33;55.6884;0.744104
13.2602;21410.8;436.955;21847.8;3413.33;60.2887;0.744104
13.2702;21410.8;436.955;21847.8;3413.33;63.0737;0.744104
13.2802;21410.8;436.955;21847.8;3413.33;59.8868;0.744104
13.2902;21410.8;436.955;21847.8;3413.33;57.3484;0.744104
13.3002;21410.8;436.955;21847.8;3413.33;54.9653;0.744104
13.3102;21410.8;436.955;21847.8;3413.33;57.1259;0.744104
13.3202;21410.8;436.955;21847.8;3413.33;58.9592;0.744104
13.3302;21410.8;436.955;21847.8;3413.33;58.0257;0.744104
13.3402;21410.8;436.955;21847.8;3413.33;54.7385;0.744104
13.3502;21410.8;436.955;21847.8;3413.33;52.404;0.744104
13.3602;21410.8;436.955;21847.8;3413.33;54.6867;0.744104
13.3702;21410.8;436.955;21847.8;3413.33;54.2164;0.744104
13.3802;21410.8;436.955;21847.8;3413.33;58.1065;0.744104
13.3902;21410.8;436.955;21847.8;3413.33;54.8798;0.744104
13.4002;21410.8;436.955;21847.8;3413.33;51.6655;0.744104
13.4102;21410.8;436.955;21847.8;3413.33;56.6356;0.744104
13.4202;21410.8;436.955;21847.8;3413.33;59.6116;0.744104
13.4302;21410.8;436.955;21847.8;3413.33;58.9745;0.744104
13.4402;21410.8;436.955;21847.8;3413.33;57.836;0.744104
13.4502;21410.8;436.955;21847.8;3413.33;55.5502;0.744104
13.4602;21410.8;436.955;21847.8;3413.33;54.7123;0.744104
13.4702;21410.8;436.955;21847.8;3413.33;59.2109;0.744104
13.4802;21410.8;436.955;21847.8;3413.33;63.2077;0.744104
13.4902;21410.8;436.955;21847.8;3413.33;58.7373;0.744104
13.5002;21410.8;436.955;21847.8;3413.33;56.1988;0.744104
13.5102;21410.8;436.955;21847.8;3413.33;56.0111;0.744104
13.5202;21410.8;436.955;21847.8;3413.33;55.7635;0.744104
13.5302;21410.8;436.955;21847.8;3413.33;58.0685;0.744104
13.5402;21410.8;436.955;21847.8;3413.33;58.3796;0.744104
13.5502;21410.8;436.955;21847.8;3413.33;56.2361;0.744104
13.5602;21410.8;436.955;21847.8;3413.33;53.3265;0.744104
13.5702;21410.8;436.955;21847.8;3413.33;56.724;0.744104
13.5802;21410.8;436.955;21847.8;3413.33;61.0751;0.744104
13.5902;21410.8;436.955;21847.8;3413.33;58.5445;0.744104
13.6002;21410.8;436.955;21847.8;3413.33;55.0755;0.744104
13.6102;21410.8;436.955;21847.8;3413.33;59.8177;0.744104
13.6202;21410.8;436.955;21847.8;3413.33;61.7237;0.744104
13.6302;21410.8;436.955;21847.8;3413.33;59.4388;0.744104
13.6402;21410.8;436.955;21847.8;3413.33;56.0551;0.744104
13.6502;21410.8;436.955;21847.8;3413.33;60.0158;0.744104
13.6602;21410.8;436.955;21847.8;3413.33;59.0374;0.744104
13.6702;21410.8;436.955;21847.8;3413.33;56.9621;0.744104
13.6802;21410.8;436.955;21847.8;3413.33;55.7972;0.744104
13.6902;21410.8;436.955;21847.8;3413.33;56.6346;0.744104
13.7002;21410.8;436.955;21847.8;3413.33;55.2441;0.744104
13.7102;21410.8;436.955;21847.8;3413.33;55.4926;0.744104
13.7202;21410.8;436.955;21847.8;3413.33;56.5355;0.744104
13.7302;21410.8;436.955;21847.8;3413.33;53.3537;0.744104
13.7402;21410.8;436.955;21847.8;3413.33;52.1126;0.744104
13.7502;21410.8;436.955;21847.8;3413.33;56.7625;0.744104
13.7602;21410.8;436.955;21847.8;3413.33;60.6006;0.744104
13.7702;21410.8;436.955;21847.8;3413.33;55.8188;0.744104
13.7802;21410.8;436.955;21847.8;3413.33;55.1207;0.744104
13.7902;21410.8;436.955;21847.8;3413.33;59.3876;0.744104
13.8002;21410.8;436.955;21847.8;3413.33;57.8422;0.744104
13.8102;21410.8;436.955;21847.8;3413.33;55.6282;0.744104
13.8202;21410.8;436.955;21847.8;3413.33;56.8994;0.744104
13.8302;21410.8;436.955;21847.8;3413.33;60.0727;0.744104
13.8402;21410.8;436.955;21847.8;3413.33;61.3143;0.744104
13.8502;21410.8;436.955;21847.8;3413.33;57.2999;0.744104
13.8602;21410.8;436.955;21847.8;3413.33;56.0382;0.744104
13.8702;21410.8;436.955;21847.8;3413.33;55.6334;0.744104
13.8802;21410.8;436.955;21847.8;3413.33;60.6498;0.744104
13.8902;21410.8;436.955;21847.8;3413.33;62.3011;0.744104
13.9002;21410.8;436.955;21847.8;3413.33;59.33;0.744104
13.9102;21410.8;436.955;21847.8;3413.33;58.4639;0.744104
13.9202;21410.8;436.955;21847.8;3413.33;56.4627;0.744104
13.9302;21410.8;436.955;21847.8;3413.33;60.9535;0.744104
13.9402;21410.8;436.955;21847.8;3413.33;60.674;0.744104
13.9502;21410.8;436.955;21847.8;3413.33;58.0632;0.744104
13.9602;21410.8;436.955;21847.8;3413.33;54.5542;0.744104
13.9702;21410.8;436.955;21847.8;3413.33;53.3532;0.744104
13.9802;21410.8;436.955;21847.8;3413.33;58.5846;0.744104
13.9902;21410.8;436.955;21847.8;3413.33;56.4082;0.744104
14.0002;21410.8;436.955;21847.8;3413.33;56.8817;0.744104
14.0102;21410.8;436.955;21847.8;3413.33;54.6317;0.744104
14.0202;21410.8;436.955;21847.8;3413.33;53.5045;0.744104
14.0302;21410.8;436.955;21847.8;3413.33;56.5958;0.744104
14.0402;21410.8;436.955;21847.8;3413.33;59.8551;0.744104
14.0502;21410.8;436.955;21847.8;3413.33;56.7981;0.744104
14.0602;21410.8;436.955;21847.8;3413.33;53.3516;0.744104
14.0702;21410.8;436.955;21847.8;3413.33;56.7454;0.744104
14.0802;21410.8;436.955;21847.8;3413.33;56.6949;0.744104
14.0902;21410.8;436.955;21847.8;3413.33;57.9991;0.744104
14.1002;21410.8;436.955;21847.8;3413.33;59.0677;0.744104
14.1102;21410.8;436.955;21847.8;3413.33;54.8186;0.744104
14.1202;21410.8;436.955;21847.8;3413.33;53.9393;0.744104
14.1302;21410.8;436.955;21847.8;3413.33;57.4223;0.744104
14.1402;21410.8;436.955;21847.8;3413.33;62.6148;0.744104
14.1502;21410.8;436.955;21847.8;3413.33;58.4538;0.744104
14.1602;21410.8;436.955;21847.8;3413.33;55.6858;0.744104
14.1702;21410.8;436.955;21847.8;3413.33;55.9349;0.744104
14.1802;21410.8;436.955;21847.8;3413.33;55.3118;0.744104
14.1902;21410.8;436.955;21847.8;3413.33;59.562;0.744104
14.2002;21410.8;436.955;21847.8;3413.33;59.012;0.744104
14.2102;21410.8;436.955;21847.8;3413.33;56.9425;0.744104
14.2202;21410.8;436.955;21847.8;3413.33;53.8392;0.744104
14.2302;21410.8;436.955;21847.8;3413.33;56.9951;0.744104
14.2402;21410.8;436.955;21847.8;3413.33;60.6843;0.744104
14.2502;21410.8;436.955;21847.8;3413.33;58.45;0.744104
14.2602;21410.8;436.955;21847.8;3413.33;58.4141;0.744104
14.2702;21410.8;436.955;21847.8;3413.33;54.8;0.744104
14.2802;21410.8;436.955;21847.8;3413.33;53.0513;0.744104
14.2902;21410.8;436.955;21847.8;3413.33;57.6407;0.744104
14.3002;21410.8;436.955;21847.8;3413.33;61.6821;0.744104
14.3102;21410.8;436.955;21847.8;3413.33;57.9655;0.744104
14.3202;21410.8;436.955;21847.8;3413.33;54.3141;0.744104
14.3302;21410.8;436.955;21847.8;3413.33;56.9978;0.744104
14.3402;21410.8;436.955;21847.8;3413.33;56.7594;0.744104
14.3502;21410.8;436.955;21847.8;3413.33;58.9989;0.744104
14.3602;21410.8;436.955;21847.8;3413.33;60.2682;0.744104
14.3702;21410.8;436.955;21847.8;3413.33;55.9844;0.744104
14.3802;21410.8;436.955;21847.8;3413.33;54.3008;0.744104
14.3902;21410.8;436.955;21847.8;3413.33;56.4326;0.744104
14.4002;21410.8;436.955;21847.8;3413.33;59.877;0.744104
14.4102;21410.8;436.955;21847.8;3413.33;57.0803;0.744104
14.4202;21410.8;436.955;21847.8;3413.33;55.724;0.744104
14.4302;21410.8;436.955;21847.8;3413.33;54.663;0.744104
14.4402;21410.8;436.955;21847.8;3413.33;57.6651;0.744104
14.4502;21410.8;436.955;21847.8;3413.33;62.8148;0.744104
14.4602;21410.8;436.955;21847.8;3413.33;60.0778;0.744104
14.4702;21410.8;436.955;21847.8;3413.33;57.3103;0.744104
14.4802;21410.8;436.955;21847.8;3413.33;53.5709;0.744104
14.4902;21410.8;436.955;21847.8;3413.33;58.9313;0.744104
14.5002;21410.8;436.955;21847.8;3413.33;58.1355;0.744104
14.5102;21410.8;436.955;21847.8;3413.33;56.5046;0.744104
14.5202;21410.8;436.955;21847.8;3413.33;56.4961;0.744104
14.5302;21410.8;436.955;21847.8;3413.33;59.2292;0.744104
14.5402;21410.8;436.955;21847.8;3413.33;56.6045;0.744104
14.5502;21410.8;436.955;21847.8;3413.33;56.1445;0.744104
14.5602;21410.8;436.955;21847.8;3413.33;60.3908;0.744104
14.5702;21410.8;436.955;21847.8;3413.33;57.9062;0.744104
14.5802;21410.8;436.955;21847.8;3413.33;55.2065;0.744104
14.5902;21410.8;436.955;21847.8;3413.33;57.1597;0.744104
14.6002;21410.8;436.955;21847.8;3413.33;62.1534;0.744104
14.6102;21410.8;436.955;21847.8;3413.33;58.3551;0.744104
14.6202;21410.8;436.955;21847.8;3413.33;57.2332;0.744104
14.6302;21410.8;436.955;21847.8;3413.33;58.7925;0.744104
14.6402;21410.8;436.955;21847.8;3413.33;59.0261;0.744104
14.6502;21410.8;436.955;21847.8;3413.33;58.9369;0.744104
14.6602;21410.8;436.955;21847.8;3413.33;58.962;0.744104
14.6702;21410.8;436.955;21847.8;3413.33;57.6155;0.744104
14.6802;21410.8;436.955;21847.8;3413.33;55.5057;0.744104
14.6902;21410.8;436.955;21847.8;3413.33;59.2876;0.744104
14.7002;21410.8;436.955;21847.8;3413.33;59.9607;0.744104
14.7102;21410.8;436.955;21847.8;3413.33;56.2434;0.744104
14.7202;21410.8;436.955;21847.8;3413.33;52.839;0.744104
14.7302;21410.8;436.955;21847.8;3413.33;56.6639;0.744104
14.7402;21410.8;436.955;21847.8;3413.33;57.4569;0.744104
14.7502;21410.8;436.955;21847.8;3413.33;59.291;0.744104
14.7602;21410.8;436.955;21847.8;3413.33;58.9721;0.744104
14.7702;21410.8;436.955;21847.8;3413.33;55.9427;0.744104
14.7802;21410.8;436.955;21847.8;3413.33;53.9559;0.744104
14.7902;21410.8;436.955;21847.8;3413.33;57.6528;0.744104
14.8002;21410.8;436.955;21847.8;3413.33;62.0747;0.744104
14.8102;21410.8;436.955;21847.8;3413.33;58.0413;0.744104
14.8202;21410.8;436.955;21847.8;3413.33;55.5793;0.744104
14.8302;21410.8;436.955;21847.8;3413.33;55.528;0.744104
14.8402;21410.8;436.955;21847.8;3413.33;56.1881;0.744104
14.8502;21410.8;436.955;21847.8;3413.33;58.708;0.744104
14.8602;21410.8;436.955;21847.8;3413.33;58.1609;0.744104
14.8702;21410.8;436.955;21847.8;3413.33;56.1169;0.744104
14.8802;21410.8;436.955;21847.8;3413.33;53.363;0.744104
14.8902;21410.8;436.955;21847.8;3413.33;58.1335;0.744104
14.9002;21410.8;436.955;21847.8;3413.33;61.4057;0.744104
14.9102;21410.8;436.955;21847.8;3413.33;59.0516;0.744104
14.9202;21410.8;436.955;21847.8;3413.33;57.0102;0.744104
14.9302;21410.8;436.955;21847.8;3413.33;55.2628;0.744104
14.9402;21410.8;436.955;21847.8;3413.33;53.5908;0.744104
14.9502;21410.8;436.955;21847.8;3413.33;55.4876;0.744104
14.9602;21410.8;436.955;21847.8;3413.33;59.9177;0.744104
14.9702;21410.8;436.955;21847.8;3413.33;56.1619;0.744104
14.9802;21410.8;436.955;21847.8;3413.33;52.313;0.744104
14.9902;21410.8;436.955;21847.8;3413.33;56.1856;0.744104
