0;20973.9;873.911;21847.8;4096;-1.0286;-1.02331
0.01;20973.9;873.911;21847.8;4096;-1.0067;-1.02331
0.02;20973.9;873.911;21847.8;4096;2.7771;-1.02331
0.03;20973.9;873.911;21847.8;4096;6.4454;-1.02331
0.04;20973.9;873.911;21847.8;4096;5.2996;-1.02331
0.05;20973.9;873.911;21847.8;4096;3.8199;-1.02331
0.06;20973.9;873.911;21847.8;4096;2.2654;-1.02331
0.07;20973.9;873.911;21847.8;4096;3.7399;-1.02331
0.08;20973.9;873.911;21847.8;4096;15.1744;-1.02331
0.09;20973.9;873.911;21847.8;4096;14.2274;-1.02331
0.1;20973.9;873.911;21847.8;4096;13.9534;-1.02331
0.11;20973.9;873.911;21847.8;4096;12.1258;-1.02331
0.12;20973.9;873.911;21847.8;4096;14.6062;-1.02331
0.13;20973.9;873.911;21847.8;4096;26.476;-1.02331
0.14;20973.9;873.911;21847.8;4096;23.3825;-1.02331
0.15;20973.9;873.911;21847.8;4096;19.822;-1.02331
0.16;20973.9;873.911;21847.8;4096;18.8036;-1.02331
0.17;20973.9;873.911;21847.8;4096;22.3333;-1.02331
0.18;20973.9;873.911;21847.8;4096;30.4665;-1.02331
0.19;20973.9;873.911;21847.8;4096;37.0789;-1.02331
0.2;20973.9;873.911;21847.8;4096;42.3802;-1.02331
0.21;20973.9;873.911;21847.8;4096;41.7933;-1.02331
0.22;20973.9;873.911;21847.8;4096;41.0717;-1.02331
0.23;20973.9;873.911;21847.8;4096;38.3246;-1.02331
0.24;20973.9;873.911;21847.8;4096;34.7698;-1.02331
0.25;20973.9;873.911;21847.8;4096;30.8375;-1.02331
0.26;20973.9;873.911;21847.8;4096;30.0902;-1.02331
0.27;20973.9;873.911;21847.8;4096;27.5802;-1.02331
0.28;20973.9;873.911;21847.8;4096;27.4749;-1.02331
0.29;20973.9;873.911;21847.8;4096;26.6842;-1.02331
0.3;20973.9;873.911;21847.8;4096;37.2105;-1.02331
0.31;20973.9;873.911;21847.8;4096;34.8585;-1.02331
0.32;20973.9;873.911;21847.8;4096;39.4385;-1.02331
0.33;20973.9;873.911;21847.8;4096;36.7236;-1.02331
0.34;20973.9;873.911;21847.8;4096;44.8218;-1.02331
0.35;20973.9;873.911;21847.8;4096;45.8318;-1.02331
0.36;20973.9;873.911;21847.8;4096;53.1668;-1.02331
0.37;20973.9;873.911;21847.8;4096;47.9653;-1.02331
0.38;20973.9;873.911;21847.8;4096;45.6134;-1.02331
0.39;20973.9;873.911;21847.8;4096;40.5409;-1.02331
0.4;20973.9;873.911;21847.8;4096;37.4806;-1.02331
0.41;20973.9;873.911;21847.8;4096;36.5315;-1.02331
0.42;20973.9;873.911;21847.8;4096;36.1801;-1.02331
0.43;20973.9;873.911;21847.8;4096;33.6934;-1.02331
0.44;20973.9;873.911;21847.8;4096;32.5334;-1.02331
0.45;20973.9;873.911;21847.8;4096;30.7904;-1.02331
0.46;20973.9;873.911;21847.8;4096;39.3115;-1.02331
0.47;20973.9;873.911;21847.8;4096;41.8204;-1.02331
0.48;20973.9;873.911;21847.8;4096;47.2055;-1.02331
0.49;20973.9;873.911;21847.8;4096;52.3553;-1.02331
0.5;20973.9;873.911;21847.8;4096;48.6675;-1.02331
0.51;20973.9;873.911;21847.8;4096;44.4516;-1.02331
0.52;20973.9;873.911;21847.8;4096;50.3117;-1.02331
0.53;20973.9;873.911;21847.8;4096;54.7983;-1.02331
0.54;20973.9;873.911;21847.8;4096;49.9742;-1.02331
0.55;20973.9;873.911;21847.8;4096;45.5354;-1.02331
0.56;20973.9;873.911;21847.8;4096;48.5777;-1.02331
0.57;20973.9;873.911;21847.8;4096;49.4623;-1.02331
0.58;20973.9;873.911;21847.8;4096;51.786;-1.02331
0.59;20973.9;873.911;21847.8;4096;55.918;-1.02331
0.6;20973.9;873.911;21847.8;4096;49.8079;-1.02331
0.61;20973.9;873.911;21847.8;4096;47.0354;-1.02331
0.62;20973.9;873.911;21847.8;4096;50.371;-1.02331
0.63;20973.9;873.911;21847.8;4096;50.6757;-1.02331
0.64;20973.9;873.911;21847.8;4096;49.6423;-1.02331
0.65;20973.9;873.911;21847.8;4096;56.6331;-1.02331
0.66;20973.9;873.911;21847.8;4096;52.7117;-1.02331
0.67;20973.9;873.911;21847.8;4096;53.4428;-1.02331
0.68;20973.9;873.911;21847.8;4096;52.7277;-1.02331
0.69;20973.9;873.911;21847.8;4096;48.8084;-1.02331
0.7;20973.9;873.911;21847.8;4096;48.1645;-1.02331
0.71;20973.9;873.911;21847.8;4096;44.3653;-1.02331
0.72;20973.9;873.911;21847.8;4096;52.0483;-1.02331
0.73;20973.9;873.911;21847.8;4096;49.8647;-1.02331
0.74;20973.9;873.911;21847.8;4096;54.6896;-1.02331
0.75;20973.9;873.911;21847.8;4096;56.0645;-1.02331
0.76;20973.9;873.911;21847.8;4096;55.6312;-1.02331
0.77;20973.9;873.911;21847.8;4096;60.4669;-1.02331
0.78;20973.9;873.911;21847.8;4096;57.6041;-1.02331
0.79;20973.9;873.911;21847.8;4096;62.5792;-1.02331
0.8;20973.9;873.911;21847.8;4096;58.4962;-1.02331
0.81;20973.9;873.911;21847.8;4096;63.1163;-1.02331
0.82;20973.9;873.911;21847.8;4096;59.6793;-1.02331
0.83;20973.9;873.911;21847.8;4096;64.9912;-1.02331
0.839999;20973.9;873.911;21847.8;4096;62.988;-1.02331
0.849999;20973.9;873.911;21847.8;4096;64.6969;-1.02331
0.859999;20973.9;873.911;21847.8;4096;67.0955;-1.02331
0.869999;20973.9;873.911;21847.8;4096;62.8016;-1.02331
0.879999;20973.9;873.911;21847.8;4096;67.7499;-1.02331
0.889999;20973.9;873.911;21847.8;4096;60.308;-1.02331
0.899999;20973.9;873.911;21847.8;4096;60.8935;-1.02331
0.909999;20973.9;873.911;21847.8;4096;55.4052;-1.02331
0.919999;20973.9;873.911;21847.8;4096;52.7095;-1.02331
0.929999;20973.9;873.911;21847.8;4096;54.2653;-1.02331
0.939999;20973.9;873.911;21847.8;4096;52.3995;-1.02331
0.949999;20973.9;873.911;21847.8;4096;57.6041;-1.02331
0.959999;20973.9;873.911;21847.8;4096;62.5825;-1.02331
0.969999;20973.9;873.911;21847.8;4096;59.3757;-1.02331
0.979999;20973.9;873.911;21847.8;4096;63.0541;-1.02331
0.989999;20973.9;873.911;21847.8;4096;58.4125;-1.02331
0.999999;20973.9;873.911;21847.8;4096;53.625;-1.02331
1.01;20973.9;873.911;21847.8;4096;59.6038;-1.02331
1.02;20973.9;873.911;21847.8;4096;59.9824;-1.02331
1.03;20973.9;873.911;21847.8;4096;59.8755;-1.02331
1.04;20973.9;873.911;21847.8;4096;62.7556;-1.02331
1.05;20973.9;873.911;21847.8;4096;57.0037;-1.02331
1.06;20973.9;873.911;21847.8;4096;52.1403;-1.02331
1.07;20973.9;873.911;21847.8;4096;57.2971;-1.02331
1.08;20973.9;873.911;21847.8;4096;60.0821;-1.02331
1.09;20973.9;873.911;21847.8;4096;55.749;-1.02331
1.1;20973.9;873.911;21847.8;4096;55.0585;-1.02331
1.11;20973.9;873.911;21847.8;4096;52.6811;-1.02331
1.12;20973.9;873.911;21847.8;4096;51.4916;-1.02331
1.13;20973.9;873.911;21847.8;4096;55.2009;-1.02331
1.14;20973.9;873.911;21847.8;4096;59.6957;-1.02331
1.15;20973.9;873.911;21847.8;4096;56.6931;-1.02331
1.16;20973.9;873.911;21847.8;4096;61.9728;-1.02331
1.17;20973.9;873.911;21847.8;4096;58.3801;-1.02331
1.18;20973.9;873.911;21847.8;4096;55.64;-1.02331
1.19;20973.9;873.911;21847.8;4096;52.7994;-1.02331
1.2;20973.9;873.911;21847.8;4096;49.3009;-1.02331
1.21;20973.9;873.911;21847.8;4096;53.836;-1.02331
1.22;20973.9;873.911;21847.8;4096;56.3496;-1.02331
1.23;20973.9;873.911;21847.8;4096;61.8472;-1.02331
1.24;20973.9;873.911;21847.8;4096;66.6274;-1.02331
1.25;20973.9;873.911;21847.8;4096;62.1705;-1.02331
1.26;20973.9;873.911;21847.8;4096;65.1994;-1.02331
1.27;20973.9;873.911;21847.8;4096;59.5759;-1.02331
1.28;20973.9;873.911;21847.8;4096;54.6414;-1.02331
1.29;20973.9;873.911;21847.8;4096;60.3213;-1.02331
1.3;20973.9;873.911;21847.8;4096;56.7108;-1.02331
1.31;20973.9;873.911;21847.8;4096;58.023;-1.02331
1.32;20973.9;873.911;21847.8;4096;63.3854;-1.02331
1.33;20973.9;873.911;21847.8;4096;57.2322;-1.02331
1.34;20973.9;873.911;21847.8;4096;55.7533;-1.02331
1.35;20973.9;873.911;21847.8;4096;55.8109;-1.02331
1.36;20973.9;873.911;21847.8;4096;53.2167;-1.02331
1.37;20973.9;873.911;21847.8;4096;57.8895;-1.02331
1.38;20973.9;873.911;21847.8;4096;62.9738;-1.02331
1.39;20973.9;873.911;21847.8;4096;59.3509;-1.02331
1.4;20973.9;873.911;21847.8;4096;55.8624;-1.02331
1.41;20973.9;873.911;21847.8;4096;60.1435;-1.02331
1.42;20973.9;873.911;21847.8;4096;59.119;-1.02331
1.43;20973.9;873.911;21847.8;4096;56.9287;-1.02331
1.44;20973.9;873.911;21847.8;4096;56.0841;-1.02331
1.45;20973.9;873.911;21847.8;4096;54.2911;-1.02331
1.46;20973.9;873.911;21847.8;4096;52.8702;-1.02331
1.47;20973.9;873.911;21847.8;4096;55.1041;-1.02331
1.48;20973.9;873.911;21847.8;4096;60.5474;-1.02331
1.49;20973.9;873.911;21847.8;4096;57.0036;-1.02331
1.5;20973.9;873.911;21847.8;4096;53.2409;-1.02331
1.51;20973.9;873.911;21847.8;4096;59.65;-1.02331
1.52;20973.9;873.911;21847.8;4096;64.524;-1.02331
1.53;20973.9;873.911;21847.8;4096;59.0685;-1.02331
1.54;20973.9;873.911;21847.8;4096;54.815;-1.02331
1.55;20973.9;873.911;21847.8;4096;58.574;-1.02331
1.56;20973.9;873.911;21847.8;4096;58.33;-1.02331
1.57;20973.9;873.911;21847.8;4096;56.5132;-1.02331
1.58;20973.9;873.911;21847.8;4096;60.1646;-1.02331
1.59;20973.9;873.911;21847.8;4096;57.0784;-1.02331
1.6;20973.9;873.911;21847.8;4096;53.5123;-1.02331
1.61;20973.9;873.911;21847.8;4096;59.9486;-1.02331
1.62;20973.9;873.911;21847.8;4096;65.0476;-1.02331
1.63;20973.9;873.911;21847.8;4096;59.6148;-1.02331
1.64;20973.9;873.911;21847.8;4096;55.7564;-1.02331
1.65;20973.9;873.911;21847.8;4096;57.424;-1.02331
1.66;20973.9;873.911;21847.8;4096;56.1108;-1.02331
1.67;20973.9;873.911;21847.8;4096;56.464;-1.02331
1.68;20973.9;873.911;21847.8;4096;62.1244;-1.02331
1.69;20973.9;873.911;21847.8;4096;57.9058;-1.02331
1.7;20973.9;873.911;21847.8;4096;53.9103;-1.02331
1.71;20973.9;873.911;21847.8;4096;60.0982;-1.02331
1.72;20973.9;873.911;21847.8;4096;62.3625;-1.02331
1.73;20973.9;873.911;21847.8;4096;57.9444;-1.02331
1.74;20973.9;873.911;21847.8;4096;56.9975;-1.02331
1.75;20973.9;873.911;21847.8;4096;62.8706;-1.02331
1.76;20973.9;873.911;21847.8;4096;58.7917;-1.02331
1.77;20973.9;873.911;21847.8;4096;62.5324;-1.02331
1.78;20973.9;873.911;21847.8;4096;66.7629;-1.02331
1.79;20973.9;873.911;21847.8;4096;61.6853;-1.02331
1.8;20973.9;873.911;21847.8;4096;57.9062;-1.02331
1.81;20973.9;873.911;21847.8;4096;63.3243;-1.02331
1.82;20973.9;873.911;21847.8;4096;59.4209;-1.02331
1.83;20973.9;873.911;21847.8;4096;55.3573;-1.02331
1.84;20973.9;873.911;21847.8;4096;59.6438;-1.02331
1.85;20973.9;873.911;21847.8;4096;59.3652;-1.02331
1.86;20973.9;873.911;21847.8;4096;55.7923;-1.02331
1.87;20973.9;873.911;21847.8;4096;57.3162;-1.02331
1.88;20973.9;873.911;21847.8;4096;60.9994;-1.02331
1.89;20973.9;873.911;21847.8;4096;56.857;-1.02331
1.9;20973.9;873.911;21847.8;4096;59.1634;-1.02331
1.91;20973.9;873.911;21847.8;4096;64.674;-1.02331
1.92;20973.9;873.911;21847.8;4096;58.3824;-1.02331
1.93;20973.9;873.911;21847.8;4096;58.1929;-1.02331
1.94;20973.9;873.911;21847.8;4096;61.0854;-1.02331
1.95;20973.9;873.911;21847.8;4096;55.9461;-1.02331
1.96;20973.9;873.911;21847.8;4096;57.4848;-1.02331
1.97;20973.9;873.911;21847.8;4096;61.7953;-1.02331
1.98;20973.9;873.911;21847.8;4096;57.7104;-1.02331
1.99;20973.9;873.911;21847.8;4096;57.3636;-1.02331
2;20973.9;873.911;21847.8;4096;63.0468;-1.02331
2.01;20973.9;873.911;21847.8;4096;59.4458;-1.02331
2.02;20973.9;873.911;21847.8;4096;56.8652;-1.02331
2.03;20973.9;873.911;21847.8;4096;62.2228;-1.02331
2.04;20973.9;873.911;21847.8;4096;63.1637;-1.02331
2.05;20973.9;873.911;21847.8;4096;57.4277;-1.02331
2.06;20973.9;873.911;21847.8;4096;54.2309;-1.02331
2.07;20973.9;873.911;21847.8;4096;56.2492;-1.02331
2.08;20973.9;873.911;21847.8;4096;56.3771;-1.02331
2.09;20973.9;873.911;21847.8;4096;55.2048;-1.02331
2.1;20973.9;873.911;21847.8;4096;60.6272;-1.02331
2.11;20973.9;873.911;21847.8;4096;58.3837;-1.02331
2.12;20973.9;873.911;21847.8;4096;54.5272;-1.02331
2.13;20973.9;873.911;21847.8;4096;61.3303;-1.02331
2.14;20973.9;873.911;21847.8;4096;65.3122;-1.02331
2.15;20973.9;873.911;21847.8;4096;60.093;-1.02331
2.16;20973.9;873.911;21847.8;4096;55.1147;-1.02331
2.17;20973.9;873.911;21847.8;4096;60.9441;-1.02331
2.18;20973.9;873.911;21847.8;4096;62.6317;-1.02331
2.19;20973.9;873.911;21847.8;4096;57.3452;-1.02331
2.2;20973.9;873.911;21847.8;4096;55.2232;-1.02331
2.21;20973.9;873.911;21847.8;4096;56.8675;-1.02331
2.22;20973.9;873.911;21847.8;4096;56.9084;-1.02331
2.23;20973.9;873.911;21847.8;4096;55.4419;-1.02331
2.24;20973.9;873.911;21847.8;4096;59.8533;-1.02331
2.25;20973.9;873.911;21847.8;4096;58.2123;-1.02331
2.26;20973.9;873.911;21847.8;4096;54.5892;-1.02331
2.27;20973.9;873.911;21847.8;4096;60.4602;-1.02331
2.28;20973.9;873.911;21847.8;4096;57.9039;-1.02331
2.29;20973.9;873.911;21847.8;4096;59.3556;-1.02331
2.3;20973.9;873.911;21847.8;4096;63.5889;-1.02331
2.31;20973.9;873.911;21847.8;4096;57.7609;-1.02331
2.32;20973.9;873.911;21847.8;4096;55.1624;-1.02331
2.33;20973.9;873.911;21847.8;4096;59.6257;-1.02331
2.34;20973.9;873.911;21847.8;4096;57.9014;-1.02331
2.35;20973.9;873.911;21847.8;4096;54.9128;-1.02331
2.36;20973.9;873.911;21847.8;4096;60.4207;-1.02331
2.37;20973.9;873.911;21847.8;4096;56.1785;-1.02331
2.38;20973.9;873.911;21847.8;4096;53.1336;-1.02331
2.39;20973.9;873.911;21847.8;4096;59.2679;-1.02331
2.4;20973.9;873.911;21847.8;4096;56.1904;-1.02331
2.41;20973.9;873.911;21847.8;4096;52.8449;-1.02331
2.42;20973.9;873.911;21847.8;4096;59.5303;-1.02331
2.43;20973.9;873.911;21847.8;4096;56.4553;-1.02331
2.44;20973.9;873.911;21847.8;4096;55.0877;-1.02331
2.45;20973.9;873.911;21847.8;4096;61.2538;-1.02331
2.46;20973.9;873.911;21847.8;4096;56.4889;-1.02331
2.47;20973.9;873.911;21847.8;4096;54.617;-1.02331
2.48;20973.9;873.911;21847.8;4096;59.4738;-1.02331
2.49;20973.9;873.911;21847.8;4096;55.379;-1.02331
2.5;20973.9;873.911;21847.8;4096;56.2001;-1.02331
2.51;20973.9;873.911;21847.8;4096;61.1042;-1.02331
2.52;20973.9;873.911;21847.8;4096;57.0294;-1.02331
2.53;20973.9;873.911;21847.8;4096;56.8793;-1.02331
2.54;20973.9;873.911;21847.8;4096;61.8142;-1.02331
2.55;20973.9;873.911;21847.8;4096;57.9352;-1.02331
2.56;20973.9;873.911;21847.8;4096;57.7178;-1.02331
2.57;20973.9;873.911;21847.8;4096;63.299;-1.02331
2.58;20973.9;873.911;21847.8;4096;61.454;-1.02331
2.59;20973.9;873.911;21847.8;4096;59.9316;-1.02331
2.6;20973.9;873.911;21847.8;4096;64.6159;-1.02331
2.61;20973.9;873.911;21847.8;4096;59.6267;-1.02331
2.62;20973.9;873.911;21847.8;4096;61.3278;-1.02331
2.63;20973.9;873.911;21847.8;4096;66.0002;-1.02331
2.64;20973.9;873.911;21847.8;4096;59.7141;-1.02331
2.65;20973.9;873.911;21847.8;4096;60.3331;-1.02331
2.66;20973.9;873.911;21847.8;4096;61.1116;-1.02331
2.67;20973.9;873.911;21847.8;4096;55.8294;-1.02331
2.68;20973.9;873.911;21847.8;4096;53.3013;-1.02331
2.69;20973.9;873.911;21847.8;4096;56.2878;-1.02331
2.7;20973.9;873.911;21847.8;4096;55.9942;-1.02331
2.71;20973.9;873.911;21847.8;4096;58.8488;-1.02331
2.72;20973.9;873.911;21847.8;4096;63.7609;-1.02331
2.73;20973.9;873.911;21847.8;4096;58.9461;-1.02331
2.74;20973.9;873.911;21847.8;4096;55.0469;-1.02331
2.75;20973.9;873.911;21847.8;4096;57.5579;-1.02331
2.76;20973.9;873.911;21847.8;4096;55.2099;-1.02331
2.77;20973.9;873.911;21847.8;4096;58.0203;-1.02331
2.78;20973.9;873.911;21847.8;4096;63.4994;-1.02331
2.79;20973.9;873.911;21847.8;4096;58.8456;-1.02331
2.8;20973.9;873.911;21847.8;4096;56.1211;-1.02331
2.81;20973.9;873.911;21847.8;4096;58.6205;-1.02331
2.82;20973.9;873.911;21847.8;4096;54.9914;-1.02331
2.83;20973.9;873.911;21847.8;4096;60.3501;-1.02331
2.84;20973.9;873.911;21847.8;4096;64.6853;-1.02331
2.85;20973.9;873.911;21847.8;4096;58.8942;-1.02331
2.86;20973.9;873.911;21847.8;4096;57.6416;-1.02331
2.87;20973.9;873.911;21847.8;4096;57.0316;-1.02331
2.88;20973.9;873.911;21847.8;4096;54.559;-1.02331
2.89;20973.9;873.911;21847.8;4096;60.3508;-1.02331
2.9;20973.9;873.911;21847.8;4096;65.0108;-1.02331
2.91;20973.9;873.911;21847.8;4096;59.9293;-1.02331
2.92;20973.9;873.911;21847.8;4096;54.9471;-1.02331
2.93;20973.9;873.911;21847.8;4096;60.7078;-1.02331
2.94;20973.9;873.911;21847.8;4096;64.247;-1.02331
2.95;20973.9;873.911;21847.8;4096;58.3614;-1.02331
2.96;20973.9;873.911;21847.8;4096;55.4003;-1.02331
2.97;20973.9;873.911;21847.8;4096;59.1454;-1.02331
2.98;20973.9;873.911;21847.8;4096;61.2806;-1.02331
2.99;20973.9;873.911;21847.8;4096;57.7709;-1.02331
3;20973.9;873.911;21847.8;4096;57.9553;-1.02331
3.01;20973.9;873.911;21847.8;4096;59.7801;-1.02331
3.02;20973.9;873.911;21847.8;4096;57.6857;-1.02331
3.03;20973.9;873.911;21847.8;4096;58.313;-1.02331
3.04;20973.9;873.911;21847.8;4096;60.4146;-1.02331
3.05;20973.9;873.911;21847.8;4096;58.1451;-1.02331
3.06;20973.9;873.911;21847.8;4096;54.3631;-1.02331
3.07;20973.9;873.911;21847.8;4096;60.655;-1.02331
3.08;20973.9;873.911;21847.8;4096;63.59;-1.02331
3.09;20973.9;873.911;21847.8;4096;58.3038;-1.02331
3.1;20973.9;873.911;21847.8;4096;54.8781;-1.02331
3.11;20973.9;873.911;21847.8;4096;57.8694;-1.02331
3.12;20973.9;873.911;21847.8;4096;63.6622;-1.02331
3.13;20973.9;873.911;21847.8;4096;60.0639;-1.02331
3.14;20973.9;873.911;21847.8;4096;55.9789;-1.02331
3.15;20973.9;873.911;21847.8;4096;57.5247;-1.02331
3.16;20973.9;873.911;21847.8;4096;60.0567;-1.02331
3.17;20973.9;873.911;21847.8;4096;56.116;-1.02331
3.18;20973.9;873.911;21847.8;4096;58.7473;-1.02331
3.19;20973.9;873.911;21847.8;4096;61.3662;-1.02331
3.2;20973.9;873.911;21847.8;4096;57.2918;-1.02331
3.21;20973.9;873.911;21847.8;4096;59.2616;-1.02331
3.22;20973.9;873.911;21847.8;4096;64.5922;-1.02331
3.23;20973.9;873.911;21847.8;4096;59.743;-1.02331
3.24;20973.9;873.911;21847.8;4096;56.7312;-1.02331
3.25;20973.9;873.911;21847.8;4096;59.0597;-1.02331
3.26;20973.9;873.911;21847.8;4096;55.3832;-1.02331
3.27;20973.9;873.911;21847.8;4096;60.6526;-1.02331
3.28;20973.9;873.911;21847.8;4096;58.7843;-1.02331
3.29;20973.9;873.911;21847.8;4096;54.1737;-1.02331
3.3;20973.9;873.911;21847.8;4096;54.0839;-1.02331
3.31;20973.9;873.911;21847.8;4096;53.8466;-1.02331
3.32;20973.9;873.911;21847.8;4096;51.888;-1.02331
3.33;20973.9;873.911;21847.8;4096;58.5549;-1.02331
3.34;20973.9;873.911;21847.8;4096;64.0855;-1.02331
3.35;20973.9;873.911;21847.8;4096;59.2907;-1.02331
3.36;20973.9;873.911;21847.8;4096;57.7171;-1.02331
3.37;20973.9;873.911;21847.8;4096;55.3484;-1.02331
3.38;20973.9;873.911;21847.8;4096;52.4015;-1.02331
3.39;20973.9;873.911;21847.8;4096;58.4038;-1.02331
3.4;20973.9;873.911;21847.8;4096;63.4366;-1.02331
3.41;20973.9;873.911;21847.8;4096;60.1837;-1.02331
3.42;20973.9;873.911;21847.8;4096;60.9367;-1.02331
3.43;20973.9;873.911;21847.8;4096;58.3427;-1.02331
3.44;20973.9;873.911;21847.8;4096;53.8116;-1.02331
3.45;20973.9;873.911;21847.8;4096;59.8714;-1.02331
3.46;20973.9;873.911;21847.8;4096;61.0231;-1.02331
3.47;20973.9;873.911;21847.8;4096;57.4237;-1.02331
3.48;20973.9;873.911;21847.8;4096;60.5903;-1.02331
3.49;20973.9;873.911;21847.8;4096;57.084;-1.02331
3.5;20973.9;873.911;21847.8;4096;53.5982;-1.02331
3.51;20973.9;873.911;21847.8;4096;60.335;-1.02331
3.52;20973.9;873.911;21847.8;4096;61.6514;-1.02331
3.53;20973.9;873.911;21847.8;4096;59.3527;-1.02331
3.54;20973.9;873.911;21847.8;4096;61.1686;-1.02331
3.55;20973.9;873.911;21847.8;4096;56.386;-1.02331
3.56;20973.9;873.911;21847.8;4096;53.3105;-1.02331
3.57;20973.9;873.911;21847.8;4096;58.4017;-1.02331
3.58;20973.9;873.911;21847.8;4096;60.1639;-1.02331
3.59;20973.9;873.911;21847.8;4096;60.148;-1.02331
3.6;20973.9;873.911;21847.8;4096;64.7927;-1.02331
3.61;20973.9;873.911;21847.8;4096;60.1906;-1.02331
3.62;20973.9;873.911;21847.8;4096;55.4825;-1.02331
3.63;20973.9;873.911;21847.8;4096;60.8619;-1.02331
3.64;20973.9;873.911;21847.8;4096;58.9352;-1.02331
3.65;20973.9;873.911;21847.8;4096;58.4565;-1.02331
3.66;20973.9;873.911;21847.8;4096;63.9157;-1.02331
3.67;20973.9;873.911;21847.8;4096;58.9984;-1.02331
3.68;20973.9;873.911;21847.8;4096;55.331;-1.02331
3.69;20973.9;873.911;21847.8;4096;60.0986;-1.02331
3.7;20973.9;873.911;21847.8;4096;56.7602;-1.02331
3.71;20973.9;873.911;21847.8;4096;60.4872;-1.02331
3.72;20973.9;873.911;21847.8;4096;64.9598;-1.02331
3.73;20973.9;873.911;21847.8;4096;59.0133;-1.02331
3.74;20973.9;873.911;21847.8;4096;57.9052;-1.02331
3.75;20973.9;873.911;21847.8;4096;57.0576;-1.02331
3.76;20973.9;873.911;21847.8;4096;54.2696;-1.02331
3.77;20973.9;873.911;21847.8;4096;53.8127;-1.02331
3.78;20973.9;873.911;21847.8;4096;60.1269;-1.02331
3.79;20973.9;873.911;21847.8;4096;56.8906;-1.02331
3.8;20973.9;873.911;21847.8;4096;56.3651;-1.02331
3.81;20973.9;873.911;21847.8;4096;62.4597;-1.02331
3.82;20973.9;873.911;21847.8;4096;60.8388;-1.02331
3.83;20973.9;873.911;21847.8;4096;55.7839;-1.02331
3.84;20973.9;873.911;21847.8;4096;54.8242;-1.02331
3.85;20973.9;873.911;21847.8;4096;60.3861;-1.02331
3.86;20973.9;873.911;21847.8;4096;64.6693;-1.02331
3.87;20973.9;873.911;21847.8;4096;59.8299;-1.02331
3.88;20973.9;873.911;21847.8;4096;55.8404;-1.02331
3.89;20973.9;873.911;21847.8;4096;61.143;-1.02331
3.9;20973.9;873.911;21847.8;4096;65.7268;-1.02331
3.91;20973.9;873.911;21847.8;4096;61.8644;-1.02331
3.92;20973.9;873.911;21847.8;4096;56.3711;-1.02331
3.93;20973.9;873.911;21847.8;4096;58.2987;-1.02331
3.94;20973.9;873.911;21847.8;4096;56.3057;-1.02331
3.95;20973.9;873.911;21847.8;4096;54.922;-1.02331
3.96;20973.9;873.911;21847.8;4096;55.9834;-1.02331
3.97;20973.9;873.911;21847.8;4096;54.2956;-1.02331
3.98;20973.9;873.911;21847.8;4096;52.9727;-1.02331
3.99;20973.9;873.911;21847.8;4096;54.4551;-1.02331
4;20973.9;873.911;21847.8;4096;60.0937;-1.02331
4.01;20973.9;873.911;21847.8;4096;57.4809;-1.02331
4.02;20973.9;873.911;21847.8;4096;53.9859;-1.02331
4.03;20973.9;873.911;21847.8;4096;59.9651;-1.02331
4.04;20973.9;873.911;21847.8;4096;64.5987;-1.02331
4.05;20973.9;873.911;21847.8;4096;59.6567;-1.02331
4.06;20973.9;873.911;21847.8;4096;56.4919;-1.02331
4.07;20973.9;873.911;21847.8;4096;56.5932;-1.02331
4.08;20973.9;873.911;21847.8;4096;54.0069;-1.02331
4.09;20973.9;873.911;21847.8;4096;58.9768;-1.02331
4.1;20973.9;873.911;21847.8;4096;64.4156;-1.02331
4.11;20973.9;873.911;21847.8;4096;60.4655;-1.02331
4.12;20973.9;873.911;21847.8;4096;60.0818;-1.02331
4.13;20973.9;873.911;21847.8;4096;58.3688;-1.02331
4.14;20973.9;873.911;21847.8;4096;53.9311;-1.02331
4.15;20973.9;873.911;21847.8;4096;59.9177;-1.02331
4.16;20973.9;873.911;21847.8;4096;61.4075;-1.02331
4.17;20973.9;873.911;21847.8;4096;57.6639;-1.02331
4.18;20973.9;873.911;21847.8;4096;61.1224;-1.02331
4.19;20973.9;873.911;21847.8;4096;57.4127;-1.02331
4.2;20973.9;873.911;21847.8;4096;53.736;-1.02331
4.21;20973.9;873.911;21847.8;4096;60.5835;-1.02331
4.22;20973.9;873.911;21847.8;4096;60.8501;-1.02331
4.23;20973.9;873.911;21847.8;4096;59.1707;-1.02331
4.24;20973.9;873.911;21847.8;4096;61.9637;-1.02331
4.25;20973.9;873.911;21847.8;4096;56.6883;-1.02331
4.26;20973.9;873.911;21847.8;4096;53.6654;-1.02331
4.27;20973.9;873.911;21847.8;4096;58.1171;-1.02331
4.28;20973.9;873.911;21847.8;4096;58.4087;-1.02331
4.29;20973.9;873.911;21847.8;4096;60.0193;-1.02331
4.3;20973.9;873.911;21847.8;4096;65.0352;-1.02331
4.31;20973.9;873.911;21847.8;4096;63.799;-1.02331
4.32;20973.9;873.911;21847.8;4096;59.1125;-1.02331
4.33;20973.9;873.911;21847.8;4096;64.4446;-1.02331
4.34;20973.9;873.911;21847.8;4096;60.4665;-1.02331
4.35;20973.9;873.911;21847.8;4096;56.3426;-1.02331
4.36;20973.9;873.911;21847.8;4096;62.5745;-1.02331
4.37001;20973.9;873.911;21847.8;4096;58.5643;-1.02331
4.38001;20973.9;873.911;21847.8;4096;57.7881;-1.02331
4.39001;20973.9;873.911;21847.8;4096;63.8249;-1.02331
4.40001;20973.9;873.911;21847.8;4096;58.2833;-1.02331
4.41001;20973.9;873.911;21847.8;4096;57.4533;-1.02331
4.42001;20973.9;873.911;21847.8;4096;60.3224;-1.02331
4.43001;20973.9;873.911;21847.8;4096;55.5543;-1.02331
4.44001;20973.9;873.911;21847.8;4096;58.6669;-1.02331
4.45001;20973.9;873.911;21847.8;4096;61.195;-1.02331
4.46001;20973.9;873.911;21847.8;4096;56.6548;-1.02331
4.47001;20973.9;873.911;21847.8;4096;59.385;-1.02331
4.48001;20973.9;873.911;21847.8;4096;59.9118;-1.02331
4.49001;20973.9;873.911;21847.8;4096;55.7088;-1.02331
4.50001;20973.9;873.911;21847.8;4096;59.4815;-1.02331
4.51001;20973.9;873.911;21847.8;4096;60.4233;-1.02331
4.52001;20973.9;873.911;21847.8;4096;56.6955;-1.02331
4.53001;20973.9;873.911;21847.8;4096;59.6701;-1.02331
4.54001;20973.9;873.911;21847.8;4096;59.8763;-1.02331
4.55001;20973.9;873.911;21847.8;4096;56.0496;-1.02331
4.56001;20973.9;873.911;21847.8;4096;62.015;-1.02331
4.57001;20973.9;873.911;21847.8;4096;62.1776;-1.02331
4.58001;20973.9;873.911;21847.8;4096;57.3802;-1.02331
4.59001;20973.9;873.911;21847.8;4096;63.185;-1.02331
4.60001;20973.9;873.911;21847.8;4096;59.9561;-1.02331
4.61001;20973.9;873.911;21847.8;4096;55.5135;-1.02331
4.62001;20973.9;873.911;21847.8;4096;61.6895;-1.02331
4.63001;20973.9;873.911;21847.8;4096;58.7818;-1.02331
4.64001;20973.9;873.911;21847.8;4096;55.0448;-1.02331
4.65001;20973.9;873.911;21847.8;4096;61.352;-1.02331
4.66001;20973.9;873.911;21847.8;4096;63.8975;-1.02331
4.67001;20973.9;873.911;21847.8;4096;60.5392;-1.02331
4.68001;20973.9;873.911;21847.8;4096;61.9486;-1.02331
4.69001;20973.9;873.911;21847.8;4096;57.3031;-1.02331
4.70001;20973.9;873.911;21847.8;4096;55.5251;-1.02331
4.71001;20973.9;873.911;21847.8;4096;57.7988;-1.02331
4.72001;20973.9;873.911;21847.8;4096;58.7678;-1.02331
4.73001;20973.9;873.911;21847.8;4096;56.5012;-1.02331
4.74001;20973.9;873.911;21847.8;4096;57.8585;-1.02331
4.75001;20973.9;873.911;21847.8;4096;58.731;-1.02331
4.76001;20973.9;873.911;21847.8;4096;56.506;-1.02331
4.77001;20973.9;873.911;21847.8;4096;57.9294;-1.02331
4.78001;20973.9;873.911;21847.8;4096;60.9165;-1.02331
4.79001;20973.9;873.911;21847.8;4096;58.144;-1.02331
4.80001;20973.9;873.911;21847.8;4096;54.2408;-1.02331
4.81002;20973.9;873.911;21847.8;4096;58.1651;-1.02331
4.82002;20973.9;873.911;21847.8;4096;62.3479;-1.02331
4.83002;20973.9;873.911;21847.8;4096;57.4632;-1.02331
4.84002;20973.9;873.911;21847.8;4096;54.3409;-1.02331
4.85002;20973.9;873.911;21847.8;4096;59.327;-1.02331
4.86002;20973.9;873.911;21847.8;4096;64.7345;-1.02331
4.87002;20973.9;873.911;21847.8;4096;59.9802;-1.02331
4.88002;20973.9;873.911;21847.8;4096;56.2665;-1.02331
4.89002;20973.9;873.911;21847.8;4096;62.4248;-1.02331
4.90002;20973.9;873.911;21847.8;4096;66.4206;-1.02331
4.91002;20973.9;873.911;21847.8;4096;61.5068;-1.02331
4.92002;20973.9;873.911;21847.8;4096;57.1066;-1.02331
4.93002;20973.9;873.911;21847.8;4096;62.2677;-1.02331
4.94002;20973.9;873.911;21847.8;4096;66.2578;-1.02331
4.95002;20973.9;873.911;21847.8;4096;66.8023;-1.02331
4.96002;20973.9;873.911;21847.8;4096;61.4997;-1.02331
4.97002;20973.9;873.911;21847.8;4096;65.9258;-1.02331
4.98002;20973.9;873.911;21847.8;4096;66.5415;-1.02331
4.99002;20973.9;873.911;21847.8;4096;60.5683;-1.02331
5.00002;20973.9;873.911;21847.8;4096;65.2693;-1.02331
5.01002;20973.9;873.911;21847.8;4096;68.5319;-1.02331
5.02002;20973.9;873.911;21847.8;4096;62.1182;-1.02331
5.03002;20973.9;873.911;21847.8;4096;61.3951;-1.02331
5.04002;20973.9;873.911;21847.8;4096;59.0473;-1.02331
5.05002;20973.9;873.911;21847.8;4096;55.6112;-1.02331
5.06002;20973.9;873.911;21847.8;4096;61.7326;-1.02331
5.07002;20973.9;873.911;21847.8;4096;65.8021;-1.02331
5.08002;20973.9;873.911;21847.8;4096;61.2804;-1.02331
5.09002;20973.9;873.911;21847.8;4096;60.5261;-1.02331
5.10002;20973.9;873.911;21847.8;4096;56.8101;-1.02331
5.11002;20973.9;873.911;21847.8;4096;53.7129;-1.02331
5.12002;20973.9;873.911;21847.8;4096;59.5607;-1.02331
5.13002;20973.9;873.911;21847.8;4096;63.2912;-1.02331
5.14002;20973.9;873.911;21847.8;4096;61.1119;-1.02331
5.15002;20973.9;873.911;21847.8;4096;63.5946;-1.02331
5.16002;20973.9;873.911;21847.8;4096;59.7898;-1.02331
5.17002;20973.9;873.911;21847.8;4096;55.1042;-1.02331
5.18002;20973.9;873.911;21847.8;4096;61.2979;-1.02331
5.19002;20973.9;873.911;21847.8;4096;60.1504;-1.02331
5.20002;20973.9;873.911;21847.8;4096;58.3513;-1.02331
5.21002;20973.9;873.911;21847.8;4096;63.2411;-1.02331
5.22002;20973.9;873.911;21847.8;4096;58.5596;-1.02331
5.23002;20973.9;873.911;21847.8;4096;54.8313;-1.02331
5.24003;20973.9;873.911;21847.8;4096;60.1937;-1.02331
5.25003;20973.9;873.911;21847.8;4096;65.2539;-1.02331
5.26003;20973.9;873.911;21847.8;4096;60.2009;-1.02331
5.27003;20973.9;873.911;21847.8;4096;55.3996;-1.02331
5.28003;20973.9;873.911;21847.8;4096;61.6253;-1.02331
5.29003;20973.9;873.911;21847.8;4096;65.3318;-1.02331
5.30003;20973.9;873.911;21847.8;4096;59.3108;-1.02331
5.31003;20973.9;873.911;21847.8;4096;55.9477;-1.02331
5.32003;20973.9;873.911;21847.8;4096;60.7329;-1.02331
5.33003;20973.9;873.911;21847.8;4096;64.1265;-1.02331
5.34003;20973.9;873.911;21847.8;4096;59.7867;-1.02331
5.35003;20973.9;873.911;21847.8;4096;58.0767;-1.02331
5.36003;20973.9;873.911;21847.8;4096;55.1129;-1.02331
5.37003;20973.9;873.911;21847.8;4096;55.5427;-1.02331
5.38003;20973.9;873.911;21847.8;4096;62.0567;-1.02331
5.39003;20973.9;873.911;21847.8;4096;61.5028;-1.02331
5.40003;20973.9;873.911;21847.8;4096;57.1484;-1.02331
5.41003;20973.9;873.911;21847.8;4096;54.0037;-1.02331
5.42003;20973.9;873.911;21847.8;4096;60.0623;-1.02331
5.43003;20973.9;873.911;21847.8;4096;62.4314;-1.02331
5.44003;20973.9;873.911;21847.8;4096;57.3939;-1.02331
5.45003;20973.9;873.911;21847.8;4096;54.2842;-1.02331
5.46003;20973.9;873.911;21847.8;4096;57.2695;-1.02331
5.47003;20973.9;873.911;21847.8;4096;63.2703;-1.02331
5.48003;20973.9;873.911;21847.8;4096;60.0231;-1.02331
5.49003;20973.9;873.911;21847.8;4096;57.5179;-1.02331
5.50003;20973.9;873.911;21847.8;4096;63.3019;-1.02331
5.51003;20973.9;873.911;21847.8;4096;58.3982;-1.02331
5.52003;20973.9;873.911;21847.8;4096;55.6838;-1.02331
5.53003;20973.9;873.911;21847.8;4096;56.4417;-1.02331
5.54003;20973.9;873.911;21847.8;4096;53.3716;-1.02331
5.55003;20973.9;873.911;21847.8;4096;50.8885;-1.02331
5.56003;20973.9;873.911;21847.8;4096;57.1839;-1.02331
5.57003;20973.9;873.911;21847.8;4096;54.4301;-1.02331
5.58003;20973.9;873.911;21847.8;4096;54.0003;-1.02331
5.59003;20973.9;873.911;21847.8;4096;60.2863;-1.02331
5.60003;20973.9;873.911;21847.8;4096;57.3118;-1.02331
5.61003;20973.9;873.911;21847.8;4096;53.0121;-1.02331
5.62003;20973.9;873.911;21847.8;4096;59.3654;-1.02331
5.63003;20973.9;873.911;21847.8;4096;59.6707;-1.02331
5.64003;20973.9;873.911;21847.8;4096;56.8542;-1.02331
5.65003;20973.9;873.911;21847.8;4096;60.8361;-1.02331
5.66003;20973.9;873.911;21847.8;4096;57.0257;-1.02331
5.67003;20973.9;873.911;21847.8;4096;53.5582;-1.02331
5.68004;20973.9;873.911;21847.8;4096;60.4015;-1.02331
5.69004;20973.9;873.911;21847.8;4096;60.7427;-1.02331
5.70004;20973.9;873.911;21847.8;4096;59.1429;-1.02331
5.71004;20973.9;873.911;21847.8;4096;61.7945;-1.02331
5.72004;20973.9;873.911;21847.8;4096;56.6936;-1.02331
5.73004;20973.9;873.911;21847.8;4096;53.7871;-1.02331
5.74004;20973.9;873.911;21847.8;4096;58.1456;-1.02331
5.75004;20973.9;873.911;21847.8;4096;58.7411;-1.02331
5.76004;20973.9;873.911;21847.8;4096;60.0664;-1.02331
5.77004;20973.9;873.911;21847.8;4096;64.8302;-1.02331
5.78004;20973.9;873.911;21847.8;4096;60.1509;-1.02331
5.79004;20973.9;873.911;21847.8;4096;55.7817;-1.02331
5.80004;20973.9;873.911;21847.8;4096;59.0248;-1.02331
5.81004;20973.9;873.911;21847.8;4096;56.4814;-1.02331
5.82004;20973.9;873.911;21847.8;4096;59.2267;-1.02331
5.83004;20973.9;873.911;21847.8;4096;64.589;-1.02331
5.84004;20973.9;873.911;21847.8;4096;59.9136;-1.02331
5.85004;20973.9;873.911;21847.8;4096;58.3466;-1.02331
5.86004;20973.9;873.911;21847.8;4096;58.0612;-1.02331
5.87004;20973.9;873.911;21847.8;4096;53.7814;-1.02331
5.88004;20973.9;873.911;21847.8;4096;59.9324;-1.02331
5.89004;20973.9;873.911;21847.8;4096;61.7918;-1.02331
5.90004;20973.9;873.911;21847.8;4096;57.7957;-1.02331
5.91004;20973.9;873.911;21847.8;4096;61.2686;-1.02331
5.92004;20973.9;873.911;21847.8;4096;57.5805;-1.02331
5.93004;20973.9;873.911;21847.8;4096;53.8874;-1.02331
5.94004;20973.9;873.911;21847.8;4096;60.6368;-1.02331
5.95004;20973.9;873.911;21847.8;4096;60.6093;-1.02331
5.96004;20973.9;873.911;21847.8;4096;59.395;-1.02331
5.97004;20973.9;873.911;21847.8;4096;62.2516;-1.02331
5.98004;20973.9;873.911;21847.8;4096;57.0344;-1.02331
5.99004;20973.9;873.911;21847.8;4096;54.1226;-1.02331
6.00004;20973.9;873.911;21847.8;4096;58.3794;-1.02331
6.01004;20973.9;873.911;21847.8;4096;59.2614;-1.02331
6.02004;20973.9;873.911;21847.8;4096;60.0668;-1.02331
6.03004;20973.9;873.911;21847.8;4096;64.7869;-1.02331
6.04004;20973.9;873.911;21847.8;4096;60.1675;-1.02331
6.05004;20973.9;873.911;21847.8;4096;55.6901;-1.02331
6.06004;20973.9;873.911;21847.8;4096;59.6762;-1.02331
6.07004;20973.9;873.911;21847.8;4096;57.59;-1.02331
6.08004;20973.9;873.911;21847.8;4096;58.3951;-1.02331
6.09004;20973.9;873.911;21847.8;4096;63.8359;-1.02331
6.10004;20973.9;873.911;21847.8;4096;61.1177;-1.02331
6.11004;20973.9;873.911;21847.8;4096;57.7796;-1.02331
6.12005;20973.9;873.911;21847.8;4096;63.2801;-1.02331
6.13005;20973.9;873.911;21847.8;4096;58.6431;-1.02331
6.14005;20973.9;873.911;21847.8;4096;63.1827;-1.02331
6.15005;20973.9;873.911;21847.8;4096;62.4256;-1.02331
6.16005;20973.9;873.911;21847.8;4096;66.1366;-1.02331
6.17005;20973.9;873.911;21847.8;4096;63.021;-1.02331
6.18005;20973.9;873.911;21847.8;4096;57.7359;-1.02331
6.19005;20973.9;873.911;21847.8;4096;58.0212;-1.02331
6.20005;20973.9;873.911;21847.8;4096;62.4557;-1.02331
6.21005;20973.9;873.911;21847.8;4096;63.4393;-1.02331
6.22005;20973.9;873.911;21847.8;4096;58.9129;-1.02331
6.23005;20973.9;873.911;21847.8;4096;56.5327;-1.02331
6.24005;20973.9;873.911;21847.8;4096;62.3085;-1.02331
6.25005;20973.9;873.911;21847.8;4096;64.1584;-1.02331
6.26005;20973.9;873.911;21847.8;4096;59.446;-1.02331
6.27005;20973.9;873.911;21847.8;4096;55.558;-1.02331
6.28005;20973.9;873.911;21847.8;4096;61.5626;-1.02331
6.29005;20973.9;873.911;21847.8;4096;63.9733;-1.02331
6.30005;20973.9;873.911;21847.8;4096;58.5148;-1.02331
6.31005;20973.9;873.911;21847.8;4096;55.5913;-1.02331
6.32005;20973.9;873.911;21847.8;4096;59.6496;-1.02331
6.33005;20973.9;873.911;21847.8;4096;62.9051;-1.02331
6.34005;20973.9;873.911;21847.8;4096;58.7263;-1.02331
6.35005;20973.9;873.911;21847.8;4096;56.6925;-1.02331
6.36005;20973.9;873.911;21847.8;4096;61.4551;-1.02331
6.37005;20973.9;873.911;21847.8;4096;62.5867;-1.02331
6.38005;20973.9;873.911;21847.8;4096;59.1652;-1.02331
6.39005;20973.9;873.911;21847.8;4096;54.6919;-1.02331
6.40005;20973.9;873.911;21847.8;4096;60.9273;-1.02331
6.41005;20973.9;873.911;21847.8;4096;59.1137;-1.02331
6.42005;20973.9;873.911;21847.8;4096;59.4495;-1.02331
6.43005;20973.9;873.911;21847.8;4096;64.646;-1.02331
6.44005;20973.9;873.911;21847.8;4096;59.9197;-1.02331
6.45005;20973.9;873.911;21847.8;4096;57.638;-1.02331
6.46005;20973.9;873.911;21847.8;4096;58.2151;-1.02331
6.47005;20973.9;873.911;21847.8;4096;54.0411;-1.02331
6.48005;20973.9;873.911;21847.8;4096;60.3036;-1.02331
6.49005;20973.9;873.911;21847.8;4096;62.1487;-1.02331
6.50005;20973.9;873.911;21847.8;4096;58.365;-1.02331
6.51005;20973.9;873.911;21847.8;4096;62.1314;-1.02331
6.52005;20973.9;873.911;21847.8;4096;58.1089;-1.02331
6.53005;20973.9;873.911;21847.8;4096;54.438;-1.02331
6.54005;20973.9;873.911;21847.8;4096;60.019;-1.02331
6.55006;20973.9;873.911;21847.8;4096;57.5235;-1.02331
6.56006;20973.9;873.911;21847.8;4096;59.9458;-1.02331
6.57006;20973.9;873.911;21847.8;4096;64.4311;-1.02331
6.58006;20973.9;873.911;21847.8;4096;58.6996;-1.02331
6.59006;20973.9;873.911;21847.8;4096;57.9391;-1.02331
6.60006;20973.9;873.911;21847.8;4096;56.9141;-1.02331
6.61006;20973.9;873.911;21847.8;4096;53.9697;-1.02331
6.62006;20973.9;873.911;21847.8;4096;60.3795;-1.02331
6.63006;20973.9;873.911;21847.8;4096;63.6124;-1.02331
6.64006;20973.9;873.911;21847.8;4096;60.0266;-1.02331
6.65006;20973.9;873.911;21847.8;4096;61.5155;-1.02331
6.66006;20973.9;873.911;21847.8;4096;63.6767;-1.02331
6.67006;20973.9;873.911;21847.8;4096;59.3275;-1.02331
6.68006;20973.9;873.911;21847.8;4096;61.7229;-1.02331
6.69006;20973.9;873.911;21847.8;4096;60.3463;-1.02331
6.70006;20973.9;873.911;21847.8;4096;56.8324;-1.02331
6.71006;20973.9;873.911;21847.8;4096;62.2438;-1.02331
6.72006;20973.9;873.911;21847.8;4096;57.688;-1.02331
6.73006;20973.9;873.911;21847.8;4096;55.3527;-1.02331
6.74006;20973.9;873.911;21847.8;4096;61.2393;-1.02331
6.75006;20973.9;873.911;21847.8;4096;57.2358;-1.02331
6.76006;20973.9;873.911;21847.8;4096;55.7361;-1.02331
6.77006;20973.9;873.911;21847.8;4096;60.3658;-1.02331
6.78006;20973.9;873.911;21847.8;4096;56.3041;-1.02331
6.79006;20973.9;873.911;21847.8;4096;61.224;-1.02331
6.80006;20973.9;873.911;21847.8;4096;63.2972;-1.02331
6.81006;20973.9;873.911;21847.8;4096;58.2294;-1.02331
6.82006;20973.9;873.911;21847.8;4096;63.7379;-1.02331
6.83006;20973.9;873.911;21847.8;4096;59.9971;-1.02331
6.84006;20973.9;873.911;21847.8;4096;55.9112;-1.02331
6.85006;20973.9;873.911;21847.8;4096;62.0768;-1.02331
6.86006;20973.9;873.911;21847.8;4096;58.4001;-1.02331
6.87006;20973.9;873.911;21847.8;4096;58.4885;-1.02331
6.88006;20973.9;873.911;21847.8;4096;64.4345;-1.02331
6.89006;20973.9;873.911;21847.8;4096;58.5921;-1.02331
6.90006;20973.9;873.911;21847.8;4096;59.6568;-1.02331
6.91006;20973.9;873.911;21847.8;4096;59.6465;-1.02331
6.92006;20973.9;873.911;21847.8;4096;54.7057;-1.02331
6.93006;20973.9;873.911;21847.8;4096;53.7378;-1.02331
6.94006;20973.9;873.911;21847.8;4096;54.3485;-1.02331
6.95006;20973.9;873.911;21847.8;4096;52.2603;-1.02331
6.96006;20973.9;873.911;21847.8;4096;58.8005;-1.02331
6.97006;20973.9;873.911;21847.8;4096;55.4852;-1.02331
6.98006;20973.9;873.911;21847.8;4096;52.891;-1.02331
6.99007;20973.9;873.911;21847.8;4096;53.9662;-1.02331
7.00007;20973.9;873.911;21847.8;4096;51.4919;-1.02331
7.01007;20973.9;873.911;21847.8;4096;49.5089;-1.02331
7.02007;20973.9;873.911;21847.8;4096;55.626;-1.02331
7.03007;20973.9;873.911;21847.8;4096;61.5842;-1.02331
7.04007;20973.9;873.911;21847.8;4096;57.4824;-1.02331
7.05007;20973.9;873.911;21847.8;4096;54.1006;-1.02331
7.06007;20973.9;873.911;21847.8;4096;60.3974;-1.02331
7.07007;20973.9;873.911;21847.8;4096;65.3437;-1.02331
7.08007;20973.9;873.911;21847.8;4096;60.3216;-1.02331
7.09007;20973.9;873.911;21847.8;4096;55.7203;-1.02331
7.10007;20973.9;873.911;21847.8;4096;61.71;-1.02331
7.11007;20973.9;873.911;21847.8;4096;64.2041;-1.02331
7.12007;20973.9;873.911;21847.8;4096;58.6448;-1.02331
7.13007;20973.9;873.911;21847.8;4096;55.6468;-1.02331
7.14007;20973.9;873.911;21847.8;4096;59.8955;-1.02331
7.15007;20973.9;873.911;21847.8;4096;63.1579;-1.02331
7.16007;20973.9;873.911;21847.8;4096;58.905;-1.02331
7.17007;20973.9;873.911;21847.8;4096;56.9861;-1.02331
7.18007;20973.9;873.911;21847.8;4096;61.4906;-1.02331
7.19007;20973.9;873.911;21847.8;4096;62.171;-1.02331
7.20007;20973.9;873.911;21847.8;4096;59.2806;-1.02331
7.21007;20973.9;873.911;21847.8;4096;56.9381;-1.02331
7.22007;20973.9;873.911;21847.8;4096;59.6973;-1.02331
7.23007;20973.9;873.911;21847.8;4096;58.1928;-1.02331
7.24007;20973.9;873.911;21847.8;4096;63.9134;-1.02331
7.25007;20973.9;873.911;21847.8;4096;62.0021;-1.02331
7.26007;20973.9;873.911;21847.8;4096;56.7206;-1.02331
7.27007;20973.9;873.911;21847.8;4096;62.5286;-1.02331
7.28007;20973.9;873.911;21847.8;4096;60.4117;-1.02331
7.29007;20973.9;873.911;21847.8;4096;56.9735;-1.02331
7.30007;20973.9;873.911;21847.8;4096;62.7618;-1.02331
7.31007;20973.9;873.911;21847.8;4096;58.0919;-1.02331
7.32007;20973.9;873.911;21847.8;4096;55.7033;-1.02331
7.33007;20973.9;873.911;21847.8;4096;60.081;-1.02331
7.34007;20973.9;873.911;21847.8;4096;55.7556;-1.02331
7.35007;20973.9;873.911;21847.8;4096;57.4401;-1.02331
7.36007;20973.9;873.911;21847.8;4096;61.1884;-1.02331
7.37007;20973.9;873.911;21847.8;4096;56.9686;-1.02331
7.38007;20973.9;873.911;21847.8;4096;58.58;-1.02331
7.39007;20973.9;873.911;21847.8;4096;60.1889;-1.02331
7.40007;20973.9;873.911;21847.8;4096;56.1547;-1.02331
7.41007;20973.9;873.911;21847.8;4096;59.9427;-1.02331
7.42007;20973.9;873.911;21847.8;4096;60.4995;-1.02331
7.43008;20973.9;873.911;21847.8;4096;57.1959;-1.02331
7.44008;20973.9;873.911;21847.8;4096;61.1186;-1.02331
7.45008;20973.9;873.911;21847.8;4096;58.6689;-1.02331
7.46008;20973.9;873.911;21847.8;4096;56.1326;-1.02331
7.47008;20973.9;873.911;21847.8;4096;61.8364;-1.02331
7.48008;20973.9;873.911;21847.8;4096;58.6486;-1.02331
7.49008;20973.9;873.911;21847.8;4096;57.4624;-1.02331
7.50008;20973.9;873.911;21847.8;4096;63.5051;-1.02331
7.51008;20973.9;873.911;21847.8;4096;58.9295;-1.02331
7.52008;20973.9;873.911;21847.8;4096;58.4226;-1.02331
7.53008;20973.9;873.911;21847.8;4096;63.8604;-1.02331
7.54008;20973.9;873.911;21847.8;4096;59.2507;-1.02331
7.55008;20973.9;873.911;21847.8;4096;64.3462;-1.02331
7.56008;20973.9;873.911;21847.8;4096;64.707;-1.02331
7.57008;20973.9;873.911;21847.8;4096;59.5029;-1.02331
7.58008;20973.9;873.911;21847.8;4096;64.8683;-1.02331
7.59008;20973.9;873.911;21847.8;4096;66.7198;-1.02331
7.60008;20973.9;873.911;21847.8;4096;61.4075;-1.02331
7.61008;20973.9;873.911;21847.8;4096;63.2241;-1.02331
7.62008;20973.9;873.911;21847.8;4096;59.2544;-1.02331
7.63008;20973.9;873.911;21847.8;4096;55.3157;-1.02331
7.64008;20973.9;873.911;21847.8;4096;61.833;-1.02331
7.65008;20973.9;873.911;21847.8;4096;60.3386;-1.02331
7.66008;20973.9;873.911;21847.8;4096;60.6817;-1.02331
7.67008;20973.9;873.911;21847.8;4096;64.7062;-1.02331
7.68008;20973.9;873.911;21847.8;4096;58.883;-1.02331
7.69008;20973.9;873.911;21847.8;4096;56.8453;-1.02331
7.70008;20973.9;873.911;21847.8;4096;57.2127;-1.02331
7.71008;20973.9;873.911;21847.8;4096;54.7369;-1.02331
7.72008;20973.9;873.911;21847.8;4096;60.6407;-1.02331
7.73008;20973.9;873.911;21847.8;4096;65.7989;-1.02331
7.74008;20973.9;873.911;21847.8;4096;60.8367;-1.02331
7.75008;20973.9;873.911;21847.8;4096;59.8318;-1.02331
7.76008;20973.9;873.911;21847.8;4096;56.354;-1.02331
7.77008;20973.9;873.911;21847.8;4096;53.3989;-1.02331
7.78008;20973.9;873.911;21847.8;4096;59.1155;-1.02331
7.79008;20973.9;873.911;21847.8;4096;61.3437;-1.02331
7.80008;20973.9;873.911;21847.8;4096;60.7011;-1.02331
7.81008;20973.9;873.911;21847.8;4096;65.3545;-1.02331
7.82008;20973.9;873.911;21847.8;4096;60.5397;-1.02331
7.83008;20973.9;873.911;21847.8;4096;56.1919;-1.02331
7.84008;20973.9;873.911;21847.8;4096;59.5349;-1.02331
7.85008;20973.9;873.911;21847.8;4096;56.9049;-1.02331
7.86009;20973.9;873.911;21847.8;4096;59.6553;-1.02331
7.87009;20973.9;873.911;21847.8;4096;64.8478;-1.02331
7.88009;20973.9;873.911;21847.8;4096;60.3795;-1.02331
7.89009;20973.9;873.911;21847.8;4096;59.3115;-1.02331
7.90009;20973.9;873.911;21847.8;4096;58.1509;-1.02331
7.91009;20973.9;873.911;21847.8;4096;53.6548;-1.02331
7.92009;20973.9;873.911;21847.8;4096;59.8421;-1.02331
7.93009;20973.9;873.911;21847.8;4096;63.7646;-1.02331
7.94009;20973.9;873.911;21847.8;4096;57.9506;-1.02331
7.95009;20973.9;873.911;21847.8;4096;54.6385;-1.02331
7.96009;20973.9;873.911;21847.8;4096;60.0006;-1.02331
7.97009;20973.9;873.911;21847.8;4096;64.9971;-1.02331
7.98009;20973.9;873.911;21847.8;4096;63.2104;-1.02331
7.99009;20973.9;873.911;21847.8;4096;59.263;-1.02331
8.00009;20973.9;873.911;21847.8;4096;57.946;-1.02331
8.01009;20973.9;873.911;21847.8;4096;62.2717;-1.02331
8.02009;20973.9;873.911;21847.8;4096;64.6805;-1.02331
8.03009;20973.9;873.911;21847.8;4096;59.8145;-1.02331
8.04009;20973.9;873.911;21847.8;4096;56.6702;-1.02331
8.05009;20973.9;873.911;21847.8;4096;58.1855;-1.02331
8.06009;20973.9;873.911;21847.8;4096;61.832;-1.02331
8.07009;20973.9;873.911;21847.8;4096;58.781;-1.02331
8.08009;20973.9;873.911;21847.8;4096;54.7448;-1.02331
8.09009;20973.9;873.911;21847.8;4096;57.2861;-1.02331
8.10009;20973.9;873.911;21847.8;4096;60.6545;-1.02331
8.11009;20973.9;873.911;21847.8;4096;60.0605;-1.02331
8.12009;20973.9;873.911;21847.8;4096;56.4826;-1.02331
8.13009;20973.9;873.911;21847.8;4096;53.1133;-1.02331
8.14009;20973.9;873.911;21847.8;4096;59.9414;-1.02331
8.15009;20973.9;873.911;21847.8;4096;64.5829;-1.02331
8.16009;20973.9;873.911;21847.8;4096;59.6668;-1.02331
8.17009;20973.9;873.911;21847.8;4096;56.5431;-1.02331
8.18009;20973.9;873.911;21847.8;4096;56.4308;-1.02331
8.19009;20973.9;873.911;21847.8;4096;54.2912;-1.02331
8.20009;20973.9;873.911;21847.8;4096;59.4438;-1.02331
8.21009;20973.9;873.911;21847.8;4096;64.5318;-1.02331
8.22009;20973.9;873.911;21847.8;4096;61.1037;-1.02331
8.23009;20973.9;873.911;21847.8;4096;62.2279;-1.02331
8.24009;20973.9;873.911;21847.8;4096;59.0694;-1.02331
8.25009;20973.9;873.911;21847.8;4096;54.513;-1.02331
8.26009;20973.9;873.911;21847.8;4096;61.1;-1.02331
8.27009;20973.9;873.911;21847.8;4096;59.96;-1.02331
8.28009;20973.9;873.911;21847.8;4096;58.5362;-1.02331
8.29009;20973.9;873.911;21847.8;4096;64.0088;-1.02331
8.30009;20973.9;873.911;21847.8;4096;59.3114;-1.02331
8.31009;20973.9;873.911;21847.8;4096;55.9887;-1.02331
8.3201;20973.9;873.911;21847.8;4096;59.6057;-1.02331
8.3301;20973.9;873.911;21847.8;4096;55.9336;-1.02331
8.3401;20973.9;873.911;21847.8;4096;61.2022;-1.02331
8.3501;20973.9;873.911;21847.8;4096;64.9811;-1.02331
8.3601;20973.9;873.911;21847.8;4096;59.3974;-1.02331
8.3701;20973.9;873.911;21847.8;4096;59.5062;-1.02331
8.3801;20973.9;873.911;21847.8;4096;57.1996;-1.02331
8.3901;20973.9;873.911;21847.8;4096;54.1119;-1.02331
8.4001;20973.9;873.911;21847.8;4096;60.543;-1.02331
8.4101;20973.9;873.911;21847.8;4096;63.1164;-1.02331
8.4201;20973.9;873.911;21847.8;4096;60.0115;-1.02331
8.4301;20973.9;873.911;21847.8;4096;61.6155;-1.02331
8.4401;20973.9;873.911;21847.8;4096;56.8702;-1.02331
8.4501;20973.9;873.911;21847.8;4096;53.9049;-1.02331
8.4601;20973.9;873.911;21847.8;4096;58.2146;-1.02331
8.4701;20973.9;873.911;21847.8;4096;58.1378;-1.02331
8.4801;20973.9;873.911;21847.8;4096;60.4747;-1.02331
8.4901;20973.9;873.911;21847.8;4096;65.2276;-1.02331
8.5001;20973.9;873.911;21847.8;4096;60.1355;-1.02331
8.5101;20973.9;873.911;21847.8;4096;56.7453;-1.02331
8.5201;20973.9;873.911;21847.8;4096;56.6918;-1.02331
8.5301;20973.9;873.911;21847.8;4096;53.8285;-1.02331
8.5401;20973.9;873.911;21847.8;4096;59.2226;-1.02331
8.5501;20973.9;873.911;21847.8;4096;64.1072;-1.02331
8.5601;20973.9;873.911;21847.8;4096;60.8329;-1.02331
8.5701;20973.9;873.911;21847.8;4096;62.9495;-1.02331
8.5801;20973.9;873.911;21847.8;4096;59.3457;-1.02331
8.5901;20973.9;873.911;21847.8;4096;54.8087;-1.02331
8.6001;20973.9;873.911;21847.8;4096;61.1591;-1.02331
8.6101;20973.9;873.911;21847.8;4096;59.3428;-1.02331
8.6201;20973.9;873.911;21847.8;4096;59.1702;-1.02331
8.6301;20973.9;873.911;21847.8;4096;64.4847;-1.02331
8.6401;20973.9;873.911;21847.8;4096;59.7754;-1.02331
8.6501;20973.9;873.911;21847.8;4096;56.976;-1.02331
8.6601;20973.9;873.911;21847.8;4096;62.8507;-1.02331
8.6701;20973.9;873.911;21847.8;4096;57.8783;-1.02331
8.6801;20973.9;873.911;21847.8;4096;56.2739;-1.02331
8.6901;20973.9;873.911;21847.8;4096;59.8122;-1.02331
8.7001;20973.9;873.911;21847.8;4096;55.8491;-1.02331
8.7101;20973.9;873.911;21847.8;4096;59.1178;-1.02331
8.7201;20973.9;873.911;21847.8;4096;61.3529;-1.02331
8.7301;20973.9;873.911;21847.8;4096;56.9365;-1.02331
8.7401;20973.9;873.911;21847.8;4096;60.8094;-1.02331
8.7501;20973.9;873.911;21847.8;4096;59.1181;-1.02331
8.76011;20973.9;873.911;21847.8;4096;55.1145;-1.02331
8.77011;20973.9;873.911;21847.8;4096;60.7003;-1.02331
8.78011;20973.9;873.911;21847.8;4096;58.4517;-1.02331
8.79011;20973.9;873.911;21847.8;4096;56.902;-1.02331
8.80011;20973.9;873.911;21847.8;4096;62.0734;-1.02331
8.81011;20973.9;873.911;21847.8;4096;65.1899;-1.02331
8.82011;20973.9;873.911;21847.8;4096;60.3888;-1.02331
8.83011;20973.9;873.911;21847.8;4096;56.6864;-1.02331
8.84011;20973.9;873.911;21847.8;4096;62.6442;-1.02331
8.85011;20973.9;873.911;21847.8;4096;66.4051;-1.02331
8.86011;20973.9;873.911;21847.8;4096;61.457;-1.02331
8.87011;20973.9;873.911;21847.8;4096;57.1927;-1.02331
8.88011;20973.9;873.911;21847.8;4096;62.77;-1.02331
8.89011;20973.9;873.911;21847.8;4096;63.8526;-1.02331
8.90011;20973.9;873.911;21847.8;4096;58.6288;-1.02331
8.91011;20973.9;873.911;21847.8;4096;56.1646;-1.02331
8.92011;20973.9;873.911;21847.8;4096;59.7607;-1.02331
8.93011;20973.9;873.911;21847.8;4096;62.1549;-1.02331
8.94011;20973.9;873.911;21847.8;4096;58.4036;-1.02331
8.95011;20973.9;873.911;21847.8;4096;56.8409;-1.02331
8.96011;20973.9;873.911;21847.8;4096;61.1155;-1.02331
8.97011;20973.9;873.911;21847.8;4096;61.6637;-1.02331
8.98011;20973.9;873.911;21847.8;4096;58.7361;-1.02331
8.99011;20973.9;873.911;21847.8;4096;56.4448;-1.02331
9.00011;20973.9;873.911;21847.8;4096;59.5062;-1.02331
9.01011;20973.9;873.911;21847.8;4096;58.861;-1.02331
9.02011;20973.9;873.911;21847.8;4096;55.6609;-1.02331
9.03011;20973.9;873.911;21847.8;4096;54.5979;-1.02331
9.04011;20973.9;873.911;21847.8;4096;56.2692;-1.02331
9.05011;20973.9;873.911;21847.8;4096;62.0524;-1.02331
9.06011;20973.9;873.911;21847.8;4096;57.8753;-1.02331
9.07011;20973.9;873.911;21847.8;4096;56.5247;-1.02331
9.08011;20973.9;873.911;21847.8;4096;56.4435;-1.02331
9.09011;20973.9;873.911;21847.8;4096;52.5033;-1.02331
9.10011;20973.9;873.911;21847.8;4096;59.003;-1.02331
9.11011;20973.9;873.911;21847.8;4096;60.5135;-1.02331
9.12011;20973.9;873.911;21847.8;4096;57.3482;-1.02331
9.13011;20973.9;873.911;21847.8;4096;61.969;-1.02331
9.14011;20973.9;873.911;21847.8;4096;57.8961;-1.02331
9.15011;20973.9;873.911;21847.8;4096;54.2412;-1.02331
9.16011;20973.9;873.911;21847.8;4096;59.6878;-1.02331
9.17011;20973.9;873.911;21847.8;4096;56.7202;-1.02331
9.18011;20973.9;873.911;21847.8;4096;60.4238;-1.02331
9.19011;20973.9;873.911;21847.8;4096;64.9985;-1.02331
9.20012;20973.9;873.911;21847.8;4096;59.2105;-1.02331
9.21012;20973.9;873.911;21847.8;4096;59.073;-1.02331
9.22012;20973.9;873.911;21847.8;4096;57.129;-1.02331
9.23012;20973.9;873.911;21847.8;4096;53.7606;-1.02331
9.24012;20973.9;873.911;21847.8;4096;60.2424;-1.02331
9.25012;20973.9;873.911;21847.8;4096;61.943;-1.02331
9.26012;20973.9;873.911;21847.8;4096;57.5608;-1.02331
9.27012;20973.9;873.911;21847.8;4096;61.0217;-1.02331
9.28012;20973.9;873.911;21847.8;4096;61.431;-1.02331
9.29012;20973.9;873.911;21847.8;4096;58.071;-1.02331
9.30012;20973.9;873.911;21847.8;4096;60.0995;-1.02331
9.31012;20973.9;873.911;21847.8;4096;58.006;-1.02331
9.32012;20973.9;873.911;21847.8;4096;55.5131;-1.02331
9.33012;20973.9;873.911;21847.8;4096;61.3947;-1.02331
9.34012;20973.9;873.911;21847.8;4096;58.7284;-1.02331
9.35012;20973.9;873.911;21847.8;4096;56.7846;-1.02331
9.36012;20973.9;873.911;21847.8;4096;62.7667;-1.02331
9.37012;20973.9;873.911;21847.8;4096;58.5175;-1.02331
9.38012;20973.9;873.911;21847.8;4096;57.0922;-1.02331
9.39012;20973.9;873.911;21847.8;4096;61.2203;-1.02331
9.40012;20973.9;873.911;21847.8;4096;57.2137;-1.02331
9.41012;20973.9;873.911;21847.8;4096;61.2807;-1.02331
9.42012;20973.9;873.911;21847.8;4096;64.0352;-1.02331
9.43012;20973.9;873.911;21847.8;4096;58.5945;-1.02331
9.44012;20973.9;873.911;21847.8;4096;63.0498;-1.02331
9.45012;20973.9;873.911;21847.8;4096;60.4388;-1.02331
9.46012;20973.9;873.911;21847.8;4096;55.7913;-1.02331
9.47012;20973.9;873.911;21847.8;4096;61.7071;-1.02331
9.48012;20973.9;873.911;21847.8;4096;59.2251;-1.02331
9.49012;20973.9;873.911;21847.8;4096;55.516;-1.02331
9.50012;20973.9;873.911;21847.8;4096;61.5095;-1.02331
9.51012;20973.9;873.911;21847.8;4096;56.8194;-1.02331
9.52012;20973.9;873.911;21847.8;4096;54.9026;-1.02331
9.53012;20973.9;873.911;21847.8;4096;59.5229;-1.02331
9.54012;20973.9;873.911;21847.8;4096;55.2783;-1.02331
9.55012;20973.9;873.911;21847.8;4096;52.7131;-1.02331
9.56012;20973.9;873.911;21847.8;4096;57.2611;-1.02331
9.57012;20973.9;873.911;21847.8;4096;57.3748;-1.02331
9.58012;20973.9;873.911;21847.8;4096;59.9429;-1.02331
9.59012;20973.9;873.911;21847.8;4096;64.9391;-1.02331
9.60012;20973.9;873.911;21847.8;4096;59.9138;-1.02331
9.61012;20973.9;873.911;21847.8;4096;56.4226;-1.02331
9.62012;20973.9;873.911;21847.8;4096;56.7234;-1.02331
9.63013;20973.9;873.911;21847.8;4096;54.0891;-1.02331
9.64013;20973.9;873.911;21847.8;4096;58.913;-1.02331
9.65013;20973.9;873.911;21847.8;4096;64.4501;-1.02331
9.66013;20973.9;873.911;21847.8;4096;60.7286;-1.02331
9.67013;20973.9;873.911;21847.8;4096;61.8908;-1.02331
9.68013;20973.9;873.911;21847.8;4096;58.9018;-1.02331
9.69013;20973.9;873.911;21847.8;4096;54.3209;-1.02331
9.70013;20973.9;873.911;21847.8;4096;60.9779;-1.02331
9.71013;20973.9;873.911;21847.8;4096;65.1982;-1.02331
9.72013;20973.9;873.911;21847.8;4096;59.4163;-1.02331
9.73013;20973.9;873.911;21847.8;4096;55.7901;-1.02331
9.74013;20973.9;873.911;21847.8;4096;60.4722;-1.02331
9.75013;20973.9;873.911;21847.8;4096;65.4987;-1.02331
9.76013;20973.9;873.911;21847.8;4096;60.7186;-1.02331
9.77013;20973.9;873.911;21847.8;4096;56.5418;-1.02331
9.78013;20973.9;873.911;21847.8;4096;62.8141;-1.02331
9.79013;20973.9;873.911;21847.8;4096;67.1173;-1.02331
9.80013;20973.9;873.911;21847.8;4096;61.6552;-1.02331
9.81013;20973.9;873.911;21847.8;4096;56.545;-1.02331
9.82013;20973.9;873.911;21847.8;4096;62.5653;-1.02331
9.83013;20973.9;873.911;21847.8;4096;66.6224;-1.02331
9.84013;20973.9;873.911;21847.8;4096;60.6873;-1.02331
9.85013;20973.9;873.911;21847.8;4096;56.8658;-1.02331
9.86013;20973.9;873.911;21847.8;4096;61.0794;-1.02331
9.87013;20973.9;873.911;21847.8;4096;66.2019;-1.02331
9.88013;20973.9;873.911;21847.8;4096;61.3274;-1.02331
9.89013;20973.9;873.911;21847.8;4096;56.928;-1.02331
9.90013;20973.9;873.911;21847.8;4096;61.0717;-1.02331
9.91013;20973.9;873.911;21847.8;4096;65.898;-1.02331
9.92013;20973.9;873.911;21847.8;4096;62.0304;-1.02331
9.93013;20973.9;873.911;21847.8;4096;56.7695;-1.02331
9.94013;20973.9;873.911;21847.8;4096;59.8191;-1.02331
9.95013;20973.9;873.911;21847.8;4096;58.6663;-1.02331
9.96013;20973.9;873.911;21847.8;4096;54.2085;-1.02331
9.97013;20973.9;873.911;21847.8;4096;60.5566;-1.02331
9.98013;20973.9;873.911;21847.8;4096;58.5687;-1.02331
9.99013;20973.9;873.911;21847.8;4096;55.8872;-1.02331
10.0001;20973.9;873.911;21847.8;4096;61.884;-1.02331
10.0101;20973.9;873.911;21847.8;4096;57.0482;-1.02331
10.0201;20973.9;873.911;21847.8;4096;55.1973;-1.02331
10.0301;20973.9;873.911;21847.8;4096;59.2906;-1.02331
10.0401;20973.9;873.911;21847.8;4096;54.8845;-1.02331
10.0501;20973.9;873.911;21847.8;4096;58.3657;-1.02331
10.0601;20973.9;873.911;21847.8;4096;60.7882;-1.02331
10.0701;20973.9;873.911;21847.8;4096;56.5271;-1.02331
10.0801;20973.9;873.911;21847.8;4096;60.4347;-1.02331
10.0901;20973.9;873.911;21847.8;4096;58.8398;-1.02331
10.1001;20973.9;873.911;21847.8;4096;55.0495;-1.02331
10.1101;20973.9;873.911;21847.8;4096;53.5953;-1.02331
10.1201;20973.9;873.911;21847.8;4096;52.5323;-1.02331
10.1301;20973.9;873.911;21847.8;4096;50.3656;-1.02331
10.1401;20973.9;873.911;21847.8;4096;56.8619;-1.02331
10.1501;20973.9;873.911;21847.8;4096;54.0427;-1.02331
10.1601;20973.9;873.911;21847.8;4096;54.2069;-1.02331
10.1701;20973.9;873.911;21847.8;4096;59.5397;-1.02331
10.1801;20973.9;873.911;21847.8;4096;56.0859;-1.02331
10.1901;20973.9;873.911;21847.8;4096;52.5162;-1.02331
10.2001;20973.9;873.911;21847.8;4096;56.3621;-1.02331
10.2101;20973.9;873.911;21847.8;4096;54.2198;-1.02331
10.2201;20973.9;873.911;21847.8;4096;58.1792;-1.02331
10.2301;20973.9;873.911;21847.8;4096;63.9965;-1.02331
10.2401;20973.9;873.911;21847.8;4096;60.0624;-1.02331
10.2501;20973.9;873.911;21847.8;4096;61.0627;-1.02331
10.2601;20973.9;873.911;21847.8;4096;58.1807;-1.02331
10.2701;20973.9;873.911;21847.8;4096;53.9206;-1.02331
10.2801;20973.9;873.911;21847.8;4096;60.5517;-1.02331
10.2901;20973.9;873.911;21847.8;4096;58.5147;-1.02331
10.3001;20973.9;873.911;21847.8;4096;59.219;-1.02331
10.3101;20973.9;873.911;21847.8;4096;64.5092;-1.02331
10.3201;20973.9;873.911;21847.8;4096;59.8635;-1.02331
10.3301;20973.9;873.911;21847.8;4096;58.2758;-1.02331
10.3401;20973.9;873.911;21847.8;4096;57.6974;-1.02331
10.3501;20973.9;873.911;21847.8;4096;53.4166;-1.02331
10.3601;20973.9;873.911;21847.8;4096;59.7232;-1.02331
10.3701;20973.9;873.911;21847.8;4096;60.4239;-1.02331
10.3801;20973.9;873.911;21847.8;4096;57.7765;-1.02331
10.3901;20973.9;873.911;21847.8;4096;62.6716;-1.02331
10.4001;20973.9;873.911;21847.8;4096;58.3537;-1.02331
10.4101;20973.9;873.911;21847.8;4096;54.8767;-1.02331
10.4201;20973.9;873.911;21847.8;4096;59.4855;-1.02331
10.4301;20973.9;873.911;21847.8;4096;56.0742;-1.02331
10.4401;20973.9;873.911;21847.8;4096;60.7642;-1.02331
10.4501;20973.9;873.911;21847.8;4096;64.701;-1.02331
10.4601;20973.9;873.911;21847.8;4096;59.218;-1.02331
10.4701;20973.9;873.911;21847.8;4096;59.5501;-1.02331
10.4801;20973.9;873.911;21847.8;4096;57.3621;-1.02331
10.4901;20973.9;873.911;21847.8;4096;53.9993;-1.02331
10.5001;20973.9;873.911;21847.8;4096;60.3523;-1.02331
10.5101;20973.9;873.911;21847.8;4096;62.0915;-1.02331
10.5201;20973.9;873.911;21847.8;4096;59.7078;-1.02331
10.5301;20973.9;873.911;21847.8;4096;62.2737;-1.02331
10.5401;20973.9;873.911;21847.8;4096;57.1083;-1.02331
10.5501;20973.9;873.911;21847.8;4096;54.4342;-1.02331
10.5601;20973.9;873.911;21847.8;4096;57.3953;-1.02331
10.5701;20973.9;873.911;21847.8;4096;56.0776;-1.02331
10.5801;20973.9;873.911;21847.8;4096;60.2128;-1.02331
10.5901;20973.9;873.911;21847.8;4096;60.7465;-1.02331
10.6001;20973.9;873.911;21847.8;4096;58.341;-1.02331
10.6101;20973.9;873.911;21847.8;4096;56.414;-1.02331
10.6201;20973.9;873.911;21847.8;4096;58.8897;-1.02331
10.6301;20973.9;873.911;21847.8;4096;57.8185;-1.02331
10.6401;20973.9;873.911;21847.8;4096;63.6477;-1.02331
10.6501;20973.9;873.911;21847.8;4096;61.3705;-1.02331
10.6601;20973.9;873.911;21847.8;4096;56.4593;-1.02331
10.6701;20973.9;873.911;21847.8;4096;57.2074;-1.02331
10.6801;20973.9;873.911;21847.8;4096;61.569;-1.02331
10.6901;20973.9;873.911;21847.8;4096;61.4081;-1.02331
10.7001;20973.9;873.911;21847.8;4096;57.4697;-1.02331
10.7101;20973.9;873.911;21847.8;4096;56.7472;-1.02331
10.7201;20973.9;873.911;21847.8;4096;62.7918;-1.02331
10.7302;20973.9;873.911;21847.8;4096;61.3553;-1.02331
10.7402;20973.9;873.911;21847.8;4096;57.0024;-1.02331
10.7502;20973.9;873.911;21847.8;4096;55.2811;-1.02331
10.7602;20973.9;873.911;21847.8;4096;61.5579;-1.02331
10.7702;20973.9;873.911;21847.8;4096;60.2308;-1.02331
10.7802;20973.9;873.911;21847.8;4096;55.4919;-1.02331
10.7902;20973.9;873.911;21847.8;4096;52.7038;-1.02331
10.8002;20973.9;873.911;21847.8;4096;58.2477;-1.02331
10.8102;20973.9;873.911;21847.8;4096;63.7103;-1.02331
10.8202;20973.9;873.911;21847.8;4096;59.3281;-1.02331
10.8302;20973.9;873.911;21847.8;4096;58.3449;-1.02331
10.8402;20973.9;873.911;21847.8;4096;57.2365;-1.02331
10.8502;20973.9;873.911;21847.8;4096;53.0009;-1.02331
10.8602;20973.9;873.911;21847.8;4096;59.5758;-1.02331
10.8702;20973.9;873.911;21847.8;4096;58.9459;-1.02331
10.8802;20973.9;873.911;21847.8;4096;58.65;-1.02331
10.8902;20973.9;873.911;21847.8;4096;63.9623;-1.02331
10.9002;20973.9;873.911;21847.8;4096;59.2263;-1.02331
10.9102;20973.9;873.911;21847.8;4096;57.6578;-1.02331
10.9202;20973.9;873.911;21847.8;4096;57.4854;-1.02331
10.9302;20973.9;873.911;21847.8;4096;53.2079;-1.02331
10.9402;20973.9;873.911;21847.8;4096;59.7176;-1.02331
10.9502;20973.9;873.911;21847.8;4096;59.959;-1.02331
10.9602;20973.9;873.911;21847.8;4096;58.2474;-1.02331
10.9702;20973.9;873.911;21847.8;4096;63.5652;-1.02331
10.9802;20973.9;873.911;21847.8;4096;59.0266;-1.02331
10.9902;20973.9;873.911;21847.8;4096;56.0531;-1.02331
11.0002;20973.9;873.911;21847.8;4096;57.9927;-1.02331
11.0102;20973.9;873.911;21847.8;4096;54.1349;-1.02331
11.0202;20973.9;873.911;21847.8;4096;60.5851;-1.02331
11.0302;20973.9;873.911;21847.8;4096;62.1161;-1.02331
11.0402;20973.9;873.911;21847.8;4096;58.3426;-1.02331
11.0502;20973.9;873.911;21847.8;4096;63.0503;-1.02331
11.0602;20973.9;873.911;21847.8;4096;58.9796;-1.02331
11.0702;20973.9;873.911;21847.8;4096;55.3567;-1.02331
11.0802;20973.9;873.911;21847.8;4096;58.8071;-1.02331
11.0902;20973.9;873.911;21847.8;4096;55.0651;-1.02331
11.1002;20973.9;873.911;21847.8;4096;61.353;-1.02331
11.1102;20973.9;873.911;21847.8;4096;63.9482;-1.02331
11.1202;20973.9;873.911;21847.8;4096;59.2873;-1.02331
11.1302;20973.9;873.911;21847.8;4096;62.983;-1.02331
11.1402;20973.9;873.911;21847.8;4096;58.6955;-1.02331
11.1502;20973.9;873.911;21847.8;4096;55.1183;-1.02331
11.1602;20973.9;873.911;21847.8;4096;60.8846;-1.02331
11.1702;20973.9;873.911;21847.8;4096;56.9516;-1.02331
11.1802;20973.9;873.911;21847.8;4096;61.614;-1.02331
11.1902;20973.9;873.911;21847.8;4096;65.4282;-1.02331
11.2002;20973.9;873.911;21847.8;4096;60.1914;-1.02331
11.2102;20973.9;873.911;21847.8;4096;61.7434;-1.02331
11.2202;20973.9;873.911;21847.8;4096;58.2948;-1.02331
11.2302;20973.9;873.911;21847.8;4096;54.6484;-1.02331
11.2402;20973.9;873.911;21847.8;4096;58.9308;-1.02331
11.2502;20973.9;873.911;21847.8;4096;57.2872;-1.02331
11.2602;20973.9;873.911;21847.8;4096;53.6001;-1.02331
11.2702;20973.9;873.911;21847.8;4096;59.7129;-1.02331
11.2802;20973.9;873.911;21847.8;4096;56.8138;-1.02331
11.2902;20973.9;873.911;21847.8;4096;56.9542;-1.02331
11.3002;20973.9;873.911;21847.8;4096;61.7903;-1.02331
11.3102;20973.9;873.911;21847.8;4096;57.3858;-1.02331
11.3202;20973.9;873.911;21847.8;4096;59.0283;-1.02331
11.3302;20973.9;873.911;21847.8;4096;59.4552;-1.02331
11.3402;20973.9;873.911;21847.8;4096;55.4857;-1.02331
11.3502;20973.9;873.911;21847.8;4096;60.6703;-1.02331
11.3602;20973.9;873.911;21847.8;4096;58.3761;-1.02331
11.3702;20973.9;873.911;21847.8;4096;57.3453;-1.02331
11.3802;20973.9;873.911;21847.8;4096;62.637;-1.02331
11.3902;20973.9;873.911;21847.8;4096;58.0888;-1.02331
11.4002;20973.9;873.911;21847.8;4096;58.5967;-1.02331
11.4102;20973.9;873.911;21847.8;4096;59.9324;-1.02331
11.4202;20973.9;873.911;21847.8;4096;56.0252;-1.02331
11.4302;20973.9;873.911;21847.8;4096;61.1491;-1.02331
11.4402;20973.9;873.911;21847.8;4096;59.1577;-1.02331
11.4502;20973.9;873.911;21847.8;4096;57.6146;-1.02331
11.4602;20973.9;873.911;21847.8;4096;62.8517;-1.02331
11.4702;20973.9;873.911;21847.8;4096;58.5517;-1.02331
11.4802;20973.9;873.911;21847.8;4096;58.5322;-1.02331
11.4902;20973.9;873.911;21847.8;4096;63.9718;-1.02331
11.5002;20973.9;873.911;21847.8;4096;63.2417;-1.02331
11.5102;20973.9;873.911;21847.8;4096;58.05;-1.02331
11.5202;20973.9;873.911;21847.8;4096;57.4871;-1.02331
11.5302;20973.9;873.911;21847.8;4096;54.76;-1.02331
11.5402;20973.9;873.911;21847.8;4096;54.6508;-1.02331
11.5502;20973.9;873.911;21847.8;4096;56.2051;-1.02331
11.5602;20973.9;873.911;21847.8;4096;54.9129;-1.02331
11.5702;20973.9;873.911;21847.8;4096;54.0931;-1.02331
11.5802;20973.9;873.911;21847.8;4096;54.2773;-1.02331
11.5902;20973.9;873.911;21847.8;4096;58.4375;-1.02331
11.6002;20973.9;873.911;21847.8;4096;57.8652;-1.02331
11.6102;20973.9;873.911;21847.8;4096;55.1195;-1.02331
11.6202;20973.9;873.911;21847.8;4096;57.722;-1.02331
11.6302;20973.9;873.911;21847.8;4096;60.71;-1.02331
11.6402;20973.9;873.911;21847.8;4096;58.1781;-1.02331
11.6502;20973.9;873.911;21847.8;4096;54.7644;-1.02331
11.6602;20973.9;873.911;21847.8;4096;57.2036;-1.02331
11.6702;20973.9;873.911;21847.8;4096;59.7933;-1.02331
11.6802;20973.9;873.911;21847.8;4096;56.1927;-1.02331
11.6902;20973.9;873.911;21847.8;4096;54.1378;-1.02331
11.7002;20973.9;873.911;21847.8;4096;56.2563;-1.02331
11.7102;20973.9;873.911;21847.8;4096;61.6565;-1.02331
11.7202;20973.9;873.911;21847.8;4096;58.864;-1.02331
11.7302;20973.9;873.911;21847.8;4096;61.9645;-1.02331
11.7402;20973.9;873.911;21847.8;4096;65.0981;-1.02331
11.7502;20973.9;873.911;21847.8;4096;59.5631;-1.02331
11.7602;20973.9;873.911;21847.8;4096;64.011;-1.02331
11.7702;20973.9;873.911;21847.8;4096;60.6298;-1.02331
11.7802;20973.9;873.911;21847.8;4096;62.6078;-1.02331
11.7902;20973.9;873.911;21847.8;4096;67.4307;-1.02331
11.8002;20973.9;873.911;21847.8;4096;62.6229;-1.02331
11.8102;20973.9;873.911;21847.8;4096;62.3438;-1.02331
11.8202;20973.9;873.911;21847.8;4096;59.3378;-1.02331
11.8302;20973.9;873.911;21847.8;4096;54.9219;-1.02331
11.8402;20973.9;873.911;21847.8;4096;58.213;-1.02331
11.8502;20973.9;873.911;21847.8;4096;57.161;-1.02331
11.8602;20973.9;873.911;21847.8;4096;53.1368;-1.02331
11.8702;20973.9;873.911;21847.8;4096;59.7183;-1.02331
11.8802;20973.9;873.911;21847.8;4096;57.9104;-1.02331
11.8902;20973.9;873.911;21847.8;4096;55.7877;-1.02331
11.9002;20973.9;873.911;21847.8;4096;61.9207;-1.02331
11.9102;20973.9;873.911;21847.8;4096;57.0658;-1.02331
11.9202;20973.9;873.911;21847.8;4096;56.2177;-1.02331
11.9302;20973.9;873.911;21847.8;4096;58.8159;-1.02331
11.9402;20973.9;873.911;21847.8;4096;54.2524;-1.02331
11.9502;20973.9;873.911;21847.8;4096;59.0906;-1.02331
11.9602;20973.9;873.911;21847.8;4096;60.0674;-1.02331
11.9702;20973.9;873.911;21847.8;4096;56.1696;-1.02331
11.9802;20973.9;873.911;21847.8;4096;61.4351;-1.02331
11.9902;20973.9;873.911;21847.8;4096;57.7766;-1.02331
12.0002;20973.9;873.911;21847.8;4096;54.372;-1.02331
12.0102;20973.9;873.911;21847.8;4096;59.9824;-1.02331
12.0202;20973.9;873.911;21847.8;4096;56.4337;-1.02331
12.0302;20973.9;873.911;21847.8;4096;57.7028;-1.02331
12.0402;20973.9;873.911;21847.8;4096;61.6627;-1.02331
12.0502;20973.9;873.911;21847.8;4096;57.2601;-1.02331
12.0602;20973.9;873.911;21847.8;4096;59.9816;-1.02331
12.0702;20973.9;873.911;21847.8;4096;59.4507;-1.02331
12.0802;20973.9;873.911;21847.8;4096;55.4268;-1.02331
12.0902;20973.9;873.911;21847.8;4096;54.0232;-1.02331
12.1002;20973.9;873.911;21847.8;4096;53.0065;-1.02331
12.1102;20973.9;873.911;21847.8;4096;50.8375;-1.02331
12.1202;20973.9;873.911;21847.8;4096;57.2796;-1.02331
12.1302;20973.9;873.911;21847.8;4096;53.9483;-1.02331
12.1402;20973.9;873.911;21847.8;4096;55.4788;-1.02331
12.1502;20973.9;873.911;21847.8;4096;57.3232;-1.02331
12.1602;20973.9;873.911;21847.8;4096;53.7998;-1.02331
12.1702;20973.9;873.911;21847.8;4096;52.2552;-1.02331
12.1802;20973.9;873.911;21847.8;4096;52.2239;-1.02331
12.1902;20973.9;873.911;21847.8;4096;50.2033;-1.02331
12.2002;20973.9;873.911;21847.8;4096;56.9137;-1.02331
12.2102;20973.9;873.911;21847.8;4096;58.5674;-1.02331
12.2202;20973.9;873.911;21847.8;4096;59.3488;-1.02331
12.2302;20973.9;873.911;21847.8;4096;64.4263;-1.02331
12.2402;20973.9;873.911;21847.8;4096;59.5327;-1.02331
12.2502;20973.9;873.911;21847.8;4096;56.7717;-1.02331
12.2602;20973.9;873.911;21847.8;4096;56.3211;-1.02331
12.2702;20973.9;873.911;21847.8;4096;53.649;-1.02331
12.2802;20973.9;873.911;21847.8;4096;59.5642;-1.02331
12.2902;20973.9;873.911;21847.8;4096;62.6941;-1.02331
12.3002;20973.9;873.911;21847.8;4096;61.0234;-1.02331
12.3102;20973.9;873.911;21847.8;4096;64.672;-1.02331
12.3202;20973.9;873.911;21847.8;4096;59.939;-1.02331
12.3302;20973.9;873.911;21847.8;4096;56.1138;-1.02331
12.3402;20973.9;873.911;21847.8;4096;58.1587;-1.02331
12.3502;20973.9;873.911;21847.8;4096;55.4621;-1.02331
12.3602;20973.9;873.911;21847.8;4096;59.8587;-1.02331
12.3702;20973.9;873.911;21847.8;4096;63.803;-1.02331
12.3802;20973.9;873.911;21847.8;4096;59.5332;-1.02331
12.3902;20973.9;873.911;21847.8;4096;56.4163;-1.02331
12.4002;20973.9;873.911;21847.8;4096;61.8815;-1.02331
12.4102;20973.9;873.911;21847.8;4096;64.8234;-1.02331
12.4202;20973.9;873.911;21847.8;4096;60.3218;-1.02331
12.4302;20973.9;873.911;21847.8;4096;56.0667;-1.02331
12.4402;20973.9;873.911;21847.8;4096;61.5239;-1.02331
12.4502;20973.9;873.911;21847.8;4096;64.2075;-1.02331
12.4602;20973.9;873.911;21847.8;4096;58.7329;-1.02331
12.4702;20973.9;873.911;21847.8;4096;55.7195;-1.02331
12.4802;20973.9;873.911;21847.8;4096;60.8955;-1.02331
12.4902;20973.9;873.911;21847.8;4096;64.8471;-1.02331
12.5002;20973.9;873.911;21847.8;4096;64.0562;-1.02331
12.5102;20973.9;873.911;21847.8;4096;59.9658;-1.02331
12.5202;20973.9;873.911;21847.8;4096;58.4078;-1.02331
12.5302;20973.9;873.911;21847.8;4096;62.4359;-1.02331
12.5402;20973.9;873.911;21847.8;4096;64.1146;-1.02331
12.5502;20973.9;873.911;21847.8;4096;59.2572;-1.02331
12.5602;20973.9;873.911;21847.8;4096;56.6786;-1.02331
12.5702;20973.9;873.911;21847.8;4096;59.4197;-1.02331
12.5802;20973.9;873.911;21847.8;4096;61.3143;-1.02331
12.5902;20973.9;873.911;21847.8;4096;58.1354;-1.02331
12.6002;20973.9;873.911;21847.8;4096;54.8837;-1.02331
12.6102;20973.9;873.911;21847.8;4096;61.0231;-1.02331
12.6202;20973.9;873.911;21847.8;4096;57.5256;-1.02331
12.6302;20973.9;873.911;21847.8;4096;58.8061;-1.02331
12.6402;20973.9;873.911;21847.8;4096;63.6026;-1.02331
12.6502;20973.9;873.911;21847.8;4096;58.1372;-1.02331
12.6602;20973.9;873.911;21847.8;4096;60.9038;-1.02331
12.6702;20973.9;873.911;21847.8;4096;59.3415;-1.02331
12.6802;20973.9;873.911;21847.8;4096;54.9619;-1.02331
12.6902;20973.9;873.911;21847.8;4096;56.0032;-1.02331
12.7002;20973.9;873.911;21847.8;4096;54.5959;-1.02331
12.7102;20973.9;873.911;21847.8;4096;51.6093;-1.02331
12.7202;20973.9;873.911;21847.8;4096;58.5807;-1.02331
12.7302;20973.9;873.911;21847.8;4096;59.19;-1.02331
12.7402;20973.9;873.911;21847.8;4096;58.5346;-1.02331
12.7502;20973.9;873.911;21847.8;4096;62.9993;-1.02331
12.7602;20973.9;873.911;21847.8;4096;57.5344;-1.02331
12.7702;20973.9;873.911;21847.8;4096;56.062;-1.02331
12.7802;20973.9;873.911;21847.8;4096;56.2955;-1.02331
12.7902;20973.9;873.911;21847.8;4096;53.638;-1.02331
12.8002;20973.9;873.911;21847.8;4096;59.8814;-1.02331
12.8102;20973.9;873.911;21847.8;4096;62.5848;-1.02331
12.8202;20973.9;873.911;21847.8;4096;59.8024;-1.02331
12.8302;20973.9;873.911;21847.8;4096;63.0147;-1.02331
12.8402;20973.9;873.911;21847.8;4096;57.8572;-1.02331
12.8502;20973.9;873.911;21847.8;4096;55.4627;-1.02331
12.8602;20973.9;873.911;21847.8;4096;56.9884;-1.02331
12.8702;20973.9;873.911;21847.8;4096;54.5742;-1.02331
12.8802;20973.9;873.911;21847.8;4096;60.5815;-1.02331
12.8902;20973.9;873.911;21847.8;4096;64.9747;-1.02331
12.9002;20973.9;873.911;21847.8;4096;60.4849;-1.02331
12.9102;20973.9;873.911;21847.8;4096;61.9118;-1.02331
12.9202;20973.9;873.911;21847.8;4096;57.3665;-1.02331
12.9302;20973.9;873.911;21847.8;4096;54.5823;-1.02331
12.9402;20973.9;873.911;21847.8;4096;58.1031;-1.02331
12.9502;20973.9;873.911;21847.8;4096;56.2522;-1.02331
12.9602;20973.9;873.911;21847.8;4096;60.4411;-1.02331
12.9702;20973.9;873.911;21847.8;4096;65.6244;-1.02331
12.9802;20973.9;873.911;21847.8;4096;60.6643;-1.02331
12.9902;20973.9;873.911;21847.8;4096;60.2941;-1.02331
13.0002;20973.9;873.911;21847.8;4096;56.5243;-1.02331
13.0102;20973.9;873.911;21847.8;4096;53.6952;-1.02331
13.0202;20973.9;873.911;21847.8;4096;58.6924;-1.02331
13.0302;20973.9;873.911;21847.8;4096;57.7318;-1.02331
13.0402;20973.9;873.911;21847.8;4096;60.5831;-1.02331
13.0502;20973.9;873.911;21847.8;4096;65.3386;-1.02331
13.0602;20973.9;873.911;21847.8;4096;60.0845;-1.02331
13.0702;20973.9;873.911;21847.8;4096;58.7286;-1.02331
13.0802;20973.9;873.911;21847.8;4096;56.0661;-1.02331
13.0902;20973.9;873.911;21847.8;4096;53.0225;-1.02331
13.1002;20973.9;873.911;21847.8;4096;58.9517;-1.02331
13.1102;20973.9;873.911;21847.8;4096;59.5442;-1.02331
13.1202;20973.9;873.911;21847.8;4096;60.7245;-1.02331
13.1302;20973.9;873.911;21847.8;4096;65.4728;-1.02331
13.1402;20973.9;873.911;21847.8;4096;62.7532;-1.02331
13.1502;20973.9;873.911;21847.8;4096;59.7345;-1.02331
13.1602;20973.9;873.911;21847.8;4096;58.2913;-1.02331
13.1702;20973.9;873.911;21847.8;4096;54.9363;-1.02331
13.1802;20973.9;873.911;21847.8;4096;60.6645;-1.02331
13.1902;20973.9;873.911;21847.8;4096;62.4392;-1.02331
13.2002;20973.9;873.911;21847.8;4096;61.5067;-1.02331
13.2102;20973.9;873.911;21847.8;4096;66.1223;-1.02331
13.2202;20973.9;873.911;21847.8;4096;60.7729;-1.02331
13.2302;20973.9;873.911;21847.8;4096;57.1229;-1.02331
13.2402;20973.9;873.911;21847.8;4096;62.6927;-1.02331
13.2502;20973.9;873.911;21847.8;4096;58.6547;-1.02331
13.2602;20973.9;873.911;21847.8;4096;56.6171;-1.02331
13.2702;20973.9;873.911;21847.8;4096;62.0504;-1.02331
13.2802;20973.9;873.911;21847.8;4096;60.6713;-1.02331
13.2902;20973.9;873.911;21847.8;4096;56.7491;-1.02331
13.3002;20973.9;873.911;21847.8;4096;57.4372;-1.02331
13.3102;20973.9;873.911;21847.8;4096;63.0909;-1.02331
13.3202;20973.9;873.911;21847.8;4096;61.5124;-1.02331
13.3302;20973.9;873.911;21847.8;4096;56.5167;-1.02331
13.3402;20973.9;873.911;21847.8;4096;57.2246;-1.02331
13.3502;20973.9;873.911;21847.8;4096;62.5954;-1.02331
13.3602;20973.9;873.911;21847.8;4096;60.1012;-1.02331
13.3702;20973.9;873.911;21847.8;4096;56.2591;-1.02331
13.3802;20973.9;873.911;21847.8;4096;56.2161;-1.02331
13.3902;20973.9;873.911;21847.8;4096;56.0564;-1.02331
13.4002;20973.9;873.911;21847.8;4096;55.1044;-1.02331
13.4102;20973.9;873.911;21847.8;4096;56.9349;-1.02331
13.4202;20973.9;873.911;21847.8;4096;57.7693;-1.02331
13.4302;20973.9;873.911;21847.8;4096;56.098;-1.02331
13.4402;20973.9;873.911;21847.8;4096;56.3528;-1.02331
13.4502;20973.9;873.911;21847.8;4096;57.5453;-1.02331
13.4602;20973.9;873.911;21847.8;4096;56.9404;-1.02331
13.4702;20973.9;873.911;21847.8;4096;54.6557;-1.02331
13.4802;20973.9;873.911;21847.8;4096;54.9249;-1.02331
13.4902;20973.9;873.911;21847.8;4096;56.5929;-1.02331
13.5002;20973.9;873.911;21847.8;4096;55.0131;-1.02331
13.5102;20973.9;873.911;21847.8;4096;60.5736;-1.02331
13.5202;20973.9;873.911;21847.8;4096;56.6537;-1.02331
13.5302;20973.9;873.911;21847.8;4096;53.378;-1.02331
13.5402;20973.9;873.911;21847.8;4096;58.3953;-1.02331
13.5502;20973.9;873.911;21847.8;4096;55.5819;-1.02331
13.5602;20973.9;873.911;21847.8;4096;59.937;-1.02331
13.5702;20973.9;873.911;21847.8;4096;64.2639;-1.02331
13.5802;20973.9;873.911;21847.8;4096;58.9427;-1.02331
13.5902;20973.9;873.911;21847.8;4096;58.6807;-1.02331
13.6002;20973.9;873.911;21847.8;4096;56.7587;-1.02331
13.6102;20973.9;873.911;21847.8;4096;53.5849;-1.02331
13.6202;20973.9;873.911;21847.8;4096;60.2883;-1.02331
13.6302;20973.9;873.911;21847.8;4096;62.3115;-1.02331
13.6402;20973.9;873.911;21847.8;4096;59.9421;-1.02331
13.6502;20973.9;873.911;21847.8;4096;62.6675;-1.02331
13.6602;20973.9;873.911;21847.8;4096;57.6254;-1.02331
13.6702;20973.9;873.911;21847.8;4096;54.6765;-1.02331
13.6802;20973.9;873.911;21847.8;4096;58.2185;-1.02331
13.6902;20973.9;873.911;21847.8;4096;57.2587;-1.02331
13.7002;20973.9;873.911;21847.8;4096;60.4138;-1.02331
13.7102;20973.9;873.911;21847.8;4096;65.1322;-1.02331
13.7202;20973.9;873.911;21847.8;4096;59.866;-1.02331
13.7302;20973.9;873.911;21847.8;4096;57.031;-1.02331
13.7402;20973.9;873.911;21847.8;4096;56.6807;-1.02331
13.7502;20973.9;873.911;21847.8;4096;53.8247;-1.02331
13.7602;20973.9;873.911;21847.8;4096;59.269;-1.02331
13.7702;20973.9;873.911;21847.8;4096;64.5432;-1.02331
13.7802;20973.9;873.911;21847.8;4096;60.0491;-1.02331
13.7902;20973.9;873.911;21847.8;4096;61.0405;-1.02331
13.8002;20973.9;873.911;21847.8;4096;65.7772;-1.02331
13.8102;20973.9;873.911;21847.8;4096;59.843;-1.02331
13.8202;20973.9;873.911;21847.8;4096;65.1556;-1.02331
13.8302;20973.9;873.911;21847.8;4096;63.9093;-1.02331
13.8402;20973.9;873.911;21847.8;4096;58.3531;-1.02331
13.8502;20973.9;873.911;21847.8;4096;63.2792;-1.02331
13.8602;20973.9;873.911;21847.8;4096;61.7037;-1.02331
13.8702;20973.9;873.911;21847.8;4096;57.8782;-1.02331
13.8802;20973.9;873.911;21847.8;4096;63.1846;-1.02331
13.8902;20973.9;873.911;21847.8;4096;58.7559;-1.02331
13.9002;20973.9;873.911;21847.8;4096;55.7728;-1.02331
13.9102;20973.9;873.911;21847.8;4096;60.9296;-1.02331
13.9202;20973.9;873.911;21847.8;4096;56.9538;-1.02331
13.9302;20973.9;873.911;21847.8;4096;58.112;-1.02331
13.9402;20973.9;873.911;21847.8;4096;62.0536;-1.02331
13.9502;20973.9;873.911;21847.8;4096;57.4176;-1.02331
13.9602;20973.9;873.911;21847.8;4096;59.3822;-1.02331
13.9702;20973.9;873.911;21847.8;4096;60.4695;-1.02331
13.9802;20973.9;873.911;21847.8;4096;56.1106;-1.02331
13.9902;20973.9;873.911;21847.8;4096;60.5462;-1.02331
14.0002;20973.9;873.911;21847.8;4096;60.3098;-1.02331
14.0102;20973.9;873.911;21847.8;4096;57.1955;-1.02331
14.0202;20973.9;873.911;21847.8;4096;62.0934;-1.02331
14.0302;20973.9;873.911;21847.8;4096;58.984;-1.02331
14.0402;20973.9;873.911;21847.8;4096;56.2658;-1.02331
14.0502;20973.9;873.911;21847.8;4096;62.166;-1.02331
14.0602;20973.9;873.911;21847.8;4096;58.9155;-1.02331
14.0702;20973.9;873.911;21847.8;4096;54.579;-1.02331
14.0802;20973.9;873.911;21847.8;4096;60.974;-1.02331
14.0902;20973.9;873.911;21847.8;4096;59.5693;-1.02331
14.1002;20973.9;873.911;21847.8;4096;59.7011;-1.02331
14.1102;20973.9;873.911;21847.8;4096;61.2611;-1.02331
14.1202;20973.9;873.911;21847.8;4096;57.2072;-1.02331
14.1302;20973.9;873.911;21847.8;4096;62.832;-1.02331
14.1402;20973.9;873.911;21847.8;4096;62.8603;-1.02331
14.1502;20973.9;873.911;21847.8;4096;57.9135;-1.02331
14.1602;20973.9;873.911;21847.8;4096;56.2;-1.02331
14.1702;20973.9;873.911;21847.8;4096;53.1653;-1.02331
14.1802;20973.9;873.911;21847.8;4096;55.9554;-1.02331
14.1902;20973.9;873.911;21847.8;4096;59.4836;-1.02331
14.2002;20973.9;873.911;21847.8;4096;56.1024;-1.02331
14.2102;20973.9;873.911;21847.8;4096;53.4024;-1.02331
14.2202;20973.9;873.911;21847.8;4096;56.5414;-1.02331
14.2302;20973.9;873.911;21847.8;4096;62.5171;-1.02331
14.2402;20973.9;873.911;21847.8;4096;58.9761;-1.02331
14.2502;20973.9;873.911;21847.8;4096;54.8815;-1.02331
14.2602;20973.9;873.911;21847.8;4096;61.0727;-1.02331
14.2702;20973.9;873.911;21847.8;4096;65.9638;-1.02331
14.2802;20973.9;873.911;21847.8;4096;60.5324;-1.02331
14.2902;20973.9;873.911;21847.8;4096;55.8948;-1.02331
14.3002;20973.9;873.911;21847.8;4096;62.1847;-1.02331
14.3102;20973.9;873.911;21847.8;4096;66.5952;-1.02331
14.3202;20973.9;873.911;21847.8;4096;60.6682;-1.02331
14.3302;20973.9;873.911;21847.8;4096;56.7862;-1.02331
14.3402;20973.9;873.911;21847.8;4096;57.6373;-1.02331
14.3502;20973.9;873.911;21847.8;4096;63.4286;-1.02331
14.3602;20973.9;873.911;21847.8;4096;60.753;-1.02331
14.3702;20973.9;873.911;21847.8;4096;56.8058;-1.02331
14.3802;20973.9;873.911;21847.8;4096;57.4796;-1.02331
14.3902;20973.9;873.911;21847.8;4096;60.0551;-1.02331
14.4002;20973.9;873.911;21847.8;4096;56.1761;-1.02331
14.4102;20973.9;873.911;21847.8;4096;59.8768;-1.02331
14.4202;20973.9;873.911;21847.8;4096;61.1695;-1.02331
14.4302;20973.9;873.911;21847.8;4096;57.6184;-1.02331
14.4402;20973.9;873.911;21847.8;4096;61.7091;-1.02331
14.4502;20973.9;873.911;21847.8;4096;59.2783;-1.02331
14.4602;20973.9;873.911;21847.8;4096;56.4419;-1.02331
14.4702;20973.9;873.911;21847.8;4096;61.8713;-1.02331
14.4802;20973.9;873.911;21847.8;4096;58.8669;-1.02331
14.4902;20973.9;873.911;21847.8;4096;57.4956;-1.02331
14.5002;20973.9;873.911;21847.8;4096;63.3443;-1.02331
14.5102;20973.9;873.911;21847.8;4096;58.9399;-1.02331
14.5202;20973.9;873.911;21847.8;4096;58.6212;-1.02331
14.5302;20973.9;873.911;21847.8;4096;61.0076;-1.02331
14.5402;20973.9;873.911;21847.8;4096;56.8035;-1.02331
14.5502;20973.9;873.911;21847.8;4096;62.1031;-1.02331
14.5602;20973.9;873.911;21847.8;4096;62.7821;-1.02331
14.5702;20973.9;873.911;21847.8;4096;58.3998;-1.02331
14.5802;20973.9;873.911;21847.8;4096;63.7188;-1.02331
14.5902;20973.9;873.911;21847.8;4096;59.8447;-1.02331
14.6002;20973.9;873.911;21847.8;4096;56.3998;-1.02331
14.6102;20973.9;873.911;21847.8;4096;62.4315;-1.02331
14.6202;20973.9;873.911;21847.8;4096;58.5611;-1.02331
14.6302;20973.9;873.911;21847.8;4096;59.9562;-1.02331
14.6402;20973.9;873.911;21847.8;4096;64.2111;-1.02331
14.6502;20973.9;873.911;21847.8;4096;60.8603;-1.02331
14.6602;20973.9;873.911;21847.8;4096;63.4878;-1.02331
14.6702;20973.9;873.911;21847.8;4096;67.5273;-1.02331
14.6802;20973.9;873.911;21847.8;4096;61.6065;-1.02331
14.6902;20973.9;873.911;21847.8;4096;66.541;-1.02331
14.7002;20973.9;873.911;21847.8;4096;62.9583;-1.02331
14.7102;20973.9;873.911;21847.8;4096;60.0579;-1.02331
14.7202;20973.9;873.911;21847.8;4096;65.3631;-1.02331
14.7302;20973.9;873.911;21847.8;4096;65.1149;-1.02331
14.7402;20973.9;873.911;21847.8;4096;62.6907;-1.02331
14.7502;20973.9;873.911;21847.8;4096;65.9154;-1.02331
14.7602;20973.9;873.911;21847.8;4096;60.0383;-1.02331
14.7702;20973.9;873.911;21847.8;4096;57.0408;-1.02331
14.7802;20973.9;873.911;21847.8;4096;58.3874;-1.02331
14.7902;20973.9;873.911;21847.8;4096;56.1531;-1.02331
14.8002;20973.9;873.911;21847.8;4096;60.9368;-1.02331
14.8102;20973.9;873.911;21847.8;4096;65.9153;-1.02331
14.8202;20973.9;873.911;21847.8;4096;60.929;-1.02331
14.8302;20973.9;873.911;21847.8;4096;60.1411;-1.02331
14.8402;20973.9;873.911;21847.8;4096;56.9787;-1.02331
14.8502;20973.9;873.911;21847.8;4096;53.9168;-1.02331
14.8602;20973.9;873.911;21847.8;4096;59.6429;-1.02331
14.8702;20973.9;873.911;21847.8;4096;60.7352;-1.02331
14.8802;20973.9;873.911;21847.8;4096;60.7117;-1.02331
14.8902;20973.9;873.911;21847.8;4096;65.5533;-1.02331
14.9002;20973.9;873.911;21847.8;4096;60.2938;-1.02331
14.9102;20973.9;873.911;21847.8;4096;56.6158;-1.02331
14.9202;20973.9;873.911;21847.8;4096;58.8338;-1.02331
14.9302;20973.9;873.911;21847.8;4096;56.0292;-1.02331
14.9402;20973.9;873.911;21847.8;4096;60.3736;-1.02331
14.9502;20973.9;873.911;21847.8;4096;65.6912;-1.02331
14.9602;20973.9;873.911;21847.8;4096;61.2282;-1.02331
14.9702;20973.9;873.911;21847.8;4096;61.2283;-1.02331
14.9802;20973.9;873.911;21847.8;4096;58.7007;-1.02331
14.9902;20973.9;873.911;21847.8;4096;54.2601;-1.02331
