0;21629.3;218.485;21847.8;2730.67;1.7058;1.81742
0.01;21629.3;218.485;21847.8;2730.67;4.0146;1.81742
0.02;21629.3;218.485;21847.8;2730.67;5.5897;1.81742
0.03;21629.3;218.485;21847.8;2730.67;3.4609;1.81742
0.04;21629.3;218.485;21847.8;2730.67;4.5445;1.81742
0.05;21629.3;218.485;21847.8;2730.67;3.4294;1.81742
0.06;21629.3;218.485;21847.8;2730.67;3.7384;1.81742
0.07;21629.3;218.485;21847.8;2730.67;5.6869;1.81742
0.08;21629.3;218.485;21847.8;2730.67;7.6678;1.81742
0.09;21629.3;218.485;21847.8;2730.67;5.5082;1.81742
0.1;21629.3;218.485;21847.8;2730.67;15.4992;1.81742
0.11;21629.3;218.485;21847.8;2730.67;18.1569;1.81742
0.12;21629.3;218.485;21847.8;2730.67;16.5865;1.81742
0.13;21629.3;218.485;21847.8;2730.67;13.0604;1.81742
0.14;21629.3;218.485;21847.8;2730.67;22.4487;1.81742
0.15;21629.3;218.485;21847.8;2730.67;33.3523;1.81742
0.16;21629.3;218.485;21847.8;2730.67;30.7095;1.81742
0.17;21629.3;218.485;21847.8;2730.67;26.678;1.81742
0.18;21629.3;218.485;21847.8;2730.67;23.1404;1.81742
0.19;21629.3;218.485;21847.8;2730.67;19.8867;1.81742
0.2;21629.3;218.485;21847.8;2730.67;23.1094;1.81742
0.21;21629.3;218.485;21847.8;2730.67;21.9578;1.81742
0.22;21629.3;218.485;21847.8;2730.67;27.8377;1.81742
0.23;21629.3;218.485;21847.8;2730.67;24.8632;1.81742
0.24;21629.3;218.485;21847.8;2730.67;26.8037;1.81742
0.25;21629.3;218.485;21847.8;2730.67;24.9451;1.81742
0.26;21629.3;218.485;21847.8;2730.67;30.886;1.81742
0.27;21629.3;218.485;21847.8;2730.67;29.3669;1.81742
0.28;21629.3;218.485;21847.8;2730.67;28.3714;1.81742
0.29;21629.3;218.485;21847.8;2730.67;27.9256;1.81742
0.3;21629.3;218.485;21847.8;2730.67;27.7225;1.81742
0.31;21629.3;218.485;21847.8;2730.67;29.2146;1.81742
0.32;21629.3;218.485;21847.8;2730.67;30.1374;1.81742
0.33;21629.3;218.485;21847.8;2730.67;28.4246;1.81742
0.34;21629.3;218.485;21847.8;2730.67;30.4888;1.81742
0.35;21629.3;218.485;21847.8;2730.67;33.2173;1.81742
0.36;21629.3;218.485;21847.8;2730.67;32.674;1.81742
0.37;21629.3;218.485;21847.8;2730.67;34.9255;1.81742
0.38;21629.3;218.485;21847.8;2730.67;35.9136;1.81742
0.39;21629.3;218.485;21847.8;2730.67;36.8405;1.81742
0.4;21629.3;218.485;21847.8;2730.67;38.496;1.81742
0.41;21629.3;218.485;21847.8;2730.67;40.2529;1.81742
0.42;21629.3;218.485;21847.8;2730.67;38.394;1.81742
0.43;21629.3;218.485;21847.8;2730.67;36.0562;1.81742
0.44;21629.3;218.485;21847.8;2730.67;37.4052;1.81742
0.45;21629.3;218.485;21847.8;2730.67;37.9607;1.81742
0.46;21629.3;218.485;21847.8;2730.67;37.4583;1.81742
0.47;21629.3;218.485;21847.8;2730.67;38.8679;1.81742
0.48;21629.3;218.485;21847.8;2730.67;36.702;1.81742
0.49;21629.3;218.485;21847.8;2730.67;36.5078;1.81742
0.5;21629.3;218.485;21847.8;2730.67;40.7397;1.81742
0.51;21629.3;218.485;21847.8;2730.67;42.9906;1.81742
0.52;21629.3;218.485;21847.8;2730.67;42.8287;1.81742
0.53;21629.3;218.485;21847.8;2730.67;41.8096;1.81742
0.54;21629.3;218.485;21847.8;2730.67;47.8433;1.81742
0.55;21629.3;218.485;21847.8;2730.67;43.3724;1.81742
0.56;21629.3;218.485;21847.8;2730.67;41.7928;1.81742
0.57;21629.3;218.485;21847.8;2730.67;42.7745;1.81742
0.58;21629.3;218.485;21847.8;2730.67;43.0662;1.81742
0.59;21629.3;218.485;21847.8;2730.67;40.7984;1.81742
0.6;21629.3;218.485;21847.8;2730.67;41.9234;1.81742
0.61;21629.3;218.485;21847.8;2730.67;43.2346;1.81742
0.62;21629.3;218.485;21847.8;2730.67;40.8449;1.81742
0.63;21629.3;218.485;21847.8;2730.67;39.8302;1.81742
0.64;21629.3;218.485;21847.8;2730.67;40.9286;1.81742
0.65;21629.3;218.485;21847.8;2730.67;40.0289;1.81742
0.66;21629.3;218.485;21847.8;2730.67;38.963;1.81742
0.67;21629.3;218.485;21847.8;2730.67;38.6961;1.81742
0.68;21629.3;218.485;21847.8;2730.67;39.9266;1.81742
0.69;21629.3;218.485;21847.8;2730.67;38.5372;1.81742
0.7;21629.3;218.485;21847.8;2730.67;37.5141;1.81742
0.71;21629.3;218.485;21847.8;2730.67;39.7551;1.81742
0.72;21629.3;218.485;21847.8;2730.67;39.2381;1.81742
0.73;21629.3;218.485;21847.8;2730.67;38.2217;1.81742
0.74;21629.3;218.485;21847.8;2730.67;37.2998;1.81742
0.75;21629.3;218.485;21847.8;2730.67;38.5537;1.81742
0.76;21629.3;218.485;21847.8;2730.67;37.0799;1.81742
0.77;21629.3;218.485;21847.8;2730.67;37.0413;1.81742
0.78;21629.3;218.485;21847.8;2730.67;38.8553;1.81742
0.79;21629.3;218.485;21847.8;2730.67;39.4779;1.81742
0.8;21629.3;218.485;21847.8;2730.67;39.3594;1.81742
0.81;21629.3;218.485;21847.8;2730.67;43.9893;1.81742
0.82;21629.3;218.485;21847.8;2730.67;42.0376;1.81742
0.83;21629.3;218.485;21847.8;2730.67;40.4718;1.81742
0.839999;21629.3;218.485;21847.8;2730.67;47.2866;1.81742
0.849999;21629.3;218.485;21847.8;2730.67;45.5145;1.81742
0.859999;21629.3;218.485;21847.8;2730.67;48.0031;1.81742
0.869999;21629.3;218.485;21847.8;2730.67;50.9364;1.81742
0.879999;21629.3;218.485;21847.8;2730.67;46.8679;1.81742
0.889999;21629.3;218.485;21847.8;2730.67;46.66;1.81742
0.899999;21629.3;218.485;21847.8;2730.67;48.9776;1.81742
0.909999;21629.3;218.485;21847.8;2730.67;46.9351;1.81742
0.919999;21629.3;218.485;21847.8;2730.67;48.4826;1.81742
0.929999;21629.3;218.485;21847.8;2730.67;47.8437;1.81742
0.939999;21629.3;218.485;21847.8;2730.67;47.8014;1.81742
0.949999;21629.3;218.485;21847.8;2730.67;52.5195;1.81742
0.959999;21629.3;218.485;21847.8;2730.67;50.1064;1.81742
0.969999;21629.3;218.485;21847.8;2730.67;49.9178;1.81742
0.979999;21629.3;218.485;21847.8;2730.67;47.2008;1.81742
0.989999;21629.3;218.485;21847.8;2730.67;44.8903;1.81742
0.999999;21629.3;218.485;21847.8;2730.67;51.3224;1.81742
1.01;21629.3;218.485;21847.8;2730.67;46.769;1.81742
1.02;21629.3;218.485;21847.8;2730.67;50.6395;1.81742
1.03;21629.3;218.485;21847.8;2730.67;51.171;1.81742
1.04;21629.3;218.485;21847.8;2730.67;53.2111;1.81742
1.05;21629.3;218.485;21847.8;2730.67;51.3241;1.81742
1.06;21629.3;218.485;21847.8;2730.67;47.3844;1.81742
1.07;21629.3;218.485;21847.8;2730.67;52.0115;1.81742
1.08;21629.3;218.485;21847.8;2730.67;48.5837;1.81742
1.09;21629.3;218.485;21847.8;2730.67;48.479;1.81742
1.1;21629.3;218.485;21847.8;2730.67;45.0206;1.81742
1.11;21629.3;218.485;21847.8;2730.67;48.5751;1.81742
1.12;21629.3;218.485;21847.8;2730.67;47.057;1.81742
1.13;21629.3;218.485;21847.8;2730.67;48.9476;1.81742
1.14;21629.3;218.485;21847.8;2730.67;53.3108;1.81742
1.15;21629.3;218.485;21847.8;2730.67;52.6808;1.81742
1.16;21629.3;218.485;21847.8;2730.67;52.5558;1.81742
1.17;21629.3;218.485;21847.8;2730.67;56.2877;1.81742
1.18;21629.3;218.485;21847.8;2730.67;53.5168;1.81742
1.19;21629.3;218.485;21847.8;2730.67;49.0764;1.81742
1.2;21629.3;218.485;21847.8;2730.67;48.3523;1.81742
1.21;21629.3;218.485;21847.8;2730.67;45.8563;1.81742
1.22;21629.3;218.485;21847.8;2730.67;45.5821;1.81742
1.23;21629.3;218.485;21847.8;2730.67;44.1064;1.81742
1.24;21629.3;218.485;21847.8;2730.67;41.9519;1.81742
1.25;21629.3;218.485;21847.8;2730.67;43.8149;1.81742
1.26;21629.3;218.485;21847.8;2730.67;43.69;1.81742
1.27;21629.3;218.485;21847.8;2730.67;44.2313;1.81742
1.28;21629.3;218.485;21847.8;2730.67;47.243;1.81742
1.29;21629.3;218.485;21847.8;2730.67;47.2148;1.81742
1.3;21629.3;218.485;21847.8;2730.67;49.174;1.81742
1.31;21629.3;218.485;21847.8;2730.67;49.7372;1.81742
1.32;21629.3;218.485;21847.8;2730.67;49.6877;1.81742
1.33;21629.3;218.485;21847.8;2730.67;56.334;1.81742
1.34;21629.3;218.485;21847.8;2730.67;53.2811;1.81742
1.35;21629.3;218.485;21847.8;2730.67;55.8836;1.81742
1.36;21629.3;218.485;21847.8;2730.67;53.5954;1.81742
1.37;21629.3;218.485;21847.8;2730.67;55.6726;1.81742
1.38;21629.3;218.485;21847.8;2730.67;58.3945;1.81742
1.39;21629.3;218.485;21847.8;2730.67;60.4148;1.81742
1.4;21629.3;218.485;21847.8;2730.67;56.1382;1.81742
1.41;21629.3;218.485;21847.8;2730.67;56.3416;1.81742
1.42;21629.3;218.485;21847.8;2730.67;54.8581;1.81742
1.43;21629.3;218.485;21847.8;2730.67;55.2659;1.81742
1.44;21629.3;218.485;21847.8;2730.67;56.6501;1.81742
1.45;21629.3;218.485;21847.8;2730.67;54.6535;1.81742
1.46;21629.3;218.485;21847.8;2730.67;56.2839;1.81742
1.47;21629.3;218.485;21847.8;2730.67;54.7223;1.81742
1.48;21629.3;218.485;21847.8;2730.67;50.7846;1.81742
1.49;21629.3;218.485;21847.8;2730.67;49.9631;1.81742
1.5;21629.3;218.485;21847.8;2730.67;46.7142;1.81742
1.51;21629.3;218.485;21847.8;2730.67;48.8973;1.81742
1.52;21629.3;218.485;21847.8;2730.67;46.0746;1.81742
1.53;21629.3;218.485;21847.8;2730.67;47.2384;1.81742
1.54;21629.3;218.485;21847.8;2730.67;47.4097;1.81742
1.55;21629.3;218.485;21847.8;2730.67;47.1796;1.81742
1.56;21629.3;218.485;21847.8;2730.67;53.4062;1.81742
1.57;21629.3;218.485;21847.8;2730.67;49.6843;1.81742
1.58;21629.3;218.485;21847.8;2730.67;53.9009;1.81742
1.59;21629.3;218.485;21847.8;2730.67;53.7837;1.81742
1.6;21629.3;218.485;21847.8;2730.67;52.2506;1.81742
1.61;21629.3;218.485;21847.8;2730.67;56.7904;1.81742
1.62;21629.3;218.485;21847.8;2730.67;55.4492;1.81742
1.63;21629.3;218.485;21847.8;2730.67;55.4279;1.81742
1.64;21629.3;218.485;21847.8;2730.67;53.8581;1.81742
1.65;21629.3;218.485;21847.8;2730.67;52.2967;1.81742
1.66;21629.3;218.485;21847.8;2730.67;54.3957;1.81742
1.67;21629.3;218.485;21847.8;2730.67;55.3027;1.81742
1.68;21629.3;218.485;21847.8;2730.67;51.4158;1.81742
1.69;21629.3;218.485;21847.8;2730.67;54.3849;1.81742
1.7;21629.3;218.485;21847.8;2730.67;51.4485;1.81742
1.71;21629.3;218.485;21847.8;2730.67;48.7555;1.81742
1.72;21629.3;218.485;21847.8;2730.67;53.3561;1.81742
1.73;21629.3;218.485;21847.8;2730.67;49.7985;1.81742
1.74;21629.3;218.485;21847.8;2730.67;49.5168;1.81742
1.75;21629.3;218.485;21847.8;2730.67;51.1375;1.81742
1.76;21629.3;218.485;21847.8;2730.67;50.7315;1.81742
1.77;21629.3;218.485;21847.8;2730.67;51.0985;1.81742
1.78;21629.3;218.485;21847.8;2730.67;51.4668;1.81742
1.79;21629.3;218.485;21847.8;2730.67;50.8518;1.81742
1.8;21629.3;218.485;21847.8;2730.67;47.7076;1.81742
1.81;21629.3;218.485;21847.8;2730.67;49.9611;1.81742
1.82;21629.3;218.485;21847.8;2730.67;49.464;1.81742
1.83;21629.3;218.485;21847.8;2730.67;46.7977;1.81742
1.84;21629.3;218.485;21847.8;2730.67;50.7761;1.81742
1.85;21629.3;218.485;21847.8;2730.67;50.5981;1.81742
1.86;21629.3;218.485;21847.8;2730.67;54.2508;1.81742
1.87;21629.3;218.485;21847.8;2730.67;56.6403;1.81742
1.88;21629.3;218.485;21847.8;2730.67;55.4154;1.81742
1.89;21629.3;218.485;21847.8;2730.67;56.8946;1.81742
1.9;21629.3;218.485;21847.8;2730.67;59.7969;1.81742
1.91;21629.3;218.485;21847.8;2730.67;58.8193;1.81742
1.92;21629.3;218.485;21847.8;2730.67;54.0402;1.81742
1.93;21629.3;218.485;21847.8;2730.67;50.5072;1.81742
1.94;21629.3;218.485;21847.8;2730.67;48.0081;1.81742
1.95;21629.3;218.485;21847.8;2730.67;45.3536;1.81742
1.96;21629.3;218.485;21847.8;2730.67;50.6917;1.81742
1.97;21629.3;218.485;21847.8;2730.67;50.9792;1.81742
1.98;21629.3;218.485;21847.8;2730.67;50.3607;1.81742
1.99;21629.3;218.485;21847.8;2730.67;50.4047;1.81742
2;21629.3;218.485;21847.8;2730.67;53.8528;1.81742
2.01;21629.3;218.485;21847.8;2730.67;55.3162;1.81742
2.02;21629.3;218.485;21847.8;2730.67;54.165;1.81742
2.03;21629.3;218.485;21847.8;2730.67;57.6574;1.81742
2.04;21629.3;218.485;21847.8;2730.67;52.8251;1.81742
2.05;21629.3;218.485;21847.8;2730.67;54.3127;1.81742
2.06;21629.3;218.485;21847.8;2730.67;52.2225;1.81742
2.07;21629.3;218.485;21847.8;2730.67;53.4935;1.81742
2.08;21629.3;218.485;21847.8;2730.67;53.7768;1.81742
2.09;21629.3;218.485;21847.8;2730.67;49.5375;1.81742
2.1;21629.3;218.485;21847.8;2730.67;52.5808;1.81742
2.11;21629.3;218.485;21847.8;2730.67;48.4125;1.81742
2.12;21629.3;218.485;21847.8;2730.67;51.6805;1.81742
2.13;21629.3;218.485;21847.8;2730.67;50.5801;1.81742
2.14;21629.3;218.485;21847.8;2730.67;54.5609;1.81742
2.15;21629.3;218.485;21847.8;2730.67;54.8018;1.81742
2.16;21629.3;218.485;21847.8;2730.67;52.7693;1.81742
2.17;21629.3;218.485;21847.8;2730.67;53.5131;1.81742
2.18;21629.3;218.485;21847.8;2730.67;56.5602;1.81742
2.19;21629.3;218.485;21847.8;2730.67;57.4664;1.81742
2.2;21629.3;218.485;21847.8;2730.67;59.5387;1.81742
2.21;21629.3;218.485;21847.8;2730.67;57.2026;1.81742
2.22;21629.3;218.485;21847.8;2730.67;58.161;1.81742
2.23;21629.3;218.485;21847.8;2730.67;58.5945;1.81742
2.24;21629.3;218.485;21847.8;2730.67;53.6297;1.81742
2.25;21629.3;218.485;21847.8;2730.67;54.7565;1.81742
2.26;21629.3;218.485;21847.8;2730.67;52.8886;1.81742
2.27;21629.3;218.485;21847.8;2730.67;49.7855;1.81742
2.28;21629.3;218.485;21847.8;2730.67;55.8249;1.81742
2.29;21629.3;218.485;21847.8;2730.67;56.2238;1.81742
2.3;21629.3;218.485;21847.8;2730.67;54.3706;1.81742
2.31;21629.3;218.485;21847.8;2730.67;55.2419;1.81742
2.32;21629.3;218.485;21847.8;2730.67;56.0907;1.81742
2.33;21629.3;218.485;21847.8;2730.67;56.472;1.81742
2.34;21629.3;218.485;21847.8;2730.67;53.0415;1.81742
2.35;21629.3;218.485;21847.8;2730.67;50.7228;1.81742
2.36;21629.3;218.485;21847.8;2730.67;56.0764;1.81742
2.37;21629.3;218.485;21847.8;2730.67;55.3276;1.81742
2.38;21629.3;218.485;21847.8;2730.67;53.2969;1.81742
2.39;21629.3;218.485;21847.8;2730.67;54.7725;1.81742
2.4;21629.3;218.485;21847.8;2730.67;56.4462;1.81742
2.41;21629.3;218.485;21847.8;2730.67;56.864;1.81742
2.42;21629.3;218.485;21847.8;2730.67;51.7329;1.81742
2.43;21629.3;218.485;21847.8;2730.67;49.9586;1.81742
2.44;21629.3;218.485;21847.8;2730.67;55.2078;1.81742
2.45;21629.3;218.485;21847.8;2730.67;54.1509;1.81742
2.46;21629.3;218.485;21847.8;2730.67;52.2321;1.81742
2.47;21629.3;218.485;21847.8;2730.67;54.285;1.81742
2.48;21629.3;218.485;21847.8;2730.67;56.4555;1.81742
2.49;21629.3;218.485;21847.8;2730.67;56.9664;1.81742
2.5;21629.3;218.485;21847.8;2730.67;51.9703;1.81742
2.51;21629.3;218.485;21847.8;2730.67;50.3904;1.81742
2.52;21629.3;218.485;21847.8;2730.67;48.6026;1.81742
2.53;21629.3;218.485;21847.8;2730.67;48.5499;1.81742
2.54;21629.3;218.485;21847.8;2730.67;48.0309;1.81742
2.55;21629.3;218.485;21847.8;2730.67;51.4249;1.81742
2.56;21629.3;218.485;21847.8;2730.67;53.4572;1.81742
2.57;21629.3;218.485;21847.8;2730.67;54.2982;1.81742
2.58;21629.3;218.485;21847.8;2730.67;50.0464;1.81742
2.59;21629.3;218.485;21847.8;2730.67;49.208;1.81742
2.6;21629.3;218.485;21847.8;2730.67;47.1959;1.81742
2.61;21629.3;218.485;21847.8;2730.67;46.8125;1.81742
2.62;21629.3;218.485;21847.8;2730.67;48.1782;1.81742
2.63;21629.3;218.485;21847.8;2730.67;51.9561;1.81742
2.64;21629.3;218.485;21847.8;2730.67;53.586;1.81742
2.65;21629.3;218.485;21847.8;2730.67;54.4253;1.81742
2.66;21629.3;218.485;21847.8;2730.67;50.2635;1.81742
2.67;21629.3;218.485;21847.8;2730.67;49.0861;1.81742
2.68;21629.3;218.485;21847.8;2730.67;47.526;1.81742
2.69;21629.3;218.485;21847.8;2730.67;44.7254;1.81742
2.7;21629.3;218.485;21847.8;2730.67;45.5046;1.81742
2.71;21629.3;218.485;21847.8;2730.67;49.2095;1.81742
2.72;21629.3;218.485;21847.8;2730.67;52.7649;1.81742
2.73;21629.3;218.485;21847.8;2730.67;54.9395;1.81742
2.74;21629.3;218.485;21847.8;2730.67;50.4866;1.81742
2.75;21629.3;218.485;21847.8;2730.67;47.6499;1.81742
2.76;21629.3;218.485;21847.8;2730.67;49.048;1.81742
2.77;21629.3;218.485;21847.8;2730.67;46.5592;1.81742
2.78;21629.3;218.485;21847.8;2730.67;46.8359;1.81742
2.79;21629.3;218.485;21847.8;2730.67;52.5579;1.81742
2.8;21629.3;218.485;21847.8;2730.67;56.4163;1.81742
2.81;21629.3;218.485;21847.8;2730.67;55.5687;1.81742
2.82;21629.3;218.485;21847.8;2730.67;51.0704;1.81742
2.83;21629.3;218.485;21847.8;2730.67;50.647;1.81742
2.84;21629.3;218.485;21847.8;2730.67;52.3373;1.81742
2.85;21629.3;218.485;21847.8;2730.67;49.4972;1.81742
2.86;21629.3;218.485;21847.8;2730.67;49.4004;1.81742
2.87;21629.3;218.485;21847.8;2730.67;54.5477;1.81742
2.88;21629.3;218.485;21847.8;2730.67;58.1998;1.81742
2.89;21629.3;218.485;21847.8;2730.67;57.7462;1.81742
2.9;21629.3;218.485;21847.8;2730.67;52.8673;1.81742
2.91;21629.3;218.485;21847.8;2730.67;55.7479;1.81742
2.92;21629.3;218.485;21847.8;2730.67;53.5208;1.81742
2.93;21629.3;218.485;21847.8;2730.67;50.5044;1.81742
2.94;21629.3;218.485;21847.8;2730.67;54.3481;1.81742
2.95;21629.3;218.485;21847.8;2730.67;50.701;1.81742
2.96;21629.3;218.485;21847.8;2730.67;50.2013;1.81742
2.97;21629.3;218.485;21847.8;2730.67;53.6838;1.81742
2.98;21629.3;218.485;21847.8;2730.67;54.765;1.81742
2.99;21629.3;218.485;21847.8;2730.67;57.0269;1.81742
3;21629.3;218.485;21847.8;2730.67;57.096;1.81742
3.01;21629.3;218.485;21847.8;2730.67;56.9854;1.81742
3.02;21629.3;218.485;21847.8;2730.67;53.6316;1.81742
3.03;21629.3;218.485;21847.8;2730.67;53.0888;1.81742
3.04;21629.3;218.485;21847.8;2730.67;48.731;1.81742
3.05;21629.3;218.485;21847.8;2730.67;52.0548;1.81742
3.06;21629.3;218.485;21847.8;2730.67;49.3126;1.81742
3.07;21629.3;218.485;21847.8;2730.67;45.7055;1.81742
3.08;21629.3;218.485;21847.8;2730.67;48.4733;1.81742
3.09;21629.3;218.485;21847.8;2730.67;45.04;1.81742
3.1;21629.3;218.485;21847.8;2730.67;48.1824;1.81742
3.11;21629.3;218.485;21847.8;2730.67;49.6868;1.81742
3.12;21629.3;218.485;21847.8;2730.67;52.8257;1.81742
3.13;21629.3;218.485;21847.8;2730.67;55.0221;1.81742
3.14;21629.3;218.485;21847.8;2730.67;53.5631;1.81742
3.15;21629.3;218.485;21847.8;2730.67;56.5975;1.81742
3.16;21629.3;218.485;21847.8;2730.67;56.6236;1.81742
3.17;21629.3;218.485;21847.8;2730.67;54.3539;1.81742
3.18;21629.3;218.485;21847.8;2730.67;50.3626;1.81742
3.19;21629.3;218.485;21847.8;2730.67;49.6185;1.81742
3.2;21629.3;218.485;21847.8;2730.67;52.182;1.81742
3.21;21629.3;218.485;21847.8;2730.67;52.2579;1.81742
3.22;21629.3;218.485;21847.8;2730.67;52.4703;1.81742
3.23;21629.3;218.485;21847.8;2730.67;55.1665;1.81742
3.24;21629.3;218.485;21847.8;2730.67;51.7915;1.81742
3.25;21629.3;218.485;21847.8;2730.67;48.1782;1.81742
3.26;21629.3;218.485;21847.8;2730.67;48.2351;1.81742
3.27;21629.3;218.485;21847.8;2730.67;53.3899;1.81742
3.28;21629.3;218.485;21847.8;2730.67;55.8926;1.81742
3.29;21629.3;218.485;21847.8;2730.67;53.4627;1.81742
3.3;21629.3;218.485;21847.8;2730.67;54.0943;1.81742
3.31;21629.3;218.485;21847.8;2730.67;55.9958;1.81742
3.32;21629.3;218.485;21847.8;2730.67;51.9423;1.81742
3.33;21629.3;218.485;21847.8;2730.67;49.1889;1.81742
3.34;21629.3;218.485;21847.8;2730.67;52.4002;1.81742
3.35;21629.3;218.485;21847.8;2730.67;55.4534;1.81742
3.36;21629.3;218.485;21847.8;2730.67;57.6708;1.81742
3.37;21629.3;218.485;21847.8;2730.67;56.7019;1.81742
3.38;21629.3;218.485;21847.8;2730.67;54.4831;1.81742
3.39;21629.3;218.485;21847.8;2730.67;56.1143;1.81742
3.4;21629.3;218.485;21847.8;2730.67;54.7959;1.81742
3.41;21629.3;218.485;21847.8;2730.67;50.6866;1.81742
3.42;21629.3;218.485;21847.8;2730.67;50.4887;1.81742
3.43;21629.3;218.485;21847.8;2730.67;53.8746;1.81742
3.44;21629.3;218.485;21847.8;2730.67;55.9493;1.81742
3.45;21629.3;218.485;21847.8;2730.67;55.5515;1.81742
3.46;21629.3;218.485;21847.8;2730.67;50.8441;1.81742
3.47;21629.3;218.485;21847.8;2730.67;50.0913;1.81742
3.48;21629.3;218.485;21847.8;2730.67;55.3027;1.81742
3.49;21629.3;218.485;21847.8;2730.67;52.7103;1.81742
3.5;21629.3;218.485;21847.8;2730.67;51.0416;1.81742
3.51;21629.3;218.485;21847.8;2730.67;50.4357;1.81742
3.52;21629.3;218.485;21847.8;2730.67;50.3176;1.81742
3.53;21629.3;218.485;21847.8;2730.67;54.8543;1.81742
3.54;21629.3;218.485;21847.8;2730.67;51.234;1.81742
3.55;21629.3;218.485;21847.8;2730.67;47.8659;1.81742
3.56;21629.3;218.485;21847.8;2730.67;49.918;1.81742
3.57;21629.3;218.485;21847.8;2730.67;52.9928;1.81742
3.58;21629.3;218.485;21847.8;2730.67;54.9328;1.81742
3.59;21629.3;218.485;21847.8;2730.67;53.2904;1.81742
3.6;21629.3;218.485;21847.8;2730.67;49.5602;1.81742
3.61;21629.3;218.485;21847.8;2730.67;51.8362;1.81742
3.62;21629.3;218.485;21847.8;2730.67;52.3318;1.81742
3.63;21629.3;218.485;21847.8;2730.67;49.5267;1.81742
3.64;21629.3;218.485;21847.8;2730.67;49.2318;1.81742
3.65;21629.3;218.485;21847.8;2730.67;53.4338;1.81742
3.66;21629.3;218.485;21847.8;2730.67;56.5859;1.81742
3.67;21629.3;218.485;21847.8;2730.67;56.6017;1.81742
3.68;21629.3;218.485;21847.8;2730.67;52.1979;1.81742
3.69;21629.3;218.485;21847.8;2730.67;48.4412;1.81742
3.7;21629.3;218.485;21847.8;2730.67;54.2009;1.81742
3.71;21629.3;218.485;21847.8;2730.67;56.8307;1.81742
3.72;21629.3;218.485;21847.8;2730.67;56.552;1.81742
3.73;21629.3;218.485;21847.8;2730.67;58.2702;1.81742
3.74;21629.3;218.485;21847.8;2730.67;54.7613;1.81742
3.75;21629.3;218.485;21847.8;2730.67;55.2342;1.81742
3.76;21629.3;218.485;21847.8;2730.67;54.9689;1.81742
3.77;21629.3;218.485;21847.8;2730.67;51.1517;1.81742
3.78;21629.3;218.485;21847.8;2730.67;54.4594;1.81742
3.79;21629.3;218.485;21847.8;2730.67;56.0222;1.81742
3.8;21629.3;218.485;21847.8;2730.67;58.8798;1.81742
3.81;21629.3;218.485;21847.8;2730.67;60.1974;1.81742
3.82;21629.3;218.485;21847.8;2730.67;55.7051;1.81742
3.83;21629.3;218.485;21847.8;2730.67;56.1697;1.81742
3.84;21629.3;218.485;21847.8;2730.67;52.0032;1.81742
3.85;21629.3;218.485;21847.8;2730.67;50.7121;1.81742
3.86;21629.3;218.485;21847.8;2730.67;48.2913;1.81742
3.87;21629.3;218.485;21847.8;2730.67;44.7491;1.81742
3.88;21629.3;218.485;21847.8;2730.67;51.1347;1.81742
3.89;21629.3;218.485;21847.8;2730.67;49.2044;1.81742
3.9;21629.3;218.485;21847.8;2730.67;49.2565;1.81742
3.91;21629.3;218.485;21847.8;2730.67;52.3067;1.81742
3.92;21629.3;218.485;21847.8;2730.67;53.711;1.81742
3.93;21629.3;218.485;21847.8;2730.67;53.5978;1.81742
3.94;21629.3;218.485;21847.8;2730.67;55.927;1.81742
3.95;21629.3;218.485;21847.8;2730.67;57.4479;1.81742
3.96;21629.3;218.485;21847.8;2730.67;53.8444;1.81742
3.97;21629.3;218.485;21847.8;2730.67;56.5944;1.81742
3.98;21629.3;218.485;21847.8;2730.67;53.0336;1.81742
3.99;21629.3;218.485;21847.8;2730.67;52.1923;1.81742
4;21629.3;218.485;21847.8;2730.67;54.0983;1.81742
4.01;21629.3;218.485;21847.8;2730.67;50.2375;1.81742
4.02;21629.3;218.485;21847.8;2730.67;50.9825;1.81742
4.03;21629.3;218.485;21847.8;2730.67;50.1279;1.81742
4.04;21629.3;218.485;21847.8;2730.67;49.7876;1.81742
4.05;21629.3;218.485;21847.8;2730.67;49.1689;1.81742
4.06;21629.3;218.485;21847.8;2730.67;48.4104;1.81742
4.07;21629.3;218.485;21847.8;2730.67;53.6896;1.81742
4.08;21629.3;218.485;21847.8;2730.67;51.1335;1.81742
4.09;21629.3;218.485;21847.8;2730.67;47.5231;1.81742
4.1;21629.3;218.485;21847.8;2730.67;47.7377;1.81742
4.11;21629.3;218.485;21847.8;2730.67;51.7795;1.81742
4.12;21629.3;218.485;21847.8;2730.67;56.4386;1.81742
4.13;21629.3;218.485;21847.8;2730.67;56.0432;1.81742
4.14;21629.3;218.485;21847.8;2730.67;51.6612;1.81742
4.15;21629.3;218.485;21847.8;2730.67;48.1271;1.81742
4.16;21629.3;218.485;21847.8;2730.67;53.4761;1.81742
4.17;21629.3;218.485;21847.8;2730.67;55.7856;1.81742
4.18;21629.3;218.485;21847.8;2730.67;55.4818;1.81742
4.19;21629.3;218.485;21847.8;2730.67;57.526;1.81742
4.2;21629.3;218.485;21847.8;2730.67;54.1578;1.81742
4.21;21629.3;218.485;21847.8;2730.67;53.1045;1.81742
4.22;21629.3;218.485;21847.8;2730.67;55.9422;1.81742
4.23;21629.3;218.485;21847.8;2730.67;54.3053;1.81742
4.24;21629.3;218.485;21847.8;2730.67;57.29;1.81742
4.25;21629.3;218.485;21847.8;2730.67;54.907;1.81742
4.26;21629.3;218.485;21847.8;2730.67;54.569;1.81742
4.27;21629.3;218.485;21847.8;2730.67;53.7062;1.81742
4.28;21629.3;218.485;21847.8;2730.67;52.4775;1.81742
4.29;21629.3;218.485;21847.8;2730.67;48.3644;1.81742
4.3;21629.3;218.485;21847.8;2730.67;49.4587;1.81742
4.31;21629.3;218.485;21847.8;2730.67;51.1193;1.81742
4.32;21629.3;218.485;21847.8;2730.67;50.9565;1.81742
4.33;21629.3;218.485;21847.8;2730.67;53.1062;1.81742
4.34;21629.3;218.485;21847.8;2730.67;48.912;1.81742
4.35;21629.3;218.485;21847.8;2730.67;45.639;1.81742
4.36;21629.3;218.485;21847.8;2730.67;48.2771;1.81742
4.37001;21629.3;218.485;21847.8;2730.67;50.9725;1.81742
4.38001;21629.3;218.485;21847.8;2730.67;52.9316;1.81742
4.39001;21629.3;218.485;21847.8;2730.67;52.6397;1.81742
4.40001;21629.3;218.485;21847.8;2730.67;48.092;1.81742
4.41001;21629.3;218.485;21847.8;2730.67;50.1224;1.81742
4.42001;21629.3;218.485;21847.8;2730.67;51.1925;1.81742
4.43001;21629.3;218.485;21847.8;2730.67;49.8015;1.81742
4.44001;21629.3;218.485;21847.8;2730.67;50.1727;1.81742
4.45001;21629.3;218.485;21847.8;2730.67;53.0479;1.81742
4.46001;21629.3;218.485;21847.8;2730.67;56.1984;1.81742
4.47001;21629.3;218.485;21847.8;2730.67;59.8132;1.81742
4.48001;21629.3;218.485;21847.8;2730.67;54.416;1.81742
4.49001;21629.3;218.485;21847.8;2730.67;50.1116;1.81742
4.50001;21629.3;218.485;21847.8;2730.67;51.5647;1.81742
4.51001;21629.3;218.485;21847.8;2730.67;55.3071;1.81742
4.52001;21629.3;218.485;21847.8;2730.67;55.8961;1.81742
4.53001;21629.3;218.485;21847.8;2730.67;57.5534;1.81742
4.54001;21629.3;218.485;21847.8;2730.67;53.6457;1.81742
4.55001;21629.3;218.485;21847.8;2730.67;50.6234;1.81742
4.56001;21629.3;218.485;21847.8;2730.67;53.2154;1.81742
4.57001;21629.3;218.485;21847.8;2730.67;55.0072;1.81742
4.58001;21629.3;218.485;21847.8;2730.67;55.6117;1.81742
4.59001;21629.3;218.485;21847.8;2730.67;55.1926;1.81742
4.60001;21629.3;218.485;21847.8;2730.67;57.9819;1.81742
4.61001;21629.3;218.485;21847.8;2730.67;52.5566;1.81742
4.62001;21629.3;218.485;21847.8;2730.67;50.1214;1.81742
4.63001;21629.3;218.485;21847.8;2730.67;49.6451;1.81742
4.64001;21629.3;218.485;21847.8;2730.67;51.3319;1.81742
4.65001;21629.3;218.485;21847.8;2730.67;49.94;1.81742
4.66001;21629.3;218.485;21847.8;2730.67;51.286;1.81742
4.67001;21629.3;218.485;21847.8;2730.67;54.1493;1.81742
4.68001;21629.3;218.485;21847.8;2730.67;50.0985;1.81742
4.69001;21629.3;218.485;21847.8;2730.67;46.185;1.81742
4.70001;21629.3;218.485;21847.8;2730.67;48.723;1.81742
4.71001;21629.3;218.485;21847.8;2730.67;44.9551;1.81742
4.72001;21629.3;218.485;21847.8;2730.67;48.2211;1.81742
4.73001;21629.3;218.485;21847.8;2730.67;52.3463;1.81742
4.74001;21629.3;218.485;21847.8;2730.67;54.8484;1.81742
4.75001;21629.3;218.485;21847.8;2730.67;54.833;1.81742
4.76001;21629.3;218.485;21847.8;2730.67;56.0696;1.81742
4.77001;21629.3;218.485;21847.8;2730.67;57.453;1.81742
4.78001;21629.3;218.485;21847.8;2730.67;53.2024;1.81742
4.79001;21629.3;218.485;21847.8;2730.67;54.4369;1.81742
4.80001;21629.3;218.485;21847.8;2730.67;51.4101;1.81742
4.81002;21629.3;218.485;21847.8;2730.67;47.5026;1.81742
4.82002;21629.3;218.485;21847.8;2730.67;49.4757;1.81742
4.83002;21629.3;218.485;21847.8;2730.67;47.8586;1.81742
4.84002;21629.3;218.485;21847.8;2730.67;48.7433;1.81742
4.85002;21629.3;218.485;21847.8;2730.67;48.3309;1.81742
4.86002;21629.3;218.485;21847.8;2730.67;50.4379;1.81742
4.87002;21629.3;218.485;21847.8;2730.67;52.3884;1.81742
4.88002;21629.3;218.485;21847.8;2730.67;54.338;1.81742
4.89002;21629.3;218.485;21847.8;2730.67;54.4078;1.81742
4.90002;21629.3;218.485;21847.8;2730.67;51.9355;1.81742
4.91002;21629.3;218.485;21847.8;2730.67;51.2969;1.81742
4.92002;21629.3;218.485;21847.8;2730.67;50.5944;1.81742
4.93002;21629.3;218.485;21847.8;2730.67;47.3279;1.81742
4.94002;21629.3;218.485;21847.8;2730.67;49.0007;1.81742
4.95002;21629.3;218.485;21847.8;2730.67;49.6815;1.81742
4.96002;21629.3;218.485;21847.8;2730.67;50.6626;1.81742
4.97002;21629.3;218.485;21847.8;2730.67;53.179;1.81742
4.98002;21629.3;218.485;21847.8;2730.67;49.3183;1.81742
4.99002;21629.3;218.485;21847.8;2730.67;45.2334;1.81742
5.00002;21629.3;218.485;21847.8;2730.67;49.1882;1.81742
5.01002;21629.3;218.485;21847.8;2730.67;53.9951;1.81742
5.02002;21629.3;218.485;21847.8;2730.67;55.3403;1.81742
5.03002;21629.3;218.485;21847.8;2730.67;53.2611;1.81742
5.04002;21629.3;218.485;21847.8;2730.67;48.1949;1.81742
5.05002;21629.3;218.485;21847.8;2730.67;48.0132;1.81742
5.06002;21629.3;218.485;21847.8;2730.67;46.4399;1.81742
5.07002;21629.3;218.485;21847.8;2730.67;48.6006;1.81742
5.08002;21629.3;218.485;21847.8;2730.67;48.206;1.81742
5.09002;21629.3;218.485;21847.8;2730.67;49.7434;1.81742
5.10002;21629.3;218.485;21847.8;2730.67;53.2563;1.81742
5.11002;21629.3;218.485;21847.8;2730.67;56.1872;1.81742
5.12002;21629.3;218.485;21847.8;2730.67;55.815;1.81742
5.13002;21629.3;218.485;21847.8;2730.67;52.1667;1.81742
5.14002;21629.3;218.485;21847.8;2730.67;57.6216;1.81742
5.15002;21629.3;218.485;21847.8;2730.67;60.4916;1.81742
5.16002;21629.3;218.485;21847.8;2730.67;58.4723;1.81742
5.17002;21629.3;218.485;21847.8;2730.67;60.9882;1.81742
5.18002;21629.3;218.485;21847.8;2730.67;56.1016;1.81742
5.19002;21629.3;218.485;21847.8;2730.67;53.1258;1.81742
5.20002;21629.3;218.485;21847.8;2730.67;56.6598;1.81742
5.21002;21629.3;218.485;21847.8;2730.67;59.0929;1.81742
5.22002;21629.3;218.485;21847.8;2730.67;58.0699;1.81742
5.23002;21629.3;218.485;21847.8;2730.67;57.7296;1.81742
5.24003;21629.3;218.485;21847.8;2730.67;58.3937;1.81742
5.25003;21629.3;218.485;21847.8;2730.67;58.3433;1.81742
5.26003;21629.3;218.485;21847.8;2730.67;55.919;1.81742
5.27003;21629.3;218.485;21847.8;2730.67;51.5533;1.81742
5.28003;21629.3;218.485;21847.8;2730.67;52.8476;1.81742
5.29003;21629.3;218.485;21847.8;2730.67;52.9813;1.81742
5.30003;21629.3;218.485;21847.8;2730.67;57.1975;1.81742
5.31003;21629.3;218.485;21847.8;2730.67;56.5032;1.81742
5.32003;21629.3;218.485;21847.8;2730.67;52.3817;1.81742
5.33003;21629.3;218.485;21847.8;2730.67;50.2575;1.81742
5.34003;21629.3;218.485;21847.8;2730.67;53.6686;1.81742
5.35003;21629.3;218.485;21847.8;2730.67;53.9792;1.81742
5.36003;21629.3;218.485;21847.8;2730.67;55.3656;1.81742
5.37003;21629.3;218.485;21847.8;2730.67;53.9093;1.81742
5.38003;21629.3;218.485;21847.8;2730.67;49.8011;1.81742
5.39003;21629.3;218.485;21847.8;2730.67;47.9152;1.81742
5.40003;21629.3;218.485;21847.8;2730.67;47.7049;1.81742
5.41003;21629.3;218.485;21847.8;2730.67;48.2325;1.81742
5.42003;21629.3;218.485;21847.8;2730.67;48.6112;1.81742
5.43003;21629.3;218.485;21847.8;2730.67;50.057;1.81742
5.44003;21629.3;218.485;21847.8;2730.67;48.021;1.81742
5.45003;21629.3;218.485;21847.8;2730.67;51.4479;1.81742
5.46003;21629.3;218.485;21847.8;2730.67;52.8618;1.81742
5.47003;21629.3;218.485;21847.8;2730.67;49.7728;1.81742
5.48003;21629.3;218.485;21847.8;2730.67;50.4654;1.81742
5.49003;21629.3;218.485;21847.8;2730.67;51.7874;1.81742
5.50003;21629.3;218.485;21847.8;2730.67;54.7708;1.81742
5.51003;21629.3;218.485;21847.8;2730.67;58.5001;1.81742
5.52003;21629.3;218.485;21847.8;2730.67;54.3833;1.81742
5.53003;21629.3;218.485;21847.8;2730.67;51.5348;1.81742
5.54003;21629.3;218.485;21847.8;2730.67;52.0582;1.81742
5.55003;21629.3;218.485;21847.8;2730.67;55.7535;1.81742
5.56003;21629.3;218.485;21847.8;2730.67;58.9305;1.81742
5.57003;21629.3;218.485;21847.8;2730.67;57.6898;1.81742
5.58003;21629.3;218.485;21847.8;2730.67;55.011;1.81742
5.59003;21629.3;218.485;21847.8;2730.67;59.3316;1.81742
5.60003;21629.3;218.485;21847.8;2730.67;58.0067;1.81742
5.61003;21629.3;218.485;21847.8;2730.67;55.3939;1.81742
5.62003;21629.3;218.485;21847.8;2730.67;57.9292;1.81742
5.63003;21629.3;218.485;21847.8;2730.67;55.0882;1.81742
5.64003;21629.3;218.485;21847.8;2730.67;54.8982;1.81742
5.65003;21629.3;218.485;21847.8;2730.67;58.9452;1.81742
5.66003;21629.3;218.485;21847.8;2730.67;59.0956;1.81742
5.67003;21629.3;218.485;21847.8;2730.67;59.7136;1.81742
5.68004;21629.3;218.485;21847.8;2730.67;58.4924;1.81742
5.69004;21629.3;218.485;21847.8;2730.67;59.0922;1.81742
5.70004;21629.3;218.485;21847.8;2730.67;54.6133;1.81742
5.71004;21629.3;218.485;21847.8;2730.67;56.4668;1.81742
5.72004;21629.3;218.485;21847.8;2730.67;52.3155;1.81742
5.73004;21629.3;218.485;21847.8;2730.67;48.6084;1.81742
5.74004;21629.3;218.485;21847.8;2730.67;52.473;1.81742
5.75004;21629.3;218.485;21847.8;2730.67;50.6866;1.81742
5.76004;21629.3;218.485;21847.8;2730.67;50.2463;1.81742
5.77004;21629.3;218.485;21847.8;2730.67;53.7351;1.81742
5.78004;21629.3;218.485;21847.8;2730.67;56.6592;1.81742
5.79004;21629.3;218.485;21847.8;2730.67;55.5832;1.81742
5.80004;21629.3;218.485;21847.8;2730.67;57.2658;1.81742
5.81004;21629.3;218.485;21847.8;2730.67;61.4167;1.81742
5.82004;21629.3;218.485;21847.8;2730.67;55.49;1.81742
5.83004;21629.3;218.485;21847.8;2730.67;52.5263;1.81742
5.84004;21629.3;218.485;21847.8;2730.67;55.8703;1.81742
5.85004;21629.3;218.485;21847.8;2730.67;56.1457;1.81742
5.86004;21629.3;218.485;21847.8;2730.67;55.4456;1.81742
5.87004;21629.3;218.485;21847.8;2730.67;54.1825;1.81742
5.88004;21629.3;218.485;21847.8;2730.67;54.8426;1.81742
5.89004;21629.3;218.485;21847.8;2730.67;51.0976;1.81742
5.90004;21629.3;218.485;21847.8;2730.67;52.8651;1.81742
5.91004;21629.3;218.485;21847.8;2730.67;52.0679;1.81742
5.92004;21629.3;218.485;21847.8;2730.67;50.9855;1.81742
5.93004;21629.3;218.485;21847.8;2730.67;50.3338;1.81742
5.94004;21629.3;218.485;21847.8;2730.67;55.1575;1.81742
5.95004;21629.3;218.485;21847.8;2730.67;53.4396;1.81742
5.96004;21629.3;218.485;21847.8;2730.67;50.4598;1.81742
5.97004;21629.3;218.485;21847.8;2730.67;46.7448;1.81742
5.98004;21629.3;218.485;21847.8;2730.67;49.834;1.81742
5.99004;21629.3;218.485;21847.8;2730.67;51.5851;1.81742
6.00004;21629.3;218.485;21847.8;2730.67;54.6967;1.81742
6.01004;21629.3;218.485;21847.8;2730.67;54.153;1.81742
6.02004;21629.3;218.485;21847.8;2730.67;49.8036;1.81742
6.03004;21629.3;218.485;21847.8;2730.67;46.1928;1.81742
6.04004;21629.3;218.485;21847.8;2730.67;48.9143;1.81742
6.05004;21629.3;218.485;21847.8;2730.67;52.8422;1.81742
6.06004;21629.3;218.485;21847.8;2730.67;51.8811;1.81742
6.07004;21629.3;218.485;21847.8;2730.67;52.7375;1.81742
6.08004;21629.3;218.485;21847.8;2730.67;50.0641;1.81742
6.09004;21629.3;218.485;21847.8;2730.67;52.7051;1.81742
6.10004;21629.3;218.485;21847.8;2730.67;52.2162;1.81742
6.11004;21629.3;218.485;21847.8;2730.67;49.7312;1.81742
6.12005;21629.3;218.485;21847.8;2730.67;52.9285;1.81742
6.13005;21629.3;218.485;21847.8;2730.67;53.4809;1.81742
6.14005;21629.3;218.485;21847.8;2730.67;54.2771;1.81742
6.15005;21629.3;218.485;21847.8;2730.67;57.0079;1.81742
6.16005;21629.3;218.485;21847.8;2730.67;53.5507;1.81742
6.17005;21629.3;218.485;21847.8;2730.67;50.2131;1.81742
6.18005;21629.3;218.485;21847.8;2730.67;50.5382;1.81742
6.19005;21629.3;218.485;21847.8;2730.67;55.0622;1.81742
6.20005;21629.3;218.485;21847.8;2730.67;57.2891;1.81742
6.21005;21629.3;218.485;21847.8;2730.67;58.4897;1.81742
6.22005;21629.3;218.485;21847.8;2730.67;53.7253;1.81742
6.23005;21629.3;218.485;21847.8;2730.67;50.1388;1.81742
6.24005;21629.3;218.485;21847.8;2730.67;52.6613;1.81742
6.25005;21629.3;218.485;21847.8;2730.67;51.7316;1.81742
6.26005;21629.3;218.485;21847.8;2730.67;53.5867;1.81742
6.27005;21629.3;218.485;21847.8;2730.67;52.9053;1.81742
6.28005;21629.3;218.485;21847.8;2730.67;50.0734;1.81742
6.29005;21629.3;218.485;21847.8;2730.67;51.8911;1.81742
6.30005;21629.3;218.485;21847.8;2730.67;51.8134;1.81742
6.31005;21629.3;218.485;21847.8;2730.67;49.4498;1.81742
6.32005;21629.3;218.485;21847.8;2730.67;48.6834;1.81742
6.33005;21629.3;218.485;21847.8;2730.67;52.9345;1.81742
6.34005;21629.3;218.485;21847.8;2730.67;55.6061;1.81742
6.35005;21629.3;218.485;21847.8;2730.67;56.7943;1.81742
6.36005;21629.3;218.485;21847.8;2730.67;52.9252;1.81742
6.37005;21629.3;218.485;21847.8;2730.67;49.26;1.81742
6.38005;21629.3;218.485;21847.8;2730.67;52.96;1.81742
6.39005;21629.3;218.485;21847.8;2730.67;54.8958;1.81742
6.40005;21629.3;218.485;21847.8;2730.67;56.2978;1.81742
6.41005;21629.3;218.485;21847.8;2730.67;58.2064;1.81742
6.42005;21629.3;218.485;21847.8;2730.67;53.2068;1.81742
6.43005;21629.3;218.485;21847.8;2730.67;50.1254;1.81742
6.44005;21629.3;218.485;21847.8;2730.67;54.5917;1.81742
6.45005;21629.3;218.485;21847.8;2730.67;57.7519;1.81742
6.46005;21629.3;218.485;21847.8;2730.67;59.6732;1.81742
6.47005;21629.3;218.485;21847.8;2730.67;59.0154;1.81742
6.48005;21629.3;218.485;21847.8;2730.67;58.3186;1.81742
6.49005;21629.3;218.485;21847.8;2730.67;58.4057;1.81742
6.50005;21629.3;218.485;21847.8;2730.67;57.2112;1.81742
6.51005;21629.3;218.485;21847.8;2730.67;58.0575;1.81742
6.52005;21629.3;218.485;21847.8;2730.67;52.8817;1.81742
6.53005;21629.3;218.485;21847.8;2730.67;49.1785;1.81742
6.54005;21629.3;218.485;21847.8;2730.67;46.8313;1.81742
6.55006;21629.3;218.485;21847.8;2730.67;45.1446;1.81742
6.56006;21629.3;218.485;21847.8;2730.67;49.9752;1.81742
6.57006;21629.3;218.485;21847.8;2730.67;49.8412;1.81742
6.58006;21629.3;218.485;21847.8;2730.67;50.9656;1.81742
6.59006;21629.3;218.485;21847.8;2730.67;51.8091;1.81742
6.60006;21629.3;218.485;21847.8;2730.67;53.7108;1.81742
6.61006;21629.3;218.485;21847.8;2730.67;54.853;1.81742
6.62006;21629.3;218.485;21847.8;2730.67;58.034;1.81742
6.63006;21629.3;218.485;21847.8;2730.67;59.2909;1.81742
6.64006;21629.3;218.485;21847.8;2730.67;54.3833;1.81742
6.65006;21629.3;218.485;21847.8;2730.67;55.8605;1.81742
6.66006;21629.3;218.485;21847.8;2730.67;53.2812;1.81742
6.67006;21629.3;218.485;21847.8;2730.67;50.5877;1.81742
6.68006;21629.3;218.485;21847.8;2730.67;53.5526;1.81742
6.69006;21629.3;218.485;21847.8;2730.67;49.3123;1.81742
6.70006;21629.3;218.485;21847.8;2730.67;49.1941;1.81742
6.71006;21629.3;218.485;21847.8;2730.67;52.993;1.81742
6.72006;21629.3;218.485;21847.8;2730.67;58.1836;1.81742
6.73006;21629.3;218.485;21847.8;2730.67;57.8992;1.81742
6.74006;21629.3;218.485;21847.8;2730.67;52.658;1.81742
6.75006;21629.3;218.485;21847.8;2730.67;49.3058;1.81742
6.76006;21629.3;218.485;21847.8;2730.67;51.9118;1.81742
6.77006;21629.3;218.485;21847.8;2730.67;53.1517;1.81742
6.78006;21629.3;218.485;21847.8;2730.67;53.0155;1.81742
6.79006;21629.3;218.485;21847.8;2730.67;56.2487;1.81742
6.80006;21629.3;218.485;21847.8;2730.67;53.4061;1.81742
6.81006;21629.3;218.485;21847.8;2730.67;54.0085;1.81742
6.82006;21629.3;218.485;21847.8;2730.67;52.5324;1.81742
6.83006;21629.3;218.485;21847.8;2730.67;50.1166;1.81742
6.84006;21629.3;218.485;21847.8;2730.67;53.5903;1.81742
6.85006;21629.3;218.485;21847.8;2730.67;54.519;1.81742
6.86006;21629.3;218.485;21847.8;2730.67;56.0273;1.81742
6.87006;21629.3;218.485;21847.8;2730.67;57.7664;1.81742
6.88006;21629.3;218.485;21847.8;2730.67;53.5064;1.81742
6.89006;21629.3;218.485;21847.8;2730.67;49.4742;1.81742
6.90006;21629.3;218.485;21847.8;2730.67;51.6085;1.81742
6.91006;21629.3;218.485;21847.8;2730.67;55.0825;1.81742
6.92006;21629.3;218.485;21847.8;2730.67;57.1796;1.81742
6.93006;21629.3;218.485;21847.8;2730.67;55.6176;1.81742
6.94006;21629.3;218.485;21847.8;2730.67;51.0982;1.81742
6.95006;21629.3;218.485;21847.8;2730.67;50.9723;1.81742
6.96006;21629.3;218.485;21847.8;2730.67;55.6805;1.81742
6.97006;21629.3;218.485;21847.8;2730.67;52.4563;1.81742
6.98006;21629.3;218.485;21847.8;2730.67;50.5688;1.81742
6.99007;21629.3;218.485;21847.8;2730.67;49.9662;1.81742
7.00007;21629.3;218.485;21847.8;2730.67;53.1347;1.81742
7.01007;21629.3;218.485;21847.8;2730.67;57.7251;1.81742
7.02007;21629.3;218.485;21847.8;2730.67;53.7994;1.81742
7.03007;21629.3;218.485;21847.8;2730.67;49.9416;1.81742
7.04007;21629.3;218.485;21847.8;2730.67;50.6705;1.81742
7.05007;21629.3;218.485;21847.8;2730.67;55.1812;1.81742
7.06007;21629.3;218.485;21847.8;2730.67;58.1533;1.81742
7.07007;21629.3;218.485;21847.8;2730.67;56.8896;1.81742
7.08007;21629.3;218.485;21847.8;2730.67;54.1982;1.81742
7.09007;21629.3;218.485;21847.8;2730.67;52.1056;1.81742
7.10007;21629.3;218.485;21847.8;2730.67;50.4863;1.81742
7.11007;21629.3;218.485;21847.8;2730.67;52.5908;1.81742
7.12007;21629.3;218.485;21847.8;2730.67;51.2704;1.81742
7.13007;21629.3;218.485;21847.8;2730.67;54.3869;1.81742
7.14007;21629.3;218.485;21847.8;2730.67;58.3634;1.81742
7.15007;21629.3;218.485;21847.8;2730.67;59.1226;1.81742
7.16007;21629.3;218.485;21847.8;2730.67;54.3719;1.81742
7.17007;21629.3;218.485;21847.8;2730.67;51.0683;1.81742
7.18007;21629.3;218.485;21847.8;2730.67;55.7536;1.81742
7.19007;21629.3;218.485;21847.8;2730.67;57.6938;1.81742
7.20007;21629.3;218.485;21847.8;2730.67;57.2274;1.81742
7.21007;21629.3;218.485;21847.8;2730.67;57.7531;1.81742
7.22007;21629.3;218.485;21847.8;2730.67;53.8384;1.81742
7.23007;21629.3;218.485;21847.8;2730.67;49.2293;1.81742
7.24007;21629.3;218.485;21847.8;2730.67;53.6576;1.81742
7.25007;21629.3;218.485;21847.8;2730.67;56.1834;1.81742
7.26007;21629.3;218.485;21847.8;2730.67;58.2979;1.81742
7.27007;21629.3;218.485;21847.8;2730.67;56.8864;1.81742
7.28007;21629.3;218.485;21847.8;2730.67;57.4634;1.81742
7.29007;21629.3;218.485;21847.8;2730.67;52.6697;1.81742
7.30007;21629.3;218.485;21847.8;2730.67;50.4862;1.81742
7.31007;21629.3;218.485;21847.8;2730.67;46.6496;1.81742
7.32007;21629.3;218.485;21847.8;2730.67;49.4973;1.81742
7.33007;21629.3;218.485;21847.8;2730.67;52.6438;1.81742
7.34007;21629.3;218.485;21847.8;2730.67;53.1918;1.81742
7.35007;21629.3;218.485;21847.8;2730.67;53.4993;1.81742
7.36007;21629.3;218.485;21847.8;2730.67;49.1533;1.81742
7.37007;21629.3;218.485;21847.8;2730.67;50.5589;1.81742
7.38007;21629.3;218.485;21847.8;2730.67;51.845;1.81742
7.39007;21629.3;218.485;21847.8;2730.67;48.0911;1.81742
7.40007;21629.3;218.485;21847.8;2730.67;50.432;1.81742
7.41007;21629.3;218.485;21847.8;2730.67;49.317;1.81742
7.42007;21629.3;218.485;21847.8;2730.67;53.1133;1.81742
7.43008;21629.3;218.485;21847.8;2730.67;56.6362;1.81742
7.44008;21629.3;218.485;21847.8;2730.67;56.2995;1.81742
7.45008;21629.3;218.485;21847.8;2730.67;56.4459;1.81742
7.46008;21629.3;218.485;21847.8;2730.67;54.2028;1.81742
7.47008;21629.3;218.485;21847.8;2730.67;54.2939;1.81742
7.48008;21629.3;218.485;21847.8;2730.67;49.9042;1.81742
7.49008;21629.3;218.485;21847.8;2730.67;49.4416;1.81742
7.50008;21629.3;218.485;21847.8;2730.67;47.6382;1.81742
7.51008;21629.3;218.485;21847.8;2730.67;44.0794;1.81742
7.52008;21629.3;218.485;21847.8;2730.67;48.8717;1.81742
7.53008;21629.3;218.485;21847.8;2730.67;47.2301;1.81742
7.54008;21629.3;218.485;21847.8;2730.67;48.0985;1.81742
7.55008;21629.3;218.485;21847.8;2730.67;50.1239;1.81742
7.56008;21629.3;218.485;21847.8;2730.67;52.6787;1.81742
7.57008;21629.3;218.485;21847.8;2730.67;53.1557;1.81742
7.58008;21629.3;218.485;21847.8;2730.67;55.5453;1.81742
7.59008;21629.3;218.485;21847.8;2730.67;57.0786;1.81742
7.60008;21629.3;218.485;21847.8;2730.67;52.5087;1.81742
7.61008;21629.3;218.485;21847.8;2730.67;48.9778;1.81742
7.62008;21629.3;218.485;21847.8;2730.67;54.5047;1.81742
7.63008;21629.3;218.485;21847.8;2730.67;55.8082;1.81742
7.64008;21629.3;218.485;21847.8;2730.67;58.1753;1.81742
7.65008;21629.3;218.485;21847.8;2730.67;55.5556;1.81742
7.66008;21629.3;218.485;21847.8;2730.67;57.0917;1.81742
7.67008;21629.3;218.485;21847.8;2730.67;55.3102;1.81742
7.68008;21629.3;218.485;21847.8;2730.67;51.1335;1.81742
7.69008;21629.3;218.485;21847.8;2730.67;47.1088;1.81742
7.70008;21629.3;218.485;21847.8;2730.67;53.0008;1.81742
7.71008;21629.3;218.485;21847.8;2730.67;55.4394;1.81742
7.72008;21629.3;218.485;21847.8;2730.67;57.033;1.81742
7.73008;21629.3;218.485;21847.8;2730.67;56.5722;1.81742
7.74008;21629.3;218.485;21847.8;2730.67;54.7196;1.81742
7.75008;21629.3;218.485;21847.8;2730.67;50.7527;1.81742
7.76008;21629.3;218.485;21847.8;2730.67;50.0276;1.81742
7.77008;21629.3;218.485;21847.8;2730.67;49.92;1.81742
7.78008;21629.3;218.485;21847.8;2730.67;49.9405;1.81742
7.79008;21629.3;218.485;21847.8;2730.67;49.3753;1.81742
7.80008;21629.3;218.485;21847.8;2730.67;49.9925;1.81742
7.81008;21629.3;218.485;21847.8;2730.67;54.7269;1.81742
7.82008;21629.3;218.485;21847.8;2730.67;49.967;1.81742
7.83008;21629.3;218.485;21847.8;2730.67;46.8048;1.81742
7.84008;21629.3;218.485;21847.8;2730.67;51.0175;1.81742
7.85008;21629.3;218.485;21847.8;2730.67;55.4116;1.81742
7.86009;21629.3;218.485;21847.8;2730.67;54.513;1.81742
7.87009;21629.3;218.485;21847.8;2730.67;55.0387;1.81742
7.88009;21629.3;218.485;21847.8;2730.67;51.0238;1.81742
7.89009;21629.3;218.485;21847.8;2730.67;49.4344;1.81742
7.90009;21629.3;218.485;21847.8;2730.67;47.584;1.81742
7.91009;21629.3;218.485;21847.8;2730.67;45.2732;1.81742
7.92009;21629.3;218.485;21847.8;2730.67;46.0911;1.81742
7.93009;21629.3;218.485;21847.8;2730.67;48.4482;1.81742
7.94009;21629.3;218.485;21847.8;2730.67;52.7115;1.81742
7.95009;21629.3;218.485;21847.8;2730.67;56.7314;1.81742
7.96009;21629.3;218.485;21847.8;2730.67;52.3833;1.81742
7.97009;21629.3;218.485;21847.8;2730.67;49.819;1.81742
7.98009;21629.3;218.485;21847.8;2730.67;53.5489;1.81742
7.99009;21629.3;218.485;21847.8;2730.67;53.9399;1.81742
8.00009;21629.3;218.485;21847.8;2730.67;54.0497;1.81742
8.01009;21629.3;218.485;21847.8;2730.67;56.3184;1.81742
8.02009;21629.3;218.485;21847.8;2730.67;54.4637;1.81742
8.03009;21629.3;218.485;21847.8;2730.67;57.7894;1.81742
8.04009;21629.3;218.485;21847.8;2730.67;56.846;1.81742
8.05009;21629.3;218.485;21847.8;2730.67;52.5657;1.81742
8.06009;21629.3;218.485;21847.8;2730.67;53.921;1.81742
8.07009;21629.3;218.485;21847.8;2730.67;55.9315;1.81742
8.08009;21629.3;218.485;21847.8;2730.67;59.4888;1.81742
8.09009;21629.3;218.485;21847.8;2730.67;60.0202;1.81742
8.10009;21629.3;218.485;21847.8;2730.67;55.2756;1.81742
8.11009;21629.3;218.485;21847.8;2730.67;51.5164;1.81742
8.12009;21629.3;218.485;21847.8;2730.67;55.4953;1.81742
8.13009;21629.3;218.485;21847.8;2730.67;55.9901;1.81742
8.14009;21629.3;218.485;21847.8;2730.67;57.5364;1.81742
8.15009;21629.3;218.485;21847.8;2730.67;56.8702;1.81742
8.16009;21629.3;218.485;21847.8;2730.67;55.4558;1.81742
8.17009;21629.3;218.485;21847.8;2730.67;52.6045;1.81742
8.18009;21629.3;218.485;21847.8;2730.67;51.7124;1.81742
8.19009;21629.3;218.485;21847.8;2730.67;48.6285;1.81742
8.20009;21629.3;218.485;21847.8;2730.67;49.5033;1.81742
8.21009;21629.3;218.485;21847.8;2730.67;50.2632;1.81742
8.22009;21629.3;218.485;21847.8;2730.67;49.8997;1.81742
8.23009;21629.3;218.485;21847.8;2730.67;53.109;1.81742
8.24009;21629.3;218.485;21847.8;2730.67;49.5548;1.81742
8.25009;21629.3;218.485;21847.8;2730.67;47.0943;1.81742
8.26009;21629.3;218.485;21847.8;2730.67;48.212;1.81742
8.27009;21629.3;218.485;21847.8;2730.67;44.5461;1.81742
8.28009;21629.3;218.485;21847.8;2730.67;50.4215;1.81742
8.29009;21629.3;218.485;21847.8;2730.67;51.0646;1.81742
8.30009;21629.3;218.485;21847.8;2730.67;53.7216;1.81742
8.31009;21629.3;218.485;21847.8;2730.67;55.7901;1.81742
8.3201;21629.3;218.485;21847.8;2730.67;56.5754;1.81742
8.3301;21629.3;218.485;21847.8;2730.67;59.8578;1.81742
8.3401;21629.3;218.485;21847.8;2730.67;59.8939;1.81742
8.3501;21629.3;218.485;21847.8;2730.67;57.731;1.81742
8.3601;21629.3;218.485;21847.8;2730.67;56.9967;1.81742
8.3701;21629.3;218.485;21847.8;2730.67;57.2188;1.81742
8.3801;21629.3;218.485;21847.8;2730.67;53.5843;1.81742
8.3901;21629.3;218.485;21847.8;2730.67;50.1699;1.81742
8.4001;21629.3;218.485;21847.8;2730.67;50.4549;1.81742
8.4101;21629.3;218.485;21847.8;2730.67;46.9428;1.81742
8.4201;21629.3;218.485;21847.8;2730.67;53.3741;1.81742
8.4301;21629.3;218.485;21847.8;2730.67;55.4187;1.81742
8.4401;21629.3;218.485;21847.8;2730.67;54.7386;1.81742
8.4501;21629.3;218.485;21847.8;2730.67;56.6347;1.81742
8.4601;21629.3;218.485;21847.8;2730.67;57.6894;1.81742
8.4701;21629.3;218.485;21847.8;2730.67;60.1908;1.81742
8.4801;21629.3;218.485;21847.8;2730.67;60.7107;1.81742
8.4901;21629.3;218.485;21847.8;2730.67;61.9597;1.81742
8.5001;21629.3;218.485;21847.8;2730.67;57.1595;1.81742
8.5101;21629.3;218.485;21847.8;2730.67;53.5201;1.81742
8.5201;21629.3;218.485;21847.8;2730.67;57.1558;1.81742
8.5301;21629.3;218.485;21847.8;2730.67;57.2887;1.81742
8.5401;21629.3;218.485;21847.8;2730.67;59.1627;1.81742
8.5501;21629.3;218.485;21847.8;2730.67;60.6847;1.81742
8.5601;21629.3;218.485;21847.8;2730.67;55.5829;1.81742
8.5701;21629.3;218.485;21847.8;2730.67;54.069;1.81742
8.5801;21629.3;218.485;21847.8;2730.67;57.1484;1.81742
8.5901;21629.3;218.485;21847.8;2730.67;55.6487;1.81742
8.6001;21629.3;218.485;21847.8;2730.67;57.2527;1.81742
8.6101;21629.3;218.485;21847.8;2730.67;56.8796;1.81742
8.6201;21629.3;218.485;21847.8;2730.67;58.1074;1.81742
8.6301;21629.3;218.485;21847.8;2730.67;56.4863;1.81742
8.6401;21629.3;218.485;21847.8;2730.67;53.4969;1.81742
8.6501;21629.3;218.485;21847.8;2730.67;49.4998;1.81742
8.6601;21629.3;218.485;21847.8;2730.67;50.9287;1.81742
8.6701;21629.3;218.485;21847.8;2730.67;52.3986;1.81742
8.6801;21629.3;218.485;21847.8;2730.67;53.1755;1.81742
8.6901;21629.3;218.485;21847.8;2730.67;54.9045;1.81742
8.7001;21629.3;218.485;21847.8;2730.67;51.3344;1.81742
8.7101;21629.3;218.485;21847.8;2730.67;47.1017;1.81742
8.7201;21629.3;218.485;21847.8;2730.67;49.0084;1.81742
8.7301;21629.3;218.485;21847.8;2730.67;50.0389;1.81742
8.7401;21629.3;218.485;21847.8;2730.67;51.8124;1.81742
8.7501;21629.3;218.485;21847.8;2730.67;50.7025;1.81742
8.76011;21629.3;218.485;21847.8;2730.67;46.5215;1.81742
8.77011;21629.3;218.485;21847.8;2730.67;50.2414;1.81742
8.78011;21629.3;218.485;21847.8;2730.67;51.5693;1.81742
8.79011;21629.3;218.485;21847.8;2730.67;49.7913;1.81742
8.80011;21629.3;218.485;21847.8;2730.67;48.3502;1.81742
8.81011;21629.3;218.485;21847.8;2730.67;49.8862;1.81742
8.82011;21629.3;218.485;21847.8;2730.67;52.2349;1.81742
8.83011;21629.3;218.485;21847.8;2730.67;55.5395;1.81742
8.84011;21629.3;218.485;21847.8;2730.67;53.5326;1.81742
8.85011;21629.3;218.485;21847.8;2730.67;49.7543;1.81742
8.86011;21629.3;218.485;21847.8;2730.67;52.9465;1.81742
8.87011;21629.3;218.485;21847.8;2730.67;57.9207;1.81742
8.88011;21629.3;218.485;21847.8;2730.67;58.5527;1.81742
8.89011;21629.3;218.485;21847.8;2730.67;58.2155;1.81742
8.90011;21629.3;218.485;21847.8;2730.67;53.4309;1.81742
8.91011;21629.3;218.485;21847.8;2730.67;52.6746;1.81742
8.92011;21629.3;218.485;21847.8;2730.67;58.0338;1.81742
8.93011;21629.3;218.485;21847.8;2730.67;58.4787;1.81742
8.94011;21629.3;218.485;21847.8;2730.67;58.7745;1.81742
8.95011;21629.3;218.485;21847.8;2730.67;57.2345;1.81742
8.96011;21629.3;218.485;21847.8;2730.67;55.9351;1.81742
8.97011;21629.3;218.485;21847.8;2730.67;53.1929;1.81742
8.98011;21629.3;218.485;21847.8;2730.67;54.5493;1.81742
8.99011;21629.3;218.485;21847.8;2730.67;50.4779;1.81742
9.00011;21629.3;218.485;21847.8;2730.67;51.0581;1.81742
9.01011;21629.3;218.485;21847.8;2730.67;51.8195;1.81742
9.02011;21629.3;218.485;21847.8;2730.67;54.5411;1.81742
9.03011;21629.3;218.485;21847.8;2730.67;55.6589;1.81742
9.04011;21629.3;218.485;21847.8;2730.67;52.1439;1.81742
9.05011;21629.3;218.485;21847.8;2730.67;48.2254;1.81742
9.06011;21629.3;218.485;21847.8;2730.67;50.9654;1.81742
9.07011;21629.3;218.485;21847.8;2730.67;55.0285;1.81742
9.08011;21629.3;218.485;21847.8;2730.67;56.3519;1.81742
9.09011;21629.3;218.485;21847.8;2730.67;55.1431;1.81742
9.10011;21629.3;218.485;21847.8;2730.67;50.7943;1.81742
9.11011;21629.3;218.485;21847.8;2730.67;48.1038;1.81742
9.12011;21629.3;218.485;21847.8;2730.67;47.0271;1.81742
9.13011;21629.3;218.485;21847.8;2730.67;50.0308;1.81742
9.14011;21629.3;218.485;21847.8;2730.67;49.7073;1.81742
9.15011;21629.3;218.485;21847.8;2730.67;53.8703;1.81742
9.16011;21629.3;218.485;21847.8;2730.67;55.5324;1.81742
9.17011;21629.3;218.485;21847.8;2730.67;53.6367;1.81742
9.18011;21629.3;218.485;21847.8;2730.67;49.989;1.81742
9.19011;21629.3;218.485;21847.8;2730.67;51.3089;1.81742
9.20012;21629.3;218.485;21847.8;2730.67;47.9688;1.81742
9.21012;21629.3;218.485;21847.8;2730.67;49.1159;1.81742
9.22012;21629.3;218.485;21847.8;2730.67;49.0843;1.81742
9.23012;21629.3;218.485;21847.8;2730.67;45.875;1.81742
9.24012;21629.3;218.485;21847.8;2730.67;50.9383;1.81742
9.25012;21629.3;218.485;21847.8;2730.67;50.0121;1.81742
9.26012;21629.3;218.485;21847.8;2730.67;53.6074;1.81742
9.27012;21629.3;218.485;21847.8;2730.67;56.5935;1.81742
9.28012;21629.3;218.485;21847.8;2730.67;56.349;1.81742
9.29012;21629.3;218.485;21847.8;2730.67;58.0968;1.81742
9.30012;21629.3;218.485;21847.8;2730.67;59.3438;1.81742
9.31012;21629.3;218.485;21847.8;2730.67;57.5248;1.81742
9.32012;21629.3;218.485;21847.8;2730.67;52.8079;1.81742
9.33012;21629.3;218.485;21847.8;2730.67;54.367;1.81742
9.34012;21629.3;218.485;21847.8;2730.67;50.7807;1.81742
9.35012;21629.3;218.485;21847.8;2730.67;48.7302;1.81742
9.36012;21629.3;218.485;21847.8;2730.67;51.1228;1.81742
9.37012;21629.3;218.485;21847.8;2730.67;47.9645;1.81742
9.38012;21629.3;218.485;21847.8;2730.67;52.6998;1.81742
9.39012;21629.3;218.485;21847.8;2730.67;54.782;1.81742
9.40012;21629.3;218.485;21847.8;2730.67;56.5523;1.81742
9.41012;21629.3;218.485;21847.8;2730.67;55.271;1.81742
9.42012;21629.3;218.485;21847.8;2730.67;54.1218;1.81742
9.43012;21629.3;218.485;21847.8;2730.67;50.5709;1.81742
9.44012;21629.3;218.485;21847.8;2730.67;53.2046;1.81742
9.45012;21629.3;218.485;21847.8;2730.67;49.8128;1.81742
9.46012;21629.3;218.485;21847.8;2730.67;50.1243;1.81742
9.47012;21629.3;218.485;21847.8;2730.67;50.6031;1.81742
9.48012;21629.3;218.485;21847.8;2730.67;52.5162;1.81742
9.49012;21629.3;218.485;21847.8;2730.67;54.6631;1.81742
9.50012;21629.3;218.485;21847.8;2730.67;50.5329;1.81742
9.51012;21629.3;218.485;21847.8;2730.67;46.0595;1.81742
9.52012;21629.3;218.485;21847.8;2730.67;51.4339;1.81742
9.53012;21629.3;218.485;21847.8;2730.67;52.6834;1.81742
9.54012;21629.3;218.485;21847.8;2730.67;52.9763;1.81742
9.55012;21629.3;218.485;21847.8;2730.67;51.1017;1.81742
9.56012;21629.3;218.485;21847.8;2730.67;47.8709;1.81742
9.57012;21629.3;218.485;21847.8;2730.67;50.4909;1.81742
9.58012;21629.3;218.485;21847.8;2730.67;48.3546;1.81742
9.59012;21629.3;218.485;21847.8;2730.67;46.1235;1.81742
9.60012;21629.3;218.485;21847.8;2730.67;49.7897;1.81742
9.61012;21629.3;218.485;21847.8;2730.67;54.579;1.81742
9.62012;21629.3;218.485;21847.8;2730.67;54.9812;1.81742
9.63013;21629.3;218.485;21847.8;2730.67;54.627;1.81742
9.64013;21629.3;218.485;21847.8;2730.67;49.4944;1.81742
9.65013;21629.3;218.485;21847.8;2730.67;46.7574;1.81742
9.66013;21629.3;218.485;21847.8;2730.67;47.2853;1.81742
9.67013;21629.3;218.485;21847.8;2730.67;51.8002;1.81742
9.68013;21629.3;218.485;21847.8;2730.67;51.3899;1.81742
9.69013;21629.3;218.485;21847.8;2730.67;51.8277;1.81742
9.70013;21629.3;218.485;21847.8;2730.67;53.1774;1.81742
9.71013;21629.3;218.485;21847.8;2730.67;55.901;1.81742
9.72013;21629.3;218.485;21847.8;2730.67;52.1417;1.81742
9.73013;21629.3;218.485;21847.8;2730.67;49.7618;1.81742
9.74013;21629.3;218.485;21847.8;2730.67;54.3051;1.81742
9.75013;21629.3;218.485;21847.8;2730.67;55.8308;1.81742
9.76013;21629.3;218.485;21847.8;2730.67;55.3851;1.81742
9.77013;21629.3;218.485;21847.8;2730.67;60.4409;1.81742
9.78013;21629.3;218.485;21847.8;2730.67;55.1808;1.81742
9.79013;21629.3;218.485;21847.8;2730.67;51.8109;1.81742
9.80013;21629.3;218.485;21847.8;2730.67;55.4966;1.81742
9.81013;21629.3;218.485;21847.8;2730.67;58.0795;1.81742
9.82013;21629.3;218.485;21847.8;2730.67;57.3984;1.81742
9.83013;21629.3;218.485;21847.8;2730.67;57.3255;1.81742
9.84013;21629.3;218.485;21847.8;2730.67;58.126;1.81742
9.85013;21629.3;218.485;21847.8;2730.67;54.6512;1.81742
9.86013;21629.3;218.485;21847.8;2730.67;53.2009;1.81742
9.87013;21629.3;218.485;21847.8;2730.67;50.6184;1.81742
9.88013;21629.3;218.485;21847.8;2730.67;51.3245;1.81742
9.89013;21629.3;218.485;21847.8;2730.67;54.4884;1.81742
9.90013;21629.3;218.485;21847.8;2730.67;59.8231;1.81742
9.91013;21629.3;218.485;21847.8;2730.67;60.2994;1.81742
9.92013;21629.3;218.485;21847.8;2730.67;55.3143;1.81742
9.93013;21629.3;218.485;21847.8;2730.67;50.8099;1.81742
9.94013;21629.3;218.485;21847.8;2730.67;54.0168;1.81742
9.95013;21629.3;218.485;21847.8;2730.67;53.398;1.81742
9.96013;21629.3;218.485;21847.8;2730.67;55.2194;1.81742
9.97013;21629.3;218.485;21847.8;2730.67;55.9352;1.81742
9.98013;21629.3;218.485;21847.8;2730.67;51.8998;1.81742
9.99013;21629.3;218.485;21847.8;2730.67;49.5525;1.81742
10.0001;21629.3;218.485;21847.8;2730.67;48.7402;1.81742
10.0101;21629.3;218.485;21847.8;2730.67;49.5419;1.81742
10.0201;21629.3;218.485;21847.8;2730.67;49.4767;1.81742
10.0301;21629.3;218.485;21847.8;2730.67;53.4834;1.81742
10.0401;21629.3;218.485;21847.8;2730.67;55.3575;1.81742
10.0501;21629.3;218.485;21847.8;2730.67;53.1264;1.81742
10.0601;21629.3;218.485;21847.8;2730.67;49.4739;1.81742
10.0701;21629.3;218.485;21847.8;2730.67;52.6393;1.81742
10.0801;21629.3;218.485;21847.8;2730.67;48.8546;1.81742
10.0901;21629.3;218.485;21847.8;2730.67;46.2545;1.81742
10.1001;21629.3;218.485;21847.8;2730.67;48.6126;1.81742
10.1101;21629.3;218.485;21847.8;2730.67;45.1458;1.81742
10.1201;21629.3;218.485;21847.8;2730.67;48.3971;1.81742
10.1301;21629.3;218.485;21847.8;2730.67;50.4894;1.81742
10.1401;21629.3;218.485;21847.8;2730.67;53.6256;1.81742
10.1501;21629.3;218.485;21847.8;2730.67;54.2958;1.81742
10.1601;21629.3;218.485;21847.8;2730.67;56.2695;1.81742
10.1701;21629.3;218.485;21847.8;2730.67;58.7243;1.81742
10.1801;21629.3;218.485;21847.8;2730.67;54.6611;1.81742
10.1901;21629.3;218.485;21847.8;2730.67;55.2419;1.81742
10.2001;21629.3;218.485;21847.8;2730.67;51.1215;1.81742
10.2101;21629.3;218.485;21847.8;2730.67;48.562;1.81742
10.2201;21629.3;218.485;21847.8;2730.67;46.7261;1.81742
10.2301;21629.3;218.485;21847.8;2730.67;44.3089;1.81742
10.2401;21629.3;218.485;21847.8;2730.67;49.1388;1.81742
10.2501;21629.3;218.485;21847.8;2730.67;48.2021;1.81742
10.2601;21629.3;218.485;21847.8;2730.67;48.9355;1.81742
10.2701;21629.3;218.485;21847.8;2730.67;49.4926;1.81742
10.2801;21629.3;218.485;21847.8;2730.67;55.114;1.81742
10.2901;21629.3;218.485;21847.8;2730.67;54.0355;1.81742
10.3001;21629.3;218.485;21847.8;2730.67;50.3101;1.81742
10.3101;21629.3;218.485;21847.8;2730.67;49.5319;1.81742
10.3201;21629.3;218.485;21847.8;2730.67;52.8709;1.81742
10.3301;21629.3;218.485;21847.8;2730.67;54.4075;1.81742
10.3401;21629.3;218.485;21847.8;2730.67;56.1731;1.81742
10.3501;21629.3;218.485;21847.8;2730.67;57.3515;1.81742
10.3601;21629.3;218.485;21847.8;2730.67;52.657;1.81742
10.3701;21629.3;218.485;21847.8;2730.67;48.6615;1.81742
10.3801;21629.3;218.485;21847.8;2730.67;48.8373;1.81742
10.3901;21629.3;218.485;21847.8;2730.67;52.9032;1.81742
10.4001;21629.3;218.485;21847.8;2730.67;52.3998;1.81742
10.4101;21629.3;218.485;21847.8;2730.67;52.6359;1.81742
10.4201;21629.3;218.485;21847.8;2730.67;50.011;1.81742
10.4301;21629.3;218.485;21847.8;2730.67;51.1504;1.81742
10.4401;21629.3;218.485;21847.8;2730.67;52.9971;1.81742
10.4501;21629.3;218.485;21847.8;2730.67;54.2172;1.81742
10.4601;21629.3;218.485;21847.8;2730.67;54.8256;1.81742
10.4701;21629.3;218.485;21847.8;2730.67;55.4054;1.81742
10.4801;21629.3;218.485;21847.8;2730.67;56.9829;1.81742
10.4901;21629.3;218.485;21847.8;2730.67;58.6589;1.81742
10.5001;21629.3;218.485;21847.8;2730.67;54.0111;1.81742
10.5101;21629.3;218.485;21847.8;2730.67;50.7117;1.81742
10.5201;21629.3;218.485;21847.8;2730.67;53.9172;1.81742
10.5301;21629.3;218.485;21847.8;2730.67;57.1167;1.81742
10.5401;21629.3;218.485;21847.8;2730.67;56.3636;1.81742
10.5501;21629.3;218.485;21847.8;2730.67;54.5888;1.81742
10.5601;21629.3;218.485;21847.8;2730.67;54.8382;1.81742
10.5701;21629.3;218.485;21847.8;2730.67;59.2318;1.81742
10.5801;21629.3;218.485;21847.8;2730.67;58.2998;1.81742
10.5901;21629.3;218.485;21847.8;2730.67;54.0136;1.81742
10.6001;21629.3;218.485;21847.8;2730.67;53.113;1.81742
10.6101;21629.3;218.485;21847.8;2730.67;55.7571;1.81742
10.6201;21629.3;218.485;21847.8;2730.67;60.0539;1.81742
10.6301;21629.3;218.485;21847.8;2730.67;59.4561;1.81742
10.6401;21629.3;218.485;21847.8;2730.67;55.4188;1.81742
10.6501;21629.3;218.485;21847.8;2730.67;51.6144;1.81742
10.6601;21629.3;218.485;21847.8;2730.67;56.4509;1.81742
10.6701;21629.3;218.485;21847.8;2730.67;53.834;1.81742
10.6801;21629.3;218.485;21847.8;2730.67;53.8132;1.81742
10.6901;21629.3;218.485;21847.8;2730.67;53.2339;1.81742
10.7001;21629.3;218.485;21847.8;2730.67;53.4897;1.81742
10.7101;21629.3;218.485;21847.8;2730.67;55.0462;1.81742
10.7201;21629.3;218.485;21847.8;2730.67;51.9775;1.81742
10.7302;21629.3;218.485;21847.8;2730.67;48.2272;1.81742
10.7402;21629.3;218.485;21847.8;2730.67;50.5842;1.81742
10.7502;21629.3;218.485;21847.8;2730.67;51.7351;1.81742
10.7602;21629.3;218.485;21847.8;2730.67;54.7683;1.81742
10.7702;21629.3;218.485;21847.8;2730.67;53.7716;1.81742
10.7802;21629.3;218.485;21847.8;2730.67;49.5365;1.81742
10.7902;21629.3;218.485;21847.8;2730.67;46.7324;1.81742
10.8002;21629.3;218.485;21847.8;2730.67;48.4289;1.81742
10.8102;21629.3;218.485;21847.8;2730.67;49.278;1.81742
10.8202;21629.3;218.485;21847.8;2730.67;48.8866;1.81742
10.8302;21629.3;218.485;21847.8;2730.67;51.3644;1.81742
10.8402;21629.3;218.485;21847.8;2730.67;52.9265;1.81742
10.8502;21629.3;218.485;21847.8;2730.67;54.4258;1.81742
10.8602;21629.3;218.485;21847.8;2730.67;50.6145;1.81742
10.8702;21629.3;218.485;21847.8;2730.67;46.5989;1.81742
10.8802;21629.3;218.485;21847.8;2730.67;51.5069;1.81742
10.8902;21629.3;218.485;21847.8;2730.67;56.2373;1.81742
10.9002;21629.3;218.485;21847.8;2730.67;54.7257;1.81742
10.9102;21629.3;218.485;21847.8;2730.67;55.091;1.81742
10.9202;21629.3;218.485;21847.8;2730.67;52.0003;1.81742
10.9302;21629.3;218.485;21847.8;2730.67;52.8946;1.81742
10.9402;21629.3;218.485;21847.8;2730.67;48.8629;1.81742
10.9502;21629.3;218.485;21847.8;2730.67;48.762;1.81742
10.9602;21629.3;218.485;21847.8;2730.67;46.8013;1.81742
10.9702;21629.3;218.485;21847.8;2730.67;43.4438;1.81742
10.9802;21629.3;218.485;21847.8;2730.67;47.3032;1.81742
10.9902;21629.3;218.485;21847.8;2730.67;44.9779;1.81742
11.0002;21629.3;218.485;21847.8;2730.67;49.9601;1.81742
11.0102;21629.3;218.485;21847.8;2730.67;51.1442;1.81742
11.0202;21629.3;218.485;21847.8;2730.67;52.9329;1.81742
11.0302;21629.3;218.485;21847.8;2730.67;55.9308;1.81742
11.0402;21629.3;218.485;21847.8;2730.67;56.3554;1.81742
11.0502;21629.3;218.485;21847.8;2730.67;58.0472;1.81742
11.0602;21629.3;218.485;21847.8;2730.67;60.5332;1.81742
11.0702;21629.3;218.485;21847.8;2730.67;59.1421;1.81742
11.0802;21629.3;218.485;21847.8;2730.67;56.8;1.81742
11.0902;21629.3;218.485;21847.8;2730.67;60.3576;1.81742
11.1002;21629.3;218.485;21847.8;2730.67;55.6107;1.81742
11.1102;21629.3;218.485;21847.8;2730.67;52.9139;1.81742
11.1202;21629.3;218.485;21847.8;2730.67;53.7479;1.81742
11.1302;21629.3;218.485;21847.8;2730.67;50.6413;1.81742
11.1402;21629.3;218.485;21847.8;2730.67;54.4617;1.81742
11.1502;21629.3;218.485;21847.8;2730.67;54.71;1.81742
11.1602;21629.3;218.485;21847.8;2730.67;56.3669;1.81742
11.1702;21629.3;218.485;21847.8;2730.67;59.1779;1.81742
11.1802;21629.3;218.485;21847.8;2730.67;59.0651;1.81742
11.1902;21629.3;218.485;21847.8;2730.67;58.1712;1.81742
11.2002;21629.3;218.485;21847.8;2730.67;53.3903;1.81742
11.2102;21629.3;218.485;21847.8;2730.67;55.8747;1.81742
11.2202;21629.3;218.485;21847.8;2730.67;57.1116;1.81742
11.2302;21629.3;218.485;21847.8;2730.67;53.3286;1.81742
11.2402;21629.3;218.485;21847.8;2730.67;54.0766;1.81742
11.2502;21629.3;218.485;21847.8;2730.67;57.3809;1.81742
11.2602;21629.3;218.485;21847.8;2730.67;58.5037;1.81742
11.2702;21629.3;218.485;21847.8;2730.67;58.5678;1.81742
11.2802;21629.3;218.485;21847.8;2730.67;53.6076;1.81742
11.2902;21629.3;218.485;21847.8;2730.67;54.5451;1.81742
11.3002;21629.3;218.485;21847.8;2730.67;57.592;1.81742
11.3102;21629.3;218.485;21847.8;2730.67;55.7723;1.81742
11.3202;21629.3;218.485;21847.8;2730.67;55.2414;1.81742
11.3302;21629.3;218.485;21847.8;2730.67;55.8989;1.81742
11.3402;21629.3;218.485;21847.8;2730.67;58.4591;1.81742
11.3502;21629.3;218.485;21847.8;2730.67;62.3793;1.81742
11.3602;21629.3;218.485;21847.8;2730.67;57.9044;1.81742
11.3702;21629.3;218.485;21847.8;2730.67;55.1156;1.81742
11.3802;21629.3;218.485;21847.8;2730.67;56.7355;1.81742
11.3902;21629.3;218.485;21847.8;2730.67;57.0131;1.81742
11.4002;21629.3;218.485;21847.8;2730.67;57.2545;1.81742
11.4102;21629.3;218.485;21847.8;2730.67;56.2701;1.81742
11.4202;21629.3;218.485;21847.8;2730.67;57.4557;1.81742
11.4302;21629.3;218.485;21847.8;2730.67;60.9797;1.81742
11.4402;21629.3;218.485;21847.8;2730.67;58.1428;1.81742
11.4502;21629.3;218.485;21847.8;2730.67;54.0919;1.81742
11.4602;21629.3;218.485;21847.8;2730.67;54.618;1.81742
11.4702;21629.3;218.485;21847.8;2730.67;56.5169;1.81742
11.4802;21629.3;218.485;21847.8;2730.67;58.2829;1.81742
11.4902;21629.3;218.485;21847.8;2730.67;56.6669;1.81742
11.5002;21629.3;218.485;21847.8;2730.67;56.9225;1.81742
11.5102;21629.3;218.485;21847.8;2730.67;59.5991;1.81742
11.5202;21629.3;218.485;21847.8;2730.67;57.7577;1.81742
11.5302;21629.3;218.485;21847.8;2730.67;53.3089;1.81742
11.5402;21629.3;218.485;21847.8;2730.67;53.9045;1.81742
11.5502;21629.3;218.485;21847.8;2730.67;56.4995;1.81742
11.5602;21629.3;218.485;21847.8;2730.67;59.167;1.81742
11.5702;21629.3;218.485;21847.8;2730.67;57.2905;1.81742
11.5802;21629.3;218.485;21847.8;2730.67;59.5256;1.81742
11.5902;21629.3;218.485;21847.8;2730.67;59.8617;1.81742
11.6002;21629.3;218.485;21847.8;2730.67;55.546;1.81742
11.6102;21629.3;218.485;21847.8;2730.67;50.9278;1.81742
11.6202;21629.3;218.485;21847.8;2730.67;55.9643;1.81742
11.6302;21629.3;218.485;21847.8;2730.67;58.7135;1.81742
11.6402;21629.3;218.485;21847.8;2730.67;58.4398;1.81742
11.6502;21629.3;218.485;21847.8;2730.67;57.2662;1.81742
11.6602;21629.3;218.485;21847.8;2730.67;54.4003;1.81742
11.6702;21629.3;218.485;21847.8;2730.67;52.7193;1.81742
11.6802;21629.3;218.485;21847.8;2730.67;50.5389;1.81742
11.6902;21629.3;218.485;21847.8;2730.67;47.3243;1.81742
11.7002;21629.3;218.485;21847.8;2730.67;52.3821;1.81742
11.7102;21629.3;218.485;21847.8;2730.67;55.2422;1.81742
11.7202;21629.3;218.485;21847.8;2730.67;57.0813;1.81742
11.7302;21629.3;218.485;21847.8;2730.67;56.9465;1.81742
11.7402;21629.3;218.485;21847.8;2730.67;56.5873;1.81742
11.7502;21629.3;218.485;21847.8;2730.67;52.7889;1.81742
11.7602;21629.3;218.485;21847.8;2730.67;51.621;1.81742
11.7702;21629.3;218.485;21847.8;2730.67;48.7633;1.81742
11.7802;21629.3;218.485;21847.8;2730.67;51.4946;1.81742
11.7902;21629.3;218.485;21847.8;2730.67;53.2985;1.81742
11.8002;21629.3;218.485;21847.8;2730.67;57.4314;1.81742
11.8102;21629.3;218.485;21847.8;2730.67;56.0518;1.81742
11.8202;21629.3;218.485;21847.8;2730.67;57.8257;1.81742
11.8302;21629.3;218.485;21847.8;2730.67;58.0655;1.81742
11.8402;21629.3;218.485;21847.8;2730.67;54.0567;1.81742
11.8502;21629.3;218.485;21847.8;2730.67;55.6064;1.81742
11.8602;21629.3;218.485;21847.8;2730.67;52.44;1.81742
11.8702;21629.3;218.485;21847.8;2730.67;52.2404;1.81742
11.8802;21629.3;218.485;21847.8;2730.67;54.6661;1.81742
11.8902;21629.3;218.485;21847.8;2730.67;50.4388;1.81742
11.9002;21629.3;218.485;21847.8;2730.67;51.4301;1.81742
11.9102;21629.3;218.485;21847.8;2730.67;49.5495;1.81742
11.9202;21629.3;218.485;21847.8;2730.67;50.0744;1.81742
11.9302;21629.3;218.485;21847.8;2730.67;55.224;1.81742
11.9402;21629.3;218.485;21847.8;2730.67;57.6312;1.81742
11.9502;21629.3;218.485;21847.8;2730.67;55.7659;1.81742
11.9602;21629.3;218.485;21847.8;2730.67;56.5163;1.81742
11.9702;21629.3;218.485;21847.8;2730.67;56.7379;1.81742
11.9802;21629.3;218.485;21847.8;2730.67;52.2257;1.81742
11.9902;21629.3;218.485;21847.8;2730.67;54.6384;1.81742
12.0002;21629.3;218.485;21847.8;2730.67;52.8067;1.81742
12.0102;21629.3;218.485;21847.8;2730.67;51.5775;1.81742
12.0202;21629.3;218.485;21847.8;2730.67;52.7248;1.81742
12.0302;21629.3;218.485;21847.8;2730.67;49.197;1.81742
12.0402;21629.3;218.485;21847.8;2730.67;49.7519;1.81742
12.0502;21629.3;218.485;21847.8;2730.67;53.5632;1.81742
12.0602;21629.3;218.485;21847.8;2730.67;55.3942;1.81742
12.0702;21629.3;218.485;21847.8;2730.67;53.7804;1.81742
12.0802;21629.3;218.485;21847.8;2730.67;48.9085;1.81742
12.0902;21629.3;218.485;21847.8;2730.67;52.1401;1.81742
12.1002;21629.3;218.485;21847.8;2730.67;51.2052;1.81742
12.1102;21629.3;218.485;21847.8;2730.67;48.8159;1.81742
12.1202;21629.3;218.485;21847.8;2730.67;48.465;1.81742
12.1302;21629.3;218.485;21847.8;2730.67;53.5411;1.81742
12.1402;21629.3;218.485;21847.8;2730.67;56.067;1.81742
12.1502;21629.3;218.485;21847.8;2730.67;54.9145;1.81742
12.1602;21629.3;218.485;21847.8;2730.67;51.5539;1.81742
12.1702;21629.3;218.485;21847.8;2730.67;52.5753;1.81742
12.1802;21629.3;218.485;21847.8;2730.67;49.4745;1.81742
12.1902;21629.3;218.485;21847.8;2730.67;48.4327;1.81742
12.2002;21629.3;218.485;21847.8;2730.67;47.5609;1.81742
12.2102;21629.3;218.485;21847.8;2730.67;51.4836;1.81742
12.2202;21629.3;218.485;21847.8;2730.67;53.2724;1.81742
12.2302;21629.3;218.485;21847.8;2730.67;54.7518;1.81742
12.2402;21629.3;218.485;21847.8;2730.67;50.2405;1.81742
12.2502;21629.3;218.485;21847.8;2730.67;48.6038;1.81742
12.2602;21629.3;218.485;21847.8;2730.67;49.0039;1.81742
12.2702;21629.3;218.485;21847.8;2730.67;51.3847;1.81742
12.2802;21629.3;218.485;21847.8;2730.67;50.6199;1.81742
12.2902;21629.3;218.485;21847.8;2730.67;51.4708;1.81742
12.3002;21629.3;218.485;21847.8;2730.67;54.4825;1.81742
12.3102;21629.3;218.485;21847.8;2730.67;56.9296;1.81742
12.3202;21629.3;218.485;21847.8;2730.67;52.1341;1.81742
12.3302;21629.3;218.485;21847.8;2730.67;49.3945;1.81742
12.3402;21629.3;218.485;21847.8;2730.67;51.4457;1.81742
12.3502;21629.3;218.485;21847.8;2730.67;55.3255;1.81742
12.3602;21629.3;218.485;21847.8;2730.67;53.4757;1.81742
12.3702;21629.3;218.485;21847.8;2730.67;53.0764;1.81742
12.3802;21629.3;218.485;21847.8;2730.67;56.2602;1.81742
12.3902;21629.3;218.485;21847.8;2730.67;58.9609;1.81742
12.4002;21629.3;218.485;21847.8;2730.67;54.1707;1.81742
12.4102;21629.3;218.485;21847.8;2730.67;50.6588;1.81742
12.4202;21629.3;218.485;21847.8;2730.67;54.1679;1.81742
12.4302;21629.3;218.485;21847.8;2730.67;58.3617;1.81742
12.4402;21629.3;218.485;21847.8;2730.67;56.2383;1.81742
12.4502;21629.3;218.485;21847.8;2730.67;55.4348;1.81742
12.4602;21629.3;218.485;21847.8;2730.67;57.8472;1.81742
12.4702;21629.3;218.485;21847.8;2730.67;58.6407;1.81742
12.4802;21629.3;218.485;21847.8;2730.67;54.2815;1.81742
12.4902;21629.3;218.485;21847.8;2730.67;51.6408;1.81742
12.5002;21629.3;218.485;21847.8;2730.67;55.6588;1.81742
12.5102;21629.3;218.485;21847.8;2730.67;55.1509;1.81742
12.5202;21629.3;218.485;21847.8;2730.67;54.3388;1.81742
12.5302;21629.3;218.485;21847.8;2730.67;54.5283;1.81742
12.5402;21629.3;218.485;21847.8;2730.67;56.1147;1.81742
12.5502;21629.3;218.485;21847.8;2730.67;57.8836;1.81742
12.5602;21629.3;218.485;21847.8;2730.67;54.18;1.81742
12.5702;21629.3;218.485;21847.8;2730.67;50.6425;1.81742
12.5802;21629.3;218.485;21847.8;2730.67;55.0154;1.81742
12.5902;21629.3;218.485;21847.8;2730.67;56.0554;1.81742
12.6002;21629.3;218.485;21847.8;2730.67;55.8137;1.81742
12.6102;21629.3;218.485;21847.8;2730.67;57.1326;1.81742
12.6202;21629.3;218.485;21847.8;2730.67;57.6403;1.81742
12.6302;21629.3;218.485;21847.8;2730.67;59.2841;1.81742
12.6402;21629.3;218.485;21847.8;2730.67;55.3172;1.81742
12.6502;21629.3;218.485;21847.8;2730.67;51.6539;1.81742
12.6602;21629.3;218.485;21847.8;2730.67;55.8013;1.81742
12.6702;21629.3;218.485;21847.8;2730.67;55.6601;1.81742
12.6802;21629.3;218.485;21847.8;2730.67;55.0175;1.81742
12.6902;21629.3;218.485;21847.8;2730.67;56.9338;1.81742
12.7002;21629.3;218.485;21847.8;2730.67;57.5677;1.81742
12.7102;21629.3;218.485;21847.8;2730.67;56.3435;1.81742
12.7202;21629.3;218.485;21847.8;2730.67;51.8194;1.81742
12.7302;21629.3;218.485;21847.8;2730.67;55.9831;1.81742
12.7402;21629.3;218.485;21847.8;2730.67;52.1898;1.81742
12.7502;21629.3;218.485;21847.8;2730.67;53.9342;1.81742
12.7602;21629.3;218.485;21847.8;2730.67;55.7107;1.81742
12.7702;21629.3;218.485;21847.8;2730.67;53.0121;1.81742
12.7802;21629.3;218.485;21847.8;2730.67;56.5869;1.81742
12.7902;21629.3;218.485;21847.8;2730.67;53.4338;1.81742
12.8002;21629.3;218.485;21847.8;2730.67;55.5114;1.81742
12.8102;21629.3;218.485;21847.8;2730.67;56.3657;1.81742
12.8202;21629.3;218.485;21847.8;2730.67;55.1699;1.81742
12.8302;21629.3;218.485;21847.8;2730.67;57.5246;1.81742
12.8402;21629.3;218.485;21847.8;2730.67;57.62;1.81742
12.8502;21629.3;218.485;21847.8;2730.67;56.5587;1.81742
12.8602;21629.3;218.485;21847.8;2730.67;57.65;1.81742
12.8702;21629.3;218.485;21847.8;2730.67;56.9541;1.81742
12.8802;21629.3;218.485;21847.8;2730.67;59.4324;1.81742
12.8902;21629.3;218.485;21847.8;2730.67;59.7759;1.81742
12.9002;21629.3;218.485;21847.8;2730.67;57.0076;1.81742
12.9102;21629.3;218.485;21847.8;2730.67;59.2027;1.81742
12.9202;21629.3;218.485;21847.8;2730.67;54.3593;1.81742
12.9302;21629.3;218.485;21847.8;2730.67;52.3047;1.81742
12.9402;21629.3;218.485;21847.8;2730.67;49.7037;1.81742
12.9502;21629.3;218.485;21847.8;2730.67;47.5773;1.81742
12.9602;21629.3;218.485;21847.8;2730.67;49.3057;1.81742
12.9702;21629.3;218.485;21847.8;2730.67;52.8518;1.81742
12.9802;21629.3;218.485;21847.8;2730.67;54.3232;1.81742
12.9902;21629.3;218.485;21847.8;2730.67;53.5292;1.81742
13.0002;21629.3;218.485;21847.8;2730.67;53.0318;1.81742
13.0102;21629.3;218.485;21847.8;2730.67;52.3907;1.81742
13.0202;21629.3;218.485;21847.8;2730.67;49.4092;1.81742
13.0302;21629.3;218.485;21847.8;2730.67;46.7044;1.81742
13.0402;21629.3;218.485;21847.8;2730.67;49.5032;1.81742
13.0502;21629.3;218.485;21847.8;2730.67;49.0365;1.81742
13.0602;21629.3;218.485;21847.8;2730.67;50.4979;1.81742
13.0702;21629.3;218.485;21847.8;2730.67;50.9329;1.81742
13.0802;21629.3;218.485;21847.8;2730.67;51.9389;1.81742
13.0902;21629.3;218.485;21847.8;2730.67;56.9689;1.81742
13.1002;21629.3;218.485;21847.8;2730.67;52.9015;1.81742
13.1102;21629.3;218.485;21847.8;2730.67;49.6677;1.81742
13.1202;21629.3;218.485;21847.8;2730.67;51.8724;1.81742
13.1302;21629.3;218.485;21847.8;2730.67;54.7742;1.81742
13.1402;21629.3;218.485;21847.8;2730.67;55.5882;1.81742
13.1502;21629.3;218.485;21847.8;2730.67;54.6276;1.81742
13.1602;21629.3;218.485;21847.8;2730.67;53.8322;1.81742
13.1702;21629.3;218.485;21847.8;2730.67;58.2504;1.81742
13.1802;21629.3;218.485;21847.8;2730.67;54.2541;1.81742
13.1902;21629.3;218.485;21847.8;2730.67;49.7522;1.81742
13.2002;21629.3;218.485;21847.8;2730.67;51.4725;1.81742
13.2102;21629.3;218.485;21847.8;2730.67;51.3495;1.81742
13.2202;21629.3;218.485;21847.8;2730.67;52.9456;1.81742
13.2302;21629.3;218.485;21847.8;2730.67;52.4244;1.81742
13.2402;21629.3;218.485;21847.8;2730.67;53.1365;1.81742
13.2502;21629.3;218.485;21847.8;2730.67;57.9578;1.81742
13.2602;21629.3;218.485;21847.8;2730.67;53.8142;1.81742
13.2702;21629.3;218.485;21847.8;2730.67;49.2928;1.81742
13.2802;21629.3;218.485;21847.8;2730.67;52.0302;1.81742
13.2902;21629.3;218.485;21847.8;2730.67;51.4813;1.81742
13.3002;21629.3;218.485;21847.8;2730.67;52.8893;1.81742
13.3102;21629.3;218.485;21847.8;2730.67;52.2892;1.81742
13.3202;21629.3;218.485;21847.8;2730.67;53.5008;1.81742
13.3302;21629.3;218.485;21847.8;2730.67;58.1585;1.81742
13.3402;21629.3;218.485;21847.8;2730.67;54.0096;1.81742
13.3502;21629.3;218.485;21847.8;2730.67;49.6237;1.81742
13.3602;21629.3;218.485;21847.8;2730.67;53.1729;1.81742
13.3702;21629.3;218.485;21847.8;2730.67;52.1215;1.81742
13.3802;21629.3;218.485;21847.8;2730.67;52.882;1.81742
13.3902;21629.3;218.485;21847.8;2730.67;52.2421;1.81742
13.4002;21629.3;218.485;21847.8;2730.67;53.671;1.81742
13.4102;21629.3;218.485;21847.8;2730.67;58.0591;1.81742
13.4202;21629.3;218.485;21847.8;2730.67;53.7491;1.81742
13.4302;21629.3;218.485;21847.8;2730.67;49.4537;1.81742
13.4402;21629.3;218.485;21847.8;2730.67;53.3971;1.81742
13.4502;21629.3;218.485;21847.8;2730.67;52.779;1.81742
13.4602;21629.3;218.485;21847.8;2730.67;53.8974;1.81742
13.4702;21629.3;218.485;21847.8;2730.67;52.7614;1.81742
13.4802;21629.3;218.485;21847.8;2730.67;52.3306;1.81742
13.4902;21629.3;218.485;21847.8;2730.67;57.0428;1.81742
13.5002;21629.3;218.485;21847.8;2730.67;53.1836;1.81742
13.5102;21629.3;218.485;21847.8;2730.67;48.6514;1.81742
13.5202;21629.3;218.485;21847.8;2730.67;53.7985;1.81742
13.5302;21629.3;218.485;21847.8;2730.67;53.8363;1.81742
13.5402;21629.3;218.485;21847.8;2730.67;52.6029;1.81742
13.5502;21629.3;218.485;21847.8;2730.67;51.441;1.81742
13.5602;21629.3;218.485;21847.8;2730.67;51.1691;1.81742
13.5702;21629.3;218.485;21847.8;2730.67;55.6732;1.81742
13.5802;21629.3;218.485;21847.8;2730.67;52.1741;1.81742
13.5902;21629.3;218.485;21847.8;2730.67;50.8461;1.81742
13.6002;21629.3;218.485;21847.8;2730.67;49.4492;1.81742
13.6102;21629.3;218.485;21847.8;2730.67;48.0585;1.81742
13.6202;21629.3;218.485;21847.8;2730.67;52.3873;1.81742
13.6302;21629.3;218.485;21847.8;2730.67;50.033;1.81742
13.6402;21629.3;218.485;21847.8;2730.67;55.1658;1.81742
13.6502;21629.3;218.485;21847.8;2730.67;57.6266;1.81742
13.6602;21629.3;218.485;21847.8;2730.67;55.5599;1.81742
13.6702;21629.3;218.485;21847.8;2730.67;58.6226;1.81742
13.6802;21629.3;218.485;21847.8;2730.67;57.8174;1.81742
13.6902;21629.3;218.485;21847.8;2730.67;55.8853;1.81742
13.7002;21629.3;218.485;21847.8;2730.67;55.86;1.81742
13.7102;21629.3;218.485;21847.8;2730.67;55.5492;1.81742
13.7202;21629.3;218.485;21847.8;2730.67;53.2214;1.81742
13.7302;21629.3;218.485;21847.8;2730.67;54.6871;1.81742
13.7402;21629.3;218.485;21847.8;2730.67;51.1887;1.81742
13.7502;21629.3;218.485;21847.8;2730.67;53.8309;1.81742
13.7602;21629.3;218.485;21847.8;2730.67;50.9914;1.81742
13.7702;21629.3;218.485;21847.8;2730.67;47.8115;1.81742
13.7802;21629.3;218.485;21847.8;2730.67;48.7008;1.81742
13.7902;21629.3;218.485;21847.8;2730.67;46.1422;1.81742
13.8002;21629.3;218.485;21847.8;2730.67;49.5363;1.81742
13.8102;21629.3;218.485;21847.8;2730.67;46.7654;1.81742
13.8202;21629.3;218.485;21847.8;2730.67;47.6797;1.81742
13.8302;21629.3;218.485;21847.8;2730.67;52.1892;1.81742
13.8402;21629.3;218.485;21847.8;2730.67;57.2886;1.81742
13.8502;21629.3;218.485;21847.8;2730.67;56.8525;1.81742
13.8602;21629.3;218.485;21847.8;2730.67;53.4317;1.81742
13.8702;21629.3;218.485;21847.8;2730.67;50.1894;1.81742
13.8802;21629.3;218.485;21847.8;2730.67;53.0527;1.81742
13.8902;21629.3;218.485;21847.8;2730.67;50.0187;1.81742
13.9002;21629.3;218.485;21847.8;2730.67;50.1755;1.81742
13.9102;21629.3;218.485;21847.8;2730.67;52.9287;1.81742
13.9202;21629.3;218.485;21847.8;2730.67;56.192;1.81742
13.9302;21629.3;218.485;21847.8;2730.67;56.6248;1.81742
13.9402;21629.3;218.485;21847.8;2730.67;52.4112;1.81742
13.9502;21629.3;218.485;21847.8;2730.67;48.5937;1.81742
13.9602;21629.3;218.485;21847.8;2730.67;52.34;1.81742
13.9702;21629.3;218.485;21847.8;2730.67;49.4855;1.81742
13.9802;21629.3;218.485;21847.8;2730.67;49.5066;1.81742
13.9902;21629.3;218.485;21847.8;2730.67;51.5448;1.81742
14.0002;21629.3;218.485;21847.8;2730.67;54.8445;1.81742
14.0102;21629.3;218.485;21847.8;2730.67;55.9804;1.81742
14.0202;21629.3;218.485;21847.8;2730.67;51.6117;1.81742
14.0302;21629.3;218.485;21847.8;2730.67;47.4212;1.81742
14.0402;21629.3;218.485;21847.8;2730.67;51.7454;1.81742
14.0502;21629.3;218.485;21847.8;2730.67;49.7805;1.81742
14.0602;21629.3;218.485;21847.8;2730.67;49.7463;1.81742
14.0702;21629.3;218.485;21847.8;2730.67;50.5032;1.81742
14.0802;21629.3;218.485;21847.8;2730.67;52.4499;1.81742
14.0902;21629.3;218.485;21847.8;2730.67;54.7737;1.81742
14.1002;21629.3;218.485;21847.8;2730.67;50.453;1.81742
14.1102;21629.3;218.485;21847.8;2730.67;46.3893;1.81742
14.1202;21629.3;218.485;21847.8;2730.67;50.6271;1.81742
14.1302;21629.3;218.485;21847.8;2730.67;51.8581;1.81742
14.1402;21629.3;218.485;21847.8;2730.67;51.2655;1.81742
14.1502;21629.3;218.485;21847.8;2730.67;50.4675;1.81742
14.1602;21629.3;218.485;21847.8;2730.67;49.3063;1.81742
14.1702;21629.3;218.485;21847.8;2730.67;51.84;1.81742
14.1802;21629.3;218.485;21847.8;2730.67;48.2619;1.81742
14.1902;21629.3;218.485;21847.8;2730.67;44.8743;1.81742
14.2002;21629.3;218.485;21847.8;2730.67;49.6372;1.81742
14.2102;21629.3;218.485;21847.8;2730.67;52.8788;1.81742
14.2202;21629.3;218.485;21847.8;2730.67;52.0106;1.81742
14.2302;21629.3;218.485;21847.8;2730.67;50.7685;1.81742
14.2402;21629.3;218.485;21847.8;2730.67;52.0956;1.81742
14.2502;21629.3;218.485;21847.8;2730.67;52.8175;1.81742
14.2602;21629.3;218.485;21847.8;2730.67;49.0184;1.81742
14.2702;21629.3;218.485;21847.8;2730.67;46.6806;1.81742
14.2802;21629.3;218.485;21847.8;2730.67;51.3621;1.81742
14.2902;21629.3;218.485;21847.8;2730.67;56.0042;1.81742
14.3002;21629.3;218.485;21847.8;2730.67;55.398;1.81742
14.3102;21629.3;218.485;21847.8;2730.67;55.0988;1.81742
14.3202;21629.3;218.485;21847.8;2730.67;50.7966;1.81742
14.3302;21629.3;218.485;21847.8;2730.67;48.0333;1.81742
14.3402;21629.3;218.485;21847.8;2730.67;46.5486;1.81742
14.3502;21629.3;218.485;21847.8;2730.67;50.0549;1.81742
14.3602;21629.3;218.485;21847.8;2730.67;50.1485;1.81742
14.3702;21629.3;218.485;21847.8;2730.67;51.0985;1.81742
14.3802;21629.3;218.485;21847.8;2730.67;52.7468;1.81742
14.3902;21629.3;218.485;21847.8;2730.67;55.3552;1.81742
14.4002;21629.3;218.485;21847.8;2730.67;50.4815;1.81742
14.4102;21629.3;218.485;21847.8;2730.67;47.5111;1.81742
14.4202;21629.3;218.485;21847.8;2730.67;50.148;1.81742
14.4302;21629.3;218.485;21847.8;2730.67;54.4087;1.81742
14.4402;21629.3;218.485;21847.8;2730.67;52.464;1.81742
14.4502;21629.3;218.485;21847.8;2730.67;55.2906;1.81742
14.4602;21629.3;218.485;21847.8;2730.67;55.3689;1.81742
14.4702;21629.3;218.485;21847.8;2730.67;56.185;1.81742
14.4802;21629.3;218.485;21847.8;2730.67;52.2213;1.81742
14.4902;21629.3;218.485;21847.8;2730.67;52.1701;1.81742
14.5002;21629.3;218.485;21847.8;2730.67;54.8703;1.81742
14.5102;21629.3;218.485;21847.8;2730.67;50.5031;1.81742
14.5202;21629.3;218.485;21847.8;2730.67;50.1962;1.81742
14.5302;21629.3;218.485;21847.8;2730.67;48.5648;1.81742
14.5402;21629.3;218.485;21847.8;2730.67;49.4287;1.81742
14.5502;21629.3;218.485;21847.8;2730.67;53.365;1.81742
14.5602;21629.3;218.485;21847.8;2730.67;54.0939;1.81742
14.5702;21629.3;218.485;21847.8;2730.67;52.7972;1.81742
14.5802;21629.3;218.485;21847.8;2730.67;53.1908;1.81742
14.5902;21629.3;218.485;21847.8;2730.67;55.3277;1.81742
14.6002;21629.3;218.485;21847.8;2730.67;51.8683;1.81742
14.6102;21629.3;218.485;21847.8;2730.67;53.4388;1.81742
14.6202;21629.3;218.485;21847.8;2730.67;49.7222;1.81742
14.6302;21629.3;218.485;21847.8;2730.67;46.8693;1.81742
14.6402;21629.3;218.485;21847.8;2730.67;48.4973;1.81742
14.6502;21629.3;218.485;21847.8;2730.67;45.6428;1.81742
14.6602;21629.3;218.485;21847.8;2730.67;48.4349;1.81742
14.6702;21629.3;218.485;21847.8;2730.67;46.3936;1.81742
14.6802;21629.3;218.485;21847.8;2730.67;47.6459;1.81742
14.6902;21629.3;218.485;21847.8;2730.67;51.9988;1.81742
14.7002;21629.3;218.485;21847.8;2730.67;56.8619;1.81742
14.7102;21629.3;218.485;21847.8;2730.67;55.678;1.81742
14.7202;21629.3;218.485;21847.8;2730.67;56.369;1.81742
14.7302;21629.3;218.485;21847.8;2730.67;54.9045;1.81742
14.7402;21629.3;218.485;21847.8;2730.67;54.506;1.81742
14.7502;21629.3;218.485;21847.8;2730.67;50.1415;1.81742
14.7602;21629.3;218.485;21847.8;2730.67;50.8082;1.81742
14.7702;21629.3;218.485;21847.8;2730.67;52.4477;1.81742
14.7802;21629.3;218.485;21847.8;2730.67;54.48;1.81742
14.7902;21629.3;218.485;21847.8;2730.67;56.0956;1.81742
14.8002;21629.3;218.485;21847.8;2730.67;54.1791;1.81742
14.8102;21629.3;218.485;21847.8;2730.67;49.1204;1.81742
14.8202;21629.3;218.485;21847.8;2730.67;50.9611;1.81742
14.8302;21629.3;218.485;21847.8;2730.67;54.6658;1.81742
14.8402;21629.3;218.485;21847.8;2730.67;54.0046;1.81742
14.8502;21629.3;218.485;21847.8;2730.67;52.0887;1.81742
14.8602;21629.3;218.485;21847.8;2730.67;49.8959;1.81742
14.8702;21629.3;218.485;21847.8;2730.67;49.1781;1.81742
14.8802;21629.3;218.485;21847.8;2730.67;46.6761;1.81742
14.8902;21629.3;218.485;21847.8;2730.67;48.2552;1.81742
14.9002;21629.3;218.485;21847.8;2730.67;49.5551;1.81742
14.9102;21629.3;218.485;21847.8;2730.67;51.408;1.81742
14.9202;21629.3;218.485;21847.8;2730.67;53.692;1.81742
14.9302;21629.3;218.485;21847.8;2730.67;55.3871;1.81742
14.9402;21629.3;218.485;21847.8;2730.67;50.2657;1.81742
14.9502;21629.3;218.485;21847.8;2730.67;47.3755;1.81742
14.9602;21629.3;218.485;21847.8;2730.67;52.0459;1.81742
14.9702;21629.3;218.485;21847.8;2730.67;55.9852;1.81742
14.9802;21629.3;218.485;21847.8;2730.67;53.7267;1.81742
14.9902;21629.3;218.485;21847.8;2730.67;53.6936;1.81742
