0;0;0;0;2389.33;1.9536;2.06723
0.01;0;0;0;2389.33;3.0221;2.06723
0.02;0;0;0;2389.33;4.7347;2.06723
0.03;0;0;0;2389.33;4.2664;2.06723
0.04;0;0;0;2389.33;3.1324;2.06723
0.05;0;0;0;2389.33;4.4064;2.06723
0.06;0;0;0;2389.33;18.1215;2.06723
0.07;0;0;0;2389.33;16.3462;2.06723
0.08;0;0;0;2389.33;14.1879;2.06723
0.09;0;0;0;2389.33;18.2886;2.06723
0.1;0;0;0;2389.33;16.1326;2.06723
0.11;0;0;0;2389.33;16.3746;2.06723
0.12;0;0;0;2389.33;17.1718;2.06723
0.13;0;0;0;2389.33;18.4326;2.06723
0.14;0;0;0;2389.33;23.6877;2.06723
0.15;0;0;0;2389.33;23.9938;2.06723
0.16;0;0;0;2389.33;23.5002;2.06723
0.17;0;0;0;2389.33;24.7478;2.06723
0.18;0;0;0;2389.33;25.4654;2.06723
0.19;0;0;0;2389.33;24.8183;2.06723
0.2;0;0;0;2389.33;24.8878;2.06723
0.21;0;0;0;2389.33;25.3457;2.06723
0.22;0;0;0;2389.33;28.9001;2.06723
0.23;0;0;0;2389.33;31.2247;2.06723
0.24;0;0;0;2389.33;33.3992;2.06723
0.25;0;0;0;2389.33;31.5291;2.06723
0.26;0;0;0;2389.33;29.9911;2.06723
0.27;0;0;0;2389.33;28.6818;2.06723
0.28;0;0;0;2389.33;30.9274;2.06723
0.29;0;0;0;2389.33;30.2782;2.06723
0.3;0;0;0;2389.33;36.6952;2.06723
0.31;0;0;0;2389.33;38.2612;2.06723
0.32;0;0;0;2389.33;36.3925;2.06723
0.33;0;0;0;2389.33;34.9169;2.06723
0.34;0;0;0;2389.33;34.2435;2.06723
0.35;0;0;0;2389.33;34.7869;2.06723
0.36;0;0;0;2389.33;37.0519;2.06723
0.37;0;0;0;2389.33;36.3109;2.06723
0.38;0;0;0;2389.33;35.9171;2.06723
0.39;0;0;0;2389.33;36.1405;2.06723
0.4;0;0;0;2389.33;40.4345;2.06723
0.41;0;0;0;2389.33;41.1665;2.06723
0.42;0;0;0;2389.33;39.8523;2.06723
0.43;0;0;0;2389.33;38.3092;2.06723
0.44;0;0;0;2389.33;38.1782;2.06723
0.45;0;0;0;2389.33;41.5536;2.06723
0.46;0;0;0;2389.33;46.5728;2.06723
0.47;0;0;0;2389.33;45.7191;2.06723
0.48;0;0;0;2389.33;43.4131;2.06723
0.49;0;0;0;2389.33;41.7664;2.06723
0.5;0;0;0;2389.33;39.5225;2.06723
0.51;0;0;0;2389.33;40.5885;2.06723
0.52;0;0;0;2389.33;43.6137;2.06723
0.53;0;0;0;2389.33;41.4622;2.06723
0.54;0;0;0;2389.33;41.1597;2.06723
0.55;0;0;0;2389.33;38.6848;2.06723
0.56;0;0;0;2389.33;43.0004;2.06723
0.57;0;0;0;2389.33;47.9354;2.06723
0.58;0;0;0;2389.33;45.6799;2.06723
0.59;0;0;0;2389.33;43.528;2.06723
0.6;0;0;0;2389.33;42.5745;2.06723
0.61;0;0;0;2389.33;44.2123;2.06723
0.62;0;0;0;2389.33;47.8839;2.06723
0.63;0;0;0;2389.33;47.4865;2.06723
0.64;0;0;0;2389.33;46.1268;2.06723
0.65;0;0;0;2389.33;46.2581;2.06723
0.66;0;0;0;2389.33;45.5319;2.06723
0.67;0;0;0;2389.33;44.1517;2.06723
0.68;0;0;0;2389.33;47.7881;2.06723
0.69;0;0;0;2389.33;45.7658;2.06723
0.7;0;0;0;2389.33;43.3438;2.06723
0.71;0;0;0;2389.33;44.4336;2.06723
0.72;0;0;0;2389.33;45.2567;2.06723
0.73;0;0;0;2389.33;43.1452;2.06723
0.74;0;0;0;2389.33;49.1771;2.06723
0.75;0;0;0;2389.33;47.6137;2.06723
0.76;0;0;0;2389.33;45.6269;2.06723
0.77;0;0;0;2389.33;44.1127;2.06723
0.78;0;0;0;2389.33;43.8598;2.06723
0.79;0;0;0;2389.33;41.9539;2.06723
0.8;0;0;0;2389.33;41.7239;2.06723
0.81;0;0;0;2389.33;43.8474;2.06723
0.82;0;0;0;2389.33;42.4636;2.06723
0.83;0;0;0;2389.33;40.9272;2.06723
0.839999;0;0;0;2389.33;40.2763;2.06723
0.849999;0;0;0;2389.33;41.4863;2.06723
0.859999;0;0;0;2389.33;42.4235;2.06723
0.869999;0;0;0;2389.33;41.4574;2.06723
0.879999;0;0;0;2389.33;43.1395;2.06723
0.889999;0;0;0;2389.33;43.3256;2.06723
0.899999;0;0;0;2389.33;42.7869;2.06723
0.909999;0;0;0;2389.33;42.2726;2.06723
0.919999;0;0;0;2389.33;40.4722;2.06723
0.929999;0;0;0;2389.33;39.5302;2.06723
0.939999;0;0;0;2389.33;38.2408;2.06723
0.949999;0;0;0;2389.33;40.0397;2.06723
0.959999;0;0;0;2389.33;42.3764;2.06723
0.969999;0;0;0;2389.33;44.1911;2.06723
0.979999;0;0;0;2389.33;43.542;2.06723
0.989999;0;0;0;2389.33;43.4174;2.06723
0.999999;0;0;0;2389.33;44.5182;2.06723
1.01;0;0;0;2389.33;44.6355;2.06723
1.02;0;0;0;2389.33;43.1759;2.06723
1.03;0;0;0;2389.33;45.0963;2.06723
1.04;0;0;0;2389.33;45.0096;2.06723
1.05;0;0;0;2389.33;46.5294;2.06723
1.06;0;0;0;2389.33;45.7617;2.06723
1.07;0;0;0;2389.33;43.3786;2.06723
1.08;0;0;0;2389.33;43.7122;2.06723
1.09;0;0;0;2389.33;44.5833;2.06723
1.1;0;0;0;2389.33;46.1276;2.06723
1.11;0;0;0;2389.33;46.2905;2.06723
1.12;0;0;0;2389.33;47.3394;2.06723
1.13;0;0;0;2389.33;48.2337;2.06723
1.14;0;0;0;2389.33;48.7574;2.06723
1.15;0;0;0;2389.33;52.0739;2.06723
1.16;0;0;0;2389.33;50.3704;2.06723
1.17;0;0;0;2389.33;47.8328;2.06723
1.18;0;0;0;2389.33;46.0648;2.06723
1.19;0;0;0;2389.33;47.7534;2.06723
1.2;0;0;0;2389.33;49.2961;2.06723
1.21;0;0;0;2389.33;51.0385;2.06723
1.22;0;0;0;2389.33;49.3179;2.06723
1.23;0;0;0;2389.33;47.0711;2.06723
1.24;0;0;0;2389.33;46.9321;2.06723
1.25;0;0;0;2389.33;44.8527;2.06723
1.26;0;0;0;2389.33;48.1474;2.06723
1.27;0;0;0;2389.33;50.5544;2.06723
1.28;0;0;0;2389.33;54.3792;2.06723
1.29;0;0;0;2389.33;51.5181;2.06723
1.3;0;0;0;2389.33;48.8577;2.06723
1.31;0;0;0;2389.33;46.8827;2.06723
1.32;0;0;0;2389.33;45.5391;2.06723
1.33;0;0;0;2389.33;44.2951;2.06723
1.34;0;0;0;2389.33;44.9558;2.06723
1.35;0;0;0;2389.33;44.9696;2.06723
1.36;0;0;0;2389.33;44.9633;2.06723
1.37;0;0;0;2389.33;43.6386;2.06723
1.38;0;0;0;2389.33;44.6693;2.06723
1.39;0;0;0;2389.33;43.044;2.06723
1.4;0;0;0;2389.33;44.5223;2.06723
1.41;0;0;0;2389.33;43.6258;2.06723
1.42;0;0;0;2389.33;48.3746;2.06723
1.43;0;0;0;2389.33;51.037;2.06723
1.44;0;0;0;2389.33;53.7789;2.06723
1.45;0;0;0;2389.33;52.236;2.06723
1.46;0;0;0;2389.33;49.5923;2.06723
1.47;0;0;0;2389.33;48.4862;2.06723
1.48;0;0;0;2389.33;47.8418;2.06723
1.49;0;0;0;2389.33;46.3425;2.06723
1.5;0;0;0;2389.33;47.0312;2.06723
1.51;0;0;0;2389.33;46.013;2.06723
1.52;0;0;0;2389.33;45.9773;2.06723
1.53;0;0;0;2389.33;47.3354;2.06723
1.54;0;0;0;2389.33;47.9647;2.06723
1.55;0;0;0;2389.33;45.7613;2.06723
1.56;0;0;0;2389.33;45.0257;2.06723
1.57;0;0;0;2389.33;42.6938;2.06723
1.58;0;0;0;2389.33;41.8988;2.06723
1.59;0;0;0;2389.33;41.5044;2.06723
1.6;0;0;0;2389.33;43.1537;2.06723
1.61;0;0;0;2389.33;45.8922;2.06723
1.62;0;0;0;2389.33;45.5959;2.06723
1.63;0;0;0;2389.33;47.6685;2.06723
1.64;0;0;0;2389.33;52.1697;2.06723
1.65;0;0;0;2389.33;56.6328;2.06723
1.66;0;0;0;2389.33;55.7431;2.06723
1.67;0;0;0;2389.33;54.6004;2.06723
1.68;0;0;0;2389.33;51.5251;2.06723
1.69;0;0;0;2389.33;49.2067;2.06723
1.7;0;0;0;2389.33;47.5799;2.06723
1.71;0;0;0;2389.33;47.0736;2.06723
1.72;0;0;0;2389.33;45.3043;2.06723
1.73;0;0;0;2389.33;47.3406;2.06723
1.74;0;0;0;2389.33;47.9368;2.06723
1.75;0;0;0;2389.33;48.1076;2.06723
1.76;0;0;0;2389.33;47.9052;2.06723
1.77;0;0;0;2389.33;50.3388;2.06723
1.78;0;0;0;2389.33;48.7758;2.06723
1.79;0;0;0;2389.33;46.8553;2.06723
1.8;0;0;0;2389.33;48.826;2.06723
1.81;0;0;0;2389.33;46.541;2.06723
1.82;0;0;0;2389.33;48.0469;2.06723
1.83;0;0;0;2389.33;47.2003;2.06723
1.84;0;0;0;2389.33;45.0453;2.06723
1.85;0;0;0;2389.33;43.982;2.06723
1.86;0;0;0;2389.33;44.9518;2.06723
1.87;0;0;0;2389.33;43.7649;2.06723
1.88;0;0;0;2389.33;43.0649;2.06723
1.89;0;0;0;2389.33;43.8989;2.06723
1.9;0;0;0;2389.33;46.5051;2.06723
1.91;0;0;0;2389.33;47.7541;2.06723
1.92;0;0;0;2389.33;51.404;2.06723
1.93;0;0;0;2389.33;54.6316;2.06723
1.94;0;0;0;2389.33;57.3289;2.06723
1.95;0;0;0;2389.33;55.8646;2.06723
1.96;0;0;0;2389.33;57.3256;2.06723
1.97;0;0;0;2389.33;56.2844;2.06723
1.98;0;0;0;2389.33;55.0702;2.06723
1.99;0;0;0;2389.33;54.6984;2.06723
2;0;0;0;2389.33;52.5551;2.06723
2.01;0;0;0;2389.33;50.6599;2.06723
2.02;0;0;0;2389.33;48.4558;2.06723
2.03;0;0;0;2389.33;46.9105;2.06723
2.04;0;0;0;2389.33;45.2506;2.06723
2.05;0;0;0;2389.33;45.2898;2.06723
2.06;0;0;0;2389.33;44.1292;2.06723
2.07;0;0;0;2389.33;43.3825;2.06723
2.08;0;0;0;2389.33;43.6241;2.06723
2.09;0;0;0;2389.33;45.9864;2.06723
2.1;0;0;0;2389.33;47.8441;2.06723
2.11;0;0;0;2389.33;47.706;2.06723
2.12;0;0;0;2389.33;49.5784;2.06723
2.13;0;0;0;2389.33;50.4993;2.06723
2.14;0;0;0;2389.33;50.561;2.06723
2.15;0;0;0;2389.33;51.6404;2.06723
2.16;0;0;0;2389.33;51.302;2.06723
2.17;0;0;0;2389.33;50.8072;2.06723
2.18;0;0;0;2389.33;49.8815;2.06723
2.19;0;0;0;2389.33;50.2966;2.06723
2.2;0;0;0;2389.33;47.8111;2.06723
2.21;0;0;0;2389.33;47.4654;2.06723
2.22;0;0;0;2389.33;47.3489;2.06723
2.23;0;0;0;2389.33;47.9867;2.06723
2.24;0;0;0;2389.33;46.9527;2.06723
2.25;0;0;0;2389.33;45.1238;2.06723
2.26;0;0;0;2389.33;48.4783;2.06723
2.27;0;0;0;2389.33;48.0449;2.06723
2.28;0;0;0;2389.33;48.6726;2.06723
2.29;0;0;0;2389.33;49.5163;2.06723
2.3;0;0;0;2389.33;49.391;2.06723
2.31;0;0;0;2389.33;50.7074;2.06723
2.32;0;0;0;2389.33;50.7303;2.06723
2.33;0;0;0;2389.33;53.1837;2.06723
2.34;0;0;0;2389.33;53.576;2.06723
2.35;0;0;0;2389.33;53.2123;2.06723
2.36;0;0;0;2389.33;54.4608;2.06723
2.37;0;0;0;2389.33;54.2618;2.06723
2.38;0;0;0;2389.33;54.5612;2.06723
2.39;0;0;0;2389.33;54.994;2.06723
2.4;0;0;0;2389.33;54.4438;2.06723
2.41;0;0;0;2389.33;55.8304;2.06723
2.42;0;0;0;2389.33;55.0313;2.06723
2.43;0;0;0;2389.33;54.3048;2.06723
2.44;0;0;0;2389.33;53.6127;2.06723
2.45;0;0;0;2389.33;53.7532;2.06723
2.46;0;0;0;2389.33;56.6139;2.06723
2.47;0;0;0;2389.33;54.6517;2.06723
2.48;0;0;0;2389.33;53.776;2.06723
2.49;0;0;0;2389.33;55.4082;2.06723
2.5;0;0;0;2389.33;53.8026;2.06723
2.51;0;0;0;2389.33;52.6775;2.06723
2.52;0;0;0;2389.33;52.2223;2.06723
2.53;0;0;0;2389.33;51.7109;2.06723
2.54;0;0;0;2389.33;48.9668;2.06723
2.55;0;0;0;2389.33;48.4987;2.06723
2.56;0;0;0;2389.33;46.9057;2.06723
2.57;0;0;0;2389.33;46.1786;2.06723
2.58;0;0;0;2389.33;45.6124;2.06723
2.59;0;0;0;2389.33;44.2117;2.06723
2.6;0;0;0;2389.33;44.702;2.06723
2.61;0;0;0;2389.33;43.9941;2.06723
2.62;0;0;0;2389.33;43.0231;2.06723
2.63;0;0;0;2389.33;43.7777;2.06723
2.64;0;0;0;2389.33;44.3827;2.06723
2.65;0;0;0;2389.33;43.7968;2.06723
2.66;0;0;0;2389.33;44.0761;2.06723
2.67;0;0;0;2389.33;45.0516;2.06723
2.68;0;0;0;2389.33;45.125;2.06723
2.69;0;0;0;2389.33;44.5879;2.06723
2.7;0;0;0;2389.33;43.3522;2.06723
2.71;0;0;0;2389.33;42.9549;2.06723
2.72;0;0;0;2389.33;42.7754;2.06723
2.73;0;0;0;2389.33;42.4789;2.06723
2.74;0;0;0;2389.33;42.5245;2.06723
2.75;0;0;0;2389.33;43.6597;2.06723
2.76;0;0;0;2389.33;44.0057;2.06723
2.77;0;0;0;2389.33;45.3371;2.06723
2.78;0;0;0;2389.33;47.4079;2.06723
2.79;0;0;0;2389.33;46.292;2.06723
2.8;0;0;0;2389.33;47.9185;2.06723
2.81;0;0;0;2389.33;48.8174;2.06723
2.82;0;0;0;2389.33;50.0551;2.06723
2.83;0;0;0;2389.33;51.7643;2.06723
2.84;0;0;0;2389.33;52.3578;2.06723
2.85;0;0;0;2389.33;53.4826;2.06723
2.86;0;0;0;2389.33;53.8738;2.06723
2.87;0;0;0;2389.33;54.2724;2.06723
2.88;0;0;0;2389.33;51.1582;2.06723
2.89;0;0;0;2389.33;50.8907;2.06723
2.9;0;0;0;2389.33;52.3739;2.06723
2.91;0;0;0;2389.33;49.434;2.06723
2.92;0;0;0;2389.33;49.8545;2.06723
2.93;0;0;0;2389.33;51.3116;2.06723
2.94;0;0;0;2389.33;48.7045;2.06723
2.95;0;0;0;2389.33;46.8922;2.06723
2.96;0;0;0;2389.33;45.4317;2.06723
2.97;0;0;0;2389.33;44.3182;2.06723
2.98;0;0;0;2389.33;43.5295;2.06723
2.99;0;0;0;2389.33;42.3659;2.06723
3;0;0;0;2389.33;45.153;2.06723
3.01;0;0;0;2389.33;43.1303;2.06723
3.02;0;0;0;2389.33;42.2118;2.06723
3.03;0;0;0;2389.33;42.5243;2.06723
3.04;0;0;0;2389.33;41.5875;2.06723
3.05;0;0;0;2389.33;40.4424;2.06723
3.06;0;0;0;2389.33;40.6605;2.06723
3.07;0;0;0;2389.33;40.584;2.06723
3.08;0;0;0;2389.33;39.6374;2.06723
3.09;0;0;0;2389.33;39.3119;2.06723
3.1;0;0;0;2389.33;38.8607;2.06723
3.11;0;0;0;2389.33;38.9616;2.06723
3.12;0;0;0;2389.33;42.1067;2.06723
3.13;0;0;0;2389.33;41.3684;2.06723
3.14;0;0;0;2389.33;40.7355;2.06723
3.15;0;0;0;2389.33;44.0617;2.06723
3.16;0;0;0;2389.33;42.0859;2.06723
3.17;0;0;0;2389.33;41.0901;2.06723
3.18;0;0;0;2389.33;42.385;2.06723
3.19;0;0;0;2389.33;42.7919;2.06723
3.2;0;0;0;2389.33;43.6185;2.06723
3.21;0;0;0;2389.33;43.0642;2.06723
3.22;0;0;0;2389.33;43.1758;2.06723
3.23;0;0;0;2389.33;43.438;2.06723
3.24;0;0;0;2389.33;41.9348;2.06723
3.25;0;0;0;2389.33;43.078;2.06723
3.26;0;0;0;2389.33;44.1263;2.06723
3.27;0;0;0;2389.33;41.9266;2.06723
3.28;0;0;0;2389.33;43.9161;2.06723
3.29;0;0;0;2389.33;43.5848;2.06723
3.3;0;0;0;2389.33;42.5534;2.06723
3.31;0;0;0;2389.33;43.3926;2.06723
3.32;0;0;0;2389.33;42.3388;2.06723
3.33;0;0;0;2389.33;44.8845;2.06723
3.34;0;0;0;2389.33;43.633;2.06723
3.35;0;0;0;2389.33;47.7646;2.06723
3.36;0;0;0;2389.33;49.8092;2.06723
3.37;0;0;0;2389.33;50.313;2.06723
3.38;0;0;0;2389.33;52.6629;2.06723
3.39;0;0;0;2389.33;54.9567;2.06723
3.4;0;0;0;2389.33;54.6061;2.06723
3.41;0;0;0;2389.33;55.2305;2.06723
3.42;0;0;0;2389.33;59.1948;2.06723
3.43;0;0;0;2389.33;62.8869;2.06723
3.44;0;0;0;2389.33;62.1032;2.06723
3.45;0;0;0;2389.33;63.9512;2.06723
3.46;0;0;0;2389.33;63.6091;2.06723
3.47;0;0;0;2389.33;63.2824;2.06723
3.48;0;0;0;2389.33;64.4018;2.06723
3.49;0;0;0;2389.33;63.452;2.06723
3.5;0;0;0;2389.33;66.156;2.06723
3.51;0;0;0;2389.33;65.7829;2.06723
3.52;0;0;0;2389.33;64.4231;2.06723
3.53;0;0;0;2389.33;66.3841;2.06723
3.54;0;0;0;2389.33;63.9831;2.06723
3.55;0;0;0;2389.33;64.7341;2.06723
3.56;0;0;0;2389.33;67.2168;2.06723
3.57;0;0;0;2389.33;65.1611;2.06723
3.58;0;0;0;2389.33;64.8616;2.06723
3.59;0;0;0;2389.33;66.199;2.06723
3.6;0;0;0;2389.33;64.8261;2.06723
3.61;0;0;0;2389.33;64.541;2.06723
3.62;0;0;0;2389.33;63.5602;2.06723
3.63;0;0;0;2389.33;65.4862;2.06723
3.64;0;0;0;2389.33;67.6733;2.06723
3.65;0;0;0;2389.33;64.9639;2.06723
3.66;0;0;0;2389.33;63.5995;2.06723
3.67;0;0;0;2389.33;60.2419;2.06723
3.68;0;0;0;2389.33;57.4372;2.06723
3.69;0;0;0;2389.33;58.1364;2.06723
3.7;0;0;0;2389.33;56.8918;2.06723
3.71;0;0;0;2389.33;54.9067;2.06723
3.72;0;0;0;2389.33;56.9954;2.06723
3.73;0;0;0;2389.33;56.1415;2.06723
3.74;0;0;0;2389.33;54.7549;2.06723
3.75;0;0;0;2389.33;53.0015;2.06723
3.76;0;0;0;2389.33;53.1695;2.06723
3.77;0;0;0;2389.33;52.7051;2.06723
3.78;0;0;0;2389.33;51.7801;2.06723
3.79;0;0;0;2389.33;54.7107;2.06723
3.8;0;0;0;2389.33;53.8355;2.06723
3.81;0;0;0;2389.33;52.6731;2.06723
3.82;0;0;0;2389.33;50.4808;2.06723
3.83;0;0;0;2389.33;51.1146;2.06723
3.84;0;0;0;2389.33;50.9582;2.06723
3.85;0;0;0;2389.33;50.1247;2.06723
3.86;0;0;0;2389.33;50.7658;2.06723
3.87;0;0;0;2389.33;51.5553;2.06723
3.88;0;0;0;2389.33;49.1575;2.06723
3.89;0;0;0;2389.33;48.0538;2.06723
3.9;0;0;0;2389.33;46.1132;2.06723
3.91;0;0;0;2389.33;45.1975;2.06723
3.92;0;0;0;2389.33;44.2423;2.06723
3.93;0;0;0;2389.33;43.1084;2.06723
3.94;0;0;0;2389.33;42.7185;2.06723
3.95;0;0;0;2389.33;41.9033;2.06723
3.96;0;0;0;2389.33;42.1589;2.06723
3.97;0;0;0;2389.33;41.9428;2.06723
3.98;0;0;0;2389.33;41.1097;2.06723
3.99;0;0;0;2389.33;40.8501;2.06723
4;0;0;0;2389.33;40.9905;2.06723
4.01;0;0;0;2389.33;40.5398;2.06723
4.02;0;0;0;2389.33;40.3197;2.06723
4.03;0;0;0;2389.33;40.3383;2.06723
4.04;0;0;0;2389.33;40.669;2.06723
4.05;0;0;0;2389.33;41.9418;2.06723
4.06;0;0;0;2389.33;41.2154;2.06723
4.07;0;0;0;2389.33;41.609;2.06723
4.08;0;0;0;2389.33;42.3382;2.06723
4.09;0;0;0;2389.33;41.9539;2.06723
4.1;0;0;0;2389.33;41.9154;2.06723
4.11;0;0;0;2389.33;41.2325;2.06723
4.12;0;0;0;2389.33;41.5902;2.06723
4.13;0;0;0;2389.33;41.4658;2.06723
4.14;0;0;0;2389.33;40.9548;2.06723
4.15;0;0;0;2389.33;40.5711;2.06723
4.16;0;0;0;2389.33;40.1353;2.06723
4.17;0;0;0;2389.33;41.1657;2.06723
4.18;0;0;0;2389.33;40.84;2.06723
4.19;0;0;0;2389.33;41.7075;2.06723
4.2;0;0;0;2389.33;41.5187;2.06723
4.21;0;0;0;2389.33;40.9477;2.06723
4.22;0;0;0;2389.33;44.8286;2.06723
4.23;0;0;0;2389.33;43.8735;2.06723
4.24;0;0;0;2389.33;42.9952;2.06723
4.25;0;0;0;2389.33;44.2942;2.06723
4.26;0;0;0;2389.33;44.2452;2.06723
4.27;0;0;0;2389.33;42.8815;2.06723
4.28;0;0;0;2389.33;43.3756;2.06723
4.29;0;0;0;2389.33;46.05;2.06723
4.3;0;0;0;2389.33;46.9456;2.06723
4.31;0;0;0;2389.33;45.2313;2.06723
4.32;0;0;0;2389.33;48.3632;2.06723
4.33;0;0;0;2389.33;47.3495;2.06723
4.34;0;0;0;2389.33;45.9466;2.06723
4.35;0;0;0;2389.33;48.9463;2.06723
4.36;0;0;0;2389.33;50.401;2.06723
4.37001;0;0;0;2389.33;51.0962;2.06723
4.38001;0;0;0;2389.33;50.2459;2.06723
4.39001;0;0;0;2389.33;52.4827;2.06723
4.40001;0;0;0;2389.33;54.0927;2.06723
4.41001;0;0;0;2389.33;51.3612;2.06723
4.42001;0;0;0;2389.33;52.4857;2.06723
4.43001;0;0;0;2389.33;53.8354;2.06723
4.44001;0;0;0;2389.33;53.0816;2.06723
4.45001;0;0;0;2389.33;51.272;2.06723
4.46001;0;0;0;2389.33;49.8156;2.06723
4.47001;0;0;0;2389.33;51.8779;2.06723
4.48001;0;0;0;2389.33;53.6847;2.06723
4.49001;0;0;0;2389.33;53.4991;2.06723
4.50001;0;0;0;2389.33;53.1432;2.06723
4.51001;0;0;0;2389.33;55.1053;2.06723
4.52001;0;0;0;2389.33;55.7971;2.06723
4.53001;0;0;0;2389.33;52.5288;2.06723
4.54001;0;0;0;2389.33;53.2385;2.06723
4.55001;0;0;0;2389.33;54.4915;2.06723
4.56001;0;0;0;2389.33;51.4915;2.06723
4.57001;0;0;0;2389.33;52.813;2.06723
4.58001;0;0;0;2389.33;53.6877;2.06723
4.59001;0;0;0;2389.33;51.4628;2.06723
4.60001;0;0;0;2389.33;51.5531;2.06723
4.61001;0;0;0;2389.33;50.8502;2.06723
4.62001;0;0;0;2389.33;51.7572;2.06723
4.63001;0;0;0;2389.33;50.2403;2.06723
4.64001;0;0;0;2389.33;52.0573;2.06723
4.65001;0;0;0;2389.33;51.4446;2.06723
4.66001;0;0;0;2389.33;50.0589;2.06723
4.67001;0;0;0;2389.33;48.628;2.06723
4.68001;0;0;0;2389.33;51.1368;2.06723
4.69001;0;0;0;2389.33;50.2387;2.06723
4.70001;0;0;0;2389.33;51.3532;2.06723
4.71001;0;0;0;2389.33;52.1774;2.06723
4.72001;0;0;0;2389.33;52.8866;2.06723
4.73001;0;0;0;2389.33;54.6677;2.06723
4.74001;0;0;0;2389.33;52.1497;2.06723
4.75001;0;0;0;2389.33;53.165;2.06723
4.76001;0;0;0;2389.33;50.6264;2.06723
4.77001;0;0;0;2389.33;47.7941;2.06723
4.78001;0;0;0;2389.33;48.9673;2.06723
4.79001;0;0;0;2389.33;49.9522;2.06723
4.80001;0;0;0;2389.33;47.2847;2.06723
4.81002;0;0;0;2389.33;49.0875;2.06723
4.82002;0;0;0;2389.33;46.769;2.06723
4.83002;0;0;0;2389.33;46.924;2.06723
4.84002;0;0;0;2389.33;44.9532;2.06723
4.85002;0;0;0;2389.33;44.6621;2.06723
4.86002;0;0;0;2389.33;45.7867;2.06723
4.87002;0;0;0;2389.33;44.0607;2.06723
4.88002;0;0;0;2389.33;44.3294;2.06723
4.89002;0;0;0;2389.33;45.3372;2.06723
4.90002;0;0;0;2389.33;43.6166;2.06723
4.91002;0;0;0;2389.33;43.9876;2.06723
4.92002;0;0;0;2389.33;43.5531;2.06723
4.93002;0;0;0;2389.33;42.3171;2.06723
4.94002;0;0;0;2389.33;42.9534;2.06723
4.95002;0;0;0;2389.33;42.74;2.06723
4.96002;0;0;0;2389.33;42.992;2.06723
4.97002;0;0;0;2389.33;42.5859;2.06723
4.98002;0;0;0;2389.33;41.4907;2.06723
4.99002;0;0;0;2389.33;41.2052;2.06723
5.00002;0;0;0;2389.33;41.3837;2.06723
5.01002;0;0;0;2389.33;42.2212;2.06723
5.02002;0;0;0;2389.33;42.0159;2.06723
5.03002;0;0;0;2389.33;41.974;2.06723
5.04002;0;0;0;2389.33;41.7826;2.06723
5.05002;0;0;0;2389.33;40.71;2.06723
5.06002;0;0;0;2389.33;40.6742;2.06723
5.07002;0;0;0;2389.33;40.3995;2.06723
5.08002;0;0;0;2389.33;42.4687;2.06723
5.09002;0;0;0;2389.33;41.6188;2.06723
5.10002;0;0;0;2389.33;40.981;2.06723
5.11002;0;0;0;2389.33;45.0564;2.06723
5.12002;0;0;0;2389.33;44.073;2.06723
5.13002;0;0;0;2389.33;43.7491;2.06723
5.14002;0;0;0;2389.33;45.578;2.06723
5.15002;0;0;0;2389.33;44.9987;2.06723
5.16002;0;0;0;2389.33;49.8391;2.06723
5.17002;0;0;0;2389.33;49.8638;2.06723
5.18002;0;0;0;2389.33;48.8246;2.06723
5.19002;0;0;0;2389.33;48.7353;2.06723
5.20002;0;0;0;2389.33;47.1578;2.06723
5.21002;0;0;0;2389.33;47.8701;2.06723
5.22002;0;0;0;2389.33;49.7035;2.06723
5.23002;0;0;0;2389.33;48.6088;2.06723
5.24003;0;0;0;2389.33;48.0217;2.06723
5.25003;0;0;0;2389.33;47.2822;2.06723
5.26003;0;0;0;2389.33;45.3708;2.06723
5.27003;0;0;0;2389.33;47.5159;2.06723
5.28003;0;0;0;2389.33;46.6296;2.06723
5.29003;0;0;0;2389.33;51.3113;2.06723
5.30003;0;0;0;2389.33;55.2974;2.06723
5.31003;0;0;0;2389.33;57.6451;2.06723
5.32003;0;0;0;2389.33;58.4119;2.06723
5.33003;0;0;0;2389.33;60.655;2.06723
5.34003;0;0;0;2389.33;62.731;2.06723
5.35003;0;0;0;2389.33;62.0226;2.06723
5.36003;0;0;0;2389.33;61.6433;2.06723
5.37003;0;0;0;2389.33;63.011;2.06723
5.38003;0;0;0;2389.33;63.4444;2.06723
5.39003;0;0;0;2389.33;64.6542;2.06723
5.40003;0;0;0;2389.33;62.011;2.06723
5.41003;0;0;0;2389.33;63.8637;2.06723
5.42003;0;0;0;2389.33;63.9351;2.06723
5.43003;0;0;0;2389.33;60.879;2.06723
5.44003;0;0;0;2389.33;62.6242;2.06723
5.45003;0;0;0;2389.33;61.1331;2.06723
5.46003;0;0;0;2389.33;60.4918;2.06723
5.47003;0;0;0;2389.33;60.607;2.06723
5.48003;0;0;0;2389.33;59.2976;2.06723
5.49003;0;0;0;2389.33;61.3604;2.06723
5.50003;0;0;0;2389.33;59.0227;2.06723
5.51003;0;0;0;2389.33;58.0815;2.06723
5.52003;0;0;0;2389.33;59.913;2.06723
5.53003;0;0;0;2389.33;57.1772;2.06723
5.54003;0;0;0;2389.33;56.3876;2.06723
5.55003;0;0;0;2389.33;55.2023;2.06723
5.56003;0;0;0;2389.33;53.377;2.06723
5.57003;0;0;0;2389.33;51.2638;2.06723
5.58003;0;0;0;2389.33;50.024;2.06723
5.59003;0;0;0;2389.33;49.8451;2.06723
5.60003;0;0;0;2389.33;48.7133;2.06723
5.61003;0;0;0;2389.33;48.3679;2.06723
5.62003;0;0;0;2389.33;48.3439;2.06723
5.63003;0;0;0;2389.33;47.1694;2.06723
5.64003;0;0;0;2389.33;46.6073;2.06723
5.65003;0;0;0;2389.33;46.4406;2.06723
5.66003;0;0;0;2389.33;46.0627;2.06723
5.67003;0;0;0;2389.33;45.708;2.06723
5.68004;0;0;0;2389.33;45.6267;2.06723
5.69004;0;0;0;2389.33;45.7374;2.06723
5.70004;0;0;0;2389.33;44.8621;2.06723
5.71004;0;0;0;2389.33;43.8781;2.06723
5.72004;0;0;0;2389.33;44.0798;2.06723
5.73004;0;0;0;2389.33;43.4901;2.06723
5.74004;0;0;0;2389.33;43.7838;2.06723
5.75004;0;0;0;2389.33;44.0402;2.06723
5.76004;0;0;0;2389.33;43.4352;2.06723
5.77004;0;0;0;2389.33;43.4679;2.06723
5.78004;0;0;0;2389.33;42.5318;2.06723
5.79004;0;0;0;2389.33;42.1541;2.06723
5.80004;0;0;0;2389.33;42.0974;2.06723
5.81004;0;0;0;2389.33;41.562;2.06723
5.82004;0;0;0;2389.33;42.2576;2.06723
5.83004;0;0;0;2389.33;41.9952;2.06723
5.84004;0;0;0;2389.33;42.8084;2.06723
5.85004;0;0;0;2389.33;42.7259;2.06723
5.86004;0;0;0;2389.33;42.3299;2.06723
5.87004;0;0;0;2389.33;45.2344;2.06723
5.88004;0;0;0;2389.33;45.3498;2.06723
5.89004;0;0;0;2389.33;45.7403;2.06723
5.90004;0;0;0;2389.33;46.6644;2.06723
5.91004;0;0;0;2389.33;47.8554;2.06723
5.92004;0;0;0;2389.33;47.1825;2.06723
5.93004;0;0;0;2389.33;46.772;2.06723
5.94004;0;0;0;2389.33;49.0456;2.06723
5.95004;0;0;0;2389.33;50.525;2.06723
5.96004;0;0;0;2389.33;49.8082;2.06723
5.97004;0;0;0;2389.33;48.9894;2.06723
5.98004;0;0;0;2389.33;49.2219;2.06723
5.99004;0;0;0;2389.33;50.3887;2.06723
6.00004;0;0;0;2389.33;49.9143;2.06723
6.01004;0;0;0;2389.33;50.5729;2.06723
6.02004;0;0;0;2389.33;51.5573;2.06723
6.03004;0;0;0;2389.33;52.4937;2.06723
6.04004;0;0;0;2389.33;52.411;2.06723
6.05004;0;0;0;2389.33;51.2906;2.06723
6.06004;0;0;0;2389.33;51.015;2.06723
6.07004;0;0;0;2389.33;49.1456;2.06723
6.08004;0;0;0;2389.33;47.7862;2.06723
6.09004;0;0;0;2389.33;49.0006;2.06723
6.10004;0;0;0;2389.33;47.0845;2.06723
6.11004;0;0;0;2389.33;46.6036;2.06723
6.12005;0;0;0;2389.33;45.1419;2.06723
6.13005;0;0;0;2389.33;43.6058;2.06723
6.14005;0;0;0;2389.33;43.3702;2.06723
6.15005;0;0;0;2389.33;42.8906;2.06723
6.16005;0;0;0;2389.33;42.7802;2.06723
6.17005;0;0;0;2389.33;42.8458;2.06723
6.18005;0;0;0;2389.33;46.8011;2.06723
6.19005;0;0;0;2389.33;47.3324;2.06723
6.20005;0;0;0;2389.33;45.6441;2.06723
6.21005;0;0;0;2389.33;49.5772;2.06723
6.22005;0;0;0;2389.33;49.326;2.06723
6.23005;0;0;0;2389.33;48.447;2.06723
6.24005;0;0;0;2389.33;50.0555;2.06723
6.25005;0;0;0;2389.33;53.4101;2.06723
6.26005;0;0;0;2389.33;54.2605;2.06723
6.27005;0;0;0;2389.33;54.5433;2.06723
6.28005;0;0;0;2389.33;56.2216;2.06723
6.29005;0;0;0;2389.33;56.7832;2.06723
6.30005;0;0;0;2389.33;56.681;2.06723
6.31005;0;0;0;2389.33;56.4689;2.06723
6.32005;0;0;0;2389.33;54.4429;2.06723
6.33005;0;0;0;2389.33;56.8802;2.06723
6.34005;0;0;0;2389.33;54.6214;2.06723
6.35005;0;0;0;2389.33;53.2042;2.06723
6.36005;0;0;0;2389.33;54.1444;2.06723
6.37005;0;0;0;2389.33;52.7969;2.06723
6.38005;0;0;0;2389.33;51.6749;2.06723
6.39005;0;0;0;2389.33;50.024;2.06723
6.40005;0;0;0;2389.33;49.2705;2.06723
6.41005;0;0;0;2389.33;47.0122;2.06723
6.42005;0;0;0;2389.33;46.6364;2.06723
6.43005;0;0;0;2389.33;45.6244;2.06723
6.44005;0;0;0;2389.33;44.5766;2.06723
6.45005;0;0;0;2389.33;43.9795;2.06723
6.46005;0;0;0;2389.33;42.8433;2.06723
6.47005;0;0;0;2389.33;42.6027;2.06723
6.48005;0;0;0;2389.33;42.4684;2.06723
6.49005;0;0;0;2389.33;44.902;2.06723
6.50005;0;0;0;2389.33;44.8591;2.06723
6.51005;0;0;0;2389.33;45.0344;2.06723
6.52005;0;0;0;2389.33;47.3278;2.06723
6.53005;0;0;0;2389.33;46.0245;2.06723
6.54005;0;0;0;2389.33;47.8507;2.06723
6.55006;0;0;0;2389.33;49.4516;2.06723
6.56006;0;0;0;2389.33;51.4657;2.06723
6.57006;0;0;0;2389.33;50.2692;2.06723
6.58006;0;0;0;2389.33;51.3625;2.06723
6.59006;0;0;0;2389.33;53.2471;2.06723
6.60006;0;0;0;2389.33;53.2405;2.06723
6.61006;0;0;0;2389.33;53.8207;2.06723
6.62006;0;0;0;2389.33;52.7329;2.06723
6.63006;0;0;0;2389.33;51.238;2.06723
6.64006;0;0;0;2389.33;53.5359;2.06723
6.65006;0;0;0;2389.33;50.3166;2.06723
6.66006;0;0;0;2389.33;47.3376;2.06723
6.67006;0;0;0;2389.33;45.5785;2.06723
6.68006;0;0;0;2389.33;44.5359;2.06723
6.69006;0;0;0;2389.33;42.8056;2.06723
6.70006;0;0;0;2389.33;41.8503;2.06723
6.71006;0;0;0;2389.33;41.1412;2.06723
6.72006;0;0;0;2389.33;39.8717;2.06723
6.73006;0;0;0;2389.33;41.183;2.06723
6.74006;0;0;0;2389.33;42.3723;2.06723
6.75006;0;0;0;2389.33;40.6425;2.06723
6.76006;0;0;0;2389.33;43.4309;2.06723
6.77006;0;0;0;2389.33;41.7938;2.06723
6.78006;0;0;0;2389.33;42.1313;2.06723
6.79006;0;0;0;2389.33;43.6986;2.06723
6.80006;0;0;0;2389.33;44.5546;2.06723
6.81006;0;0;0;2389.33;47.1355;2.06723
6.82006;0;0;0;2389.33;47.8341;2.06723
6.83006;0;0;0;2389.33;49.9097;2.06723
6.84006;0;0;0;2389.33;51.2648;2.06723
6.85006;0;0;0;2389.33;50.9538;2.06723
6.86006;0;0;0;2389.33;53.0717;2.06723
6.87006;0;0;0;2389.33;55.0173;2.06723
6.88006;0;0;0;2389.33;58.4565;2.06723
6.89006;0;0;0;2389.33;58.2012;2.06723
6.90006;0;0;0;2389.33;61.1783;2.06723
6.91006;0;0;0;2389.33;63.2965;2.06723
6.92006;0;0;0;2389.33;62.005;2.06723
6.93006;0;0;0;2389.33;64.7399;2.06723
6.94006;0;0;0;2389.33;63.0416;2.06723
6.95006;0;0;0;2389.33;60.7201;2.06723
6.96006;0;0;0;2389.33;57.5012;2.06723
6.97006;0;0;0;2389.33;55.3454;2.06723
6.98006;0;0;0;2389.33;52.3381;2.06723
6.99007;0;0;0;2389.33;50.4921;2.06723
7.00007;0;0;0;2389.33;48.915;2.06723
7.01007;0;0;0;2389.33;46.8265;2.06723
7.02007;0;0;0;2389.33;45.6154;2.06723
7.03007;0;0;0;2389.33;44.4601;2.06723
7.04007;0;0;0;2389.33;43.803;2.06723
7.05007;0;0;0;2389.33;43.2311;2.06723
7.06007;0;0;0;2389.33;42.6322;2.06723
7.07007;0;0;0;2389.33;42.0919;2.06723
7.08007;0;0;0;2389.33;41.923;2.06723
7.09007;0;0;0;2389.33;41.615;2.06723
7.10007;0;0;0;2389.33;43.1299;2.06723
7.11007;0;0;0;2389.33;44.3439;2.06723
7.12007;0;0;0;2389.33;47.3972;2.06723
7.13007;0;0;0;2389.33;47.0923;2.06723
7.14007;0;0;0;2389.33;49.308;2.06723
7.15007;0;0;0;2389.33;51.6469;2.06723
7.16007;0;0;0;2389.33;50.9516;2.06723
7.17007;0;0;0;2389.33;52.3038;2.06723
7.18007;0;0;0;2389.33;49.58;2.06723
7.19007;0;0;0;2389.33;51.1693;2.06723
7.20007;0;0;0;2389.33;48.2368;2.06723
7.21007;0;0;0;2389.33;46.5617;2.06723
7.22007;0;0;0;2389.33;44.7956;2.06723
7.23007;0;0;0;2389.33;43.3212;2.06723
7.24007;0;0;0;2389.33;42.4649;2.06723
7.25007;0;0;0;2389.33;44.3214;2.06723
7.26007;0;0;0;2389.33;43.4729;2.06723
7.27007;0;0;0;2389.33;42.611;2.06723
7.28007;0;0;0;2389.33;48.5504;2.06723
7.29007;0;0;0;2389.33;49.9903;2.06723
7.30007;0;0;0;2389.33;48.1826;2.06723
7.31007;0;0;0;2389.33;51.9682;2.06723
7.32007;0;0;0;2389.33;52.4325;2.06723
7.33007;0;0;0;2389.33;54.8529;2.06723
7.34007;0;0;0;2389.33;58.4448;2.06723
7.35007;0;0;0;2389.33;60.1773;2.06723
7.36007;0;0;0;2389.33;60.6811;2.06723
7.37007;0;0;0;2389.33;62.6015;2.06723
7.38007;0;0;0;2389.33;62.7798;2.06723
7.39007;0;0;0;2389.33;61.7451;2.06723
7.40007;0;0;0;2389.33;61.8382;2.06723
7.41007;0;0;0;2389.33;62.5438;2.06723
7.42007;0;0;0;2389.33;59.9696;2.06723
7.43008;0;0;0;2389.33;60.8998;2.06723
7.44008;0;0;0;2389.33;59.982;2.06723
7.45008;0;0;0;2389.33;57.8871;2.06723
7.46008;0;0;0;2389.33;57.4017;2.06723
7.47008;0;0;0;2389.33;55.4028;2.06723
7.48008;0;0;0;2389.33;56.7429;2.06723
7.49008;0;0;0;2389.33;54.2175;2.06723
7.50008;0;0;0;2389.33;53.1676;2.06723
7.51008;0;0;0;2389.33;51.1111;2.06723
7.52008;0;0;0;2389.33;49.6718;2.06723
7.53008;0;0;0;2389.33;47.8226;2.06723
7.54008;0;0;0;2389.33;46.4787;2.06723
7.55008;0;0;0;2389.33;45.8099;2.06723
7.56008;0;0;0;2389.33;44.3343;2.06723
7.57008;0;0;0;2389.33;43.8655;2.06723
7.58008;0;0;0;2389.33;43.7789;2.06723
7.59008;0;0;0;2389.33;46.3999;2.06723
7.60008;0;0;0;2389.33;46.0677;2.06723
7.61008;0;0;0;2389.33;44.8205;2.06723
7.62008;0;0;0;2389.33;46.9443;2.06723
7.63008;0;0;0;2389.33;46.5996;2.06723
7.64008;0;0;0;2389.33;45.3132;2.06723
7.65008;0;0;0;2389.33;47.3861;2.06723
7.66008;0;0;0;2389.33;49.7087;2.06723
7.67008;0;0;0;2389.33;51.3337;2.06723
7.68008;0;0;0;2389.33;50.5928;2.06723
7.69008;0;0;0;2389.33;50.5843;2.06723
7.70008;0;0;0;2389.33;51.4175;2.06723
7.71008;0;0;0;2389.33;50.8269;2.06723
7.72008;0;0;0;2389.33;50.0301;2.06723
7.73008;0;0;0;2389.33;48.9192;2.06723
7.74008;0;0;0;2389.33;50.4272;2.06723
7.75008;0;0;0;2389.33;48.3911;2.06723
7.76008;0;0;0;2389.33;47.2454;2.06723
7.77008;0;0;0;2389.33;45.2001;2.06723
7.78008;0;0;0;2389.33;44.3517;2.06723
7.79008;0;0;0;2389.33;43.5647;2.06723
7.80008;0;0;0;2389.33;43.3756;2.06723
7.81008;0;0;0;2389.33;43.1557;2.06723
7.82008;0;0;0;2389.33;42.8471;2.06723
7.83008;0;0;0;2389.33;47.3201;2.06723
7.84008;0;0;0;2389.33;46.4217;2.06723
7.85008;0;0;0;2389.33;44.7148;2.06723
7.86009;0;0;0;2389.33;48.2181;2.06723
7.87009;0;0;0;2389.33;47.5448;2.06723
7.88009;0;0;0;2389.33;49.4852;2.06723
7.89009;0;0;0;2389.33;50.9905;2.06723
7.90009;0;0;0;2389.33;53.4886;2.06723
7.91009;0;0;0;2389.33;53.9929;2.06723
7.92009;0;0;0;2389.33;55.3825;2.06723
7.93009;0;0;0;2389.33;55.3023;2.06723
7.94009;0;0;0;2389.33;53.4973;2.06723
7.95009;0;0;0;2389.33;56.6741;2.06723
7.96009;0;0;0;2389.33;54.1788;2.06723
7.97009;0;0;0;2389.33;52.437;2.06723
7.98009;0;0;0;2389.33;50.7646;2.06723
7.99009;0;0;0;2389.33;50.3481;2.06723
8.00009;0;0;0;2389.33;48.6559;2.06723
8.01009;0;0;0;2389.33;47.5433;2.06723
8.02009;0;0;0;2389.33;47.1486;2.06723
8.03009;0;0;0;2389.33;45.2264;2.06723
8.04009;0;0;0;2389.33;44.9153;2.06723
8.05009;0;0;0;2389.33;44.6112;2.06723
8.06009;0;0;0;2389.33;47.1675;2.06723
8.07009;0;0;0;2389.33;47.2223;2.06723
8.08009;0;0;0;2389.33;47.5772;2.06723
8.09009;0;0;0;2389.33;49.3287;2.06723
8.10009;0;0;0;2389.33;50.1709;2.06723
8.11009;0;0;0;2389.33;51.4184;2.06723
8.12009;0;0;0;2389.33;52.5324;2.06723
8.13009;0;0;0;2389.33;54.0583;2.06723
8.14009;0;0;0;2389.33;52.1675;2.06723
8.15009;0;0;0;2389.33;52.5332;2.06723
8.16009;0;0;0;2389.33;53.6063;2.06723
8.17009;0;0;0;2389.33;51.0228;2.06723
8.18009;0;0;0;2389.33;52.4494;2.06723
8.19009;0;0;0;2389.33;50.7412;2.06723
8.20009;0;0;0;2389.33;49.0289;2.06723
8.21009;0;0;0;2389.33;47.5588;2.06723
8.22009;0;0;0;2389.33;45.775;2.06723
8.23009;0;0;0;2389.33;44.4057;2.06723
8.24009;0;0;0;2389.33;42.3281;2.06723
8.25009;0;0;0;2389.33;41.5192;2.06723
8.26009;0;0;0;2389.33;41.4399;2.06723
8.27009;0;0;0;2389.33;40.7273;2.06723
8.28009;0;0;0;2389.33;40.5366;2.06723
8.29009;0;0;0;2389.33;39.7874;2.06723
8.30009;0;0;0;2389.33;42.627;2.06723
8.31009;0;0;0;2389.33;46.472;2.06723
8.3201;0;0;0;2389.33;45.506;2.06723
8.3301;0;0;0;2389.33;48.1243;2.06723
8.3401;0;0;0;2389.33;52.0074;2.06723
8.3501;0;0;0;2389.33;53.155;2.06723
8.3601;0;0;0;2389.33;54.5267;2.06723
8.3701;0;0;0;2389.33;57.7308;2.06723
8.3801;0;0;0;2389.33;57.4559;2.06723
8.3901;0;0;0;2389.33;57.6786;2.06723
8.4001;0;0;0;2389.33;61.0834;2.06723
8.4101;0;0;0;2389.33;59.4495;2.06723
8.4201;0;0;0;2389.33;62.5667;2.06723
8.4301;0;0;0;2389.33;60.6337;2.06723
8.4401;0;0;0;2389.33;57.8876;2.06723
8.4501;0;0;0;2389.33;54.0744;2.06723
8.4601;0;0;0;2389.33;51.4649;2.06723
8.4701;0;0;0;2389.33;49.4203;2.06723
8.4801;0;0;0;2389.33;47.2856;2.06723
8.4901;0;0;0;2389.33;45.7918;2.06723
8.5001;0;0;0;2389.33;44.4471;2.06723
8.5101;0;0;0;2389.33;43.5571;2.06723
8.5201;0;0;0;2389.33;42.6418;2.06723
8.5301;0;0;0;2389.33;44.8356;2.06723
8.5401;0;0;0;2389.33;44.1483;2.06723
8.5501;0;0;0;2389.33;44.2812;2.06723
8.5601;0;0;0;2389.33;47.2651;2.06723
8.5701;0;0;0;2389.33;46.1902;2.06723
8.5801;0;0;0;2389.33;47.7926;2.06723
8.5901;0;0;0;2389.33;50.8887;2.06723
8.6001;0;0;0;2389.33;52.916;2.06723
8.6101;0;0;0;2389.33;51.7088;2.06723
8.6201;0;0;0;2389.33;50.2819;2.06723
8.6301;0;0;0;2389.33;49.0971;2.06723
8.6401;0;0;0;2389.33;47.4201;2.06723
8.6501;0;0;0;2389.33;47.8513;2.06723
8.6601;0;0;0;2389.33;45.7658;2.06723
8.6701;0;0;0;2389.33;44.3286;2.06723
8.6801;0;0;0;2389.33;44.222;2.06723
8.6901;0;0;0;2389.33;47.7184;2.06723
8.7001;0;0;0;2389.33;46.997;2.06723
8.7101;0;0;0;2389.33;45.2709;2.06723
8.7201;0;0;0;2389.33;46.9635;2.06723
8.7301;0;0;0;2389.33;46.2836;2.06723
8.7401;0;0;0;2389.33;45.2456;2.06723
8.7501;0;0;0;2389.33;47.5735;2.06723
8.76011;0;0;0;2389.33;47.524;2.06723
8.77011;0;0;0;2389.33;52.1548;2.06723
8.78011;0;0;0;2389.33;54.3926;2.06723
8.79011;0;0;0;2389.33;54.9726;2.06723
8.80011;0;0;0;2389.33;57.0339;2.06723
8.81011;0;0;0;2389.33;58.4855;2.06723
8.82011;0;0;0;2389.33;61.244;2.06723
8.83011;0;0;0;2389.33;58.0538;2.06723
8.84011;0;0;0;2389.33;59.9078;2.06723
8.85011;0;0;0;2389.33;57.2761;2.06723
8.86011;0;0;0;2389.33;55.677;2.06723
8.87011;0;0;0;2389.33;53.7638;2.06723
8.88011;0;0;0;2389.33;52.4735;2.06723
8.89011;0;0;0;2389.33;51.8979;2.06723
8.90011;0;0;0;2389.33;50.0201;2.06723
8.91011;0;0;0;2389.33;49.344;2.06723
8.92011;0;0;0;2389.33;48.7286;2.06723
8.93011;0;0;0;2389.33;47.8541;2.06723
8.94011;0;0;0;2389.33;46.8584;2.06723
8.95011;0;0;0;2389.33;46.4116;2.06723
8.96011;0;0;0;2389.33;46.2051;2.06723
8.97011;0;0;0;2389.33;44.9561;2.06723
8.98011;0;0;0;2389.33;44.1713;2.06723
8.99011;0;0;0;2389.33;44.0344;2.06723
9.00011;0;0;0;2389.33;45.015;2.06723
9.01011;0;0;0;2389.33;45.1511;2.06723
9.02011;0;0;0;2389.33;44.365;2.06723
9.03011;0;0;0;2389.33;45.9988;2.06723
9.04011;0;0;0;2389.33;45.6307;2.06723
9.05011;0;0;0;2389.33;44.6339;2.06723
9.06011;0;0;0;2389.33;45.1578;2.06723
9.07011;0;0;0;2389.33;47.2528;2.06723
9.08011;0;0;0;2389.33;50.0238;2.06723
9.09011;0;0;0;2389.33;50.9256;2.06723
9.10011;0;0;0;2389.33;52.0308;2.06723
9.11011;0;0;0;2389.33;51.7841;2.06723
9.12011;0;0;0;2389.33;51.0834;2.06723
9.13011;0;0;0;2389.33;52.3649;2.06723
9.14011;0;0;0;2389.33;50.5605;2.06723
9.15011;0;0;0;2389.33;51.1591;2.06723
9.16011;0;0;0;2389.33;48.8386;2.06723
9.17011;0;0;0;2389.33;48.2129;2.06723
9.18011;0;0;0;2389.33;46.3842;2.06723
9.19011;0;0;0;2389.33;44.5521;2.06723
9.20012;0;0;0;2389.33;44.3558;2.06723
9.21012;0;0;0;2389.33;43.9866;2.06723
9.22012;0;0;0;2389.33;44.1331;2.06723
9.23012;0;0;0;2389.33;43.3715;2.06723
9.24012;0;0;0;2389.33;46.817;2.06723
9.25012;0;0;0;2389.33;48.5499;2.06723
9.26012;0;0;0;2389.33;46.8899;2.06723
9.27012;0;0;0;2389.33;50.1896;2.06723
9.28012;0;0;0;2389.33;50.1229;2.06723
9.29012;0;0;0;2389.33;49.7626;2.06723
9.30012;0;0;0;2389.33;50.6396;2.06723
9.31012;0;0;0;2389.33;53.8791;2.06723
9.32012;0;0;0;2389.33;53.5993;2.06723
9.33012;0;0;0;2389.33;54.732;2.06723
9.34012;0;0;0;2389.33;54.8212;2.06723
9.35012;0;0;0;2389.33;53.9321;2.06723
9.36012;0;0;0;2389.33;56.2057;2.06723
9.37012;0;0;0;2389.33;54.6056;2.06723
9.38012;0;0;0;2389.33;52.8706;2.06723
9.39012;0;0;0;2389.33;52.2526;2.06723
9.40012;0;0;0;2389.33;51.0596;2.06723
9.41012;0;0;0;2389.33;49.2336;2.06723
9.42012;0;0;0;2389.33;47.2685;2.06723
9.43012;0;0;0;2389.33;47.7381;2.06723
9.44012;0;0;0;2389.33;47.0992;2.06723
9.45012;0;0;0;2389.33;45.9299;2.06723
9.46012;0;0;0;2389.33;45.6572;2.06723
9.47012;0;0;0;2389.33;47.1885;2.06723
9.48012;0;0;0;2389.33;48.4473;2.06723
9.49012;0;0;0;2389.33;47.4368;2.06723
9.50012;0;0;0;2389.33;49.8276;2.06723
9.51012;0;0;0;2389.33;49.9473;2.06723
9.52012;0;0;0;2389.33;50.5505;2.06723
9.53012;0;0;0;2389.33;50.6686;2.06723
9.54012;0;0;0;2389.33;52.3199;2.06723
9.55012;0;0;0;2389.33;51.1887;2.06723
9.56012;0;0;0;2389.33;52.2573;2.06723
9.57012;0;0;0;2389.33;54.2183;2.06723
9.58012;0;0;0;2389.33;51.3715;2.06723
9.59012;0;0;0;2389.33;52.2086;2.06723
9.60012;0;0;0;2389.33;53.4024;2.06723
9.61012;0;0;0;2389.33;50.6286;2.06723
9.62012;0;0;0;2389.33;48.0754;2.06723
9.63013;0;0;0;2389.33;46.0804;2.06723
9.64013;0;0;0;2389.33;44.6424;2.06723
9.65013;0;0;0;2389.33;42.7443;2.06723
9.66013;0;0;0;2389.33;41.9291;2.06723
9.67013;0;0;0;2389.33;40.8858;2.06723
9.68013;0;0;0;2389.33;39.7624;2.06723
9.69013;0;0;0;2389.33;42.9939;2.06723
9.70013;0;0;0;2389.33;41.4231;2.06723
9.71013;0;0;0;2389.33;45.1807;2.06723
9.72013;0;0;0;2389.33;48.6045;2.06723
9.73013;0;0;0;2389.33;50.3126;2.06723
9.74013;0;0;0;2389.33;51.6628;2.06723
9.75013;0;0;0;2389.33;55.3707;2.06723
9.76013;0;0;0;2389.33;59.0763;2.06723
9.77013;0;0;0;2389.33;58.103;2.06723
9.78013;0;0;0;2389.33;58.2356;2.06723
9.79013;0;0;0;2389.33;55.433;2.06723
9.80013;0;0;0;2389.33;54.5236;2.06723
9.81013;0;0;0;2389.33;52.2336;2.06723
9.82013;0;0;0;2389.33;50.5668;2.06723
9.83013;0;0;0;2389.33;49.263;2.06723
9.84013;0;0;0;2389.33;50.8871;2.06723
9.85013;0;0;0;2389.33;48.901;2.06723
9.86013;0;0;0;2389.33;47.3424;2.06723
9.87013;0;0;0;2389.33;48.0138;2.06723
9.88013;0;0;0;2389.33;46.1802;2.06723
9.89013;0;0;0;2389.33;46.9405;2.06723
9.90013;0;0;0;2389.33;45.6916;2.06723
9.91013;0;0;0;2389.33;45.408;2.06723
9.92013;0;0;0;2389.33;48.2022;2.06723
9.93013;0;0;0;2389.33;49.0567;2.06723
9.94013;0;0;0;2389.33;49.5729;2.06723
9.95013;0;0;0;2389.33;48.8514;2.06723
9.96013;0;0;0;2389.33;49.213;2.06723
9.97013;0;0;0;2389.33;48.2004;2.06723
9.98013;0;0;0;2389.33;46.4237;2.06723
9.99013;0;0;0;2389.33;45.4864;2.06723
10.0001;0;0;0;2389.33;43.782;2.06723
10.0101;0;0;0;2389.33;46.1515;2.06723
10.0201;0;0;0;2389.33;44.4986;2.06723
10.0301;0;0;0;2389.33;44.8875;2.06723
10.0401;0;0;0;2389.33;44.3752;2.06723
10.0501;0;0;0;2389.33;44.6148;2.06723
10.0601;0;0;0;2389.33;46.2878;2.06723
10.0701;0;0;0;2389.33;44.6399;2.06723
10.0801;0;0;0;2389.33;48.4911;2.06723
10.0901;0;0;0;2389.33;49.6765;2.06723
10.1001;0;0;0;2389.33;53.7646;2.06723
10.1101;0;0;0;2389.33;55.5584;2.06723
10.1201;0;0;0;2389.33;56.4953;2.06723
10.1301;0;0;0;2389.33;58.0335;2.06723
10.1401;0;0;0;2389.33;60.7342;2.06723
10.1501;0;0;0;2389.33;62.64;2.06723
10.1601;0;0;0;2389.33;61.0107;2.06723
10.1701;0;0;0;2389.33;60.9203;2.06723
10.1801;0;0;0;2389.33;59.6113;2.06723
10.1901;0;0;0;2389.33;57.2388;2.06723
10.2001;0;0;0;2389.33;58.1309;2.06723
10.2101;0;0;0;2389.33;55.717;2.06723
10.2201;0;0;0;2389.33;54.2237;2.06723
10.2301;0;0;0;2389.33;53.3295;2.06723
10.2401;0;0;0;2389.33;52.1132;2.06723
10.2501;0;0;0;2389.33;50.34;2.06723
10.2601;0;0;0;2389.33;48.3009;2.06723
10.2701;0;0;0;2389.33;47.0564;2.06723
10.2801;0;0;0;2389.33;46.1306;2.06723
10.2901;0;0;0;2389.33;45.8384;2.06723
10.3001;0;0;0;2389.33;44.9769;2.06723
10.3101;0;0;0;2389.33;46.9227;2.06723
10.3201;0;0;0;2389.33;46.5828;2.06723
10.3301;0;0;0;2389.33;46.9644;2.06723
10.3401;0;0;0;2389.33;48.1196;2.06723
10.3501;0;0;0;2389.33;48.6866;2.06723
10.3601;0;0;0;2389.33;49.4812;2.06723
10.3701;0;0;0;2389.33;51.1473;2.06723
10.3801;0;0;0;2389.33;49.9196;2.06723
10.3901;0;0;0;2389.33;51.9922;2.06723
10.4001;0;0;0;2389.33;51.8777;2.06723
10.4101;0;0;0;2389.33;52.6392;2.06723
10.4201;0;0;0;2389.33;50.6856;2.06723
10.4301;0;0;0;2389.33;51.2208;2.06723
10.4401;0;0;0;2389.33;49.2679;2.06723
10.4501;0;0;0;2389.33;47.9074;2.06723
10.4601;0;0;0;2389.33;48.869;2.06723
10.4701;0;0;0;2389.33;46.6328;2.06723
10.4801;0;0;0;2389.33;46.0679;2.06723
10.4901;0;0;0;2389.33;44.2954;2.06723
10.5001;0;0;0;2389.33;46.6493;2.06723
10.5101;0;0;0;2389.33;45.9634;2.06723
10.5201;0;0;0;2389.33;49.5708;2.06723
10.5301;0;0;0;2389.33;50.8021;2.06723
10.5401;0;0;0;2389.33;51.2781;2.06723
10.5501;0;0;0;2389.33;52.5427;2.06723
10.5601;0;0;0;2389.33;53.4985;2.06723
10.5701;0;0;0;2389.33;55.4818;2.06723
10.5801;0;0;0;2389.33;53.4118;2.06723
10.5901;0;0;0;2389.33;55.9996;2.06723
10.6001;0;0;0;2389.33;56.2444;2.06723
10.6101;0;0;0;2389.33;54.3522;2.06723
10.6201;0;0;0;2389.33;53.0199;2.06723
10.6301;0;0;0;2389.33;51.6077;2.06723
10.6401;0;0;0;2389.33;50.7403;2.06723
10.6501;0;0;0;2389.33;48.8383;2.06723
10.6601;0;0;0;2389.33;48.4215;2.06723
10.6701;0;0;0;2389.33;47.2956;2.06723
10.6801;0;0;0;2389.33;46.5947;2.06723
10.6901;0;0;0;2389.33;45.899;2.06723
10.7001;0;0;0;2389.33;44.3584;2.06723
10.7101;0;0;0;2389.33;44.8497;2.06723
10.7201;0;0;0;2389.33;45.0418;2.06723
10.7302;0;0;0;2389.33;45.5708;2.06723
10.7402;0;0;0;2389.33;45.4618;2.06723
10.7502;0;0;0;2389.33;46.995;2.06723
10.7602;0;0;0;2389.33;46.7984;2.06723
10.7702;0;0;0;2389.33;45.9792;2.06723
10.7802;0;0;0;2389.33;45.5132;2.06723
10.7902;0;0;0;2389.33;46.8806;2.06723
10.8002;0;0;0;2389.33;47.2003;2.06723
10.8102;0;0;0;2389.33;49.1706;2.06723
10.8202;0;0;0;2389.33;50.8276;2.06723
10.8302;0;0;0;2389.33;50.711;2.06723
10.8402;0;0;0;2389.33;51.7728;2.06723
10.8502;0;0;0;2389.33;51.919;2.06723
10.8602;0;0;0;2389.33;50.5621;2.06723
10.8702;0;0;0;2389.33;51.6141;2.06723
10.8802;0;0;0;2389.33;53.1891;2.06723
10.8902;0;0;0;2389.33;50.67;2.06723
10.9002;0;0;0;2389.33;50.3811;2.06723
10.9102;0;0;0;2389.33;49.1901;2.06723
10.9202;0;0;0;2389.33;47.0922;2.06723
10.9302;0;0;0;2389.33;46.6018;2.06723
10.9402;0;0;0;2389.33;45.1673;2.06723
10.9502;0;0;0;2389.33;43.7295;2.06723
10.9602;0;0;0;2389.33;42.3508;2.06723
10.9702;0;0;0;2389.33;43.1789;2.06723
10.9802;0;0;0;2389.33;41.8324;2.06723
10.9902;0;0;0;2389.33;44.4239;2.06723
11.0002;0;0;0;2389.33;45.1837;2.06723
11.0102;0;0;0;2389.33;43.1442;2.06723
11.0202;0;0;0;2389.33;45.8413;2.06723
11.0302;0;0;0;2389.33;49.9043;2.06723
11.0402;0;0;0;2389.33;49.3814;2.06723
11.0502;0;0;0;2389.33;50.3028;2.06723
11.0602;0;0;0;2389.33;51.7922;2.06723
11.0702;0;0;0;2389.33;54.086;2.06723
11.0802;0;0;0;2389.33;54.6242;2.06723
11.0902;0;0;0;2389.33;52.4263;2.06723
11.1002;0;0;0;2389.33;52.3509;2.06723
11.1102;0;0;0;2389.33;53.7867;2.06723
11.1202;0;0;0;2389.33;51.0186;2.06723
11.1302;0;0;0;2389.33;49.0335;2.06723
11.1402;0;0;0;2389.33;47.5092;2.06723
11.1502;0;0;0;2389.33;48.0697;2.06723
11.1602;0;0;0;2389.33;46.2991;2.06723
11.1702;0;0;0;2389.33;44.6686;2.06723
11.1802;0;0;0;2389.33;45.0893;2.06723
11.1902;0;0;0;2389.33;44.3386;2.06723
11.2002;0;0;0;2389.33;46.1597;2.06723
11.2102;0;0;0;2389.33;45.0719;2.06723
11.2202;0;0;0;2389.33;46.0875;2.06723
11.2302;0;0;0;2389.33;49.0758;2.06723
11.2402;0;0;0;2389.33;47.707;2.06723
11.2502;0;0;0;2389.33;46.6723;2.06723
11.2602;0;0;0;2389.33;49.602;2.06723
11.2702;0;0;0;2389.33;52.2378;2.06723
11.2802;0;0;0;2389.33;53.9372;2.06723
11.2902;0;0;0;2389.33;54.1953;2.06723
11.3002;0;0;0;2389.33;53.3229;2.06723
11.3102;0;0;0;2389.33;54.994;2.06723
11.3202;0;0;0;2389.33;56.0572;2.06723
11.3302;0;0;0;2389.33;53.265;2.06723
11.3402;0;0;0;2389.33;50.2087;2.06723
11.3502;0;0;0;2389.33;51.1965;2.06723
11.3602;0;0;0;2389.33;49.8777;2.06723
11.3702;0;0;0;2389.33;48.1166;2.06723
11.3802;0;0;0;2389.33;46.0128;2.06723
11.3902;0;0;0;2389.33;45.9881;2.06723
11.4002;0;0;0;2389.33;45.0445;2.06723
11.4102;0;0;0;2389.33;44.8813;2.06723
11.4202;0;0;0;2389.33;46.0515;2.06723
11.4302;0;0;0;2389.33;46.1166;2.06723
11.4402;0;0;0;2389.33;51.9589;2.06723
11.4502;0;0;0;2389.33;51.074;2.06723
11.4602;0;0;0;2389.33;53.7575;2.06723
11.4702;0;0;0;2389.33;57.5384;2.06723
11.4802;0;0;0;2389.33;55.8483;2.06723
11.4902;0;0;0;2389.33;58.8398;2.06723
11.5002;0;0;0;2389.33;60.8224;2.06723
11.5102;0;0;0;2389.33;62.6758;2.06723
11.5202;0;0;0;2389.33;64.5394;2.06723
11.5302;0;0;0;2389.33;65.902;2.06723
11.5402;0;0;0;2389.33;66.0744;2.06723
11.5502;0;0;0;2389.33;66.4644;2.06723
11.5602;0;0;0;2389.33;67.5234;2.06723
11.5702;0;0;0;2389.33;64.5645;2.06723
11.5802;0;0;0;2389.33;62.2676;2.06723
11.5902;0;0;0;2389.33;60.6436;2.06723
11.6002;0;0;0;2389.33;57.8822;2.06723
11.6102;0;0;0;2389.33;55.2892;2.06723
11.6202;0;0;0;2389.33;53.5662;2.06723
11.6302;0;0;0;2389.33;52.3661;2.06723
11.6402;0;0;0;2389.33;50.2029;2.06723
11.6502;0;0;0;2389.33;49.3561;2.06723
11.6602;0;0;0;2389.33;48.8553;2.06723
11.6702;0;0;0;2389.33;47.696;2.06723
11.6802;0;0;0;2389.33;47.0175;2.06723
11.6902;0;0;0;2389.33;46.4165;2.06723
11.7002;0;0;0;2389.33;45.2074;2.06723
11.7102;0;0;0;2389.33;44.6669;2.06723
11.7202;0;0;0;2389.33;43.6871;2.06723
11.7302;0;0;0;2389.33;43.8578;2.06723
11.7402;0;0;0;2389.33;43.1115;2.06723
11.7502;0;0;0;2389.33;43.4811;2.06723
11.7602;0;0;0;2389.33;43.8861;2.06723
11.7702;0;0;0;2389.33;43.6437;2.06723
11.7802;0;0;0;2389.33;45.1839;2.06723
11.7902;0;0;0;2389.33;46.0102;2.06723
11.8002;0;0;0;2389.33;46.4223;2.06723
11.8102;0;0;0;2389.33;47.2567;2.06723
11.8202;0;0;0;2389.33;48.7334;2.06723
11.8302;0;0;0;2389.33;49.5947;2.06723
11.8402;0;0;0;2389.33;49.4101;2.06723
11.8502;0;0;0;2389.33;50.8571;2.06723
11.8602;0;0;0;2389.33;50.6926;2.06723
11.8702;0;0;0;2389.33;51.585;2.06723
11.8802;0;0;0;2389.33;50.7785;2.06723
11.8902;0;0;0;2389.33;49.2575;2.06723
11.9002;0;0;0;2389.33;47.6836;2.06723
11.9102;0;0;0;2389.33;46.9575;2.06723
11.9202;0;0;0;2389.33;45.9524;2.06723
11.9302;0;0;0;2389.33;47.3434;2.06723
11.9402;0;0;0;2389.33;48.5504;2.06723
11.9502;0;0;0;2389.33;47.4336;2.06723
11.9602;0;0;0;2389.33;50.5606;2.06723
11.9702;0;0;0;2389.33;50.786;2.06723
11.9802;0;0;0;2389.33;50.094;2.06723
11.9902;0;0;0;2389.33;53.2597;2.06723
12.0002;0;0;0;2389.33;55.1975;2.06723
12.0102;0;0;0;2389.33;55.8817;2.06723
12.0202;0;0;0;2389.33;57.0393;2.06723
12.0302;0;0;0;2389.33;58.6596;2.06723
12.0402;0;0;0;2389.33;59.4063;2.06723
12.0502;0;0;0;2389.33;59.1005;2.06723
12.0602;0;0;0;2389.33;60.2116;2.06723
12.0702;0;0;0;2389.33;58.6082;2.06723
12.0802;0;0;0;2389.33;59.5569;2.06723
12.0902;0;0;0;2389.33;60.2355;2.06723
12.1002;0;0;0;2389.33;58.3937;2.06723
12.1102;0;0;0;2389.33;59.0797;2.06723
12.1202;0;0;0;2389.33;57.5284;2.06723
12.1302;0;0;0;2389.33;55.8539;2.06723
12.1402;0;0;0;2389.33;57.1155;2.06723
12.1502;0;0;0;2389.33;55.019;2.06723
12.1602;0;0;0;2389.33;54.7828;2.06723
12.1702;0;0;0;2389.33;52.7298;2.06723
12.1802;0;0;0;2389.33;51.908;2.06723
12.1902;0;0;0;2389.33;51.8647;2.06723
12.2002;0;0;0;2389.33;51.1108;2.06723
12.2102;0;0;0;2389.33;52.3969;2.06723
12.2202;0;0;0;2389.33;53.1935;2.06723
12.2302;0;0;0;2389.33;51.5702;2.06723
12.2402;0;0;0;2389.33;50.1111;2.06723
12.2502;0;0;0;2389.33;49.3632;2.06723
12.2602;0;0;0;2389.33;48.2958;2.06723
12.2702;0;0;0;2389.33;47.2847;2.06723
12.2802;0;0;0;2389.33;47.3914;2.06723
12.2902;0;0;0;2389.33;47.2437;2.06723
12.3002;0;0;0;2389.33;45.9231;2.06723
12.3102;0;0;0;2389.33;45.7913;2.06723
12.3202;0;0;0;2389.33;45.2409;2.06723
12.3302;0;0;0;2389.33;45.2683;2.06723
12.3402;0;0;0;2389.33;44.9173;2.06723
12.3502;0;0;0;2389.33;44.3182;2.06723
12.3602;0;0;0;2389.33;45.3482;2.06723
12.3702;0;0;0;2389.33;44.7713;2.06723
12.3802;0;0;0;2389.33;43.9468;2.06723
12.3902;0;0;0;2389.33;44.2299;2.06723
12.4002;0;0;0;2389.33;44.8322;2.06723
12.4102;0;0;0;2389.33;45.0885;2.06723
12.4202;0;0;0;2389.33;44.7782;2.06723
12.4302;0;0;0;2389.33;45.7239;2.06723
12.4402;0;0;0;2389.33;45.0308;2.06723
12.4502;0;0;0;2389.33;44.631;2.06723
12.4602;0;0;0;2389.33;45.4808;2.06723
12.4702;0;0;0;2389.33;48.6667;2.06723
12.4802;0;0;0;2389.33;51.2887;2.06723
12.4902;0;0;0;2389.33;50.6084;2.06723
12.5002;0;0;0;2389.33;52.644;2.06723
12.5102;0;0;0;2389.33;53.1752;2.06723
12.5202;0;0;0;2389.33;50.8803;2.06723
12.5302;0;0;0;2389.33;51.8635;2.06723
12.5402;0;0;0;2389.33;51.2855;2.06723
12.5502;0;0;0;2389.33;53.2226;2.06723
12.5602;0;0;0;2389.33;54.7733;2.06723
12.5702;0;0;0;2389.33;53.6646;2.06723
12.5802;0;0;0;2389.33;54.9269;2.06723
12.5902;0;0;0;2389.33;55.089;2.06723
12.6002;0;0;0;2389.33;55.4062;2.06723
12.6102;0;0;0;2389.33;52.164;2.06723
12.6202;0;0;0;2389.33;51.0323;2.06723
12.6302;0;0;0;2389.33;53.3116;2.06723
12.6402;0;0;0;2389.33;50.2084;2.06723
12.6502;0;0;0;2389.33;49.2945;2.06723
12.6602;0;0;0;2389.33;51.3323;2.06723
12.6702;0;0;0;2389.33;49.0862;2.06723
12.6802;0;0;0;2389.33;46.5921;2.06723
12.6902;0;0;0;2389.33;45.0015;2.06723
12.7002;0;0;0;2389.33;44.3948;2.06723
12.7102;0;0;0;2389.33;42.8441;2.06723
12.7202;0;0;0;2389.33;42.561;2.06723
12.7302;0;0;0;2389.33;41.945;2.06723
12.7402;0;0;0;2389.33;41.5208;2.06723
12.7502;0;0;0;2389.33;42.0727;2.06723
12.7602;0;0;0;2389.33;41.8119;2.06723
12.7702;0;0;0;2389.33;43.792;2.06723
12.7802;0;0;0;2389.33;46.0067;2.06723
12.7902;0;0;0;2389.33;43.8627;2.06723
12.8002;0;0;0;2389.33;45.932;2.06723
12.8102;0;0;0;2389.33;46.2081;2.06723
12.8202;0;0;0;2389.33;44.6178;2.06723
12.8302;0;0;0;2389.33;44.0717;2.06723
12.8402;0;0;0;2389.33;44.0257;2.06723
12.8502;0;0;0;2389.33;46.601;2.06723
12.8602;0;0;0;2389.33;45.6149;2.06723
12.8702;0;0;0;2389.33;44.2398;2.06723
12.8802;0;0;0;2389.33;47.3844;2.06723
12.8902;0;0;0;2389.33;45.2902;2.06723
12.9002;0;0;0;2389.33;43.4412;2.06723
12.9102;0;0;0;2389.33;45.2667;2.06723
12.9202;0;0;0;2389.33;45.6864;2.06723
12.9302;0;0;0;2389.33;45.8253;2.06723
12.9402;0;0;0;2389.33;45.4842;2.06723
12.9502;0;0;0;2389.33;45.7677;2.06723
12.9602;0;0;0;2389.33;46.5459;2.06723
12.9702;0;0;0;2389.33;44.7955;2.06723
12.9802;0;0;0;2389.33;46.3687;2.06723
12.9902;0;0;0;2389.33;48.2813;2.06723
13.0002;0;0;0;2389.33;45.9135;2.06723
13.0102;0;0;0;2389.33;48.3334;2.06723
13.0202;0;0;0;2389.33;54.2211;2.06723
13.0302;0;0;0;2389.33;56.7359;2.06723
13.0402;0;0;0;2389.33;56.8801;2.06723
13.0502;0;0;0;2389.33;60.536;2.06723
13.0602;0;0;0;2389.33;60.2597;2.06723
13.0702;0;0;0;2389.33;61.2588;2.06723
13.0802;0;0;0;2389.33;63.786;2.06723
13.0902;0;0;0;2389.33;62.3484;2.06723
13.1002;0;0;0;2389.33;65.2999;2.06723
13.1102;0;0;0;2389.33;66.3865;2.06723
13.1202;0;0;0;2389.33;63.9937;2.06723
13.1302;0;0;0;2389.33;66.237;2.06723
13.1402;0;0;0;2389.33;64.6863;2.06723
13.1502;0;0;0;2389.33;63.2503;2.06723
13.1602;0;0;0;2389.33;62.109;2.06723
13.1702;0;0;0;2389.33;59.5515;2.06723
13.1802;0;0;0;2389.33;60.5663;2.06723
13.1902;0;0;0;2389.33;58.3721;2.06723
13.2002;0;0;0;2389.33;57.9871;2.06723
13.2102;0;0;0;2389.33;57.7454;2.06723
13.2202;0;0;0;2389.33;56.3398;2.06723
13.2302;0;0;0;2389.33;53.7058;2.06723
13.2402;0;0;0;2389.33;50.9;2.06723
13.2502;0;0;0;2389.33;49.0153;2.06723
13.2602;0;0;0;2389.33;46.9797;2.06723
13.2702;0;0;0;2389.33;46.6699;2.06723
13.2802;0;0;0;2389.33;45.3198;2.06723
13.2902;0;0;0;2389.33;45.1038;2.06723
13.3002;0;0;0;2389.33;44.8902;2.06723
13.3102;0;0;0;2389.33;43.9003;2.06723
13.3202;0;0;0;2389.33;43.0134;2.06723
13.3302;0;0;0;2389.33;42.3112;2.06723
13.3402;0;0;0;2389.33;43.4857;2.06723
13.3502;0;0;0;2389.33;43.2541;2.06723
13.3602;0;0;0;2389.33;42.6223;2.06723
13.3702;0;0;0;2389.33;42.1445;2.06723
13.3802;0;0;0;2389.33;41.9801;2.06723
13.3902;0;0;0;2389.33;42.6516;2.06723
13.4002;0;0;0;2389.33;44.4139;2.06723
13.4102;0;0;0;2389.33;45.2606;2.06723
13.4202;0;0;0;2389.33;45.6568;2.06723
13.4302;0;0;0;2389.33;47.9259;2.06723
13.4402;0;0;0;2389.33;46.414;2.06723
13.4502;0;0;0;2389.33;48.2026;2.06723
13.4602;0;0;0;2389.33;47.9175;2.06723
13.4702;0;0;0;2389.33;49.7593;2.06723
13.4802;0;0;0;2389.33;52.373;2.06723
13.4902;0;0;0;2389.33;51.1115;2.06723
13.5002;0;0;0;2389.33;52.8957;2.06723
13.5102;0;0;0;2389.33;54.6176;2.06723
13.5202;0;0;0;2389.33;53.7397;2.06723
13.5302;0;0;0;2389.33;55.3305;2.06723
13.5402;0;0;0;2389.33;54.9792;2.06723
13.5502;0;0;0;2389.33;54.6946;2.06723
13.5602;0;0;0;2389.33;53.8686;2.06723
13.5702;0;0;0;2389.33;54.9801;2.06723
13.5802;0;0;0;2389.33;51.903;2.06723
13.5902;0;0;0;2389.33;52.8284;2.06723
13.6002;0;0;0;2389.33;53.088;2.06723
13.6102;0;0;0;2389.33;50.0685;2.06723
13.6202;0;0;0;2389.33;51.5922;2.06723
13.6302;0;0;0;2389.33;49.8582;2.06723
13.6402;0;0;0;2389.33;47.6143;2.06723
13.6502;0;0;0;2389.33;47.1545;2.06723
13.6602;0;0;0;2389.33;45.6631;2.06723
13.6702;0;0;0;2389.33;44.9689;2.06723
13.6802;0;0;0;2389.33;43.6926;2.06723
13.6902;0;0;0;2389.33;42.5868;2.06723
13.7002;0;0;0;2389.33;43.2169;2.06723
13.7102;0;0;0;2389.33;45.1424;2.06723
13.7202;0;0;0;2389.33;44.0147;2.06723
13.7302;0;0;0;2389.33;44.5233;2.06723
13.7402;0;0;0;2389.33;43.0541;2.06723
13.7502;0;0;0;2389.33;42.2947;2.06723
13.7602;0;0;0;2389.33;41.5107;2.06723
13.7702;0;0;0;2389.33;41.0684;2.06723
13.7802;0;0;0;2389.33;40.6751;2.06723
13.7902;0;0;0;2389.33;43.4932;2.06723
13.8002;0;0;0;2389.33;47.1119;2.06723
13.8102;0;0;0;2389.33;48.1257;2.06723
13.8202;0;0;0;2389.33;52.9379;2.06723
13.8302;0;0;0;2389.33;53.0762;2.06723
13.8402;0;0;0;2389.33;55.9873;2.06723
13.8502;0;0;0;2389.33;58.036;2.06723
13.8602;0;0;0;2389.33;57.6968;2.06723
13.8702;0;0;0;2389.33;60.0088;2.06723
13.8802;0;0;0;2389.33;58.4544;2.06723
13.8902;0;0;0;2389.33;60.4284;2.06723
13.9002;0;0;0;2389.33;61.209;2.06723
13.9102;0;0;0;2389.33;63.1025;2.06723
13.9202;0;0;0;2389.33;63.2271;2.06723
13.9302;0;0;0;2389.33;62.2709;2.06723
13.9402;0;0;0;2389.33;64.142;2.06723
13.9502;0;0;0;2389.33;60.511;2.06723
13.9602;0;0;0;2389.33;58.4526;2.06723
13.9702;0;0;0;2389.33;59.2883;2.06723
13.9802;0;0;0;2389.33;56.8696;2.06723
13.9902;0;0;0;2389.33;55.4863;2.06723
14.0002;0;0;0;2389.33;55.4937;2.06723
14.0102;0;0;0;2389.33;53.7411;2.06723
14.0202;0;0;0;2389.33;50.8686;2.06723
14.0302;0;0;0;2389.33;49.7417;2.06723
14.0402;0;0;0;2389.33;49.7138;2.06723
14.0502;0;0;0;2389.33;48.1949;2.06723
14.0602;0;0;0;2389.33;47.8072;2.06723
14.0702;0;0;0;2389.33;47.4156;2.06723
14.0802;0;0;0;2389.33;46.0699;2.06723
14.0902;0;0;0;2389.33;45.4355;2.06723
14.1002;0;0;0;2389.33;43.9857;2.06723
14.1102;0;0;0;2389.33;44.4096;2.06723
14.1202;0;0;0;2389.33;46.568;2.06723
14.1302;0;0;0;2389.33;48.0152;2.06723
14.1402;0;0;0;2389.33;47.3055;2.06723
14.1502;0;0;0;2389.33;48.0314;2.06723
14.1602;0;0;0;2389.33;49.6719;2.06723
14.1702;0;0;0;2389.33;49.29;2.06723
14.1802;0;0;0;2389.33;51.3075;2.06723
14.1902;0;0;0;2389.33;49.8629;2.06723
14.2002;0;0;0;2389.33;51.0125;2.06723
14.2102;0;0;0;2389.33;51.119;2.06723
14.2202;0;0;0;2389.33;50.1577;2.06723
14.2302;0;0;0;2389.33;48.5687;2.06723
14.2402;0;0;0;2389.33;47.9871;2.06723
14.2502;0;0;0;2389.33;47.0649;2.06723
14.2602;0;0;0;2389.33;46.7626;2.06723
14.2702;0;0;0;2389.33;45.9415;2.06723
14.2802;0;0;0;2389.33;46.1561;2.06723
14.2902;0;0;0;2389.33;47.2904;2.06723
14.3002;0;0;0;2389.33;46.5376;2.06723
14.3102;0;0;0;2389.33;44.914;2.06723
14.3202;0;0;0;2389.33;48.3057;2.06723
14.3302;0;0;0;2389.33;48.5573;2.06723
14.3402;0;0;0;2389.33;50.9651;2.06723
14.3502;0;0;0;2389.33;52.0101;2.06723
14.3602;0;0;0;2389.33;54.1616;2.06723
14.3702;0;0;0;2389.33;54.9512;2.06723
14.3802;0;0;0;2389.33;55.8208;2.06723
14.3902;0;0;0;2389.33;56.5325;2.06723
14.4002;0;0;0;2389.33;55.756;2.06723
14.4102;0;0;0;2389.33;56.6371;2.06723
14.4202;0;0;0;2389.33;54.4016;2.06723
14.4302;0;0;0;2389.33;53.081;2.06723
14.4402;0;0;0;2389.33;54.1762;2.06723
14.4502;0;0;0;2389.33;52.9804;2.06723
14.4602;0;0;0;2389.33;51.4208;2.06723
14.4702;0;0;0;2389.33;51.528;2.06723
14.4802;0;0;0;2389.33;50.5689;2.06723
14.4902;0;0;0;2389.33;48.2135;2.06723
14.5002;0;0;0;2389.33;47.6791;2.06723
14.5102;0;0;0;2389.33;47.3256;2.06723
14.5202;0;0;0;2389.33;47.2257;2.06723
14.5302;0;0;0;2389.33;47.1179;2.06723
14.5402;0;0;0;2389.33;46.1309;2.06723
14.5502;0;0;0;2389.33;46.1169;2.06723
14.5602;0;0;0;2389.33;45.5003;2.06723
14.5702;0;0;0;2389.33;44.5964;2.06723
14.5802;0;0;0;2389.33;44.7011;2.06723
14.5902;0;0;0;2389.33;44.1795;2.06723
14.6002;0;0;0;2389.33;44.6646;2.06723
14.6102;0;0;0;2389.33;44.942;2.06723
14.6202;0;0;0;2389.33;44.1972;2.06723
14.6302;0;0;0;2389.33;44.4124;2.06723
14.6402;0;0;0;2389.33;44.1091;2.06723
14.6502;0;0;0;2389.33;44.0791;2.06723
14.6602;0;0;0;2389.33;46.3615;2.06723
14.6702;0;0;0;2389.33;49.523;2.06723
14.6802;0;0;0;2389.33;50.3431;2.06723
14.6902;0;0;0;2389.33;49.3434;2.06723
14.7002;0;0;0;2389.33;48.8368;2.06723
14.7102;0;0;0;2389.33;49.3023;2.06723
14.7202;0;0;0;2389.33;49.1551;2.06723
14.7302;0;0;0;2389.33;47.8671;2.06723
14.7402;0;0;0;2389.33;46.8767;2.06723
14.7502;0;0;0;2389.33;49.4707;2.06723
14.7602;0;0;0;2389.33;47.122;2.06723
14.7702;0;0;0;2389.33;45.8275;2.06723
14.7802;0;0;0;2389.33;44.7407;2.06723
14.7902;0;0;0;2389.33;43.8213;2.06723
14.8002;0;0;0;2389.33;42.23;2.06723
14.8102;0;0;0;2389.33;43.8458;2.06723
14.8202;0;0;0;2389.33;43.1988;2.06723
14.8302;0;0;0;2389.33;42.4077;2.06723
14.8402;0;0;0;2389.33;45.1776;2.06723
14.8502;0;0;0;2389.33;44.5491;2.06723
14.8602;0;0;0;2389.33;45.0976;2.06723
14.8702;0;0;0;2389.33;47.7896;2.06723
14.8802;0;0;0;2389.33;52.5963;2.06723
14.8902;0;0;0;2389.33;54.2241;2.06723
14.9002;0;0;0;2389.33;54.9073;2.06723
14.9102;0;0;0;2389.33;54.3989;2.06723
14.9202;0;0;0;2389.33;54.8058;2.06723
14.9302;0;0;0;2389.33;54.7462;2.06723
14.9402;0;0;0;2389.33;52.8373;2.06723
14.9502;0;0;0;2389.33;52.6671;2.06723
14.9602;0;0;0;2389.33;50.8609;2.06723
14.9702;0;0;0;2389.33;48.5651;2.06723
14.9802;0;0;0;2389.33;46.7449;2.06723
14.9902;0;0;0;2389.33;47.5381;2.06723
