0;21629.3;218.478;21847.8;682.67;1.9195;1.86381
0.01;21629.3;218.478;21847.8;682.67;1.8267;1.86381
0.02;21629.3;218.478;21847.8;682.67;1.9549;1.86381
0.03;21629.3;218.478;21847.8;682.67;1.9468;1.86381
0.04;21629.3;218.478;21847.8;682.67;1.8972;1.86381
0.05;21629.3;218.478;21847.8;682.67;1.6626;1.86381
0.06;21629.3;218.478;21847.8;682.67;1.4306;1.86381
0.07;21629.3;218.478;21847.8;682.67;1.9539;1.86381
0.08;21629.3;218.478;21847.8;682.67;2.5008;1.86381
0.09;21629.3;218.478;21847.8;682.67;1.829;1.86381
0.1;21629.3;218.478;21847.8;682.67;1.5862;1.86381
0.11;21629.3;218.478;21847.8;682.67;2.3989;1.86381
0.12;21629.3;218.478;21847.8;682.67;3.0419;1.86381
0.13;21629.3;218.478;21847.8;682.67;2.9202;1.86381
0.14;21629.3;218.478;21847.8;682.67;1.8519;1.86381
0.15;21629.3;218.478;21847.8;682.67;1.8208;1.86381
0.16;21629.3;218.478;21847.8;682.67;2.9995;1.86381
0.17;21629.3;218.478;21847.8;682.67;3.1249;1.86381
0.18;21629.3;218.478;21847.8;682.67;3.0343;1.86381
0.19;21629.3;218.478;21847.8;682.67;2.8723;1.86381
0.2;21629.3;218.478;21847.8;682.67;2.8775;1.86381
0.21;21629.3;218.478;21847.8;682.67;3.7383;1.86381
0.22;21629.3;218.478;21847.8;682.67;3.8326;1.86381
0.23;21629.3;218.478;21847.8;682.67;3.1624;1.86381
0.24;21629.3;218.478;21847.8;682.67;3.3663;1.86381
0.25;21629.3;218.478;21847.8;682.67;3.1307;1.86381
0.26;21629.3;218.478;21847.8;682.67;3.6944;1.86381
0.27;21629.3;218.478;21847.8;682.67;3.7599;1.86381
0.28;21629.3;218.478;21847.8;682.67;3.9308;1.86381
0.29;21629.3;218.478;21847.8;682.67;4.2422;1.86381
0.3;21629.3;218.478;21847.8;682.67;3.8254;1.86381
0.31;21629.3;218.478;21847.8;682.67;3.7916;1.86381
0.32;21629.3;218.478;21847.8;682.67;3.6629;1.86381
0.33;21629.3;218.478;21847.8;682.67;3.9012;1.86381
0.34;21629.3;218.478;21847.8;682.67;4.3725;1.86381
0.35;21629.3;218.478;21847.8;682.67;4.033;1.86381
0.36;21629.3;218.478;21847.8;682.67;3.8504;1.86381
0.37;21629.3;218.478;21847.8;682.67;3.6454;1.86381
0.38;21629.3;218.478;21847.8;682.67;3.8241;1.86381
0.39;21629.3;218.478;21847.8;682.67;4.504;1.86381
0.4;21629.3;218.478;21847.8;682.67;4.9877;1.86381
0.41;21629.3;218.478;21847.8;682.67;4.4142;1.86381
0.42;21629.3;218.478;21847.8;682.67;3.8292;1.86381
0.43;21629.3;218.478;21847.8;682.67;4.1055;1.86381
0.44;21629.3;218.478;21847.8;682.67;4.5582;1.86381
0.45;21629.3;218.478;21847.8;682.67;4.7482;1.86381
0.46;21629.3;218.478;21847.8;682.67;5.2914;1.86381
0.47;21629.3;218.478;21847.8;682.67;4.804;1.86381
0.48;21629.3;218.478;21847.8;682.67;4.3685;1.86381
0.49;21629.3;218.478;21847.8;682.67;4.9477;1.86381
0.5;21629.3;218.478;21847.8;682.67;5.2957;1.86381
0.51;21629.3;218.478;21847.8;682.67;5.2485;1.86381
0.52;21629.3;218.478;21847.8;682.67;4.638;1.86381
0.53;21629.3;218.478;21847.8;682.67;4.0999;1.86381
0.54;21629.3;218.478;21847.8;682.67;5.2303;1.86381
0.55;21629.3;218.478;21847.8;682.67;5.1741;1.86381
0.56;21629.3;218.478;21847.8;682.67;5.3523;1.86381
0.57;21629.3;218.478;21847.8;682.67;5.4111;1.86381
0.58;21629.3;218.478;21847.8;682.67;5.0217;1.86381
0.59;21629.3;218.478;21847.8;682.67;5.0997;1.86381
0.6;21629.3;218.478;21847.8;682.67;4.9231;1.86381
0.61;21629.3;218.478;21847.8;682.67;4.7925;1.86381
0.62;21629.3;218.478;21847.8;682.67;5.1371;1.86381
0.63;21629.3;218.478;21847.8;682.67;4.9651;1.86381
0.64;21629.3;218.478;21847.8;682.67;5.0272;1.86381
0.65;21629.3;218.478;21847.8;682.67;4.8386;1.86381
0.66;21629.3;218.478;21847.8;682.67;4.7427;1.86381
0.67;21629.3;218.478;21847.8;682.67;5.1045;1.86381
0.68;21629.3;218.478;21847.8;682.67;5.0454;1.86381
0.69;21629.3;218.478;21847.8;682.67;4.8973;1.86381
0.7;21629.3;218.478;21847.8;682.67;4.8136;1.86381
0.71;21629.3;218.478;21847.8;682.67;4.2165;1.86381
0.72;21629.3;218.478;21847.8;682.67;4.6319;1.86381
0.73;21629.3;218.478;21847.8;682.67;4.9729;1.86381
0.74;21629.3;218.478;21847.8;682.67;4.9071;1.86381
0.75;21629.3;218.478;21847.8;682.67;4.9076;1.86381
0.76;21629.3;218.478;21847.8;682.67;4.5576;1.86381
0.77;21629.3;218.478;21847.8;682.67;4.2542;1.86381
0.78;21629.3;218.478;21847.8;682.67;4.3534;1.86381
0.79;21629.3;218.478;21847.8;682.67;4.0116;1.86381
0.8;21629.3;218.478;21847.8;682.67;4.4931;1.86381
0.81;21629.3;218.478;21847.8;682.67;4.7708;1.86381
0.82;21629.3;218.478;21847.8;682.67;4.8462;1.86381
0.83;21629.3;218.478;21847.8;682.67;4.9228;1.86381
0.839999;21629.3;218.478;21847.8;682.67;4.1749;1.86381
0.849999;21629.3;218.478;21847.8;682.67;3.9336;1.86381
0.859999;21629.3;218.478;21847.8;682.67;4.3816;1.86381
0.869999;21629.3;218.478;21847.8;682.67;4.3029;1.86381
0.879999;21629.3;218.478;21847.8;682.67;4.8478;1.86381
0.889999;21629.3;218.478;21847.8;682.67;4.5292;1.86381
0.899999;21629.3;218.478;21847.8;682.67;4.0505;1.86381
0.909999;21629.3;218.478;21847.8;682.67;4.548;1.86381
0.919999;21629.3;218.478;21847.8;682.67;4.4259;1.86381
0.929999;21629.3;218.478;21847.8;682.67;3.6698;1.86381
0.939999;21629.3;218.478;21847.8;682.67;4.2072;1.86381
0.949999;21629.3;218.478;21847.8;682.67;4.4814;1.86381
0.959999;21629.3;218.478;21847.8;682.67;4.5248;1.86381
0.969999;21629.3;218.478;21847.8;682.67;4.4848;1.86381
0.979999;21629.3;218.478;21847.8;682.67;4.6013;1.86381
0.989999;21629.3;218.478;21847.8;682.67;5.3507;1.86381
0.999999;21629.3;218.478;21847.8;682.67;5.2186;1.86381
1.01;21629.3;218.478;21847.8;682.67;4.5281;1.86381
1.02;21629.3;218.478;21847.8;682.67;4.3018;1.86381
1.03;21629.3;218.478;21847.8;682.67;4.5594;1.86381
1.04;21629.3;218.478;21847.8;682.67;5.7666;1.86381
1.05;21629.3;218.478;21847.8;682.67;5.1494;1.86381
1.06;21629.3;218.478;21847.8;682.67;4.1609;1.86381
1.07;21629.3;218.478;21847.8;682.67;5.1175;1.86381
1.08;21629.3;218.478;21847.8;682.67;5.3388;1.86381
1.09;21629.3;218.478;21847.8;682.67;5.2491;1.86381
1.1;21629.3;218.478;21847.8;682.67;5.0185;1.86381
1.11;21629.3;218.478;21847.8;682.67;4.5702;1.86381
1.12;21629.3;218.478;21847.8;682.67;5.1224;1.86381
1.13;21629.3;218.478;21847.8;682.67;5.0865;1.86381
1.14;21629.3;218.478;21847.8;682.67;5.2864;1.86381
1.15;21629.3;218.478;21847.8;682.67;4.9562;1.86381
1.16;21629.3;218.478;21847.8;682.67;4.725;1.86381
1.17;21629.3;218.478;21847.8;682.67;5.6011;1.86381
1.18;21629.3;218.478;21847.8;682.67;5.3287;1.86381
1.19;21629.3;218.478;21847.8;682.67;4.5037;1.86381
1.2;21629.3;218.478;21847.8;682.67;4.1616;1.86381
1.21;21629.3;218.478;21847.8;682.67;3.917;1.86381
1.22;21629.3;218.478;21847.8;682.67;5.8635;1.86381
1.23;21629.3;218.478;21847.8;682.67;6.37;1.86381
1.24;21629.3;218.478;21847.8;682.67;5.8827;1.86381
1.25;21629.3;218.478;21847.8;682.67;5.4047;1.86381
1.26;21629.3;218.478;21847.8;682.67;4.3223;1.86381
1.27;21629.3;218.478;21847.8;682.67;5.0749;1.86381
1.28;21629.3;218.478;21847.8;682.67;6.131;1.86381
1.29;21629.3;218.478;21847.8;682.67;5.4889;1.86381
1.3;21629.3;218.478;21847.8;682.67;4.7411;1.86381
1.31;21629.3;218.478;21847.8;682.67;4.0926;1.86381
1.32;21629.3;218.478;21847.8;682.67;4.8466;1.86381
1.33;21629.3;218.478;21847.8;682.67;5.1606;1.86381
1.34;21629.3;218.478;21847.8;682.67;5.8037;1.86381
1.35;21629.3;218.478;21847.8;682.67;5.2633;1.86381
1.36;21629.3;218.478;21847.8;682.67;4.4812;1.86381
1.37;21629.3;218.478;21847.8;682.67;5.4944;1.86381
1.38;21629.3;218.478;21847.8;682.67;5.651;1.86381
1.39;21629.3;218.478;21847.8;682.67;4.9936;1.86381
1.4;21629.3;218.478;21847.8;682.67;4.7194;1.86381
1.41;21629.3;218.478;21847.8;682.67;5.121;1.86381
1.42;21629.3;218.478;21847.8;682.67;5.9573;1.86381
1.43;21629.3;218.478;21847.8;682.67;5.2934;1.86381
1.44;21629.3;218.478;21847.8;682.67;4.7487;1.86381
1.45;21629.3;218.478;21847.8;682.67;5.0523;1.86381
1.46;21629.3;218.478;21847.8;682.67;5.2842;1.86381
1.47;21629.3;218.478;21847.8;682.67;5.2563;1.86381
1.48;21629.3;218.478;21847.8;682.67;4.8121;1.86381
1.49;21629.3;218.478;21847.8;682.67;4.2563;1.86381
1.5;21629.3;218.478;21847.8;682.67;4.9179;1.86381
1.51;21629.3;218.478;21847.8;682.67;5.2889;1.86381
1.52;21629.3;218.478;21847.8;682.67;5.5099;1.86381
1.53;21629.3;218.478;21847.8;682.67;5.541;1.86381
1.54;21629.3;218.478;21847.8;682.67;4.6845;1.86381
1.55;21629.3;218.478;21847.8;682.67;4.5145;1.86381
1.56;21629.3;218.478;21847.8;682.67;4.6205;1.86381
1.57;21629.3;218.478;21847.8;682.67;4.201;1.86381
1.58;21629.3;218.478;21847.8;682.67;5.0789;1.86381
1.59;21629.3;218.478;21847.8;682.67;5.0082;1.86381
1.6;21629.3;218.478;21847.8;682.67;4.9997;1.86381
1.61;21629.3;218.478;21847.8;682.67;5.5425;1.86381
1.62;21629.3;218.478;21847.8;682.67;4.7836;1.86381
1.63;21629.3;218.478;21847.8;682.67;4.0687;1.86381
1.64;21629.3;218.478;21847.8;682.67;4.3179;1.86381
1.65;21629.3;218.478;21847.8;682.67;4.8321;1.86381
1.66;21629.3;218.478;21847.8;682.67;6.1469;1.86381
1.67;21629.3;218.478;21847.8;682.67;5.164;1.86381
1.68;21629.3;218.478;21847.8;682.67;4.199;1.86381
1.69;21629.3;218.478;21847.8;682.67;4.5499;1.86381
1.7;21629.3;218.478;21847.8;682.67;5.5375;1.86381
1.71;21629.3;218.478;21847.8;682.67;5.3071;1.86381
1.72;21629.3;218.478;21847.8;682.67;4.8022;1.86381
1.73;21629.3;218.478;21847.8;682.67;4.1887;1.86381
1.74;21629.3;218.478;21847.8;682.67;5.0599;1.86381
1.75;21629.3;218.478;21847.8;682.67;5.1049;1.86381
1.76;21629.3;218.478;21847.8;682.67;5.3901;1.86381
1.77;21629.3;218.478;21847.8;682.67;5.6556;1.86381
1.78;21629.3;218.478;21847.8;682.67;4.9593;1.86381
1.79;21629.3;218.478;21847.8;682.67;4.839;1.86381
1.8;21629.3;218.478;21847.8;682.67;4.9278;1.86381
1.81;21629.3;218.478;21847.8;682.67;4.7601;1.86381
1.82;21629.3;218.478;21847.8;682.67;5.5302;1.86381
1.83;21629.3;218.478;21847.8;682.67;5.3332;1.86381
1.84;21629.3;218.478;21847.8;682.67;4.9429;1.86381
1.85;21629.3;218.478;21847.8;682.67;5.0655;1.86381
1.86;21629.3;218.478;21847.8;682.67;5.0614;1.86381
1.87;21629.3;218.478;21847.8;682.67;5.5733;1.86381
1.88;21629.3;218.478;21847.8;682.67;5.3459;1.86381
1.89;21629.3;218.478;21847.8;682.67;5.0101;1.86381
1.9;21629.3;218.478;21847.8;682.67;5.4633;1.86381
1.91;21629.3;218.478;21847.8;682.67;4.8444;1.86381
1.92;21629.3;218.478;21847.8;682.67;4.9408;1.86381
1.93;21629.3;218.478;21847.8;682.67;5.591;1.86381
1.94;21629.3;218.478;21847.8;682.67;5.6017;1.86381
1.95;21629.3;218.478;21847.8;682.67;5.6522;1.86381
1.96;21629.3;218.478;21847.8;682.67;5.0095;1.86381
1.97;21629.3;218.478;21847.8;682.67;4.0878;1.86381
1.98;21629.3;218.478;21847.8;682.67;4.9659;1.86381
1.99;21629.3;218.478;21847.8;682.67;5.0793;1.86381
2;21629.3;218.478;21847.8;682.67;5.5457;1.86381
2.01;21629.3;218.478;21847.8;682.67;5.8811;1.86381
2.02;21629.3;218.478;21847.8;682.67;5.3114;1.86381
2.03;21629.3;218.478;21847.8;682.67;4.9778;1.86381
2.04;21629.3;218.478;21847.8;682.67;4.6228;1.86381
2.05;21629.3;218.478;21847.8;682.67;4.9397;1.86381
2.06;21629.3;218.478;21847.8;682.67;5.4079;1.86381
2.07;21629.3;218.478;21847.8;682.67;5.1881;1.86381
2.08;21629.3;218.478;21847.8;682.67;5.2387;1.86381
2.09;21629.3;218.478;21847.8;682.67;4.7207;1.86381
2.1;21629.3;218.478;21847.8;682.67;4.9302;1.86381
2.11;21629.3;218.478;21847.8;682.67;5.4629;1.86381
2.12;21629.3;218.478;21847.8;682.67;5.7509;1.86381
2.13;21629.3;218.478;21847.8;682.67;6.5973;1.86381
2.14;21629.3;218.478;21847.8;682.67;5.5507;1.86381
2.15;21629.3;218.478;21847.8;682.67;4.8826;1.86381
2.16;21629.3;218.478;21847.8;682.67;4.9497;1.86381
2.17;21629.3;218.478;21847.8;682.67;4.9193;1.86381
2.18;21629.3;218.478;21847.8;682.67;6.083;1.86381
2.19;21629.3;218.478;21847.8;682.67;6.0546;1.86381
2.2;21629.3;218.478;21847.8;682.67;5.2836;1.86381
2.21;21629.3;218.478;21847.8;682.67;5.0241;1.86381
2.22;21629.3;218.478;21847.8;682.67;4.881;1.86381
2.23;21629.3;218.478;21847.8;682.67;5.8047;1.86381
2.24;21629.3;218.478;21847.8;682.67;5.821;1.86381
2.25;21629.3;218.478;21847.8;682.67;5.8968;1.86381
2.26;21629.3;218.478;21847.8;682.67;5.1292;1.86381
2.27;21629.3;218.478;21847.8;682.67;4.352;1.86381
2.28;21629.3;218.478;21847.8;682.67;5.6563;1.86381
2.29;21629.3;218.478;21847.8;682.67;6.1093;1.86381
2.3;21629.3;218.478;21847.8;682.67;5.9143;1.86381
2.31;21629.3;218.478;21847.8;682.67;5.7837;1.86381
2.32;21629.3;218.478;21847.8;682.67;5.0438;1.86381
2.33;21629.3;218.478;21847.8;682.67;5.1003;1.86381
2.34;21629.3;218.478;21847.8;682.67;5.4338;1.86381
2.35;21629.3;218.478;21847.8;682.67;5.6481;1.86381
2.36;21629.3;218.478;21847.8;682.67;5.9715;1.86381
2.37;21629.3;218.478;21847.8;682.67;5.4081;1.86381
2.38;21629.3;218.478;21847.8;682.67;4.7883;1.86381
2.39;21629.3;218.478;21847.8;682.67;5.0592;1.86381
2.4;21629.3;218.478;21847.8;682.67;5.7332;1.86381
2.41;21629.3;218.478;21847.8;682.67;6.608;1.86381
2.42;21629.3;218.478;21847.8;682.67;5.9524;1.86381
2.43;21629.3;218.478;21847.8;682.67;5.1983;1.86381
2.44;21629.3;218.478;21847.8;682.67;5.6806;1.86381
2.45;21629.3;218.478;21847.8;682.67;5.2624;1.86381
2.46;21629.3;218.478;21847.8;682.67;5.2603;1.86381
2.47;21629.3;218.478;21847.8;682.67;5.9611;1.86381
2.48;21629.3;218.478;21847.8;682.67;5.603;1.86381
2.49;21629.3;218.478;21847.8;682.67;5.2663;1.86381
2.5;21629.3;218.478;21847.8;682.67;4.6472;1.86381
2.51;21629.3;218.478;21847.8;682.67;4.7048;1.86381
2.52;21629.3;218.478;21847.8;682.67;5.7929;1.86381
2.53;21629.3;218.478;21847.8;682.67;5.9246;1.86381
2.54;21629.3;218.478;21847.8;682.67;5.2786;1.86381
2.55;21629.3;218.478;21847.8;682.67;5.0015;1.86381
2.56;21629.3;218.478;21847.8;682.67;4.7283;1.86381
2.57;21629.3;218.478;21847.8;682.67;5.6087;1.86381
2.58;21629.3;218.478;21847.8;682.67;5.5861;1.86381
2.59;21629.3;218.478;21847.8;682.67;5.3509;1.86381
2.6;21629.3;218.478;21847.8;682.67;5.44;1.86381
2.61;21629.3;218.478;21847.8;682.67;4.7856;1.86381
2.62;21629.3;218.478;21847.8;682.67;5.0246;1.86381
2.63;21629.3;218.478;21847.8;682.67;5.3035;1.86381
2.64;21629.3;218.478;21847.8;682.67;5.055;1.86381
2.65;21629.3;218.478;21847.8;682.67;5.9082;1.86381
2.66;21629.3;218.478;21847.8;682.67;5.3568;1.86381
2.67;21629.3;218.478;21847.8;682.67;4.05;1.86381
2.68;21629.3;218.478;21847.8;682.67;4.5623;1.86381
2.69;21629.3;218.478;21847.8;682.67;5.4019;1.86381
2.7;21629.3;218.478;21847.8;682.67;5.5169;1.86381
2.71;21629.3;218.478;21847.8;682.67;5.4516;1.86381
2.72;21629.3;218.478;21847.8;682.67;4.5922;1.86381
2.73;21629.3;218.478;21847.8;682.67;4.4431;1.86381
2.74;21629.3;218.478;21847.8;682.67;4.931;1.86381
2.75;21629.3;218.478;21847.8;682.67;5.1461;1.86381
2.76;21629.3;218.478;21847.8;682.67;5.2185;1.86381
2.77;21629.3;218.478;21847.8;682.67;4.8441;1.86381
2.78;21629.3;218.478;21847.8;682.67;4.8776;1.86381
2.79;21629.3;218.478;21847.8;682.67;4.7693;1.86381
2.8;21629.3;218.478;21847.8;682.67;4.8239;1.86381
2.81;21629.3;218.478;21847.8;682.67;5.7941;1.86381
2.82;21629.3;218.478;21847.8;682.67;5.0816;1.86381
2.83;21629.3;218.478;21847.8;682.67;4.7138;1.86381
2.84;21629.3;218.478;21847.8;682.67;4.7844;1.86381
2.85;21629.3;218.478;21847.8;682.67;4.3834;1.86381
2.86;21629.3;218.478;21847.8;682.67;4.9651;1.86381
2.87;21629.3;218.478;21847.8;682.67;5.0829;1.86381
2.88;21629.3;218.478;21847.8;682.67;4.6905;1.86381
2.89;21629.3;218.478;21847.8;682.67;5.1726;1.86381
2.9;21629.3;218.478;21847.8;682.67;4.9588;1.86381
2.91;21629.3;218.478;21847.8;682.67;4.8244;1.86381
2.92;21629.3;218.478;21847.8;682.67;4.6128;1.86381
2.93;21629.3;218.478;21847.8;682.67;4.562;1.86381
2.94;21629.3;218.478;21847.8;682.67;5.2494;1.86381
2.95;21629.3;218.478;21847.8;682.67;5.0434;1.86381
2.96;21629.3;218.478;21847.8;682.67;5.2233;1.86381
2.97;21629.3;218.478;21847.8;682.67;4.9352;1.86381
2.98;21629.3;218.478;21847.8;682.67;4.7251;1.86381
2.99;21629.3;218.478;21847.8;682.67;5.0936;1.86381
3;21629.3;218.478;21847.8;682.67;4.973;1.86381
3.01;21629.3;218.478;21847.8;682.67;5.0452;1.86381
3.02;21629.3;218.478;21847.8;682.67;4.7415;1.86381
3.03;21629.3;218.478;21847.8;682.67;4.5639;1.86381
3.04;21629.3;218.478;21847.8;682.67;4.9205;1.86381
3.05;21629.3;218.478;21847.8;682.67;4.6018;1.86381
3.06;21629.3;218.478;21847.8;682.67;5.0093;1.86381
3.07;21629.3;218.478;21847.8;682.67;4.8267;1.86381
3.08;21629.3;218.478;21847.8;682.67;4.8432;1.86381
3.09;21629.3;218.478;21847.8;682.67;5.2166;1.86381
3.1;21629.3;218.478;21847.8;682.67;5.1419;1.86381
3.11;21629.3;218.478;21847.8;682.67;5.2636;1.86381
3.12;21629.3;218.478;21847.8;682.67;4.5852;1.86381
3.13;21629.3;218.478;21847.8;682.67;4.2665;1.86381
3.14;21629.3;218.478;21847.8;682.67;4.3737;1.86381
3.15;21629.3;218.478;21847.8;682.67;4.2329;1.86381
3.16;21629.3;218.478;21847.8;682.67;5.1905;1.86381
3.17;21629.3;218.478;21847.8;682.67;5.1223;1.86381
3.18;21629.3;218.478;21847.8;682.67;4.5843;1.86381
3.19;21629.3;218.478;21847.8;682.67;5.0052;1.86381
3.2;21629.3;218.478;21847.8;682.67;4.6521;1.86381
3.21;21629.3;218.478;21847.8;682.67;3.9673;1.86381
3.22;21629.3;218.478;21847.8;682.67;4.513;1.86381
3.23;21629.3;218.478;21847.8;682.67;4.7368;1.86381
3.24;21629.3;218.478;21847.8;682.67;4.8321;1.86381
3.25;21629.3;218.478;21847.8;682.67;4.7042;1.86381
3.26;21629.3;218.478;21847.8;682.67;4.7824;1.86381
3.27;21629.3;218.478;21847.8;682.67;5.8477;1.86381
3.28;21629.3;218.478;21847.8;682.67;5.8496;1.86381
3.29;21629.3;218.478;21847.8;682.67;4.951;1.86381
3.3;21629.3;218.478;21847.8;682.67;4.5691;1.86381
3.31;21629.3;218.478;21847.8;682.67;4.6294;1.86381
3.32;21629.3;218.478;21847.8;682.67;6.4195;1.86381
3.33;21629.3;218.478;21847.8;682.67;6.2077;1.86381
3.34;21629.3;218.478;21847.8;682.67;5.5738;1.86381
3.35;21629.3;218.478;21847.8;682.67;5.6216;1.86381
3.36;21629.3;218.478;21847.8;682.67;5.188;1.86381
3.37;21629.3;218.478;21847.8;682.67;4.9721;1.86381
3.38;21629.3;218.478;21847.8;682.67;5.3662;1.86381
3.39;21629.3;218.478;21847.8;682.67;5.3681;1.86381
3.4;21629.3;218.478;21847.8;682.67;5.5296;1.86381
3.41;21629.3;218.478;21847.8;682.67;5.2902;1.86381
3.42;21629.3;218.478;21847.8;682.67;5.0894;1.86381
3.43;21629.3;218.478;21847.8;682.67;6.3023;1.86381
3.44;21629.3;218.478;21847.8;682.67;6.4843;1.86381
3.45;21629.3;218.478;21847.8;682.67;6.0201;1.86381
3.46;21629.3;218.478;21847.8;682.67;5.2815;1.86381
3.47;21629.3;218.478;21847.8;682.67;4.7242;1.86381
3.48;21629.3;218.478;21847.8;682.67;6.0362;1.86381
3.49;21629.3;218.478;21847.8;682.67;6.3108;1.86381
3.5;21629.3;218.478;21847.8;682.67;6.0193;1.86381
3.51;21629.3;218.478;21847.8;682.67;6.2862;1.86381
3.52;21629.3;218.478;21847.8;682.67;5.4365;1.86381
3.53;21629.3;218.478;21847.8;682.67;5.246;1.86381
3.54;21629.3;218.478;21847.8;682.67;5.6522;1.86381
3.55;21629.3;218.478;21847.8;682.67;5.8832;1.86381
3.56;21629.3;218.478;21847.8;682.67;6.173;1.86381
3.57;21629.3;218.478;21847.8;682.67;5.5209;1.86381
3.58;21629.3;218.478;21847.8;682.67;4.8657;1.86381
3.59;21629.3;218.478;21847.8;682.67;5.416;1.86381
3.6;21629.3;218.478;21847.8;682.67;5.9263;1.86381
3.61;21629.3;218.478;21847.8;682.67;6.3334;1.86381
3.62;21629.3;218.478;21847.8;682.67;5.8042;1.86381
3.63;21629.3;218.478;21847.8;682.67;5.154;1.86381
3.64;21629.3;218.478;21847.8;682.67;5.6968;1.86381
3.65;21629.3;218.478;21847.8;682.67;5.221;1.86381
3.66;21629.3;218.478;21847.8;682.67;5.1951;1.86381
3.67;21629.3;218.478;21847.8;682.67;6.0039;1.86381
3.68;21629.3;218.478;21847.8;682.67;5.6647;1.86381
3.69;21629.3;218.478;21847.8;682.67;5.0352;1.86381
3.7;21629.3;218.478;21847.8;682.67;4.4155;1.86381
3.71;21629.3;218.478;21847.8;682.67;4.7668;1.86381
3.72;21629.3;218.478;21847.8;682.67;5.7649;1.86381
3.73;21629.3;218.478;21847.8;682.67;5.7421;1.86381
3.74;21629.3;218.478;21847.8;682.67;5.0676;1.86381
3.75;21629.3;218.478;21847.8;682.67;4.9502;1.86381
3.76;21629.3;218.478;21847.8;682.67;5.0901;1.86381
3.77;21629.3;218.478;21847.8;682.67;5.6485;1.86381
3.78;21629.3;218.478;21847.8;682.67;5.3776;1.86381
3.79;21629.3;218.478;21847.8;682.67;5.295;1.86381
3.8;21629.3;218.478;21847.8;682.67;5.6766;1.86381
3.81;21629.3;218.478;21847.8;682.67;5.3526;1.86381
3.82;21629.3;218.478;21847.8;682.67;4.9924;1.86381
3.83;21629.3;218.478;21847.8;682.67;4.8091;1.86381
3.84;21629.3;218.478;21847.8;682.67;4.7084;1.86381
3.85;21629.3;218.478;21847.8;682.67;6.0757;1.86381
3.86;21629.3;218.478;21847.8;682.67;5.8788;1.86381
3.87;21629.3;218.478;21847.8;682.67;5.4195;1.86381
3.88;21629.3;218.478;21847.8;682.67;4.7728;1.86381
3.89;21629.3;218.478;21847.8;682.67;4.512;1.86381
3.9;21629.3;218.478;21847.8;682.67;5.7528;1.86381
3.91;21629.3;218.478;21847.8;682.67;6.0207;1.86381
3.92;21629.3;218.478;21847.8;682.67;6.3815;1.86381
3.93;21629.3;218.478;21847.8;682.67;5.7114;1.86381
3.94;21629.3;218.478;21847.8;682.67;5.2291;1.86381
3.95;21629.3;218.478;21847.8;682.67;5.3278;1.86381
3.96;21629.3;218.478;21847.8;682.67;5.6179;1.86381
3.97;21629.3;218.478;21847.8;682.67;5.9342;1.86381
3.98;21629.3;218.478;21847.8;682.67;5.4832;1.86381
3.99;21629.3;218.478;21847.8;682.67;5.3332;1.86381
4;21629.3;218.478;21847.8;682.67;5.0423;1.86381
4.01;21629.3;218.478;21847.8;682.67;4.5999;1.86381
4.02;21629.3;218.478;21847.8;682.67;5.3907;1.86381
4.03;21629.3;218.478;21847.8;682.67;5.1848;1.86381
4.04;21629.3;218.478;21847.8;682.67;5.3406;1.86381
4.05;21629.3;218.478;21847.8;682.67;5.7843;1.86381
4.06;21629.3;218.478;21847.8;682.67;5.745;1.86381
4.07;21629.3;218.478;21847.8;682.67;5.3271;1.86381
4.08;21629.3;218.478;21847.8;682.67;4.6969;1.86381
4.09;21629.3;218.478;21847.8;682.67;4.6333;1.86381
4.1;21629.3;218.478;21847.8;682.67;5.1543;1.86381
4.11;21629.3;218.478;21847.8;682.67;4.9029;1.86381
4.12;21629.3;218.478;21847.8;682.67;5.0182;1.86381
4.13;21629.3;218.478;21847.8;682.67;5.1165;1.86381
4.14;21629.3;218.478;21847.8;682.67;4.9223;1.86381
4.15;21629.3;218.478;21847.8;682.67;4.8627;1.86381
4.16;21629.3;218.478;21847.8;682.67;4.5299;1.86381
4.17;21629.3;218.478;21847.8;682.67;4.0092;1.86381
4.18;21629.3;218.478;21847.8;682.67;4.7382;1.86381
4.19;21629.3;218.478;21847.8;682.67;4.7059;1.86381
4.2;21629.3;218.478;21847.8;682.67;4.4373;1.86381
4.21;21629.3;218.478;21847.8;682.67;4.7715;1.86381
4.22;21629.3;218.478;21847.8;682.67;4.3454;1.86381
4.23;21629.3;218.478;21847.8;682.67;4.5065;1.86381
4.24;21629.3;218.478;21847.8;682.67;4.976;1.86381
4.25;21629.3;218.478;21847.8;682.67;4.3436;1.86381
4.26;21629.3;218.478;21847.8;682.67;4.5424;1.86381
4.27;21629.3;218.478;21847.8;682.67;4.6579;1.86381
4.28;21629.3;218.478;21847.8;682.67;4.7555;1.86381
4.29;21629.3;218.478;21847.8;682.67;4.7882;1.86381
4.3;21629.3;218.478;21847.8;682.67;4.7372;1.86381
4.31;21629.3;218.478;21847.8;682.67;5.1903;1.86381
4.32;21629.3;218.478;21847.8;682.67;4.531;1.86381
4.33;21629.3;218.478;21847.8;682.67;4.0778;1.86381
4.34;21629.3;218.478;21847.8;682.67;4.9177;1.86381
4.35;21629.3;218.478;21847.8;682.67;5.1019;1.86381
4.36;21629.3;218.478;21847.8;682.67;5.2964;1.86381
4.37001;21629.3;218.478;21847.8;682.67;5.4424;1.86381
4.38001;21629.3;218.478;21847.8;682.67;4.6501;1.86381
4.39001;21629.3;218.478;21847.8;682.67;4.8088;1.86381
4.40001;21629.3;218.478;21847.8;682.67;4.9636;1.86381
4.41001;21629.3;218.478;21847.8;682.67;4.85;1.86381
4.42001;21629.3;218.478;21847.8;682.67;5.1451;1.86381
4.43001;21629.3;218.478;21847.8;682.67;4.851;1.86381
4.44001;21629.3;218.478;21847.8;682.67;4.8616;1.86381
4.45001;21629.3;218.478;21847.8;682.67;4.9611;1.86381
4.46001;21629.3;218.478;21847.8;682.67;5.2984;1.86381
4.47001;21629.3;218.478;21847.8;682.67;6.8271;1.86381
4.48001;21629.3;218.478;21847.8;682.67;6.0008;1.86381
4.49001;21629.3;218.478;21847.8;682.67;5.05;1.86381
4.50001;21629.3;218.478;21847.8;682.67;4.8642;1.86381
4.51001;21629.3;218.478;21847.8;682.67;5.0784;1.86381
4.52001;21629.3;218.478;21847.8;682.67;6.1488;1.86381
4.53001;21629.3;218.478;21847.8;682.67;6.0033;1.86381
4.54001;21629.3;218.478;21847.8;682.67;5.3083;1.86381
4.55001;21629.3;218.478;21847.8;682.67;5.4691;1.86381
4.56001;21629.3;218.478;21847.8;682.67;5.4025;1.86381
4.57001;21629.3;218.478;21847.8;682.67;5.2489;1.86381
4.58001;21629.3;218.478;21847.8;682.67;5.4894;1.86381
4.59001;21629.3;218.478;21847.8;682.67;5.5327;1.86381
4.60001;21629.3;218.478;21847.8;682.67;5.8968;1.86381
4.61001;21629.3;218.478;21847.8;682.67;5.3837;1.86381
4.62001;21629.3;218.478;21847.8;682.67;5.2818;1.86381
4.63001;21629.3;218.478;21847.8;682.67;5.5971;1.86381
4.64001;21629.3;218.478;21847.8;682.67;5.4423;1.86381
4.65001;21629.3;218.478;21847.8;682.67;5.373;1.86381
4.66001;21629.3;218.478;21847.8;682.67;5.0737;1.86381
4.67001;21629.3;218.478;21847.8;682.67;4.5725;1.86381
4.68001;21629.3;218.478;21847.8;682.67;5.2908;1.86381
4.69001;21629.3;218.478;21847.8;682.67;5.112;1.86381
4.70001;21629.3;218.478;21847.8;682.67;5.2607;1.86381
4.71001;21629.3;218.478;21847.8;682.67;5.5877;1.86381
4.72001;21629.3;218.478;21847.8;682.67;5.3739;1.86381
4.73001;21629.3;218.478;21847.8;682.67;5.4294;1.86381
4.74001;21629.3;218.478;21847.8;682.67;4.8593;1.86381
4.75001;21629.3;218.478;21847.8;682.67;4.5365;1.86381
4.76001;21629.3;218.478;21847.8;682.67;4.6372;1.86381
4.77001;21629.3;218.478;21847.8;682.67;4.5227;1.86381
4.78001;21629.3;218.478;21847.8;682.67;5.0687;1.86381
4.79001;21629.3;218.478;21847.8;682.67;4.7993;1.86381
4.80001;21629.3;218.478;21847.8;682.67;4.5839;1.86381
4.81002;21629.3;218.478;21847.8;682.67;4.6161;1.86381
4.82002;21629.3;218.478;21847.8;682.67;4.3951;1.86381
4.83002;21629.3;218.478;21847.8;682.67;5.1993;1.86381
4.84002;21629.3;218.478;21847.8;682.67;4.985;1.86381
4.85002;21629.3;218.478;21847.8;682.67;4.6672;1.86381
4.86002;21629.3;218.478;21847.8;682.67;4.326;1.86381
4.87002;21629.3;218.478;21847.8;682.67;4.2481;1.86381
4.88002;21629.3;218.478;21847.8;682.67;5.0696;1.86381
4.89002;21629.3;218.478;21847.8;682.67;5.0811;1.86381
4.90002;21629.3;218.478;21847.8;682.67;5.0528;1.86381
4.91002;21629.3;218.478;21847.8;682.67;4.7597;1.86381
4.92002;21629.3;218.478;21847.8;682.67;4.1622;1.86381
4.93002;21629.3;218.478;21847.8;682.67;5.1355;1.86381
4.94002;21629.3;218.478;21847.8;682.67;5.0078;1.86381
4.95002;21629.3;218.478;21847.8;682.67;5.1435;1.86381
4.96002;21629.3;218.478;21847.8;682.67;5.1877;1.86381
4.97002;21629.3;218.478;21847.8;682.67;4.913;1.86381
4.98002;21629.3;218.478;21847.8;682.67;4.6853;1.86381
4.99002;21629.3;218.478;21847.8;682.67;4.5093;1.86381
5.00002;21629.3;218.478;21847.8;682.67;4.3475;1.86381
5.01002;21629.3;218.478;21847.8;682.67;5.9904;1.86381
5.02002;21629.3;218.478;21847.8;682.67;5.5071;1.86381
5.03002;21629.3;218.478;21847.8;682.67;4.2639;1.86381
5.04002;21629.3;218.478;21847.8;682.67;4.4971;1.86381
5.05002;21629.3;218.478;21847.8;682.67;4.8263;1.86381
5.06002;21629.3;218.478;21847.8;682.67;5.1554;1.86381
5.07002;21629.3;218.478;21847.8;682.67;5.3808;1.86381
5.08002;21629.3;218.478;21847.8;682.67;4.5183;1.86381
5.09002;21629.3;218.478;21847.8;682.67;4.5696;1.86381
5.10002;21629.3;218.478;21847.8;682.67;4.7161;1.86381
5.11002;21629.3;218.478;21847.8;682.67;5.0303;1.86381
5.12002;21629.3;218.478;21847.8;682.67;5.0076;1.86381
5.13002;21629.3;218.478;21847.8;682.67;4.9018;1.86381
5.14002;21629.3;218.478;21847.8;682.67;4.9199;1.86381
5.15002;21629.3;218.478;21847.8;682.67;4.4928;1.86381
5.16002;21629.3;218.478;21847.8;682.67;4.4535;1.86381
5.17002;21629.3;218.478;21847.8;682.67;5.8134;1.86381
5.18002;21629.3;218.478;21847.8;682.67;5.4482;1.86381
5.19002;21629.3;218.478;21847.8;682.67;4.7479;1.86381
5.20002;21629.3;218.478;21847.8;682.67;4.7231;1.86381
5.21002;21629.3;218.478;21847.8;682.67;4.5519;1.86381
5.22002;21629.3;218.478;21847.8;682.67;5.4992;1.86381
5.23002;21629.3;218.478;21847.8;682.67;5.476;1.86381
5.24003;21629.3;218.478;21847.8;682.67;4.8011;1.86381
5.25003;21629.3;218.478;21847.8;682.67;5.2753;1.86381
5.26003;21629.3;218.478;21847.8;682.67;5.303;1.86381
5.27003;21629.3;218.478;21847.8;682.67;4.5921;1.86381
5.28003;21629.3;218.478;21847.8;682.67;4.2826;1.86381
5.29003;21629.3;218.478;21847.8;682.67;4.6617;1.86381
5.30003;21629.3;218.478;21847.8;682.67;4.9445;1.86381
5.31003;21629.3;218.478;21847.8;682.67;4.8404;1.86381
5.32003;21629.3;218.478;21847.8;682.67;4.3613;1.86381
5.33003;21629.3;218.478;21847.8;682.67;4.8245;1.86381
5.34003;21629.3;218.478;21847.8;682.67;4.9351;1.86381
5.35003;21629.3;218.478;21847.8;682.67;5.2681;1.86381
5.36003;21629.3;218.478;21847.8;682.67;4.9485;1.86381
5.37003;21629.3;218.478;21847.8;682.67;4.3815;1.86381
5.38003;21629.3;218.478;21847.8;682.67;5.5562;1.86381
5.39003;21629.3;218.478;21847.8;682.67;5.1122;1.86381
5.40003;21629.3;218.478;21847.8;682.67;4.8743;1.86381
5.41003;21629.3;218.478;21847.8;682.67;5.8392;1.86381
5.42003;21629.3;218.478;21847.8;682.67;5.329;1.86381
5.43003;21629.3;218.478;21847.8;682.67;4.5106;1.86381
5.44003;21629.3;218.478;21847.8;682.67;4.7165;1.86381
5.45003;21629.3;218.478;21847.8;682.67;5.1657;1.86381
5.46003;21629.3;218.478;21847.8;682.67;5.0918;1.86381
5.47003;21629.3;218.478;21847.8;682.67;4.9889;1.86381
5.48003;21629.3;218.478;21847.8;682.67;5.0275;1.86381
5.49003;21629.3;218.478;21847.8;682.67;5.2138;1.86381
5.50003;21629.3;218.478;21847.8;682.67;5.2518;1.86381
5.51003;21629.3;218.478;21847.8;682.67;5.6208;1.86381
5.52003;21629.3;218.478;21847.8;682.67;4.9392;1.86381
5.53003;21629.3;218.478;21847.8;682.67;4.4675;1.86381
5.54003;21629.3;218.478;21847.8;682.67;5.2046;1.86381
5.55003;21629.3;218.478;21847.8;682.67;4.9711;1.86381
5.56003;21629.3;218.478;21847.8;682.67;5.1737;1.86381
5.57003;21629.3;218.478;21847.8;682.67;5.8082;1.86381
5.58003;21629.3;218.478;21847.8;682.67;4.9565;1.86381
5.59003;21629.3;218.478;21847.8;682.67;4.8297;1.86381
5.60003;21629.3;218.478;21847.8;682.67;4.8931;1.86381
5.61003;21629.3;218.478;21847.8;682.67;4.3074;1.86381
5.62003;21629.3;218.478;21847.8;682.67;4.8583;1.86381
5.63003;21629.3;218.478;21847.8;682.67;5.2373;1.86381
5.64003;21629.3;218.478;21847.8;682.67;4.9278;1.86381
5.65003;21629.3;218.478;21847.8;682.67;4.6814;1.86381
5.66003;21629.3;218.478;21847.8;682.67;4.9988;1.86381
5.67003;21629.3;218.478;21847.8;682.67;4.9348;1.86381
5.68004;21629.3;218.478;21847.8;682.67;5.2682;1.86381
5.69004;21629.3;218.478;21847.8;682.67;6.1178;1.86381
5.70004;21629.3;218.478;21847.8;682.67;5.2279;1.86381
5.71004;21629.3;218.478;21847.8;682.67;4.968;1.86381
5.72004;21629.3;218.478;21847.8;682.67;5.0256;1.86381
5.73004;21629.3;218.478;21847.8;682.67;4.1769;1.86381
5.74004;21629.3;218.478;21847.8;682.67;5.2623;1.86381
5.75004;21629.3;218.478;21847.8;682.67;5.3758;1.86381
5.76004;21629.3;218.478;21847.8;682.67;5.4389;1.86381
5.77004;21629.3;218.478;21847.8;682.67;5.6095;1.86381
5.78004;21629.3;218.478;21847.8;682.67;4.7699;1.86381
5.79004;21629.3;218.478;21847.8;682.67;5.1911;1.86381
5.80004;21629.3;218.478;21847.8;682.67;5.4839;1.86381
5.81004;21629.3;218.478;21847.8;682.67;4.999;1.86381
5.82004;21629.3;218.478;21847.8;682.67;4.7236;1.86381
5.83004;21629.3;218.478;21847.8;682.67;4.7492;1.86381
5.84004;21629.3;218.478;21847.8;682.67;4.7931;1.86381
5.85004;21629.3;218.478;21847.8;682.67;4.6909;1.86381
5.86004;21629.3;218.478;21847.8;682.67;4.7031;1.86381
5.87004;21629.3;218.478;21847.8;682.67;5.0205;1.86381
5.88004;21629.3;218.478;21847.8;682.67;4.9412;1.86381
5.89004;21629.3;218.478;21847.8;682.67;5.3081;1.86381
5.90004;21629.3;218.478;21847.8;682.67;5.0043;1.86381
5.91004;21629.3;218.478;21847.8;682.67;4.3691;1.86381
5.92004;21629.3;218.478;21847.8;682.67;4.774;1.86381
5.93004;21629.3;218.478;21847.8;682.67;4.6057;1.86381
5.94004;21629.3;218.478;21847.8;682.67;4.5971;1.86381
5.95004;21629.3;218.478;21847.8;682.67;5.1678;1.86381
5.96004;21629.3;218.478;21847.8;682.67;4.7632;1.86381
5.97004;21629.3;218.478;21847.8;682.67;4.8608;1.86381
5.98004;21629.3;218.478;21847.8;682.67;4.6843;1.86381
5.99004;21629.3;218.478;21847.8;682.67;4.5623;1.86381
6.00004;21629.3;218.478;21847.8;682.67;4.9718;1.86381
6.01004;21629.3;218.478;21847.8;682.67;4.5568;1.86381
6.02004;21629.3;218.478;21847.8;682.67;4.4488;1.86381
6.03004;21629.3;218.478;21847.8;682.67;4.7956;1.86381
6.04004;21629.3;218.478;21847.8;682.67;4.8177;1.86381
6.05004;21629.3;218.478;21847.8;682.67;5.0657;1.86381
6.06004;21629.3;218.478;21847.8;682.67;4.3955;1.86381
6.07004;21629.3;218.478;21847.8;682.67;4.276;1.86381
6.08004;21629.3;218.478;21847.8;682.67;4.8956;1.86381
6.09004;21629.3;218.478;21847.8;682.67;4.8953;1.86381
6.10004;21629.3;218.478;21847.8;682.67;5.0405;1.86381
6.11004;21629.3;218.478;21847.8;682.67;4.9247;1.86381
6.12005;21629.3;218.478;21847.8;682.67;4.5679;1.86381
6.13005;21629.3;218.478;21847.8;682.67;5.4815;1.86381
6.14005;21629.3;218.478;21847.8;682.67;5.2169;1.86381
6.15005;21629.3;218.478;21847.8;682.67;4.9826;1.86381
6.16005;21629.3;218.478;21847.8;682.67;5.1211;1.86381
6.17005;21629.3;218.478;21847.8;682.67;4.9265;1.86381
6.18005;21629.3;218.478;21847.8;682.67;5.0837;1.86381
6.19005;21629.3;218.478;21847.8;682.67;4.8015;1.86381
6.20005;21629.3;218.478;21847.8;682.67;4.534;1.86381
6.21005;21629.3;218.478;21847.8;682.67;6.1803;1.86381
6.22005;21629.3;218.478;21847.8;682.67;5.9792;1.86381
6.23005;21629.3;218.478;21847.8;682.67;5.2062;1.86381
6.24005;21629.3;218.478;21847.8;682.67;4.9904;1.86381
6.25005;21629.3;218.478;21847.8;682.67;4.5477;1.86381
6.26005;21629.3;218.478;21847.8;682.67;5.1832;1.86381
6.27005;21629.3;218.478;21847.8;682.67;5.8161;1.86381
6.28005;21629.3;218.478;21847.8;682.67;5.3421;1.86381
6.29005;21629.3;218.478;21847.8;682.67;5.6025;1.86381
6.30005;21629.3;218.478;21847.8;682.67;4.7469;1.86381
6.31005;21629.3;218.478;21847.8;682.67;4.6198;1.86381
6.32005;21629.3;218.478;21847.8;682.67;5.5779;1.86381
6.33005;21629.3;218.478;21847.8;682.67;5.7939;1.86381
6.34005;21629.3;218.478;21847.8;682.67;5.6647;1.86381
6.35005;21629.3;218.478;21847.8;682.67;5.2685;1.86381
6.36005;21629.3;218.478;21847.8;682.67;4.7526;1.86381
6.37005;21629.3;218.478;21847.8;682.67;5.5066;1.86381
6.38005;21629.3;218.478;21847.8;682.67;5.4242;1.86381
6.39005;21629.3;218.478;21847.8;682.67;5.6891;1.86381
6.40005;21629.3;218.478;21847.8;682.67;5.5052;1.86381
6.41005;21629.3;218.478;21847.8;682.67;5.1507;1.86381
6.42005;21629.3;218.478;21847.8;682.67;5.0699;1.86381
6.43005;21629.3;218.478;21847.8;682.67;4.742;1.86381
6.44005;21629.3;218.478;21847.8;682.67;4.5951;1.86381
6.45005;21629.3;218.478;21847.8;682.67;6.1612;1.86381
6.46005;21629.3;218.478;21847.8;682.67;5.6974;1.86381
6.47005;21629.3;218.478;21847.8;682.67;4.9236;1.86381
6.48005;21629.3;218.478;21847.8;682.67;4.363;1.86381
6.49005;21629.3;218.478;21847.8;682.67;4.3915;1.86381
6.50005;21629.3;218.478;21847.8;682.67;5.6313;1.86381
6.51005;21629.3;218.478;21847.8;682.67;5.581;1.86381
6.52005;21629.3;218.478;21847.8;682.67;5.514;1.86381
6.53005;21629.3;218.478;21847.8;682.67;5.2208;1.86381
6.54005;21629.3;218.478;21847.8;682.67;5.1101;1.86381
6.55006;21629.3;218.478;21847.8;682.67;5.2609;1.86381
6.56006;21629.3;218.478;21847.8;682.67;5.2544;1.86381
6.57006;21629.3;218.478;21847.8;682.67;5.6056;1.86381
6.58006;21629.3;218.478;21847.8;682.67;5.2605;1.86381
6.59006;21629.3;218.478;21847.8;682.67;5.0758;1.86381
6.60006;21629.3;218.478;21847.8;682.67;4.988;1.86381
6.61006;21629.3;218.478;21847.8;682.67;4.2803;1.86381
6.62006;21629.3;218.478;21847.8;682.67;5.0242;1.86381
6.63006;21629.3;218.478;21847.8;682.67;5.1177;1.86381
6.64006;21629.3;218.478;21847.8;682.67;5.4812;1.86381
6.65006;21629.3;218.478;21847.8;682.67;5.7445;1.86381
6.66006;21629.3;218.478;21847.8;682.67;5.0419;1.86381
6.67006;21629.3;218.478;21847.8;682.67;5.4685;1.86381
6.68006;21629.3;218.478;21847.8;682.67;4.9444;1.86381
6.69006;21629.3;218.478;21847.8;682.67;4.2794;1.86381
6.70006;21629.3;218.478;21847.8;682.67;4.6599;1.86381
6.71006;21629.3;218.478;21847.8;682.67;4.8779;1.86381
6.72006;21629.3;218.478;21847.8;682.67;5.8851;1.86381
6.73006;21629.3;218.478;21847.8;682.67;5.5541;1.86381
6.74006;21629.3;218.478;21847.8;682.67;4.6583;1.86381
6.75006;21629.3;218.478;21847.8;682.67;4.5353;1.86381
6.76006;21629.3;218.478;21847.8;682.67;5.028;1.86381
6.77006;21629.3;218.478;21847.8;682.67;5.1314;1.86381
6.78006;21629.3;218.478;21847.8;682.67;5.0035;1.86381
6.79006;21629.3;218.478;21847.8;682.67;4.6442;1.86381
6.80006;21629.3;218.478;21847.8;682.67;4.8951;1.86381
6.81006;21629.3;218.478;21847.8;682.67;4.8267;1.86381
6.82006;21629.3;218.478;21847.8;682.67;5.3756;1.86381
6.83006;21629.3;218.478;21847.8;682.67;5.8645;1.86381
6.84006;21629.3;218.478;21847.8;682.67;5.2067;1.86381
6.85006;21629.3;218.478;21847.8;682.67;4.6694;1.86381
6.86006;21629.3;218.478;21847.8;682.67;4.5619;1.86381
6.87006;21629.3;218.478;21847.8;682.67;4.1706;1.86381
6.88006;21629.3;218.478;21847.8;682.67;6.1386;1.86381
6.89006;21629.3;218.478;21847.8;682.67;6.2168;1.86381
6.90006;21629.3;218.478;21847.8;682.67;5.6143;1.86381
6.91006;21629.3;218.478;21847.8;682.67;5.6635;1.86381
6.92006;21629.3;218.478;21847.8;682.67;4.989;1.86381
6.93006;21629.3;218.478;21847.8;682.67;4.3583;1.86381
6.94006;21629.3;218.478;21847.8;682.67;5.0003;1.86381
6.95006;21629.3;218.478;21847.8;682.67;5.5563;1.86381
6.96006;21629.3;218.478;21847.8;682.67;5.9938;1.86381
6.97006;21629.3;218.478;21847.8;682.67;5.2794;1.86381
6.98006;21629.3;218.478;21847.8;682.67;4.8693;1.86381
6.99007;21629.3;218.478;21847.8;682.67;5.1241;1.86381
7.00007;21629.3;218.478;21847.8;682.67;5.6319;1.86381
7.01007;21629.3;218.478;21847.8;682.67;5.5817;1.86381
7.02007;21629.3;218.478;21847.8;682.67;4.9806;1.86381
7.03007;21629.3;218.478;21847.8;682.67;4.6561;1.86381
7.04007;21629.3;218.478;21847.8;682.67;5.3037;1.86381
7.05007;21629.3;218.478;21847.8;682.67;4.8933;1.86381
7.06007;21629.3;218.478;21847.8;682.67;5.0202;1.86381
7.07007;21629.3;218.478;21847.8;682.67;5.6005;1.86381
7.08007;21629.3;218.478;21847.8;682.67;5.2809;1.86381
7.09007;21629.3;218.478;21847.8;682.67;4.8611;1.86381
7.10007;21629.3;218.478;21847.8;682.67;4.2338;1.86381
7.11007;21629.3;218.478;21847.8;682.67;3.868;1.86381
7.12007;21629.3;218.478;21847.8;682.67;4.9468;1.86381
7.13007;21629.3;218.478;21847.8;682.67;4.931;1.86381
7.14007;21629.3;218.478;21847.8;682.67;5.0657;1.86381
7.15007;21629.3;218.478;21847.8;682.67;5.3968;1.86381
7.16007;21629.3;218.478;21847.8;682.67;4.8246;1.86381
7.17007;21629.3;218.478;21847.8;682.67;4.5745;1.86381
7.18007;21629.3;218.478;21847.8;682.67;4.605;1.86381
7.19007;21629.3;218.478;21847.8;682.67;4.0808;1.86381
7.20007;21629.3;218.478;21847.8;682.67;5.2023;1.86381
7.21007;21629.3;218.478;21847.8;682.67;5.0062;1.86381
7.22007;21629.3;218.478;21847.8;682.67;4.468;1.86381
7.23007;21629.3;218.478;21847.8;682.67;4.8576;1.86381
7.24007;21629.3;218.478;21847.8;682.67;4.7268;1.86381
7.25007;21629.3;218.478;21847.8;682.67;4.4642;1.86381
7.26007;21629.3;218.478;21847.8;682.67;4.5036;1.86381
7.27007;21629.3;218.478;21847.8;682.67;4.2795;1.86381
7.28007;21629.3;218.478;21847.8;682.67;4.3254;1.86381
7.29007;21629.3;218.478;21847.8;682.67;4.1832;1.86381
7.30007;21629.3;218.478;21847.8;682.67;4.7403;1.86381
7.31007;21629.3;218.478;21847.8;682.67;5.0185;1.86381
7.32007;21629.3;218.478;21847.8;682.67;5.0529;1.86381
7.33007;21629.3;218.478;21847.8;682.67;5.1449;1.86381
7.34007;21629.3;218.478;21847.8;682.67;4.5538;1.86381
7.35007;21629.3;218.478;21847.8;682.67;3.9611;1.86381
7.36007;21629.3;218.478;21847.8;682.67;4.4698;1.86381
7.37007;21629.3;218.478;21847.8;682.67;4.3201;1.86381
7.38007;21629.3;218.478;21847.8;682.67;4.821;1.86381
7.39007;21629.3;218.478;21847.8;682.67;4.7316;1.86381
7.40007;21629.3;218.478;21847.8;682.67;4.2824;1.86381
7.41007;21629.3;218.478;21847.8;682.67;4.9149;1.86381
7.42007;21629.3;218.478;21847.8;682.67;4.6271;1.86381
7.43008;21629.3;218.478;21847.8;682.67;4.7327;1.86381
7.44008;21629.3;218.478;21847.8;682.67;4.6291;1.86381
7.45008;21629.3;218.478;21847.8;682.67;3.9382;1.86381
7.46008;21629.3;218.478;21847.8;682.67;4.2268;1.86381
7.47008;21629.3;218.478;21847.8;682.67;4.3903;1.86381
7.48008;21629.3;218.478;21847.8;682.67;4.7937;1.86381
7.49008;21629.3;218.478;21847.8;682.67;4.755;1.86381
7.50008;21629.3;218.478;21847.8;682.67;4.4096;1.86381
7.51008;21629.3;218.478;21847.8;682.67;4.3799;1.86381
7.52008;21629.3;218.478;21847.8;682.67;4.6733;1.86381
7.53008;21629.3;218.478;21847.8;682.67;5.7189;1.86381
7.54008;21629.3;218.478;21847.8;682.67;5.3873;1.86381
7.55008;21629.3;218.478;21847.8;682.67;5.1053;1.86381
7.56008;21629.3;218.478;21847.8;682.67;4.9416;1.86381
7.57008;21629.3;218.478;21847.8;682.67;4.1035;1.86381
7.58008;21629.3;218.478;21847.8;682.67;5.1044;1.86381
7.59008;21629.3;218.478;21847.8;682.67;5.3985;1.86381
7.60008;21629.3;218.478;21847.8;682.67;5.0938;1.86381
7.61008;21629.3;218.478;21847.8;682.67;5.3528;1.86381
7.62008;21629.3;218.478;21847.8;682.67;4.8142;1.86381
7.63008;21629.3;218.478;21847.8;682.67;4.373;1.86381
7.64008;21629.3;218.478;21847.8;682.67;4.351;1.86381
7.65008;21629.3;218.478;21847.8;682.67;4.3801;1.86381
7.66008;21629.3;218.478;21847.8;682.67;4.9373;1.86381
7.67008;21629.3;218.478;21847.8;682.67;4.9452;1.86381
7.68008;21629.3;218.478;21847.8;682.67;4.4775;1.86381
7.69008;21629.3;218.478;21847.8;682.67;4.3846;1.86381
7.70008;21629.3;218.478;21847.8;682.67;4.7313;1.86381
7.71008;21629.3;218.478;21847.8;682.67;5.4422;1.86381
7.72008;21629.3;218.478;21847.8;682.67;4.9996;1.86381
7.73008;21629.3;218.478;21847.8;682.67;4.3963;1.86381
7.74008;21629.3;218.478;21847.8;682.67;4.8042;1.86381
7.75008;21629.3;218.478;21847.8;682.67;4.2979;1.86381
7.76008;21629.3;218.478;21847.8;682.67;4.1609;1.86381
7.77008;21629.3;218.478;21847.8;682.67;5.4451;1.86381
7.78008;21629.3;218.478;21847.8;682.67;4.8656;1.86381
7.79008;21629.3;218.478;21847.8;682.67;4.4998;1.86381
7.80008;21629.3;218.478;21847.8;682.67;4.7671;1.86381
7.81008;21629.3;218.478;21847.8;682.67;4.7067;1.86381
7.82008;21629.3;218.478;21847.8;682.67;4.9254;1.86381
7.83008;21629.3;218.478;21847.8;682.67;4.8691;1.86381
7.84008;21629.3;218.478;21847.8;682.67;5.0779;1.86381
7.85008;21629.3;218.478;21847.8;682.67;4.949;1.86381
7.86009;21629.3;218.478;21847.8;682.67;5.1685;1.86381
7.87009;21629.3;218.478;21847.8;682.67;5.8328;1.86381
7.88009;21629.3;218.478;21847.8;682.67;5.0901;1.86381
7.89009;21629.3;218.478;21847.8;682.67;4.4237;1.86381
7.90009;21629.3;218.478;21847.8;682.67;4.7928;1.86381
7.91009;21629.3;218.478;21847.8;682.67;4.7025;1.86381
7.92009;21629.3;218.478;21847.8;682.67;5.9983;1.86381
7.93009;21629.3;218.478;21847.8;682.67;6.1638;1.86381
7.94009;21629.3;218.478;21847.8;682.67;5.1531;1.86381
7.95009;21629.3;218.478;21847.8;682.67;4.9771;1.86381
7.96009;21629.3;218.478;21847.8;682.67;5.1795;1.86381
7.97009;21629.3;218.478;21847.8;682.67;4.9029;1.86381
7.98009;21629.3;218.478;21847.8;682.67;5.2476;1.86381
7.99009;21629.3;218.478;21847.8;682.67;5.3999;1.86381
8.00009;21629.3;218.478;21847.8;682.67;5.1061;1.86381
8.01009;21629.3;218.478;21847.8;682.67;4.8825;1.86381
8.02009;21629.3;218.478;21847.8;682.67;5.3157;1.86381
8.03009;21629.3;218.478;21847.8;682.67;5.6341;1.86381
8.04009;21629.3;218.478;21847.8;682.67;5.3184;1.86381
8.05009;21629.3;218.478;21847.8;682.67;4.8775;1.86381
8.06009;21629.3;218.478;21847.8;682.67;4.5917;1.86381
8.07009;21629.3;218.478;21847.8;682.67;4.2869;1.86381
8.08009;21629.3;218.478;21847.8;682.67;5.2555;1.86381
8.09009;21629.3;218.478;21847.8;682.67;5.0321;1.86381
8.10009;21629.3;218.478;21847.8;682.67;4.9237;1.86381
8.11009;21629.3;218.478;21847.8;682.67;5.6199;1.86381
8.12009;21629.3;218.478;21847.8;682.67;5.0026;1.86381
8.13009;21629.3;218.478;21847.8;682.67;4.3974;1.86381
8.14009;21629.3;218.478;21847.8;682.67;4.4814;1.86381
8.15009;21629.3;218.478;21847.8;682.67;4.7486;1.86381
8.16009;21629.3;218.478;21847.8;682.67;5.2908;1.86381
8.17009;21629.3;218.478;21847.8;682.67;5.0012;1.86381
8.18009;21629.3;218.478;21847.8;682.67;4.3682;1.86381
8.19009;21629.3;218.478;21847.8;682.67;4.9727;1.86381
8.20009;21629.3;218.478;21847.8;682.67;4.8855;1.86381
8.21009;21629.3;218.478;21847.8;682.67;4.7008;1.86381
8.22009;21629.3;218.478;21847.8;682.67;4.6584;1.86381
8.23009;21629.3;218.478;21847.8;682.67;4.3843;1.86381
8.24009;21629.3;218.478;21847.8;682.67;4.9397;1.86381
8.25009;21629.3;218.478;21847.8;682.67;4.8599;1.86381
8.26009;21629.3;218.478;21847.8;682.67;4.6025;1.86381
8.27009;21629.3;218.478;21847.8;682.67;4.8335;1.86381
8.28009;21629.3;218.478;21847.8;682.67;4.513;1.86381
8.29009;21629.3;218.478;21847.8;682.67;5.2785;1.86381
8.30009;21629.3;218.478;21847.8;682.67;4.8344;1.86381
8.31009;21629.3;218.478;21847.8;682.67;4.5034;1.86381
8.3201;21629.3;218.478;21847.8;682.67;4.6299;1.86381
8.3301;21629.3;218.478;21847.8;682.67;4.7632;1.86381
8.3401;21629.3;218.478;21847.8;682.67;5.4487;1.86381
8.3501;21629.3;218.478;21847.8;682.67;4.9615;1.86381
8.3601;21629.3;218.478;21847.8;682.67;4.3287;1.86381
8.3701;21629.3;218.478;21847.8;682.67;4.3836;1.86381
8.3801;21629.3;218.478;21847.8;682.67;4.5058;1.86381
8.3901;21629.3;218.478;21847.8;682.67;6.0373;1.86381
8.4001;21629.3;218.478;21847.8;682.67;5.6709;1.86381
8.4101;21629.3;218.478;21847.8;682.67;4.829;1.86381
8.4201;21629.3;218.478;21847.8;682.67;4.3956;1.86381
8.4301;21629.3;218.478;21847.8;682.67;4.4317;1.86381
8.4401;21629.3;218.478;21847.8;682.67;5.7184;1.86381
8.4501;21629.3;218.478;21847.8;682.67;5.6891;1.86381
8.4601;21629.3;218.478;21847.8;682.67;5.5315;1.86381
8.4701;21629.3;218.478;21847.8;682.67;5.1932;1.86381
8.4801;21629.3;218.478;21847.8;682.67;4.6628;1.86381
8.4901;21629.3;218.478;21847.8;682.67;5.4733;1.86381
8.5001;21629.3;218.478;21847.8;682.67;5.4122;1.86381
8.5101;21629.3;218.478;21847.8;682.67;5.5765;1.86381
8.5201;21629.3;218.478;21847.8;682.67;5.3725;1.86381
8.5301;21629.3;218.478;21847.8;682.67;5.0869;1.86381
8.5401;21629.3;218.478;21847.8;682.67;5.3129;1.86381
8.5501;21629.3;218.478;21847.8;682.67;4.9576;1.86381
8.5601;21629.3;218.478;21847.8;682.67;4.7484;1.86381
8.5701;21629.3;218.478;21847.8;682.67;6.3765;1.86381
8.5801;21629.3;218.478;21847.8;682.67;6.0771;1.86381
8.5901;21629.3;218.478;21847.8;682.67;4.984;1.86381
8.6001;21629.3;218.478;21847.8;682.67;4.3976;1.86381
8.6101;21629.3;218.478;21847.8;682.67;4.7659;1.86381
8.6201;21629.3;218.478;21847.8;682.67;6.1163;1.86381
8.6301;21629.3;218.478;21847.8;682.67;5.8849;1.86381
8.6401;21629.3;218.478;21847.8;682.67;5.0968;1.86381
8.6501;21629.3;218.478;21847.8;682.67;5.2764;1.86381
8.6601;21629.3;218.478;21847.8;682.67;5.3146;1.86381
8.6701;21629.3;218.478;21847.8;682.67;5.0683;1.86381
8.6801;21629.3;218.478;21847.8;682.67;4.8498;1.86381
8.6901;21629.3;218.478;21847.8;682.67;4.8082;1.86381
8.7001;21629.3;218.478;21847.8;682.67;5.5045;1.86381
8.7101;21629.3;218.478;21847.8;682.67;5.2248;1.86381
8.7201;21629.3;218.478;21847.8;682.67;4.8975;1.86381
8.7301;21629.3;218.478;21847.8;682.67;5.4027;1.86381
8.7401;21629.3;218.478;21847.8;682.67;5.2435;1.86381
8.7501;21629.3;218.478;21847.8;682.67;5.8757;1.86381
8.76011;21629.3;218.478;21847.8;682.67;5.6224;1.86381
8.77011;21629.3;218.478;21847.8;682.67;4.8942;1.86381
8.78011;21629.3;218.478;21847.8;682.67;5.454;1.86381
8.79011;21629.3;218.478;21847.8;682.67;5.1147;1.86381
8.80011;21629.3;218.478;21847.8;682.67;5.2281;1.86381
8.81011;21629.3;218.478;21847.8;682.67;5.7467;1.86381
8.82011;21629.3;218.478;21847.8;682.67;5.5679;1.86381
8.83011;21629.3;218.478;21847.8;682.67;5.5783;1.86381
8.84011;21629.3;218.478;21847.8;682.67;5.0741;1.86381
8.85011;21629.3;218.478;21847.8;682.67;4.1187;1.86381
8.86011;21629.3;218.478;21847.8;682.67;5.358;1.86381
8.87011;21629.3;218.478;21847.8;682.67;5.3376;1.86381
8.88011;21629.3;218.478;21847.8;682.67;5.5196;1.86381
8.89011;21629.3;218.478;21847.8;682.67;5.9291;1.86381
8.90011;21629.3;218.478;21847.8;682.67;5.3324;1.86381
8.91011;21629.3;218.478;21847.8;682.67;4.7751;1.86381
8.92011;21629.3;218.478;21847.8;682.67;4.4682;1.86381
8.93011;21629.3;218.478;21847.8;682.67;5.0148;1.86381
8.94011;21629.3;218.478;21847.8;682.67;6.0752;1.86381
8.95011;21629.3;218.478;21847.8;682.67;5.4827;1.86381
8.96011;21629.3;218.478;21847.8;682.67;4.52;1.86381
8.97011;21629.3;218.478;21847.8;682.67;4.6441;1.86381
8.98011;21629.3;218.478;21847.8;682.67;5.276;1.86381
8.99011;21629.3;218.478;21847.8;682.67;6.5268;1.86381
9.00011;21629.3;218.478;21847.8;682.67;5.9651;1.86381
9.01011;21629.3;218.478;21847.8;682.67;5.2427;1.86381
9.02011;21629.3;218.478;21847.8;682.67;5.4222;1.86381
9.03011;21629.3;218.478;21847.8;682.67;5.015;1.86381
9.04011;21629.3;218.478;21847.8;682.67;5.4127;1.86381
9.05011;21629.3;218.478;21847.8;682.67;5.875;1.86381
9.06011;21629.3;218.478;21847.8;682.67;5.5128;1.86381
9.07011;21629.3;218.478;21847.8;682.67;5.6949;1.86381
9.08011;21629.3;218.478;21847.8;682.67;5.0553;1.86381
9.09011;21629.3;218.478;21847.8;682.67;4.486;1.86381
9.10011;21629.3;218.478;21847.8;682.67;5.203;1.86381
9.11011;21629.3;218.478;21847.8;682.67;5.4283;1.86381
9.12011;21629.3;218.478;21847.8;682.67;5.3021;1.86381
9.13011;21629.3;218.478;21847.8;682.67;5.1548;1.86381
9.14011;21629.3;218.478;21847.8;682.67;4.7773;1.86381
9.15011;21629.3;218.478;21847.8;682.67;5.2781;1.86381
9.16011;21629.3;218.478;21847.8;682.67;5.1001;1.86381
9.17011;21629.3;218.478;21847.8;682.67;5.284;1.86381
9.18011;21629.3;218.478;21847.8;682.67;5.1139;1.86381
9.19011;21629.3;218.478;21847.8;682.67;4.863;1.86381
9.20012;21629.3;218.478;21847.8;682.67;5.2536;1.86381
9.21012;21629.3;218.478;21847.8;682.67;4.7082;1.86381
9.22012;21629.3;218.478;21847.8;682.67;5.0714;1.86381
9.23012;21629.3;218.478;21847.8;682.67;5.0697;1.86381
9.24012;21629.3;218.478;21847.8;682.67;4.9317;1.86381
9.25012;21629.3;218.478;21847.8;682.67;5.5129;1.86381
9.26012;21629.3;218.478;21847.8;682.67;5.3317;1.86381
9.27012;21629.3;218.478;21847.8;682.67;4.8537;1.86381
9.28012;21629.3;218.478;21847.8;682.67;4.3582;1.86381
9.29012;21629.3;218.478;21847.8;682.67;4.0054;1.86381
9.30012;21629.3;218.478;21847.8;682.67;4.5717;1.86381
9.31012;21629.3;218.478;21847.8;682.67;4.6971;1.86381
9.32012;21629.3;218.478;21847.8;682.67;4.8344;1.86381
9.33012;21629.3;218.478;21847.8;682.67;4.3937;1.86381
9.34012;21629.3;218.478;21847.8;682.67;3.9041;1.86381
9.35012;21629.3;218.478;21847.8;682.67;4.8008;1.86381
9.36012;21629.3;218.478;21847.8;682.67;4.7441;1.86381
9.37012;21629.3;218.478;21847.8;682.67;5.035;1.86381
9.38012;21629.3;218.478;21847.8;682.67;4.5297;1.86381
9.39012;21629.3;218.478;21847.8;682.67;3.909;1.86381
9.40012;21629.3;218.478;21847.8;682.67;4.7087;1.86381
9.41012;21629.3;218.478;21847.8;682.67;4.8076;1.86381
9.42012;21629.3;218.478;21847.8;682.67;4.4735;1.86381
9.43012;21629.3;218.478;21847.8;682.67;4.5843;1.86381
9.44012;21629.3;218.478;21847.8;682.67;4.3195;1.86381
9.45012;21629.3;218.478;21847.8;682.67;4.775;1.86381
9.46012;21629.3;218.478;21847.8;682.67;4.421;1.86381
9.47012;21629.3;218.478;21847.8;682.67;4.0547;1.86381
9.48012;21629.3;218.478;21847.8;682.67;4.7476;1.86381
9.49012;21629.3;218.478;21847.8;682.67;4.9932;1.86381
9.50012;21629.3;218.478;21847.8;682.67;4.861;1.86381
9.51012;21629.3;218.478;21847.8;682.67;4.6055;1.86381
9.52012;21629.3;218.478;21847.8;682.67;4.5082;1.86381
9.53012;21629.3;218.478;21847.8;682.67;5.3522;1.86381
9.54012;21629.3;218.478;21847.8;682.67;5.1298;1.86381
9.55012;21629.3;218.478;21847.8;682.67;4.7065;1.86381
9.56012;21629.3;218.478;21847.8;682.67;4.9844;1.86381
9.57012;21629.3;218.478;21847.8;682.67;4.2506;1.86381
9.58012;21629.3;218.478;21847.8;682.67;4.4138;1.86381
9.59012;21629.3;218.478;21847.8;682.67;5.2432;1.86381
9.60012;21629.3;218.478;21847.8;682.67;4.7496;1.86381
9.61012;21629.3;218.478;21847.8;682.67;5.0739;1.86381
9.62012;21629.3;218.478;21847.8;682.67;4.498;1.86381
9.63013;21629.3;218.478;21847.8;682.67;3.9139;1.86381
9.64013;21629.3;218.478;21847.8;682.67;4.8808;1.86381
9.65013;21629.3;218.478;21847.8;682.67;4.9891;1.86381
9.66013;21629.3;218.478;21847.8;682.67;4.5254;1.86381
9.67013;21629.3;218.478;21847.8;682.67;4.6715;1.86381
9.68013;21629.3;218.478;21847.8;682.67;4.4056;1.86381
9.69013;21629.3;218.478;21847.8;682.67;4.6732;1.86381
9.70013;21629.3;218.478;21847.8;682.67;4.4285;1.86381
9.71013;21629.3;218.478;21847.8;682.67;4.1775;1.86381
9.72013;21629.3;218.478;21847.8;682.67;4.2498;1.86381
9.73013;21629.3;218.478;21847.8;682.67;4.423;1.86381
9.74013;21629.3;218.478;21847.8;682.67;4.4211;1.86381
9.75013;21629.3;218.478;21847.8;682.67;4.111;1.86381
9.76013;21629.3;218.478;21847.8;682.67;3.8571;1.86381
9.77013;21629.3;218.478;21847.8;682.67;5.3468;1.86381
9.78013;21629.3;218.478;21847.8;682.67;4.9882;1.86381
9.79013;21629.3;218.478;21847.8;682.67;4.3011;1.86381
9.80013;21629.3;218.478;21847.8;682.67;4.1154;1.86381
9.81013;21629.3;218.478;21847.8;682.67;4.0207;1.86381
9.82013;21629.3;218.478;21847.8;682.67;5.0001;1.86381
9.83013;21629.3;218.478;21847.8;682.67;5.202;1.86381
9.84013;21629.3;218.478;21847.8;682.67;4.5825;1.86381
9.85013;21629.3;218.478;21847.8;682.67;5.048;1.86381
9.86013;21629.3;218.478;21847.8;682.67;4.909;1.86381
9.87013;21629.3;218.478;21847.8;682.67;4.5972;1.86381
9.88013;21629.3;218.478;21847.8;682.67;4.5349;1.86381
9.89013;21629.3;218.478;21847.8;682.67;4.482;1.86381
9.90013;21629.3;218.478;21847.8;682.67;4.9117;1.86381
9.91013;21629.3;218.478;21847.8;682.67;4.9375;1.86381
9.92013;21629.3;218.478;21847.8;682.67;4.7573;1.86381
9.93013;21629.3;218.478;21847.8;682.67;5.4149;1.86381
9.94013;21629.3;218.478;21847.8;682.67;4.9283;1.86381
9.95013;21629.3;218.478;21847.8;682.67;4.7002;1.86381
9.96013;21629.3;218.478;21847.8;682.67;4.7141;1.86381
9.97013;21629.3;218.478;21847.8;682.67;4.8761;1.86381
9.98013;21629.3;218.478;21847.8;682.67;5.4895;1.86381
9.99013;21629.3;218.478;21847.8;682.67;4.9275;1.86381
10.0001;21629.3;218.478;21847.8;682.67;4.2947;1.86381
10.0101;21629.3;218.478;21847.8;682.67;5.3024;1.86381
10.0201;21629.3;218.478;21847.8;682.67;5.3255;1.86381
10.0301;21629.3;218.478;21847.8;682.67;5.7891;1.86381
10.0401;21629.3;218.478;21847.8;682.67;5.1965;1.86381
10.0501;21629.3;218.478;21847.8;682.67;4.2212;1.86381
10.0601;21629.3;218.478;21847.8;682.67;4.7563;1.86381
10.0701;21629.3;218.478;21847.8;682.67;5.0562;1.86381
10.0801;21629.3;218.478;21847.8;682.67;5.5347;1.86381
10.0901;21629.3;218.478;21847.8;682.67;5.3871;1.86381
10.1001;21629.3;218.478;21847.8;682.67;4.7046;1.86381
10.1101;21629.3;218.478;21847.8;682.67;4.796;1.86381
10.1201;21629.3;218.478;21847.8;682.67;4.7173;1.86381
10.1301;21629.3;218.478;21847.8;682.67;5.292;1.86381
10.1401;21629.3;218.478;21847.8;682.67;5.0457;1.86381
10.1501;21629.3;218.478;21847.8;682.67;5.1445;1.86381
10.1601;21629.3;218.478;21847.8;682.67;5.1878;1.86381
10.1701;21629.3;218.478;21847.8;682.67;4.7572;1.86381
10.1801;21629.3;218.478;21847.8;682.67;5.4806;1.86381
10.1901;21629.3;218.478;21847.8;682.67;4.8972;1.86381
10.2001;21629.3;218.478;21847.8;682.67;4.9085;1.86381
10.2101;21629.3;218.478;21847.8;682.67;5.4374;1.86381
10.2201;21629.3;218.478;21847.8;682.67;5.3543;1.86381
10.2301;21629.3;218.478;21847.8;682.67;6.4042;1.86381
10.2401;21629.3;218.478;21847.8;682.67;5.4852;1.86381
10.2501;21629.3;218.478;21847.8;682.67;4.5477;1.86381
10.2601;21629.3;218.478;21847.8;682.67;4.6052;1.86381
10.2701;21629.3;218.478;21847.8;682.67;4.4695;1.86381
10.2801;21629.3;218.478;21847.8;682.67;6.0598;1.86381
10.2901;21629.3;218.478;21847.8;682.67;6.1365;1.86381
10.3001;21629.3;218.478;21847.8;682.67;5.4345;1.86381
10.3101;21629.3;218.478;21847.8;682.67;5.3337;1.86381
10.3201;21629.3;218.478;21847.8;682.67;4.7656;1.86381
10.3301;21629.3;218.478;21847.8;682.67;4.5506;1.86381
10.3401;21629.3;218.478;21847.8;682.67;5.0568;1.86381
10.3501;21629.3;218.478;21847.8;682.67;4.9129;1.86381
10.3601;21629.3;218.478;21847.8;682.67;5.0802;1.86381
10.3701;21629.3;218.478;21847.8;682.67;4.7443;1.86381
10.3801;21629.3;218.478;21847.8;682.67;4.6565;1.86381
10.3901;21629.3;218.478;21847.8;682.67;5.5203;1.86381
10.4001;21629.3;218.478;21847.8;682.67;6.022;1.86381
10.4101;21629.3;218.478;21847.8;682.67;5.6238;1.86381
10.4201;21629.3;218.478;21847.8;682.67;4.9265;1.86381
10.4301;21629.3;218.478;21847.8;682.67;4.2777;1.86381
10.4401;21629.3;218.478;21847.8;682.67;5.6218;1.86381
10.4501;21629.3;218.478;21847.8;682.67;5.7221;1.86381
10.4601;21629.3;218.478;21847.8;682.67;5.6793;1.86381
10.4701;21629.3;218.478;21847.8;682.67;6.094;1.86381
10.4801;21629.3;218.478;21847.8;682.67;5.2772;1.86381
10.4901;21629.3;218.478;21847.8;682.67;5.0114;1.86381
10.5001;21629.3;218.478;21847.8;682.67;5.1148;1.86381
10.5101;21629.3;218.478;21847.8;682.67;5.4672;1.86381
10.5201;21629.3;218.478;21847.8;682.67;5.8527;1.86381
10.5301;21629.3;218.478;21847.8;682.67;5.2759;1.86381
10.5401;21629.3;218.478;21847.8;682.67;4.8502;1.86381
10.5501;21629.3;218.478;21847.8;682.67;5.2301;1.86381
10.5601;21629.3;218.478;21847.8;682.67;5.562;1.86381
10.5701;21629.3;218.478;21847.8;682.67;5.9744;1.86381
10.5801;21629.3;218.478;21847.8;682.67;5.5023;1.86381
10.5901;21629.3;218.478;21847.8;682.67;5.0007;1.86381
10.6001;21629.3;218.478;21847.8;682.67;5.4137;1.86381
10.6101;21629.3;218.478;21847.8;682.67;4.806;1.86381
10.6201;21629.3;218.478;21847.8;682.67;4.9444;1.86381
10.6301;21629.3;218.478;21847.8;682.67;5.4668;1.86381
10.6401;21629.3;218.478;21847.8;682.67;5.4905;1.86381
10.6501;21629.3;218.478;21847.8;682.67;5.369;1.86381
10.6601;21629.3;218.478;21847.8;682.67;4.6695;1.86381
10.6701;21629.3;218.478;21847.8;682.67;3.9415;1.86381
10.6801;21629.3;218.478;21847.8;682.67;4.8942;1.86381
10.6901;21629.3;218.478;21847.8;682.67;4.9876;1.86381
10.7001;21629.3;218.478;21847.8;682.67;5.3871;1.86381
10.7101;21629.3;218.478;21847.8;682.67;5.7346;1.86381
10.7201;21629.3;218.478;21847.8;682.67;5.0714;1.86381
10.7302;21629.3;218.478;21847.8;682.67;4.8064;1.86381
10.7402;21629.3;218.478;21847.8;682.67;4.389;1.86381
10.7502;21629.3;218.478;21847.8;682.67;4.4682;1.86381
10.7602;21629.3;218.478;21847.8;682.67;5.6539;1.86381
10.7702;21629.3;218.478;21847.8;682.67;5.532;1.86381
10.7802;21629.3;218.478;21847.8;682.67;4.812;1.86381
10.7902;21629.3;218.478;21847.8;682.67;4.6872;1.86381
10.8002;21629.3;218.478;21847.8;682.67;4.8679;1.86381
10.8102;21629.3;218.478;21847.8;682.67;6.2765;1.86381
10.8202;21629.3;218.478;21847.8;682.67;5.9911;1.86381
10.8302;21629.3;218.478;21847.8;682.67;5.4081;1.86381
10.8402;21629.3;218.478;21847.8;682.67;5.336;1.86381
10.8502;21629.3;218.478;21847.8;682.67;4.8983;1.86381
10.8602;21629.3;218.478;21847.8;682.67;5.2379;1.86381
10.8702;21629.3;218.478;21847.8;682.67;5.7956;1.86381
10.8802;21629.3;218.478;21847.8;682.67;5.514;1.86381
10.8902;21629.3;218.478;21847.8;682.67;5.7336;1.86381
10.9002;21629.3;218.478;21847.8;682.67;4.9304;1.86381
10.9102;21629.3;218.478;21847.8;682.67;4.6833;1.86381
10.9202;21629.3;218.478;21847.8;682.67;5.7893;1.86381
10.9302;21629.3;218.478;21847.8;682.67;5.8709;1.86381
10.9402;21629.3;218.478;21847.8;682.67;5.9525;1.86381
10.9502;21629.3;218.478;21847.8;682.67;5.4668;1.86381
10.9602;21629.3;218.478;21847.8;682.67;5.2591;1.86381
10.9702;21629.3;218.478;21847.8;682.67;5.1508;1.86381
10.9802;21629.3;218.478;21847.8;682.67;5.0735;1.86381
10.9902;21629.3;218.478;21847.8;682.67;5.4942;1.86381
11.0002;21629.3;218.478;21847.8;682.67;5.2007;1.86381
11.0102;21629.3;218.478;21847.8;682.67;5.1875;1.86381
11.0202;21629.3;218.478;21847.8;682.67;4.9103;1.86381
11.0302;21629.3;218.478;21847.8;682.67;4.4051;1.86381
11.0402;21629.3;218.478;21847.8;682.67;4.9847;1.86381
11.0502;21629.3;218.478;21847.8;682.67;5.0278;1.86381
11.0602;21629.3;218.478;21847.8;682.67;5.2997;1.86381
11.0702;21629.3;218.478;21847.8;682.67;5.2232;1.86381
11.0802;21629.3;218.478;21847.8;682.67;4.8536;1.86381
11.0902;21629.3;218.478;21847.8;682.67;5.347;1.86381
11.1002;21629.3;218.478;21847.8;682.67;4.9915;1.86381
11.1102;21629.3;218.478;21847.8;682.67;4.5901;1.86381
11.1202;21629.3;218.478;21847.8;682.67;4.3376;1.86381
11.1302;21629.3;218.478;21847.8;682.67;4.158;1.86381
11.1402;21629.3;218.478;21847.8;682.67;4.9795;1.86381
11.1502;21629.3;218.478;21847.8;682.67;4.6143;1.86381
11.1602;21629.3;218.478;21847.8;682.67;4.4231;1.86381
11.1702;21629.3;218.478;21847.8;682.67;4.7749;1.86381
11.1802;21629.3;218.478;21847.8;682.67;4.5189;1.86381
11.1902;21629.3;218.478;21847.8;682.67;5.0413;1.86381
11.2002;21629.3;218.478;21847.8;682.67;4.7721;1.86381
11.2102;21629.3;218.478;21847.8;682.67;4.2167;1.86381
11.2202;21629.3;218.478;21847.8;682.67;4.5119;1.86381
11.2302;21629.3;218.478;21847.8;682.67;4.5209;1.86381
11.2402;21629.3;218.478;21847.8;682.67;4.6998;1.86381
11.2502;21629.3;218.478;21847.8;682.67;4.7295;1.86381
11.2602;21629.3;218.478;21847.8;682.67;4.377;1.86381
11.2702;21629.3;218.478;21847.8;682.67;5.1481;1.86381
11.2802;21629.3;218.478;21847.8;682.67;4.6763;1.86381
11.2902;21629.3;218.478;21847.8;682.67;4.3971;1.86381
11.3002;21629.3;218.478;21847.8;682.67;4.7504;1.86381
11.3102;21629.3;218.478;21847.8;682.67;4.6865;1.86381
11.3202;21629.3;218.478;21847.8;682.67;4.9487;1.86381
11.3302;21629.3;218.478;21847.8;682.67;4.8191;1.86381
11.3402;21629.3;218.478;21847.8;682.67;4.4585;1.86381
11.3502;21629.3;218.478;21847.8;682.67;5.2289;1.86381
11.3602;21629.3;218.478;21847.8;682.67;4.891;1.86381
11.3702;21629.3;218.478;21847.8;682.67;4.7319;1.86381
11.3802;21629.3;218.478;21847.8;682.67;4.9211;1.86381
11.3902;21629.3;218.478;21847.8;682.67;4.5233;1.86381
11.4002;21629.3;218.478;21847.8;682.67;4.7834;1.86381
11.4102;21629.3;218.478;21847.8;682.67;4.63;1.86381
11.4202;21629.3;218.478;21847.8;682.67;4.5514;1.86381
11.4302;21629.3;218.478;21847.8;682.67;5.6948;1.86381
11.4402;21629.3;218.478;21847.8;682.67;5.4029;1.86381
11.4502;21629.3;218.478;21847.8;682.67;4.7111;1.86381
11.4602;21629.3;218.478;21847.8;682.67;4.6815;1.86381
11.4702;21629.3;218.478;21847.8;682.67;4.344;1.86381
11.4802;21629.3;218.478;21847.8;682.67;4.9939;1.86381
11.4902;21629.3;218.478;21847.8;682.67;5.3045;1.86381
11.5002;21629.3;218.478;21847.8;682.67;5.1923;1.86381
11.5102;21629.3;218.478;21847.8;682.67;5.9875;1.86381
11.5202;21629.3;218.478;21847.8;682.67;5.081;1.86381
11.5302;21629.3;218.478;21847.8;682.67;4.2276;1.86381
11.5402;21629.3;218.478;21847.8;682.67;4.6806;1.86381
11.5502;21629.3;218.478;21847.8;682.67;5.5392;1.86381
11.5602;21629.3;218.478;21847.8;682.67;6.054;1.86381
11.5702;21629.3;218.478;21847.8;682.67;5.5125;1.86381
11.5802;21629.3;218.478;21847.8;682.67;4.2812;1.86381
11.5902;21629.3;218.478;21847.8;682.67;5.0164;1.86381
11.6002;21629.3;218.478;21847.8;682.67;5.5191;1.86381
11.6102;21629.3;218.478;21847.8;682.67;5.829;1.86381
11.6202;21629.3;218.478;21847.8;682.67;5.5973;1.86381
11.6302;21629.3;218.478;21847.8;682.67;4.9582;1.86381
11.6402;21629.3;218.478;21847.8;682.67;5.0125;1.86381
11.6502;21629.3;218.478;21847.8;682.67;4.9267;1.86381
11.6602;21629.3;218.478;21847.8;682.67;4.93;1.86381
11.6702;21629.3;218.478;21847.8;682.67;6.0934;1.86381
11.6802;21629.3;218.478;21847.8;682.67;5.3633;1.86381
11.6902;21629.3;218.478;21847.8;682.67;4.3471;1.86381
11.7002;21629.3;218.478;21847.8;682.67;4.4935;1.86381
11.7102;21629.3;218.478;21847.8;682.67;4.8947;1.86381
11.7202;21629.3;218.478;21847.8;682.67;5.2804;1.86381
11.7302;21629.3;218.478;21847.8;682.67;5.3567;1.86381
11.7402;21629.3;218.478;21847.8;682.67;4.6342;1.86381
11.7502;21629.3;218.478;21847.8;682.67;4.7448;1.86381
11.7602;21629.3;218.478;21847.8;682.67;5.1416;1.86381
11.7702;21629.3;218.478;21847.8;682.67;5.3838;1.86381
11.7802;21629.3;218.478;21847.8;682.67;5.2543;1.86381
11.7902;21629.3;218.478;21847.8;682.67;5.1392;1.86381
11.8002;21629.3;218.478;21847.8;682.67;5.2948;1.86381
11.8102;21629.3;218.478;21847.8;682.67;4.5956;1.86381
11.8202;21629.3;218.478;21847.8;682.67;4.6673;1.86381
11.8302;21629.3;218.478;21847.8;682.67;5.3433;1.86381
11.8402;21629.3;218.478;21847.8;682.67;5.0978;1.86381
11.8502;21629.3;218.478;21847.8;682.67;5.7179;1.86381
11.8602;21629.3;218.478;21847.8;682.67;5.0897;1.86381
11.8702;21629.3;218.478;21847.8;682.67;4.6979;1.86381
11.8802;21629.3;218.478;21847.8;682.67;4.6832;1.86381
11.8902;21629.3;218.478;21847.8;682.67;4.7137;1.86381
11.9002;21629.3;218.478;21847.8;682.67;5.4837;1.86381
11.9102;21629.3;218.478;21847.8;682.67;5.135;1.86381
11.9202;21629.3;218.478;21847.8;682.67;5.1298;1.86381
11.9302;21629.3;218.478;21847.8;682.67;4.9639;1.86381
11.9402;21629.3;218.478;21847.8;682.67;4.9727;1.86381
11.9502;21629.3;218.478;21847.8;682.67;5.0855;1.86381
11.9602;21629.3;218.478;21847.8;682.67;4.7183;1.86381
11.9702;21629.3;218.478;21847.8;682.67;5.0744;1.86381
11.9802;21629.3;218.478;21847.8;682.67;5.0487;1.86381
11.9902;21629.3;218.478;21847.8;682.67;4.6172;1.86381
12.0002;21629.3;218.478;21847.8;682.67;4.8411;1.86381
12.0102;21629.3;218.478;21847.8;682.67;4.5544;1.86381
12.0202;21629.3;218.478;21847.8;682.67;5.1637;1.86381
12.0302;21629.3;218.478;21847.8;682.67;5.1362;1.86381
12.0402;21629.3;218.478;21847.8;682.67;5.0598;1.86381
12.0502;21629.3;218.478;21847.8;682.67;5.4738;1.86381
12.0602;21629.3;218.478;21847.8;682.67;4.8744;1.86381
12.0702;21629.3;218.478;21847.8;682.67;4.4986;1.86381
12.0802;21629.3;218.478;21847.8;682.67;4.4488;1.86381
12.0902;21629.3;218.478;21847.8;682.67;4.1062;1.86381
12.1002;21629.3;218.478;21847.8;682.67;5.0009;1.86381
12.1102;21629.3;218.478;21847.8;682.67;4.9595;1.86381
12.1202;21629.3;218.478;21847.8;682.67;4.8248;1.86381
12.1302;21629.3;218.478;21847.8;682.67;5.3983;1.86381
12.1402;21629.3;218.478;21847.8;682.67;4.6322;1.86381
12.1502;21629.3;218.478;21847.8;682.67;4.1898;1.86381
12.1602;21629.3;218.478;21847.8;682.67;4.6235;1.86381
12.1702;21629.3;218.478;21847.8;682.67;4.4931;1.86381
12.1802;21629.3;218.478;21847.8;682.67;5.7774;1.86381
12.1902;21629.3;218.478;21847.8;682.67;5.2458;1.86381
12.2002;21629.3;218.478;21847.8;682.67;4.4358;1.86381
12.2102;21629.3;218.478;21847.8;682.67;4.7952;1.86381
12.2202;21629.3;218.478;21847.8;682.67;5.2166;1.86381
12.2302;21629.3;218.478;21847.8;682.67;4.666;1.86381
12.2402;21629.3;218.478;21847.8;682.67;4.4215;1.86381
12.2502;21629.3;218.478;21847.8;682.67;4.4451;1.86381
12.2602;21629.3;218.478;21847.8;682.67;4.9082;1.86381
12.2702;21629.3;218.478;21847.8;682.67;4.6567;1.86381
12.2802;21629.3;218.478;21847.8;682.67;4.7903;1.86381
12.2902;21629.3;218.478;21847.8;682.67;5.291;1.86381
12.3002;21629.3;218.478;21847.8;682.67;5.4816;1.86381
12.3102;21629.3;218.478;21847.8;682.67;5.279;1.86381
12.3202;21629.3;218.478;21847.8;682.67;4.6289;1.86381
12.3302;21629.3;218.478;21847.8;682.67;4.1385;1.86381
12.3402;21629.3;218.478;21847.8;682.67;4.6082;1.86381
12.3502;21629.3;218.478;21847.8;682.67;4.7835;1.86381
12.3602;21629.3;218.478;21847.8;682.67;5.1328;1.86381
12.3702;21629.3;218.478;21847.8;682.67;5.3428;1.86381
12.3802;21629.3;218.478;21847.8;682.67;4.7159;1.86381
12.3902;21629.3;218.478;21847.8;682.67;4.7838;1.86381
12.4002;21629.3;218.478;21847.8;682.67;4.7046;1.86381
12.4102;21629.3;218.478;21847.8;682.67;4.0785;1.86381
12.4202;21629.3;218.478;21847.8;682.67;4.6024;1.86381
12.4302;21629.3;218.478;21847.8;682.67;4.4575;1.86381
12.4402;21629.3;218.478;21847.8;682.67;4.3633;1.86381
12.4502;21629.3;218.478;21847.8;682.67;5.0926;1.86381
12.4602;21629.3;218.478;21847.8;682.67;4.6607;1.86381
12.4702;21629.3;218.478;21847.8;682.67;4.4134;1.86381
12.4802;21629.3;218.478;21847.8;682.67;4.7336;1.86381
12.4902;21629.3;218.478;21847.8;682.67;4.5632;1.86381
12.5002;21629.3;218.478;21847.8;682.67;4.818;1.86381
12.5102;21629.3;218.478;21847.8;682.67;4.7905;1.86381
12.5202;21629.3;218.478;21847.8;682.67;4.8043;1.86381
12.5302;21629.3;218.478;21847.8;682.67;5.0532;1.86381
12.5402;21629.3;218.478;21847.8;682.67;5.1928;1.86381
12.5502;21629.3;218.478;21847.8;682.67;5.0515;1.86381
12.5602;21629.3;218.478;21847.8;682.67;4.2736;1.86381
12.5702;21629.3;218.478;21847.8;682.67;3.9926;1.86381
12.5802;21629.3;218.478;21847.8;682.67;4.8076;1.86381
12.5902;21629.3;218.478;21847.8;682.67;4.4439;1.86381
12.6002;21629.3;218.478;21847.8;682.67;4.8854;1.86381
12.6102;21629.3;218.478;21847.8;682.67;5.7285;1.86381
12.6202;21629.3;218.478;21847.8;682.67;4.9459;1.86381
12.6302;21629.3;218.478;21847.8;682.67;4.8332;1.86381
12.6402;21629.3;218.478;21847.8;682.67;4.6069;1.86381
12.6502;21629.3;218.478;21847.8;682.67;3.9772;1.86381
12.6602;21629.3;218.478;21847.8;682.67;4.9195;1.86381
12.6702;21629.3;218.478;21847.8;682.67;5.0957;1.86381
12.6802;21629.3;218.478;21847.8;682.67;4.5563;1.86381
12.6902;21629.3;218.478;21847.8;682.67;4.3152;1.86381
12.7002;21629.3;218.478;21847.8;682.67;4.8024;1.86381
12.7102;21629.3;218.478;21847.8;682.67;5.5531;1.86381
12.7202;21629.3;218.478;21847.8;682.67;5.4588;1.86381
12.7302;21629.3;218.478;21847.8;682.67;4.9223;1.86381
12.7402;21629.3;218.478;21847.8;682.67;4.3663;1.86381
12.7502;21629.3;218.478;21847.8;682.67;4.0235;1.86381
12.7602;21629.3;218.478;21847.8;682.67;5.2085;1.86381
12.7702;21629.3;218.478;21847.8;682.67;4.8977;1.86381
12.7802;21629.3;218.478;21847.8;682.67;5.2055;1.86381
12.7902;21629.3;218.478;21847.8;682.67;5.2925;1.86381
12.8002;21629.3;218.478;21847.8;682.67;4.6331;1.86381
12.8102;21629.3;218.478;21847.8;682.67;4.8091;1.86381
12.8202;21629.3;218.478;21847.8;682.67;4.9724;1.86381
12.8302;21629.3;218.478;21847.8;682.67;4.5503;1.86381
12.8402;21629.3;218.478;21847.8;682.67;4.8874;1.86381
12.8502;21629.3;218.478;21847.8;682.67;4.9721;1.86381
12.8602;21629.3;218.478;21847.8;682.67;4.7589;1.86381
12.8702;21629.3;218.478;21847.8;682.67;4.5179;1.86381
12.8802;21629.3;218.478;21847.8;682.67;4.9855;1.86381
12.8902;21629.3;218.478;21847.8;682.67;4.7788;1.86381
12.9002;21629.3;218.478;21847.8;682.67;5.1775;1.86381
12.9102;21629.3;218.478;21847.8;682.67;5.7353;1.86381
12.9202;21629.3;218.478;21847.8;682.67;5.1106;1.86381
12.9302;21629.3;218.478;21847.8;682.67;5.4419;1.86381
12.9402;21629.3;218.478;21847.8;682.67;5.1358;1.86381
12.9502;21629.3;218.478;21847.8;682.67;4.2706;1.86381
12.9602;21629.3;218.478;21847.8;682.67;4.5828;1.86381
12.9702;21629.3;218.478;21847.8;682.67;4.5577;1.86381
12.9802;21629.3;218.478;21847.8;682.67;4.6633;1.86381
12.9902;21629.3;218.478;21847.8;682.67;4.9802;1.86381
13.0002;21629.3;218.478;21847.8;682.67;4.3725;1.86381
13.0102;21629.3;218.478;21847.8;682.67;4.8286;1.86381
13.0202;21629.3;218.478;21847.8;682.67;4.8153;1.86381
13.0302;21629.3;218.478;21847.8;682.67;4.357;1.86381
13.0402;21629.3;218.478;21847.8;682.67;4.6327;1.86381
13.0502;21629.3;218.478;21847.8;682.67;4.3563;1.86381
13.0602;21629.3;218.478;21847.8;682.67;4.4934;1.86381
13.0702;21629.3;218.478;21847.8;682.67;4.8232;1.86381
13.0802;21629.3;218.478;21847.8;682.67;4.7298;1.86381
13.0902;21629.3;218.478;21847.8;682.67;5.2647;1.86381
13.1002;21629.3;218.478;21847.8;682.67;4.5815;1.86381
13.1102;21629.3;218.478;21847.8;682.67;4.4048;1.86381
13.1202;21629.3;218.478;21847.8;682.67;4.8144;1.86381
13.1302;21629.3;218.478;21847.8;682.67;4.6957;1.86381
13.1402;21629.3;218.478;21847.8;682.67;5.0747;1.86381
13.1502;21629.3;218.478;21847.8;682.67;4.8454;1.86381
13.1602;21629.3;218.478;21847.8;682.67;4.3712;1.86381
13.1702;21629.3;218.478;21847.8;682.67;5.3191;1.86381
13.1802;21629.3;218.478;21847.8;682.67;5.0353;1.86381
13.1902;21629.3;218.478;21847.8;682.67;4.9138;1.86381
13.2002;21629.3;218.478;21847.8;682.67;4.8402;1.86381
13.2102;21629.3;218.478;21847.8;682.67;4.7313;1.86381
13.2202;21629.3;218.478;21847.8;682.67;4.799;1.86381
13.2302;21629.3;218.478;21847.8;682.67;4.6321;1.86381
13.2402;21629.3;218.478;21847.8;682.67;4.2811;1.86381
13.2502;21629.3;218.478;21847.8;682.67;5.7182;1.86381
13.2602;21629.3;218.478;21847.8;682.67;5.4705;1.86381
13.2702;21629.3;218.478;21847.8;682.67;4.6627;1.86381
13.2802;21629.3;218.478;21847.8;682.67;4.3477;1.86381
13.2902;21629.3;218.478;21847.8;682.67;4.4938;1.86381
13.3002;21629.3;218.478;21847.8;682.67;5.5288;1.86381
13.3102;21629.3;218.478;21847.8;682.67;5.482;1.86381
13.3202;21629.3;218.478;21847.8;682.67;4.8614;1.86381
13.3302;21629.3;218.478;21847.8;682.67;5.1953;1.86381
13.3402;21629.3;218.478;21847.8;682.67;4.7349;1.86381
13.3502;21629.3;218.478;21847.8;682.67;4.848;1.86381
13.3602;21629.3;218.478;21847.8;682.67;5.0638;1.86381
13.3702;21629.3;218.478;21847.8;682.67;5.065;1.86381
13.3802;21629.3;218.478;21847.8;682.67;5.4936;1.86381
13.3902;21629.3;218.478;21847.8;682.67;5.1418;1.86381
13.4002;21629.3;218.478;21847.8;682.67;4.8966;1.86381
13.4102;21629.3;218.478;21847.8;682.67;5.3271;1.86381
13.4202;21629.3;218.478;21847.8;682.67;4.9911;1.86381
13.4302;21629.3;218.478;21847.8;682.67;5.1816;1.86381
13.4402;21629.3;218.478;21847.8;682.67;5.0182;1.86381
13.4502;21629.3;218.478;21847.8;682.67;4.507;1.86381
13.4602;21629.3;218.478;21847.8;682.67;5.3747;1.86381
13.4702;21629.3;218.478;21847.8;682.67;4.8537;1.86381
13.4802;21629.3;218.478;21847.8;682.67;4.7226;1.86381
13.4902;21629.3;218.478;21847.8;682.67;5.5822;1.86381
13.5002;21629.3;218.478;21847.8;682.67;5.4754;1.86381
13.5102;21629.3;218.478;21847.8;682.67;5.0552;1.86381
13.5202;21629.3;218.478;21847.8;682.67;4.569;1.86381
13.5302;21629.3;218.478;21847.8;682.67;4.0477;1.86381
13.5402;21629.3;218.478;21847.8;682.67;5.2341;1.86381
13.5502;21629.3;218.478;21847.8;682.67;5.1168;1.86381
13.5602;21629.3;218.478;21847.8;682.67;5.2376;1.86381
13.5702;21629.3;218.478;21847.8;682.67;6.1462;1.86381
13.5802;21629.3;218.478;21847.8;682.67;5.6384;1.86381
13.5902;21629.3;218.478;21847.8;682.67;5.0433;1.86381
13.6002;21629.3;218.478;21847.8;682.67;4.4237;1.86381
13.6102;21629.3;218.478;21847.8;682.67;4.3791;1.86381
13.6202;21629.3;218.478;21847.8;682.67;5.425;1.86381
13.6302;21629.3;218.478;21847.8;682.67;5.4097;1.86381
13.6402;21629.3;218.478;21847.8;682.67;5.5763;1.86381
13.6502;21629.3;218.478;21847.8;682.67;5.0185;1.86381
13.6602;21629.3;218.478;21847.8;682.67;4.7503;1.86381
13.6702;21629.3;218.478;21847.8;682.67;5.4445;1.86381
13.6802;21629.3;218.478;21847.8;682.67;5.8046;1.86381
13.6902;21629.3;218.478;21847.8;682.67;6.4931;1.86381
13.7002;21629.3;218.478;21847.8;682.67;5.6222;1.86381
13.7102;21629.3;218.478;21847.8;682.67;4.7469;1.86381
13.7202;21629.3;218.478;21847.8;682.67;4.7108;1.86381
13.7302;21629.3;218.478;21847.8;682.67;4.6355;1.86381
13.7402;21629.3;218.478;21847.8;682.67;6.0609;1.86381
13.7502;21629.3;218.478;21847.8;682.67;5.7866;1.86381
13.7602;21629.3;218.478;21847.8;682.67;5.2962;1.86381
13.7702;21629.3;218.478;21847.8;682.67;5.2254;1.86381
13.7802;21629.3;218.478;21847.8;682.67;4.9816;1.86381
13.7902;21629.3;218.478;21847.8;682.67;5.0576;1.86381
13.8002;21629.3;218.478;21847.8;682.67;5.0684;1.86381
13.8102;21629.3;218.478;21847.8;682.67;4.991;1.86381
13.8202;21629.3;218.478;21847.8;682.67;4.8481;1.86381
13.8302;21629.3;218.478;21847.8;682.67;4.4884;1.86381
13.8402;21629.3;218.478;21847.8;682.67;4.7115;1.86381
13.8502;21629.3;218.478;21847.8;682.67;4.4625;1.86381
13.8602;21629.3;218.478;21847.8;682.67;4.8638;1.86381
13.8702;21629.3;218.478;21847.8;682.67;5.4601;1.86381
13.8802;21629.3;218.478;21847.8;682.67;5.2552;1.86381
13.8902;21629.3;218.478;21847.8;682.67;4.7284;1.86381
13.9002;21629.3;218.478;21847.8;682.67;4.2223;1.86381
13.9102;21629.3;218.478;21847.8;682.67;4.155;1.86381
13.9202;21629.3;218.478;21847.8;682.67;5.0414;1.86381
13.9302;21629.3;218.478;21847.8;682.67;4.587;1.86381
13.9402;21629.3;218.478;21847.8;682.67;4.4129;1.86381
13.9502;21629.3;218.478;21847.8;682.67;5.0127;1.86381
13.9602;21629.3;218.478;21847.8;682.67;4.9244;1.86381
13.9702;21629.3;218.478;21847.8;682.67;4.6548;1.86381
13.9802;21629.3;218.478;21847.8;682.67;4.2678;1.86381
13.9902;21629.3;218.478;21847.8;682.67;4.0655;1.86381
14.0002;21629.3;218.478;21847.8;682.67;4.976;1.86381
14.0102;21629.3;218.478;21847.8;682.67;4.6507;1.86381
14.0202;21629.3;218.478;21847.8;682.67;4.1628;1.86381
14.0302;21629.3;218.478;21847.8;682.67;4.6544;1.86381
14.0402;21629.3;218.478;21847.8;682.67;4.5774;1.86381
14.0502;21629.3;218.478;21847.8;682.67;4.8558;1.86381
14.0602;21629.3;218.478;21847.8;682.67;4.5364;1.86381
14.0702;21629.3;218.478;21847.8;682.67;3.8269;1.86381
14.0802;21629.3;218.478;21847.8;682.67;4.5382;1.86381
14.0902;21629.3;218.478;21847.8;682.67;4.6709;1.86381
14.1002;21629.3;218.478;21847.8;682.67;4.4666;1.86381
14.1102;21629.3;218.478;21847.8;682.67;4.7059;1.86381
14.1202;21629.3;218.478;21847.8;682.67;4.3709;1.86381
14.1302;21629.3;218.478;21847.8;682.67;4.5162;1.86381
14.1402;21629.3;218.478;21847.8;682.67;4.2629;1.86381
14.1502;21629.3;218.478;21847.8;682.67;3.9581;1.86381
14.1602;21629.3;218.478;21847.8;682.67;4.7746;1.86381
14.1702;21629.3;218.478;21847.8;682.67;4.9369;1.86381
14.1802;21629.3;218.478;21847.8;682.67;4.663;1.86381
14.1902;21629.3;218.478;21847.8;682.67;4.5424;1.86381
14.2002;21629.3;218.478;21847.8;682.67;4.6595;1.86381
14.2102;21629.3;218.478;21847.8;682.67;5.1564;1.86381
14.2202;21629.3;218.478;21847.8;682.67;4.9305;1.86381
14.2302;21629.3;218.478;21847.8;682.67;4.5517;1.86381
14.2402;21629.3;218.478;21847.8;682.67;5.0173;1.86381
14.2502;21629.3;218.478;21847.8;682.67;4.2217;1.86381
14.2602;21629.3;218.478;21847.8;682.67;4.2261;1.86381
14.2702;21629.3;218.478;21847.8;682.67;5.4258;1.86381
14.2802;21629.3;218.478;21847.8;682.67;5.1138;1.86381
14.2902;21629.3;218.478;21847.8;682.67;4.8203;1.86381
14.3002;21629.3;218.478;21847.8;682.67;4.4623;1.86381
14.3102;21629.3;218.478;21847.8;682.67;3.8334;1.86381
14.3202;21629.3;218.478;21847.8;682.67;4.8312;1.86381
14.3302;21629.3;218.478;21847.8;682.67;5.1328;1.86381
14.3402;21629.3;218.478;21847.8;682.67;4.6159;1.86381
14.3502;21629.3;218.478;21847.8;682.67;4.4499;1.86381
14.3602;21629.3;218.478;21847.8;682.67;4.8247;1.86381
14.3702;21629.3;218.478;21847.8;682.67;5.4613;1.86381
14.3802;21629.3;218.478;21847.8;682.67;4.9452;1.86381
14.3902;21629.3;218.478;21847.8;682.67;4.4061;1.86381
14.4002;21629.3;218.478;21847.8;682.67;4.2606;1.86381
14.4102;21629.3;218.478;21847.8;682.67;4.1402;1.86381
14.4202;21629.3;218.478;21847.8;682.67;4.7127;1.86381
14.4302;21629.3;218.478;21847.8;682.67;4.657;1.86381
14.4402;21629.3;218.478;21847.8;682.67;4.2208;1.86381
14.4502;21629.3;218.478;21847.8;682.67;5.0079;1.86381
14.4602;21629.3;218.478;21847.8;682.67;4.6867;1.86381
14.4702;21629.3;218.478;21847.8;682.67;4.1061;1.86381
14.4802;21629.3;218.478;21847.8;682.67;4.1719;1.86381
14.4902;21629.3;218.478;21847.8;682.67;4.3822;1.86381
14.5002;21629.3;218.478;21847.8;682.67;5.089;1.86381
14.5102;21629.3;218.478;21847.8;682.67;4.6164;1.86381
14.5202;21629.3;218.478;21847.8;682.67;4.3097;1.86381
14.5302;21629.3;218.478;21847.8;682.67;4.7749;1.86381
14.5402;21629.3;218.478;21847.8;682.67;4.7932;1.86381
14.5502;21629.3;218.478;21847.8;682.67;5.4902;1.86381
14.5602;21629.3;218.478;21847.8;682.67;4.78;1.86381
14.5702;21629.3;218.478;21847.8;682.67;4.6072;1.86381
14.5802;21629.3;218.478;21847.8;682.67;4.6608;1.86381
14.5902;21629.3;218.478;21847.8;682.67;4.8513;1.86381
14.6002;21629.3;218.478;21847.8;682.67;5.5106;1.86381
14.6102;21629.3;218.478;21847.8;682.67;4.8183;1.86381
14.6202;21629.3;218.478;21847.8;682.67;4.5543;1.86381
14.6302;21629.3;218.478;21847.8;682.67;4.6629;1.86381
14.6402;21629.3;218.478;21847.8;682.67;4.8454;1.86381
14.6502;21629.3;218.478;21847.8;682.67;5.5699;1.86381
14.6602;21629.3;218.478;21847.8;682.67;5.172;1.86381
14.6702;21629.3;218.478;21847.8;682.67;5.2205;1.86381
14.6802;21629.3;218.478;21847.8;682.67;4.7547;1.86381
14.6902;21629.3;218.478;21847.8;682.67;4.0557;1.86381
14.7002;21629.3;218.478;21847.8;682.67;4.8773;1.86381
14.7102;21629.3;218.478;21847.8;682.67;4.5342;1.86381
14.7202;21629.3;218.478;21847.8;682.67;5.2944;1.86381
14.7302;21629.3;218.478;21847.8;682.67;5.6396;1.86381
14.7402;21629.3;218.478;21847.8;682.67;5.0381;1.86381
14.7502;21629.3;218.478;21847.8;682.67;4.9976;1.86381
14.7602;21629.3;218.478;21847.8;682.67;4.2493;1.86381
14.7702;21629.3;218.478;21847.8;682.67;4.0958;1.86381
14.7802;21629.3;218.478;21847.8;682.67;5.1516;1.86381
14.7902;21629.3;218.478;21847.8;682.67;5.3472;1.86381
14.8002;21629.3;218.478;21847.8;682.67;5.1592;1.86381
14.8102;21629.3;218.478;21847.8;682.67;4.7708;1.86381
14.8202;21629.3;218.478;21847.8;682.67;4.5016;1.86381
14.8302;21629.3;218.478;21847.8;682.67;4.9928;1.86381
14.8402;21629.3;218.478;21847.8;682.67;5.2918;1.86381
14.8502;21629.3;218.478;21847.8;682.67;4.9158;1.86381
14.8602;21629.3;218.478;21847.8;682.67;4.6612;1.86381
14.8702;21629.3;218.478;21847.8;682.67;4.4326;1.86381
14.8802;21629.3;218.478;21847.8;682.67;5.1505;1.86381
14.8902;21629.3;218.478;21847.8;682.67;4.8689;1.86381
14.9002;21629.3;218.478;21847.8;682.67;4.9702;1.86381
14.9102;21629.3;218.478;21847.8;682.67;5.6669;1.86381
14.9202;21629.3;218.478;21847.8;682.67;5.1547;1.86381
14.9302;21629.3;218.478;21847.8;682.67;4.2797;1.86381
14.9402;21629.3;218.478;21847.8;682.67;4.015;1.86381
14.9502;21629.3;218.478;21847.8;682.67;3.9966;1.86381
14.9602;21629.3;218.478;21847.8;682.67;5.4379;1.86381
14.9702;21629.3;218.478;21847.8;682.67;5.457;1.86381
14.9802;21629.3;218.478;21847.8;682.67;4.9838;1.86381
14.9902;21629.3;218.478;21847.8;682.67;5.2593;1.86381
