0;21629.3;218.478;21847.8;341.33;1.4197;1.402
0.01;21629.3;218.478;21847.8;341.33;1.2366;1.402
0.02;21629.3;218.478;21847.8;341.33;1.3071;1.402
0.03;21629.3;218.478;21847.8;341.33;1.5187;1.402
0.04;21629.3;218.478;21847.8;341.33;1.623;1.402
0.05;21629.3;218.478;21847.8;341.33;1.4573;1.402
0.06;21629.3;218.478;21847.8;341.33;1.3672;1.402
0.07;21629.3;218.478;21847.8;341.33;1.3686;1.402
0.08;21629.3;218.478;21847.8;341.33;1.4538;1.402
0.09;21629.3;218.478;21847.8;341.33;1.4502;1.402
0.1;21629.3;218.478;21847.8;341.33;1.453;1.402
0.11;21629.3;218.478;21847.8;341.33;1.4249;1.402
0.12;21629.3;218.478;21847.8;341.33;1.4315;1.402
0.13;21629.3;218.478;21847.8;341.33;1.4585;1.402
0.14;21629.3;218.478;21847.8;341.33;1.511;1.402
0.15;21629.3;218.478;21847.8;341.33;1.5209;1.402
0.16;21629.3;218.478;21847.8;341.33;1.5365;1.402
0.17;21629.3;218.478;21847.8;341.33;1.5067;1.402
0.18;21629.3;218.478;21847.8;341.33;1.4592;1.402
0.19;21629.3;218.478;21847.8;341.33;1.3568;1.402
0.2;21629.3;218.478;21847.8;341.33;1.3527;1.402
0.21;21629.3;218.478;21847.8;341.33;1.426;1.402
0.22;21629.3;218.478;21847.8;341.33;1.4636;1.402
0.23;21629.3;218.478;21847.8;341.33;1.4382;1.402
0.24;21629.3;218.478;21847.8;341.33;1.3803;1.402
0.25;21629.3;218.478;21847.8;341.33;1.3826;1.402
0.26;21629.3;218.478;21847.8;341.33;1.4436;1.402
0.27;21629.3;218.478;21847.8;341.33;1.3806;1.402
0.28;21629.3;218.478;21847.8;341.33;1.3916;1.402
0.29;21629.3;218.478;21847.8;341.33;1.4138;1.402
0.3;21629.3;218.478;21847.8;341.33;1.3811;1.402
0.31;21629.3;218.478;21847.8;341.33;1.4752;1.402
0.32;21629.3;218.478;21847.8;341.33;1.5197;1.402
0.33;21629.3;218.478;21847.8;341.33;1.5244;1.402
0.34;21629.3;218.478;21847.8;341.33;1.4189;1.402
0.35;21629.3;218.478;21847.8;341.33;1.3945;1.402
0.36;21629.3;218.478;21847.8;341.33;1.4407;1.402
0.37;21629.3;218.478;21847.8;341.33;1.5064;1.402
0.38;21629.3;218.478;21847.8;341.33;1.5403;1.402
0.39;21629.3;218.478;21847.8;341.33;1.5107;1.402
0.4;21629.3;218.478;21847.8;341.33;1.448;1.402
0.41;21629.3;218.478;21847.8;341.33;1.4488;1.402
0.42;21629.3;218.478;21847.8;341.33;1.4405;1.402
0.43;21629.3;218.478;21847.8;341.33;1.39;1.402
0.44;21629.3;218.478;21847.8;341.33;1.3219;1.402
0.45;21629.3;218.478;21847.8;341.33;1.2375;1.402
0.46;21629.3;218.478;21847.8;341.33;1.3198;1.402
0.47;21629.3;218.478;21847.8;341.33;1.3779;1.402
0.48;21629.3;218.478;21847.8;341.33;1.3519;1.402
0.49;21629.3;218.478;21847.8;341.33;1.3147;1.402
0.5;21629.3;218.478;21847.8;341.33;1.3089;1.402
0.51;21629.3;218.478;21847.8;341.33;1.3188;1.402
0.52;21629.3;218.478;21847.8;341.33;1.4571;1.402
0.53;21629.3;218.478;21847.8;341.33;1.4406;1.402
0.54;21629.3;218.478;21847.8;341.33;1.4906;1.402
0.55;21629.3;218.478;21847.8;341.33;1.4259;1.402
0.56;21629.3;218.478;21847.8;341.33;1.4415;1.402
0.57;21629.3;218.478;21847.8;341.33;1.3492;1.402
0.58;21629.3;218.478;21847.8;341.33;1.3393;1.402
0.59;21629.3;218.478;21847.8;341.33;1.3437;1.402
0.6;21629.3;218.478;21847.8;341.33;1.4381;1.402
0.61;21629.3;218.478;21847.8;341.33;1.4587;1.402
0.62;21629.3;218.478;21847.8;341.33;1.521;1.402
0.63;21629.3;218.478;21847.8;341.33;1.4347;1.402
0.64;21629.3;218.478;21847.8;341.33;1.4198;1.402
0.65;21629.3;218.478;21847.8;341.33;1.3011;1.402
0.66;21629.3;218.478;21847.8;341.33;1.2833;1.402
0.67;21629.3;218.478;21847.8;341.33;1.381;1.402
0.68;21629.3;218.478;21847.8;341.33;1.4796;1.402
0.69;21629.3;218.478;21847.8;341.33;1.4345;1.402
0.7;21629.3;218.478;21847.8;341.33;1.5168;1.402
0.71;21629.3;218.478;21847.8;341.33;1.4505;1.402
0.72;21629.3;218.478;21847.8;341.33;1.4244;1.402
0.73;21629.3;218.478;21847.8;341.33;1.3376;1.402
0.74;21629.3;218.478;21847.8;341.33;1.3343;1.402
0.75;21629.3;218.478;21847.8;341.33;1.4007;1.402
0.76;21629.3;218.478;21847.8;341.33;1.4078;1.402
0.77;21629.3;218.478;21847.8;341.33;1.3872;1.402
0.78;21629.3;218.478;21847.8;341.33;1.2868;1.402
0.79;21629.3;218.478;21847.8;341.33;1.3381;1.402
0.8;21629.3;218.478;21847.8;341.33;1.3829;1.402
0.81;21629.3;218.478;21847.8;341.33;1.2351;1.402
0.82;21629.3;218.478;21847.8;341.33;1.2394;1.402
0.83;21629.3;218.478;21847.8;341.33;1.3571;1.402
0.839999;21629.3;218.478;21847.8;341.33;1.3783;1.402
0.849999;21629.3;218.478;21847.8;341.33;1.3592;1.402
0.859999;21629.3;218.478;21847.8;341.33;1.2456;1.402
0.869999;21629.3;218.478;21847.8;341.33;1.2355;1.402
0.879999;21629.3;218.478;21847.8;341.33;1.2846;1.402
0.889999;21629.3;218.478;21847.8;341.33;1.2255;1.402
0.899999;21629.3;218.478;21847.8;341.33;1.2278;1.402
0.909999;21629.3;218.478;21847.8;341.33;1.3298;1.402
0.919999;21629.3;218.478;21847.8;341.33;1.3202;1.402
0.929999;21629.3;218.478;21847.8;341.33;1.2918;1.402
0.939999;21629.3;218.478;21847.8;341.33;1.2593;1.402
0.949999;21629.3;218.478;21847.8;341.33;1.3196;1.402
0.959999;21629.3;218.478;21847.8;341.33;1.3976;1.402
0.969999;21629.3;218.478;21847.8;341.33;1.2443;1.402
0.979999;21629.3;218.478;21847.8;341.33;1.2729;1.402
0.989999;21629.3;218.478;21847.8;341.33;1.2999;1.402
0.999999;21629.3;218.478;21847.8;341.33;1.3009;1.402
1.01;21629.3;218.478;21847.8;341.33;1.2994;1.402
1.02;21629.3;218.478;21847.8;341.33;1.2538;1.402
1.03;21629.3;218.478;21847.8;341.33;1.3046;1.402
1.04;21629.3;218.478;21847.8;341.33;1.3274;1.402
1.05;21629.3;218.478;21847.8;341.33;1.4166;1.402
1.06;21629.3;218.478;21847.8;341.33;1.3853;1.402
1.07;21629.3;218.478;21847.8;341.33;1.425;1.402
1.08;21629.3;218.478;21847.8;341.33;1.4547;1.402
1.09;21629.3;218.478;21847.8;341.33;1.4143;1.402
1.1;21629.3;218.478;21847.8;341.33;1.3658;1.402
1.11;21629.3;218.478;21847.8;341.33;1.4335;1.402
1.12;21629.3;218.478;21847.8;341.33;1.4594;1.402
1.13;21629.3;218.478;21847.8;341.33;1.4909;1.402
1.14;21629.3;218.478;21847.8;341.33;1.415;1.402
1.15;21629.3;218.478;21847.8;341.33;1.3506;1.402
1.16;21629.3;218.478;21847.8;341.33;1.3043;1.402
1.17;21629.3;218.478;21847.8;341.33;1.4079;1.402
1.18;21629.3;218.478;21847.8;341.33;1.4055;1.402
1.19;21629.3;218.478;21847.8;341.33;1.3928;1.402
1.2;21629.3;218.478;21847.8;341.33;1.2807;1.402
1.21;21629.3;218.478;21847.8;341.33;1.2812;1.402
1.22;21629.3;218.478;21847.8;341.33;1.3786;1.402
1.23;21629.3;218.478;21847.8;341.33;1.3089;1.402
1.24;21629.3;218.478;21847.8;341.33;1.2907;1.402
1.25;21629.3;218.478;21847.8;341.33;1.1369;1.402
1.26;21629.3;218.478;21847.8;341.33;1.1856;1.402
1.27;21629.3;218.478;21847.8;341.33;1.3085;1.402
1.28;21629.3;218.478;21847.8;341.33;1.2687;1.402
1.29;21629.3;218.478;21847.8;341.33;1.2228;1.402
1.3;21629.3;218.478;21847.8;341.33;1.1335;1.402
1.31;21629.3;218.478;21847.8;341.33;1.1684;1.402
1.32;21629.3;218.478;21847.8;341.33;1.2452;1.402
1.33;21629.3;218.478;21847.8;341.33;1.2668;1.402
1.34;21629.3;218.478;21847.8;341.33;1.2363;1.402
1.35;21629.3;218.478;21847.8;341.33;1.1814;1.402
1.36;21629.3;218.478;21847.8;341.33;1.2454;1.402
1.37;21629.3;218.478;21847.8;341.33;1.2629;1.402
1.38;21629.3;218.478;21847.8;341.33;1.2627;1.402
1.39;21629.3;218.478;21847.8;341.33;1.2637;1.402
1.4;21629.3;218.478;21847.8;341.33;1.2272;1.402
1.41;21629.3;218.478;21847.8;341.33;1.227;1.402
1.42;21629.3;218.478;21847.8;341.33;1.2753;1.402
1.43;21629.3;218.478;21847.8;341.33;1.2445;1.402
1.44;21629.3;218.478;21847.8;341.33;1.287;1.402
1.45;21629.3;218.478;21847.8;341.33;1.4216;1.402
1.46;21629.3;218.478;21847.8;341.33;1.4646;1.402
1.47;21629.3;218.478;21847.8;341.33;1.2187;1.402
1.48;21629.3;218.478;21847.8;341.33;1.0767;1.402
1.49;21629.3;218.478;21847.8;341.33;1.2427;1.402
1.5;21629.3;218.478;21847.8;341.33;1.4435;1.402
1.51;21629.3;218.478;21847.8;341.33;1.3129;1.402
1.52;21629.3;218.478;21847.8;341.33;1.177;1.402
1.53;21629.3;218.478;21847.8;341.33;1.2166;1.402
1.54;21629.3;218.478;21847.8;341.33;1.2761;1.402
1.55;21629.3;218.478;21847.8;341.33;1.3308;1.402
1.56;21629.3;218.478;21847.8;341.33;1.2606;1.402
1.57;21629.3;218.478;21847.8;341.33;1.2525;1.402
1.58;21629.3;218.478;21847.8;341.33;1.3054;1.402
1.59;21629.3;218.478;21847.8;341.33;1.4415;1.402
1.6;21629.3;218.478;21847.8;341.33;1.4665;1.402
1.61;21629.3;218.478;21847.8;341.33;1.3898;1.402
1.62;21629.3;218.478;21847.8;341.33;1.316;1.402
1.63;21629.3;218.478;21847.8;341.33;1.4318;1.402
1.64;21629.3;218.478;21847.8;341.33;1.5212;1.402
1.65;21629.3;218.478;21847.8;341.33;1.3499;1.402
1.66;21629.3;218.478;21847.8;341.33;1.2229;1.402
1.67;21629.3;218.478;21847.8;341.33;1.3223;1.402
1.68;21629.3;218.478;21847.8;341.33;1.4111;1.402
1.69;21629.3;218.478;21847.8;341.33;1.4373;1.402
1.7;21629.3;218.478;21847.8;341.33;1.3573;1.402
1.71;21629.3;218.478;21847.8;341.33;1.2228;1.402
1.72;21629.3;218.478;21847.8;341.33;1.212;1.402
1.73;21629.3;218.478;21847.8;341.33;1.2938;1.402
1.74;21629.3;218.478;21847.8;341.33;1.4818;1.402
1.75;21629.3;218.478;21847.8;341.33;1.397;1.402
1.76;21629.3;218.478;21847.8;341.33;1.2842;1.402
1.77;21629.3;218.478;21847.8;341.33;1.4076;1.402
1.78;21629.3;218.478;21847.8;341.33;1.534;1.402
1.79;21629.3;218.478;21847.8;341.33;1.4493;1.402
1.8;21629.3;218.478;21847.8;341.33;1.4433;1.402
1.81;21629.3;218.478;21847.8;341.33;1.3806;1.402
1.82;21629.3;218.478;21847.8;341.33;1.4848;1.402
1.83;21629.3;218.478;21847.8;341.33;1.4806;1.402
1.84;21629.3;218.478;21847.8;341.33;1.3587;1.402
1.85;21629.3;218.478;21847.8;341.33;1.2916;1.402
1.86;21629.3;218.478;21847.8;341.33;1.274;1.402
1.87;21629.3;218.478;21847.8;341.33;1.3839;1.402
1.88;21629.3;218.478;21847.8;341.33;1.4577;1.402
1.89;21629.3;218.478;21847.8;341.33;1.2471;1.402
1.9;21629.3;218.478;21847.8;341.33;1.2593;1.402
1.91;21629.3;218.478;21847.8;341.33;1.3378;1.402
1.92;21629.3;218.478;21847.8;341.33;1.4069;1.402
1.93;21629.3;218.478;21847.8;341.33;1.2115;1.402
1.94;21629.3;218.478;21847.8;341.33;1.1042;1.402
1.95;21629.3;218.478;21847.8;341.33;1.2101;1.402
1.96;21629.3;218.478;21847.8;341.33;1.3584;1.402
1.97;21629.3;218.478;21847.8;341.33;1.3349;1.402
1.98;21629.3;218.478;21847.8;341.33;1.4088;1.402
1.99;21629.3;218.478;21847.8;341.33;1.3014;1.402
2;21629.3;218.478;21847.8;341.33;1.2523;1.402
2.01;21629.3;218.478;21847.8;341.33;1.2828;1.402
2.02;21629.3;218.478;21847.8;341.33;1.3134;1.402
2.03;21629.3;218.478;21847.8;341.33;1.2754;1.402
2.04;21629.3;218.478;21847.8;341.33;1.2267;1.402
2.05;21629.3;218.478;21847.8;341.33;1.327;1.402
2.06;21629.3;218.478;21847.8;341.33;1.3245;1.402
2.07;21629.3;218.478;21847.8;341.33;1.3116;1.402
2.08;21629.3;218.478;21847.8;341.33;1.2844;1.402
2.09;21629.3;218.478;21847.8;341.33;1.2973;1.402
2.1;21629.3;218.478;21847.8;341.33;1.3478;1.402
2.11;21629.3;218.478;21847.8;341.33;1.2227;1.402
2.12;21629.3;218.478;21847.8;341.33;1.2721;1.402
2.13;21629.3;218.478;21847.8;341.33;1.2904;1.402
2.14;21629.3;218.478;21847.8;341.33;1.2127;1.402
2.15;21629.3;218.478;21847.8;341.33;1.2095;1.402
2.16;21629.3;218.478;21847.8;341.33;1.2992;1.402
2.17;21629.3;218.478;21847.8;341.33;1.1913;1.402
2.18;21629.3;218.478;21847.8;341.33;1.1723;1.402
2.19;21629.3;218.478;21847.8;341.33;1.2012;1.402
2.2;21629.3;218.478;21847.8;341.33;1.3064;1.402
2.21;21629.3;218.478;21847.8;341.33;1.2791;1.402
2.22;21629.3;218.478;21847.8;341.33;1.2879;1.402
2.23;21629.3;218.478;21847.8;341.33;1.2484;1.402
2.24;21629.3;218.478;21847.8;341.33;1.2054;1.402
2.25;21629.3;218.478;21847.8;341.33;1.3693;1.402
2.26;21629.3;218.478;21847.8;341.33;1.4712;1.402
2.27;21629.3;218.478;21847.8;341.33;1.3356;1.402
2.28;21629.3;218.478;21847.8;341.33;1.3403;1.402
2.29;21629.3;218.478;21847.8;341.33;1.2881;1.402
2.3;21629.3;218.478;21847.8;341.33;1.3324;1.402
2.31;21629.3;218.478;21847.8;341.33;1.3711;1.402
2.32;21629.3;218.478;21847.8;341.33;1.3284;1.402
2.33;21629.3;218.478;21847.8;341.33;1.3517;1.402
2.34;21629.3;218.478;21847.8;341.33;1.4023;1.402
2.35;21629.3;218.478;21847.8;341.33;1.3782;1.402
2.36;21629.3;218.478;21847.8;341.33;1.3814;1.402
2.37;21629.3;218.478;21847.8;341.33;1.3347;1.402
2.38;21629.3;218.478;21847.8;341.33;1.2872;1.402
2.39;21629.3;218.478;21847.8;341.33;1.2313;1.402
2.4;21629.3;218.478;21847.8;341.33;1.2276;1.402
2.41;21629.3;218.478;21847.8;341.33;1.2779;1.402
2.42;21629.3;218.478;21847.8;341.33;1.3198;1.402
2.43;21629.3;218.478;21847.8;341.33;1.3299;1.402
2.44;21629.3;218.478;21847.8;341.33;1.4128;1.402
2.45;21629.3;218.478;21847.8;341.33;1.3575;1.402
2.46;21629.3;218.478;21847.8;341.33;1.3756;1.402
2.47;21629.3;218.478;21847.8;341.33;1.2461;1.402
2.48;21629.3;218.478;21847.8;341.33;1.2159;1.402
2.49;21629.3;218.478;21847.8;341.33;1.2878;1.402
2.5;21629.3;218.478;21847.8;341.33;1.3595;1.402
2.51;21629.3;218.478;21847.8;341.33;1.3794;1.402
2.52;21629.3;218.478;21847.8;341.33;1.3914;1.402
2.53;21629.3;218.478;21847.8;341.33;1.3539;1.402
2.54;21629.3;218.478;21847.8;341.33;1.3548;1.402
2.55;21629.3;218.478;21847.8;341.33;1.2111;1.402
2.56;21629.3;218.478;21847.8;341.33;1.2272;1.402
2.57;21629.3;218.478;21847.8;341.33;1.3685;1.402
2.58;21629.3;218.478;21847.8;341.33;1.4458;1.402
2.59;21629.3;218.478;21847.8;341.33;1.4064;1.402
2.6;21629.3;218.478;21847.8;341.33;1.3575;1.402
2.61;21629.3;218.478;21847.8;341.33;1.3728;1.402
2.62;21629.3;218.478;21847.8;341.33;1.4505;1.402
2.63;21629.3;218.478;21847.8;341.33;1.3296;1.402
2.64;21629.3;218.478;21847.8;341.33;1.2551;1.402
2.65;21629.3;218.478;21847.8;341.33;1.2785;1.402
2.66;21629.3;218.478;21847.8;341.33;1.3077;1.402
2.67;21629.3;218.478;21847.8;341.33;1.35;1.402
2.68;21629.3;218.478;21847.8;341.33;1.2742;1.402
2.69;21629.3;218.478;21847.8;341.33;1.3334;1.402
2.7;21629.3;218.478;21847.8;341.33;1.3536;1.402
2.71;21629.3;218.478;21847.8;341.33;1.2084;1.402
2.72;21629.3;218.478;21847.8;341.33;1.207;1.402
2.73;21629.3;218.478;21847.8;341.33;1.3249;1.402
2.74;21629.3;218.478;21847.8;341.33;1.3706;1.402
2.75;21629.3;218.478;21847.8;341.33;1.2863;1.402
2.76;21629.3;218.478;21847.8;341.33;1.1444;1.402
2.77;21629.3;218.478;21847.8;341.33;1.1455;1.402
2.78;21629.3;218.478;21847.8;341.33;1.1985;1.402
2.79;21629.3;218.478;21847.8;341.33;1.2102;1.402
2.8;21629.3;218.478;21847.8;341.33;1.329;1.402
2.81;21629.3;218.478;21847.8;341.33;1.2367;1.402
2.82;21629.3;218.478;21847.8;341.33;1.0875;1.402
2.83;21629.3;218.478;21847.8;341.33;1.1999;1.402
2.84;21629.3;218.478;21847.8;341.33;1.2829;1.402
2.85;21629.3;218.478;21847.8;341.33;1.3587;1.402
2.86;21629.3;218.478;21847.8;341.33;1.3186;1.402
2.87;21629.3;218.478;21847.8;341.33;1.2414;1.402
2.88;21629.3;218.478;21847.8;341.33;1.3053;1.402
2.89;21629.3;218.478;21847.8;341.33;1.4924;1.402
2.9;21629.3;218.478;21847.8;341.33;1.5455;1.402
2.91;21629.3;218.478;21847.8;341.33;1.403;1.402
2.92;21629.3;218.478;21847.8;341.33;1.4278;1.402
2.93;21629.3;218.478;21847.8;341.33;1.5475;1.402
2.94;21629.3;218.478;21847.8;341.33;1.6133;1.402
2.95;21629.3;218.478;21847.8;341.33;1.389;1.402
2.96;21629.3;218.478;21847.8;341.33;1.2923;1.402
2.97;21629.3;218.478;21847.8;341.33;1.3352;1.402
2.98;21629.3;218.478;21847.8;341.33;1.4857;1.402
2.99;21629.3;218.478;21847.8;341.33;1.3346;1.402
3;21629.3;218.478;21847.8;341.33;1.1596;1.402
3.01;21629.3;218.478;21847.8;341.33;1.282;1.402
3.02;21629.3;218.478;21847.8;341.33;1.4733;1.402
3.03;21629.3;218.478;21847.8;341.33;1.5086;1.402
3.04;21629.3;218.478;21847.8;341.33;1.4022;1.402
3.05;21629.3;218.478;21847.8;341.33;1.2762;1.402
3.06;21629.3;218.478;21847.8;341.33;1.2714;1.402
3.07;21629.3;218.478;21847.8;341.33;1.5237;1.402
3.08;21629.3;218.478;21847.8;341.33;1.5691;1.402
3.09;21629.3;218.478;21847.8;341.33;1.2767;1.402
3.1;21629.3;218.478;21847.8;341.33;1.1082;1.402
3.11;21629.3;218.478;21847.8;341.33;1.4195;1.402
3.12;21629.3;218.478;21847.8;341.33;1.6462;1.402
3.13;21629.3;218.478;21847.8;341.33;1.474;1.402
3.14;21629.3;218.478;21847.8;341.33;1.1016;1.402
3.15;21629.3;218.478;21847.8;341.33;1.1724;1.402
3.16;21629.3;218.478;21847.8;341.33;1.3963;1.402
3.17;21629.3;218.478;21847.8;341.33;1.4609;1.402
3.18;21629.3;218.478;21847.8;341.33;1.3366;1.402
3.19;21629.3;218.478;21847.8;341.33;1.2651;1.402
3.2;21629.3;218.478;21847.8;341.33;1.2705;1.402
3.21;21629.3;218.478;21847.8;341.33;1.4472;1.402
3.22;21629.3;218.478;21847.8;341.33;1.458;1.402
3.23;21629.3;218.478;21847.8;341.33;1.2162;1.402
3.24;21629.3;218.478;21847.8;341.33;1.1172;1.402
3.25;21629.3;218.478;21847.8;341.33;1.4288;1.402
3.26;21629.3;218.478;21847.8;341.33;1.5594;1.402
3.27;21629.3;218.478;21847.8;341.33;1.3924;1.402
3.28;21629.3;218.478;21847.8;341.33;1.1672;1.402
3.29;21629.3;218.478;21847.8;341.33;1.2369;1.402
3.3;21629.3;218.478;21847.8;341.33;1.3694;1.402
3.31;21629.3;218.478;21847.8;341.33;1.3632;1.402
3.32;21629.3;218.478;21847.8;341.33;1.2757;1.402
3.33;21629.3;218.478;21847.8;341.33;1.1486;1.402
3.34;21629.3;218.478;21847.8;341.33;1.2649;1.402
3.35;21629.3;218.478;21847.8;341.33;1.5093;1.402
3.36;21629.3;218.478;21847.8;341.33;1.4937;1.402
3.37;21629.3;218.478;21847.8;341.33;1.2588;1.402
3.38;21629.3;218.478;21847.8;341.33;1.0843;1.402
3.39;21629.3;218.478;21847.8;341.33;1.2801;1.402
3.4;21629.3;218.478;21847.8;341.33;1.43;1.402
3.41;21629.3;218.478;21847.8;341.33;1.296;1.402
3.42;21629.3;218.478;21847.8;341.33;1.1552;1.402
3.43;21629.3;218.478;21847.8;341.33;1.3115;1.402
3.44;21629.3;218.478;21847.8;341.33;1.4741;1.402
3.45;21629.3;218.478;21847.8;341.33;1.2505;1.402
3.46;21629.3;218.478;21847.8;341.33;1.1578;1.402
3.47;21629.3;218.478;21847.8;341.33;1.2365;1.402
3.48;21629.3;218.478;21847.8;341.33;1.4529;1.402
3.49;21629.3;218.478;21847.8;341.33;1.4644;1.402
3.5;21629.3;218.478;21847.8;341.33;1.3325;1.402
3.51;21629.3;218.478;21847.8;341.33;1.3571;1.402
3.52;21629.3;218.478;21847.8;341.33;1.3563;1.402
3.53;21629.3;218.478;21847.8;341.33;1.4824;1.402
3.54;21629.3;218.478;21847.8;341.33;1.5641;1.402
3.55;21629.3;218.478;21847.8;341.33;1.3719;1.402
3.56;21629.3;218.478;21847.8;341.33;1.3174;1.402
3.57;21629.3;218.478;21847.8;341.33;1.4978;1.402
3.58;21629.3;218.478;21847.8;341.33;1.5508;1.402
3.59;21629.3;218.478;21847.8;341.33;1.4462;1.402
3.6;21629.3;218.478;21847.8;341.33;1.2674;1.402
3.61;21629.3;218.478;21847.8;341.33;1.3022;1.402
3.62;21629.3;218.478;21847.8;341.33;1.4567;1.402
3.63;21629.3;218.478;21847.8;341.33;1.4087;1.402
3.64;21629.3;218.478;21847.8;341.33;1.3991;1.402
3.65;21629.3;218.478;21847.8;341.33;1.3485;1.402
3.66;21629.3;218.478;21847.8;341.33;1.2755;1.402
3.67;21629.3;218.478;21847.8;341.33;1.4115;1.402
3.68;21629.3;218.478;21847.8;341.33;1.4332;1.402
3.69;21629.3;218.478;21847.8;341.33;1.3392;1.402
3.7;21629.3;218.478;21847.8;341.33;1.2681;1.402
3.71;21629.3;218.478;21847.8;341.33;1.3233;1.402
3.72;21629.3;218.478;21847.8;341.33;1.5348;1.402
3.73;21629.3;218.478;21847.8;341.33;1.4288;1.402
3.74;21629.3;218.478;21847.8;341.33;1.2935;1.402
3.75;21629.3;218.478;21847.8;341.33;1.1592;1.402
3.76;21629.3;218.478;21847.8;341.33;1.2491;1.402
3.77;21629.3;218.478;21847.8;341.33;1.3265;1.402
3.78;21629.3;218.478;21847.8;341.33;1.4101;1.402
3.79;21629.3;218.478;21847.8;341.33;1.355;1.402
3.8;21629.3;218.478;21847.8;341.33;1.3307;1.402
3.81;21629.3;218.478;21847.8;341.33;1.386;1.402
3.82;21629.3;218.478;21847.8;341.33;1.4274;1.402
3.83;21629.3;218.478;21847.8;341.33;1.3677;1.402
3.84;21629.3;218.478;21847.8;341.33;1.3011;1.402
3.85;21629.3;218.478;21847.8;341.33;1.3495;1.402
3.86;21629.3;218.478;21847.8;341.33;1.4016;1.402
3.87;21629.3;218.478;21847.8;341.33;1.4602;1.402
3.88;21629.3;218.478;21847.8;341.33;1.4017;1.402
3.89;21629.3;218.478;21847.8;341.33;1.3318;1.402
3.9;21629.3;218.478;21847.8;341.33;1.2854;1.402
3.91;21629.3;218.478;21847.8;341.33;1.3742;1.402
3.92;21629.3;218.478;21847.8;341.33;1.424;1.402
3.93;21629.3;218.478;21847.8;341.33;1.3996;1.402
3.94;21629.3;218.478;21847.8;341.33;1.301;1.402
3.95;21629.3;218.478;21847.8;341.33;1.3046;1.402
3.96;21629.3;218.478;21847.8;341.33;1.2939;1.402
3.97;21629.3;218.478;21847.8;341.33;1.328;1.402
3.98;21629.3;218.478;21847.8;341.33;1.3455;1.402
3.99;21629.3;218.478;21847.8;341.33;1.3609;1.402
4;21629.3;218.478;21847.8;341.33;1.233;1.402
4.01;21629.3;218.478;21847.8;341.33;1.2319;1.402
4.02;21629.3;218.478;21847.8;341.33;1.3193;1.402
4.03;21629.3;218.478;21847.8;341.33;1.2984;1.402
4.04;21629.3;218.478;21847.8;341.33;1.2779;1.402
4.05;21629.3;218.478;21847.8;341.33;1.2711;1.402
4.06;21629.3;218.478;21847.8;341.33;1.2869;1.402
4.07;21629.3;218.478;21847.8;341.33;1.3262;1.402
4.08;21629.3;218.478;21847.8;341.33;1.4097;1.402
4.09;21629.3;218.478;21847.8;341.33;1.3089;1.402
4.1;21629.3;218.478;21847.8;341.33;1.3303;1.402
4.11;21629.3;218.478;21847.8;341.33;1.4179;1.402
4.12;21629.3;218.478;21847.8;341.33;1.4988;1.402
4.13;21629.3;218.478;21847.8;341.33;1.3448;1.402
4.14;21629.3;218.478;21847.8;341.33;1.1697;1.402
4.15;21629.3;218.478;21847.8;341.33;1.4222;1.402
4.16;21629.3;218.478;21847.8;341.33;1.5818;1.402
4.17;21629.3;218.478;21847.8;341.33;1.4081;1.402
4.18;21629.3;218.478;21847.8;341.33;1.2149;1.402
4.19;21629.3;218.478;21847.8;341.33;1.2743;1.402
4.2;21629.3;218.478;21847.8;341.33;1.3921;1.402
4.21;21629.3;218.478;21847.8;341.33;1.3045;1.402
4.22;21629.3;218.478;21847.8;341.33;1.2475;1.402
4.23;21629.3;218.478;21847.8;341.33;1.1958;1.402
4.24;21629.3;218.478;21847.8;341.33;1.1751;1.402
4.25;21629.3;218.478;21847.8;341.33;1.372;1.402
4.26;21629.3;218.478;21847.8;341.33;1.4695;1.402
4.27;21629.3;218.478;21847.8;341.33;1.2663;1.402
4.28;21629.3;218.478;21847.8;341.33;1.1253;1.402
4.29;21629.3;218.478;21847.8;341.33;1.2522;1.402
4.3;21629.3;218.478;21847.8;341.33;1.3675;1.402
4.31;21629.3;218.478;21847.8;341.33;1.339;1.402
4.32;21629.3;218.478;21847.8;341.33;1.2017;1.402
4.33;21629.3;218.478;21847.8;341.33;1.172;1.402
4.34;21629.3;218.478;21847.8;341.33;1.2843;1.402
4.35;21629.3;218.478;21847.8;341.33;1.3349;1.402
4.36;21629.3;218.478;21847.8;341.33;1.3794;1.402
4.37001;21629.3;218.478;21847.8;341.33;1.1281;1.402
4.38001;21629.3;218.478;21847.8;341.33;1.1155;1.402
4.39001;21629.3;218.478;21847.8;341.33;1.3987;1.402
4.40001;21629.3;218.478;21847.8;341.33;1.5331;1.402
4.41001;21629.3;218.478;21847.8;341.33;1.2809;1.402
4.42001;21629.3;218.478;21847.8;341.33;1.0598;1.402
4.43001;21629.3;218.478;21847.8;341.33;1.2309;1.402
4.44001;21629.3;218.478;21847.8;341.33;1.4463;1.402
4.45001;21629.3;218.478;21847.8;341.33;1.3247;1.402
4.46001;21629.3;218.478;21847.8;341.33;1.1906;1.402
4.47001;21629.3;218.478;21847.8;341.33;1.2788;1.402
4.48001;21629.3;218.478;21847.8;341.33;1.4342;1.402
4.49001;21629.3;218.478;21847.8;341.33;1.4178;1.402
4.50001;21629.3;218.478;21847.8;341.33;1.2977;1.402
4.51001;21629.3;218.478;21847.8;341.33;1.307;1.402
4.52001;21629.3;218.478;21847.8;341.33;1.4169;1.402
4.53001;21629.3;218.478;21847.8;341.33;1.4332;1.402
4.54001;21629.3;218.478;21847.8;341.33;1.424;1.402
4.55001;21629.3;218.478;21847.8;341.33;1.3394;1.402
4.56001;21629.3;218.478;21847.8;341.33;1.272;1.402
4.57001;21629.3;218.478;21847.8;341.33;1.2604;1.402
4.58001;21629.3;218.478;21847.8;341.33;1.2496;1.402
4.59001;21629.3;218.478;21847.8;341.33;1.1396;1.402
4.60001;21629.3;218.478;21847.8;341.33;1.1538;1.402
4.61001;21629.3;218.478;21847.8;341.33;1.2435;1.402
4.62001;21629.3;218.478;21847.8;341.33;1.3773;1.402
4.63001;21629.3;218.478;21847.8;341.33;1.354;1.402
4.64001;21629.3;218.478;21847.8;341.33;1.2064;1.402
4.65001;21629.3;218.478;21847.8;341.33;1.1829;1.402
4.66001;21629.3;218.478;21847.8;341.33;1.1636;1.402
4.67001;21629.3;218.478;21847.8;341.33;1.209;1.402
4.68001;21629.3;218.478;21847.8;341.33;1.2571;1.402
4.69001;21629.3;218.478;21847.8;341.33;1.2446;1.402
4.70001;21629.3;218.478;21847.8;341.33;1.119;1.402
4.71001;21629.3;218.478;21847.8;341.33;1.1936;1.402
4.72001;21629.3;218.478;21847.8;341.33;1.2892;1.402
4.73001;21629.3;218.478;21847.8;341.33;1.2533;1.402
4.74001;21629.3;218.478;21847.8;341.33;1.1921;1.402
4.75001;21629.3;218.478;21847.8;341.33;1.159;1.402
4.76001;21629.3;218.478;21847.8;341.33;1.2437;1.402
4.77001;21629.3;218.478;21847.8;341.33;1.2894;1.402
4.78001;21629.3;218.478;21847.8;341.33;1.3511;1.402
4.79001;21629.3;218.478;21847.8;341.33;1.264;1.402
4.80001;21629.3;218.478;21847.8;341.33;1.2082;1.402
4.81002;21629.3;218.478;21847.8;341.33;1.252;1.402
4.82002;21629.3;218.478;21847.8;341.33;1.3846;1.402
4.83002;21629.3;218.478;21847.8;341.33;1.3599;1.402
4.84002;21629.3;218.478;21847.8;341.33;1.3445;1.402
4.85002;21629.3;218.478;21847.8;341.33;1.3407;1.402
4.86002;21629.3;218.478;21847.8;341.33;1.4165;1.402
4.87002;21629.3;218.478;21847.8;341.33;1.3584;1.402
4.88002;21629.3;218.478;21847.8;341.33;1.3265;1.402
4.89002;21629.3;218.478;21847.8;341.33;1.2795;1.402
4.90002;21629.3;218.478;21847.8;341.33;1.2947;1.402
4.91002;21629.3;218.478;21847.8;341.33;1.2922;1.402
4.92002;21629.3;218.478;21847.8;341.33;1.2644;1.402
4.93002;21629.3;218.478;21847.8;341.33;1.1865;1.402
4.94002;21629.3;218.478;21847.8;341.33;1.2047;1.402
4.95002;21629.3;218.478;21847.8;341.33;1.2039;1.402
4.96002;21629.3;218.478;21847.8;341.33;1.1507;1.402
4.97002;21629.3;218.478;21847.8;341.33;1.0346;1.402
4.98002;21629.3;218.478;21847.8;341.33;1.0176;1.402
4.99002;21629.3;218.478;21847.8;341.33;1.1309;1.402
5.00002;21629.3;218.478;21847.8;341.33;1.3009;1.402
5.01002;21629.3;218.478;21847.8;341.33;1.3398;1.402
5.02002;21629.3;218.478;21847.8;341.33;1.2426;1.402
5.03002;21629.3;218.478;21847.8;341.33;1.2408;1.402
5.04002;21629.3;218.478;21847.8;341.33;1.2619;1.402
5.05002;21629.3;218.478;21847.8;341.33;1.2952;1.402
5.06002;21629.3;218.478;21847.8;341.33;1.3047;1.402
5.07002;21629.3;218.478;21847.8;341.33;1.3245;1.402
5.08002;21629.3;218.478;21847.8;341.33;1.3647;1.402
5.09002;21629.3;218.478;21847.8;341.33;1.4802;1.402
5.10002;21629.3;218.478;21847.8;341.33;1.4523;1.402
5.11002;21629.3;218.478;21847.8;341.33;1.3607;1.402
5.12002;21629.3;218.478;21847.8;341.33;1.2246;1.402
5.13002;21629.3;218.478;21847.8;341.33;1.3063;1.402
5.14002;21629.3;218.478;21847.8;341.33;1.4172;1.402
5.15002;21629.3;218.478;21847.8;341.33;1.4089;1.402
5.16002;21629.3;218.478;21847.8;341.33;1.2941;1.402
5.17002;21629.3;218.478;21847.8;341.33;1.4827;1.402
5.18002;21629.3;218.478;21847.8;341.33;1.5796;1.402
5.19002;21629.3;218.478;21847.8;341.33;1.4838;1.402
5.20002;21629.3;218.478;21847.8;341.33;1.3272;1.402
5.21002;21629.3;218.478;21847.8;341.33;1.312;1.402
5.22002;21629.3;218.478;21847.8;341.33;1.4775;1.402
5.23002;21629.3;218.478;21847.8;341.33;1.4839;1.402
5.24003;21629.3;218.478;21847.8;341.33;1.4008;1.402
5.25003;21629.3;218.478;21847.8;341.33;1.3466;1.402
5.26003;21629.3;218.478;21847.8;341.33;1.4128;1.402
5.27003;21629.3;218.478;21847.8;341.33;1.4297;1.402
5.28003;21629.3;218.478;21847.8;341.33;1.434;1.402
5.29003;21629.3;218.478;21847.8;341.33;1.2579;1.402
5.30003;21629.3;218.478;21847.8;341.33;1.2335;1.402
5.31003;21629.3;218.478;21847.8;341.33;1.4233;1.402
5.32003;21629.3;218.478;21847.8;341.33;1.5423;1.402
5.33003;21629.3;218.478;21847.8;341.33;1.363;1.402
5.34003;21629.3;218.478;21847.8;341.33;1.2579;1.402
5.35003;21629.3;218.478;21847.8;341.33;1.2842;1.402
5.36003;21629.3;218.478;21847.8;341.33;1.3822;1.402
5.37003;21629.3;218.478;21847.8;341.33;1.3172;1.402
5.38003;21629.3;218.478;21847.8;341.33;1.3599;1.402
5.39003;21629.3;218.478;21847.8;341.33;1.3853;1.402
5.40003;21629.3;218.478;21847.8;341.33;1.3854;1.402
5.41003;21629.3;218.478;21847.8;341.33;1.3937;1.402
5.42003;21629.3;218.478;21847.8;341.33;1.3144;1.402
5.43003;21629.3;218.478;21847.8;341.33;1.2678;1.402
5.44003;21629.3;218.478;21847.8;341.33;1.258;1.402
5.45003;21629.3;218.478;21847.8;341.33;1.3646;1.402
5.46003;21629.3;218.478;21847.8;341.33;1.5331;1.402
5.47003;21629.3;218.478;21847.8;341.33;1.4823;1.402
5.48003;21629.3;218.478;21847.8;341.33;1.3674;1.402
5.49003;21629.3;218.478;21847.8;341.33;1.3074;1.402
5.50003;21629.3;218.478;21847.8;341.33;1.3397;1.402
5.51003;21629.3;218.478;21847.8;341.33;1.3529;1.402
5.52003;21629.3;218.478;21847.8;341.33;1.382;1.402
5.53003;21629.3;218.478;21847.8;341.33;1.3652;1.402
5.54003;21629.3;218.478;21847.8;341.33;1.3264;1.402
5.55003;21629.3;218.478;21847.8;341.33;1.3414;1.402
5.56003;21629.3;218.478;21847.8;341.33;1.3347;1.402
5.57003;21629.3;218.478;21847.8;341.33;1.2429;1.402
5.58003;21629.3;218.478;21847.8;341.33;1.218;1.402
5.59003;21629.3;218.478;21847.8;341.33;1.2858;1.402
5.60003;21629.3;218.478;21847.8;341.33;1.369;1.402
5.61003;21629.3;218.478;21847.8;341.33;1.289;1.402
5.62003;21629.3;218.478;21847.8;341.33;1.2127;1.402
5.63003;21629.3;218.478;21847.8;341.33;1.2198;1.402
5.64003;21629.3;218.478;21847.8;341.33;1.3648;1.402
5.65003;21629.3;218.478;21847.8;341.33;1.3049;1.402
5.66003;21629.3;218.478;21847.8;341.33;1.1888;1.402
5.67003;21629.3;218.478;21847.8;341.33;1.1506;1.402
5.68004;21629.3;218.478;21847.8;341.33;1.2401;1.402
5.69004;21629.3;218.478;21847.8;341.33;1.3751;1.402
5.70004;21629.3;218.478;21847.8;341.33;1.3553;1.402
5.71004;21629.3;218.478;21847.8;341.33;1.3284;1.402
5.72004;21629.3;218.478;21847.8;341.33;1.3574;1.402
5.73004;21629.3;218.478;21847.8;341.33;1.414;1.402
5.74004;21629.3;218.478;21847.8;341.33;1.4166;1.402
5.75004;21629.3;218.478;21847.8;341.33;1.2847;1.402
5.76004;21629.3;218.478;21847.8;341.33;1.2599;1.402
5.77004;21629.3;218.478;21847.8;341.33;1.2817;1.402
5.78004;21629.3;218.478;21847.8;341.33;1.3657;1.402
5.79004;21629.3;218.478;21847.8;341.33;1.3129;1.402
5.80004;21629.3;218.478;21847.8;341.33;1.1664;1.402
5.81004;21629.3;218.478;21847.8;341.33;1.2493;1.402
5.82004;21629.3;218.478;21847.8;341.33;1.3251;1.402
5.83004;21629.3;218.478;21847.8;341.33;1.2716;1.402
5.84004;21629.3;218.478;21847.8;341.33;1.2008;1.402
5.85004;21629.3;218.478;21847.8;341.33;1.2004;1.402
5.86004;21629.3;218.478;21847.8;341.33;1.2308;1.402
5.87004;21629.3;218.478;21847.8;341.33;1.2874;1.402
5.88004;21629.3;218.478;21847.8;341.33;1.2915;1.402
5.89004;21629.3;218.478;21847.8;341.33;1.2745;1.402
5.90004;21629.3;218.478;21847.8;341.33;1.2995;1.402
5.91004;21629.3;218.478;21847.8;341.33;1.3284;1.402
5.92004;21629.3;218.478;21847.8;341.33;1.4693;1.402
5.93004;21629.3;218.478;21847.8;341.33;1.3314;1.402
5.94004;21629.3;218.478;21847.8;341.33;1.3041;1.402
5.95004;21629.3;218.478;21847.8;341.33;1.2367;1.402
5.96004;21629.3;218.478;21847.8;341.33;1.2956;1.402
5.97004;21629.3;218.478;21847.8;341.33;1.2861;1.402
5.98004;21629.3;218.478;21847.8;341.33;1.2684;1.402
5.99004;21629.3;218.478;21847.8;341.33;1.2669;1.402
6.00004;21629.3;218.478;21847.8;341.33;1.3004;1.402
6.01004;21629.3;218.478;21847.8;341.33;1.2268;1.402
6.02004;21629.3;218.478;21847.8;341.33;1.2265;1.402
6.03004;21629.3;218.478;21847.8;341.33;1.1721;1.402
6.04004;21629.3;218.478;21847.8;341.33;1.2026;1.402
6.05004;21629.3;218.478;21847.8;341.33;1.3008;1.402
6.06004;21629.3;218.478;21847.8;341.33;1.2629;1.402
6.07004;21629.3;218.478;21847.8;341.33;1.1884;1.402
6.08004;21629.3;218.478;21847.8;341.33;1.1561;1.402
6.09004;21629.3;218.478;21847.8;341.33;1.2297;1.402
6.10004;21629.3;218.478;21847.8;341.33;1.3051;1.402
6.11004;21629.3;218.478;21847.8;341.33;1.1685;1.402
6.12005;21629.3;218.478;21847.8;341.33;1.1618;1.402
6.13005;21629.3;218.478;21847.8;341.33;1.311;1.402
6.14005;21629.3;218.478;21847.8;341.33;1.3084;1.402
6.15005;21629.3;218.478;21847.8;341.33;1.2352;1.402
6.16005;21629.3;218.478;21847.8;341.33;1.1105;1.402
6.17005;21629.3;218.478;21847.8;341.33;1.1955;1.402
6.18005;21629.3;218.478;21847.8;341.33;1.3206;1.402
6.19005;21629.3;218.478;21847.8;341.33;1.1138;1.402
6.20005;21629.3;218.478;21847.8;341.33;1.0021;1.402
6.21005;21629.3;218.478;21847.8;341.33;1.1489;1.402
6.22005;21629.3;218.478;21847.8;341.33;1.2897;1.402
6.23005;21629.3;218.478;21847.8;341.33;1.2247;1.402
6.24005;21629.3;218.478;21847.8;341.33;1.0063;1.402
6.25005;21629.3;218.478;21847.8;341.33;1.0424;1.402
6.26005;21629.3;218.478;21847.8;341.33;1.1397;1.402
6.27005;21629.3;218.478;21847.8;341.33;1.145;1.402
6.28005;21629.3;218.478;21847.8;341.33;1.2014;1.402
6.29005;21629.3;218.478;21847.8;341.33;1.2881;1.402
6.30005;21629.3;218.478;21847.8;341.33;1.3368;1.402
6.31005;21629.3;218.478;21847.8;341.33;1.3403;1.402
6.32005;21629.3;218.478;21847.8;341.33;1.2917;1.402
6.33005;21629.3;218.478;21847.8;341.33;1.2289;1.402
6.34005;21629.3;218.478;21847.8;341.33;1.2313;1.402
6.35005;21629.3;218.478;21847.8;341.33;1.2744;1.402
6.36005;21629.3;218.478;21847.8;341.33;1.3142;1.402
6.37005;21629.3;218.478;21847.8;341.33;1.3854;1.402
6.38005;21629.3;218.478;21847.8;341.33;1.3061;1.402
6.39005;21629.3;218.478;21847.8;341.33;1.28;1.402
6.40005;21629.3;218.478;21847.8;341.33;1.2641;1.402
6.41005;21629.3;218.478;21847.8;341.33;1.2186;1.402
6.42005;21629.3;218.478;21847.8;341.33;1.2466;1.402
6.43005;21629.3;218.478;21847.8;341.33;1.2954;1.402
6.44005;21629.3;218.478;21847.8;341.33;1.3465;1.402
6.45005;21629.3;218.478;21847.8;341.33;1.3977;1.402
6.46005;21629.3;218.478;21847.8;341.33;1.3829;1.402
6.47005;21629.3;218.478;21847.8;341.33;1.3685;1.402
6.48005;21629.3;218.478;21847.8;341.33;1.4279;1.402
6.49005;21629.3;218.478;21847.8;341.33;1.3431;1.402
6.50005;21629.3;218.478;21847.8;341.33;1.3239;1.402
6.51005;21629.3;218.478;21847.8;341.33;1.3357;1.402
6.52005;21629.3;218.478;21847.8;341.33;1.414;1.402
6.53005;21629.3;218.478;21847.8;341.33;1.4408;1.402
6.54005;21629.3;218.478;21847.8;341.33;1.4426;1.402
6.55006;21629.3;218.478;21847.8;341.33;1.4024;1.402
6.56006;21629.3;218.478;21847.8;341.33;1.4493;1.402
6.57006;21629.3;218.478;21847.8;341.33;1.4754;1.402
6.58006;21629.3;218.478;21847.8;341.33;1.5127;1.402
6.59006;21629.3;218.478;21847.8;341.33;1.496;1.402
6.60006;21629.3;218.478;21847.8;341.33;1.4115;1.402
6.61006;21629.3;218.478;21847.8;341.33;1.4172;1.402
6.62006;21629.3;218.478;21847.8;341.33;1.4234;1.402
6.63006;21629.3;218.478;21847.8;341.33;1.3805;1.402
6.64006;21629.3;218.478;21847.8;341.33;1.2502;1.402
6.65006;21629.3;218.478;21847.8;341.33;1.245;1.402
6.66006;21629.3;218.478;21847.8;341.33;1.2443;1.402
6.67006;21629.3;218.478;21847.8;341.33;1.2463;1.402
6.68006;21629.3;218.478;21847.8;341.33;1.16;1.402
6.69006;21629.3;218.478;21847.8;341.33;1.1988;1.402
6.70006;21629.3;218.478;21847.8;341.33;1.2483;1.402
6.71006;21629.3;218.478;21847.8;341.33;1.2774;1.402
6.72006;21629.3;218.478;21847.8;341.33;1.2779;1.402
6.73006;21629.3;218.478;21847.8;341.33;1.0955;1.402
6.74006;21629.3;218.478;21847.8;341.33;1.0897;1.402
6.75006;21629.3;218.478;21847.8;341.33;1.3267;1.402
6.76006;21629.3;218.478;21847.8;341.33;1.348;1.402
6.77006;21629.3;218.478;21847.8;341.33;1.2104;1.402
6.78006;21629.3;218.478;21847.8;341.33;1.0559;1.402
6.79006;21629.3;218.478;21847.8;341.33;1.1302;1.402
6.80006;21629.3;218.478;21847.8;341.33;1.2137;1.402
6.81006;21629.3;218.478;21847.8;341.33;1.2683;1.402
6.82006;21629.3;218.478;21847.8;341.33;1.2551;1.402
6.83006;21629.3;218.478;21847.8;341.33;1.2431;1.402
6.84006;21629.3;218.478;21847.8;341.33;1.2674;1.402
6.85006;21629.3;218.478;21847.8;341.33;1.2639;1.402
6.86006;21629.3;218.478;21847.8;341.33;1.2304;1.402
6.87006;21629.3;218.478;21847.8;341.33;1.1355;1.402
6.88006;21629.3;218.478;21847.8;341.33;1.1637;1.402
6.89006;21629.3;218.478;21847.8;341.33;1.2674;1.402
6.90006;21629.3;218.478;21847.8;341.33;1.2709;1.402
6.91006;21629.3;218.478;21847.8;341.33;1.2576;1.402
6.92006;21629.3;218.478;21847.8;341.33;1.2519;1.402
6.93006;21629.3;218.478;21847.8;341.33;1.3175;1.402
6.94006;21629.3;218.478;21847.8;341.33;1.2459;1.402
6.95006;21629.3;218.478;21847.8;341.33;1.1861;1.402
6.96006;21629.3;218.478;21847.8;341.33;1.2922;1.402
6.97006;21629.3;218.478;21847.8;341.33;1.3608;1.402
6.98006;21629.3;218.478;21847.8;341.33;1.4029;1.402
6.99007;21629.3;218.478;21847.8;341.33;1.4103;1.402
7.00007;21629.3;218.478;21847.8;341.33;1.3783;1.402
7.01007;21629.3;218.478;21847.8;341.33;1.3752;1.402
7.02007;21629.3;218.478;21847.8;341.33;1.4015;1.402
7.03007;21629.3;218.478;21847.8;341.33;1.405;1.402
7.04007;21629.3;218.478;21847.8;341.33;1.4726;1.402
7.05007;21629.3;218.478;21847.8;341.33;1.3808;1.402
7.06007;21629.3;218.478;21847.8;341.33;1.2974;1.402
7.07007;21629.3;218.478;21847.8;341.33;1.3203;1.402
7.08007;21629.3;218.478;21847.8;341.33;1.3825;1.402
7.09007;21629.3;218.478;21847.8;341.33;1.3386;1.402
7.10007;21629.3;218.478;21847.8;341.33;1.3641;1.402
7.11007;21629.3;218.478;21847.8;341.33;1.3136;1.402
7.12007;21629.3;218.478;21847.8;341.33;1.3713;1.402
7.13007;21629.3;218.478;21847.8;341.33;1.3937;1.402
7.14007;21629.3;218.478;21847.8;341.33;1.3279;1.402
7.15007;21629.3;218.478;21847.8;341.33;1.2578;1.402
7.16007;21629.3;218.478;21847.8;341.33;1.2911;1.402
7.17007;21629.3;218.478;21847.8;341.33;1.3632;1.402
7.18007;21629.3;218.478;21847.8;341.33;1.4213;1.402
7.19007;21629.3;218.478;21847.8;341.33;1.2544;1.402
7.20007;21629.3;218.478;21847.8;341.33;1.3151;1.402
7.21007;21629.3;218.478;21847.8;341.33;1.3219;1.402
7.22007;21629.3;218.478;21847.8;341.33;1.3355;1.402
7.23007;21629.3;218.478;21847.8;341.33;1.1992;1.402
7.24007;21629.3;218.478;21847.8;341.33;1.1471;1.402
7.25007;21629.3;218.478;21847.8;341.33;1.1958;1.402
7.26007;21629.3;218.478;21847.8;341.33;1.3596;1.402
7.27007;21629.3;218.478;21847.8;341.33;1.3159;1.402
7.28007;21629.3;218.478;21847.8;341.33;1.3525;1.402
7.29007;21629.3;218.478;21847.8;341.33;1.2732;1.402
7.30007;21629.3;218.478;21847.8;341.33;1.2813;1.402
7.31007;21629.3;218.478;21847.8;341.33;1.161;1.402
7.32007;21629.3;218.478;21847.8;341.33;1.1773;1.402
7.33007;21629.3;218.478;21847.8;341.33;1.1941;1.402
7.34007;21629.3;218.478;21847.8;341.33;1.2444;1.402
7.35007;21629.3;218.478;21847.8;341.33;1.2528;1.402
7.36007;21629.3;218.478;21847.8;341.33;1.2484;1.402
7.37007;21629.3;218.478;21847.8;341.33;1.3418;1.402
7.38007;21629.3;218.478;21847.8;341.33;1.3501;1.402
7.39007;21629.3;218.478;21847.8;341.33;1.3273;1.402
7.40007;21629.3;218.478;21847.8;341.33;1.3594;1.402
7.41007;21629.3;218.478;21847.8;341.33;1.3669;1.402
7.42007;21629.3;218.478;21847.8;341.33;1.2965;1.402
7.43008;21629.3;218.478;21847.8;341.33;1.2963;1.402
7.44008;21629.3;218.478;21847.8;341.33;1.3342;1.402
7.45008;21629.3;218.478;21847.8;341.33;1.3915;1.402
7.46008;21629.3;218.478;21847.8;341.33;1.3675;1.402
7.47008;21629.3;218.478;21847.8;341.33;1.2729;1.402
7.48008;21629.3;218.478;21847.8;341.33;1.2463;1.402
7.49008;21629.3;218.478;21847.8;341.33;1.2711;1.402
7.50008;21629.3;218.478;21847.8;341.33;1.2748;1.402
7.51008;21629.3;218.478;21847.8;341.33;1.2594;1.402
7.52008;21629.3;218.478;21847.8;341.33;1.2171;1.402
7.53008;21629.3;218.478;21847.8;341.33;1.2656;1.402
7.54008;21629.3;218.478;21847.8;341.33;1.2781;1.402
7.55008;21629.3;218.478;21847.8;341.33;1.2712;1.402
7.56008;21629.3;218.478;21847.8;341.33;1.2261;1.402
7.57008;21629.3;218.478;21847.8;341.33;1.227;1.402
7.58008;21629.3;218.478;21847.8;341.33;1.3021;1.402
7.59008;21629.3;218.478;21847.8;341.33;1.28;1.402
7.60008;21629.3;218.478;21847.8;341.33;1.2462;1.402
7.61008;21629.3;218.478;21847.8;341.33;1.2408;1.402
7.62008;21629.3;218.478;21847.8;341.33;1.2073;1.402
7.63008;21629.3;218.478;21847.8;341.33;1.2267;1.402
7.64008;21629.3;218.478;21847.8;341.33;1.2755;1.402
7.65008;21629.3;218.478;21847.8;341.33;1.3442;1.402
7.66008;21629.3;218.478;21847.8;341.33;1.3737;1.402
7.67008;21629.3;218.478;21847.8;341.33;1.2541;1.402
7.68008;21629.3;218.478;21847.8;341.33;1.2544;1.402
7.69008;21629.3;218.478;21847.8;341.33;1.1703;1.402
7.70008;21629.3;218.478;21847.8;341.33;1.1537;1.402
7.71008;21629.3;218.478;21847.8;341.33;1.2625;1.402
7.72008;21629.3;218.478;21847.8;341.33;1.3407;1.402
7.73008;21629.3;218.478;21847.8;341.33;1.2198;1.402
7.74008;21629.3;218.478;21847.8;341.33;1.1272;1.402
7.75008;21629.3;218.478;21847.8;341.33;1.2747;1.402
7.76008;21629.3;218.478;21847.8;341.33;1.3416;1.402
7.77008;21629.3;218.478;21847.8;341.33;1.1855;1.402
7.78008;21629.3;218.478;21847.8;341.33;1.0624;1.402
7.79008;21629.3;218.478;21847.8;341.33;1.1501;1.402
7.80008;21629.3;218.478;21847.8;341.33;1.2868;1.402
7.81008;21629.3;218.478;21847.8;341.33;1.2799;1.402
7.82008;21629.3;218.478;21847.8;341.33;1.2474;1.402
7.83008;21629.3;218.478;21847.8;341.33;1.1819;1.402
7.84008;21629.3;218.478;21847.8;341.33;1.2312;1.402
7.85008;21629.3;218.478;21847.8;341.33;1.1483;1.402
7.86009;21629.3;218.478;21847.8;341.33;1.2021;1.402
7.87009;21629.3;218.478;21847.8;341.33;1.2281;1.402
7.88009;21629.3;218.478;21847.8;341.33;1.2894;1.402
7.89009;21629.3;218.478;21847.8;341.33;1.3955;1.402
7.90009;21629.3;218.478;21847.8;341.33;1.3063;1.402
7.91009;21629.3;218.478;21847.8;341.33;1.2703;1.402
7.92009;21629.3;218.478;21847.8;341.33;1.2323;1.402
7.93009;21629.3;218.478;21847.8;341.33;1.1282;1.402
7.94009;21629.3;218.478;21847.8;341.33;1.1906;1.402
7.95009;21629.3;218.478;21847.8;341.33;1.2428;1.402
7.96009;21629.3;218.478;21847.8;341.33;1.259;1.402
7.97009;21629.3;218.478;21847.8;341.33;1.1979;1.402
7.98009;21629.3;218.478;21847.8;341.33;1.1035;1.402
7.99009;21629.3;218.478;21847.8;341.33;1.1708;1.402
8.00009;21629.3;218.478;21847.8;341.33;1.2851;1.402
8.01009;21629.3;218.478;21847.8;341.33;1.1482;1.402
8.02009;21629.3;218.478;21847.8;341.33;1.0766;1.402
8.03009;21629.3;218.478;21847.8;341.33;1.1829;1.402
8.04009;21629.3;218.478;21847.8;341.33;1.2238;1.402
8.05009;21629.3;218.478;21847.8;341.33;1.2838;1.402
8.06009;21629.3;218.478;21847.8;341.33;1.1756;1.402
8.07009;21629.3;218.478;21847.8;341.33;1.1365;1.402
8.08009;21629.3;218.478;21847.8;341.33;1.2053;1.402
8.09009;21629.3;218.478;21847.8;341.33;1.262;1.402
8.10009;21629.3;218.478;21847.8;341.33;1.2783;1.402
8.11009;21629.3;218.478;21847.8;341.33;1.2857;1.402
8.12009;21629.3;218.478;21847.8;341.33;1.2219;1.402
8.13009;21629.3;218.478;21847.8;341.33;1.3031;1.402
8.14009;21629.3;218.478;21847.8;341.33;1.2734;1.402
8.15009;21629.3;218.478;21847.8;341.33;1.2579;1.402
8.16009;21629.3;218.478;21847.8;341.33;1.2124;1.402
8.17009;21629.3;218.478;21847.8;341.33;1.2768;1.402
8.18009;21629.3;218.478;21847.8;341.33;1.3691;1.402
8.19009;21629.3;218.478;21847.8;341.33;1.425;1.402
8.20009;21629.3;218.478;21847.8;341.33;1.3651;1.402
8.21009;21629.3;218.478;21847.8;341.33;1.3151;1.402
8.22009;21629.3;218.478;21847.8;341.33;1.2709;1.402
8.23009;21629.3;218.478;21847.8;341.33;1.3087;1.402
8.24009;21629.3;218.478;21847.8;341.33;1.3721;1.402
8.25009;21629.3;218.478;21847.8;341.33;1.2158;1.402
8.26009;21629.3;218.478;21847.8;341.33;1.0751;1.402
8.27009;21629.3;218.478;21847.8;341.33;1.1522;1.402
8.28009;21629.3;218.478;21847.8;341.33;1.2234;1.402
8.29009;21629.3;218.478;21847.8;341.33;1.1695;1.402
8.30009;21629.3;218.478;21847.8;341.33;1.0415;1.402
8.31009;21629.3;218.478;21847.8;341.33;1.0895;1.402
8.3201;21629.3;218.478;21847.8;341.33;1.1776;1.402
8.3301;21629.3;218.478;21847.8;341.33;1.1781;1.402
8.3401;21629.3;218.478;21847.8;341.33;1.2018;1.402
8.3501;21629.3;218.478;21847.8;341.33;1.0691;1.402
8.3601;21629.3;218.478;21847.8;341.33;1.1245;1.402
8.3701;21629.3;218.478;21847.8;341.33;1.197;1.402
8.3801;21629.3;218.478;21847.8;341.33;1.3184;1.402
8.3901;21629.3;218.478;21847.8;341.33;1.1538;1.402
8.4001;21629.3;218.478;21847.8;341.33;1.0649;1.402
8.4101;21629.3;218.478;21847.8;341.33;1.1857;1.402
8.4201;21629.3;218.478;21847.8;341.33;1.3109;1.402
8.4301;21629.3;218.478;21847.8;341.33;1.1866;1.402
8.4401;21629.3;218.478;21847.8;341.33;1.1137;1.402
8.4501;21629.3;218.478;21847.8;341.33;1.2315;1.402
8.4601;21629.3;218.478;21847.8;341.33;1.3627;1.402
8.4701;21629.3;218.478;21847.8;341.33;1.3545;1.402
8.4801;21629.3;218.478;21847.8;341.33;1.3164;1.402
8.4901;21629.3;218.478;21847.8;341.33;1.2752;1.402
8.5001;21629.3;218.478;21847.8;341.33;1.2765;1.402
8.5101;21629.3;218.478;21847.8;341.33;1.2688;1.402
8.5201;21629.3;218.478;21847.8;341.33;1.313;1.402
8.5301;21629.3;218.478;21847.8;341.33;1.1396;1.402
8.5401;21629.3;218.478;21847.8;341.33;1.1216;1.402
8.5501;21629.3;218.478;21847.8;341.33;1.3119;1.402
8.5601;21629.3;218.478;21847.8;341.33;1.3644;1.402
8.5701;21629.3;218.478;21847.8;341.33;1.2905;1.402
8.5801;21629.3;218.478;21847.8;341.33;1.236;1.402
8.5901;21629.3;218.478;21847.8;341.33;1.1978;1.402
8.6001;21629.3;218.478;21847.8;341.33;1.3099;1.402
8.6101;21629.3;218.478;21847.8;341.33;1.2195;1.402
8.6201;21629.3;218.478;21847.8;341.33;1.2183;1.402
8.6301;21629.3;218.478;21847.8;341.33;1.28;1.402
8.6401;21629.3;218.478;21847.8;341.33;1.2586;1.402
8.6501;21629.3;218.478;21847.8;341.33;1.3222;1.402
8.6601;21629.3;218.478;21847.8;341.33;1.3407;1.402
8.6701;21629.3;218.478;21847.8;341.33;1.1923;1.402
8.6801;21629.3;218.478;21847.8;341.33;1.1128;1.402
8.6901;21629.3;218.478;21847.8;341.33;1.1752;1.402
8.7001;21629.3;218.478;21847.8;341.33;1.3167;1.402
8.7101;21629.3;218.478;21847.8;341.33;1.3722;1.402
8.7201;21629.3;218.478;21847.8;341.33;1.2398;1.402
8.7301;21629.3;218.478;21847.8;341.33;1.261;1.402
8.7401;21629.3;218.478;21847.8;341.33;1.249;1.402
8.7501;21629.3;218.478;21847.8;341.33;1.2697;1.402
8.76011;21629.3;218.478;21847.8;341.33;1.3349;1.402
8.77011;21629.3;218.478;21847.8;341.33;1.2843;1.402
8.78011;21629.3;218.478;21847.8;341.33;1.2848;1.402
8.79011;21629.3;218.478;21847.8;341.33;1.4071;1.402
8.80011;21629.3;218.478;21847.8;341.33;1.3771;1.402
8.81011;21629.3;218.478;21847.8;341.33;1.3159;1.402
8.82011;21629.3;218.478;21847.8;341.33;1.2132;1.402
8.83011;21629.3;218.478;21847.8;341.33;1.2993;1.402
8.84011;21629.3;218.478;21847.8;341.33;1.4;1.402
8.85011;21629.3;218.478;21847.8;341.33;1.2623;1.402
8.86011;21629.3;218.478;21847.8;341.33;1.2167;1.402
8.87011;21629.3;218.478;21847.8;341.33;1.2563;1.402
8.88011;21629.3;218.478;21847.8;341.33;1.2622;1.402
8.89011;21629.3;218.478;21847.8;341.33;1.3059;1.402
8.90011;21629.3;218.478;21847.8;341.33;1.2091;1.402
8.91011;21629.3;218.478;21847.8;341.33;1.2931;1.402
8.92011;21629.3;218.478;21847.8;341.33;1.393;1.402
8.93011;21629.3;218.478;21847.8;341.33;1.367;1.402
8.94011;21629.3;218.478;21847.8;341.33;1.3186;1.402
8.95011;21629.3;218.478;21847.8;341.33;1.2429;1.402
8.96011;21629.3;218.478;21847.8;341.33;1.2462;1.402
8.97011;21629.3;218.478;21847.8;341.33;1.2278;1.402
8.98011;21629.3;218.478;21847.8;341.33;1.1713;1.402
8.99011;21629.3;218.478;21847.8;341.33;1.1532;1.402
9.00011;21629.3;218.478;21847.8;341.33;1.2382;1.402
9.01011;21629.3;218.478;21847.8;341.33;1.2278;1.402
9.02011;21629.3;218.478;21847.8;341.33;1.2634;1.402
9.03011;21629.3;218.478;21847.8;341.33;1.1771;1.402
9.04011;21629.3;218.478;21847.8;341.33;1.2107;1.402
9.05011;21629.3;218.478;21847.8;341.33;1.153;1.402
9.06011;21629.3;218.478;21847.8;341.33;1.1467;1.402
9.07011;21629.3;218.478;21847.8;341.33;1.1801;1.402
9.08011;21629.3;218.478;21847.8;341.33;1.2647;1.402
9.09011;21629.3;218.478;21847.8;341.33;1.2187;1.402
9.10011;21629.3;218.478;21847.8;341.33;1.3035;1.402
9.11011;21629.3;218.478;21847.8;341.33;1.3686;1.402
9.12011;21629.3;218.478;21847.8;341.33;1.4325;1.402
9.13011;21629.3;218.478;21847.8;341.33;1.2194;1.402
9.14011;21629.3;218.478;21847.8;341.33;1.1323;1.402
9.15011;21629.3;218.478;21847.8;341.33;1.2391;1.402
9.16011;21629.3;218.478;21847.8;341.33;1.2673;1.402
9.17011;21629.3;218.478;21847.8;341.33;1.2728;1.402
9.18011;21629.3;218.478;21847.8;341.33;1.1719;1.402
9.19011;21629.3;218.478;21847.8;341.33;1.1034;1.402
9.20012;21629.3;218.478;21847.8;341.33;1.1819;1.402
9.21012;21629.3;218.478;21847.8;341.33;1.2218;1.402
9.22012;21629.3;218.478;21847.8;341.33;1.2671;1.402
9.23012;21629.3;218.478;21847.8;341.33;1.1016;1.402
9.24012;21629.3;218.478;21847.8;341.33;1.1344;1.402
9.25012;21629.3;218.478;21847.8;341.33;1.2496;1.402
9.26012;21629.3;218.478;21847.8;341.33;1.3517;1.402
9.27012;21629.3;218.478;21847.8;341.33;1.2204;1.402
9.28012;21629.3;218.478;21847.8;341.33;1.0741;1.402
9.29012;21629.3;218.478;21847.8;341.33;1.0684;1.402
9.30012;21629.3;218.478;21847.8;341.33;1.0727;1.402
9.31012;21629.3;218.478;21847.8;341.33;1.2504;1.402
9.32012;21629.3;218.478;21847.8;341.33;1.3306;1.402
9.33012;21629.3;218.478;21847.8;341.33;1.1372;1.402
9.34012;21629.3;218.478;21847.8;341.33;1.0515;1.402
9.35012;21629.3;218.478;21847.8;341.33;1.241;1.402
9.36012;21629.3;218.478;21847.8;341.33;1.3254;1.402
9.37012;21629.3;218.478;21847.8;341.33;1.2288;1.402
9.38012;21629.3;218.478;21847.8;341.33;1.1107;1.402
9.39012;21629.3;218.478;21847.8;341.33;1.1616;1.402
9.40012;21629.3;218.478;21847.8;341.33;1.2406;1.402
9.41012;21629.3;218.478;21847.8;341.33;1.2926;1.402
9.42012;21629.3;218.478;21847.8;341.33;1.2603;1.402
9.43012;21629.3;218.478;21847.8;341.33;1.0856;1.402
9.44012;21629.3;218.478;21847.8;341.33;1.0146;1.402
9.45012;21629.3;218.478;21847.8;341.33;1.1753;1.402
9.46012;21629.3;218.478;21847.8;341.33;1.2438;1.402
9.47012;21629.3;218.478;21847.8;341.33;1.1112;1.402
9.48012;21629.3;218.478;21847.8;341.33;1.0573;1.402
9.49012;21629.3;218.478;21847.8;341.33;1.2675;1.402
9.50012;21629.3;218.478;21847.8;341.33;1.3749;1.402
9.51012;21629.3;218.478;21847.8;341.33;1.1656;1.402
9.52012;21629.3;218.478;21847.8;341.33;0.9873;1.402
9.53012;21629.3;218.478;21847.8;341.33;1.1645;1.402
9.54012;21629.3;218.478;21847.8;341.33;1.2933;1.402
9.55012;21629.3;218.478;21847.8;341.33;1.1579;1.402
9.56012;21629.3;218.478;21847.8;341.33;0.9963;1.402
9.57012;21629.3;218.478;21847.8;341.33;1.0417;1.402
9.58012;21629.3;218.478;21847.8;341.33;1.2167;1.402
9.59012;21629.3;218.478;21847.8;341.33;1.1173;1.402
9.60012;21629.3;218.478;21847.8;341.33;1.0836;1.402
9.61012;21629.3;218.478;21847.8;341.33;1.104;1.402
9.62012;21629.3;218.478;21847.8;341.33;1.1763;1.402
9.63013;21629.3;218.478;21847.8;341.33;1.2946;1.402
9.64013;21629.3;218.478;21847.8;341.33;1.2644;1.402
9.65013;21629.3;218.478;21847.8;341.33;1.1439;1.402
9.66013;21629.3;218.478;21847.8;341.33;1.1324;1.402
9.67013;21629.3;218.478;21847.8;341.33;1.146;1.402
9.68013;21629.3;218.478;21847.8;341.33;1.2693;1.402
9.69013;21629.3;218.478;21847.8;341.33;1.2257;1.402
9.70013;21629.3;218.478;21847.8;341.33;1.146;1.402
9.71013;21629.3;218.478;21847.8;341.33;1.1883;1.402
9.72013;21629.3;218.478;21847.8;341.33;1.2154;1.402
9.73013;21629.3;218.478;21847.8;341.33;1.2206;1.402
9.74013;21629.3;218.478;21847.8;341.33;1.212;1.402
9.75013;21629.3;218.478;21847.8;341.33;1.1746;1.402
9.76013;21629.3;218.478;21847.8;341.33;1.1521;1.402
9.77013;21629.3;218.478;21847.8;341.33;1.2746;1.402
9.78013;21629.3;218.478;21847.8;341.33;1.3013;1.402
9.79013;21629.3;218.478;21847.8;341.33;1.2569;1.402
9.80013;21629.3;218.478;21847.8;341.33;1.1173;1.402
9.81013;21629.3;218.478;21847.8;341.33;1.1618;1.402
9.82013;21629.3;218.478;21847.8;341.33;1.1762;1.402
9.83013;21629.3;218.478;21847.8;341.33;1.1338;1.402
9.84013;21629.3;218.478;21847.8;341.33;1.1805;1.402
9.85013;21629.3;218.478;21847.8;341.33;1.2893;1.402
9.86013;21629.3;218.478;21847.8;341.33;1.2657;1.402
9.87013;21629.3;218.478;21847.8;341.33;1.1914;1.402
9.88013;21629.3;218.478;21847.8;341.33;1.0774;1.402
9.89013;21629.3;218.478;21847.8;341.33;1.0907;1.402
9.90013;21629.3;218.478;21847.8;341.33;1.1576;1.402
9.91013;21629.3;218.478;21847.8;341.33;1.205;1.402
9.92013;21629.3;218.478;21847.8;341.33;1.1992;1.402
9.93013;21629.3;218.478;21847.8;341.33;1.2999;1.402
9.94013;21629.3;218.478;21847.8;341.33;1.3237;1.402
9.95013;21629.3;218.478;21847.8;341.33;1.2894;1.402
9.96013;21629.3;218.478;21847.8;341.33;1.2634;1.402
9.97013;21629.3;218.478;21847.8;341.33;1.2442;1.402
9.98013;21629.3;218.478;21847.8;341.33;1.3482;1.402
9.99013;21629.3;218.478;21847.8;341.33;1.4278;1.402
10.0001;21629.3;218.478;21847.8;341.33;1.3864;1.402
10.0101;21629.3;218.478;21847.8;341.33;1.3654;1.402
10.0201;21629.3;218.478;21847.8;341.33;1.2985;1.402
10.0301;21629.3;218.478;21847.8;341.33;1.3286;1.402
10.0401;21629.3;218.478;21847.8;341.33;1.4193;1.402
10.0501;21629.3;218.478;21847.8;341.33;1.3981;1.402
10.0601;21629.3;218.478;21847.8;341.33;1.3059;1.402
10.0701;21629.3;218.478;21847.8;341.33;1.2817;1.402
10.0801;21629.3;218.478;21847.8;341.33;1.2856;1.402
10.0901;21629.3;218.478;21847.8;341.33;1.2929;1.402
10.1001;21629.3;218.478;21847.8;341.33;1.2598;1.402
10.1101;21629.3;218.478;21847.8;341.33;1.2244;1.402
10.1201;21629.3;218.478;21847.8;341.33;1.124;1.402
10.1301;21629.3;218.478;21847.8;341.33;1.1886;1.402
10.1401;21629.3;218.478;21847.8;341.33;1.2228;1.402
10.1501;21629.3;218.478;21847.8;341.33;1.1493;1.402
10.1601;21629.3;218.478;21847.8;341.33;1.0562;1.402
10.1701;21629.3;218.478;21847.8;341.33;1.0806;1.402
10.1801;21629.3;218.478;21847.8;341.33;1.1396;1.402
10.1901;21629.3;218.478;21847.8;341.33;1.1939;1.402
10.2001;21629.3;218.478;21847.8;341.33;1.1183;1.402
10.2101;21629.3;218.478;21847.8;341.33;1.0288;1.402
10.2201;21629.3;218.478;21847.8;341.33;1.0057;1.402
10.2301;21629.3;218.478;21847.8;341.33;1.1691;1.402
10.2401;21629.3;218.478;21847.8;341.33;1.268;1.402
10.2501;21629.3;218.478;21847.8;341.33;1.2091;1.402
10.2601;21629.3;218.478;21847.8;341.33;1.099;1.402
10.2701;21629.3;218.478;21847.8;341.33;1.0618;1.402
10.2801;21629.3;218.478;21847.8;341.33;1.1683;1.402
10.2901;21629.3;218.478;21847.8;341.33;1.2759;1.402
10.3001;21629.3;218.478;21847.8;341.33;1.3;1.402
10.3101;21629.3;218.478;21847.8;341.33;1.3361;1.402
10.3201;21629.3;218.478;21847.8;341.33;1.3767;1.402
10.3301;21629.3;218.478;21847.8;341.33;1.3347;1.402
10.3401;21629.3;218.478;21847.8;341.33;1.2459;1.402
10.3501;21629.3;218.478;21847.8;341.33;1.1856;1.402
10.3601;21629.3;218.478;21847.8;341.33;1.2718;1.402
10.3701;21629.3;218.478;21847.8;341.33;1.3033;1.402
10.3801;21629.3;218.478;21847.8;341.33;1.2846;1.402
10.3901;21629.3;218.478;21847.8;341.33;1.3474;1.402
10.4001;21629.3;218.478;21847.8;341.33;1.3723;1.402
10.4101;21629.3;218.478;21847.8;341.33;1.296;1.402
10.4201;21629.3;218.478;21847.8;341.33;1.2346;1.402
10.4301;21629.3;218.478;21847.8;341.33;1.2129;1.402
10.4401;21629.3;218.478;21847.8;341.33;1.2677;1.402
10.4501;21629.3;218.478;21847.8;341.33;1.3358;1.402
10.4601;21629.3;218.478;21847.8;341.33;1.2869;1.402
10.4701;21629.3;218.478;21847.8;341.33;1.1831;1.402
10.4801;21629.3;218.478;21847.8;341.33;1.2073;1.402
10.4901;21629.3;218.478;21847.8;341.33;1.2181;1.402
10.5001;21629.3;218.478;21847.8;341.33;1.3182;1.402
10.5101;21629.3;218.478;21847.8;341.33;1.2661;1.402
10.5201;21629.3;218.478;21847.8;341.33;1.2493;1.402
10.5301;21629.3;218.478;21847.8;341.33;1.294;1.402
10.5401;21629.3;218.478;21847.8;341.33;1.2881;1.402
10.5501;21629.3;218.478;21847.8;341.33;1.2211;1.402
10.5601;21629.3;218.478;21847.8;341.33;1.2424;1.402
10.5701;21629.3;218.478;21847.8;341.33;1.2318;1.402
10.5801;21629.3;218.478;21847.8;341.33;1.2427;1.402
10.5901;21629.3;218.478;21847.8;341.33;1.1688;1.402
10.6001;21629.3;218.478;21847.8;341.33;1.24;1.402
10.6101;21629.3;218.478;21847.8;341.33;1.2918;1.402
10.6201;21629.3;218.478;21847.8;341.33;1.2514;1.402
10.6301;21629.3;218.478;21847.8;341.33;1.1842;1.402
10.6401;21629.3;218.478;21847.8;341.33;1.1439;1.402
10.6501;21629.3;218.478;21847.8;341.33;1.2037;1.402
10.6601;21629.3;218.478;21847.8;341.33;1.3148;1.402
10.6701;21629.3;218.478;21847.8;341.33;1.2363;1.402
10.6801;21629.3;218.478;21847.8;341.33;1.1954;1.402
10.6901;21629.3;218.478;21847.8;341.33;1.2521;1.402
10.7001;21629.3;218.478;21847.8;341.33;1.2349;1.402
10.7101;21629.3;218.478;21847.8;341.33;1.1056;1.402
10.7201;21629.3;218.478;21847.8;341.33;1.1397;1.402
10.7302;21629.3;218.478;21847.8;341.33;1.1675;1.402
10.7402;21629.3;218.478;21847.8;341.33;1.2673;1.402
10.7502;21629.3;218.478;21847.8;341.33;1.2995;1.402
10.7602;21629.3;218.478;21847.8;341.33;1.2385;1.402
10.7702;21629.3;218.478;21847.8;341.33;1.2313;1.402
10.7802;21629.3;218.478;21847.8;341.33;1.2624;1.402
10.7902;21629.3;218.478;21847.8;341.33;1.1579;1.402
10.8002;21629.3;218.478;21847.8;341.33;1.1519;1.402
10.8102;21629.3;218.478;21847.8;341.33;1.2056;1.402
10.8202;21629.3;218.478;21847.8;341.33;1.261;1.402
10.8302;21629.3;218.478;21847.8;341.33;1.1535;1.402
10.8402;21629.3;218.478;21847.8;341.33;1.1351;1.402
10.8502;21629.3;218.478;21847.8;341.33;1.2074;1.402
10.8602;21629.3;218.478;21847.8;341.33;1.2636;1.402
10.8702;21629.3;218.478;21847.8;341.33;1.1694;1.402
10.8802;21629.3;218.478;21847.8;341.33;1.1274;1.402
10.8902;21629.3;218.478;21847.8;341.33;1.2327;1.402
10.9002;21629.3;218.478;21847.8;341.33;1.272;1.402
10.9102;21629.3;218.478;21847.8;341.33;1.2738;1.402
10.9202;21629.3;218.478;21847.8;341.33;1.1887;1.402
10.9302;21629.3;218.478;21847.8;341.33;1.1073;1.402
10.9402;21629.3;218.478;21847.8;341.33;1.1264;1.402
10.9502;21629.3;218.478;21847.8;341.33;1.2051;1.402
10.9602;21629.3;218.478;21847.8;341.33;1.1858;1.402
10.9702;21629.3;218.478;21847.8;341.33;1.1124;1.402
10.9802;21629.3;218.478;21847.8;341.33;1.0865;1.402
10.9902;21629.3;218.478;21847.8;341.33;1.1703;1.402
11.0002;21629.3;218.478;21847.8;341.33;1.2476;1.402
11.0102;21629.3;218.478;21847.8;341.33;1.1864;1.402
11.0202;21629.3;218.478;21847.8;341.33;1.1029;1.402
11.0302;21629.3;218.478;21847.8;341.33;1.1204;1.402
11.0402;21629.3;218.478;21847.8;341.33;1.2186;1.402
11.0502;21629.3;218.478;21847.8;341.33;1.2638;1.402
11.0602;21629.3;218.478;21847.8;341.33;1.1564;1.402
11.0702;21629.3;218.478;21847.8;341.33;1.0551;1.402
11.0802;21629.3;218.478;21847.8;341.33;1.027;1.402
11.0902;21629.3;218.478;21847.8;341.33;1.164;1.402
11.1002;21629.3;218.478;21847.8;341.33;1.226;1.402
11.1102;21629.3;218.478;21847.8;341.33;1.1916;1.402
11.1202;21629.3;218.478;21847.8;341.33;1.0881;1.402
11.1302;21629.3;218.478;21847.8;341.33;1.0957;1.402
11.1402;21629.3;218.478;21847.8;341.33;1.19;1.402
11.1502;21629.3;218.478;21847.8;341.33;1.1512;1.402
11.1602;21629.3;218.478;21847.8;341.33;1.1325;1.402
11.1702;21629.3;218.478;21847.8;341.33;1.0318;1.402
11.1802;21629.3;218.478;21847.8;341.33;1.0835;1.402
11.1902;21629.3;218.478;21847.8;341.33;1.1544;1.402
11.2002;21629.3;218.478;21847.8;341.33;1.1613;1.402
11.2102;21629.3;218.478;21847.8;341.33;1.1302;1.402
11.2202;21629.3;218.478;21847.8;341.33;1.0943;1.402
11.2302;21629.3;218.478;21847.8;341.33;1.1173;1.402
11.2402;21629.3;218.478;21847.8;341.33;1.1719;1.402
11.2502;21629.3;218.478;21847.8;341.33;1.093;1.402
11.2602;21629.3;218.478;21847.8;341.33;1.0872;1.402
11.2702;21629.3;218.478;21847.8;341.33;1.1831;1.402
11.2802;21629.3;218.478;21847.8;341.33;1.2145;1.402
11.2902;21629.3;218.478;21847.8;341.33;1.2482;1.402
11.3002;21629.3;218.478;21847.8;341.33;1.1963;1.402
11.3102;21629.3;218.478;21847.8;341.33;1.3088;1.402
11.3202;21629.3;218.478;21847.8;341.33;1.3619;1.402
11.3302;21629.3;218.478;21847.8;341.33;1.1764;1.402
11.3402;21629.3;218.478;21847.8;341.33;1.1477;1.402
11.3502;21629.3;218.478;21847.8;341.33;1.2205;1.402
11.3602;21629.3;218.478;21847.8;341.33;1.2137;1.402
11.3702;21629.3;218.478;21847.8;341.33;1.2058;1.402
11.3802;21629.3;218.478;21847.8;341.33;1.1071;1.402
11.3902;21629.3;218.478;21847.8;341.33;1.235;1.402
11.4002;21629.3;218.478;21847.8;341.33;1.2791;1.402
11.4102;21629.3;218.478;21847.8;341.33;1.2607;1.402
11.4202;21629.3;218.478;21847.8;341.33;1.2287;1.402
11.4302;21629.3;218.478;21847.8;341.33;1.258;1.402
11.4402;21629.3;218.478;21847.8;341.33;1.3094;1.402
11.4502;21629.3;218.478;21847.8;341.33;1.2753;1.402
11.4602;21629.3;218.478;21847.8;341.33;1.1555;1.402
11.4702;21629.3;218.478;21847.8;341.33;1.1894;1.402
11.4802;21629.3;218.478;21847.8;341.33;1.2775;1.402
11.4902;21629.3;218.478;21847.8;341.33;1.0669;1.402
11.5002;21629.3;218.478;21847.8;341.33;1.1229;1.402
11.5102;21629.3;218.478;21847.8;341.33;1.2179;1.402
11.5202;21629.3;218.478;21847.8;341.33;1.256;1.402
11.5302;21629.3;218.478;21847.8;341.33;1.2196;1.402
11.5402;21629.3;218.478;21847.8;341.33;1.1131;1.402
11.5502;21629.3;218.478;21847.8;341.33;1.0255;1.402
11.5602;21629.3;218.478;21847.8;341.33;1.1056;1.402
11.5702;21629.3;218.478;21847.8;341.33;1.2087;1.402
11.5802;21629.3;218.478;21847.8;341.33;1.3011;1.402
11.5902;21629.3;218.478;21847.8;341.33;1.3241;1.402
11.6002;21629.3;218.478;21847.8;341.33;1.2668;1.402
11.6102;21629.3;218.478;21847.8;341.33;1.2233;1.402
11.6202;21629.3;218.478;21847.8;341.33;1.1565;1.402
11.6302;21629.3;218.478;21847.8;341.33;1.0986;1.402
11.6402;21629.3;218.478;21847.8;341.33;1.1122;1.402
11.6502;21629.3;218.478;21847.8;341.33;1.1579;1.402
11.6602;21629.3;218.478;21847.8;341.33;1.1379;1.402
11.6702;21629.3;218.478;21847.8;341.33;1.1671;1.402
11.6802;21629.3;218.478;21847.8;341.33;1.1878;1.402
11.6902;21629.3;218.478;21847.8;341.33;1.1741;1.402
11.7002;21629.3;218.478;21847.8;341.33;1.0669;1.402
11.7102;21629.3;218.478;21847.8;341.33;1.0616;1.402
11.7202;21629.3;218.478;21847.8;341.33;1.1619;1.402
11.7302;21629.3;218.478;21847.8;341.33;1.1634;1.402
11.7402;21629.3;218.478;21847.8;341.33;1.1887;1.402
11.7502;21629.3;218.478;21847.8;341.33;1.2446;1.402
11.7602;21629.3;218.478;21847.8;341.33;1.3217;1.402
11.7702;21629.3;218.478;21847.8;341.33;1.3027;1.402
11.7802;21629.3;218.478;21847.8;341.33;1.2288;1.402
11.7902;21629.3;218.478;21847.8;341.33;1.2024;1.402
11.8002;21629.3;218.478;21847.8;341.33;1.3179;1.402
11.8102;21629.3;218.478;21847.8;341.33;1.2439;1.402
11.8202;21629.3;218.478;21847.8;341.33;1.2261;1.402
11.8302;21629.3;218.478;21847.8;341.33;1.0614;1.402
11.8402;21629.3;218.478;21847.8;341.33;1.0822;1.402
11.8502;21629.3;218.478;21847.8;341.33;1.1128;1.402
11.8602;21629.3;218.478;21847.8;341.33;1.1698;1.402
11.8702;21629.3;218.478;21847.8;341.33;1.0924;1.402
11.8802;21629.3;218.478;21847.8;341.33;1.0208;1.402
11.8902;21629.3;218.478;21847.8;341.33;1.0491;1.402
11.9002;21629.3;218.478;21847.8;341.33;1.1189;1.402
11.9102;21629.3;218.478;21847.8;341.33;1.1799;1.402
11.9202;21629.3;218.478;21847.8;341.33;1.2111;1.402
11.9302;21629.3;218.478;21847.8;341.33;1.1357;1.402
11.9402;21629.3;218.478;21847.8;341.33;1.1991;1.402
11.9502;21629.3;218.478;21847.8;341.33;1.2423;1.402
11.9602;21629.3;218.478;21847.8;341.33;1.257;1.402
11.9702;21629.3;218.478;21847.8;341.33;1.2074;1.402
11.9802;21629.3;218.478;21847.8;341.33;1.2809;1.402
11.9902;21629.3;218.478;21847.8;341.33;1.262;1.402
12.0002;21629.3;218.478;21847.8;341.33;1.22;1.402
12.0102;21629.3;218.478;21847.8;341.33;1.1572;1.402
12.0202;21629.3;218.478;21847.8;341.33;1.2251;1.402
12.0302;21629.3;218.478;21847.8;341.33;1.3224;1.402
12.0402;21629.3;218.478;21847.8;341.33;1.2974;1.402
12.0502;21629.3;218.478;21847.8;341.33;1.2957;1.402
12.0602;21629.3;218.478;21847.8;341.33;1.3017;1.402
12.0702;21629.3;218.478;21847.8;341.33;1.2562;1.402
12.0802;21629.3;218.478;21847.8;341.33;1.2118;1.402
12.0902;21629.3;218.478;21847.8;341.33;1.2189;1.402
12.1002;21629.3;218.478;21847.8;341.33;1.2751;1.402
12.1102;21629.3;218.478;21847.8;341.33;1.2783;1.402
12.1202;21629.3;218.478;21847.8;341.33;1.2552;1.402
12.1302;21629.3;218.478;21847.8;341.33;1.3561;1.402
12.1402;21629.3;218.478;21847.8;341.33;1.4743;1.402
12.1502;21629.3;218.478;21847.8;341.33;1.3708;1.402
12.1602;21629.3;218.478;21847.8;341.33;1.2842;1.402
12.1702;21629.3;218.478;21847.8;341.33;1.2333;1.402
12.1802;21629.3;218.478;21847.8;341.33;1.3333;1.402
12.1902;21629.3;218.478;21847.8;341.33;1.2652;1.402
12.2002;21629.3;218.478;21847.8;341.33;1.1782;1.402
12.2102;21629.3;218.478;21847.8;341.33;1.136;1.402
12.2202;21629.3;218.478;21847.8;341.33;1.1461;1.402
12.2302;21629.3;218.478;21847.8;341.33;1.199;1.402
12.2402;21629.3;218.478;21847.8;341.33;1.219;1.402
12.2502;21629.3;218.478;21847.8;341.33;1.1488;1.402
12.2602;21629.3;218.478;21847.8;341.33;1.2435;1.402
12.2702;21629.3;218.478;21847.8;341.33;1.279;1.402
12.2802;21629.3;218.478;21847.8;341.33;1.25;1.402
12.2902;21629.3;218.478;21847.8;341.33;1.1358;1.402
12.3002;21629.3;218.478;21847.8;341.33;1.1276;1.402
12.3102;21629.3;218.478;21847.8;341.33;1.2012;1.402
12.3202;21629.3;218.478;21847.8;341.33;1.2884;1.402
12.3302;21629.3;218.478;21847.8;341.33;1.1935;1.402
12.3402;21629.3;218.478;21847.8;341.33;1.25;1.402
12.3502;21629.3;218.478;21847.8;341.33;1.2878;1.402
12.3602;21629.3;218.478;21847.8;341.33;1.2492;1.402
12.3702;21629.3;218.478;21847.8;341.33;1.1017;1.402
12.3802;21629.3;218.478;21847.8;341.33;1.0415;1.402
12.3902;21629.3;218.478;21847.8;341.33;1.1746;1.402
12.4002;21629.3;218.478;21847.8;341.33;1.2492;1.402
12.4102;21629.3;218.478;21847.8;341.33;1.258;1.402
12.4202;21629.3;218.478;21847.8;341.33;1.2415;1.402
12.4302;21629.3;218.478;21847.8;341.33;1.2299;1.402
12.4402;21629.3;218.478;21847.8;341.33;1.2404;1.402
12.4502;21629.3;218.478;21847.8;341.33;1.2017;1.402
12.4602;21629.3;218.478;21847.8;341.33;1.1588;1.402
12.4702;21629.3;218.478;21847.8;341.33;1.226;1.402
12.4802;21629.3;218.478;21847.8;341.33;1.2142;1.402
12.4902;21629.3;218.478;21847.8;341.33;1.2322;1.402
12.5002;21629.3;218.478;21847.8;341.33;1.2426;1.402
12.5102;21629.3;218.478;21847.8;341.33;1.258;1.402
12.5202;21629.3;218.478;21847.8;341.33;1.2773;1.402
12.5302;21629.3;218.478;21847.8;341.33;1.1989;1.402
12.5402;21629.3;218.478;21847.8;341.33;1.1937;1.402
12.5502;21629.3;218.478;21847.8;341.33;1.2269;1.402
12.5602;21629.3;218.478;21847.8;341.33;1.2307;1.402
12.5702;21629.3;218.478;21847.8;341.33;1.1615;1.402
12.5802;21629.3;218.478;21847.8;341.33;1.1419;1.402
12.5902;21629.3;218.478;21847.8;341.33;1.1422;1.402
12.6002;21629.3;218.478;21847.8;341.33;1.2032;1.402
12.6102;21629.3;218.478;21847.8;341.33;0.9966;1.402
12.6202;21629.3;218.478;21847.8;341.33;1.0223;1.402
12.6302;21629.3;218.478;21847.8;341.33;1.1181;1.402
12.6402;21629.3;218.478;21847.8;341.33;1.1522;1.402
12.6502;21629.3;218.478;21847.8;341.33;1.1605;1.402
12.6602;21629.3;218.478;21847.8;341.33;1.1;1.402
12.6702;21629.3;218.478;21847.8;341.33;1.0758;1.402
12.6802;21629.3;218.478;21847.8;341.33;1.1114;1.402
12.6902;21629.3;218.478;21847.8;341.33;1.0233;1.402
12.7002;21629.3;218.478;21847.8;341.33;1.0706;1.402
12.7102;21629.3;218.478;21847.8;341.33;1.1257;1.402
12.7202;21629.3;218.478;21847.8;341.33;1.1344;1.402
12.7302;21629.3;218.478;21847.8;341.33;1.0771;1.402
12.7402;21629.3;218.478;21847.8;341.33;1.0844;1.402
12.7502;21629.3;218.478;21847.8;341.33;1.0146;1.402
12.7602;21629.3;218.478;21847.8;341.33;1.0497;1.402
12.7702;21629.3;218.478;21847.8;341.33;1.1611;1.402
12.7802;21629.3;218.478;21847.8;341.33;1.2751;1.402
12.7902;21629.3;218.478;21847.8;341.33;1.2173;1.402
12.8002;21629.3;218.478;21847.8;341.33;1.1828;1.402
12.8102;21629.3;218.478;21847.8;341.33;1.2077;1.402
12.8202;21629.3;218.478;21847.8;341.33;1.2436;1.402
12.8302;21629.3;218.478;21847.8;341.33;1.3;1.402
12.8402;21629.3;218.478;21847.8;341.33;1.3175;1.402
12.8502;21629.3;218.478;21847.8;341.33;1.2331;1.402
12.8602;21629.3;218.478;21847.8;341.33;1.1787;1.402
12.8702;21629.3;218.478;21847.8;341.33;1.2068;1.402
12.8802;21629.3;218.478;21847.8;341.33;1.2747;1.402
12.8902;21629.3;218.478;21847.8;341.33;1.3035;1.402
12.9002;21629.3;218.478;21847.8;341.33;1.2753;1.402
12.9102;21629.3;218.478;21847.8;341.33;1.252;1.402
12.9202;21629.3;218.478;21847.8;341.33;1.3038;1.402
12.9302;21629.3;218.478;21847.8;341.33;1.3328;1.402
12.9402;21629.3;218.478;21847.8;341.33;1.3118;1.402
12.9502;21629.3;218.478;21847.8;341.33;1.2234;1.402
12.9602;21629.3;218.478;21847.8;341.33;1.2436;1.402
12.9702;21629.3;218.478;21847.8;341.33;1.2268;1.402
12.9802;21629.3;218.478;21847.8;341.33;1.2784;1.402
12.9902;21629.3;218.478;21847.8;341.33;1.1555;1.402
13.0002;21629.3;218.478;21847.8;341.33;1.0958;1.402
13.0102;21629.3;218.478;21847.8;341.33;1.1668;1.402
13.0202;21629.3;218.478;21847.8;341.33;1.1639;1.402
13.0302;21629.3;218.478;21847.8;341.33;1.1641;1.402
13.0402;21629.3;218.478;21847.8;341.33;1.0555;1.402
13.0502;21629.3;218.478;21847.8;341.33;1.1208;1.402
13.0602;21629.3;218.478;21847.8;341.33;1.1509;1.402
13.0702;21629.3;218.478;21847.8;341.33;0.9968;1.402
13.0802;21629.3;218.478;21847.8;341.33;1.0968;1.402
13.0902;21629.3;218.478;21847.8;341.33;1.1432;1.402
13.1002;21629.3;218.478;21847.8;341.33;1.1597;1.402
13.1102;21629.3;218.478;21847.8;341.33;1.1322;1.402
13.1202;21629.3;218.478;21847.8;341.33;1.0144;1.402
13.1302;21629.3;218.478;21847.8;341.33;1.077;1.402
13.1402;21629.3;218.478;21847.8;341.33;1.1632;1.402
13.1502;21629.3;218.478;21847.8;341.33;1.0253;1.402
13.1602;21629.3;218.478;21847.8;341.33;0.9982;1.402
13.1702;21629.3;218.478;21847.8;341.33;1.134;1.402
13.1802;21629.3;218.478;21847.8;341.33;1.1758;1.402
13.1902;21629.3;218.478;21847.8;341.33;1.149;1.402
13.2002;21629.3;218.478;21847.8;341.33;1.0905;1.402
13.2102;21629.3;218.478;21847.8;341.33;1.2086;1.402
13.2202;21629.3;218.478;21847.8;341.33;1.2604;1.402
13.2302;21629.3;218.478;21847.8;341.33;1.1329;1.402
13.2402;21629.3;218.478;21847.8;341.33;1.1198;1.402
13.2502;21629.3;218.478;21847.8;341.33;1.206;1.402
13.2602;21629.3;218.478;21847.8;341.33;1.2509;1.402
13.2702;21629.3;218.478;21847.8;341.33;1.2198;1.402
13.2802;21629.3;218.478;21847.8;341.33;1.0641;1.402
13.2902;21629.3;218.478;21847.8;341.33;1.0808;1.402
13.3002;21629.3;218.478;21847.8;341.33;1.143;1.402
13.3102;21629.3;218.478;21847.8;341.33;1.1646;1.402
13.3202;21629.3;218.478;21847.8;341.33;1.1965;1.402
13.3302;21629.3;218.478;21847.8;341.33;1.209;1.402
13.3402;21629.3;218.478;21847.8;341.33;1.2203;1.402
13.3502;21629.3;218.478;21847.8;341.33;1.1817;1.402
13.3602;21629.3;218.478;21847.8;341.33;1.1078;1.402
13.3702;21629.3;218.478;21847.8;341.33;1.2156;1.402
13.3802;21629.3;218.478;21847.8;341.33;1.2534;1.402
13.3902;21629.3;218.478;21847.8;341.33;1.2768;1.402
13.4002;21629.3;218.478;21847.8;341.33;1.2746;1.402
13.4102;21629.3;218.478;21847.8;341.33;1.3144;1.402
13.4202;21629.3;218.478;21847.8;341.33;1.3761;1.402
13.4302;21629.3;218.478;21847.8;341.33;1.2187;1.402
13.4402;21629.3;218.478;21847.8;341.33;1.1371;1.402
13.4502;21629.3;218.478;21847.8;341.33;1.0812;1.402
13.4602;21629.3;218.478;21847.8;341.33;1.0767;1.402
13.4702;21629.3;218.478;21847.8;341.33;1.1479;1.402
13.4802;21629.3;218.478;21847.8;341.33;1.1388;1.402
13.4902;21629.3;218.478;21847.8;341.33;1.1301;1.402
13.5002;21629.3;218.478;21847.8;341.33;1.1366;1.402
13.5102;21629.3;218.478;21847.8;341.33;1.1571;1.402
13.5202;21629.3;218.478;21847.8;341.33;1.2126;1.402
13.5302;21629.3;218.478;21847.8;341.33;1.1369;1.402
13.5402;21629.3;218.478;21847.8;341.33;1.1787;1.402
13.5502;21629.3;218.478;21847.8;341.33;1.2162;1.402
13.5602;21629.3;218.478;21847.8;341.33;1.2002;1.402
13.5702;21629.3;218.478;21847.8;341.33;1.139;1.402
13.5802;21629.3;218.478;21847.8;341.33;1.1469;1.402
13.5902;21629.3;218.478;21847.8;341.33;1.2309;1.402
13.6002;21629.3;218.478;21847.8;341.33;1.2346;1.402
13.6102;21629.3;218.478;21847.8;341.33;1.1948;1.402
13.6202;21629.3;218.478;21847.8;341.33;1.114;1.402
13.6302;21629.3;218.478;21847.8;341.33;1.1789;1.402
13.6402;21629.3;218.478;21847.8;341.33;1.252;1.402
13.6502;21629.3;218.478;21847.8;341.33;1.2338;1.402
13.6602;21629.3;218.478;21847.8;341.33;1.2012;1.402
13.6702;21629.3;218.478;21847.8;341.33;1.0589;1.402
13.6802;21629.3;218.478;21847.8;341.33;1.0077;1.402
13.6902;21629.3;218.478;21847.8;341.33;1.1285;1.402
13.7002;21629.3;218.478;21847.8;341.33;1.1821;1.402
13.7102;21629.3;218.478;21847.8;341.33;1.1057;1.402
13.7202;21629.3;218.478;21847.8;341.33;1.0143;1.402
13.7302;21629.3;218.478;21847.8;341.33;0.9986;1.402
13.7402;21629.3;218.478;21847.8;341.33;1.0972;1.402
13.7502;21629.3;218.478;21847.8;341.33;1.1699;1.402
13.7602;21629.3;218.478;21847.8;341.33;1.1873;1.402
13.7702;21629.3;218.478;21847.8;341.33;1.0455;1.402
13.7802;21629.3;218.478;21847.8;341.33;1.0759;1.402
13.7902;21629.3;218.478;21847.8;341.33;1.1137;1.402
13.8002;21629.3;218.478;21847.8;341.33;1.1232;1.402
13.8102;21629.3;218.478;21847.8;341.33;1.0218;1.402
13.8202;21629.3;218.478;21847.8;341.33;1.0004;1.402
13.8302;21629.3;218.478;21847.8;341.33;1.0436;1.402
13.8402;21629.3;218.478;21847.8;341.33;1.1677;1.402
13.8502;21629.3;218.478;21847.8;341.33;1.1454;1.402
13.8602;21629.3;218.478;21847.8;341.33;1.0994;1.402
13.8702;21629.3;218.478;21847.8;341.33;1.1854;1.402
13.8802;21629.3;218.478;21847.8;341.33;1.155;1.402
13.8902;21629.3;218.478;21847.8;341.33;1.1592;1.402
13.9002;21629.3;218.478;21847.8;341.33;1.2333;1.402
13.9102;21629.3;218.478;21847.8;341.33;1.1874;1.402
13.9202;21629.3;218.478;21847.8;341.33;1.2479;1.402
13.9302;21629.3;218.478;21847.8;341.33;1.263;1.402
13.9402;21629.3;218.478;21847.8;341.33;1.2232;1.402
13.9502;21629.3;218.478;21847.8;341.33;1.1859;1.402
13.9602;21629.3;218.478;21847.8;341.33;1.1554;1.402
13.9702;21629.3;218.478;21847.8;341.33;1.1352;1.402
13.9802;21629.3;218.478;21847.8;341.33;1.1609;1.402
13.9902;21629.3;218.478;21847.8;341.33;1.1558;1.402
14.0002;21629.3;218.478;21847.8;341.33;1.2251;1.402
14.0102;21629.3;218.478;21847.8;341.33;1.2616;1.402
14.0202;21629.3;218.478;21847.8;341.33;1.1755;1.402
14.0302;21629.3;218.478;21847.8;341.33;1.1689;1.402
14.0402;21629.3;218.478;21847.8;341.33;1.1998;1.402
14.0502;21629.3;218.478;21847.8;341.33;1.1871;1.402
14.0602;21629.3;218.478;21847.8;341.33;1.1928;1.402
14.0702;21629.3;218.478;21847.8;341.33;1.0897;1.402
14.0802;21629.3;218.478;21847.8;341.33;1.2541;1.402
14.0902;21629.3;218.478;21847.8;341.33;1.1918;1.402
14.1002;21629.3;218.478;21847.8;341.33;1.1296;1.402
14.1102;21629.3;218.478;21847.8;341.33;0.998;1.402
14.1202;21629.3;218.478;21847.8;341.33;0.9557;1.402
14.1302;21629.3;218.478;21847.8;341.33;1.0384;1.402
14.1402;21629.3;218.478;21847.8;341.33;1.1684;1.402
14.1502;21629.3;218.478;21847.8;341.33;1.2464;1.402
14.1602;21629.3;218.478;21847.8;341.33;1.2828;1.402
14.1702;21629.3;218.478;21847.8;341.33;1.2296;1.402
14.1802;21629.3;218.478;21847.8;341.33;1.2563;1.402
14.1902;21629.3;218.478;21847.8;341.33;1.1217;1.402
14.2002;21629.3;218.478;21847.8;341.33;1.0836;1.402
14.2102;21629.3;218.478;21847.8;341.33;1.1533;1.402
14.2202;21629.3;218.478;21847.8;341.33;1.2577;1.402
14.2302;21629.3;218.478;21847.8;341.33;1.1227;1.402
14.2402;21629.3;218.478;21847.8;341.33;1.1781;1.402
14.2502;21629.3;218.478;21847.8;341.33;1.194;1.402
14.2602;21629.3;218.478;21847.8;341.33;1.2471;1.402
14.2702;21629.3;218.478;21847.8;341.33;1.1549;1.402
14.2802;21629.3;218.478;21847.8;341.33;1.1118;1.402
14.2902;21629.3;218.478;21847.8;341.33;1.165;1.402
14.3002;21629.3;218.478;21847.8;341.33;1.1746;1.402
14.3102;21629.3;218.478;21847.8;341.33;1.1739;1.402
14.3202;21629.3;218.478;21847.8;341.33;1.1678;1.402
14.3302;21629.3;218.478;21847.8;341.33;1.2028;1.402
14.3402;21629.3;218.478;21847.8;341.33;1.2008;1.402
14.3502;21629.3;218.478;21847.8;341.33;1.1028;1.402
14.3602;21629.3;218.478;21847.8;341.33;1.0838;1.402
14.3702;21629.3;218.478;21847.8;341.33;1.1666;1.402
14.3802;21629.3;218.478;21847.8;341.33;1.2911;1.402
14.3902;21629.3;218.478;21847.8;341.33;1.3023;1.402
14.4002;21629.3;218.478;21847.8;341.33;1.2108;1.402
14.4102;21629.3;218.478;21847.8;341.33;1.2428;1.402
14.4202;21629.3;218.478;21847.8;341.33;1.3014;1.402
14.4302;21629.3;218.478;21847.8;341.33;1.1866;1.402
14.4402;21629.3;218.478;21847.8;341.33;1.0759;1.402
14.4502;21629.3;218.478;21847.8;341.33;1.151;1.402
14.4602;21629.3;218.478;21847.8;341.33;1.163;1.402
14.4702;21629.3;218.478;21847.8;341.33;1.1262;1.402
14.4802;21629.3;218.478;21847.8;341.33;1.1164;1.402
14.4902;21629.3;218.478;21847.8;341.33;1.2324;1.402
14.5002;21629.3;218.478;21847.8;341.33;1.2944;1.402
14.5102;21629.3;218.478;21847.8;341.33;1.2651;1.402
14.5202;21629.3;218.478;21847.8;341.33;1.128;1.402
14.5302;21629.3;218.478;21847.8;341.33;1.0669;1.402
14.5402;21629.3;218.478;21847.8;341.33;0.9801;1.402
14.5502;21629.3;218.478;21847.8;341.33;1.0619;1.402
14.5602;21629.3;218.478;21847.8;341.33;1.0794;1.402
14.5702;21629.3;218.478;21847.8;341.33;1.0189;1.402
14.5802;21629.3;218.478;21847.8;341.33;0.9476;1.402
14.5902;21629.3;218.478;21847.8;341.33;0.9881;1.402
14.6002;21629.3;218.478;21847.8;341.33;1.066;1.402
14.6102;21629.3;218.478;21847.8;341.33;1.1167;1.402
14.6202;21629.3;218.478;21847.8;341.33;1.096;1.402
14.6302;21629.3;218.478;21847.8;341.33;1.0726;1.402
14.6402;21629.3;218.478;21847.8;341.33;1.1307;1.402
14.6502;21629.3;218.478;21847.8;341.33;1.1496;1.402
14.6602;21629.3;218.478;21847.8;341.33;1.1167;1.402
14.6702;21629.3;218.478;21847.8;341.33;1.0904;1.402
14.6802;21629.3;218.478;21847.8;341.33;1.0623;1.402
14.6902;21629.3;218.478;21847.8;341.33;1.0399;1.402
14.7002;21629.3;218.478;21847.8;341.33;1.0893;1.402
14.7102;21629.3;218.478;21847.8;341.33;1.1078;1.402
14.7202;21629.3;218.478;21847.8;341.33;1.1357;1.402
14.7302;21629.3;218.478;21847.8;341.33;1.0524;1.402
14.7402;21629.3;218.478;21847.8;341.33;1.054;1.402
14.7502;21629.3;218.478;21847.8;341.33;1.0811;1.402
14.7602;21629.3;218.478;21847.8;341.33;1.1268;1.402
14.7702;21629.3;218.478;21847.8;341.33;1.1446;1.402
14.7802;21629.3;218.478;21847.8;341.33;1.1247;1.402
14.7902;21629.3;218.478;21847.8;341.33;1.1314;1.402
14.8002;21629.3;218.478;21847.8;341.33;1.1551;1.402
14.8102;21629.3;218.478;21847.8;341.33;1.0786;1.402
14.8202;21629.3;218.478;21847.8;341.33;1.0827;1.402
14.8302;21629.3;218.478;21847.8;341.33;1.1424;1.402
14.8402;21629.3;218.478;21847.8;341.33;1.2091;1.402
14.8502;21629.3;218.478;21847.8;341.33;1.154;1.402
14.8602;21629.3;218.478;21847.8;341.33;1.0942;1.402
14.8702;21629.3;218.478;21847.8;341.33;1.0989;1.402
14.8802;21629.3;218.478;21847.8;341.33;1.1797;1.402
14.8902;21629.3;218.478;21847.8;341.33;1.0554;1.402
14.9002;21629.3;218.478;21847.8;341.33;1.015;1.402
14.9102;21629.3;218.478;21847.8;341.33;1.0976;1.402
14.9202;21629.3;218.478;21847.8;341.33;1.1776;1.402
14.9302;21629.3;218.478;21847.8;341.33;1.1024;1.402
14.9402;21629.3;218.478;21847.8;341.33;1.0227;1.402
14.9502;21629.3;218.478;21847.8;341.33;1.0633;1.402
14.9602;21629.3;218.478;21847.8;341.33;1.1759;1.402
14.9702;21629.3;218.478;21847.8;341.33;1.1038;1.402
14.9802;21629.3;218.478;21847.8;341.33;1.1248;1.402
14.9902;21629.3;218.478;21847.8;341.33;1.1562;1.402
