0;30;994.184;0.143555;1510.74;50;0;60
0.01;30;994.143;0.102295;1530.74;50;0;60
0.02;30;994.112;0.0717773;1550.22;50;0;60
0.03;30;994.296;0.255493;1558.88;50;0;60
0.04;30;994.267;0.226685;1578.19;50;0;60
0.05;30;994.401;0.360901;1589.26;50;0;60
0.06;30;994.337;0.296753;1610.29;50;0;60
0.07;30;994.22;0.179871;1634.02;50;0;60
0.08;30;994.252;0.212097;1650.29;50;0;60
0.09;30;994.286;0.245605;1666.46;50;0;60
0.1;30;994.35;0.310059;1681.05;50;0;60
0.11;30;994.373;0.333069;1697.7;50;0;60
0.12;30;994.437;0.396301;1712.3;50;0;60
0.13;30;994.423;0.38269;1730.76;50;0;60
0.14;30;994.418;0.37738;1748.79;50;0;60
0.15;30;994.404;0.363281;1767.28;50;0;60
0.16;30;994.315;0.274353;1789.56;50;0;60
0.17;30;994.303;0.262695;1807.99;50;0;60
0.18;30;994.263;0.222595;1827.86;50;0;60
0.19;30;994.411;0.371155;1838.21;50;0;60
0.2;30;994.361;0.320496;1858.55;50;0;60
0.21;30;994.319;0.278381;1878.49;50;0;60
0.22;30;994.337;0.296448;1895.41;50;0;60
0.23;30;994.157;0.116394;1922.34;50;0;60
0.24;30;994.278;0.237488;1934.14;50;0;60
0.25;30;994.367;0.327087;1947.47;50;0;60
0.26;30;994.378;0.338257;1964.71;50;0;60
0.27;30;994.393;0.353149;1981.75;50;0;60
0.28;30;995.361;1.3208;1950.57;50;0;60
0.29;30;994.857;0.816284;1993.31;50;0;60
0.3;30;996.864;2.8241;1909.22;50;0;60
0.31;30;999.044;5.00391;1815.23;50;0;60
0.32;30;999.759;5.71869;1794.06;50;0;60
0.33;30;1002.14;8.09589;1688.34;50;0;60
0.34;30;1003.11;9.06818;1652.29;50;0;60
0.35;30;1004.41;10.3738;1598.78;50;0;60
0.36;30;1006.94;12.9013;1482.67;50;0;60
0.37;30;1007.65;13.6114;1457;50;0;60
0.38;30;1009.13;15.0861;1392.21;50;0;60
0.39;30;1010.96;16.9205;1308.34;50;0;60
0.4;30;1010.97;16.931;1315.65;50;0;60
0.41;30;1012.34;18.2962;1254.42;50;0;60
0.42;30;1013.75;19.708;1190;50;0;60
0.43;30;1014.41;20.3734;1162.51;50;0;60
0.44;30;1017.15;23.1089;1029.87;50;0;60
0.45;30;1018.16;24.119;982.892;50;0;60
0.46;30;1018.41;24.3653;973.956;50;0;60
0.47;30;1019.38;25.3384;928.099;50;0;60
0.48;30;1019.93;25.8921;902.878;50;0;60
0.49;30;1022.04;27.9979;798.79;50;0;60
0.5;30;1023.53;29.493;724.339;50;0;60
0.51;30;1023.27;29.2337;737.762;50;0;60
0.52;30;1023.9;29.8597;706.548;50;0;60
0.53;30;1025.94;31.9046;603.159;50;0;60
0.54;30;1026.41;32.3672;578.606;50;0;60
0.55;30;1026.28;32.237;583.777;50;0;60
0.56;30;1026.82;32.7819;554.861;50;0;60
0.57;30;1025.86;31.8174;601.995;50;0;60
0.58;30;1025.84;31.7957;602.004;50;0;60
0.59;30;1026.49;32.4462;568.01;50;0;60
0.6;30;1025.32;31.2766;625.728;50;0;60
0.61;30;1025.15;31.1114;633.32;50;0;60
0.62;30;1024.2;30.1608;680.751;50;0;60
0.63;30;1022.35;28.3103;774.291;50;0;60
0.64;30;1022.1;28.0577;788.088;50;0;60
0.65;30;1020.73;26.691;858.408;50;0;60
0.66;30;1019.41;25.3665;927.415;50;0;60
0.67;30;1018.77;24.7272;962.542;50;0;60
0.68;30;1017.7;23.6642;1019.49;50;0;60
0.69;30;1015.71;21.6684;1124.28;50;0;60
0.7;30;1015.38;21.3424;1145.78;50;0;60
0.71;30;1013.1;19.0575;1266.59;50;0;60
0.72;30;1012.41;18.3733;1307.77;50;0;60
0.73;30;1011.36;17.3182;1368.14;50;0;60
0.74;30;1009.9;15.8584;1449.61;50;0;60
0.75;30;1008.79;14.7519;1514.09;50;0;60
0.76;30;1008.26;14.2169;1550.31;50;0;60
0.77;30;1006.46;12.4179;1650.8;50;0;60
0.78;30;1005.65;11.6117;1702.15;50;0;60
0.79;30;1005.4;11.3645;1725.69;50;0;60
0.8;30;1004.36;10.3202;1789.71;50;0;60
0.81;30;1004.03;9.98645;1818.41;50;0;60
0.82;30;1004.57;10.5256;1803.14;50;0;60
0.83;30;1003.57;9.53357;1865.02;50;0;60
0.839999;30;1004.4;10.3621;1835.37;50;0;60
0.849999;30;1003.47;9.43219;1894.21;50;0;60
0.859999;30;1004.25;10.2085;1867.27;50;0;60
0.869999;30;1004.9;10.8562;1846.37;50;0;60
0.879999;30;1004.92;10.884;1856.45;50;0;60
0.889999;30;1006.55;12.5099;1785.65;50;0;60
0.899999;30;1008.02;13.9843;1721.54;50;0;60
0.909999;30;1007.77;13.725;1744.27;50;0;60
0.919999;30;1009.84;15.8039;1648.84;50;0;60
0.929999;30;1010.75;16.7086;1611.58;50;0;60
0.939999;30;1011.52;17.4766;1580.7;50;0;60
0.949999;30;1013.74;19.6989;1475.76;50;0;60
0.959999;30;1014.6;20.5571;1438.52;50;0;60
0.969999;30;1015.38;21.3374;1404.7;50;0;60
0.979999;30;1017.01;22.9665;1327.46;50;0;60
0.989999;30;1016.92;22.8806;1336.03;50;0;60
0.999999;30;1018.87;24.8294;1241.69;50;0;60
1.01;30;1021.05;27.0106;1134.43;50;0;60
1.02;30;1020.8;26.7588;1148.96;50;0;60
1.03;30;1022;27.9577;1090.24;50;0;60
1.04;30;1022.31;28.2656;1075.89;50;0;60
1.05;30;1021.48;27.443;1118.55;50;0;60
1.06;30;1022.48;28.4418;1069.55;50;0;60
1.07;30;1022.48;28.4424;1070.45;50;0;60
1.08;30;1021.91;27.8733;1100.18;50;0;60
1.09;30;1022.74;28.7037;1059.44;50;0;60
1.1;30;1022.74;28.696;1060.61;50;0;60
1.11;30;1021.74;27.7023;1111.67;50;0;60
1.12;30;1020.9;26.8603;1155.65;50;0;60
1.13;30;1020.32;26.2793;1186.94;50;0;60
1.14;30;1019.78;25.7407;1216.42;50;0;60
1.15;30;1018.95;24.9097;1261.03;50;0;60
1.16;30;1018.13;24.0923;1305.44;50;0;60
1.17;30;1017.77;23.726;1327.52;50;0;60
1.18;30;1017.03;22.993;1368.38;50;0;60
1.19;30;1016.3;22.2606;1409.64;50;0;60
1.2;30;1016.19;22.1455;1420.11;50;0;60
1.21;30;1015.15;21.1131;1477.06;50;0;60
1.22;30;1015.01;20.9742;1489.42;50;0;60
1.23;30;1015.61;21.5699;1464.69;50;0;60
1.24;30;1014.51;20.4729;1525.26;50;0;60
1.25;30;1014.43;20.3852;1535.41;50;0;60
1.26;30;1015.88;21.8443;1467.35;50;0;60
1.27;30;1015.61;21.5649;1486.38;50;0;60
1.28;30;1015.26;21.2184;1508.98;50;0;60
1.29;30;1015.47;21.4272;1503.68;50;0;60
1.3;30;1015.09;21.0539;1527.71;50;0;60
1.31;30;1015.88;21.8357;1493.52;50;0;60
1.32;30;1017.24;23.2047;1429.15;50;0;60
1.33;30;1016.99;22.9472;1446.25;50;0;60
1.34;30;1018.08;24.0359;1395.4;50;0;60
1.35;30;1018.48;24.4372;1378.67;50;0;60
1.36;30;1018.11;24.0722;1400.48;50;0;60
1.37;30;1018.85;24.8114;1366.63;50;0;60
1.38;30;1018.3;24.2585;1397.72;50;0;60
1.39;30;1017.55;23.5125;1438.91;50;0;60
1.4;30;1018.27;24.2268;1406.66;50;0;60
1.41;30;1018.35;24.3108;1405.87;50;0;60
1.42;30;1018.43;24.3883;1405.37;50;0;60
1.43;30;1019.61;25.5663;1349.13;50;0;60
1.44;30;1018.7;24.6618;1397.55;50;0;60
1.45;30;1018.28;24.2441;1421.89;50;0;60
1.46;30;1017.86;23.8195;1446.83;50;0;60
1.47;30;1017.97;23.9265;1445.13;50;0;60
1.48;30;1018.84;24.7951;1404.82;50;0;60
1.49;30;1019.17;25.1284;1391.08;50;0;60
1.5;30;1018.24;24.2037;1440.79;50;0;60
1.51;30;1018.71;24.6726;1420.54;50;0;60
1.52;30;1018.05;24.0074;1457.4;50;0;60
1.53;30;1017.79;23.7466;1474.19;50;0;60
1.54;30;1018.96;24.9206;1418.54;50;0;60
1.55;30;1019.28;25.2445;1405.19;50;0;60
1.56;30;1018.91;24.8699;1427;50;0;60
1.57;30;1019.51;25.4701;1399.71;50;0;60
1.58;30;1018.36;24.3216;1460.54;50;0;60
1.59;30;1018.07;24.0304;1478.68;50;0;60
1.6;30;1018.59;24.5479;1456.08;50;0;60
1.61;30;1018.8;24.7626;1448.49;50;0;60
1.62;30;1019.52;25.4753;1415.57;50;0;60
1.63;30;1020.12;26.0783;1387.77;50;0;60
1.64;30;1019.42;25.3751;1425.71;50;0;60
1.65;30;1019.63;25.5874;1417.74;50;0;60
1.66;30;1019.05;25.0114;1449.53;50;0;60
1.67;30;1018.25;24.2051;1493.32;50;0;60
1.68;30;1019.12;25.0795;1452.56;50;0;60
1.69;30;1019.8;25.7589;1421.13;50;0;60
1.7;30;1019.32;25.2783;1448;50;0;60
1.71;30;1020.57;26.5327;1387.36;50;0;60
1.72;30;1019.61;25.5664;1438.33;50;0;60
1.73;30;1019.29;25.2451;1457.25;50;0;60
1.74;30;1019.03;24.988;1473.11;50;0;60
1.75;30;1018.84;24.796;1485.83;50;0;60
1.76;30;1019.31;25.2724;1464.85;50;0;60
1.77;30;1020.29;26.2531;1418.06;50;0;60
1.78;30;1019.86;25.8152;1442.47;50;0;60
1.79;30;1020.47;26.4316;1413.79;50;0;60
1.8;30;1019.96;25.9202;1441.81;50;0;60
1.81;30;1018.81;24.7682;1502.54;50;0;60
1.82;30;1019.34;25.3044;1478.55;50;0;60
1.83;30;1019.48;25.4362;1474.7;50;0;60
1.84;30;1019.36;25.319;1483.37;50;0;60
1.85;30;1020.79;26.746;1413.97;50;0;60
1.86;30;1020.5;26.4568;1430.56;50;0;60
1.87;30;1020.15;26.1082;1450.33;50;0;60
1.88;30;1020.49;26.4474;1435.49;50;0;60
1.89;30;1019.35;25.3098;1495.19;50;0;60
1.9;30;1019.18;25.142;1506.5;50;0;60
1.91;30;1019.73;25.6875;1481.81;50;0;60
1.92;30;1019.88;25.8421;1476.57;50;0;60
1.93;30;1020.7;26.6594;1437.71;50;0;60
1.94;30;1021.14;27.1003;1417.41;50;0;60
1.95;30;1020.55;26.5126;1448.88;50;0;60
1.96;30;1020.97;26.9281;1429.95;50;0;60
1.97;30;1020.29;26.2472;1466.25;50;0;60
1.98;30;1019.1;25.0616;1528.49;50;0;60
1.99;30;1019.87;25.8327;1492.44;50;0;60
2;30;1020.17;26.1324;1479.77;50;0;60
2.01;30;1020.24;26.1961;1478.87;50;0;60
2.02;30;1021.44;27.3959;1420.44;50;0;60
2.03;30;1020.85;26.8126;1451.52;50;0;60
2.04;30;1020.63;26.5892;1464.74;50;0;60
2.05;30;1021.05;27.0099;1445.49;50;0;60
2.06;30;1019.76;25.7245;1512.33;50;0;60
2.07;30;1019.87;25.8293;1509.59;50;0;60
2.08;30;1020.19;26.1507;1495.83;50;0;60
2.09;30;1020.45;26.4119;1484.93;50;0;60
2.1;30;1021.14;27.098;1452.36;50;0;60
2.11;30;1021.5;27.4593;1435.82;50;0;60
2.12;30;1020.92;26.8783;1466.74;50;0;60
2.13;30;1021.69;27.6452;1429.81;50;0;60
2.14;30;1020.64;26.5966;1484.29;50;0;60
2.15;30;1019.98;25.9427;1519.41;50;0;60
2.16;30;1020.53;26.4902;1494.14;50;0;60
2.17;30;1020.26;26.2231;1509.77;50;0;60
2.18;30;1020.51;26.4738;1499.35;50;0;60
2.19;30;1021.82;27.7809;1435.32;50;0;60
2.2;30;1021.19;27.1517;1468.49;50;0;60
2.21;30;1021.27;27.2281;1466.33;50;0;60
2.22;30;1021.69;27.6515;1446.57;50;0;60
2.23;30;1020.62;26.5837;1502.01;50;0;60
2.24;30;1020.39;26.3464;1516.07;50;0;60
2.25;30;1020.25;26.2061;1525.36;50;0;60
2.26;30;1020.36;26.318;1521.98;50;0;60
2.27;30;1020.92;26.8818;1495.66;50;0;60
2.28;30;1021.45;27.4108;1470.76;50;0;60
2.29;30;1021.3;27.2608;1479.9;50;0;60
2.3;30;1022.35;28.3064;1428.64;50;0;60
2.31;30;1021.54;27.4991;1470.51;50;0;60
2.32;30;1021.44;27.3985;1477.1;50;0;60
2.33;30;1021.33;27.2853;1484.39;50;0;60
2.34;30;1020.14;26.0999;1546;50;0;60
2.35;30;1020.27;26.2269;1541.91;50;0;60
2.36;30;1021.56;27.5182;1478.83;50;0;60
2.37;30;1021.01;26.9665;1508.24;50;0;60
2.38;30;1021.67;27.6309;1476.44;50;0;60
2.39;30;1022.57;28.5251;1432.62;50;0;60
2.4;30;1021.67;27.6272;1478.93;50;0;60
2.41;30;1021.73;27.6886;1477.25;50;0;60
2.42;30;1021.23;27.1888;1503.93;50;0;60
2.43;30;1020.82;26.7838;1526.11;50;0;60
2.44;30;1020.85;26.8074;1526.84;50;0;60
2.45;30;1020.82;26.7795;1530.17;50;0;60
2.46;30;1021.22;27.1848;1511.6;50;0;60
2.47;30;1022.27;28.226;1460.6;50;0;60
2.48;30;1021.44;27.4012;1503.4;50;0;60
2.49;30;1022.02;27.9806;1475.64;50;0;60
2.5;30;1022.63;28.5909;1445.97;50;0;60
2.51;30;1021.32;27.2825;1513.02;50;0;60
2.52;30;1021.76;27.7164;1492.7;50;0;60
2.53;30;1021.51;27.4745;1506.31;50;0;60
2.54;30;1020.47;26.4265;1560.85;50;0;60
2.55;30;1020.81;26.7668;1545.78;50;0;60
2.56;30;1021.8;27.7592;1497.5;50;0;60
2.57;30;1021.51;27.468;1513.58;50;0;60
2.58;30;1022.45;28.4132;1467.27;50;0;60
2.59;30;1022.6;28.5592;1460.83;50;0;60
2.6;30;1022.47;28.4336;1468.05;50;0;60
2.61;30;1022.87;28.8263;1449.12;50;0;60
2.62;30;1022.25;28.2049;1481.27;50;0;60
2.63;30;1022.29;28.2533;1479.9;50;0;60
2.64;30;1021.73;27.6944;1509.23;50;0;60
2.65;30;1020.59;26.5493;1568.55;50;0;60
2.66;30;1021.14;27.1026;1542.63;50;0;60
2.67;30;1022.16;28.1212;1492.83;50;0;60
2.68;30;1021.55;27.5107;1524.84;50;0;60
2.69;30;1022.58;28.5441;1474.05;50;0;60
2.7;30;1022.96;28.9218;1455.81;50;0;60
2.71;30;1022.11;28.0706;1499.53;50;0;60
2.72;30;1022.71;28.6703;1470.34;50;0;60
2.73;30;1021.95;27.912;1509.51;50;0;60
2.74;30;1021.17;27.1318;1550.24;50;0;60
2.75;30;1021.15;27.1076;1553.18;50;0;60
2.76;30;1021.24;27.1992;1550.28;50;0;60
2.77;30;1021.3;27.2625;1548.76;50;0;60
2.78;30;1022.44;28.3992;1492.89;50;0;60
2.79;30;1021.97;27.9309;1517.54;50;0;60
2.8;30;1022.52;28.4776;1491.12;50;0;60
2.81;30;1022.8;28.7551;1477.99;50;0;60
2.82;30;1022.15;28.1064;1511.56;50;0;60
2.83;30;1022.79;28.7541;1479.93;50;0;60
2.84;30;1022.32;28.2787;1504.73;50;0;60
2.85;30;1021.37;27.3251;1554.02;50;0;60
2.86;30;1022.02;27.9799;1522.49;50;0;60
2.87;30;1021.52;27.477;1549.15;50;0;60
2.88;30;1021.33;27.285;1560.38;50;0;60
2.89;30;1022.45;28.409;1505.13;50;0;60
2.9;30;1022.27;28.2315;1515.06;50;0;60
2.91;30;1022.26;28.2151;1516.95;50;0;60
2.92;30;1023.48;29.4366;1456.22;50;0;60
2.93;30;1022.61;28.5745;1500.18;50;0;60
2.94;30;1022.65;28.6106;1499.21;50;0;60
2.95;30;1023.02;28.9809;1481.3;50;0;60
2.96;30;1021.82;27.7779;1542.79;50;0;60
2.97;30;1021.78;27.7356;1546.26;50;0;60
2.98;30;1021.37;27.3309;1568.1;50;0;60
2.99;30;1021.42;27.3821;1567.11;50;0;60
3;30;1022.25;28.2056;1527.01;50;0;60
3.01;30;1022.65;28.6117;1507.54;50;0;60
3.02;30;1022.41;28.3648;1520.86;50;0;60
3.03;30;1023.36;29.3212;1473.45;50;0;60
3.04;30;1023.09;29.0466;1487.75;50;0;60
3.05;30;1022.95;28.9128;1495.1;50;0;60
3.06;30;1023.69;29.6545;1458.22;50;0;60
3.07;30;1022.29;28.2524;1529.37;50;0;60
3.08;30;1022.11;28.065;1539.9;50;0;60
3.09;30;1022.18;28.1373;1537.41;50;0;60
3.1;30;1021.29;27.2516;1583.34;50;0;60
3.11;30;1021.55;27.5083;1572;50;0;60
3.12;30;1022.65;28.6088;1517.81;50;0;60
3.13;30;1022.27;28.226;1538.02;50;0;60
3.14;30;1022.96;28.9181;1504.06;50;0;60
3.15;30;1023.68;29.6418;1468.09;50;0;60
3.16;30;1023.06;29.019;1499.82;50;0;60
3.17;30;1023.65;29.6101;1470.49;50;0;60
3.18;30;1023.47;29.4343;1479.63;50;0;60
3.19;30;1022.96;28.9211;1505.93;50;0;60
3.2;30;1022.85;28.8051;1512.45;50;0;60
3.21;30;1021.56;27.518;1578.29;50;0;60
3.22;30;1021.63;27.5915;1576.06;50;0;60
3.23;30;1022.32;28.282;1542.57;50;0;60
3.24;30;1022.07;28.0325;1556.23;50;0;60
3.25;30;1022.71;28.672;1525.05;50;0;60
3.26;30;1023.28;29.2416;1497.02;50;0;60
3.27;30;1022.56;28.5167;1534.16;50;0;60
3.28;30;1023.45;29.407;1490;50;0;60
3.29;30;1023.55;29.505;1485.39;50;0;60
3.3;30;1022.49;28.4485;1539.15;50;0;60
3.31;30;1022.86;28.8202;1521.27;50;0;60
3.32;30;1022.11;28.0717;1559.86;50;0;60
3.33;30;1021.63;27.5882;1585.48;50;0;60
3.34;30;1021.94;27.9019;1571.05;50;0;60
3.35;30;1021.97;27.9256;1571.11;50;0;60
3.36;30;1021.95;27.9062;1573.33;50;0;60
3.37;30;1022.99;28.9546;1521.54;50;0;60
3.38;30;1022.57;28.532;1543.56;50;0;60
3.39;30;1023.24;29.2026;1510.5;50;0;60
3.4;30;1023.83;29.7896;1481.28;50;0;60
3.41;30;1023.22;29.1827;1512.12;50;0;60
3.42;30;1023.61;29.5746;1492.78;50;0;60
3.43;30;1023.33;29.2943;1507.22;50;0;60
3.44;30;1022.42;28.3822;1553.79;50;0;60
3.45;30;1022.89;28.8542;1530.88;50;0;60
3.46;30;1022.25;28.2126;1564.03;50;0;60
3.47;30;1021.46;27.4199;1605.21;50;0;60
3.48;30;1022.58;28.5439;1549.89;50;0;60
3.49;30;1022.65;28.614;1547.21;50;0;60
3.5;30;1022.78;28.7422;1541.55;50;0;60
3.51;30;1023.84;29.8031;1488.63;50;0;60
3.52;30;1023.19;29.1462;1521.99;50;0;60
3.53;30;1023.17;29.1342;1523.11;50;0;60
3.54;30;1024.02;29.9809;1480.78;50;0;60
3.55;30;1022.92;28.8793;1536.54;50;0;60
3.56;30;1023.08;29.044;1528.87;50;0;60
3.57;30;1022.78;28.7386;1544.9;50;0;60
3.58;30;1021.87;27.8259;1591.84;50;0;60
3.59;30;1022.21;28.1688;1575.8;50;0;60
3.6;30;1022.24;28.2002;1575.3;50;0;60
3.61;30;1022.34;28.2967;1571.5;50;0;60
3.62;30;1023.01;28.9674;1538.59;50;0;60
3.63;30;1023.07;29.0329;1535.89;50;0;60
3.64;30;1023.23;29.1889;1528.58;50;0;60
3.65;30;1024.1;30.0623;1484.87;50;0;60
3.66;30;1023.47;29.4263;1517.02;50;0;60
3.67;30;1023.82;29.7832;1499.3;50;0;60
3.68;30;1024.28;30.236;1476.52;50;0;60
3.69;30;1023.1;29.0583;1535.97;50;0;60
3.7;30;1023.27;29.2337;1527.66;50;0;60
3.71;30;1022.92;28.878;1546.12;50;0;60
3.72;30;1021.92;27.8753;1597.53;50;0;60
3.73;30;1022.05;28.0139;1591.79;50;0;60
3.74;30;1022.79;28.7535;1555.56;50;0;60
3.75;30;1022.64;28.5993;1564.11;50;0;60
3.76;30;1023.44;29.4043;1524.21;50;0;60
3.77;30;1023.77;29.7295;1508.12;50;0;60
3.78;30;1023.46;29.4186;1524.01;50;0;60
3.79;30;1024.17;30.1302;1488.35;50;0;60
3.8;30;1023.99;29.9482;1497.48;50;0;60
3.81;30;1023.91;29.8724;1501.35;50;0;60
3.82;30;1024.21;30.1689;1486.42;50;0;60
3.83;30;1023.49;29.4537;1522.51;50;0;60
3.84;30;1023.63;29.5921;1515.84;50;0;60
3.85;30;1023.28;29.237;1534.05;50;0;60
3.86;30;1021.79;27.7542;1609.54;50;0;60
3.87;30;1022.48;28.4418;1576.09;50;0;60
3.88;30;1022.81;28.7669;1560.58;50;0;60
3.89;30;1022.59;28.5476;1572.41;50;0;60
3.9;30;1023.67;29.632;1518.41;50;0;60
3.91;30;1023.94;29.8964;1505.26;50;0;60
3.92;30;1023.33;29.2867;1536.17;50;0;60
3.93;30;1024.52;30.4836;1476.03;50;0;60
3.94;30;1023.93;29.8948;1505.54;50;0;60
3.95;30;1023.6;29.5599;1522.55;50;0;60
3.96;30;1024.36;30.3188;1484.41;50;0;60
3.97;30;1023.2;29.1643;1542.63;50;0;60
3.98;30;1022.85;28.8133;1560.9;50;0;60
3.99;30;1022.54;28.4964;1577.64;50;0;60
4;30;1022.07;28.032;1602.05;50;0;60
4.01;30;1022.37;28.3338;1587.95;50;0;60
4.02;30;1023.14;29.0987;1550.25;50;0;60
4.03;30;1022.69;28.6476;1573.62;50;0;60
4.04;30;1023.61;29.5671;1527.9;50;0;60
4.05;30;1023.84;29.7962;1516.57;50;0;60
4.06;30;1023.68;29.6366;1524.77;50;0;60
4.07;30;1024.47;30.4295;1484.86;50;0;60
4.08;30;1024.05;30.011;1505.78;50;0;60
4.09;30;1023.92;29.8836;1512.22;50;0;60
4.1;30;1024.62;30.5751;1477.3;50;0;60
4.11;30;1023.31;29.2693;1543.03;50;0;60
4.12;30;1023.24;29.1974;1547.11;50;0;60
4.13;30;1023.07;29.0345;1555.83;50;0;60
4.14;30;1022.01;27.9727;1610.14;50;0;60
4.15;30;1022.13;28.0904;1605.4;50;0;60
4.16;30;1023.25;29.214;1549.69;50;0;60
4.17;30;1022.76;28.7179;1575.27;50;0;60
4.18;30;1023.4;29.3638;1543.35;50;0;60
4.19;30;1024.1;30.0629;1508.36;50;0;60
4.2;30;1023.65;29.613;1531.09;50;0;60
4.21;30;1024.33;30.2913;1497;50;0;60
4.22;30;1024.54;30.497;1486.41;50;0;60
4.23;30;1024.32;30.2781;1497.19;50;0;60
4.24;30;1024.76;30.7165;1474.84;50;0;60
4.25;30;1024.35;30.3078;1495.09;50;0;60
4.26;30;1024.17;30.1254;1504.13;50;0;60
4.27;30;1023.93;29.8854;1516.21;50;0;60
4.28;30;1022.7;28.6634;1578.11;50;0;60
4.29;30;1022.86;28.8188;1571.04;50;0;60
4.3;30;1022.8;28.7579;1574.84;50;0;60
4.31;30;1022.46;28.4222;1592.57;50;0;60
4.32;30;1023.18;29.1416;1557.11;50;0;60
4.33;30;1023.86;29.8183;1523.39;50;0;60
4.34;30;1023.23;29.1886;1555.36;50;0;60
4.35;30;1024.36;30.3152;1498.84;50;0;60
4.36;30;1024.32;30.2818;1500.34;50;0;60
4.37001;30;1023.66;29.6163;1533.85;50;0;60
4.38001;30;1024.6;30.5606;1486.29;50;0;60
4.39001;30;1023.93;29.8864;1520.07;50;0;60
4.40001;30;1023.45;29.4076;1544.37;50;0;60
4.41001;30;1023.32;29.2834;1551.01;50;0;60
4.42001;30;1022.27;28.2309;1604.69;50;0;60
4.43001;30;1022.31;28.2665;1603.96;50;0;60
4.44001;30;1022.69;28.646;1585.79;50;0;60
4.45001;30;1022.73;28.6859;1584.59;50;0;60
4.46001;30;1023.17;29.1275;1563.03;50;0;60
4.47001;30;1023.75;29.7112;1534.02;50;0;60
4.48001;30;1023.42;29.3786;1551.02;50;0;60
4.49001;30;1023.98;29.9422;1522.87;50;0;60
4.50001;30;1024.3;30.2637;1506.64;50;0;60
4.51001;30;1023.97;29.932;1523.27;50;0;60
4.52001;30;1024.68;30.6371;1487.63;50;0;60
4.53001;30;1024.2;30.1602;1511.38;50;0;60
4.54001;30;1024.15;30.1125;1513.7;50;0;60
4.55001;30;1024.48;30.4442;1496.85;50;0;60
4.56001;30;1023;28.9596;1571.7;50;0;60
4.57001;30;1022.78;28.7361;1583.63;50;0;60
4.58001;30;1023;28.9582;1573.15;50;0;60
4.59001;30;1022.26;28.2172;1611.27;50;0;60
4.60001;30;1022.62;28.5821;1593.88;50;0;60
4.61001;30;1023.71;29.6747;1539.44;50;0;60
4.62001;30;1023.24;29.1955;1563.89;50;0;60
4.63001;30;1023.69;29.6528;1541.23;50;0;60
4.64001;30;1024.39;30.3505;1506.13;50;0;60
4.65001;30;1023.89;29.8493;1531.28;50;0;60
4.66001;30;1024.51;30.467;1500.12;50;0;60
4.67001;30;1024.68;30.6398;1491.09;50;0;60
4.68001;30;1024.37;30.3256;1506.61;50;0;60
4.69001;30;1024.91;30.8693;1478.9;50;0;60
4.70001;30;1024.24;30.1966;1512.42;50;0;60
4.71001;30;1024.29;30.253;1509.45;50;0;60
4.72001;30;1024.05;30.013;1521.44;50;0;60
4.73001;30;1022.6;28.5597;1594.97;50;0;60
4.74001;30;1022.82;28.7793;1584.72;50;0;60
4.75001;30;1022.83;28.7932;1584.75;50;0;60
4.76001;30;1022.66;28.6205;1594.21;50;0;60
4.77001;30;1023.57;29.5293;1549.06;50;0;60
4.78001;30;1023.98;29.9362;1528.75;50;0;60
4.79001;30;1023.43;29.3868;1556.59;50;0;60
4.80001;30;1024.54;30.5037;1500.44;50;0;60
4.81002;30;1024.42;30.3769;1506.55;50;0;60
4.82002;30;1023.81;29.7656;1537.26;50;0;60
4.83002;30;1024.66;30.6166;1494.34;50;0;60
4.84002;30;1023.9;29.8601;1532.25;50;0;60
4.85002;30;1023.51;29.4674;1552.2;50;0;60
4.86002;30;1023.4;29.3612;1557.9;50;0;60
4.87002;30;1022.3;28.2599;1614;50;0;60
4.88002;30;1022.52;28.4841;1603.71;50;0;60
4.89002;30;1022.74;28.6971;1593.84;50;0;60
4.90002;30;1022.72;28.6761;1595.68;50;0;60
4.91002;30;1023.14;29.0993;1575.06;50;0;60
4.92002;30;1023.82;29.7812;1541.1;50;0;60
4.93002;30;1023.47;29.43;1559;50;0;60
4.94002;30;1024.28;30.237;1518.51;50;0;60
4.95002;30;1024.1;30.0585;1527.4;50;0;60
4.96002;30;1024.07;30.0308;1528.76;50;0;60
4.97002;30;1024.89;30.8448;1487.56;50;0;60
4.98002;30;1024.29;30.2465;1517.32;50;0;60
4.99002;30;1024.39;30.3535;1511.76;50;0;60
5.00002;30;1025.03;30.9893;1479.38;50;0;60
5.01002;30;1023.55;29.5124;1553.52;50;0;60
5.02002;30;1023.35;29.3122;1563.94;50;0;60
5.03002;30;1023.24;29.2026;1569.9;50;0;60
5.04002;30;1022.21;28.1658;1622.84;50;0;60
5.05002;30;1022.5;28.4585;1609.13;50;0;60
5.06002;30;1023.3;29.2567;1569.67;50;0;60
5.07002;30;1023.03;28.9854;1583.84;50;0;60
5.08002;30;1023.71;29.6697;1549.82;50;0;60
5.09002;30;1024.21;30.1651;1524.95;50;0;60
5.10002;30;1023.96;29.9214;1537.18;50;0;60
5.11002;30;1024.61;30.5727;1504.28;50;0;60
5.12002;30;1024.61;30.5657;1504.28;50;0;60
5.13002;30;1024.32;30.2774;1518.53;50;0;60
5.14002;30;1025.13;31.0858;1477.47;50;0;60
5.15002;30;1024.44;30.4037;1511.32;50;0;60
5.16002;30;1024.45;30.4056;1510.99;50;0;60
5.17002;30;1024.37;30.3323;1514.45;50;0;60
5.18002;30;1023.07;29.0322;1580.04;50;0;60
5.19002;30;1023.36;29.3195;1566.08;50;0;60
5.20002;30;1022.91;28.8686;1589.31;50;0;60
5.21002;30;1022.37;28.3279;1617.35;50;0;60
5.22002;30;1023.26;29.2166;1573.38;50;0;60
5.23002;30;1023.71;29.6677;1551.03;50;0;60
5.24003;30;1023.23;29.1929;1575.25;50;0;60
5.25003;30;1024.38;30.3432;1517.53;50;0;60
5.26003;30;1024.24;30.2016;1524.49;50;0;60
5.27003;30;1023.78;29.7352;1547.97;50;0;60
5.28003;30;1024.78;30.7371;1497.43;50;0;60
5.29003;30;1024;29.9626;1536.18;50;0;60
5.30003;30;1023.86;29.82;1543.41;50;0;60
5.31003;30;1024.06;30.019;1533.45;50;0;60
5.32003;30;1022.84;28.7995;1595.15;50;0;60
5.33003;30;1022.93;28.8937;1591.1;50;0;60
5.34003;30;1022.76;28.7204;1600.53;50;0;60
5.35003;30;1022.52;28.4776;1613.59;50;0;60
5.36003;30;1023.05;29.0086;1587.63;50;0;60
5.37003;30;1023.53;29.485;1564.12;50;0;60
5.38003;30;1023.49;29.4536;1566.02;50;0;60
5.39003;30;1024.17;30.1315;1532.04;50;0;60
5.40003;30;1024.09;30.0468;1536.25;50;0;60
5.41003;30;1024.07;30.033;1536.92;50;0;60
5.42003;30;1024.95;30.9064;1492.71;50;0;60
5.43003;30;1024.24;30.2023;1527.79;50;0;60
5.44003;30;1024.42;30.383;1518.53;50;0;60
5.45003;30;1025.1;31.064;1483.84;50;0;60
5.46003;30;1023.81;29.7738;1548.48;50;0;60
5.47003;30;1024.01;29.9684;1538.77;50;0;60
5.48003;30;1023.91;29.8718;1543.68;50;0;60
5.49003;30;1022.51;28.4706;1614.66;50;0;60
5.50003;30;1022.75;28.7061;1603.66;50;0;60
5.51003;30;1023.18;29.1358;1582.69;50;0;60
5.52003;30;1022.96;28.9178;1594.24;50;0;60
5.53003;30;1023.55;29.5055;1565.15;50;0;60
5.54003;30;1024.09;30.0458;1538.11;50;0;60
5.55003;30;1023.65;29.6125;1560.01;50;0;60
5.56003;30;1024.5;30.461;1517.31;50;0;60
5.57003;30;1024.6;30.5629;1511.87;50;0;60
5.58003;30;1024.39;30.3535;1522.13;50;0;60
5.59003;30;1025.06;31.0154;1488.43;50;0;60
5.60003;30;1024.55;30.5054;1513.62;50;0;60
5.61003;30;1024.68;30.6359;1506.72;50;0;60
5.62003;30;1024.63;30.5938;1508.47;50;0;60
5.63003;30;1023.48;29.44;1566.49;50;0;60
5.64003;30;1023.78;29.7392;1551.69;50;0;60
5.65003;30;1023.19;29.1472;1581.8;50;0;60
5.66003;30;1022.17;28.1281;1633.88;50;0;60
5.67003;30;1023.14;29.1028;1585.68;50;0;60
5.68004;30;1023.49;29.4464;1568.84;50;0;60
5.69004;30;1023.17;29.1298;1585.19;50;0;60
5.70004;30;1024.27;30.2338;1529.85;50;0;60
5.71004;30;1023.98;29.935;1544.83;50;0;60
5.72004;30;1023.78;29.7368;1554.9;50;0;60
5.73004;30;1024.91;30.8716;1497.63;50;0;60
5.74004;30;1024.29;30.2543;1528.34;50;0;60
5.75004;30;1024.13;30.0945;1536.27;50;0;60
5.76004;30;1024.8;30.7548;1502.81;50;0;60
5.77004;30;1023.83;29.787;1551.33;50;0;60
5.78004;30;1023.88;29.8446;1548.54;50;0;60
5.79004;30;1023.52;29.4764;1567.26;50;0;60
5.80004;30;1022.78;28.7389;1604.9;50;0;60
5.81004;30;1022.93;28.8873;1598.14;50;0;60
5.82004;30;1022.77;28.7341;1606.56;50;0;60
5.83004;30;1022.89;28.853;1601.31;50;0;60
5.84004;30;1023.92;29.8795;1550.06;50;0;60
5.85004;30;1023.88;29.8396;1552.14;50;0;60
5.86004;30;1023.84;29.7992;1554.29;50;0;60
5.87004;30;1024.89;30.8487;1501.3;50;0;60
5.88004;30;1024.09;30.0489;1541.26;50;0;60
5.89004;30;1024.3;30.2554;1530.78;50;0;60
5.90004;30;1025.06;31.0165;1492.12;50;0;60
5.91004;30;1023.95;29.9048;1547.76;50;0;60
5.92004;30;1024.41;30.3721;1524.17;50;0;60
5.93004;30;1024.52;30.4787;1518.55;50;0;60
5.94004;30;1023.2;29.1585;1585.07;50;0;60
5.95004;30;1023.25;29.2096;1582.99;50;0;60
5.96004;30;1023.02;28.9809;1595.04;50;0;60
5.97004;30;1022.46;28.4245;1623.8;50;0;60
5.98004;30;1023.11;29.0724;1591.96;50;0;60
5.99004;30;1023.74;29.704;1560.56;50;0;60
6.00004;30;1023.54;29.5044;1570.84;50;0;60
6.01004;30;1024.25;30.2087;1535.5;50;0;60
6.02004;30;1024.3;30.2647;1532.54;50;0;60
6.03004;30;1024.38;30.3428;1528.43;50;0;60
6.04004;30;1024.99;30.9547;1497.26;50;0;60
6.05004;30;1024.36;30.321;1528.75;50;0;60
6.06004;30;1024.61;30.5684;1516.04;50;0;60
6.07004;30;1024.72;30.6776;1510.18;50;0;60
6.08004;30;1023.78;29.7392;1557.25;50;0;60
6.09004;30;1024.18;30.1411;1537.07;50;0;60
6.10004;30;1023.54;29.5;1569.43;50;0;60
6.11004;30;1022.52;28.4773;1621.48;50;0;60
6.12005;30;1023.26;29.222;1584.71;50;0;60
6.13005;30;1023.17;29.1319;1589.73;50;0;60
6.14005;30;1023.05;29.0129;1596.28;50;0;60
6.15005;30;1023.99;29.9546;1549.22;50;0;60
6.16005;30;1023.94;29.9026;1551.87;50;0;60
6.17005;30;1023.71;29.6673;1563.84;50;0;60
6.18005;30;1024.89;30.8478;1504.3;50;0;60
6.19005;30;1024.1;30.0596;1543.68;50;0;60
6.20005;30;1024.13;30.0944;1541.88;50;0;60
6.21005;30;1024.9;30.8632;1502.93;50;0;60
6.22005;30;1023.88;29.8407;1554.15;50;0;60
6.23005;30;1024.05;30.011;1545.62;50;0;60
6.24005;30;1023.89;29.848;1553.87;50;0;60
6.25005;30;1023.11;29.0696;1593.35;50;0;60
6.26005;30;1023.17;29.1324;1590.73;50;0;60
6.27005;30;1022.76;28.7183;1612.2;50;0;60
6.28005;30;1022.89;28.8492;1606.35;50;0;60
6.29005;30;1023.48;29.4393;1577.18;50;0;60
6.30005;30;1023.7;29.6591;1566.39;50;0;60
6.31005;30;1023.73;29.6867;1565.2;50;0;60
6.32005;30;1024.75;30.7111;1513.55;50;0;60
6.33005;30;1023.96;29.9182;1553.25;50;0;60
6.34005;30;1024.23;30.189;1539.59;50;0;60
6.35005;30;1024.96;30.9195;1502.52;50;0;60
6.36005;30;1023.9;29.8614;1555.5;50;0;60
6.37005;30;1024.49;30.4504;1525.78;50;0;60
6.38005;30;1024.55;30.5087;1522.56;50;0;60
6.39005;30;1023.45;29.4143;1577.63;50;0;60
6.40005;30;1023.88;29.8373;1556.58;50;0;60
6.41005;30;1023.41;29.3669;1580.48;50;0;60
6.42005;30;1022.79;28.7451;1612.33;50;0;60
6.43005;30;1022.99;28.951;1602.66;50;0;60
6.44005;30;1023.24;29.1962;1590.88;50;0;60
6.45005;30;1023.21;29.1722;1592.58;50;0;60
6.46005;30;1024.01;29.9659;1552.92;50;0;60
6.47005;30;1024.06;30.017;1550.35;50;0;60
6.48005;30;1024.24;30.2012;1541.02;50;0;60
6.49005;30;1024.89;30.8526;1507.94;50;0;60
6.50005;30;1024.06;30.0174;1549.69;50;0;60
6.51005;30;1024.54;30.5009;1525.21;50;0;60
6.52005;30;1024.91;30.871;1506.18;50;0;60
6.53005;30;1024.14;30.0988;1544.73;50;0;60
6.54005;30;1024.37;30.3267;1533.14;50;0;60
6.55006;30;1023.92;29.8754;1555.78;50;0;60
6.56006;30;1022.98;28.9349;1603.45;50;0;60
6.57006;30;1023.84;29.7997;1560.33;50;0;60
6.58006;30;1023.09;29.0546;1598.15;50;0;60
6.59006;30;1022.66;28.6192;1620.75;50;0;60
6.60006;30;1023.68;29.64;1569.93;50;0;60
6.61006;30;1023.5;29.456;1579.45;50;0;60
6.62006;30;1023.45;29.4132;1581.94;50;0;60
6.63006;30;1024.77;30.7332;1515.5;50;0;60
6.64006;30;1024.01;29.9689;1553.73;50;0;60
6.65006;30;1024.12;30.0767;1548.3;50;0;60
6.66006;30;1025.1;31.0568;1498.66;50;0;60
6.67006;30;1024.03;29.9932;1551.84;50;0;60
6.68006;30;1024.2;30.1597;1543.42;50;0;60
6.69006;30;1024.3;30.2647;1538.01;50;0;60
6.70006;30;1023.56;29.5161;1575.74;50;0;60
6.71006;30;1023.74;29.6978;1566.83;50;0;60
6.72006;30;1023;28.9611;1604.29;50;0;60
6.73006;30;1022.82;28.7797;1614.09;50;0;60
6.74006;30;1023.26;29.2242;1592.33;50;0;60
6.75006;30;1023.08;29.0417;1602.03;50;0;60
6.76006;30;1023.33;29.2914;1589.97;50;0;60
6.77006;30;1024.16;30.1198;1548.48;50;0;60
6.78006;30;1023.67;29.6292;1573.24;50;0;60
6.79006;30;1024.22;30.1827;1545.45;50;0;60
6.80006;30;1025.04;31.0021;1503.88;50;0;60
6.81006;30;1023.97;29.9278;1557.64;50;0;60
6.82006;30;1024.58;30.5408;1526.66;50;0;60
6.83006;30;1024.7;30.663;1520.15;50;0;60
6.84006;30;1023.72;29.6837;1569.31;50;0;60
6.85006;30;1023.96;29.9235;1557.37;50;0;60
6.86006;30;1023.59;29.5525;1576.18;50;0;60
6.87006;30;1022.91;28.8687;1611.05;50;0;60
6.88006;30;1023.19;29.1489;1597.55;50;0;60
6.89006;30;1023.1;29.0634;1602.39;50;0;60
6.90006;30;1022.89;28.8452;1613.99;50;0;60
6.91006;30;1023.41;29.3734;1587.96;50;0;60
6.92006;30;1023.65;29.605;1576.62;50;0;60
6.93006;30;1023.65;29.6109;1576.55;50;0;60
6.94006;30;1024.55;30.5143;1531.07;50;0;60
6.95006;30;1024.08;30.0419;1554.67;50;0;60
6.96006;30;1024.54;30.5043;1531.25;50;0;60
6.97006;30;1024.81;30.7654;1517.73;50;0;60
6.98006;30;1024.14;30.1039;1550.74;50;0;60
6.99007;30;1024.77;30.7344;1518.78;50;0;60
7.00007;30;1024.03;29.9886;1556.08;50;0;60
7.01007;30;1023.43;29.3852;1586.62;50;0;60
7.02007;30;1023.87;29.8256;1564.7;50;0;60
7.03007;30;1023.05;29.014;1605.87;50;0;60
7.04007;30;1022.64;28.6039;1627.22;50;0;60
7.05007;30;1023.64;29.6033;1577.48;50;0;60
7.06007;30;1023.19;29.1541;1600.45;50;0;60
7.07007;30;1023.14;29.1017;1603.61;50;0;60
7.08007;30;1024.23;30.1877;1549.2;50;0;60
7.09007;30;1023.83;29.7889;1569.26;50;0;60
7.10007;30;1024;29.9605;1560.71;50;0;60
7.11007;30;1025.07;31.0297;1506.63;50;0;60
7.12007;30;1024.22;30.1763;1549.19;50;0;60
7.13007;30;1024.73;30.6907;1523.06;50;0;60
7.14007;30;1025.13;31.0911;1502.38;50;0;60
7.15007;30;1024.33;30.2859;1542.47;50;0;60
7.16007;30;1024.26;30.2184;1545.71;50;0;60
7.17007;30;1023.64;29.5977;1577;50;0;60
7.18007;30;1023.18;29.1441;1600.19;50;0;60
7.19007;30;1023.35;29.3108;1592.27;50;0;60
7.20007;30;1022.66;28.6246;1627.4;50;0;60
7.21007;30;1022.97;28.9284;1612.85;50;0;60
7.22007;30;1023.55;29.5135;1583.89;50;0;60
7.23007;30;1023.35;29.3144;1594.26;50;0;60
7.24007;30;1023.85;29.8075;1569.72;50;0;60
7.25007;30;1024.59;30.5526;1532.13;50;0;60
7.26007;30;1023.72;29.6781;1576.05;50;0;60
7.27007;30;1024.61;30.5734;1530.94;50;0;60
7.28007;30;1024.73;30.6851;1524.94;50;0;60
7.29007;30;1023.8;29.7635;1571.16;50;0;60
7.30007;30;1024.37;30.3273;1542.78;50;0;60
7.31007;30;1023.93;29.8936;1564.53;50;0;60
7.32007;30;1023.21;29.1697;1601.22;50;0;60
7.33007;30;1023.46;29.4189;1589.11;50;0;60
7.34007;30;1022.99;28.9491;1613.23;50;0;60
7.35007;30;1022.89;28.8475;1619;50;0;60
7.36007;30;1023.41;29.3705;1593.23;50;0;60
7.37007;30;1023.14;29.0961;1607.49;50;0;60
7.38007;30;1023.32;29.2749;1598.99;50;0;60
7.39007;30;1023.9;29.8598;1569.83;50;0;60
7.40007;30;1023.78;29.7361;1576.17;50;0;60
7.41007;30;1024.11;30.0656;1559.65;50;0;60
7.42007;30;1024.51;30.4739;1538.95;50;0;60
7.43008;30;1024.22;30.1791;1553.59;50;0;60
7.44008;30;1024.79;30.7462;1524.79;50;0;60
7.45008;30;1024.97;30.9345;1514.81;50;0;60
7.46008;30;1024.71;30.6746;1527.4;50;0;60
7.47008;30;1025.57;31.5325;1483.58;50;0;60
7.48008;30;1025.05;31.0121;1509;50;0;60
7.49008;30;1024.96;30.9222;1512.94;50;0;60
7.50008;30;1025.45;31.4123;1487.59;50;0;60
7.51008;30;1023.93;29.8851;1564.02;50;0;60
7.52008;30;1023.69;29.6494;1576.01;50;0;60
7.53008;30;1023.75;29.7129;1573.01;50;0;60
7.54008;30;1022.78;28.7377;1622.53;50;0;60
7.55008;30;1022.92;28.8827;1615.95;50;0;60
7.56008;30;1024.06;30.0165;1559.25;50;0;60
7.57008;30;1023.58;29.5425;1583.22;50;0;60
7.58008;30;1023.87;29.8333;1568.78;50;0;60
7.59008;30;1024.65;30.6111;1529.52;50;0;60
7.60008;30;1024.03;29.9892;1560.63;50;0;60
7.61008;30;1024.74;30.7034;1524.49;50;0;60
7.62008;30;1024.99;30.9522;1511.48;50;0;60
7.63008;30;1024.76;30.72;1522.66;50;0;60
7.64008;30;1025.37;31.3334;1491.19;50;0;60
7.65008;30;1024.99;30.9525;1509.67;50;0;60
7.66008;30;1025;30.9571;1508.86;50;0;60
7.67008;30;1025.15;31.1064;1500.73;50;0;60
7.68008;30;1024.1;30.0612;1552.95;50;0;60
7.69008;30;1023.94;29.903;1560.93;50;0;60
7.70008;30;1023.49;29.4497;1583.92;50;0;60
7.71008;30;1022.39;28.3534;1639.72;50;0;60
7.72008;30;1023.14;29.099;1602.98;50;0;60
7.73008;30;1023.78;29.7441;1570.88;50;0;60
7.74008;30;1023.33;29.2901;1594.01;50;0;60
7.75008;30;1024.41;30.3734;1539.62;50;0;60
7.76008;30;1024.53;30.4936;1533.31;50;0;60
7.77008;30;1023.88;29.8437;1565.9;50;0;60
7.78008;30;1025.18;31.1381;1500.5;50;0;60
7.79008;30;1024.58;30.5408;1530.04;50;0;60
7.80008;30;1024.36;30.3233;1540.72;50;0;60
7.81008;30;1025.43;31.3907;1486.51;50;0;60
7.82008;30;1024.4;30.3609;1537.79;50;0;60
7.83008;30;1024.13;30.0878;1551.39;50;0;60
7.84008;30;1024.2;30.1586;1547.75;50;0;60
7.85008;30;1023.19;29.1478;1598.81;50;0;60
7.86009;30;1023.13;29.088;1602.35;50;0;60
7.87009;30;1023.09;29.0546;1604.58;50;0;60
7.88009;30;1022.95;28.9053;1612.7;50;0;60
7.89009;30;1023.55;29.5055;1582.99;50;0;60
7.90009;30;1023.91;29.8734;1564.67;50;0;60
7.91009;30;1023.77;29.7281;1572.1;50;0;60
7.92009;30;1024.56;30.5193;1532.22;50;0;60
7.93009;30;1024.31;30.2704;1544.51;50;0;60
7.94009;30;1024.29;30.2476;1545.5;50;0;60
7.95009;30;1025.3;31.2614;1494.05;50;0;60
7.96009;30;1024.5;30.461;1533.8;50;0;60
7.97009;30;1024.56;30.522;1530.43;50;0;60
7.98009;30;1025.1;31.0633;1502.73;50;0;60
7.99009;30;1023.7;29.656;1573.3;50;0;60
8.00009;30;1024.17;30.1259;1549.73;50;0;60
8.01009;30;1024.03;29.9901;1556.53;50;0;60
8.02009;30;1022.91;28.8734;1613.04;50;0;60
8.03009;30;1022.98;28.938;1610.44;50;0;60
8.04009;30;1023.37;29.3306;1591.22;50;0;60
8.05009;30;1023.1;29.0606;1605.28;50;0;60
8.06009;30;1023.86;29.8194;1567.45;50;0;60
8.07009;30;1024.1;30.0629;1555.24;50;0;60
8.08009;30;1024.03;29.9919;1558.79;50;0;60
8.09009;30;1024.63;30.5944;1528.31;50;0;60
8.10009;30;1024.54;30.5021;1532.62;50;0;60
8.11009;30;1024.55;30.5143;1531.7;50;0;60
8.12009;30;1025.21;31.168;1498.32;50;0;60
8.13009;30;1024.5;30.4639;1533.24;50;0;60
8.14009;30;1024.77;30.7322;1519.39;50;0;60
8.15009;30;1024.66;30.6208;1524.59;50;0;60
8.16009;30;1023.61;29.5685;1577.46;50;0;60
8.17009;30;1024.06;30.0182;1554.96;50;0;60
8.18009;30;1023.39;29.3501;1588.76;50;0;60
8.19009;30;1022.49;28.452;1634.6;50;0;60
8.20009;30;1023.51;29.4651;1584.26;50;0;60
8.21009;30;1023.44;29.3979;1587.98;50;0;60
8.22009;30;1023.27;29.2339;1596.64;50;0;60
8.23009;30;1024.43;30.3931;1538.45;50;0;60
8.24009;30;1024.25;30.209;1547.52;50;0;60
8.25009;30;1024.06;30.0165;1557.14;50;0;60
8.26009;30;1025.2;31.1569;1499.43;50;0;60
8.27009;30;1024.28;30.2371;1545.27;50;0;60
8.28009;30;1024.29;30.2495;1544.51;50;0;60
8.29009;30;1024.84;30.7979;1516.61;50;0;60
8.30009;30;1024.03;29.9925;1556.88;50;0;60
8.31009;30;1023.96;29.9162;1560.75;50;0;60
8.3201;30;1023.61;29.5743;1578.1;50;0;60
8.3301;30;1022.96;28.9238;1611.27;50;0;60
8.3401;30;1023.32;29.2793;1593.93;50;0;60
8.3501;30;1023.01;28.9672;1610.15;50;0;60
8.3601;30;1023.25;29.2062;1598.68;50;0;60
8.3701;30;1023.8;29.7585;1571.21;50;0;60
8.3801;30;1023.74;29.7012;1574.25;50;0;60
8.3901;30;1023.98;29.9414;1562.28;50;0;60
8.4001;30;1024.9;30.8643;1515.61;50;0;60
8.4101;30;1024.05;30.0048;1558.58;50;0;60
8.4201;30;1024.51;30.4651;1535.29;50;0;60
8.4301;30;1024.95;30.9139;1512.3;50;0;60
8.4401;30;1023.78;29.7352;1571.4;50;0;60
8.4501;30;1024.36;30.3218;1541.87;50;0;60
8.4601;30;1024.26;30.2233;1546.66;50;0;60
8.4701;30;1023.34;29.3;1593.25;50;0;60
8.4801;30;1023.86;29.8238;1567.16;50;0;60
8.4901;30;1023.52;29.482;1584.57;50;0;60
8.5001;30;1022.84;28.8028;1619.24;50;0;60
8.5101;30;1023.09;29.0536;1607.27;50;0;60
8.5201;30;1023.4;29.3589;1592.39;50;0;60
8.5301;30;1023.44;29.4043;1590.48;50;0;60
8.5401;30;1024.31;30.2675;1547.16;50;0;60
8.5501;30;1024.07;30.034;1558.81;50;0;60
8.5601;30;1024.26;30.2204;1549.36;50;0;60
8.5701;30;1025.01;30.9694;1511.33;50;0;60
8.5801;30;1024.18;30.1381;1552.81;50;0;60
8.5901;30;1024.79;30.7541;1521.56;50;0;60
8.6001;30;1024.8;30.7575;1520.93;50;0;60
8.6101;30;1024.11;30.0684;1555.35;50;0;60
8.6201;30;1024.6;30.5579;1530.54;50;0;60
8.6301;30;1023.96;29.9172;1562.62;50;0;60
8.6401;30;1023.16;29.1151;1603.26;50;0;60
8.6501;30;1023.82;29.7779;1570.25;50;0;60
8.6601;30;1023.21;29.1708;1601.11;50;0;60
8.6701;30;1022.78;28.735;1623.65;50;0;60
8.6801;30;1023.9;29.8587;1567.55;50;0;60
8.6901;30;1023.7;29.6628;1577.55;50;0;60
8.7001;30;1023.77;29.7288;1574.42;50;0;60
8.7101;30;1024.87;30.8283;1518.94;50;0;60
8.7201;30;1024.13;30.0944;1555.58;50;0;60
8.7301;30;1024.25;30.2076;1549.8;50;0;60
8.7401;30;1025.06;31.0179;1508.67;50;0;60
8.7501;30;1024.08;30.0369;1557.7;50;0;60
8.76011;30;1024.24;30.1995;1549.45;50;0;60
8.77011;30;1024.07;30.0266;1558.08;50;0;60
8.78011;30;1023.55;29.5128;1584.06;50;0;60
8.79011;30;1023.57;29.5312;1583.42;50;0;60
8.80011;30;1022.81;28.7665;1622.4;50;0;60
8.81011;30;1022.97;28.9329;1614.72;50;0;60
8.82011;30;1023.41;29.3706;1593.21;50;0;60
8.83011;30;1023.17;29.1295;1605.79;50;0;60
8.84011;30;1023.45;29.4102;1592.11;50;0;60
8.85011;30;1024.36;30.3188;1546.48;50;0;60
8.86011;30;1023.79;29.7478;1575.18;50;0;60
8.87011;30;1024.37;30.3294;1545.91;50;0;60
8.88011;30;1024.94;30.8981;1516.93;50;0;60
8.89011;30;1023.76;29.721;1575.95;50;0;60
8.90011;30;1024.57;30.5285;1535.26;50;0;60
8.91011;30;1024.7;30.6557;1528.51;50;0;60
8.92011;30;1023.56;29.5191;1585.63;50;0;60
8.93011;30;1024.09;30.045;1559.31;50;0;60
8.94011;30;1023.63;29.5888;1582.36;50;0;60
8.95011;30;1023.06;29.018;1611.49;50;0;60
8.96011;30;1023.37;29.3322;1596.19;50;0;60
8.97011;30;1023.21;29.1686;1604.86;50;0;60
8.98011;30;1023.06;29.019;1612.93;50;0;60
8.99011;30;1023.74;29.6989;1579.12;50;0;60
9.00011;30;1023.66;29.6186;1583.36;50;0;60
9.01011;30;1023.73;29.6947;1579.74;50;0;60
9.02011;30;1024.39;30.3482;1546.85;50;0;60
9.03011;30;1024.09;30.05;1561.73;50;0;60
9.04011;30;1024.59;30.5515;1536.33;50;0;60
9.05011;30;1025.08;31.0435;1511.1;50;0;60
9.06011;30;1024.72;30.6802;1528.86;50;0;60
9.07011;30;1025.25;31.2051;1501.89;50;0;60
9.08011;30;1025.19;31.1468;1504.12;50;0;60
9.09011;30;1024.81;30.7659;1522.7;50;0;60
9.10011;30;1025.42;31.3763;1491.36;50;0;60
9.11011;30;1024.32;30.282;1545.9;50;0;60
9.12011;30;1023.85;29.8144;1569.39;50;0;60
9.13011;30;1023.82;29.7785;1571.32;50;0;60
9.14011;30;1022.64;28.5969;1631.25;50;0;60
9.15011;30;1022.83;28.7849;1622.58;50;0;60
9.16011;30;1023.88;29.843;1569.76;50;0;60
9.17011;30;1023.45;29.4093;1591.8;50;0;60
9.18011;30;1023.79;29.7486;1574.99;50;0;60
9.19011;30;1024.72;30.6779;1528.12;50;0;60
9.20012;30;1024.13;30.088;1557.56;50;0;60
9.21012;30;1024.65;30.6088;1531.15;50;0;60
9.22012;30;1025.26;31.2176;1499.98;50;0;60
9.23012;30;1024.6;30.5589;1532.58;50;0;60
9.24012;30;1025.3;31.2556;1497;50;0;60
9.25012;30;1025.22;31.1827;1499.93;50;0;60
9.26012;30;1024.85;30.8146;1517.84;50;0;60
9.27012;30;1025.05;31.0146;1507.24;50;0;60
9.28012;30;1024.15;30.1083;1552.48;50;0;60
9.29012;30;1024;29.9596;1559.95;50;0;60
9.30012;30;1023.41;29.3722;1589.69;50;0;60
9.31012;30;1022.47;28.4286;1637.82;50;0;60
9.32012;30;1023.09;29.0456;1607.54;50;0;60
9.33012;30;1023.76;29.7192;1574.03;50;0;60
9.34012;30;1023.41;29.3649;1592.12;50;0;60
9.35012;30;1024.28;30.2377;1548.34;50;0;60
9.36012;30;1024.55;30.5135;1534.24;50;0;60
9.37012;30;1024.02;29.9749;1561.19;50;0;60
9.38012;30;1025.12;31.0764;1505.47;50;0;60
9.39012;30;1025.03;30.9876;1509.31;50;0;60
9.40012;30;1024.44;30.3992;1538.49;50;0;60
9.41012;30;1025.36;31.3217;1491.58;50;0;60
9.42012;30;1024.42;30.3793;1538.47;50;0;60
9.43012;30;1023.83;29.7858;1568.27;50;0;60
9.44012;30;1023.74;29.6962;1572.94;50;0;60
9.45012;30;1022.62;28.5771;1629.74;50;0;60
9.46012;30;1022.68;28.6436;1627.23;50;0;60
9.47012;30;1023.17;29.1302;1603.42;50;0;60
9.48012;30;1023.15;29.1147;1604.73;50;0;60
9.49012;30;1023.57;29.5254;1584.48;50;0;60
9.50012;30;1024;29.9605;1562.75;50;0;60
9.51012;30;1023.95;29.9094;1565.36;50;0;60
9.52012;30;1024.52;30.4842;1536.33;50;0;60
9.53012;30;1024.53;30.4898;1535.75;50;0;60
9.54012;30;1024.53;30.4903;1535.43;50;0;60
9.55012;30;1025.22;31.1786;1500.31;50;0;60
9.56012;30;1024.69;30.6526;1526.22;50;0;60
9.57012;30;1024.71;30.6693;1524.99;50;0;60
9.58012;30;1025.36;31.3188;1491.72;50;0;60
9.59012;30;1024.06;30.023;1556.49;50;0;60
9.60012;30;1024.24;30.2006;1547.49;50;0;60
9.61012;30;1024.05;30.0131;1556.86;50;0;60
9.62012;30;1022.74;28.7024;1623.17;50;0;60
9.63013;30;1022.83;28.7862;1619.71;50;0;60
9.64013;30;1023.41;29.3655;1591.13;50;0;60
9.65013;30;1023.16;29.1192;1603.97;50;0;60
9.66013;30;1023.81;29.7669;1571.73;50;0;60
9.67013;30;1024.22;30.178;1551.06;50;0;60
9.68013;30;1023.94;29.8988;1565.09;50;0;60
9.69013;30;1024.82;30.7755;1520.79;50;0;60
9.70013;30;1024.6;30.5598;1531.24;50;0;60
9.71013;30;1024.59;30.5539;1531.2;50;0;60
9.72013;30;1025.3;31.258;1495.24;50;0;60
9.73013;30;1024.79;30.7458;1520.4;50;0;60
9.74013;30;1024.74;30.6967;1522.44;50;0;60
9.75013;30;1024.88;30.8398;1514.78;50;0;60
9.76013;30;1023.94;29.903;1561.68;50;0;60
9.77013;30;1024.25;30.2076;1546.32;50;0;60
9.78013;30;1023.56;29.524;1580.78;50;0;60
9.79013;30;1022.47;28.4302;1636.42;50;0;60
9.80013;30;1023.32;29.2816;1594.28;50;0;60
9.81013;30;1023.45;29.4132;1588.05;50;0;60
9.82013;30;1023.29;29.2514;1596.59;50;0;60
9.83013;30;1024.39;30.3484;1541.53;50;0;60
9.84013;30;1024.26;30.2193;1547.86;50;0;60
9.85013;30;1023.89;29.8465;1566.59;50;0;60
9.86013;30;1025.05;31.0098;1507.82;50;0;60
9.87013;30;1024.42;30.3793;1539.11;50;0;60
9.88013;30;1024.31;30.2698;1544.43;50;0;60
9.89013;30;1025.12;31.0797;1503.29;50;0;60
9.90013;30;1024.31;30.2698;1543.62;50;0;60
9.91013;30;1024.14;30.1027;1551.91;50;0;60
9.92013;30;1023.83;29.7879;1567.78;50;0;60
9.93013;30;1022.93;28.8894;1613.37;50;0;60
9.94013;30;1023.08;29.0353;1606.65;50;0;60
9.95013;30;1023.01;28.9695;1610.56;50;0;60
9.96013;30;1022.96;28.9205;1613.66;50;0;60
9.97013;30;1023.77;29.7295;1573.37;50;0;60
9.98013;30;1023.81;29.7666;1571.66;50;0;60
9.99013;30;1023.89;29.8528;1567.44;50;0;60
