0;30;993.953;0.252747;2236.99;75;0;20
0.01;30;993.985;0.285583;2240.47;75;0;20
0.02;30;993.928;0.228149;2250.74;75;0;20
0.03;30;993.973;0.272766;2253.33;75;0;20
0.04;30;993.929;0.229187;2262.56;75;0;20
0.05;30;993.871;0.170959;2272.89;75;0;20
0.06;30;993.865;0.1651;2279.3;75;0;20
0.07;30;993.987;0.286743;2276.12;75;0;20
0.08;30;994.028;0.327881;2278.97;75;0;20
0.09;30;993.875;0.175476;2296.36;75;0;20
0.1;30;993.812;0.111694;2307.12;75;0;20
0.11;30;993.96;0.259888;2301.96;75;0;20
0.12;30;994.008;0.308289;2304.26;75;0;20
0.13;30;993.888;0.187744;2319.27;75;0;20
0.14;30;993.872;0.172363;2326.39;75;0;20
0.15;30;994.049;0.34906;2319.06;75;0;20
0.16;30;993.995;0.294983;2329.06;75;0;20
0.17;30;993.907;0.207458;2341.58;75;0;20
0.18;30;993.955;0.254883;2343.98;75;0;20
0.19;30;993.849;0.149048;2357.88;75;0;20
0.2;30;993.967;0.266846;2355;75;0;20
0.21;30;993.923;0.223389;2364.21;75;0;20
0.22;30;994.037;0.337097;2361.61;75;0;20
0.23;30;993.905;0.205383;2377.45;75;0;20
0.24;30;994.037;0.337341;2373.49;75;0;20
0.25;30;993.915;0.214783;2388.64;75;0;20
0.26;30;993.763;0.0634766;2405.97;75;0;20
0.27;30;993.963;0.26355;2396.91;75;0;20
0.28;30;994.548;0.848389;2358.88;75;0;20
0.29;30;996.461;2.76117;2220.87;75;0;20
0.3;30;999.933;6.23279;1965.25;75;0;20
0.31;30;1001.79;8.09058;1830.3;75;0;20
0.32;30;1004.62;10.9239;1621.62;75;0;20
0.33;30;1008.12;14.4164;1362.8;75;0;20
0.34;30;1009.51;15.8077;1261.29;75;0;20
0.35;30;1012.69;18.9883;1024.94;75;0;20
0.36;30;1015.28;21.5776;832.432;75;0;20
0.37;30;1017.32;23.6175;680.715;75;0;20
0.38;30;1019.69;25.9922;503.414;75;0;20
0.39;30;1021.82;28.1156;344.535;75;0;20
0.4;30;1022.82;29.1205;269.345;75;0;20
0.41;30;1025.1;31.4033;97.8514;75;0;20
0.42;30;1026.69;32.9939;0;75;0;20
0.43;30;1027.6;33.8995;0;75;0;20
0.44;30;1030.51;36.8109;0;75;0;20
0.45;30;1031.04;37.3429;0;75;0;20
0.46;30;1032.57;38.8699;0;75;0;20
0.47;30;1033.73;40.0284;0;75;0;20
0.48;30;1034.86;41.1571;0;75;0;20
0.49;30;1035.12;41.4219;0;75;0;20
0.5;30;1037.85;44.1456;0;75;0;20
0.51;30;1037.12;43.4188;0;75;0;20
0.52;30;1039.37;45.6749;0;75;0;20
0.53;30;1039.22;45.522;0;75;0;20
0.54;30;1037.75;44.0483;0;75;0;20
0.55;30;1037.3;43.6041;0;75;0;20
0.56;30;1036.25;42.5471;0;75;0;20
0.57;30;1034.54;40.8417;0;75;0;20
0.58;30;1033.35;39.6499;0;75;0;20
0.59;30;1030.25;36.5453;0;75;0;20
0.6;30;1028.06;34.3612;0;75;0;20
0.61;30;1025.01;31.3146;65.6677;75;0;20
0.62;30;1022.68;28.9834;240.709;75;0;20
0.63;30;1020.44;26.7405;409.58;75;0;20
0.64;30;1018.49;24.7922;556.744;75;0;20
0.65;30;1016.65;22.9478;696.487;75;0;20
0.66;30;1014.97;21.2715;823.952;75;0;20
0.67;30;1013.1;19.4041;966.129;75;0;20
0.68;30;1011.59;17.8903;1082.09;75;0;20
0.69;30;1010.22;16.5247;1187.2;75;0;20
0.7;30;1008.97;15.2692;1284.31;75;0;20
0.71;30;1007.82;14.1185;1373.79;75;0;20
0.72;30;1006.74;13.0424;1457.89;75;0;20
0.73;30;1005.61;11.9151;1546.05;75;0;20
0.74;30;1004.69;10.9922;1619.06;75;0;20
0.75;30;1003.8;10.099;1690.04;75;0;20
0.76;30;1002.87;9.1662;1764.16;75;0;20
0.77;30;1002.12;8.42249;1824.26;75;0;20
0.78;30;1001.39;7.68768;1883.83;75;0;20
0.79;30;1000.66;6.96014;1943;75;0;20
0.8;30;1000.09;6.38708;1990.71;75;0;20
0.81;30;999.494;5.79395;2040.03;75;0;20
0.82;30;998.939;5.23907;2086.6;75;0;20
0.83;30;998.493;4.79327;2125.08;75;0;20
0.839999;30;999.234;5.53424;2074.4;75;0;20
0.849999;30;998.248;4.54785;2153.47;75;0;20
0.859999;30;999.589;5.88879;2057.72;75;0;20
0.869999;30;1000.58;6.88318;1987.76;75;0;20
0.879999;30;1000.38;6.68225;2007.5;75;0;20
0.889999;30;1002.58;8.88208;1846.73;75;0;20
0.899999;30;1004.26;10.5566;1725.03;75;0;20
0.909999;30;1005.32;11.6224;1648.78;75;0;20
0.919999;30;1007.95;14.2469;1455.09;75;0;20
0.929999;30;1008.46;14.761;1419.57;75;0;20
0.939999;30;1010.11;16.4098;1298.64;75;0;20
0.949999;30;1013.23;19.5342;1066.39;75;0;20
0.959999;30;1014.39;20.6898;981.593;75;0;20
0.969999;30;1016.13;22.4308;852.525;75;0;20
0.979999;30;1017.96;24.259;716.564;75;0;20
0.989999;30;1020.03;26.3265;562.236;75;0;20
0.999999;30;1020.92;27.2193;495.83;75;0;20
1.01;30;1022.08;28.3804;409.074;75;0;20
1.02;30;1023.44;29.7428;306.943;75;0;20
1.03;30;1023.92;30.2173;271.309;75;0;20
1.04;30;1024.38;30.6836;236.203;75;0;20
1.05;30;1023.44;29.7382;307.163;75;0;20
1.06;30;1023.85;30.1465;276.505;75;0;20
1.07;30;1023.9;30.2027;272.253;75;0;20
1.08;30;1021.95;28.2496;419.088;75;0;20
1.09;30;1020.54;26.8427;525.238;75;0;20
1.1;30;1019.42;25.7173;610.493;75;0;20
1.11;30;1017.52;23.8199;754.038;75;0;20
1.12;30;1015.11;21.4124;936.321;75;0;20
1.13;30;1013.9;20.1987;1029.31;75;0;20
1.14;30;1012.16;18.4574;1162.21;75;0;20
1.15;30;1010.77;17.0732;1268.61;75;0;20
1.16;30;1009.24;15.5439;1386.2;75;0;20
1.17;30;1008.09;14.3884;1475.99;75;0;20
1.18;30;1006.71;13.013;1582.54;75;0;20
1.19;30;1005.75;12.0471;1658.57;75;0;20
1.2;30;1004.97;11.2699;1720.61;75;0;20
1.21;30;1004.08;10.3793;1791.33;75;0;20
1.22;30;1004.15;10.4546;1789.59;75;0;20
1.23;30;1004.17;10.473;1792.12;75;0;20
1.24;30;1005.28;11.5757;1713.1;75;0;20
1.25;30;1005.56;11.8633;1695.15;75;0;20
1.26;30;1006.61;12.9135;1619.81;75;0;20
1.27;30;1006.74;13.0388;1613.8;75;0;20
1.28;30;1008.19;14.4932;1507.82;75;0;20
1.29;30;1010.42;16.7183;1343.6;75;0;20
1.3;30;1010.67;16.9684;1327.44;75;0;20
1.31;30;1012.7;18.996;1177.58;75;0;20
1.32;30;1014.21;20.5103;1065.9;75;0;20
1.33;30;1014.23;20.5326;1066.12;75;0;20
1.34;30;1015.96;22.2579;938.273;75;0;20
1.35;30;1016.31;22.6064;913.609;75;0;20
1.36;30;1015.64;21.9394;965.25;75;0;20
1.37;30;1015.22;21.5154;998.748;75;0;20
1.38;30;1015.89;22.1897;949.736;75;0;20
1.39;30;1015.14;21.4435;1007.41;75;0;20
1.4;30;1013.86;20.1592;1105.7;75;0;20
1.41;30;1014.04;20.3379;1094.23;75;0;20
1.42;30;1012.23;18.5331;1231.88;75;0;20
1.43;30;1013.3;19.6028;1153.74;75;0;20
1.44;30;1011.58;17.876;1285.67;75;0;20
1.45;30;1011.46;17.7569;1297.05;75;0;20
1.46;30;1011.51;17.814;1295.21;75;0;20
1.47;30;1010.36;16.6566;1384.69;75;0;20
1.48;30;1011.13;17.4328;1328.98;75;0;20
1.49;30;1011.35;17.6457;1315.49;75;0;20
1.5;30;1010.33;16.6345;1394;75;0;20
1.51;30;1011.67;17.9742;1295.92;75;0;20
1.52;30;1012.17;18.4697;1261.07;75;0;20
1.53;30;1011.92;18.2208;1282.09;75;0;20
1.54;30;1011.94;18.2416;1282.89;75;0;20
1.55;30;1012.22;18.5185;1264.41;75;0;20
1.56;30;1012.75;19.05;1226.74;75;0;20
1.57;30;1013.35;19.6534;1183.55;75;0;20
1.58;30;1011.89;18.1866;1295.93;75;0;20
1.59;30;1012.27;18.5749;1269.09;75;0;20
1.6;30;1013.65;19.9498;1167.98;75;0;20
1.61;30;1012.39;18.6918;1264.6;75;0;20
1.62;30;1012.34;18.638;1270.9;75;0;20
1.63;30;1013.11;19.4151;1214.74;75;0;20
1.64;30;1012.9;19.2009;1232.96;75;0;20
1.65;30;1013.45;19.753;1193.6;75;0;20
1.66;30;1012.67;18.9717;1254.41;75;0;20
1.67;30;1012.68;18.9825;1255.8;75;0;20
1.68;30;1013.57;19.8701;1191.26;75;0;20
1.69;30;1012.59;18.8929;1266.76;75;0;20
1.7;30;1012.31;18.6119;1290.12;75;0;20
1.71;30;1013.34;19.6407;1215.03;75;0;20
1.72;30;1012.27;18.5669;1297.85;75;0;20
1.73;30;1011.92;18.2166;1326.49;75;0;20
1.74;30;1013.39;19.6875;1218.23;75;0;20
1.75;30;1012.79;19.0867;1265.47;75;0;20
1.76;30;1013.11;19.4062;1243.63;75;0;20
1.77;30;1012.85;19.1512;1264.92;75;0;20
1.78;30;1012.9;19.2051;1263.04;75;0;20
1.79;30;1013.74;20.0364;1202.68;75;0;20
1.8;30;1013.42;19.7156;1228.8;75;0;20
1.81;30;1012.26;18.5608;1317.7;75;0;20
1.82;30;1013.41;19.7067;1233.82;75;0;20
1.83;30;1013.21;19.5079;1250.82;75;0;20
1.84;30;1012.19;18.4914;1329.36;75;0;20
1.85;30;1013.05;19.3478;1267.26;75;0;20
1.86;30;1013.3;19.6033;1250.18;75;0;20
1.87;30;1013.28;19.5825;1253.82;75;0;20
1.88;30;1012.8;19.097;1292.41;75;0;20
1.89;30;1012.78;19.0788;1295.96;75;0;20
1.9;30;1013.68;19.9849;1230.01;75;0;20
1.91;30;1014.04;20.3365;1205.57;75;0;20
1.92;30;1012.09;18.3918;1353.75;75;0;20
1.93;30;1013.15;19.454;1276.19;75;0;20
1.94;30;1013.95;20.2466;1218.7;75;0;20
1.95;30;1012.96;19.2617;1294.71;75;0;20
1.96;30;1012.8;19.1052;1308.63;75;0;20
1.97;30;1013.7;19.9977;1243.69;75;0;20
1.98;30;1013.72;20.0164;1244.29;75;0;20
1.99;30;1013.93;20.2263;1230.5;75;0;20
2;30;1012.7;19.0023;1324.5;75;0;20
2.01;30;1013.41;19.7084;1273.6;75;0;20
2.02;30;1014.62;20.9158;1184.86;75;0;20
2.03;30;1013.19;19.4881;1294.04;75;0;20
2.04;30;1012.66;18.9631;1335.62;75;0;20
2.05;30;1014.32;20.6233;1212.98;75;0;20
2.06;30;1013.76;20.0641;1256.91;75;0;20
2.07;30;1013.88;20.181;1250.11;75;0;20
2.08;30;1013.17;19.4751;1305.15;75;0;20
2.09;30;1013.41;19.7132;1289.35;75;0;20
2.1;30;1014.55;20.8545;1205.59;75;0;20
2.11;30;1013.85;20.153;1260.17;75;0;20
2.12;30;1012.8;19.1042;1341.01;75;0;20
2.13;30;1014.02;20.3249;1251.39;75;0;20
2.14;30;1013.77;20.071;1272.41;75;0;20
2.15;30;1013.16;19.4651;1319.97;75;0;20
2.16;30;1013.23;19.5303;1317.17;75;0;20
2.17;30;1013.64;19.9435;1288.19;75;0;20
2.18;30;1014.07;20.374;1257.83;75;0;20
2.19;30;1013.43;19.7278;1308.34;75;0;20
2.2;30;1013;19.3044;1342.24;75;0;20
2.21;30;1013.89;20.1902;1277.77;75;0;20
2.22;30;1014.43;20.7339;1238.84;75;0;20
2.23;30;1012.93;19.2314;1353.68;75;0;20
2.24;30;1013.45;19.7496;1316.87;75;0;20
2.25;30;1014.61;20.9092;1231.72;75;0;20
2.26;30;1014.06;20.3575;1275.02;75;0;20
2.27;30;1013.88;20.1776;1290.49;75;0;20
2.28;30;1013.53;19.8324;1318.41;75;0;20
2.29;30;1014.11;20.4057;1277.33;75;0;20
2.3;30;1015.01;21.3138;1210.95;75;0;20
2.31;30;1013.48;19.7753;1328.39;75;0;20
2.32;30;1013.13;19.43;1356.4;75;0;20
2.33;30;1014.75;21.0471;1236.91;75;0;20
2.34;30;1014.06;20.3597;1290.39;75;0;20
2.35;30;1014.07;20.3747;1291.19;75;0;20
2.36;30;1013.71;20.0135;1320.28;75;0;20
2.37;30;1013.99;20.2952;1301.1;75;0;20
2.38;30;1014.9;21.1959;1235.3;75;0;20
2.39;30;1014.44;20.7391;1271.42;75;0;20
2.4;30;1013.22;19.5185;1365.06;75;0;20
2.41;30;1014.57;20.8699;1265.53;75;0;20
2.42;30;1014.68;20.9833;1258.83;75;0;20
2.43;30;1014.29;20.5938;1289.92;75;0;20
2.44;30;1013.78;20.079;1330.51;75;0;20
2.45;30;1014.18;20.4825;1302.15;75;0;20
2.46;30;1014.51;20.8113;1279.33;75;0;20
2.47;30;1014.69;20.9877;1267.91;75;0;20
2.48;30;1013.24;19.5381;1378.71;75;0;20
2.49;30;1014.03;20.3323;1321.09;75;0;20
2.5;30;1015.14;21.4413;1239.62;75;0;20
2.51;30;1014.1;20.3993;1319.69;75;0;20
2.52;30;1013.8;20.0988;1344.21;75;0;20
2.53;30;1014.44;20.738;1298.12;75;0;20
2.54;30;1014.53;20.8336;1292.79;75;0;20
2.55;30;1015.29;21.5898;1237.75;75;0;20
2.56;30;1014.44;20.7379;1303.5;75;0;20
2.57;30;1013.94;20.2411;1342.71;75;0;20
2.58;30;1014.98;21.2842;1266.22;75;0;20
2.59;30;1014.81;21.1055;1281.4;75;0;20
2.6;30;1014.48;20.7781;1307.8;75;0;20
2.61;30;1014.14;20.4385;1335.18;75;0;20
2.62;30;1014.48;20.7826;1311.22;75;0;20
2.63;30;1014.96;21.2563;1277.44;75;0;20
2.64;30;1015;21.3028;1275.69;75;0;20
2.65;30;1013.5;19.8003;1390.42;75;0;20
2.66;30;1014.44;20.7432;1321.56;75;0;20
2.67;30;1015.11;21.4151;1272.88;75;0;20
2.68;30;1014.15;20.4512;1347.08;75;0;20
2.69;30;1014.36;20.6615;1333.17;75;0;20
2.7;30;1014.58;20.8838;1318.33;75;0;20
2.71;30;1014.64;20.9358;1316.24;75;0;20
2.72;30;1015.58;21.8848;1246.69;75;0;20
2.73;30;1014.31;20.6057;1344.5;75;0;20
2.74;30;1014.11;20.4101;1361.09;75;0;20
2.75;30;1015.34;21.6371;1270.73;75;0;20
2.76;30;1014.79;21.0872;1313.76;75;0;20
2.77;30;1014.72;21.0165;1320.85;75;0;20
2.78;30;1014.47;20.7729;1340.97;75;0;20
2.79;30;1014.53;20.8329;1338.31;75;0;20
2.8;30;1015.43;21.733;1272.45;75;0;20
2.81;30;1015.25;21.5494;1287.91;75;0;20
2.82;30;1013.88;20.1844;1392.25;75;0;20
2.83;30;1014.77;21.0738;1327.33;75;0;20
2.84;30;1015.64;21.9446;1263.63;75;0;20
2.85;30;1015.1;21.3979;1306.35;75;0;20
2.86;30;1014.72;21.0179;1336.65;75;0;20
2.87;30;1014.64;20.9355;1344.64;75;0;20
2.88;30;1015.06;21.3586;1314.64;75;0;20
2.89;30;1016.14;22.4386;1235.15;75;0;20
2.9;30;1014.52;20.8152;1358.74;75;0;20
2.91;30;1013.9;20.2032;1406.6;75;0;20
2.92;30;1015.73;22.032;1271.03;75;0;20
2.93;30;1015.3;21.597;1305.34;75;0;20
2.94;30;1015.72;22.0167;1275.46;75;0;20
2.95;30;1015.3;21.6017;1308.26;75;0;20
2.96;30;1014.57;20.8708;1364.91;75;0;20
2.97;30;1015.45;21.7494;1300.67;75;0;20
2.98;30;1015.87;22.1693;1270.74;75;0;20
2.99;30;1014.78;21.0779;1354.38;75;0;20
3;30;1014.96;21.2558;1342.78;75;0;20
3.01;30;1015.45;21.7462;1307.66;75;0;20
3.02;30;1015.25;21.5482;1324.2;75;0;20
3.03;30;1015.83;22.127;1282.36;75;0;20
3.04;30;1014.58;20.8802;1377.69;75;0;20
3.05;30;1014.68;20.9845;1371.67;75;0;20
3.06;30;1016.1;22.399;1267.1;75;0;20
3.07;30;1015.45;21.748;1317.58;75;0;20
3.08;30;1015.68;21.9792;1301.84;75;0;20
3.09;30;1015.19;21.4882;1340.38;75;0;20
3.1;30;1015.13;21.433;1346.22;75;0;20
3.11;30;1015.99;22.2946;1283.15;75;0;20
3.12;30;1016.02;22.3229;1282.56;75;0;20
3.13;30;1014.49;20.7873;1399.57;75;0;20
3.14;30;1015.06;21.3553;1358.7;75;0;20
3.15;30;1015.94;22.2361;1294.2;75;0;20
3.16;30;1015.64;21.9394;1318.06;75;0;20
3.17;30;1015.42;21.7212;1336.08;75;0;20
3.18;30;1014.76;21.0566;1387.71;75;0;20
3.19;30;1015.38;21.6808;1342.56;75;0;20
3.2;30;1016.55;22.8509;1256.24;75;0;20
3.21;30;1015.33;21.6274;1349.67;75;0;20
3.22;30;1015.1;21.4045;1368.11;75;0;20
3.23;30;1015.54;21.8423;1336.9;75;0;20
3.24;30;1015.61;21.9073;1333.65;75;0;20
3.25;30;1016.12;22.4169;1296.95;75;0;20
3.26;30;1016.21;22.509;1291.54;75;0;20
3.27;30;1014.96;21.2643;1386.63;75;0;20
3.28;30;1015.43;21.7343;1353.04;75;0;20
3.29;30;1016.33;22.6288;1287.43;75;0;20
3.3;30;1016.02;22.3199;1312.13;75;0;20
3.31;30;1016.2;22.4954;1300.47;75;0;20
3.32;30;1015.12;21.4187;1382.94;75;0;20
3.33;30;1015.53;21.8309;1353.66;75;0;20
3.34;30;1016.72;23.0204;1265.84;75;0;20
3.35;30;1015.94;22.2406;1325.88;75;0;20
3.36;30;1015.69;21.9925;1346.09;75;0;20
3.37;30;1015.48;21.7823;1363.49;75;0;20
3.38;30;1015.67;21.974;1350.72;75;0;20
3.39;30;1016.55;22.8537;1286.17;75;0;20
3.4;30;1016.66;22.9612;1279.52;75;0;20
3.41;30;1015.01;21.3133;1404.85;75;0;20
3.42;30;1015.59;21.8906;1363.18;75;0;20
3.43;30;1016.37;22.6717;1306.06;75;0;20
3.44;30;1016.04;22.339;1332.54;75;0;20
3.45;30;1016.42;22.7226;1305.23;75;0;20
3.46;30;1015.27;21.5663;1393.64;75;0;20
3.47;30;1015.37;21.6728;1387.31;75;0;20
3.48;30;1016.71;23.0135;1288.16;75;0;20
3.49;30;1016.25;22.5522;1324.24;75;0;20
3.5;30;1016.32;22.6178;1320.8;75;0;20
3.51;30;1015.91;22.2104;1352.91;75;0;20
3.52;30;1015.72;22.0174;1368.99;75;0;20
3.53;30;1016.46;22.7621;1314.58;75;0;20
3.54;30;1016.87;23.1747;1285;75;0;20
3.55;30;1015.21;21.5137;1411.28;75;0;20
3.56;30;1015.2;21.5024;1413.82;75;0;20
3.57;30;1016.5;22.7968;1318.18;75;0;20
3.58;30;1016.23;22.529;1339.76;75;0;20
3.59;30;1016.83;23.1286;1296.16;75;0;20
3.6;30;1015.56;21.8628;1392.73;75;0;20
3.61;30;1015.35;21.6462;1410.64;75;0;20
3.62;30;1016.55;22.8549;1321.42;75;0;20
3.63;30;1016.26;22.5624;1344.85;75;0;20
3.64;30;1016.25;22.5533;1347.01;75;0;20
3.65;30;1015.98;22.2845;1368.72;75;0;20
3.66;30;1015.85;22.1536;1380.11;75;0;20
3.67;30;1016.32;22.6238;1346.32;75;0;20
3.68;30;1017.08;23.3757;1291.25;75;0;20
3.69;30;1015.73;22.0276;1393.95;75;0;20
3.7;30;1015.75;22.0489;1393.94;75;0;20
3.71;30;1016.25;22.5527;1357.65;75;0;20
3.72;30;1016.26;22.558;1358.74;75;0;20
3.73;30;1017.33;23.6284;1279.74;75;0;20
3.74;30;1016.66;22.9612;1331.18;75;0;20
3.75;30;1015.6;21.8976;1412.57;75;0;20
3.76;30;1016.15;22.4505;1372.61;75;0;20
3.77;30;1016.64;22.9451;1336.93;75;0;20
3.78;30;1016.62;22.9219;1340.09;75;0;20
3.79;30;1017.29;23.5948;1290.9;75;0;20
3.8;30;1015.71;22.0128;1411.15;75;0;20
3.81;30;1015.83;22.126;1404.23;75;0;20
3.82;30;1017.07;23.3697;1312.28;75;0;20
3.83;30;1016.39;22.6913;1364.62;75;0;20
3.84;30;1016.98;23.2798;1321.82;75;0;20
3.85;30;1016.37;22.6709;1368.96;75;0;20
3.86;30;1015.93;22.2299;1403.59;75;0;20
3.87;30;1017.02;23.3216;1323.05;75;0;20
3.88;30;1017.13;23.4344;1315.9;75;0;20
3.89;30;1016.25;22.5455;1384.06;75;0;20
3.9;30;1015.91;22.2094;1410.83;75;0;20
3.91;30;1016.36;22.6584;1378.62;75;0;20
3.92;30;1016.52;22.8232;1367.7;75;0;20
3.93;30;1017.42;23.7227;1301.49;75;0;20
3.94;30;1015.91;22.2101;1416.49;75;0;20
3.95;30;1015.82;22.1172;1425.03;75;0;20
3.96;30;1016.57;22.8699;1370.01;75;0;20
3.97;30;1016.49;22.7917;1377.32;75;0;20
3.98;30;1017.35;23.6454;1314.55;75;0;20
3.99;30;1017.32;23.6205;1317.7;75;0;20
4;30;1015.86;22.1611;1428.73;75;0;20
4.01;30;1016.14;22.4352;1409.68;75;0;20
4.02;30;1017.34;23.6435;1320.33;75;0;20
4.03;30;1016.9;23.2029;1354.73;75;0;20
4.04;30;1017.35;23.653;1322.25;75;0;20
4.05;30;1016.26;22.5583;1405.84;75;0;20
4.06;30;1015.89;22.1888;1435.11;75;0;20
4.07;30;1017.38;23.6824;1324.36;75;0;20
4.08;30;1016.92;23.2198;1360.41;75;0;20
4.09;30;1017.29;23.5885;1334.03;75;0;20
4.1;30;1017.05;23.3508;1353.19;75;0;20
4.11;30;1015.94;22.2438;1437.77;75;0;20
4.12;30;1016.78;23.0752;1376.8;75;0;20
4.13;30;1017.85;24.1548;1297;75;0;20
4.14;30;1017;23.3011;1362.36;75;0;20
4.15;30;1016.9;23.1974;1371.5;75;0;20
4.16;30;1016.3;22.5989;1417.87;75;0;20
4.17;30;1016.63;22.9297;1394.48;75;0;20
4.18;30;1017.64;23.9427;1319.71;75;0;20
4.19;30;1017.21;23.5063;1353.74;75;0;20
4.2;30;1016.34;22.6446;1419.84;75;0;20
4.21;30;1016.53;22.8299;1407.37;75;0;20
4.22;30;1016.76;23.0619;1391.36;75;0;20
4.23;30;1017;23.2953;1375.2;75;0;20
4.24;30;1017.79;24.094;1316.48;75;0;20
4.25;30;1016.17;22.4692;1439.84;75;0;20
4.26;30;1015.99;22.287;1455.05;75;0;20
4.27;30;1017.11;23.4092;1372.21;75;0;20
4.28;30;1016.89;23.1946;1389.66;75;0;20
4.29;30;1017.8;24.0986;1323.04;75;0;20
4.3;30;1017.24;23.54;1366.23;75;0;20
4.31;30;1015.95;22.2513;1464.43;75;0;20
4.32;30;1016.77;23.073;1404.19;75;0;20
4.33;30;1017.45;23.7491;1354.73;75;0;20
4.34;30;1017.21;23.511;1373.89;75;0;20
4.35;30;1018.13;24.4279;1306.24;75;0;20
4.36;30;1016.97;23.2715;1394.31;75;0;20
4.37001;30;1016.39;22.6941;1439.07;75;0;20
4.38001;30;1017.29;23.5918;1373.03;75;0;20
4.39001;30;1017.44;23.7394;1363.21;75;0;20
4.40001;30;1018.05;24.3456;1318.87;75;0;20
4.41001;30;1018.09;24.3934;1316.41;75;0;20
4.42001;30;1016.33;22.6288;1450.23;75;0;20
4.43001;30;1016.7;23.0041;1423.48;75;0;20
4.44001;30;1017.95;24.2458;1331.5;75;0;20
4.45001;30;1017.34;23.6406;1378.17;75;0;20
4.46001;30;1017.87;24.166;1339.93;75;0;20
4.47001;30;1017.2;23.4952;1391.54;75;0;20
4.48001;30;1016.43;22.7289;1450.46;75;0;20
4.49001;30;1017.58;23.8802;1365.34;75;0;20
4.50001;30;1017.73;24.0279;1355.46;75;0;20
4.51001;30;1017.56;23.8627;1369.08;75;0;20
4.52001;30;1017.33;23.6274;1388;75;0;20
4.53001;30;1016.47;22.7729;1453.53;75;0;20
4.54001;30;1017.01;23.3133;1414.34;75;0;20
4.55001;30;1018.26;24.5627;1321.72;75;0;20
4.56001;30;1016.95;23.2524;1421.34;75;0;20
4.57001;30;1017.14;23.4397;1408.61;75;0;20
4.58001;30;1017.09;23.3907;1413.61;75;0;20
4.59001;30;1016.82;23.1247;1434.93;75;0;20
4.60001;30;1017.75;24.0508;1366.66;75;0;20
4.61001;30;1018.25;24.5464;1330.59;75;0;20
4.62001;30;1017.64;23.9416;1377.16;75;0;20
4.63001;30;1017.48;23.7765;1390.78;75;0;20
4.64001;30;1016.8;23.1039;1442.61;75;0;20
4.65001;30;1017.19;23.4919;1414.81;75;0;20
4.66001;30;1018.18;24.4849;1341.44;75;0;20
4.67001;30;1017.45;23.7491;1397.87;75;0;20
4.68001;30;1017.45;23.7486;1399.16;75;0;20
4.69001;30;1017.39;23.6874;1405.02;75;0;20
4.70001;30;1016.85;23.153;1446.47;75;0;20
4.71001;30;1017.59;23.8934;1392.16;75;0;20
4.72001;30;1018.55;24.8495;1321.47;75;0;20
4.73001;30;1017.59;23.8884;1394.78;75;0;20
4.74001;30;1017.49;23.7948;1403.04;75;0;20
4.75001;30;1017.17;23.4673;1428.91;75;0;20
4.76001;30;1017.37;23.6659;1415.28;75;0;20
4.77001;30;1018.36;24.6619;1341.65;75;0;20
4.78001;30;1018.05;24.3491;1366.24;75;0;20
4.79001;30;1017.44;23.7365;1413.44;75;0;20
4.80001;30;1017.23;23.5342;1429.9;75;0;20
4.81002;30;1017.04;23.3445;1445.46;75;0;20
4.82002;30;1017.55;23.8489;1408.87;75;0;20
4.83002;30;1018.65;24.951;1327.21;75;0;20
4.84002;30;1017.53;23.8322;1412.36;75;0;20
4.85002;30;1017.38;23.6756;1425.37;75;0;20
4.86002;30;1017.23;23.5298;1437.59;75;0;20
4.87002;30;1017.32;23.6196;1432.14;75;0;20
4.88002;30;1018.07;24.3688;1377.08;75;0;20
4.89002;30;1018.21;24.5118;1367.45;75;0;20
4.90002;30;1017.56;23.8605;1417.53;75;0;20
4.91002;30;1017.6;23.8963;1416.06;75;0;20
4.92002;30;1017.39;23.686;1433.1;75;0;20
4.93002;30;1017.53;23.8315;1423.41;75;0;20
4.94002;30;1018.6;24.9017;1344.17;75;0;20
4.95002;30;1017.9;24.1998;1397.98;75;0;20
4.96002;30;1017.53;23.8282;1427.08;75;0;20
4.97002;30;1017.28;23.5844;1446.65;75;0;20
4.98002;30;1017.41;23.7135;1438.22;75;0;20
4.99002;30;1018.09;24.3882;1388.74;75;0;20
5.00002;30;1018.63;24.9267;1349.37;75;0;20
5.01002;30;1017.75;24.0459;1416.62;75;0;20
5.02002;30;1017.76;24.0613;1416.65;75;0;20
5.03002;30;1017.34;23.6393;1449.57;75;0;20
5.04002;30;1017.37;23.675;1448.16;75;0;20
5.05002;30;1018.38;24.6767;1374.1;75;0;20
5.06002;30;1018.48;24.7848;1367.03;75;0;20
5.07002;30;1017.65;23.9457;1431.18;75;0;20
5.08002;30;1017.49;23.7911;1444.02;75;0;20
5.09002;30;1017.44;23.7414;1448.99;75;0;20
5.10002;30;1017.72;24.0179;1429.45;75;0;20
5.11002;30;1018.75;25.0466;1353.29;75;0;20
5.12002;30;1018.22;24.5233;1393.64;75;0;20
5.13002;30;1018.35;24.6529;1384.98;75;0;20
5.14002;30;1017.9;24.1977;1420.28;75;0;20
5.15002;30;1017.09;23.3907;1482.13;75;0;20
5.16002;30;1018.06;24.3562;1410.85;75;0;20
5.17002;30;1018.81;25.1108;1355.23;75;0;20
5.18002;30;1017.94;24.2439;1421.4;75;0;20
5.19002;30;1018.25;24.5535;1399.27;75;0;20
5.20002;30;1017.72;24.0163;1440.75;75;0;20
5.21002;30;1017.29;23.5875;1474.2;75;0;20
5.22002;30;1018.4;24.7046;1391.47;75;0;20
5.23002;30;1018.53;24.8326;1382.9;75;0;20
5.24003;30;1018.52;24.8221;1384.73;75;0;20
5.25003;30;1018.55;24.8542;1383.35;75;0;20
5.26003;30;1017.24;23.5397;1483.23;75;0;20
5.27003;30;1017.65;23.951;1453.59;75;0;20
5.28003;30;1018.79;25.087;1369.38;75;0;20
5.29003;30;1018.2;24.4963;1414.78;75;0;20
5.30003;30;1018.87;25.1727;1365.02;75;0;20
5.31003;30;1018.82;25.1214;1369.84;75;0;20
5.32003;30;1017.35;23.651;1481.39;75;0;20
5.33003;30;1017.42;23.7192;1477.53;75;0;20
5.34003;30;1018.78;25.0809;1376.39;75;0;20
5.35003;30;1018.33;24.6305;1411.24;75;0;20
5.36003;30;1019.05;25.3501;1358.2;75;0;20
5.37003;30;1018.46;24.7621;1403.34;75;0;20
5.38003;30;1017.94;24.2382;1443.79;75;0;20
5.39003;30;1017.95;24.2513;1443.96;75;0;20
5.40003;30;1018.17;24.475;1428.29;75;0;20
5.41003;30;1018.61;24.9133;1396.43;75;0;20
5.42003;30;1019.33;25.6313;1343.45;75;0;20
5.43003;30;1017.82;24.119;1458.06;75;0;20
5.44003;30;1017.47;23.7707;1485.42;75;0;20
5.45003;30;1018.32;24.6218;1422.67;75;0;20
5.46003;30;1018.23;24.526;1430.94;75;0;20
5.47003;30;1018.94;25.2439;1378.05;75;0;20
5.48003;30;1019.31;25.6099;1351.48;75;0;20
5.49003;30;1018.46;24.7599;1416.28;75;0;20
5.50003;30;1018.23;24.5298;1434.63;75;0;20
5.51003;30;1017.87;24.1687;1462.88;75;0;20
5.52003;30;1018.15;24.4543;1442.57;75;0;20
5.53003;30;1019.23;25.5261;1363.08;75;0;20
5.54003;30;1018.61;24.9125;1410.12;75;0;20
5.55003;30;1018.37;24.6713;1429.27;75;0;20
5.56003;30;1018.32;24.6167;1434.44;75;0;20
5.57003;30;1017.92;24.217;1465.57;75;0;20
5.58003;30;1018.19;24.4866;1446.46;75;0;20
5.59003;30;1019.38;25.6805;1357.78;75;0;20
5.60003;30;1018.57;24.8727;1419.39;75;0;20
5.61003;30;1018.51;24.8138;1424.84;75;0;20
5.62003;30;1018.2;24.4954;1449.83;75;0;20
5.63003;30;1017.68;23.9811;1489.6;75;0;20
5.64003;30;1018.55;24.849;1425.54;75;0;20
5.65003;30;1019.11;25.4083;1384.51;75;0;20
5.66003;30;1018.87;25.1656;1403.68;75;0;20
5.67003;30;1019.45;25.7531;1360.47;75;0;20
5.68004;30;1018.35;24.6516;1444.15;75;0;20
5.69004;30;1017.45;23.753;1512.8;75;0;20
5.70004;30;1018.65;24.9482;1424.17;75;0;20
5.71004;30;1018.68;24.9786;1422.89;75;0;20
5.72004;30;1019.14;25.4399;1389.21;75;0;20
5.73004;30;1019.97;26.2704;1327.66;75;0;20
5.74004;30;1018.67;24.9729;1425.98;75;0;20
5.75004;30;1018.56;24.861;1435.4;75;0;20
5.76004;30;1018.31;24.6089;1455.38;75;0;20
5.77004;30;1018.49;24.7892;1442.91;75;0;20
5.78004;30;1019.34;25.642;1379.82;75;0;20
5.79004;30;1019.29;25.5951;1384.22;75;0;20
5.80004;30;1018.37;24.6736;1454.39;75;0;20
5.81004;30;1018.41;24.713;1452.5;75;0;20
5.82004;30;1018.21;24.5114;1468.72;75;0;20
5.83004;30;1018.48;24.7823;1449.44;75;0;20
5.84004;30;1019.55;25.8459;1370.5;75;0;20
5.85004;30;1018.93;25.2278;1417.81;75;0;20
5.86004;30;1018.74;25.0447;1432.54;75;0;20
5.87004;30;1018.41;24.7137;1458.42;75;0;20
5.88004;30;1017.92;24.2188;1496.7;75;0;20
5.89004;30;1018.42;24.7188;1460.25;75;0;20
5.90004;30;1019.41;25.7057;1387.09;75;0;20
5.91004;30;1018.78;25.0776;1435.18;75;0;20
5.92004;30;1019.25;25.5546;1400.3;75;0;20
5.93004;30;1018.8;25.1028;1435.16;75;0;20
5.94004;30;1017.5;23.8005;1534.07;75;0;20
5.95004;30;1018.57;24.8683;1455.02;75;0;20
5.96004;30;1019.13;25.4292;1413.86;75;0;20
5.97004;30;1018.97;25.2726;1426.55;75;0;20
5.98004;30;1019.96;26.2566;1353.5;75;0;20
5.99004;30;1019.08;25.3816;1420.05;75;0;20
6.00004;30;1018.53;24.83;1462.46;75;0;20
6.01004;30;1018.45;24.7469;1469.73;75;0;20
6.02004;30;1018.56;24.8628;1462.07;75;0;20
6.03004;30;1019.36;25.6637;1402.87;75;0;20
6.04004;30;1019.95;26.25;1359.65;75;0;20
6.05004;30;1019.09;25.3902;1425.06;75;0;20
6.06004;30;1019.36;25.6564;1405.96;75;0;20
6.07004;30;1018.57;24.8656;1466.3;75;0;20
6.08004;30;1018.18;24.4825;1496.13;75;0;20
6.09004;30;1019.28;25.5786;1414.81;75;0;20
6.10004;30;1019.5;25.8019;1398.9;75;0;20
6.11004;30;1018.99;25.2944;1437.91;75;0;20
6.12005;30;1019.06;25.3569;1434.15;75;0;20
6.13005;30;1018.23;24.5327;1497.06;75;0;20
6.14005;30;1017.97;24.2743;1517.58;75;0;20
6.15005;30;1019.25;25.5533;1422.54;75;0;20
6.16005;30;1018.98;25.2812;1443.89;75;0;20
6.17005;30;1019.51;25.8116;1404.95;75;0;20
6.18005;30;1019.41;25.7104;1413.4;75;0;20
6.19005;30;1018.01;24.308;1519.72;75;0;20
6.20005;30;1018.45;24.7494;1487.66;75;0;20
6.21005;30;1019.1;25.4018;1439.65;75;0;20
6.22005;30;1018.81;25.1128;1462.31;75;0;20
6.23005;30;1019.96;26.2574;1377.21;75;0;20
6.24005;30;1019.99;26.2934;1375.25;75;0;20
6.25005;30;1019.22;25.5172;1434.37;75;0;20
6.26005;30;1018.93;25.2306;1456.81;75;0;20
6.27005;30;1018.63;24.9272;1480.58;75;0;20
6.28005;30;1018.78;25.0804;1470.08;75;0;20
6.29005;30;1019.77;26.0707;1396.59;75;0;20
6.30005;30;1019.31;25.6108;1431.96;75;0;20
6.31005;30;1019.49;25.7925;1419.17;75;0;20
6.32005;30;1019.24;25.5435;1438.74;75;0;20
6.33005;30;1017.88;24.1824;1541.99;75;0;20
6.34005;30;1018.64;24.9366;1486.43;75;0;20
6.35005;30;1019.82;26.1202;1398.44;75;0;20
6.36005;30;1019.08;25.3821;1454.72;75;0;20
6.37005;30;1020.27;26.5724;1366.13;75;0;20
6.38005;30;1020.09;26.39;1380.54;75;0;20
6.39005;30;1019.06;25.3578;1458.88;75;0;20
6.40005;30;1018.84;25.1451;1475.8;75;0;20
6.41005;30;1018.98;25.2807;1466.57;75;0;20
6.42005;30;1019.06;25.3636;1461.29;75;0;20
6.43005;30;1019.95;26.2518;1395.42;75;0;20
6.44005;30;1019.74;26.0364;1412.37;75;0;20
6.45005;30;1019.56;25.8639;1426.13;75;0;20
6.46005;30;1019.12;25.416;1460.64;75;0;20
6.47005;30;1018.28;24.5838;1524.14;75;0;20
6.48005;30;1018.84;25.1432;1483.16;75;0;20
6.49005;30;1019.99;26.2944;1397.56;75;0;20
6.50005;30;1019.08;25.3824;1466.88;75;0;20
6.51005;30;1019.77;26.0738;1415.81;75;0;20
6.52005;30;1019.45;25.748;1441.1;75;0;20
6.53005;30;1018.31;24.6068;1527.77;75;0;20
6.54005;30;1018.59;24.8904;1507.52;75;0;20
6.55006;30;1019.35;25.6517;1451.29;75;0;20
6.56006;30;1019.48;25.776;1442.81;75;0;20
6.57006;30;1020.24;26.5398;1386.22;75;0;20
6.58006;30;1019.69;25.9859;1428.56;75;0;20
6.59006;30;1019.45;25.7475;1447.29;75;0;20
6.60006;30;1019.1;25.397;1474.5;75;0;20
6.61006;30;1018.55;24.8505;1516.52;75;0;20
6.62006;30;1019.39;25.693;1454.19;75;0;20
6.63006;30;1020.32;26.6186;1385.45;75;0;20
6.64006;30;1019.26;25.5566;1465.99;75;0;20
6.65006;30;1019.68;25.9775;1435.23;75;0;20
6.66006;30;1019.45;25.7546;1452.79;75;0;20
6.67006;30;1018.39;24.6935;1533.43;75;0;20
6.68006;30;1019;25.3014;1488.78;75;0;20
6.69006;30;1019.9;26.2016;1422.03;75;0;20
6.70006;30;1019.6;25.901;1445.39;75;0;20
6.71006;30;1020.48;26.785;1379.74;75;0;20
6.72006;30;1019.89;26.1932;1424.88;75;0;20
6.73006;30;1019.51;25.8105;1454.42;75;0;20
6.74006;30;1019.16;25.4593;1481.67;75;0;20
6.75006;30;1018.89;25.1924;1502.65;75;0;20
6.76006;30;1019.54;25.8417;1454.79;75;0;20
6.77006;30;1020.49;26.7861;1384.6;75;0;20
6.78006;30;1019.6;25.8982;1452.01;75;0;20
6.79006;30;1019.87;26.1719;1432.25;75;0;20
6.80006;30;1019.47;25.7687;1463.34;75;0;20
6.81006;30;1018.45;24.7458;1541.1;75;0;20
6.82006;30;1018.92;25.2165;1506.76;75;0;20
6.83006;30;1020.08;26.3839;1419.93;75;0;20
6.84006;30;1019.8;26.0959;1442.3;75;0;20
6.85006;30;1020.6;26.9021;1382.46;75;0;20
6.86006;30;1020.38;26.6813;1399.69;75;0;20
6.87006;30;1019.85;26.1534;1440.04;75;0;20
6.88006;30;1019.23;25.5309;1487.63;75;0;20
6.89006;30;1018.92;25.2245;1511.56;75;0;20
6.90006;30;1019.62;25.9228;1460.01;75;0;20
6.91006;30;1020.63;26.9329;1384.86;75;0;20
6.92006;30;1019.68;25.9753;1457.49;75;0;20
6.93006;30;1019.92;26.2156;1440.22;75;0;20
6.94006;30;1019.79;26.0887;1450.52;75;0;20
6.95006;30;1018.52;24.8242;1546.4;75;0;20
6.96006;30;1019.11;25.4087;1503.47;75;0;20
6.97006;30;1020.09;26.3902;1430.58;75;0;20
6.98006;30;1019.72;26.0219;1459;75;0;20
6.99007;30;1020.76;27.0649;1381.36;75;0;20
7.00007;30;1020.68;26.9806;1388.29;75;0;20
7.01007;30;1020.06;26.3578;1435.73;75;0;20
7.02007;30;1019.64;25.9424;1467.69;75;0;20
7.03007;30;1019.03;25.3326;1514.36;75;0;20
7.04007;30;1019.49;25.7854;1481.25;75;0;20
7.05007;30;1020.61;26.9081;1397.66;75;0;20
7.06007;30;1019.72;26.0251;1464.68;75;0;20
7.07007;30;1020;26.2984;1444.92;75;0;20
7.08007;30;1019.72;26.0196;1466.63;75;0;20
7.09007;30;1018.55;24.8539;1555.09;75;0;20
7.10007;30;1018.94;25.2353;1527.44;75;0;20
7.11007;30;1020.15;26.4521;1436.89;75;0;20
7.12007;30;1019.66;25.9645;1474.26;75;0;20
7.13007;30;1020.72;27.0201;1395.69;75;0;20
7.14007;30;1020.76;27.0647;1392.93;75;0;20
7.15007;30;1020.17;26.4672;1438.45;75;0;20
7.16007;30;1019.92;26.2157;1458.07;75;0;20
7.17007;30;1018.99;25.2946;1528.09;75;0;20
7.18007;30;1019.29;25.5948;1506.46;75;0;20
7.19007;30;1020.64;26.9377;1406.35;75;0;20
7.20007;30;1019.99;26.2888;1455.77;75;0;20
7.21007;30;1020.47;26.7688;1420.41;75;0;20
7.22007;30;1020.59;26.8934;1411.69;75;0;20
7.23007;30;1019.04;25.3407;1529.07;75;0;20
7.24007;30;1018.92;25.2215;1538.97;75;0;20
7.25007;30;1019.89;26.1879;1467.25;75;0;20
7.26007;30;1019.68;25.9822;1483.48;75;0;20
7.27007;30;1020.56;26.8553;1418.63;75;0;20
7.28007;30;1020.94;27.245;1389.95;75;0;20
7.29007;30;1020.37;26.6681;1433.88;75;0;20
7.30007;30;1020.16;26.4571;1450.42;75;0;20
7.31007;30;1019.06;25.3624;1533.45;75;0;20
7.32007;30;1019.08;25.3839;1532.76;75;0;20
7.33007;30;1020.31;26.6139;1441.18;75;0;20
7.34007;30;1019.82;26.1208;1478.94;75;0;20
7.35007;30;1020.4;26.6971;1436.38;75;0;20
7.36007;30;1020.58;26.8845;1422.95;75;0;20
7.37007;30;1019.01;25.308;1542.12;75;0;20
7.38007;30;1018.86;25.1645;1553.85;75;0;20
7.39007;30;1019.74;26.0448;1488.62;75;0;20
7.40007;30;1019.65;25.9468;1496.78;75;0;20
7.41007;30;1020.68;26.9764;1420.16;75;0;20
7.42007;30;1021.21;27.5151;1380.26;75;0;20
7.43008;30;1020.51;26.8144;1433.45;75;0;20
7.44008;30;1020.59;26.8931;1428.17;75;0;20
7.45008;30;1019.51;25.8149;1509.87;75;0;20
7.46008;30;1019.03;25.3257;1547.49;75;0;20
7.47008;30;1019.88;26.1811;1484.11;75;0;20
7.48008;30;1019.85;26.1462;1487.5;75;0;20
7.49008;30;1020.48;26.7806;1440.56;75;0;20
7.50008;30;1021.14;27.4391;1391.68;75;0;20
7.51008;30;1019.5;25.7975;1515.64;75;0;20
7.52008;30;1019.22;25.5154;1537.7;75;0;20
7.53008;30;1019.54;25.8376;1514.36;75;0;20
7.54008;30;1019.29;25.5909;1533.75;75;0;20
7.55008;30;1020.23;26.5273;1464.21;75;0;20
7.56008;30;1021.02;27.3221;1405.14;75;0;20
7.57008;30;1020.46;26.7574;1448.14;75;0;20
7.58008;30;1021.05;27.3487;1404.32;75;0;20
7.59008;30;1020.68;26.9831;1432.35;75;0;20
7.60008;30;1020.04;26.3398;1481.33;75;0;20
7.61008;30;1019.75;26.0493;1503.91;75;0;20
7.62008;30;1019.65;25.9485;1512.27;75;0;20
7.63008;30;1020.2;26.4994;1471.66;75;0;20
7.64008;30;1021.07;27.3749;1406.52;75;0;20
7.65008;30;1020.1;26.4003;1480.34;75;0;20
7.66008;30;1020.48;26.7839;1452.21;75;0;20
7.67008;30;1020.15;26.4482;1478.1;75;0;20
7.68008;30;1018.93;25.2339;1570.12;75;0;20
7.69008;30;1019.38;25.6769;1537.76;75;0;20
7.70008;30;1020.5;26.8019;1454.03;75;0;20
7.71008;30;1020.23;26.5256;1475.45;75;0;20
7.72008;30;1021.31;27.611;1394.52;75;0;20
7.73008;30;1021.27;27.5685;1398.19;75;0;20
7.74008;30;1020.83;27.1298;1431.67;75;0;20
7.75008;30;1020.56;26.8581;1452.67;75;0;20
7.76008;30;1019.38;25.6772;1542.1;75;0;20
7.77008;30;1019.59;25.8882;1527.1;75;0;20
7.78008;30;1020.78;27.0771;1438.52;75;0;20
7.79008;30;1020.13;26.4266;1488.02;75;0;20
7.80008;30;1020.87;27.1742;1432.52;75;0;20
7.81008;30;1021.02;27.3243;1421.8;75;0;20
7.82008;30;1019.67;25.9749;1523.81;75;0;20
7.83008;30;1019.44;25.7426;1542.08;75;0;20
7.84008;30;1019.96;26.2618;1503.89;75;0;20
7.85008;30;1019.87;26.1711;1511.46;75;0;20
7.86009;30;1020.9;27.1974;1435.04;75;0;20
7.87009;30;1021.42;27.7225;1396.12;75;0;20
7.88009;30;1020.91;27.2151;1434.73;75;0;20
7.89009;30;1021.32;27.6248;1404.48;75;0;20
7.90009;30;1020.22;26.5242;1487.72;75;0;20
7.91009;30;1019.9;26.1996;1512.82;75;0;20
7.92009;30;1019.9;26.1971;1513.76;75;0;20
7.93009;30;1019.88;26.1829;1515.6;75;0;20
7.94009;30;1020.59;26.8885;1463.3;75;0;20
7.95009;30;1021.32;27.6241;1408.6;75;0;20
7.96009;30;1020.1;26.4006;1501.09;75;0;20
7.97009;30;1020.28;26.5797;1488.34;75;0;20
7.98009;30;1019.93;26.2341;1515.01;75;0;20
7.99009;30;1019.18;25.482;1572.32;75;0;20
8.00009;30;1019.91;26.2147;1518.13;75;0;20
8.01009;30;1020.85;27.1505;1448.51;75;0;20
8.02009;30;1020.59;26.8912;1468.58;75;0;20
8.03009;30;1021.5;27.8014;1400.76;75;0;20
8.04009;30;1021.18;27.4767;1425.61;75;0;20
8.05009;30;1020.89;27.1883;1447.81;75;0;20
8.06009;30;1020.52;26.8226;1475.87;75;0;20
8.07009;30;1019.27;25.5682;1570.84;75;0;20
8.08009;30;1019.85;26.1454;1528.31;75;0;20
8.09009;30;1021.02;27.3165;1441.02;75;0;20
8.10009;30;1020.26;26.5589;1498.53;75;0;20
8.11009;30;1021.02;27.3152;1442.34;75;0;20
8.12009;30;1021.18;27.4812;1430.4;75;0;20
8.13009;30;1019.78;26.0777;1536.44;75;0;20
8.14009;30;1019.79;26.0911;1536.22;75;0;20
8.15009;30;1019.93;26.2253;1526.91;75;0;20
8.16009;30;1019.99;26.2911;1522.72;75;0;20
8.17009;30;1020.9;27.2051;1454.73;75;0;20
8.18009;30;1021.16;27.4647;1435.76;75;0;20
8.19009;30;1021.12;27.4187;1439.73;75;0;20
8.20009;30;1021.51;27.8083;1410.95;75;0;20
8.21009;30;1020.59;26.8868;1480.68;75;0;20
8.22009;30;1020.21;26.5085;1509.75;75;0;20
8.23009;30;1020.03;26.329;1523.95;75;0;20
8.24009;30;1019.91;26.2103;1533.61;75;0;20
8.25009;30;1020.67;26.9736;1476.97;75;0;20
8.26009;30;1021.56;27.856;1411.22;75;0;20
8.27009;30;1020.46;26.7592;1494.13;75;0;20
8.28009;30;1021.01;27.308;1453.5;75;0;20
8.29009;30;1020.51;26.8057;1491.82;75;0;20
8.30009;30;1019.24;25.5411;1587.55;75;0;20
8.31009;30;1019.57;25.8703;1563.69;75;0;20
8.3201;30;1020.4;26.6964;1502.39;75;0;20
8.3301;30;1020.57;26.8671;1490.22;75;0;20
8.3401;30;1021.47;27.775;1422.57;75;0;20
8.3501;30;1021.29;27.5932;1436.68;75;0;20
8.3601;30;1021.4;27.704;1428.83;75;0;20
8.3701;30;1021.65;27.9473;1411;75;0;20
8.3801;30;1020.18;26.4753;1522.1;75;0;20
8.3901;30;1020.24;26.5353;1518.29;75;0;20
8.4001;30;1020.41;26.7118;1505.71;75;0;20
8.4101;30;1020.34;26.639;1511.85;75;0;20
8.4201;30;1021.48;27.785;1426.34;75;0;20
8.4301;30;1021.74;28.0388;1407.7;75;0;20
8.4401;30;1020.58;26.8818;1495.1;75;0;20
8.4501;30;1020.82;27.1235;1477.54;75;0;20
8.4601;30;1020.13;26.4341;1529.96;75;0;20
8.4701;30;1019.38;25.6758;1587.7;75;0;20
8.4801;30;1020.22;26.5178;1525.25;75;0;20
8.4901;30;1020.78;27.0851;1483.28;75;0;20
8.5001;30;1020.84;27.14;1479.74;75;0;20
8.5101;30;1021.66;27.9648;1418.28;75;0;20
8.5201;30;1021.04;27.3401;1465.66;75;0;20
8.5301;30;1021.36;27.6597;1442.17;75;0;20
8.5401;30;1020.8;27.1037;1484.44;75;0;20
8.5501;30;1019.65;25.954;1571.48;75;0;20
8.5601;30;1020.04;26.3398;1543.28;75;0;20
8.5701;30;1021.01;27.3097;1471.07;75;0;20
8.5801;30;1020.61;26.9105;1501.63;75;0;20
8.5901;30;1021.69;27.9886;1421.17;75;0;20
8.6001;30;1021.86;28.1601;1408.68;75;0;20
8.6101;30;1020.9;27.2005;1481.21;75;0;20
8.6201;30;1021.15;27.4454;1463.36;75;0;20
8.6301;30;1020.1;26.396;1542.78;75;0;20
8.6401;30;1019.65;25.9488;1577.13;75;0;20
8.6501;30;1020.79;27.0943;1491.8;75;0;20
8.6601;30;1020.64;26.9407;1503.93;75;0;20
8.6701;30;1021.11;27.4076;1469.43;75;0;20
8.6801;30;1021.55;27.8467;1436.93;75;0;20
8.6901;30;1020.6;26.8962;1508.84;75;0;20
8.7001;30;1020.99;27.288;1480;75;0;20
8.7101;30;1020.34;26.6421;1529.11;75;0;20
8.7201;30;1019.67;25.9717;1580.19;75;0;20
8.7301;30;1020.66;26.9557;1507;75;0;20
8.7401;30;1021.21;27.5085;1466.04;75;0;20
8.7501;30;1020.87;27.1686;1492.1;75;0;20
8.76011;30;1022.05;28.3486;1403.93;75;0;20
8.77011;30;1021.56;27.8642;1440.69;75;0;20
8.78011;30;1020.87;27.1667;1493.57;75;0;20
8.79011;30;1020.64;26.9391;1511.25;75;0;20
8.80011;30;1019.81;26.108;1574.36;75;0;20
8.81011;30;1020.13;26.4256;1551.26;75;0;20
8.82011;30;1021.36;27.6617;1459.02;75;0;20
8.83011;30;1020.86;27.163;1496.99;75;0;20
8.84011;30;1021.44;27.7355;1454.5;75;0;20
8.85011;30;1021.52;27.8243;1448.27;75;0;20
8.86011;30;1020.64;26.9391;1515.28;75;0;20
8.87011;30;1021.02;27.3185;1487.36;75;0;20
8.88011;30;1020.15;26.4549;1552.84;75;0;20
8.89011;30;1019.93;26.2262;1570.75;75;0;20
8.90011;30;1021.02;27.3192;1489.31;75;0;20
8.91011;30;1021.47;27.7699;1455.95;75;0;20
8.92011;30;1021.16;27.4604;1479.67;75;0;20
8.93011;30;1022.26;28.5596;1397.52;75;0;20
8.94011;30;1021.23;27.5328;1475.02;75;0;20
8.95011;30;1020.69;26.99;1516.34;75;0;20
8.96011;30;1020.45;26.7535;1534.72;75;0;20
8.97011;30;1019.96;26.2631;1572.25;75;0;20
8.98011;30;1020.41;26.7072;1539.6;75;0;20
8.99011;30;1021.45;27.7471;1462.06;75;0;20
9.00011;30;1020.97;27.2701;1498.38;75;0;20
9.01011;30;1021.81;28.1072;1435.98;75;0;20
9.02011;30;1021.78;28.084;1438.09;75;0;20
9.03011;30;1020.95;27.2546;1500.85;75;0;20
9.04011;30;1021.18;27.4812;1484.36;75;0;20
9.05011;30;1020.35;26.6504;1547.34;75;0;20
9.06011;30;1020;26.303;1574.14;75;0;20
9.07011;30;1021.15;27.4485;1488.73;75;0;20
9.08011;30;1021.21;27.506;1484.92;75;0;20
9.09011;30;1021.07;27.371;1495.57;75;0;20
9.10011;30;1022.2;28.4965;1411.46;75;0;20
9.11011;30;1021.3;27.6016;1479.06;75;0;20
9.12011;30;1020.86;27.1584;1512.86;75;0;20
9.13011;30;1020.54;26.8356;1537.71;75;0;20
9.14011;30;1020.07;26.3749;1572.99;75;0;20
9.15011;30;1020.71;27.0104;1525.92;75;0;20
9.16011;30;1021.6;27.8968;1459.86;75;0;20
9.17011;30;1021.12;27.4216;1496.02;75;0;20
9.18011;30;1022.01;28.3122;1429.56;75;0;20
9.19011;30;1021.74;28.0377;1450.54;75;0;20
9.20012;30;1021.28;27.5762;1485.64;75;0;20
9.21012;30;1021.31;27.6141;1483.27;75;0;20
9.22012;30;1020.18;26.4824;1568.85;75;0;20
9.23012;30;1020.14;26.4384;1572.87;75;0;20
9.24012;30;1021.37;27.6699;1480.97;75;0;20
9.25012;30;1020.91;27.2064;1516.29;75;0;20
9.26012;30;1021.3;27.6023;1487.08;75;0;20
9.27012;30;1022.01;28.3141;1434.02;75;0;20
9.28012;30;1020.96;27.2613;1513.54;75;0;20
9.29012;30;1020.98;27.2758;1513;75;0;20
9.30012;30;1020.5;26.7984;1549.44;75;0;20
9.31012;30;1020.03;26.3332;1585.06;75;0;20
9.32012;30;1020.61;26.9062;1542.71;75;0;20
9.33012;30;1021.41;27.7126;1482.68;75;0;20
9.34012;30;1021.39;27.6854;1485.19;75;0;20
9.35012;30;1022.4;28.7046;1409.01;75;0;20
9.36012;30;1021.89;28.1949;1447.59;75;0;20
9.37012;30;1021.73;28.0287;1460.45;75;0;20
9.38012;30;1021.51;27.8099;1477.3;75;0;20
9.39012;30;1020.12;26.4206;1582.21;75;0;20
9.40012;30;1020;26.2986;1592.1;75;0;20
9.41012;30;1021.5;27.8017;1479.81;75;0;20
9.42012;30;1020.94;27.239;1522.57;75;0;20
9.43012;30;1021.39;27.6916;1489.08;75;0;20
9.44012;30;1022.24;28.5376;1425.93;75;0;20
9.45012;30;1021.34;27.645;1493.34;75;0;20
9.46012;30;1021.52;27.8166;1480.91;75;0;20
9.47012;30;1021.11;27.4076;1512.1;75;0;20
9.48012;30;1020.36;26.6557;1569.16;75;0;20
9.49012;30;1020.77;27.0708;1538.62;75;0;20
9.50012;30;1021.08;27.3793;1516;75;0;20
9.51012;30;1021.3;27.5989;1500.01;75;0;20
9.52012;30;1022.34;28.6448;1421.84;75;0;20
9.53012;30;1021.56;27.8631;1480.9;75;0;20
9.54012;30;1021.77;28.0737;1465.49;75;0;20
9.55012;30;1021.98;28.2811;1450.28;75;0;20
9.56012;30;1020.45;26.7549;1565.39;75;0;20
9.57012;30;1020.46;26.7632;1565.41;75;0;20
9.58012;30;1021.14;27.4397;1515.19;75;0;20
9.59012;30;1020.9;27.1984;1533.85;75;0;20
9.60012;30;1021.57;27.8745;1483.57;75;0;20
9.61012;30;1022.35;28.6548;1425.31;75;0;20
9.62012;30;1021.71;28.014;1473.77;75;0;20
9.63013;30;1022.22;28.5185;1436.23;75;0;20
9.64013;30;1021.71;28.0126;1474.57;75;0;20
9.65013;30;1021.16;27.4621;1516.36;75;0;20
9.66013;30;1020.94;27.2363;1533.85;75;0;20
9.67013;30;1020.51;26.811;1566.39;75;0;20
9.68013;30;1020.93;27.2306;1535.47;75;0;20
9.69013;30;1022.01;28.308;1455;75;0;20
9.70013;30;1021.25;27.5485;1512.46;75;0;20
9.71013;30;1021.84;28.1428;1468.26;75;0;20
9.72013;30;1022.13;28.4281;1447.17;75;0;20
9.73013;30;1020.73;27.027;1552.85;75;0;20
9.74013;30;1020.91;27.2135;1539.42;75;0;20
9.75013;30;1020.66;26.9622;1558.88;75;0;20
9.76013;30;1020.54;26.8395;1568.71;75;0;20
9.77013;30;1021.34;27.6354;1509.49;75;0;20
9.78013;30;1021.87;28.1653;1470.11;75;0;20
9.79013;30;1021.7;28.0037;1482.63;75;0;20
9.80013;30;1022.37;28.6653;1433.28;75;0;20
9.81013;30;1022.05;28.3486;1457.36;75;0;20
9.82013;30;1021.73;28.0336;1481.38;75;0;20
9.83013;30;1021.26;27.5569;1517.62;75;0;20
9.84013;30;1020.08;26.3752;1606.97;75;0;20
9.85013;30;1020.66;26.9552;1564.08;75;0;20
9.86013;30;1021.83;28.1282;1476.48;75;0;20
9.87013;30;1021.1;27.3982;1531.75;75;0;20
9.88013;30;1021.79;28.0911;1480.17;75;0;20
9.89013;30;1022.28;28.5804;1443.75;75;0;20
9.90013;30;1021.03;27.3323;1537.9;75;0;20
9.91013;30;1021.46;27.7635;1506;75;0;20
9.92013;30;1021.02;27.3188;1539.89;75;0;20
9.93013;30;1020.15;26.4538;1605.47;75;0;20
9.94013;30;1020.79;27.0916;1558.22;75;0;20
9.95013;30;1021.47;27.7672;1508;75;0;20
9.96013;30;1021.37;27.6682;1515.89;75;0;20
9.97013;30;1022.43;28.7292;1436.56;75;0;20
9.98013;30;1021.93;28.2288;1474.46;75;0;20
9.99013;30;1022.14;28.4432;1458.69;75;0;20
