0;30;994.169;0.197205;1800.09;60;0;40
0.01;30;994.238;0.266479;1807.83;60;0;40
0.02;30;994.301;0.329407;1815.92;60;0;40
0.03;30;994.215;0.243652;1832.97;60;0;40
0.04;30;994.136;0.164001;1849.68;60;0;40
0.05;30;994.281;0.309387;1852.83;60;0;40
0.06;30;994.174;0.202759;1871.15;60;0;40
0.07;30;994.137;0.16571;1885.31;60;0;40
0.08;30;994.094;0.122559;1899.85;60;0;40
0.09;30;994.161;0.189392;1907.76;60;0;40
0.1;30;994.23;0.258301;1915.52;60;0;40
0.11;30;994.292;0.320557;1923.66;60;0;40
0.12;30;994.267;0.295105;1937.07;60;0;40
0.13;30;994.194;0.222595;1953.33;60;0;40
0.14;30;994.227;0.255005;1963.28;60;0;40
0.15;30;994.226;0.253906;1975.25;60;0;40
0.16;30;994.276;0.303955;1984.12;60;0;40
0.17;30;994.268;0.296082;1996.48;60;0;40
0.18;30;994.201;0.229309;2012.39;60;0;40
0.19;30;994.228;0.255981;2022.69;60;0;40
0.2;30;994.313;0.341797;2029.4;60;0;40
0.21;30;994.257;0.285583;2044.66;60;0;40
0.22;30;994.211;0.239197;2059.35;60;0;40
0.23;30;994.206;0.23407;2071.56;60;0;40
0.24;30;994.226;0.254211;2082.25;60;0;40
0.25;30;994.165;0.193481;2097.82;60;0;40
0.26;30;994.308;0.336609;2101.1;60;0;40
0.27;30;994.313;0.341858;2112.65;60;0;40
0.28;30;995.148;1.17645;2074.1;60;0;40
0.29;30;995.262;1.2901;2078.76;60;0;40
0.3;30;997.766;3.79431;1938.99;60;0;40
0.31;30;999.299;5.32745;1856.87;60;0;40
0.32;30;1000.69;6.72101;1782.57;60;0;40
0.33;30;1003.86;9.88959;1600.5;60;0;40
0.34;30;1005.26;11.2897;1523.98;60;0;40
0.35;30;1007.42;13.4492;1401.03;60;0;40
0.36;30;1009.94;15.9714;1255.31;60;0;40
0.37;30;1010.09;16.1211;1251.88;60;0;40
0.38;30;1012.91;18.9359;1087.42;60;0;40
0.39;30;1015.1;21.1307;959.277;60;0;40
0.4;30;1015.53;21.5622;936.761;60;0;40
0.41;30;1016.75;22.7818;866.472;60;0;40
0.42;30;1018.66;24.6864;754.322;60;0;40
0.43;30;1020.03;26.0573;673.648;60;0;40
0.44;30;1020.8;26.8289;628.62;60;0;40
0.45;30;1022.14;28.1637;549.264;60;0;40
0.46;30;1023.45;29.4806;470.458;60;0;40
0.47;30;1025.26;31.2919;361.261;60;0;40
0.48;30;1024.73;30.762;392.751;60;0;40
0.49;30;1026.93;32.9612;259.613;60;0;40
0.5;30;1028.62;34.6514;156.341;60;0;40
0.51;30;1027.32;33.3483;233.188;60;0;40
0.52;30;1029.81;35.8411;81.2838;60;0;40
0.53;30;1030.82;36.8484;18.1049;60;0;40
0.54;30;1030;36.0276;64.9419;60;0;40
0.55;30;1029.4;35.4319;98.5113;60;0;40
0.56;30;1029.37;35.403;98.086;60;0;40
0.57;30;1028.48;34.5043;150.205;60;0;40
0.58;30;1027.92;33.9446;182.209;60;0;40
0.59;30;1027.97;34.0031;177.099;60;0;40
0.6;30;1026.64;32.6673;256.181;60;0;40
0.61;30;1024.77;30.7986;367.981;60;0;40
0.62;30;1024.15;30.1743;405.375;60;0;40
0.63;30;1021.34;27.373;574.502;60;0;40
0.64;30;1020.17;26.2003;646.385;60;0;40
0.65;30;1018.01;24.0433;778.187;60;0;40
0.66;30;1015.95;21.9761;905.428;60;0;40
0.67;30;1014.3;20.3315;1007.97;60;0;40
0.68;30;1012.7;18.7304;1108.54;60;0;40
0.69;30;1011.1;17.1301;1209.71;60;0;40
0.7;30;1009.67;15.6987;1301.32;60;0;40
0.71;30;1008.58;14.6055;1373.07;60;0;40
0.72;30;1007.48;13.505;1445.69;60;0;40
0.73;30;1006.21;12.2398;1528.71;60;0;40
0.74;30;1005.28;11.3116;1591.88;60;0;40
0.75;30;1004.2;10.2269;1664.87;60;0;40
0.76;30;1003.34;9.37335;1724.33;60;0;40
0.77;30;1002.43;8.45746;1787.9;60;0;40
0.78;30;1001.73;7.7616;1838.55;60;0;40
0.79;30;1001.09;7.11749;1886.35;60;0;40
0.8;30;1000.36;6.38727;1939.61;60;0;40
0.81;30;999.75;5.7782;1985.84;60;0;40
0.82;30;999.359;5.3877;2019.11;60;0;40
0.83;30;999.376;5.4043;2027.96;60;0;40
0.839999;30;1000.41;6.43439;1975.58;60;0;40
0.849999;30;1000.02;6.04718;2008.39;60;0;40
0.859999;30;1001.02;7.04926;1957.45;60;0;40
0.869999;30;1002.78;8.80951;1860.31;60;0;40
0.879999;30;1003.19;9.2182;1844.1;60;0;40
0.889999;30;1004.79;10.8156;1755.93;60;0;40
0.899999;30;1005.95;11.9736;1693.66;60;0;40
0.909999;30;1007.12;13.1456;1630.08;60;0;40
0.919999;30;1009.59;15.6202;1487.36;60;0;40
0.929999;30;1010.69;16.7198;1426.69;60;0;40
0.939999;30;1012.34;18.3714;1332.25;60;0;40
0.949999;30;1013.93;19.961;1240.89;60;0;40
0.959999;30;1014.54;20.5659;1208.37;60;0;40
0.969999;30;1016.76;22.7881;1077.92;60;0;40
0.979999;30;1019.43;25.4554;919.701;60;0;40
0.989999;30;1019.12;25.148;940.084;60;0;40
0.999999;30;1020.31;26.3365;870.241;60;0;40
1.01;30;1022.34;28.3687;748.964;60;0;40
1.02;30;1022.28;28.3113;753.082;60;0;40
1.03;30;1023.74;29.7714;665.568;60;0;40
1.04;30;1024.02;30.0461;649.067;60;0;40
1.05;30;1022.98;29.0064;711.844;60;0;40
1.06;30;1023.75;29.7803;665.5;60;0;40
1.07;30;1023.41;29.4351;686.439;60;0;40
1.08;30;1021.89;27.9202;778.165;60;0;40
1.09;30;1020.15;26.1753;884.387;60;0;40
1.1;30;1020.62;26.6504;857.221;60;0;40
1.11;30;1018.3;24.3261;998.947;60;0;40
1.12;30;1018.03;24.0632;1017.1;60;0;40
1.13;30;1015.84;21.8709;1151.89;60;0;40
1.14;30;1015.1;21.1269;1200.08;60;0;40
1.15;30;1013.69;19.7148;1288.92;60;0;40
1.16;30;1012.07;18.1028;1390.4;60;0;40
1.17;30;1010.8;16.8239;1472.4;60;0;40
1.18;30;1010.22;16.2444;1512.67;60;0;40
1.19;30;1008.66;14.684;1612.42;60;0;40
1.2;30;1008.78;14.8097;1610.96;60;0;40
1.21;30;1008.08;14.1066;1659.5;60;0;40
1.22;30;1007.76;13.792;1684.86;60;0;40
1.23;30;1007.38;13.4085;1714.5;60;0;40
1.24;30;1008.67;14.7024;1642.99;60;0;40
1.25;30;1009.11;15.1369;1622.87;60;0;40
1.26;30;1009.78;15.8055;1588.43;60;0;40
1.27;30;1009.38;15.4088;1618.07;60;0;40
1.28;30;1010.64;16.6729;1547.55;60;0;40
1.29;30;1012.12;18.1515;1463.57;60;0;40
1.3;30;1012.09;18.1181;1470.33;60;0;40
1.31;30;1013.89;19.9198;1366.26;60;0;40
1.32;30;1014.71;20.7423;1320.61;60;0;40
1.33;30;1014.48;20.5084;1338.45;60;0;40
1.34;30;1016.26;22.2881;1234.75;60;0;40
1.35;30;1016.43;22.4542;1227.8;60;0;40
1.36;30;1016.05;22.0809;1253.37;60;0;40
1.37;30;1017.22;23.2472;1186.09;60;0;40
1.38;30;1017.83;23.8612;1151.7;60;0;40
1.39;30;1017.52;23.5492;1173;60;0;40
1.4;30;1017.75;23.7751;1161.94;60;0;40
1.41;30;1016.22;22.2476;1256.69;60;0;40
1.42;30;1016.18;22.2121;1261.94;60;0;40
1.43;30;1016.87;22.8936;1223.89;60;0;40
1.44;30;1014.79;20.8152;1352.27;60;0;40
1.45;30;1014.95;20.9764;1346.21;60;0;40
1.46;30;1015.87;21.9002;1294.02;60;0;40
1.47;30;1014.16;20.1926;1400.4;60;0;40
1.48;30;1013.91;19.9395;1419.61;60;0;40
1.49;30;1015.47;21.4947;1329.7;60;0;40
1.5;30;1014.74;20.7724;1376.72;60;0;40
1.51;30;1014.81;20.8346;1376.66;60;0;40
1.52;30;1014.19;20.2148;1417.76;60;0;40
1.53;30;1014.69;20.7159;1391.41;60;0;40
1.54;30;1016.03;22.0566;1314.14;60;0;40
1.55;30;1015.87;21.9022;1326.65;60;0;40
1.56;30;1015.76;21.7883;1336.77;60;0;40
1.57;30;1015.71;21.7406;1342.93;60;0;40
1.58;30;1015.11;21.1417;1382.41;60;0;40
1.59;30;1015.64;21.6716;1353.95;60;0;40
1.6;30;1016.93;22.9554;1279.74;60;0;40
1.61;30;1015.93;21.9627;1342.51;60;0;40
1.62;30;1015.85;21.8775;1350.87;60;0;40
1.63;30;1015.67;21.7016;1364.75;60;0;40
1.64;30;1015.8;21.8278;1360.45;60;0;40
1.65;30;1016.82;22.8526;1301.82;60;0;40
1.66;30;1016.55;22.5764;1321.36;60;0;40
1.67;30;1015.43;21.4582;1391.87;60;0;40
1.68;30;1015.81;21.836;1372.46;60;0;40
1.69;30;1016.43;22.4634;1337.83;60;0;40
1.7;30;1016.42;22.4472;1341.83;60;0;40
1.71;30;1017.15;23.1784;1300.68;60;0;40
1.72;30;1015.98;22.0088;1374.06;60;0;40
1.73;30;1015.46;21.4901;1408.58;60;0;40
1.74;30;1016.69;22.7223;1337.56;60;0;40
1.75;30;1016.68;22.7129;1341.04;60;0;40
1.76;30;1017.19;23.2232;1313.13;60;0;40
1.77;30;1017.05;23.0757;1324.75;60;0;40
1.78;30;1015.37;21.3967;1428.94;60;0;40
1.79;30;1016.3;22.3266;1376.21;60;0;40
1.8;30;1017.26;23.2856;1321.36;60;0;40
1.81;30;1016.65;22.6832;1360.43;60;0;40
1.82;30;1017.1;23.1237;1336.75;60;0;40
1.83;30;1016.27;22.2962;1389.48;60;0;40
1.84;30;1016.08;22.1105;1403.78;60;0;40
1.85;30;1017.19;23.2231;1339.73;60;0;40
1.86;30;1017.15;23.1803;1345.03;60;0;40
1.87;30;1017.07;23.1017;1352.5;60;0;40
1.88;30;1016.53;22.5594;1388.02;60;0;40
1.89;30;1016.18;22.2075;1412.25;60;0;40
1.9;30;1016.77;22.7984;1379.67;60;0;40
1.91;30;1017.84;23.8653;1318.11;60;0;40
1.92;30;1016.57;22.597;1397.17;60;0;40
1.93;30;1016.37;22.3988;1412.1;60;0;40
1.94;30;1016.42;22.4501;1412.05;60;0;40
1.95;30;1016.61;22.6342;1403.95;60;0;40
1.96;30;1017.39;23.4151;1359.73;60;0;40
1.97;30;1017.5;23.5291;1355.48;60;0;40
1.98;30;1016.97;22.9995;1390.05;60;0;40
1.99;30;1016.79;22.8136;1404.08;60;0;40
2;30;1016.64;22.6729;1415.46;60;0;40
2.01;30;1017.13;23.1568;1389.16;60;0;40
2.02;30;1018.29;24.3218;1321.53;60;0;40
2.03;30;1017.38;23.4088;1378.95;60;0;40
2.04;30;1017.28;23.3049;1387.86;60;0;40
2.05;30;1017.27;23.2999;1390.84;60;0;40
2.06;30;1016.78;22.804;1423.47;60;0;40
2.07;30;1017.52;23.5481;1381.4;60;0;40
2.08;30;1018.51;24.5341;1324.43;60;0;40
2.09;30;1017.61;23.6422;1380.49;60;0;40
2.1;30;1017.57;23.597;1385.76;60;0;40
2.11;30;1016.91;22.9404;1427.98;60;0;40
2.12;30;1017.25;23.2802;1410.28;60;0;40
2.13;30;1018.26;24.2857;1352.24;60;0;40
2.14;30;1017.92;23.9497;1374.82;60;0;40
2.15;30;1017.62;23.6525;1395.19;60;0;40
2.16;30;1017.62;23.6527;1397.71;60;0;40
2.17;30;1016.96;22.9834;1440.68;60;0;40
2.18;30;1017.48;23.5081;1411.8;60;0;40
2.19;30;1018.77;24.7958;1336.61;60;0;40
2.2;30;1017.91;23.9414;1390.3;60;0;40
2.21;30;1017.86;23.8889;1395.9;60;0;40
2.22;30;1017.51;23.5353;1419.7;60;0;40
2.23;30;1017.05;23.0752;1450.07;60;0;40
2.24;30;1018.01;24.042;1394.45;60;0;40
2.25;30;1018.7;24.7268;1355.47;60;0;40
2.26;30;1018.18;24.2038;1389.17;60;0;40
2.27;30;1018.59;24.6136;1366.73;60;0;40
2.28;30;1017.66;23.6927;1424.51;60;0;40
2.29;30;1016.97;22.996;1469.12;60;0;40
2.3;30;1018.27;24.3024;1393.01;60;0;40
2.31;30;1018.27;24.3004;1395.41;60;0;40
2.32;30;1018.33;24.3591;1394.15;60;0;40
2.33;30;1018.86;24.8915;1364.24;60;0;40
2.34;30;1017.59;23.6175;1443.24;60;0;40
2.35;30;1017.34;23.3701;1460.73;60;0;40
2.36;30;1018.41;24.4359;1399.01;60;0;40
2.37;30;1018.13;24.1597;1417.92;60;0;40
2.38;30;1019.1;25.1282;1361.76;60;0;40
2.39;30;1018.94;24.9689;1373.33;60;0;40
2.4;30;1018.11;24.1401;1425.4;60;0;40
2.41;30;1018.22;24.2452;1421.4;60;0;40
2.42;30;1018.04;24.0683;1434.38;60;0;40
2.43;30;1018.28;24.3107;1422.12;60;0;40
2.44;30;1019.47;25.4956;1352.82;60;0;40
2.45;30;1018.96;24.9889;1385.23;60;0;40
2.46;30;1018.32;24.3454;1426.1;60;0;40
2.47;30;1017.99;24.0209;1447.96;60;0;40
2.48;30;1017.7;23.725;1468.23;60;0;40
2.49;30;1018.25;24.2751;1437.51;60;0;40
2.5;30;1019.34;25.3648;1373.98;60;0;40
2.51;30;1018.67;24.6978;1416.12;60;0;40
2.52;30;1019.03;25.0591;1396.42;60;0;40
2.53;30;1018.62;24.6457;1423.37;60;0;40
2.54;30;1017.44;23.4732;1496.33;60;0;40
2.55;30;1018.36;24.3929;1443.39;60;0;40
2.56;30;1019.1;25.1248;1401.43;60;0;40
2.57;30;1018.84;24.8637;1419.14;60;0;40
2.58;30;1019.89;25.9173;1357.56;60;0;40
2.59;30;1019.15;25.1772;1403.9;60;0;40
2.6;30;1018.49;24.5168;1445.71;60;0;40
2.61;30;1018.17;24.1938;1467.42;60;0;40
2.62;30;1018.46;24.4839;1452.22;60;0;40
2.63;30;1019.06;25.0837;1418.2;60;0;40
2.64;30;1019.96;25.9894;1365.46;60;0;40
2.65;30;1019.21;25.2361;1412.56;60;0;40
2.66;30;1019.42;25.4504;1401.52;60;0;40
2.67;30;1018.85;24.8784;1437.89;60;0;40
2.68;30;1018.1;24.1301;1485.14;60;0;40
2.69;30;1019.03;25.0633;1431.12;60;0;40
2.7;30;1019.74;25.7652;1390.7;60;0;40
2.71;30;1019.14;25.1718;1428.24;60;0;40
2.72;30;1019.78;25.8063;1391.84;60;0;40
2.73;30;1018.87;24.8944;1448.6;60;0;40
2.74;30;1018.24;24.2663;1488.58;60;0;40
2.75;30;1018.62;24.6436;1468.09;60;0;40
2.76;30;1019.13;25.1545;1439.37;60;0;40
2.77;30;1019.53;25.5632;1416.62;60;0;40
2.78;30;1020.19;26.2169;1378.91;60;0;40
2.79;30;1019.35;25.3742;1431.32;60;0;40
2.8;30;1019.41;25.4357;1429.46;60;0;40
2.81;30;1019;25.0248;1456.1;60;0;40
2.82;30;1018.42;24.4474;1492.97;60;0;40
2.83;30;1019.45;25.4796;1432.85;60;0;40
2.84;30;1020.18;26.207;1390.72;60;0;40
2.85;30;1019.34;25.3654;1443.07;60;0;40
2.86;30;1019.81;25.8401;1416.25;60;0;40
2.87;30;1019.18;25.2035;1456.36;60;0;40
2.88;30;1018.41;24.4378;1504.53;60;0;40
2.89;30;1018.88;24.9124;1478.09;60;0;40
2.9;30;1019.28;25.3111;1456.04;60;0;40
2.91;30;1019.73;25.7613;1430.73;60;0;40
2.92;30;1020.54;26.5706;1383.54;60;0;40
2.93;30;1019.69;25.7179;1436.42;60;0;40
2.94;30;1019.77;25.8002;1433.16;60;0;40
2.95;30;1019.24;25.271;1466.8;60;0;40
2.96;30;1018.65;24.6773;1504.55;60;0;40
2.97;30;1019.44;25.4666;1459.01;60;0;40
2.98;30;1020.44;26.4721;1400.09;60;0;40
2.99;30;1019.7;25.7308;1446.28;60;0;40
3;30;1020.58;26.6047;1395.2;60;0;40
3.01;30;1020.05;26.078;1428.37;60;0;40
3.02;30;1019.03;25.0543;1491.77;60;0;40
3.03;30;1019;25.0278;1495.35;60;0;40
3.04;30;1019.47;25.4974;1468.98;60;0;40
3.05;30;1019.73;25.7536;1455.3;60;0;40
3.06;30;1020.62;26.6476;1403;60;0;40
3.07;30;1020.09;26.1175;1436.36;60;0;40
3.08;30;1020.37;26.4004;1420.83;60;0;40
3.09;30;1019.91;25.9354;1450.35;60;0;40
3.1;30;1018.48;24.5069;1538.26;60;0;40
3.11;30;1019.11;25.1408;1502.17;60;0;40
3.12;30;1020.22;26.2491;1437.17;60;0;40
3.13;30;1019.76;25.7928;1466.23;60;0;40
3.14;30;1020.98;27.0127;1394.23;60;0;40
3.15;30;1020.83;26.857;1404.83;60;0;40
3.16;30;1019.96;25.9909;1458.4;60;0;40
3.17;30;1019.89;25.9145;1464.62;60;0;40
3.18;30;1019.36;25.3867;1498.14;60;0;40
3.19;30;1019.27;25.2934;1505.61;60;0;40
3.2;30;1020.33;26.3598;1443.09;60;0;40
3.21;30;1020.28;26.3091;1447.61;60;0;40
3.22;30;1020.54;26.5656;1433.59;60;0;40
3.23;30;1020.95;26.9807;1409.89;60;0;40
3.24;30;1019.59;25.6194;1493.32;60;0;40
3.25;30;1019.77;25.7968;1484.36;60;0;40
3.26;30;1019.69;25.7157;1490.94;60;0;40
3.27;30;1019.5;25.5251;1504.16;60;0;40
3.28;30;1020.6;26.6241;1439.57;60;0;40
3.29;30;1021.17;27.196;1406.38;60;0;40
3.3;30;1020.24;26.2728;1463.27;60;0;40
3.31;30;1020.78;26.8125;1432.16;60;0;40
3.32;30;1019.97;25.9942;1482.86;60;0;40
3.33;30;1019.38;25.4123;1519.61;60;0;40
3.34;30;1019.59;25.6166;1509.1;60;0;40
3.35;30;1020.04;26.0727;1483.31;60;0;40
3.36;30;1020.31;26.3344;1469.07;60;0;40
3.37;30;1021.19;27.218;1417.17;60;0;40
3.38;30;1020.7;26.7282;1447.86;60;0;40
3.39;30;1020.95;26.9789;1434.03;60;0;40
3.4;30;1020.62;26.6518;1455;60;0;40
3.41;30;1019.24;25.2686;1539.88;60;0;40
3.42;30;1019.84;25.8686;1505.53;60;0;40
3.43;30;1020.35;26.3789;1476.36;60;0;40
3.44;30;1020.24;26.2716;1484.29;60;0;40
3.45;30;1021.48;27.5114;1410.9;60;0;40
3.46;30;1021.47;27.4976;1412.73;60;0;40
3.47;30;1020.77;26.8008;1455.82;60;0;40
3.48;30;1020.95;26.9762;1446.5;60;0;40
3.49;30;1019.82;25.8513;1515.66;60;0;40
3.5;30;1019.55;25.5749;1534.01;60;0;40
3.51;30;1020.3;26.3241;1490.53;60;0;40
3.52;30;1020.39;26.4187;1486.29;60;0;40
3.53;30;1020.97;26.9951;1452.91;60;0;40
3.54;30;1021.38;27.4052;1429.34;60;0;40
3.55;30;1020.67;26.6981;1473.08;60;0;40
3.56;30;1020.98;27.0063;1455.79;60;0;40
3.57;30;1020.43;26.4565;1490.19;60;0;40
3.58;30;1019.3;25.3317;1559.55;60;0;40
3.59;30;1020.15;26.1742;1510.53;60;0;40
3.6;30;1020.96;26.9903;1462.77;60;0;40
3.61;30;1020.59;26.6139;1486.71;60;0;40
3.62;30;1021.96;27.9864;1405.16;60;0;40
3.63;30;1021.52;27.5435;1432.72;60;0;40
3.64;30;1021.06;27.0871;1461.27;60;0;40
3.65;30;1021.18;27.212;1454.89;60;0;40
3.66;30;1020.04;26.0683;1525.08;60;0;40
3.67;30;1019.77;25.8013;1542.78;60;0;40
3.68;30;1020.63;26.656;1492.84;60;0;40
3.69;30;1020.69;26.7229;1490.13;60;0;40
3.7;30;1021.37;27.3995;1450.58;60;0;40
3.71;30;1021.95;27.9812;1416.48;60;0;40
3.72;30;1021.09;27.1212;1469.24;60;0;40
3.73;30;1021.7;27.7249;1433.93;60;0;40
3.74;30;1021.01;27.0344;1476.54;60;0;40
3.75;30;1019.79;25.8158;1551.33;60;0;40
3.76;30;1020.56;26.5905;1506.21;60;0;40
3.77;30;1020.76;26.7849;1495.84;60;0;40
3.78;30;1020.79;26.8195;1495.03;60;0;40
3.79;30;1022.02;28.0451;1422.28;60;0;40
3.8;30;1021.47;27.5016;1455.89;60;0;40
3.81;30;1021.17;27.1992;1475.15;60;0;40
3.82;30;1021.53;27.5609;1454.43;60;0;40
3.83;30;1020.4;26.4247;1524.03;60;0;40
3.84;30;1020.06;26.0901;1545.67;60;0;40
3.85;30;1020.57;26.6006;1516.4;60;0;40
3.86;30;1020.69;26.7155;1510.82;60;0;40
3.87;30;1021.47;27.4974;1464.9;60;0;40
3.88;30;1021.79;27.8231;1446.23;60;0;40
3.89;30;1021.53;27.555;1463.29;60;0;40
3.9;30;1022.18;28.2118;1424.6;60;0;40
3.91;30;1021.18;27.209;1485.89;60;0;40
3.92;30;1020.6;26.6324;1521.83;60;0;40
3.93;30;1020.93;26.9632;1503.2;60;0;40
3.94;30;1020.47;26.5013;1532.31;60;0;40
3.95;30;1020.75;26.7764;1517.09;60;0;40
3.96;30;1022.08;28.1062;1438.06;60;0;40
3.97;30;1021.44;27.4694;1477.28;60;0;40
3.98;30;1021.55;27.581;1471.55;60;0;40
3.99;30;1022.11;28.1393;1438.8;60;0;40
4;30;1020.84;26.8671;1516.39;60;0;40
4.01;30;1021.04;27.0641;1505.74;60;0;40
4.02;30;1020.51;26.5362;1538.8;60;0;40
4.03;30;1020.29;26.3162;1553.48;60;0;40
4.04;30;1021.12;27.1462;1504.82;60;0;40
4.05;30;1021.7;27.7276;1470.84;60;0;40
4.06;30;1021.57;27.5957;1479.71;60;0;40
4.07;30;1022.53;28.557;1422.61;60;0;40
4.08;30;1021.76;27.786;1469.76;60;0;40
4.09;30;1021.54;27.5726;1483.54;60;0;40
4.1;30;1021.64;27.6707;1478.58;60;0;40
4.11;30;1020.28;26.3086;1561.78;60;0;40
4.12;30;1020.16;26.1876;1570.57;60;0;40
4.13;30;1021.52;27.5492;1489.85;60;0;40
4.14;30;1021.21;27.2346;1509.84;60;0;40
4.15;30;1021.82;27.8478;1473.9;60;0;40
4.16;30;1022.74;28.7675;1419.22;60;0;40
4.17;30;1021.7;27.7268;1482.57;60;0;40
4.18;30;1021.89;27.9153;1472.09;60;0;40
4.19;30;1021.34;27.3693;1505.9;60;0;40
4.2;30;1020.83;26.8629;1537.54;60;0;40
4.21;30;1020.93;26.9579;1533.06;60;0;40
4.22;30;1020.87;26.8977;1537.91;60;0;40
4.23;30;1021.18;27.2103;1520.27;60;0;40
4.24;30;1022.09;28.1172;1466.61;60;0;40
4.25;30;1021.61;27.6397;1496.2;60;0;40
4.26;30;1022;28.0316;1473.48;60;0;40
4.27;30;1022.64;28.6712;1435.63;60;0;40
4.28;30;1021.28;27.3048;1518.69;60;0;40
4.29;30;1021.42;27.4463;1511.23;60;0;40
4.3;30;1021.31;27.3373;1518.83;60;0;40
4.31;30;1020.57;26.596;1564.67;60;0;40
4.32;30;1021.06;27.0885;1536.29;60;0;40
4.33;30;1021.98;28.007;1481.98;60;0;40
4.34;30;1021.63;27.6571;1503.9;60;0;40
4.35;30;1022.38;28.409;1459.43;60;0;40
4.36;30;1022.83;28.8572;1432.99;60;0;40
4.37001;30;1022.34;28.3726;1462.72;60;0;40
4.38001;30;1022.62;28.6497;1446.64;60;0;40
4.39001;30;1021.65;27.6778;1505.88;60;0;40
4.40001;30;1021.51;27.5346;1515.45;60;0;40
4.41001;30;1021.28;27.3073;1530.17;60;0;40
4.42001;30;1020.98;27.0124;1549.06;60;0;40
4.43001;30;1021.71;27.7429;1506.13;60;0;40
4.44001;30;1022.43;28.4607;1463.68;60;0;40
4.45001;30;1021.48;27.5109;1521.66;60;0;40
4.46001;30;1022.28;28.3091;1474.45;60;0;40
4.47001;30;1022.29;28.3169;1474.65;60;0;40
4.48001;30;1021.25;27.2794;1537.99;60;0;40
4.49001;30;1021.5;27.5258;1524.2;60;0;40
4.50001;30;1021.07;27.0954;1551.18;60;0;40
4.51001;30;1020.68;26.7113;1575.54;60;0;40
4.52001;30;1021.47;27.4959;1529.47;60;0;40
4.53001;30;1021.8;27.8314;1510.21;60;0;40
4.54001;30;1022;28.0273;1499.24;60;0;40
4.55001;30;1022.72;28.7487;1456.46;60;0;40
4.56001;30;1022.28;28.3105;1483.43;60;0;40
4.57001;30;1022.5;28.5333;1470.65;60;0;40
4.58001;30;1022.58;28.6077;1466.74;60;0;40
4.59001;30;1021.43;27.4557;1536.88;60;0;40
4.60001;30;1021.73;27.7568;1519.71;60;0;40
4.61001;30;1021.24;27.2727;1549.84;60;0;40
4.62001;30;1021.03;27.0575;1563.93;60;0;40
4.63001;30;1022.08;28.1086;1501.62;60;0;40
4.64001;30;1022.28;28.3068;1490.41;60;0;40
4.65001;30;1021.86;27.8871;1516.44;60;0;40
4.66001;30;1022.94;28.9703;1451.86;60;0;40
4.67001;30;1022.33;28.3586;1489.21;60;0;40
4.68001;30;1021.77;27.8017;1523.51;60;0;40
4.69001;30;1021.76;27.7909;1525.04;60;0;40
4.70001;30;1020.8;26.8242;1584.31;60;0;40
4.71001;30;1021.02;27.0525;1571.79;60;0;40
4.72001;30;1021.72;27.7526;1530.69;60;0;40
4.73001;30;1021.85;27.876;1524.13;60;0;40
4.74001;30;1022.27;28.2995;1499.4;60;0;40
4.75001;30;1022.92;28.9499;1460.8;60;0;40
4.76001;30;1022.36;28.3908;1494.99;60;0;40
4.77001;30;1022.98;29.0111;1458.16;60;0;40
4.78001;30;1022.81;28.8374;1469.05;60;0;40
4.79001;30;1021.99;28.0171;1519.06;60;0;40
4.80001;30;1022.36;28.3921;1497.21;60;0;40
4.81002;30;1021.36;27.3879;1558.5;60;0;40
4.82002;30;1020.84;26.8677;1590.97;60;0;40
4.83002;30;1021.96;27.9908;1524.39;60;0;40
4.84002;30;1021.84;27.8665;1532.7;60;0;40
4.85002;30;1022.06;28.0841;1520.41;60;0;40
4.86002;30;1023.23;29.2551;1450.45;60;0;40
4.87002;30;1022.12;28.1454;1517.77;60;0;40
4.88002;30;1022.35;28.3831;1504.16;60;0;40
4.89002;30;1022.55;28.5789;1492.98;60;0;40
4.90002;30;1021.63;27.6595;1549.07;60;0;40
4.91002;30;1021.58;27.6086;1553.09;60;0;40
4.92002;30;1021.29;27.3228;1571.31;60;0;40
4.93002;30;1021.25;27.2737;1575.34;60;0;40
4.94002;30;1022.18;28.207;1520.06;60;0;40
4.95002;30;1022.44;28.4678;1505.03;60;0;40
4.96002;30;1022.47;28.4958;1503.95;60;0;40
4.97002;30;1023.32;29.3513;1452.88;60;0;40
4.98002;30;1022.81;28.8378;1484.15;60;0;40
4.99002;30;1022.86;28.8852;1481.75;60;0;40
5.00002;30;1023.45;29.4735;1446.66;60;0;40
5.01002;30;1021.93;27.9536;1538.68;60;0;40
5.02002;30;1021.82;27.8498;1545.77;60;0;40
5.03002;30;1021.91;27.9403;1541.16;60;0;40
5.04002;30;1021.48;27.5121;1567.85;60;0;40
5.05002;30;1021.92;27.9453;1542.68;60;0;40
5.06002;30;1022.93;28.9566;1482.42;60;0;40
5.07002;30;1022.46;28.4925;1510.86;60;0;40
5.08002;30;1023.16;29.186;1469.58;60;0;40
5.09002;30;1023.5;29.528;1449.25;60;0;40
5.10002;30;1022.96;28.9834;1482.33;60;0;40
5.11002;30;1023.09;29.1183;1474.59;60;0;40
5.12002;30;1021.96;27.9885;1543.18;60;0;40
5.13002;30;1021.69;27.7137;1560.59;60;0;40
5.14002;30;1021.78;27.8127;1555.52;60;0;40
5.15002;30;1021.57;27.6023;1569.1;60;0;40
5.16002;30;1021.96;27.985;1546.95;60;0;40
5.17002;30;1022.81;28.8377;1496.25;60;0;40
5.18002;30;1022.07;28.0993;1541.31;60;0;40
5.19002;30;1023.04;29.0666;1483.65;60;0;40
5.20002;30;1023.23;29.2538;1472.72;60;0;40
5.21002;30;1022.29;28.3189;1529.48;60;0;40
5.22002;30;1022.63;28.6559;1509.8;60;0;40
5.23002;30;1022.27;28.2946;1532.16;60;0;40
5.24003;30;1021.41;27.4347;1584.78;60;0;40
5.25003;30;1021.55;27.5793;1577.07;60;0;40
5.26003;30;1021.79;27.823;1563.32;60;0;40
5.27003;30;1021.85;27.8775;1560.9;60;0;40
5.28003;30;1022.85;28.8833;1501;60;0;40
5.29003;30;1022.76;28.7892;1507.13;60;0;40
5.30003;30;1022.99;29.0144;1494.01;60;0;40
5.31003;30;1023.59;29.6143;1458.17;60;0;40
5.32003;30;1023;29.0264;1493.84;60;0;40
5.33003;30;1023.25;29.278;1479.03;60;0;40
5.34003;30;1022.95;28.976;1497.56;60;0;40
5.35003;30;1021.71;27.7422;1572.49;60;0;40
5.36003;30;1022.17;28.2004;1545.72;60;0;40
5.37003;30;1021.89;27.9189;1563.44;60;0;40
5.38003;30;1021.74;27.7647;1573.59;60;0;40
5.39003;30;1022.7;28.7269;1516.36;60;0;40
5.40003;30;1022.86;28.8838;1507.4;60;0;40
5.41003;30;1022.5;28.5291;1529.27;60;0;40
5.42003;30;1023.76;29.7911;1453.63;60;0;40
5.43003;30;1022.95;28.9757;1502.96;60;0;40
5.44003;30;1022.71;28.7399;1517.62;60;0;40
5.45003;30;1022.76;28.7931;1514.91;60;0;40
5.46003;30;1021.62;27.6487;1584.51;60;0;40
5.47003;30;1021.43;27.4634;1596.64;60;0;40
5.48003;30;1021.8;27.8328;1575.35;60;0;40
5.49003;30;1021.94;27.9707;1567.88;60;0;40
5.50003;30;1022.45;28.4789;1538;60;0;40
5.51003;30;1023.02;29.0531;1503.93;60;0;40
5.52003;30;1022.73;28.7577;1522.15;60;0;40
5.53003;30;1023.56;29.5917;1472.27;60;0;40
5.54003;30;1023.53;29.554;1474.71;60;0;40
5.55003;30;1023.35;29.3786;1485.48;60;0;40
5.56003;30;1024.07;30.1016;1442.06;60;0;40
5.57003;30;1023.11;29.142;1499.98;60;0;40
5.58003;30;1022.67;28.6942;1527.38;60;0;40
5.59003;30;1022.78;28.8104;1520.88;60;0;40
5.60003;30;1021.58;27.6045;1594.19;60;0;40
5.61003;30;1021.71;27.7342;1587.31;60;0;40
5.62003;30;1022.82;28.8474;1520.99;60;0;40
5.63003;30;1022.4;28.4314;1546.57;60;0;40
5.64003;30;1023.1;29.1236;1505.39;60;0;40
5.65003;30;1024;30.0307;1450.95;60;0;40
5.66003;30;1022.99;29.0207;1511.94;60;0;40
5.67003;30;1023.42;29.4497;1486.42;60;0;40
5.68004;30;1023.14;29.1686;1503.62;60;0;40
5.69004;30;1022.56;28.5899;1538.91;60;0;40
5.70004;30;1022.37;28.3979;1551.07;60;0;40
5.71004;30;1021.48;27.5056;1605.61;60;0;40
5.72004;30;1021.63;27.6579;1597.4;60;0;40
5.73004;30;1022.42;28.4465;1550.71;60;0;40
5.74004;30;1022.19;28.2213;1564.93;60;0;40
5.75004;30;1022.74;28.7673;1532.67;60;0;40
5.76004;30;1023.55;29.58;1484.07;60;0;40
5.77004;30;1022.5;28.5265;1547.87;60;0;40
5.78004;30;1023.38;29.4055;1495.37;60;0;40
5.79004;30;1023.38;29.4084;1495.43;60;0;40
5.80004;30;1022.35;28.3764;1558;60;0;40
5.81004;30;1022.66;28.6929;1539.53;60;0;40
5.82004;30;1022.36;28.3927;1558.19;60;0;40
5.83004;30;1021.65;27.6792;1601.93;60;0;40
5.84004;30;1022.02;28.0451;1580.75;60;0;40
5.85004;30;1022.42;28.4478;1557.22;60;0;40
5.86004;30;1022.55;28.5814;1549.77;60;0;40
5.87004;30;1023.49;29.5216;1493.54;60;0;40
5.88004;30;1023.21;29.2372;1510.91;60;0;40
5.89004;30;1023.43;29.4572;1497.93;60;0;40
5.90004;30;1024.11;30.1381;1457.02;60;0;40
5.91004;30;1023.28;29.3126;1506.83;60;0;40
5.92004;30;1023.67;29.6989;1483.77;60;0;40
5.93004;30;1023.38;29.4121;1501.21;60;0;40
5.94004;30;1021.99;28.0182;1585.64;60;0;40
5.95004;30;1022.41;28.4371;1561.13;60;0;40
5.96004;30;1022.11;28.136;1579.94;60;0;40
5.97004;30;1021.88;27.9096;1594.36;60;0;40
5.98004;30;1022.98;29.007;1528.92;60;0;40
5.99004;30;1023.17;29.1938;1518.03;60;0;40
6.00004;30;1022.83;28.8552;1538.8;60;0;40
6.01004;30;1024.09;30.1203;1462.85;60;0;40
6.02004;30;1023.51;29.5433;1497.65;60;0;40
6.03004;30;1023.1;29.1326;1522.64;60;0;40
6.04004;30;1023.65;29.6822;1489.79;60;0;40
6.05004;30;1022.68;28.7058;1548.89;60;0;40
6.06004;30;1022.42;28.4492;1564.91;60;0;40
6.07004;30;1022.04;28.0668;1588.63;60;0;40
6.08004;30;1021.84;27.8643;1601.63;60;0;40
6.09004;30;1022.31;28.336;1573.99;60;0;40
6.10004;30;1023.01;29.0409;1532.08;60;0;40
6.11004;30;1022.72;28.7533;1549.84;60;0;40
6.12005;30;1023.72;29.745;1490.44;60;0;40
6.13005;30;1023.65;29.6798;1494.48;60;0;40
6.14005;30;1023.54;29.5657;1501.5;60;0;40
6.15005;30;1024.43;30.4549;1447.96;60;0;40
6.16005;30;1023.53;29.5634;1501.63;60;0;40
6.17005;30;1023.51;29.5416;1503.12;60;0;40
6.18005;30;1023.47;29.4962;1506.05;60;0;40
6.19005;30;1022.03;28.0611;1592.93;60;0;40
6.20005;30;1021.79;27.8228;1608.1;60;0;40
6.21005;30;1022.58;28.6125;1561.27;60;0;40
6.22005;30;1022.19;28.2188;1585.6;60;0;40
6.23005;30;1022.72;28.7473;1554.4;60;0;40
6.24005;30;1023.87;29.8958;1485.53;60;0;40
6.25005;30;1023.2;29.2271;1525.96;60;0;40
6.26005;30;1023.73;29.7577;1494.22;60;0;40
6.27005;30;1024.27;30.3002;1461.55;60;0;40
6.28005;30;1023.66;29.6933;1498.09;60;0;40
6.29005;30;1024.05;30.0772;1475.02;60;0;40
6.30005;30;1023.74;29.7673;1493.71;60;0;40
6.31005;30;1023.2;29.2319;1526.14;60;0;40
6.32005;30;1022.93;28.9543;1543.21;60;0;40
6.33005;30;1021.78;27.812;1612.63;60;0;40
6.34005;30;1021.98;28.0106;1601.51;60;0;40
6.35005;30;1023.03;29.0561;1539.15;60;0;40
6.36005;30;1022.45;28.4778;1574.46;60;0;40
6.37005;30;1023.42;29.4487;1516.43;60;0;40
6.38005;30;1023.85;29.883;1490.42;60;0;40
6.39005;30;1023.06;29.0925;1538.21;60;0;40
6.40005;30;1023.83;29.8609;1492.16;60;0;40
6.41005;30;1023.44;29.4679;1515.95;60;0;40
6.42005;30;1022.74;28.7686;1558.41;60;0;40
6.43005;30;1022.84;28.8664;1552.99;60;0;40
6.44005;30;1022.2;28.2257;1592.14;60;0;40
6.45005;30;1021.86;27.8912;1613.06;60;0;40
6.46005;30;1022.23;28.2577;1591.76;60;0;40
6.47005;30;1022.48;28.5122;1577.09;60;0;40
6.48005;30;1022.73;28.7552;1563.01;60;0;40
6.49005;30;1023.64;29.6676;1508.39;60;0;40
6.50005;30;1023.11;29.136;1540.64;60;0;40
6.51005;30;1023.59;29.617;1511.93;60;0;40
6.52005;30;1024.01;30.0352;1486.82;60;0;40
6.53005;30;1023.23;29.2575;1533.78;60;0;40
6.54005;30;1023.92;29.9474;1492.41;60;0;40
6.55006;30;1023.27;29.3015;1531.44;60;0;40
6.56006;30;1022.4;28.4308;1584.31;60;0;40
6.57006;30;1023;29.0291;1548.8;60;0;40
6.58006;30;1022.37;28.4006;1587.15;60;0;40
6.59006;30;1022.07;28.0965;1606.16;60;0;40
6.60006;30;1023.03;29.0552;1549.02;60;0;40
6.61006;30;1022.95;28.9812;1553.86;60;0;40
6.62006;30;1023.08;29.1132;1546.3;60;0;40
6.63006;30;1024.2;30.2277;1479.33;60;0;40
6.64006;30;1023.4;29.4312;1527.36;60;0;40
6.65006;30;1023.62;29.6449;1514.67;60;0;40
6.66006;30;1023.93;29.9572;1495.96;60;0;40
6.67006;30;1022.93;28.9584;1556.3;60;0;40
6.68006;30;1023.03;29.0634;1550.37;60;0;40
6.69006;30;1022.59;28.6198;1577.54;60;0;40
6.70006;30;1021.88;27.9071;1621.14;60;0;40
6.71006;30;1022.3;28.3246;1596.76;60;0;40
6.72006;30;1022.7;28.7326;1572.79;60;0;40
6.73006;30;1022.8;28.8311;1567.35;60;0;40
6.74006;30;1023.61;29.6378;1519.09;60;0;40
6.75006;30;1023.17;29.1977;1545.81;60;0;40
6.76006;30;1023.59;29.6179;1520.76;60;0;40
6.77006;30;1024.38;30.413;1472.88;60;0;40
6.78006;30;1023.66;29.6906;1516.35;60;0;40
6.79006;30;1023.91;29.9433;1501.21;60;0;40
6.80006;30;1024.22;30.2531;1482.52;60;0;40
6.81006;30;1022.91;28.9416;1561.64;60;0;40
6.82006;30;1022.95;28.9751;1560.04;60;0;40
6.83006;30;1022.74;28.7671;1573.01;60;0;40
6.84006;30;1021.84;27.8682;1627.8;60;0;40
6.85006;30;1022.29;28.3201;1601.36;60;0;40
6.86006;30;1023.13;29.1593;1551.34;60;0;40
6.87006;30;1023.01;29.0402;1558.87;60;0;40
6.88006;30;1023.72;29.752;1516.26;60;0;40
6.89006;30;1023.93;29.9622;1503.66;60;0;40
6.90006;30;1023.75;29.7804;1514.66;60;0;40
6.91006;30;1024.42;30.4506;1474.26;60;0;40
6.92006;30;1023.98;30.0107;1500.66;60;0;40
6.93006;30;1024.08;30.1115;1494.56;60;0;40
6.94006;30;1024.42;30.4464;1474.29;60;0;40
6.95006;30;1023.15;29.178;1550.72;60;0;40
6.96006;30;1023.58;29.605;1525.26;60;0;40
6.97006;30;1022.94;28.97;1563.78;60;0;40
6.98006;30;1021.87;27.8962;1629.04;60;0;40
6.99007;30;1022.48;28.5132;1592.62;60;0;40
7.00007;30;1023.27;29.2985;1545.78;60;0;40
7.01007;30;1022.82;28.8524;1573.01;60;0;40
7.02007;30;1024.02;30.0457;1501.39;60;0;40
7.03007;30;1023.94;29.9673;1506.11;60;0;40
7.04007;30;1023.42;29.452;1537.25;60;0;40
7.05007;30;1024.59;30.6172;1467.08;60;0;40
7.06007;30;1023.82;29.8533;1512.98;60;0;40
7.07007;30;1023.49;29.5144;1533.51;60;0;40
7.08007;30;1023.79;29.8155;1515.51;60;0;40
7.09007;30;1022.65;28.6759;1584.42;60;0;40
7.10007;30;1022.55;28.5761;1590.98;60;0;40
7.11007;30;1022.36;28.3896;1602.81;60;0;40
7.12007;30;1022.4;28.4234;1601.41;60;0;40
7.13007;30;1023.01;29.0426;1564.64;60;0;40
7.14007;30;1023.46;29.4843;1538.35;60;0;40
7.15007;30;1023.36;29.392;1544.13;60;0;40
7.16007;30;1024.16;30.185;1496.48;60;0;40
7.17007;30;1024.08;30.1049;1501.24;60;0;40
7.18007;30;1023.85;29.8796;1514.81;60;0;40
7.19007;30;1024.74;30.7692;1461.12;60;0;40
7.20007;30;1024;30.0307;1505.42;60;0;40
7.21007;30;1024.1;30.1242;1499.76;60;0;40
7.22007;30;1024.15;30.1774;1496.5;60;0;40
7.23007;30;1022.62;28.6504;1588.66;60;0;40
7.24007;30;1022.23;28.2591;1612.83;60;0;40
7.25007;30;1022.82;28.8531;1577.65;60;0;40
7.26007;30;1022.45;28.4805;1600.62;60;0;40
7.27007;30;1023.01;29.0364;1567.65;60;0;40
7.28007;30;1023.81;29.8429;1519.32;60;0;40
7.29007;30;1023.27;29.2957;1552.43;60;0;40
7.30007;30;1023.92;29.9493;1513.24;60;0;40
7.31007;30;1024.49;30.523;1478.6;60;0;40
7.32007;30;1023.92;29.945;1513.31;60;0;40
7.33007;30;1024.59;30.6227;1472.39;60;0;40
7.34007;30;1024.39;30.4219;1484.27;60;0;40
7.35007;30;1024.23;30.2563;1494.11;60;0;40
7.36007;30;1024.15;30.175;1498.92;60;0;40
7.37007;30;1022.93;28.9607;1572.19;60;0;40
7.38007;30;1022.98;29.005;1569.93;60;0;40
7.39007;30;1022.61;28.6375;1592.53;60;0;40
7.40007;30;1022.26;28.2871;1614.23;60;0;40
7.41007;30;1023.09;29.1229;1564.44;60;0;40
7.42007;30;1023.71;29.7431;1527.33;60;0;40
7.43008;30;1023.1;29.1283;1564.57;60;0;40
7.44008;30;1024.18;30.2078;1499.71;60;0;40
7.45008;30;1024.23;30.2596;1496.5;60;0;40
7.46008;30;1023.5;29.5263;1540.69;60;0;40
7.47008;30;1024.29;30.3135;1493.33;60;0;40
7.48008;30;1023.59;29.6157;1535.35;60;0;40
7.49008;30;1023;29.0246;1571.21;60;0;40
7.50008;30;1022.97;28.9951;1573.38;60;0;40
7.51008;30;1022.31;28.3378;1613.48;60;0;40
7.52008;30;1022.25;28.2812;1617.57;60;0;40
7.53008;30;1022.7;28.7242;1591.5;60;0;40
7.54008;30;1022.76;28.7867;1588.23;60;0;40
7.55008;30;1023.11;29.1396;1567.4;60;0;40
7.56008;30;1023.83;29.8622;1524.1;60;0;40
7.57008;30;1023.53;29.5595;1542.44;60;0;40
7.58008;30;1024.11;30.1404;1507.53;60;0;40
7.59008;30;1024.46;30.4899;1486.36;60;0;40
7.60008;30;1024.05;30.0823;1510.78;60;0;40
7.61008;30;1024.86;30.8881;1462.08;60;0;40
7.62008;30;1024.66;30.6872;1473.86;60;0;40
7.63008;30;1024.27;30.3008;1496.92;60;0;40
7.64008;30;1024.49;30.5209;1483.51;60;0;40
7.65008;30;1023.18;29.2083;1562.59;60;0;40
7.66008;30;1022.59;28.6218;1598.33;60;0;40
7.67008;30;1023.06;29.0899;1570.6;60;0;40
7.68008;30;1022.44;28.4662;1608.64;60;0;40
7.69008;30;1022.75;28.7777;1590.44;60;0;40
7.70008;30;1023.85;29.8789;1524.41;60;0;40
7.71008;30;1023.37;29.3954;1553.67;60;0;40
7.72008;30;1023.7;29.7273;1533.86;60;0;40
7.73008;30;1024.61;30.6337;1479.22;60;0;40
7.74008;30;1023.96;29.9875;1518;60;0;40
7.75008;30;1024.45;30.4755;1488.53;60;0;40
7.76008;30;1024.7;30.7254;1473.25;60;0;40
7.77008;30;1024.02;30.049;1513.81;60;0;40
7.78008;30;1024.06;30.0928;1511.14;60;0;40
7.79008;30;1022.8;28.831;1587.32;60;0;40
7.80008;30;1022.76;28.7915;1590.17;60;0;40
7.81008;30;1022.72;28.7487;1593.25;60;0;40
7.82008;30;1022.34;28.37;1616.62;60;0;40
7.83008;30;1022.9;28.933;1583.27;60;0;40
7.84008;30;1023.73;29.7593;1533.78;60;0;40
7.85008;30;1023.1;29.1317;1571.79;60;0;40
7.86009;30;1023.94;29.9661;1521.74;60;0;40
7.87009;30;1024.28;30.3122;1500.84;60;0;40
7.88009;30;1023.3;29.3269;1560.23;60;0;40
7.89009;30;1024.36;30.3836;1496.68;60;0;40
7.90009;30;1024.01;30.0408;1517.23;60;0;40
7.91009;30;1023.24;29.2675;1563.92;60;0;40
7.92009;30;1023.32;29.352;1559.11;60;0;40
7.93009;30;1022.57;28.6028;1604.62;60;0;40
7.94009;30;1022.17;28.1977;1629.65;60;0;40
7.95009;30;1022.67;28.6962;1600.26;60;0;40
7.96009;30;1022.63;28.6625;1602.82;60;0;40
7.97009;30;1022.88;28.9056;1588.67;60;0;40
7.98009;30;1023.52;29.5513;1550.11;60;0;40
7.99009;30;1023.45;29.4805;1554.56;60;0;40
8.00009;30;1023.87;29.8938;1529.8;60;0;40
8.01009;30;1024.4;30.4307;1497.42;60;0;40
8.02009;30;1023.61;29.6425;1544.86;60;0;40
8.03009;30;1024.42;30.4499;1496.23;60;0;40
8.04009;30;1024.05;30.0751;1518.68;60;0;40
8.05009;30;1023.4;29.4253;1557.9;60;0;40
8.06009;30;1023.8;29.8241;1534.05;60;0;40
8.07009;30;1022.63;28.659;1604.49;60;0;40
8.08009;30;1022.18;28.2118;1632.04;60;0;40
8.09009;30;1023.03;29.0568;1581.72;60;0;40
8.10009;30;1022.62;28.6457;1606.92;60;0;40
8.11009;30;1022.88;28.9038;1591.87;60;0;40
8.12009;30;1023.96;29.9861;1526.94;60;0;40
8.13009;30;1023.33;29.3607;1564.72;60;0;40
8.14009;30;1023.74;29.7688;1540.33;60;0;40
8.15009;30;1024.56;30.5844;1491.16;60;0;40
8.16009;30;1023.76;29.7885;1539;60;0;40
8.17009;30;1023.96;29.9931;1526.72;60;0;40
8.18009;30;1024.02;30.0435;1523.68;60;0;40
8.19009;30;1023.13;29.1571;1577.2;60;0;40
8.20009;30;1022.99;29.0234;1585.62;60;0;40
8.21009;30;1022.31;28.341;1627.22;60;0;40
8.22009;30;1022.23;28.2561;1633.01;60;0;40
8.23009;30;1022.81;28.8408;1598.4;60;0;40
8.24009;30;1022.73;28.7542;1604.09;60;0;40
8.25009;30;1023.1;29.1306;1581.86;60;0;40
8.26009;30;1024.04;30.0674;1525.62;60;0;40
8.27009;30;1023.33;29.357;1568.5;60;0;40
8.28009;30;1024.02;30.0511;1526.84;60;0;40
8.29009;30;1024.52;30.5528;1496.51;60;0;40
8.30009;30;1023.57;29.597;1554.02;60;0;40
8.31009;30;1024.19;30.2216;1516.45;60;0;40
8.3201;30;1024.23;30.2569;1514.24;60;0;40
8.3301;30;1022.98;29.0131;1589.26;60;0;40
8.3401;30;1023.32;29.3477;1569.45;60;0;40
8.3501;30;1022.95;28.9743;1592.26;60;0;40
8.3601;30;1022.48;28.5086;1620.8;60;0;40
8.3701;30;1022.77;28.7987;1603.87;60;0;40
8.3801;30;1022.85;28.8811;1599.37;60;0;40
8.3901;30;1022.86;28.8846;1599.61;60;0;40
8.4001;30;1023.71;29.7379;1548.52;60;0;40
8.4101;30;1023.66;29.6899;1551.52;60;0;40
8.4201;30;1023.85;29.8819;1540.05;60;0;40
8.4301;30;1024.49;30.5186;1501.64;60;0;40
8.4401;30;1023.83;29.8566;1541.42;60;0;40
8.4501;30;1024.36;30.3869;1509.44;60;0;40
8.4601;30;1024.35;30.378;1509.83;60;0;40
8.4701;30;1023.61;29.6405;1554.22;60;0;40
8.4801;30;1023.91;29.9406;1536.24;60;0;40
8.4901;30;1023.16;29.1899;1581.61;60;0;40
8.5001;30;1022.48;28.5077;1623.13;60;0;40
8.5101;30;1023.39;29.4165;1568.84;60;0;40
8.5201;30;1022.68;28.7118;1611.64;60;0;40
8.5301;30;1022.63;28.6536;1615.67;60;0;40
8.5401;30;1023.67;29.7009;1552.95;60;0;40
8.5501;30;1023.36;29.3861;1572.08;60;0;40
8.5601;30;1023.53;29.5616;1561.73;60;0;40
8.5701;30;1024.73;30.7597;1489.54;60;0;40
8.5801;30;1023.69;29.7216;1551.94;60;0;40
8.5901;30;1023.96;29.9904;1535.81;60;0;40
8.6001;30;1024.51;30.5381;1502.73;60;0;40
8.6101;30;1023.52;29.5506;1562.16;60;0;40
8.6201;30;1023.8;29.8283;1545.57;60;0;40
8.6301;30;1023.22;29.2488;1580.64;60;0;40
8.6401;30;1022.71;28.7382;1611.78;60;0;40
8.6501;30;1022.99;29.0191;1595.32;60;0;40
8.6601;30;1022.64;28.6668;1616.99;60;0;40
8.6701;30;1022.76;28.791;1610.02;60;0;40
8.6801;30;1023.65;29.6753;1557.09;60;0;40
8.6901;30;1023.43;29.4543;1570.57;60;0;40
8.7001;30;1023.83;29.8566;1546.49;60;0;40
8.7101;30;1024.57;30.6027;1501.48;60;0;40
8.7201;30;1023.74;29.765;1551.84;60;0;40
8.7301;30;1024.41;30.4407;1511.12;60;0;40
8.7401;30;1024.81;30.8405;1486.8;60;0;40
8.7501;30;1023.57;29.6017;1561.29;60;0;40
8.76011;30;1023.92;29.9507;1540.37;60;0;40
8.77011;30;1023.81;29.8419;1546.96;60;0;40
8.78011;30;1022.68;28.7116;1615.29;60;0;40
8.79011;30;1022.83;28.8575;1606.99;60;0;40
8.80011;30;1022.78;28.8036;1610.71;60;0;40
8.81011;30;1022.64;28.6695;1619.28;60;0;40
8.82011;30;1023.33;29.359;1578.17;60;0;40
8.83011;30;1023.57;29.5958;1564.13;60;0;40
8.84011;30;1023.62;29.6479;1561.14;60;0;40
8.85011;30;1024.42;30.4483;1512.93;60;0;40
8.86011;30;1024.04;30.0731;1535.42;60;0;40
8.87011;30;1024.35;30.3824;1516.71;60;0;40
8.88011;30;1024.87;30.8975;1485.44;60;0;40
8.89011;30;1024.04;30.0662;1535.29;60;0;40
8.90011;30;1024.41;30.439;1512.75;60;0;40
8.91011;30;1024.07;30.101;1532.99;60;0;40
8.92011;30;1022.99;29.0225;1598.09;60;0;40
8.93011;30;1023.52;29.5511;1566.55;60;0;40
8.94011;30;1022.73;28.755;1614.82;60;0;40
8.95011;30;1022.27;28.2934;1643.2;60;0;40
8.96011;30;1023.32;29.3457;1580.32;60;0;40
8.97011;30;1023.41;29.4347;1575.21;60;0;40
8.98011;30;1023.32;29.3481;1580.66;60;0;40
8.99011;30;1024.57;30.5937;1505.69;60;0;40
9.00011;30;1023.94;29.9707;1543.08;60;0;40
9.01011;30;1023.81;29.8342;1551.34;60;0;40
9.02011;30;1024.83;30.8577;1489.58;60;0;40
9.03011;30;1023.92;29.9464;1544.28;60;0;40
9.04011;30;1023.93;29.9554;1543.76;60;0;40
9.05011;30;1024.12;30.1534;1531.82;60;0;40
9.06011;30;1023.29;29.3189;1582.16;60;0;40
9.07011;30;1023.42;29.4441;1574.87;60;0;40
9.08011;30;1022.85;28.8749;1609.48;60;0;40
9.09011;30;1022.37;28.3979;1638.74;60;0;40
9.10011;30;1023.09;29.1136;1596.15;60;0;40
9.11011;30;1023.06;29.0869;1598.12;60;0;40
9.12011;30;1023.52;29.5522;1570.38;60;0;40
9.13011;30;1024.31;30.3369;1523.16;60;0;40
9.14011;30;1023.68;29.7066;1561.1;60;0;40
9.15011;30;1024.05;30.0805;1538.63;60;0;40
9.16011;30;1024.94;30.9666;1485.08;60;0;40
9.17011;30;1023.68;29.705;1560.89;60;0;40
9.18011;30;1024.26;30.2846;1526;60;0;40
9.19011;30;1024.57;30.5984;1506.93;60;0;40
9.20012;30;1023.42;29.4485;1576.15;60;0;40
9.21012;30;1023.86;29.8889;1549.77;60;0;40
9.22012;30;1023.48;29.5075;1572.85;60;0;40
9.23012;30;1022.73;28.7556;1618.46;60;0;40
9.24012;30;1022.78;28.813;1615.49;60;0;40
9.25012;30;1023.02;29.0508;1601.6;60;0;40
9.26012;30;1023;29.0252;1603.53;60;0;40
9.27012;30;1023.81;29.8355;1554.98;60;0;40
9.28012;30;1023.87;29.9019;1551.04;60;0;40
9.29012;30;1023.85;29.8767;1552.59;60;0;40
9.30012;30;1024.67;30.6972;1503.08;60;0;40
9.31012;30;1024.05;30.0768;1540.28;60;0;40
9.32012;30;1024.47;30.4999;1514.69;60;0;40
9.33012;30;1024.85;30.8743;1491.88;60;0;40
9.34012;30;1023.95;29.9813;1545.47;60;0;40
9.35012;30;1024.25;30.2762;1527.66;60;0;40
9.36012;30;1023.82;29.8469;1553.48;60;0;40
9.37012;30;1022.81;28.8371;1614.53;60;0;40
9.38012;30;1023.43;29.4588;1577.45;60;0;40
9.39012;30;1022.97;28.9958;1605.63;60;0;40
9.40012;30;1022.75;28.781;1619.01;60;0;40
9.41012;30;1023.67;29.6986;1564.07;60;0;40
9.42012;30;1023.67;29.6953;1564.39;60;0;40
9.43012;30;1023.51;29.5344;1574.23;60;0;40
9.44012;30;1024.82;30.8434;1495.35;60;0;40
9.45012;30;1023.84;29.873;1553.63;60;0;40
9.46012;30;1024.09;30.1161;1538.99;60;0;40
9.47012;30;1024.85;30.8776;1492.95;60;0;40
9.48012;30;1023.74;29.7661;1559.74;60;0;40
9.49012;30;1023.88;29.905;1551.44;60;0;40
9.50012;30;1023.71;29.735;1561.75;60;0;40
9.51012;30;1023.05;29.0828;1601.25;60;0;40
9.52012;30;1023.09;29.1154;1599.65;60;0;40
9.53012;30;1022.72;28.744;1622.43;60;0;40
9.54012;30;1022.7;28.731;1623.72;60;0;40
9.55012;30;1023.57;29.5949;1572.05;60;0;40
9.56012;30;1023.54;29.5684;1573.81;60;0;40
9.57012;30;1023.8;29.8294;1558.22;60;0;40
9.58012;30;1024.62;30.6454;1509;60;0;40
9.59012;30;1023.9;29.9267;1552.15;60;0;40
9.60012;30;1024.24;30.2652;1531.74;60;0;40
9.61012;30;1025.03;31.0622;1483.49;60;0;40
9.62012;30;1023.88;29.9057;1552.92;60;0;40
9.63013;30;1024.36;30.3836;1524.09;60;0;40
9.64013;30;1024.42;30.4471;1520.1;60;0;40
9.65013;30;1023.25;29.2744;1590.76;60;0;40
9.66013;30;1023.52;29.5472;1574.57;60;0;40
9.67013;30;1023.2;29.2254;1594.18;60;0;40
9.68013;30;1022.47;28.4976;1638.46;60;0;40
9.69013;30;1022.84;28.8723;1616.43;60;0;40
9.70013;30;1023.38;29.4044;1584.74;60;0;40
9.71013;30;1023.32;29.3434;1588.66;60;0;40
9.72013;30;1024.18;30.2047;1536.9;60;0;40
9.73013;30;1024.02;30.0515;1546.07;60;0;40
9.74013;30;1024.19;30.2139;1536.24;60;0;40
9.75013;30;1024.81;30.8426;1498.18;60;0;40
9.76013;30;1024.4;30.4307;1522.72;60;0;40
9.77013;30;1024.63;30.6579;1508.83;60;0;40
9.78013;30;1024.85;30.8765;1495.36;60;0;40
9.79013;30;1023.77;29.7968;1560.23;60;0;40
9.80013;30;1024.19;30.2173;1534.9;60;0;40
9.81013;30;1023.53;29.5623;1574.38;60;0;40
9.82013;30;1022.5;28.5236;1637.3;60;0;40
9.83013;30;1023.14;29.1666;1599.05;60;0;40
9.84013;30;1023.03;29.0601;1605.82;60;0;40
9.85013;30;1022.92;28.9479;1612.97;60;0;40
9.86013;30;1024.01;30.0353;1547.71;60;0;40
9.87013;30;1023.85;29.8759;1557.33;60;0;40
9.88013;30;1023.84;29.8665;1557.94;60;0;40
9.89013;30;1025.04;31.0679;1485.43;60;0;40
9.90013;30;1024.13;30.1577;1539.98;60;0;40
9.91013;30;1024.15;30.1826;1538.41;60;0;40
9.92013;30;1024.77;30.798;1501.17;60;0;40
9.93013;30;1023.75;29.7787;1562.41;60;0;40
9.94013;30;1023.92;29.9453;1552.44;60;0;40
9.95013;30;1023.42;29.4532;1582.19;60;0;40
9.96013;30;1022.68;28.7095;1627.32;60;0;40
9.97013;30;1022.85;28.8778;1617.67;60;0;40
9.98013;30;1022.91;28.9397;1614.38;60;0;40
9.99013;30;1022.88;28.9075;1616.75;60;0;40
