0;100;994.015;0.0776367;1089.15;10;0;90
0.01;100;994.113;0.174927;1178.02;10;0;90
0.02;100;994.005;0.0674438;1269.04;10;0;90
0.03;100;994.081;0.143188;1358.15;10;0;90
0.04;100;994.114;0.176636;1447.66;10;0;90
0.05;100;994.038;0.100525;1538.33;10;0;90
0.06;100;994.14;0.202087;1627.13;10;0;90
0.07;100;994.195;0.257141;1716.35;10;0;90
0.08;100;994.163;0.225342;1806.46;10;0;90
0.09;100;994.173;0.235413;1896.15;10;0;90
0.1;100;994.187;0.24939;1985.79;10;0;90
0.11;100;994.135;0.197327;2076.13;10;0;90
0.12;100;994.146;0.20813;2165.84;10;0;90
0.13;100;993.999;0.0617065;2257.24;10;0;90
0.14;100;994.135;0.197021;2345.71;10;0;90
0.15;100;994.216;0.278442;2434.65;10;0;90
0.16;100;994.097;0.15979;2525.69;10;0;90
0.17;100;994.187;0.249146;2614.57;10;0;90
0.18;100;994.218;0.280396;2704.01;10;0;90
0.19;100;994.115;0.17749;2794.88;10;0;90
0.2;100;994.028;0.0898438;2885.67;10;0;90
0.21;100;994.214;0.276123;2973.56;10;0;90
0.22;100;994.028;0.0900879;3065.34;10;0;90
0.23;100;994.126;0.188293;3154.19;10;0;90
0.24;100;994.116;0.17804;3244.13;10;0;90
0.25;100;994.414;0.476318;3330.72;10;0;90
0.26;100;994.279;0.341614;3421.76;10;0;90
0.27;100;994.745;0.807434;3506.38;10;0;90
0.28;100;996.921;2.98352;3571.93;10;0;90
0.29;100;997.483;3.54504;3653.12;10;0;90
0.3;100;999.773;5.83502;3714.97;10;0;90
0.31;100;1000.63;6.69702;3790.32;10;0;90
0.32;100;1002.57;8.63409;3853.18;10;0;90
0.33;100;1005.39;11.4539;3904.68;10;0;90
0.34;100;1007.01;13.0734;3966.72;10;0;90
0.35;100;1008.88;14.9375;4024.63;10;0;90
0.36;100;1011.74;17.8034;4069.95;10;0;90
0.37;100;1014;20.0585;4096;10;0;90
0.38;100;1016.99;23.0521;4096;10;0;90
0.39;100;1019.07;25.1297;4096;10;0;90
0.4;100;1021.99;28.0553;4096;10;0;90
0.41;100;1024.54;30.6022;4096;10;0;90
0.42;100;1026.74;32.7999;4096;10;0;90
0.43;100;1030.05;36.1105;4096;10;0;90
0.44;100;1033.15;39.2147;4096;10;0;90
0.45;100;1036.03;42.0958;4096;10;0;90
0.46;100;1039.13;45.1893;4096;10;0;90
0.47;100;1041.27;47.3332;4096;10;0;90
0.48;100;1044.19;50.2532;4096;10;0;90
0.49;100;1048.33;54.3903;4096;10;0;90
0.5;100;1051.14;57.2043;4096;10;0;90
0.51;100;1053.38;59.4402;4096;10;0;90
0.52;100;1057.08;63.144;4096;10;0;90
0.53;100;1059.83;65.8904;4096;10;0;90
0.54;100;1063.33;69.3942;4096;10;0;90
0.55;100;1065.36;71.425;4096;10;0;90
0.56;100;1068.66;74.7214;4096;10;0;90
0.57;100;1070.4;76.4614;4096;10;0;90
0.58;100;1073.04;79.1013;4096;10;0;90
0.59;100;1076.07;82.132;4096;10;0;90
0.6;100;1077.66;83.7175;4096;10;0;90
0.61;100;1080.08;86.1473;4096;10;0;90
0.62;100;1081.98;88.0377;4096;10;0;90
0.63;100;1083.06;89.1224;4096;10;0;90
0.64;100;1085.2;91.261;4096;10;0;90
0.65;100;1086.01;92.0724;4096;10;0;90
0.66;100;1086.81;92.8677;4096;10;0;90
0.67;100;1089.06;95.1266;4096;10;0;90
0.68;100;1089.57;95.629;4096;10;0;90
0.69;100;1090.74;96.8063;4096;10;0;90
0.7;100;1092.22;98.2798;4096;10;0;90
0.71;100;1092.1;98.1581;4096;10;0;90
0.72;100;1093.46;99.5266;4096;10;0;90
0.73;100;1093.64;99.6974;4096;10;0;90
0.74;100;1093.69;99.7496;4096;10;0;90
0.75;100;1095.36;101.427;4096;10;0;90
0.76;100;1095.15;101.216;4096;10;0;90
0.77;100;1096.22;102.287;4096;10;0;90
0.78;100;1096.9;102.963;4096;10;0;90
0.79;100;1096.53;102.587;4096;10;0;90
0.8;100;1097.66;103.723;4096;10;0;90
0.81;100;1096.96;103.025;4096;10;0;90
0.82;100;1097.57;103.637;4096;10;0;90
0.83;100;1098.34;104.404;4096;10;0;90
0.839999;100;1098.05;104.117;4096;10;0;90
0.849999;100;1099.31;105.375;4096;10;0;90
0.859999;100;1098.88;104.938;4096;10;0;90
0.869999;100;1099.13;105.191;4096;10;0;90
0.879999;100;1099.51;105.571;4096;10;0;90
0.889999;100;1098.66;104.726;4096;10;0;90
0.899999;100;1099.92;105.978;4096;10;0;90
0.909999;100;1099.53;105.593;4096;10;0;90
0.919999;100;1099.91;105.974;4096;10;0;90
0.929999;100;1100.47;106.533;4096;10;0;90
0.939999;100;1099.72;105.782;4096;10;0;90
0.949999;100;1100.46;106.519;4096;10;0;90
0.959999;100;1099.79;105.849;4096;10;0;90
0.969999;100;1100.09;106.151;4096;10;0;90
0.979999;100;1100.48;106.545;4096;10;0;90
0.989999;100;1100.03;106.087;4096;10;0;90
0.999999;100;1101.04;107.101;4096;10;0;90
1.01;100;1100.66;106.719;4096;10;0;90
1.02;100;1100.5;106.564;4096;10;0;90
1.03;100;1100.8;106.861;4096;10;0;90
1.04;100;1099.91;105.97;4096;10;0;90
1.05;100;1101.24;107.3;4096;10;0;90
1.06;100;1100.6;106.658;4096;10;0;90
1.07;100;1101;107.058;4096;10;0;90
1.08;100;1101.5;107.562;4096;10;0;90
1.09;100;1100.68;106.743;4096;10;0;90
1.1;100;1101.4;107.462;4096;10;0;90
1.11;100;1100.46;106.518;4096;10;0;90
1.12;100;1100.9;106.967;4091.74;10;0;90
1.13;100;1101.3;107.359;4081.2;10;0;90
1.14;100;1100.61;106.676;4082.02;10;0;90
1.15;100;1101.65;107.708;4064.76;10;0;90
1.16;100;1101.05;107.108;4064.37;10;0;90
1.17;100;1101.29;107.357;4055.26;10;0;90
1.18;100;1101.11;107.176;4050.61;10;0;90
1.19;100;1100.47;106.529;4051.2;10;0;90
1.2;100;1101.5;107.564;4034.05;10;0;90
1.21;100;1100.81;106.875;4034.75;10;0;90
1.22;100;1101.31;107.372;4023.14;10;0;90
1.23;100;1101.36;107.427;4015.91;10;0;90
1.24;100;1100.85;106.912;4014.84;10;0;90
1.25;100;1101.19;107.252;4004.91;10;0;90
1.26;100;1099.94;106.001;4012.02;10;0;90
1.27;100;1101.13;107.193;3993.62;10;0;90
1.28;100;1100.36;106.422;3995.55;10;0;90
1.29;100;1101.04;107.105;3982.33;10;0;90
1.3;100;1100.69;106.753;3979.77;10;0;90
1.31;100;1100.38;106.444;3977.06;10;0;90
1.32;100;1100.14;106.202;3973.9;10;0;90
1.33;100;1099.55;105.616;3974.71;10;0;90
1.34;100;1100.48;106.546;3959.52;10;0;90
1.35;100;1099.63;105.694;3962.91;10;0;90
1.36;100;1100.67;106.736;3946.42;10;0;90
1.37;100;1099.35;105.41;3954.82;10;0;90
1.38;100;1099.96;106.026;3943.23;10;0;90
1.39;100;1098.47;104.535;3954.07;10;0;90
1.4;100;1099.59;105.654;3937.79;10;0;90
1.41;100;1098.76;104.823;3941.76;10;0;90
1.42;100;1099.7;105.761;3927.19;10;0;90
1.43;100;1098.6;104.661;3934;10;0;90
1.44;100;1099.23;105.293;3922.92;10;0;90
1.45;100;1097.87;103.933;3932.97;10;0;90
1.46;100;1098.8;104.863;3919.3;10;0;90
1.47;100;1098.11;104.171;3922.46;10;0;90
1.48;100;1099;105.063;3908.99;10;0;90
1.49;100;1097.8;103.867;3917.47;10;0;90
1.5;100;1098.54;104.599;3906;10;0;90
1.51;100;1097.3;103.365;3915.31;10;0;90
1.52;100;1098.13;104.193;3903.26;10;0;90
1.53;100;1097.6;103.661;3905.29;10;0;90
1.54;100;1098.25;104.312;3894.89;10;0;90
1.55;100;1097.55;103.615;3898.61;10;0;90
1.56;100;1097.34;103.403;3897.67;10;0;90
1.57;100;1097.31;103.373;3894.93;10;0;90
1.58;100;1097.24;103.305;3892.63;10;0;90
1.59;100;1097.47;103.533;3887.18;10;0;90
1.6;100;1097.21;103.274;3886.83;10;0;90
1.61;100;1097.49;103.55;3880.86;10;0;90
1.62;100;1096.42;102.487;3889.26;10;0;90
1.63;100;1097.33;103.393;3877.15;10;0;90
1.64;100;1096.63;102.696;3881.69;10;0;90
1.65;100;1097.54;103.598;3869.43;10;0;90
1.66;100;1096.53;102.593;3877.15;10;0;90
1.67;100;1097.17;103.231;3867.86;10;0;90
1.68;100;1096.25;102.307;3875.02;10;0;90
1.69;100;1096.73;102.788;3867.71;10;0;90
1.7;100;1096.65;102.71;3866.05;10;0;90
1.71;100;1096.74;102.803;3862.59;10;0;90
1.72;100;1096.71;102.768;3860.45;10;0;90
1.73;100;1095.84;101.902;3867.4;10;0;90
1.74;100;1096.67;102.733;3856.63;10;0;90
1.75;100;1096.04;102.104;3861.03;10;0;90
1.76;100;1096.98;103.042;3848.91;10;0;90
1.77;100;1095.85;101.909;3858.52;10;0;90
1.78;100;1096.32;102.383;3851.64;10;0;90
1.79;100;1095.74;101.805;3855.79;10;0;90
1.8;100;1095.8;101.865;3853.51;10;0;90
1.81;100;1096.23;102.29;3847.2;10;0;90
1.82;100;1095.76;101.818;3850.29;10;0;90
1.83;100;1096.27;102.329;3843.08;10;0;90
1.84;100;1095.03;101.095;3854.43;10;0;90
1.85;100;1095.96;102.023;3843.33;10;0;90
1.86;100;1095.41;101.472;3847.51;10;0;90
1.87;100;1096.05;102.108;3839.26;10;0;90
1.88;100;1095.69;101.755;3841.21;10;0;90
1.89;100;1095.1;101.158;3846.14;10;0;90
1.9;100;1095.71;101.775;3838.37;10;0;90
1.91;100;1094.91;100.975;3845.49;10;0;90
1.92;100;1096.14;102.204;3831.22;10;0;90
1.93;100;1095.3;101.36;3838.44;10;0;90
1.94;100;1095.31;101.372;3837.08;10;0;90
1.95;100;1095.1;101.16;3838.15;10;0;90
1.96;100;1094.84;100.902;3839.93;10;0;90
1.97;100;1095.85;101.913;3828.1;10;0;90
1.98;100;1095.05;101.114;3835.08;10;0;90
1.99;100;1095.45;101.512;3829.74;10;0;90
2;100;1094.4;100.46;3839.85;10;0;90
2.01;100;1095.24;101.306;3830.21;10;0;90
2.02;100;1095.22;101.278;3829.34;10;0;90
2.03;100;1094.94;101.003;3831.19;10;0;90
2.04;100;1095.48;101.544;3824.39;10;0;90
2.05;100;1094.19;100.257;3837.02;10;0;90
2.06;100;1095.39;101.456;3823.72;10;0;90
2.07;100;1094.76;100.823;3829.32;10;0;90
2.08;100;1095.19;101.25;3823.92;10;0;90
2.09;100;1095.11;101.172;3823.65;10;0;90
2.1;100;1094.28;100.345;3831.61;10;0;90
2.11;100;1095.08;101.138;3822.65;10;0;90
2.12;100;1094.51;100.572;3827.8;10;0;90
2.13;100;1095.33;101.394;3818.32;10;0;90
2.14;100;1094.73;100.792;3823.63;10;0;90
2.15;100;1094.35;100.416;3827.02;10;0;90
2.16;100;1094.98;101.045;3819.78;10;0;90
2.17;100;1094.34;100.399;3825.88;10;0;90
2.18;100;1095.36;101.425;3814.34;10;0;90
2.19;100;1094.47;100.531;3822.8;10;0;90
2.2;100;1094.62;100.684;3820.66;10;0;90
2.21;100;1094.6;100.661;3820.29;10;0;90
2.22;100;1094.31;100.376;3822.81;10;0;90
2.23;100;1095.45;101.511;3810.09;10;0;90
2.24;100;1094.35;100.417;3820.66;10;0;90
2.25;100;1094.82;100.88;3815.24;10;0;90
2.26;100;1094.31;100.376;3819.94;10;0;90
2.27;100;1094.4;100.467;3818.61;10;0;90
2.28;100;1095.03;101.091;3811.39;10;0;90
2.29;100;1094.44;100.507;3816.77;10;0;90
2.3;100;1094.79;100.854;3812.53;10;0;90
2.31;100;1093.78;99.8464;3822.75;10;0;90
2.32;100;1094.49;100.553;3815.18;10;0;90
2.33;100;1094.72;100.786;3812.14;10;0;90
2.34;100;1094.43;100.494;3814.62;10;0;90
2.35;100;1094.96;101.025;3808.39;10;0;90
2.36;100;1093.66;99.7214;3821.67;10;0;90
2.37;100;1094.68;100.737;3810.85;10;0;90
2.38;100;1094.54;100.604;3811.65;10;0;90
2.39;100;1094.33;100.392;3813.41;10;0;90
2.4;100;1094.83;100.891;3807.62;10;0;90
2.41;100;1093.45;99.517;3821.79;10;0;90
2.42;100;1094.65;100.71;3809.22;10;0;90
2.43;100;1094.15;100.21;3814.03;10;0;90
2.44;100;1094.47;100.537;3810.28;10;0;90
2.45;100;1094.68;100.742;3807.57;10;0;90
2.46;100;1093.51;99.5753;3819.61;10;0;90
2.47;100;1094.67;100.731;3807.39;10;0;90
2.48;100;1093.98;100.046;3814.2;10;0;90
2.49;100;1094.69;100.751;3806.48;10;0;90
2.5;100;1094.42;100.483;3808.72;10;0;90
2.51;100;1093.85;99.9147;3814.48;10;0;90
2.52;100;1094.62;100.683;3806.19;10;0;90
2.53;100;1093.83;99.8953;3814.16;10;0;90
2.54;100;1094.95;101.009;3802.11;10;0;90
2.55;100;1094.22;100.287;3809.08;10;0;90
2.56;100;1093.75;99.8148;3813.96;10;0;90
2.57;100;1094.53;100.592;3805.65;10;0;90
2.58;100;1093.81;99.8735;3812.96;10;0;90
2.59;100;1094.78;100.843;3802.5;10;0;90
2.6;100;1094.27;100.333;3807.3;10;0;90
2.61;100;1093.89;99.9539;3811.14;10;0;90
2.62;100;1094.42;100.484;3805.39;10;0;90
2.63;100;1093.68;99.7375;3813.1;10;0;90
2.64;100;1094.88;100.946;3800.16;10;0;90
2.65;100;1094.05;100.115;3808.37;10;0;90
2.66;100;1093.97;100.034;3809.15;10;0;90
2.67;100;1094.08;100.147;3807.88;10;0;90
2.68;100;1093.92;99.9802;3809.57;10;0;90
2.69;100;1094.69;100.756;3801.13;10;0;90
2.7;100;1093.91;99.9708;3809.01;10;0;90
2.71;100;1094.04;100.097;3807.66;10;0;90
2.72;100;1094.09;100.148;3807.02;10;0;90
2.73;100;1093.72;99.7823;3810.87;10;0;90
2.74;100;1094.88;100.945;3798.39;10;0;90
2.75;100;1093.91;99.9673;3808.2;10;0;90
2.76;100;1094.14;100.205;3805.64;10;0;90
2.77;100;1094.04;100.1;3806.6;10;0;90
2.78;100;1093.68;99.7438;3810.39;10;0;90
2.79;100;1094.74;100.804;3799.07;10;0;90
2.8;100;1093.85;99.9131;3808.05;10;0;90
2.81;100;1093.98;100.044;3806.71;10;0;90
2.82;100;1093.84;99.9022;3808.21;10;0;90
2.83;100;1093.84;99.905;3808.27;10;0;90
2.84;100;1094.53;100.59;3800.88;10;0;90
2.85;100;1093.97;100.036;3806.4;10;0;90
2.86;100;1094.21;100.271;3803.81;10;0;90
2.87;100;1093.61;99.6744;3810.06;10;0;90
2.88;100;1093.94;100.004;3806.76;10;0;90
2.89;100;1094.57;100.636;3799.87;10;0;90
2.9;100;1093.78;99.8469;3807.9;10;0;90
2.91;100;1094.47;100.532;3800.57;10;0;90
2.92;100;1093.46;99.5175;3811.15;10;0;90
2.93;100;1093.92;99.9869;3806.47;10;0;90
2.94;100;1094.51;100.573;3800.09;10;0;90
2.95;100;1093.8;99.8585;3807.36;10;0;90
2.96;100;1094.6;100.66;3798.75;10;0;90
2.97;100;1093.51;99.5726;3810.01;10;0;90
2.98;100;1093.91;99.9673;3806.09;10;0;90
2.99;100;1094.43;100.491;3800.41;10;0;90
3;100;1093.83;99.8878;3806.55;10;0;90
3.01;100;1094.5;100.561;3799.31;10;0;90
3.02;100;1093.48;99.5444;3809.89;10;0;90
3.03;100;1093.98;100.038;3804.92;10;0;90
3.04;100;1094.42;100.481;3800.05;10;0;90
3.05;100;1093.78;99.847;3806.53;10;0;90
3.06;100;1094.43;100.495;3799.61;10;0;90
3.07;100;1093.35;99.4149;3810.93;10;0;90
3.08;100;1094.1;100.165;3803.28;10;0;90
3.09;100;1094.29;100.354;3801.07;10;0;90
3.1;100;1094.07;100.135;3803.14;10;0;90
3.11;100;1094.42;100.485;3799.21;10;0;90
3.12;100;1093.24;99.3032;3811.65;10;0;90
3.13;100;1094.2;100.264;3801.81;10;0;90
3.14;100;1094.21;100.275;3801.44;10;0;90
3.15;100;1093.73;99.7921;3806.46;10;0;90
3.16;100;1094.55;100.615;3797.69;10;0;90
3.17;100;1093.22;99.2783;3811.7;10;0;90
3.18;100;1094.05;100.115;3803.23;10;0;90
3.19;100;1094.19;100.257;3801.58;10;0;90
3.2;100;1094.06;100.123;3802.8;10;0;90
3.21;100;1094.47;100.53;3798.25;10;0;90
3.22;100;1093.2;99.2584;3811.64;10;0;90
3.23;100;1094.06;100.118;3802.94;10;0;90
3.24;100;1094.16;100.223;3801.69;10;0;90
3.25;100;1093.98;100.046;3803.42;10;0;90
3.26;100;1094.45;100.508;3798.35;10;0;90
3.27;100;1093.19;99.2545;3811.55;10;0;90
3.28;100;1094.25;100.317;3800.64;10;0;90
3.29;100;1093.91;99.9758;3804.07;10;0;90
3.3;100;1094.32;100.386;3799.63;10;0;90
3.31;100;1094.43;100.496;3798.08;10;0;90
3.32;100;1093.24;99.2993;3810.67;10;0;90
3.33;100;1094.54;100.602;3797.1;10;0;90
3.34;100;1093.95;100.014;3802.97;10;0;90
3.35;100;1094.46;100.525;3797.39;10;0;90
3.36;100;1094.4;100.467;3797.55;10;0;90
3.37;100;1093.36;99.4199;3808.54;10;0;90
3.38;100;1094.47;100.531;3796.95;10;0;90
3.39;100;1093.81;99.8738;3803.64;10;0;90
3.4;100;1094.37;100.431;3797.68;10;0;90
3.41;100;1094.39;100.456;3797.02;10;0;90
3.42;100;1093.36;99.4227;3807.87;10;0;90
3.43;100;1094.39;100.454;3797.15;10;0;90
3.44;100;1093.71;99.774;3804.15;10;0;90
3.45;100;1094.25;100.311;3798.5;10;0;90
3.46;100;1094.21;100.272;3798.65;10;0;90
3.47;100;1093.41;99.4764;3807.08;10;0;90
3.48;100;1094.29;100.352;3798;10;0;90
3.49;100;1093.56;99.6174;3805.69;10;0;90
3.5;100;1094.59;100.649;3794.8;10;0;90
3.51;100;1094.18;100.244;3798.62;10;0;90
3.52;100;1093.58;99.6464;3804.92;10;0;90
3.53;100;1094.55;100.616;3794.67;10;0;90
3.54;100;1093.57;99.6293;3804.87;10;0;90
3.55;100;1094.68;100.742;3793.07;10;0;90
3.56;100;1094.08;100.145;3798.92;10;0;90
3.57;100;1093.45;99.5129;3805.67;10;0;90
3.58;100;1094.52;100.58;3794.48;10;0;90
3.59;100;1093.62;99.6774;3803.79;10;0;90
3.6;100;1094.6;100.666;3793.31;10;0;90
3.61;100;1094;100.06;3799.31;10;0;90
3.62;100;1093.42;99.4818;3805.56;10;0;90
3.63;100;1094.25;100.309;3797.02;10;0;90
3.64;100;1093.62;99.6805;3803.59;10;0;90
3.65;100;1094.53;100.593;3793.93;10;0;90
3.66;100;1093.86;99.9249;3800.68;10;0;90
3.67;100;1093.55;99.6094;3804.18;10;0;90
3.68;100;1094.23;100.288;3797.13;10;0;90
3.69;100;1093.48;99.5443;3804.99;10;0;90
3.7;100;1094.58;100.647;3793.37;10;0;90
3.71;100;1093.86;99.9195;3800.72;10;0;90
3.72;100;1093.74;99.8049;3802.04;10;0;90
3.73;100;1094.19;100.254;3797.32;10;0;90
3.74;100;1093.35;99.4086;3806.31;10;0;90
3.75;100;1094.7;100.765;3792.06;10;0;90
3.76;100;1093.86;99.9199;3800.58;10;0;90
3.77;100;1093.81;99.8741;3801.15;10;0;90
3.78;100;1094.15;100.215;3797.55;10;0;90
3.79;100;1093.46;99.5211;3804.92;10;0;90
3.8;100;1094.64;100.703;3792.46;10;0;90
3.81;100;1093.89;99.9532;3800.01;10;0;90
3.82;100;1093.81;99.8674;3800.99;10;0;90
3.83;100;1094.1;100.164;3797.87;10;0;90
3.84;100;1093.65;99.7103;3802.67;10;0;90
3.85;100;1094.56;100.624;3792.97;10;0;90
3.86;100;1093.75;99.8141;3801.24;10;0;90
3.87;100;1093.85;99.9116;3800.34;10;0;90
3.88;100;1093.97;100.029;3799.15;10;0;90
3.89;100;1093.56;99.6227;3803.55;10;0;90
3.9;100;1094.62;100.683;3792.33;10;0;90
3.91;100;1093.6;99.6644;3802.82;10;0;90
3.92;100;1093.85;99.9116;3800.42;10;0;90
3.93;100;1093.84;99.9016;3800.61;10;0;90
3.94;100;1093.67;99.7369;3802.5;10;0;90
3.95;100;1094.6;100.661;3792.66;10;0;90
3.96;100;1093.79;99.8487;3800.92;10;0;90
3.97;100;1094.32;100.378;3795.28;10;0;90
3.98;100;1093.75;99.8141;3801.09;10;0;90
3.99;100;1093.5;99.5643;3803.98;10;0;90
4;100;1094.88;100.946;3789.31;10;0;90
4.01;100;1093.71;99.77;3801.28;10;0;90
4.02;100;1093.97;100.035;3798.6;10;0;90
4.03;100;1093.88;99.9379;3799.63;10;0;90
4.04;100;1093.58;99.6434;3802.89;10;0;90
4.05;100;1094.52;100.587;3792.93;10;0;90
4.06;100;1093.74;99.8055;3800.92;10;0;90
4.07;100;1094.05;100.114;3797.73;10;0;90
4.08;100;1093.82;99.8813;3800.16;10;0;90
4.09;100;1093.54;99.6014;3803.32;10;0;90
4.1;100;1094.47;100.535;3793.5;10;0;90
4.11;100;1093.62;99.6859;3802.28;10;0;90
4.12;100;1094;100.063;3798.45;10;0;90
4.13;100;1093.76;99.824;3801;10;0;90
4.14;100;1093.6;99.6671;3802.87;10;0;90
4.15;100;1094.51;100.57;3793.33;10;0;90
4.16;100;1093.67;99.7302;3801.97;10;0;90
4.17;100;1094.26;100.317;3795.81;10;0;90
4.18;100;1093.76;99.8207;3800.94;10;0;90
4.19;100;1093.55;99.6135;3803.36;10;0;90
4.2;100;1094.56;100.618;3792.75;10;0;90
4.21;100;1093.64;99.7009;3802.2;10;0;90
4.22;100;1094.03;100.094;3798.19;10;0;90
4.23;100;1093.59;99.6539;3802.89;10;0;90
4.24;100;1093.54;99.6027;3803.76;10;0;90
4.25;100;1094.53;100.59;3793.36;10;0;90
4.26;100;1093.58;99.6398;3803.18;10;0;90
4.27;100;1093.97;100.034;3799.21;10;0;90
4.28;100;1093.63;99.6876;3802.96;10;0;90
4.29;100;1093.57;99.632;3803.84;10;0;90
4.3;100;1094.39;100.452;3795.24;10;0;90
4.31;100;1093.87;99.9305;3800.52;10;0;90
4.32;100;1094.09;100.153;3798.15;10;0;90
4.33;100;1093.64;99.6977;3802.98;10;0;90
4.34;100;1093.86;99.9235;3800.79;10;0;90
4.35;100;1094.5;100.561;3793.91;10;0;90
4.36;100;1093.72;99.7827;3801.89;10;0;90
4.37001;100;1094.28;100.346;3795.94;10;0;90
4.38001;100;1093.61;99.6772;3802.92;10;0;90
4.39001;100;1093.96;100.023;3799.44;10;0;90
4.40001;100;1094.28;100.346;3795.9;10;0;90
4.41001;100;1093.6;99.6611;3803.05;10;0;90
4.42001;100;1094.33;100.397;3795.34;10;0;90
4.43001;100;1093.59;99.6476;3803.15;10;0;90
4.44001;100;1093.7;99.7632;3802.21;10;0;90
4.45001;100;1094.51;100.573;3793.59;10;0;90
4.46001;100;1093.63;99.6888;3802.71;10;0;90
4.47001;100;1094.17;100.231;3797.08;10;0;90
4.48001;100;1093.52;99.5832;3803.94;10;0;90
4.49001;100;1093.54;99.6025;3804.1;10;0;90
4.50001;100;1094.37;100.435;3795.38;10;0;90
4.51001;100;1093.69;99.7573;3802.38;10;0;90
4.52001;100;1094.3;100.361;3796.02;10;0;90
4.53001;100;1093.31;99.3674;3806.53;10;0;90
4.54001;100;1093.89;99.9548;3800.69;10;0;90
4.55001;100;1094.45;100.508;3794.71;10;0;90
4.56001;100;1093.77;99.8351;3801.58;10;0;90
4.57001;100;1094.31;100.374;3795.85;10;0;90
4.58001;100;1093.32;99.3823;3806.33;10;0;90
4.59001;100;1093.9;99.9614;3800.57;10;0;90
4.60001;100;1094.37;100.436;3795.43;10;0;90
4.61001;100;1093.73;99.7956;3802.02;10;0;90
4.62001;100;1094.48;100.547;3794.01;10;0;90
4.63001;100;1093.25;99.3129;3806.97;10;0;90
4.64001;100;1093.8;99.8602;3801.63;10;0;90
4.65001;100;1094.54;100.605;3793.63;10;0;90
4.66001;100;1093.81;99.8701;3801.1;10;0;90
4.67001;100;1094.4;100.462;3794.77;10;0;90
4.68001;100;1093.12;99.1826;3808.3;10;0;90
4.69001;100;1093.84;99.8981;3801.23;10;0;90
4.70001;100;1094.22;100.284;3797.11;10;0;90
4.71001;100;1093.88;99.9387;3800.63;10;0;90
4.72001;100;1094.24;100.302;3796.72;10;0;90
4.73001;100;1093.19;99.2538;3807.87;10;0;90
4.74001;100;1093.9;99.9617;3800.83;10;0;90
4.75001;100;1094.14;100.2;3798.26;10;0;90
4.76001;100;1093.95;100.017;3800.08;10;0;90
4.77001;100;1094.37;100.431;3795.55;10;0;90
4.78001;100;1093.09;99.1534;3809.09;10;0;90
4.79001;100;1094.37;100.437;3795.86;10;0;90
4.80001;100;1094.12;100.183;3798.24;10;0;90
4.81002;100;1094.01;100.075;3799.25;10;0;90
4.82002;100;1094.48;100.547;3794.04;10;0;90
4.83002;100;1093.11;99.1728;3808.52;10;0;90
4.84002;100;1094.25;100.314;3796.83;10;0;90
4.85002;100;1094;100.062;3799.29;10;0;90
4.86002;100;1093.99;100.048;3799.39;10;0;90
4.87002;100;1094.58;100.639;3792.9;10;0;90
4.88002;100;1093.12;99.1832;3808.2;10;0;90
4.89002;100;1094.07;100.13;3798.61;10;0;90
4.90002;100;1094.07;100.136;3798.43;10;0;90
4.91002;100;1094.06;100.124;3798.44;10;0;90
4.92002;100;1094.29;100.351;3795.86;10;0;90
4.93002;100;1093.27;99.3369;3806.59;10;0;90
4.94002;100;1094.18;100.244;3797.3;10;0;90
4.95002;100;1093.77;99.8329;3801.56;10;0;90
4.96002;100;1094.24;100.3;3796.62;10;0;90
4.97002;100;1094.31;100.368;3795.61;10;0;90
4.98002;100;1093.11;99.1683;3808.36;10;0;90
4.99002;100;1094.21;100.275;3797.04;10;0;90
5.00002;100;1093.67;99.7352;3802.68;10;0;90
5.01002;100;1094.17;100.237;3797.44;10;0;90
5.02002;100;1094.27;100.336;3796.15;10;0;90
5.03002;100;1093.24;99.3044;3807.09;10;0;90
5.04002;100;1094.39;100.453;3795.2;10;0;90
5.05002;100;1093.77;99.8303;3801.58;10;0;90
5.06002;100;1094.06;100.12;3798.57;10;0;90
5.07002;100;1094.3;100.361;3795.84;10;0;90
5.08002;100;1093.08;99.1432;3808.79;10;0;90
5.09002;100;1094.33;100.395;3795.92;10;0;90
5.10002;100;1093.73;99.7945;3802.11;10;0;90
5.11002;100;1094.09;100.149;3798.42;10;0;90
5.12002;100;1094.09;100.151;3798.27;10;0;90
5.13002;100;1093.26;99.3182;3807.21;10;0;90
5.14002;100;1094.24;100.305;3797.07;10;0;90
5.15002;100;1093.74;99.7994;3802.31;10;0;90
5.16002;100;1094.33;100.391;3796.04;10;0;90
5.17002;100;1094.18;100.245;3797.28;10;0;90
5.18002;100;1093.55;99.6152;3803.92;10;0;90
5.19002;100;1094.22;100.282;3797;10;0;90
5.20002;100;1093.56;99.6243;3803.92;10;0;90
5.21002;100;1094.43;100.491;3794.81;10;0;90
5.22002;100;1094.18;100.247;3797.03;10;0;90
5.23002;100;1093.23;99.2966;3807.16;10;0;90
5.24003;100;1094.4;100.467;3795.04;10;0;90
5.25003;100;1093.51;99.5709;3804.39;10;0;90
5.26003;100;1094.53;100.59;3793.66;10;0;90
5.27003;100;1094.19;100.253;3796.81;10;0;90
5.28003;100;1093.43;99.4949;3804.84;10;0;90
5.29003;100;1094.32;100.38;3795.65;10;0;90
5.30003;100;1093.58;99.6412;3803.36;10;0;90
5.31003;100;1094.35;100.409;3795.32;10;0;90
5.32003;100;1094.07;100.135;3797.93;10;0;90
5.33003;100;1093.34;99.3995;3805.83;10;0;90
5.34003;100;1094.2;100.262;3796.97;10;0;90
5.35003;100;1093.5;99.5648;3804.33;10;0;90
5.36003;100;1094.44;100.502;3794.51;10;0;90
5.37003;100;1094;100.059;3798.89;10;0;90
5.38003;100;1093.57;99.6363;3803.44;10;0;90
5.39003;100;1094.28;100.341;3796.09;10;0;90
5.40003;100;1093.38;99.4451;3805.54;10;0;90
5.41003;100;1094.56;100.621;3793.23;10;0;90
5.42003;100;1093.76;99.824;3801.35;10;0;90
5.43003;100;1093.62;99.6843;3803.04;10;0;90
5.44003;100;1094.22;100.282;3796.8;10;0;90
5.45003;100;1093.42;99.4857;3805.23;10;0;90
5.46003;100;1094.76;100.819;3791.16;10;0;90
5.47003;100;1093.86;99.9216;3800.2;10;0;90
5.48003;100;1093.41;99.4706;3805.19;10;0;90
5.49003;100;1094.25;100.311;3796.51;10;0;90
5.50003;100;1093.29;99.3497;3806.71;10;0;90
5.51003;100;1094.43;100.489;3794.87;10;0;90
5.52003;100;1093.85;99.9153;3800.68;10;0;90
5.53003;100;1093.51;99.5726;3804.5;10;0;90
5.54003;100;1094;100.062;3799.55;10;0;90
5.55003;100;1093.54;99.6058;3804.46;10;0;90
5.56003;100;1094.3;100.357;3796.63;10;0;90
5.57003;100;1093.67;99.735;3803.09;10;0;90
5.58003;100;1093.67;99.7278;3803.4;10;0;90
5.59003;100;1094.01;100.072;3799.9;10;0;90
5.60003;100;1093.4;99.4575;3806.53;10;0;90
5.61003;100;1094.54;100.6;3794.57;10;0;90
5.62003;100;1093.72;99.7841;3802.92;10;0;90
5.63003;100;1093.87;99.9282;3801.54;10;0;90
5.64003;100;1094.13;100.189;3798.76;10;0;90
5.65003;100;1093.55;99.6164;3804.84;10;0;90
5.66003;100;1094.8;100.861;3791.61;10;0;90
5.67003;100;1093.66;99.7219;3803.26;10;0;90
5.68004;100;1093.84;99.8984;3801.58;10;0;90
5.69004;100;1094.02;100.084;3799.66;10;0;90
5.70004;100;1093.46;99.5242;3805.68;10;0;90
5.71004;100;1094.64;100.704;3793.25;10;0;90
5.72004;100;1093.72;99.7811;3802.67;10;0;90
5.73004;100;1093.76;99.8234;3802.41;10;0;90
5.74004;100;1093.88;99.9398;3801.3;10;0;90
5.75004;100;1093.62;99.6774;3804.21;10;0;90
5.76004;100;1094.52;100.579;3794.67;10;0;90
5.77004;100;1093.59;99.6539;3804.24;10;0;90
5.78004;100;1094.01;100.074;3799.97;10;0;90
5.79004;100;1093.83;99.8959;3801.85;10;0;90
5.80004;100;1093.6;99.6583;3804.53;10;0;90
5.81004;100;1094.67;100.733;3793.12;10;0;90
5.82004;100;1093.6;99.6627;3804.13;10;0;90
5.83004;100;1094.07;100.129;3799.35;10;0;90
5.84004;100;1093.82;99.8848;3801.9;10;0;90
5.85004;100;1093.68;99.7432;3803.54;10;0;90
5.86004;100;1094.67;100.736;3792.95;10;0;90
5.87004;100;1093.69;99.7493;3803.04;10;0;90
5.88004;100;1094.24;100.3;3797.26;10;0;90
5.89004;100;1093.82;99.8865;3801.5;10;0;90
5.90004;100;1093.61;99.6697;3803.97;10;0;90
5.91004;100;1094.57;100.628;3793.82;10;0;90
5.92004;100;1093.75;99.8171;3802.1;10;0;90
5.93004;100;1094.02;100.082;3799.37;10;0;90
5.94004;100;1093.62;99.6871;3803.6;10;0;90
5.95004;100;1093.67;99.7316;3803.4;10;0;90
5.96004;100;1094.36;100.418;3796.16;10;0;90
5.97004;100;1093.69;99.7562;3803;10;0;90
5.98004;100;1094.16;100.221;3798.15;10;0;90
5.99004;100;1093.64;99.7036;3803.59;10;0;90
6.00004;100;1093.82;99.8857;3801.87;10;0;90
6.01004;100;1094.55;100.615;3794.03;10;0;90
6.02004;100;1093.75;99.8101;3802.25;10;0;90
6.03004;100;1094.28;100.343;3796.6;10;0;90
6.04004;100;1093.57;99.6279;3804.09;10;0;90
6.05004;100;1093.84;99.8976;3801.49;10;0;90
6.06004;100;1094.39;100.448;3795.59;10;0;90
6.07004;100;1093.59;99.654;3803.83;10;0;90
6.08004;100;1094.35;100.413;3795.87;10;0;90
6.09004;100;1093.52;99.5853;3804.52;10;0;90
6.10004;100;1093.69;99.7479;3803.12;10;0;90
6.11004;100;1094.57;100.636;3793.67;10;0;90
6.12005;100;1093.51;99.5709;3804.71;10;0;90
6.13005;100;1094.2;100.264;3797.54;10;0;90
6.14005;100;1093.58;99.6379;3804.13;10;0;90
6.15005;100;1093.61;99.6685;3804.12;10;0;90
6.16005;100;1094.3;100.365;3796.83;10;0;90
6.17005;100;1093.59;99.6522;3804.27;10;0;90
6.18005;100;1094.04;100.098;3799.72;10;0;90
6.19005;100;1093.58;99.6472;3804.55;10;0;90
6.20005;100;1093.7;99.7634;3803.6;10;0;90
6.21005;100;1094.21;100.275;3798.23;10;0;90
6.22005;100;1093.72;99.7853;3803.32;10;0;90
6.23005;100;1094.28;100.339;3797.48;10;0;90
6.24005;100;1093.31;99.3743;3807.69;10;0;90
6.25005;100;1093.89;99.9485;3801.99;10;0;90
6.26005;100;1094.36;100.424;3796.86;10;0;90
6.27005;100;1093.67;99.735;3803.99;10;0;90
6.28005;100;1094.5;100.559;3795.25;10;0;90
6.29005;100;1093.32;99.386;3807.53;10;0;90
6.30005;100;1093.88;99.939;3802.05;10;0;90
6.31005;100;1094.24;100.299;3798.19;10;0;90
6.32005;100;1093.84;99.8976;3802.29;10;0;90
6.33005;100;1094.48;100.539;3795.39;10;0;90
6.34005;100;1093.29;99.3519;3807.84;10;0;90
6.35005;100;1094;100.063;3800.68;10;0;90
6.36005;100;1094.35;100.41;3796.83;10;0;90
6.37005;100;1093.98;100.041;3800.49;10;0;90
6.38005;100;1094.41;100.467;3795.81;10;0;90
6.39005;100;1093.23;99.2881;3808.24;10;0;90
6.40005;100;1094.04;100.106;3799.97;10;0;90
6.41005;100;1094.14;100.201;3798.83;10;0;90
6.42005;100;1093.99;100.057;3800.23;10;0;90
6.43005;100;1094.48;100.538;3794.93;10;0;90
6.44005;100;1093.15;99.2112;3808.91;10;0;90
6.45005;100;1094.06;100.121;3799.7;10;0;90
6.46005;100;1093.95;100.011;3800.79;10;0;90
6.47005;100;1093.94;100.003;3800.87;10;0;90
6.48005;100;1094.46;100.527;3795.16;10;0;90
6.49005;100;1093.08;99.1406;3809.79;10;0;90
6.50005;100;1094.34;100.403;3796.81;10;0;90
6.51005;100;1093.97;100.029;3800.52;10;0;90
6.52005;100;1094.13;100.19;3798.73;10;0;90
6.53005;100;1094.6;100.666;3793.37;10;0;90
6.54005;100;1092.99;99.0543;3810.35;10;0;90
6.55006;100;1094.25;100.317;3797.43;10;0;90
6.56006;100;1093.97;100.035;3800.22;10;0;90
6.57006;100;1094.23;100.291;3797.4;10;0;90
6.58006;100;1094.37;100.433;3795.59;10;0;90
6.59006;100;1093.26;99.3254;3807.27;10;0;90
6.60006;100;1094.31;100.372;3796.47;10;0;90
6.61006;100;1093.85;99.9109;3801.16;10;0;90
6.62006;100;1094.2;100.258;3797.46;10;0;90
6.63006;100;1094.43;100.494;3794.65;10;0;90
6.64006;100;1093.22;99.2828;3807.41;10;0;90
6.65006;100;1094.31;100.372;3796.18;10;0;90
6.66006;100;1093.7;99.7673;3802.44;10;0;90
6.67006;100;1094.36;100.422;3795.51;10;0;90
6.68006;100;1094.38;100.438;3794.97;10;0;90
6.69006;100;1093.12;99.1782;3808.3;10;0;90
6.70006;100;1094.43;100.495;3794.68;10;0;90
6.71006;100;1093.76;99.8242;3801.55;10;0;90
6.72006;100;1094.25;100.312;3796.4;10;0;90
6.73006;100;1094.28;100.344;3795.76;10;0;90
6.74006;100;1093.16;99.2203;3807.7;10;0;90
6.75006;100;1094.36;100.426;3795.26;10;0;90
6.76006;100;1093.78;99.8403;3801.26;10;0;90
6.77006;100;1094.22;100.285;3796.56;10;0;90
6.78006;100;1094.21;100.268;3796.49;10;0;90
6.79006;100;1093.13;99.1937;3807.96;10;0;90
6.80006;100;1094.09;100.153;3798.22;10;0;90
6.81006;100;1093.68;99.7375;3802.62;10;0;90
6.82006;100;1094.17;100.237;3797.41;10;0;90
6.83006;100;1094.2;100.267;3796.87;10;0;90
6.84006;100;1093.29;99.348;3806.65;10;0;90
6.85006;100;1094.17;100.23;3797.62;10;0;90
6.86006;100;1093.55;99.6141;3804.13;10;0;90
6.87006;100;1094.29;100.353;3796.42;10;0;90
6.88006;100;1094.21;100.274;3796.96;10;0;90
6.89006;100;1093.3;99.3581;3806.7;10;0;90
6.90006;100;1094.39;100.453;3795.34;10;0;90
6.91006;100;1093.46;99.5195;3805.11;10;0;90
6.92006;100;1094.26;100.325;3796.76;10;0;90
6.93006;100;1094.25;100.313;3796.6;10;0;90
6.94006;100;1093.2;99.2612;3807.78;10;0;90
6.95006;100;1094.31;100.37;3796.37;10;0;90
6.96006;100;1093.64;99.6981;3803.35;10;0;90
6.97006;100;1094.27;100.331;3796.72;10;0;90
6.98006;100;1094.01;100.069;3799.28;10;0;90
6.99007;100;1093.31;99.3743;3806.79;10;0;90
7.00007;100;1094.11;100.177;3798.6;10;0;90
7.01007;100;1093.57;99.6277;3804.43;10;0;90
7.02007;100;1094.41;100.471;3795.58;10;0;90
7.03007;100;1093.97;100.028;3799.98;10;0;90
7.04007;100;1093.39;99.4518;3806.24;10;0;90
7.05007;100;1094.15;100.208;3798.48;10;0;90
7.06007;100;1093.48;99.5378;3805.61;10;0;90
7.07007;100;1094.56;100.618;3794.25;10;0;90
7.08007;100;1093.98;100.041;3799.98;10;0;90
7.09007;100;1093.66;99.7211;3803.43;10;0;90
7.10007;100;1094.17;100.235;3798.08;10;0;90
7.11007;100;1093.44;99.4991;3805.89;10;0;90
7.12007;100;1094.72;100.782;3792.36;10;0;90
7.13007;100;1094.01;100.069;3799.42;10;0;90
7.14007;100;1093.38;99.4373;3806.25;10;0;90
7.15007;100;1094.33;100.391;3796.36;10;0;90
7.16007;100;1093.49;99.5488;3805.19;10;0;90
7.17007;100;1094.43;100.493;3795.3;10;0;90
7.18007;100;1093.9;99.9592;3800.68;10;0;90
7.19007;100;1093.41;99.4741;3806;10;0;90
7.20007;100;1094.14;100.204;3798.52;10;0;90
7.21007;100;1093.52;99.5829;3805.1;10;0;90
7.22007;100;1094.45;100.514;3795.33;10;0;90
7.23007;100;1093.92;99.9797;3800.69;10;0;90
7.24007;100;1093.57;99.6313;3804.51;10;0;90
7.25007;100;1094.01;100.073;3800.03;10;0;90
7.26007;100;1093.56;99.6237;3804.86;10;0;90
7.27007;100;1094.59;100.651;3794;10;0;90
7.28007;100;1093.8;99.8635;3802;10;0;90
7.29007;100;1093.69;99.7476;3803.38;10;0;90
7.30007;100;1094.18;100.247;3798.17;10;0;90
7.31007;100;1093.36;99.423;3806.93;10;0;90
7.32007;100;1094.57;100.634;3794.24;10;0;90
7.33007;100;1093.81;99.8716;3801.98;10;0;90
7.34007;100;1093.58;99.6407;3804.62;10;0;90
7.35007;100;1094.12;100.187;3798.99;10;0;90
7.36007;100;1093.38;99.4442;3806.91;10;0;90
7.37007;100;1094.61;100.668;3794.08;10;0;90
7.38007;100;1093.82;99.8796;3802.07;10;0;90
7.39007;100;1093.62;99.6822;3804.33;10;0;90
7.40007;100;1094.03;100.09;3800.16;10;0;90
7.41007;100;1093.37;99.4288;3807.29;10;0;90
7.42007;100;1094.31;100.372;3797.52;10;0;90
7.43008;100;1093.81;99.8716;3802.65;10;0;90
7.44008;100;1093.5;99.5655;3806.1;10;0;90
7.45008;100;1094.02;100.078;3800.9;10;0;90
7.46008;100;1093.58;99.6412;3805.59;10;0;90
7.47008;100;1094.34;100.404;3797.61;10;0;90
7.48008;100;1093.56;99.6227;3805.75;10;0;90
7.49008;100;1093.63;99.6888;3805.37;10;0;90
7.50008;100;1094.12;100.18;3800.3;10;0;90
7.51008;100;1093.58;99.6393;3806.03;10;0;90
7.52008;100;1094.64;100.698;3794.82;10;0;90
7.53008;100;1093.68;99.7429;3804.6;10;0;90
7.54008;100;1094;100.064;3801.33;10;0;90
7.55008;100;1094.22;100.284;3798.87;10;0;90
7.56008;100;1093.52;99.5817;3806.27;10;0;90
7.57008;100;1094.7;100.765;3793.75;10;0;90
7.58008;100;1093.81;99.8735;3802.78;10;0;90
7.59008;100;1093.66;99.7219;3804.55;10;0;90
7.60008;100;1094.11;100.174;3799.87;10;0;90
7.61008;100;1093.54;99.598;3805.99;10;0;90
7.62008;100;1094.54;100.598;3795.45;10;0;90
7.63008;100;1093.75;99.8143;3803.46;10;0;90
7.64008;100;1093.89;99.9476;3802.17;10;0;90
7.65008;100;1093.99;100.052;3801.08;10;0;90
7.66008;100;1093.44;99.499;3807.06;10;0;90
7.67008;100;1094.46;100.526;3796.32;10;0;90
7.68008;100;1093.65;99.717;3804.66;10;0;90
7.69008;100;1093.75;99.8151;3803.85;10;0;90
7.70008;100;1093.89;99.952;3802.52;10;0;90
7.71008;100;1093.63;99.6948;3805.37;10;0;90
7.72008;100;1094.51;100.572;3796.09;10;0;90
7.73008;100;1093.55;99.6151;3806;10;0;90
7.74008;100;1094.04;100.098;3801.08;10;0;90
7.75008;100;1093.67;99.7339;3804.96;10;0;90
7.76008;100;1093.49;99.5541;3807.16;10;0;90
7.77008;100;1094.63;100.694;3795.14;10;0;90
7.78008;100;1093.68;99.7414;3804.9;10;0;90
7.79008;100;1094.01;100.072;3801.52;10;0;90
7.80008;100;1093.79;99.8509;3803.87;10;0;90
7.81008;100;1093.37;99.4327;3808.56;10;0;90
7.82008;100;1094.52;100.584;3796.52;10;0;90
7.83008;100;1093.69;99.7568;3805.02;10;0;90
7.84008;100;1093.97;100.035;3802.2;10;0;90
7.85008;100;1093.88;99.9416;3803.19;10;0;90
7.86009;100;1093.57;99.6295;3806.64;10;0;90
7.87009;100;1094.53;100.595;3796.46;10;0;90
7.88009;100;1093.63;99.6932;3805.75;10;0;90
7.89009;100;1093.91;99.9686;3803.02;10;0;90
7.90009;100;1093.69;99.7523;3805.41;10;0;90
7.91009;100;1093.59;99.654;3806.7;10;0;90
7.92009;100;1094.47;100.53;3797.46;10;0;90
7.93009;100;1093.58;99.6401;3806.69;10;0;90
7.94009;100;1094.12;100.18;3801.13;10;0;90
7.95009;100;1093.67;99.7278;3805.89;10;0;90
7.96009;100;1093.6;99.6625;3806.85;10;0;90
7.97009;100;1094.49;100.554;3797.44;10;0;90
7.98009;100;1093.63;99.6891;3806.37;10;0;90
7.99009;100;1094.23;100.295;3800.04;10;0;90
8.00009;100;1093.73;99.7888;3805.29;10;0;90
8.01009;100;1093.53;99.5893;3807.66;10;0;90
8.02009;100;1094.54;100.603;3796.98;10;0;90
8.03009;100;1093.62;99.6838;3806.46;10;0;90
8.04009;100;1094.08;100.145;3801.71;10;0;90
8.05009;100;1093.72;99.7789;3805.57;10;0;90
8.06009;100;1093.58;99.6437;3807.25;10;0;90
8.07009;100;1094.46;100.521;3798;10;0;90
8.08009;100;1093.56;99.6197;3807.36;10;0;90
8.09009;100;1094.04;100.106;3802.4;10;0;90
8.10009;100;1093.51;99.5759;3808.08;10;0;90
8.11009;100;1093.65;99.713;3806.97;10;0;90
8.12009;100;1094.56;100.623;3797.31;10;0;90
8.13009;100;1093.67;99.7316;3806.47;10;0;90
8.14009;100;1094.2;100.259;3800.95;10;0;90
8.15009;100;1093.47;99.5275;3808.7;10;0;90
8.16009;100;1093.98;100.044;3803.49;10;0;90
8.17009;100;1094.48;100.542;3798.02;10;0;90
8.18009;100;1093.62;99.6804;3806.93;10;0;90
8.19009;100;1094.49;100.553;3797.71;10;0;90
8.20009;100;1093.47;99.5325;3808.33;10;0;90
8.21009;100;1094.01;100.072;3802.87;10;0;90
8.22009;100;1094.28;100.347;3799.81;10;0;90
8.23009;100;1093.81;99.8755;3804.64;10;0;90
8.24009;100;1094.57;100.631;3796.52;10;0;90
8.25009;100;1093.52;99.5803;3807.4;10;0;90
8.26009;100;1093.8;99.8654;3804.67;10;0;90
8.27009;100;1094.32;100.384;3799.14;10;0;90
8.28009;100;1093.78;99.8447;3804.67;10;0;90
8.29009;100;1094.3;100.361;3799.18;10;0;90
8.30009;100;1093.35;99.4171;3809.15;10;0;90
8.31009;100;1093.85;99.9134;3804.26;10;0;90
8.3201;100;1094.13;100.195;3801.27;10;0;90
8.3301;100;1093.97;100.032;3802.87;10;0;90
8.3401;100;1094.46;100.524;3797.48;10;0;90
8.3501;100;1093.12;99.1846;3811.61;10;0;90
8.3601;100;1094.05;100.116;3802.19;10;0;90
8.3701;100;1094.22;100.282;3800.27;10;0;90
8.3801;100;1093.92;99.9792;3803.32;10;0;90
8.3901;100;1094.41;100.467;3798.02;10;0;90
8.4001;100;1093.26;99.3231;3810.07;10;0;90
8.4101;100;1094.13;100.192;3801.21;10;0;90
8.4201;100;1094.25;100.314;3799.7;10;0;90
8.4301;100;1093.8;99.8607;3804.37;10;0;90
8.4401;100;1094.65;100.711;3795.22;10;0;90
8.4501;100;1093.07;99.1362;3811.75;10;0;90
8.4601;100;1094.03;100.088;3802.15;10;0;90
8.4701;100;1094.05;100.115;3801.78;10;0;90
8.4801;100;1093.83;99.8935;3804.09;10;0;90
8.4901;100;1094.35;100.411;3798.54;10;0;90
8.5001;100;1093.16;99.2252;3811.1;10;0;90
8.5101;100;1093.99;100.047;3802.83;10;0;90
8.5201;100;1093.99;100.054;3802.72;10;0;90
8.5301;100;1094.04;100.101;3802.15;10;0;90
8.5401;100;1094.25;100.313;3799.76;10;0;90
8.5501;100;1093.14;99.2031;3811.57;10;0;90
8.5601;100;1094.18;100.247;3800.91;10;0;90
8.5701;100;1093.89;99.9503;3803.92;10;0;90
8.5801;100;1094.25;100.314;3800;10;0;90
8.5901;100;1094.45;100.516;3797.52;10;0;90
8.6001;100;1092.97;99.03;3813.25;10;0;90
8.6101;100;1094.29;100.351;3799.72;10;0;90
8.6201;100;1093.76;99.8207;3805.19;10;0;90
8.6301;100;1094.02;100.085;3802.47;10;0;90
8.6401;100;1094.37;100.428;3798.66;10;0;90
8.6501;100;1093.12;99.181;3811.86;10;0;90
8.6601;100;1094.16;100.218;3801.3;10;0;90
8.6701;100;1093.87;99.9354;3804.18;10;0;90
8.6801;100;1094.17;100.235;3800.97;10;0;90
8.6901;100;1094.43;100.488;3798;10;0;90
8.7001;100;1093.15;99.2092;3811.5;10;0;90
8.7101;100;1094.21;100.27;3800.65;10;0;90
8.7201;100;1093.83;99.8935;3804.51;10;0;90
8.7301;100;1094.23;100.292;3800.26;10;0;90
8.7401;100;1094.42;100.482;3797.93;10;0;90
8.7501;100;1093.48;99.5422;3807.74;10;0;90
8.76011;100;1094.26;100.326;3799.61;10;0;90
8.77011;100;1093.69;99.7568;3805.52;10;0;90
8.78011;100;1094.55;100.612;3796.42;10;0;90
8.79011;100;1094.32;100.384;3798.35;10;0;90
8.80011;100;1093.3;99.3666;3809.1;10;0;90
8.81011;100;1094.35;100.408;3798.32;10;0;90
8.82011;100;1093.59;99.6567;3806.14;10;0;90
8.83011;100;1094.45;100.512;3797.12;10;0;90
8.84011;100;1094.29;100.349;3798.44;10;0;90
8.85011;100;1093.3;99.3592;3808.91;10;0;90
8.86011;100;1094.18;100.239;3799.9;10;0;90
8.87011;100;1093.55;99.6102;3806.54;10;0;90
8.88011;100;1094.45;100.508;3797.11;10;0;90
8.89011;100;1094.24;100.306;3798.84;10;0;90
8.90011;100;1093.39;99.4495;3807.91;10;0;90
8.91011;100;1094.38;100.439;3797.62;10;0;90
8.92011;100;1093.69;99.7505;3804.73;10;0;90
8.93011;100;1094.42;100.482;3796.98;10;0;90
8.94011;100;1093.95;100.009;3801.7;10;0;90
8.95011;100;1093.5;99.5668;3806.51;10;0;90
8.96011;100;1094.18;100.247;3799.49;10;0;90
8.97011;100;1093.52;99.5856;3806.48;10;0;90
8.98011;100;1094.67;100.736;3794.31;10;0;90
8.99011;100;1093.99;100.051;3801.11;10;0;90
9.00011;100;1093.71;99.7723;3804.11;10;0;90
9.01011;100;1094.21;100.272;3798.86;10;0;90
9.02011;100;1093.38;99.4459;3807.62;10;0;90
9.03011;100;1094.66;100.719;3794.25;10;0;90
9.04011;100;1093.94;99.9984;3801.45;10;0;90
9.05011;100;1093.79;99.8568;3803;10;0;90
9.06011;100;1094.27;100.336;3797.9;10;0;90
9.07011;100;1093.59;99.6572;3805;10;0;90
9.08011;100;1094.65;100.713;3793.8;10;0;90
9.09011;100;1093.94;100.004;3800.89;10;0;90
9.10011;100;1093.66;99.7175;3804.01;10;0;90
9.11011;100;1093.97;100.035;3800.79;10;0;90
9.12011;100;1093.47;99.5294;3806.28;10;0;90
9.13011;100;1094.6;100.661;3794.36;10;0;90
9.14011;100;1093.82;99.8823;3802.26;10;0;90
9.15011;100;1093.84;99.9042;3802.13;10;0;90
9.16011;100;1094.12;100.18;3799.2;10;0;90
9.17011;100;1093.63;99.6951;3804.33;10;0;90
9.18011;100;1094.59;100.649;3794.21;10;0;90
9.19011;100;1093.67;99.7331;3803.61;10;0;90
9.20012;100;1094.03;100.097;3799.88;10;0;90
9.21012;100;1094.12;100.178;3798.91;10;0;90
9.22012;100;1093.58;99.6407;3804.61;10;0;90
9.23012;100;1094.84;100.9;3791.2;10;0;90
9.24012;100;1093.78;99.8437;3801.91;10;0;90
9.25012;100;1094.07;100.132;3798.9;10;0;90
9.26012;100;1093.96;100.026;3799.95;10;0;90
9.27012;100;1093.62;99.6846;3803.64;10;0;90
9.28012;100;1094.55;100.609;3793.85;10;0;90
9.29012;100;1093.87;99.9329;3800.67;10;0;90
9.30012;100;1093.97;100.033;3799.64;10;0;90
9.31012;100;1093.81;99.8762;3801.32;10;0;90
9.32012;100;1093.64;99.6992;3803.36;10;0;90
9.33012;100;1094.42;100.482;3795.09;10;0;90
9.34012;100;1093.68;99.7451;3802.7;10;0;90
9.35012;100;1093.95;100.016;3799.98;10;0;90
9.36012;100;1093.84;99.9017;3801.2;10;0;90
9.37012;100;1093.69;99.7559;3802.88;10;0;90
9.38012;100;1094.53;100.589;3794.02;10;0;90
9.39012;100;1093.58;99.6461;3803.77;10;0;90
9.40012;100;1094.13;100.19;3798.16;10;0;90
9.41012;100;1093.74;99.8063;3802.17;10;0;90
9.42012;100;1093.72;99.7776;3802.66;10;0;90
9.43012;100;1094.61;100.675;3793.07;10;0;90
9.44012;100;1093.62;99.6865;3803.24;10;0;90
9.45012;100;1094.23;100.297;3796.87;10;0;90
9.46012;100;1093.66;99.7211;3802.88;10;0;90
9.47012;100;1093.48;99.5411;3805.09;10;0;90
9.48012;100;1094.6;100.663;3793.28;10;0;90
9.49012;100;1093.5;99.561;3804.69;10;0;90
9.50012;100;1094.07;100.128;3798.9;10;0;90
9.51012;100;1093.58;99.6473;3804.03;10;0;90
9.52012;100;1093.69;99.7512;3803.22;10;0;90
9.53012;100;1094.64;100.705;3793.05;10;0;90
9.54012;100;1093.73;99.7972;3802.3;10;0;90
9.55012;100;1094.17;100.233;3797.74;10;0;90
9.56012;100;1093.46;99.5203;3805.3;10;0;90
9.57012;100;1093.79;99.8546;3802.08;10;0;90
9.58012;100;1094.58;100.64;3793.65;10;0;90
9.59012;100;1093.82;99.8826;3801.33;10;0;90
9.60012;100;1094.35;100.413;3795.66;10;0;90
9.61012;100;1093.48;99.5405;3804.8;10;0;90
9.62012;100;1093.95;100.009;3800.11;10;0;90
9.63013;100;1094.3;100.363;3796.23;10;0;90
9.64013;100;1093.63;99.6921;3803.22;10;0;90
9.65013;100;1094.4;100.464;3795.09;10;0;90
9.66013;100;1093.43;99.4918;3805.27;10;0;90
9.67013;100;1093.8;99.8668;3801.64;10;0;90
9.68013;100;1094.53;100.591;3793.86;10;0;90
9.69013;100;1093.68;99.7451;3802.55;10;0;90
9.70013;100;1094.34;100.404;3795.59;10;0;90
9.71013;100;1093.29;99.3563;3806.65;10;0;90
9.72013;100;1093.71;99.7695;3802.73;10;0;90
9.73013;100;1094.19;100.256;3797.63;10;0;90
9.74013;100;1093.73;99.7949;3802.43;10;0;90
9.75013;100;1094.41;100.469;3795.27;10;0;90
9.76013;100;1093.48;99.5469;3804.89;10;0;90
9.77013;100;1093.83;99.8882;3801.58;10;0;90
9.78013;100;1094.23;100.295;3797.24;10;0;90
9.79013;100;1093.91;99.9698;3800.53;10;0;90
9.80013;100;1094.33;100.395;3795.93;10;0;90
9.81013;100;1093.24;99.3058;3807.44;10;0;90
9.82013;100;1094.1;100.159;3798.77;10;0;90
9.83013;100;1094.23;100.297;3797.12;10;0;90
9.84013;100;1093.63;99.6912;3803.45;10;0;90
9.85013;100;1094.43;100.494;3794.97;10;0;90
9.86013;100;1093.38;99.4423;3806;10;0;90
9.87013;100;1093.93;99.9944;3800.48;10;0;90
9.88013;100;1094.18;100.239;3797.82;10;0;90
9.89013;100;1093.46;99.5248;3805.39;10;0;90
9.90013;100;1094.26;100.321;3797.14;10;0;90
9.91013;100;1093.24;99.2974;3808.01;10;0;90
9.92013;100;1093.76;99.8215;3802.93;10;0;90
9.93013;100;1094.11;100.172;3799.27;10;0;90
9.94013;100;1093.72;99.78;3803.39;10;0;90
9.95013;100;1094.36;100.421;3796.6;10;0;90
9.96013;100;1093.21;99.2723;3808.74;10;0;90
9.97013;100;1093.92;99.9819;3801.66;10;0;90
9.98013;100;1094.15;100.207;3799.22;10;0;90
9.99013;100;1093.89;99.9553;3801.78;10;0;90
