0;30;993.842;-0.003479;1218.14;40;0;60
0.01;30;993.913;0.0673218;1233.27;40;0;60
0.02;30;994.035;0.18927;1246.28;40;0;60
0.03;30;993.788;-0.0576172;1274.19;40;0;60
0.04;30;993.752;-0.0933838;1293.67;40;0;60
0.05;30;993.879;0.0335083;1306.58;40;0;60
0.06;30;993.967;0.120972;1321.01;40;0;60
0.07;30;994.003;0.157715;1337.44;40;0;60
0.08;30;994.069;0.2229;1352.7;40;0;60
0.09;30;993.924;0.078125;1376.45;40;0;60
0.1;30;994.01;0.164612;1390.89;40;0;60
0.11;30;993.971;0.125122;1410.39;40;0;60
0.12;30;993.997;0.151123;1427.26;40;0;60
0.13;30;993.957;0.111267;1446.79;40;0;60
0.14;30;993.968;0.12207;1464.28;40;0;60
0.15;30;993.95;0.10437;1482.93;40;0;60
0.16;30;993.865;0.019104;1504.33;40;0;60
0.17;30;994.042;0.196106;1515.13;40;0;60
0.18;30;993.935;0.0891724;1537.35;40;0;60
0.19;30;993.985;0.139709;1553.25;40;0;60
0.2;30;993.877;0.0310669;1575.58;40;0;60
0.21;30;993.965;0.119202;1589.98;40;0;60
0.22;30;993.808;-0.0379028;1614.29;40;0;60
0.23;30;993.843;-0.00231934;1630.86;40;0;60
0.24;30;994.105;0.258911;1638.26;40;0;60
0.25;30;993.867;0.0216675;1665.74;40;0;60
0.26;30;994.035;0.189026;1676.93;40;0;60
0.27;30;993.957;0.111023;1697.98;40;0;60
0.28;30;994.202;0.356384;1705.95;40;0;60
0.29;30;994.25;0.404114;1721.8;40;0;60
0.3;30;995.376;1.52997;1693.85;40;0;60
0.31;30;996.334;2.4884;1672.02;40;0;60
0.32;30;996.541;2.69537;1680.12;40;0;60
0.33;30;998.43;4.58392;1619.83;40;0;60
0.34;30;999.737;5.89081;1582.02;40;0;60
0.35;30;999.477;5.63171;1607.01;40;0;60
0.36;30;1001.41;7.56567;1543.11;40;0;60
0.37;30;1002.26;8.41559;1522.06;40;0;60
0.38;30;1003.62;9.7713;1479.97;40;0;60
0.39;30;1005.72;11.872;1406.82;40;0;60
0.4;30;1006.02;12.17;1405.6;40;0;60
0.41;30;1006.92;13.0728;1379.64;40;0;60
0.42;30;1008.73;14.8822;1316.34;40;0;60
0.43;30;1008.78;14.9366;1323.2;40;0;60
0.44;30;1010.18;16.3325;1275.56;40;0;60
0.45;30;1011.42;17.5712;1233.47;40;0;60
0.46;30;1011.74;17.8918;1227.91;40;0;60
0.47;30;1013.27;19.4226;1173.03;40;0;60
0.48;30;1014.06;20.2125;1147.3;40;0;60
0.49;30;1014.72;20.8741;1126.32;40;0;60
0.5;30;1015.98;22.1312;1080.75;40;0;60
0.51;30;1016.5;22.6589;1064.05;40;0;60
0.52;30;1017.2;23.3512;1040.35;40;0;60
0.53;30;1018.3;24.4546;999.539;40;0;60
0.54;30;1018.46;24.6165;996.292;40;0;60
0.55;30;1018.7;24.854;989.88;40;0;60
0.56;30;1019.54;25.6948;958.83;40;0;60
0.57;30;1019.34;25.4978;969.412;40;0;60
0.58;30;1019.7;25.8516;957.749;40;0;60
0.59;30;1020.61;26.762;923.275;40;0;60
0.6;30;1019.94;26.0903;952.491;40;0;60
0.61;30;1020.45;26.6032;934.012;40;0;60
0.62;30;1020.04;26.1984;952.484;40;0;60
0.63;30;1018.44;24.5961;1019.82;40;0;60
0.64;30;1018.46;24.6142;1022.33;40;0;60
0.65;30;1018.94;25.0961;1005.99;40;0;60
0.66;30;1018.31;24.465;1034.56;40;0;60
0.67;30;1017.58;23.7313;1067.67;40;0;60
0.68;30;1017.14;23.2966;1089.08;40;0;60
0.69;30;1016.85;23.0029;1105.03;40;0;60
0.7;30;1015.84;21.9993;1149.97;40;0;60
0.71;30;1015.31;21.4652;1176.45;40;0;60
0.72;30;1014.5;20.6505;1214.65;40;0;60
0.73;30;1013.95;20.0994;1242.63;40;0;60
0.74;30;1012.87;19.024;1292.24;40;0;60
0.75;30;1012.21;18.3635;1325.64;40;0;60
0.76;30;1012.29;18.4489;1329.15;40;0;60
0.77;30;1011;17.1552;1388.61;40;0;60
0.78;30;1010.74;16.898;1406.76;40;0;60
0.79;30;1010.07;16.2194;1442.17;40;0;60
0.8;30;1009.35;15.5036;1479.5;40;0;60
0.81;30;1008.88;15.0358;1507.19;40;0;60
0.82;30;1009.33;15.48;1498.13;40;0;60
0.83;30;1007.83;13.9879;1567.42;40;0;60
0.839999;30;1009.03;15.1887;1528.28;40;0;60
0.849999;30;1008.34;14.4963;1565.28;40;0;60
0.859999;30;1008.14;14.2966;1582.69;40;0;60
0.869999;30;1009.23;15.3799;1548.13;40;0;60
0.879999;30;1007.61;13.766;1622.43;40;0;60
0.889999;30;1008.6;14.7514;1592.16;40;0;60
0.899999;30;1009.74;15.89;1555.08;40;0;60
0.909999;30;1008.91;15.0628;1597.13;40;0;60
0.919999;30;1009.17;15.327;1595.37;40;0;60
0.929999;30;1010.54;16.6914;1548.78;40;0;60
0.939999;30;1010.86;17.011;1543.79;40;0;60
0.949999;30;1012.12;18.2781;1500.13;40;0;60
0.959999;30;1012.62;18.7713;1487.14;40;0;60
0.969999;30;1013.08;19.2331;1475.13;40;0;60
0.979999;30;1014.04;20.1945;1442.56;40;0;60
0.989999;30;1013.73;19.8864;1460.95;40;0;60
0.999999;30;1014.77;20.9236;1424.91;40;0;60
1.01;30;1015.2;21.3544;1412.87;40;0;60
1.02;30;1014.67;20.8281;1439.42;40;0;60
1.03;30;1016.1;22.2509;1387.16;40;0;60
1.04;30;1016.43;22.5868;1378.17;40;0;60
1.05;30;1016.02;22.1746;1399.35;40;0;60
1.06;30;1017.5;23.6499;1344.15;40;0;60
1.07;30;1017.65;23.8057;1341.63;40;0;60
1.08;30;1017.67;23.8225;1344.67;40;0;60
1.09;30;1018.82;24.9765;1301.52;40;0;60
1.1;30;1019.14;25.2924;1291.71;40;0;60
1.11;30;1018.68;24.8327;1313.2;40;0;60
1.12;30;1019.71;25.8599;1274.59;40;0;60
1.13;30;1018.72;24.8757;1317.04;40;0;60
1.14;30;1018.07;24.2233;1346.6;40;0;60
1.15;30;1018.02;24.1731;1352.1;40;0;60
1.16;30;1018.28;24.4335;1345.03;40;0;60
1.17;30;1018.71;24.868;1330.73;40;0;60
1.18;30;1019.15;25.2998;1316.28;40;0;60
1.19;30;1017.21;23.361;1397.81;40;0;60
1.2;30;1017.19;23.3431;1402.52;40;0;60
1.21;30;1018.05;24.2005;1371.71;40;0;60
1.22;30;1017.24;23.3977;1407.78;40;0;60
1.23;30;1017.5;23.6517;1401.43;40;0;60
1.24;30;1016.73;22.8863;1436.31;40;0;60
1.25;30;1016.5;22.6573;1449.88;40;0;60
1.26;30;1017.42;23.5695;1417.25;40;0;60
1.27;30;1017.04;23.1989;1436.15;40;0;60
1.28;30;1016.59;22.7396;1458.88;40;0;60
1.29;30;1016.39;22.5444;1471.16;40;0;60
1.3;30;1016.54;22.6907;1469.7;40;0;60
1.31;30;1017.12;23.2742;1450.39;40;0;60
1.32;30;1018.05;24.2078;1416.52;40;0;60
1.33;30;1016.76;22.9154;1472.47;40;0;60
1.34;30;1016.99;23.1398;1467.61;40;0;60
1.35;30;1017.11;23.2626;1466.74;40;0;60
1.36;30;1016.9;23.0582;1479.08;40;0;60
1.37;30;1017.66;23.8106;1452.7;40;0;60
1.38;30;1018.48;24.6322;1423.05;40;0;60
1.39;30;1018.11;24.2678;1441.07;40;0;60
1.4;30;1018.71;24.866;1420.22;40;0;60
1.41;30;1017.81;23.9605;1460.07;40;0;60
1.42;30;1017.71;23.8626;1467.66;40;0;60
1.43;30;1018.02;24.1748;1458.67;40;0;60
1.44;30;1018.04;24.1918;1461.48;40;0;60
1.45;30;1018.66;24.8143;1439.69;40;0;60
1.46;30;1019.63;25.7883;1403.26;40;0;60
1.47;30;1018.65;24.8052;1445.7;40;0;60
1.48;30;1019;25.153;1434.69;40;0;60
1.49;30;1019;25.1512;1437.67;40;0;60
1.5;30;1017.77;23.9221;1490.48;40;0;60
1.51;30;1018.08;24.2332;1481.5;40;0;60
1.52;30;1019.19;25.34;1440.02;40;0;60
1.53;30;1018.89;25.0477;1454.69;40;0;60
1.54;30;1019.72;25.8699;1424.28;40;0;60
1.55;30;1019.41;25.5662;1439.09;40;0;60
1.56;30;1019.17;25.3279;1451.42;40;0;60
1.57;30;1019.12;25.2777;1456.26;40;0;60
1.58;30;1018.32;24.4697;1491.9;40;0;60
1.59;30;1018.68;24.8392;1480.22;40;0;60
1.6;30;1019.84;25.9959;1436.35;40;0;60
1.61;30;1019.24;25.3919;1463.28;40;0;60
1.62;30;1019.85;26.0018;1441.28;40;0;60
1.63;30;1020.04;26.1944;1435.86;40;0;60
1.64;30;1018.62;24.7695;1495.99;40;0;60
1.65;30;1018.47;24.6276;1504.89;40;0;60
1.66;30;1019.21;25.3649;1478.18;40;0;60
1.67;30;1019.11;25.2656;1484.99;40;0;60
1.68;30;1019.97;26.1209;1453.11;40;0;60
1.69;30;1020.38;26.5382;1438.49;40;0;60
1.7;30;1020.12;26.2741;1451.29;40;0;60
1.71;30;1020.31;26.4621;1445.9;40;0;60
1.72;30;1019.13;25.2833;1495.88;40;0;60
1.73;30;1019.03;25.1871;1502.62;40;0;60
1.74;30;1019.58;25.7392;1483.09;40;0;60
1.75;30;1019.45;25.6049;1491.1;40;0;60
1.76;30;1020.23;26.3845;1462.08;40;0;60
1.77;30;1020.93;27.0871;1435.73;40;0;60
1.78;30;1020.06;26.2184;1472.74;40;0;60
1.79;30;1020.64;26.7939;1451.65;40;0;60
1.8;30;1020.37;26.5222;1464.6;40;0;60
1.81;30;1019.06;25.2117;1519.9;40;0;60
1.82;30;1019.2;25.358;1516.83;40;0;60
1.83;30;1019.95;26.1055;1489.27;40;0;60
1.84;30;1019.92;26.0734;1492.9;40;0;60
1.85;30;1020.94;27.0941;1453.82;40;0;60
1.86;30;1020.95;27.1078;1455.01;40;0;60
1.87;30;1020.67;26.8253;1468.21;40;0;60
1.88;30;1020.95;27.1043;1458.79;40;0;60
1.89;30;1019.85;25.9996;1505.38;40;0;60
1.9;30;1019.83;25.989;1508.21;40;0;60
1.91;30;1020;26.15;1504.08;40;0;60
1.92;30;1019.78;25.9311;1515.28;40;0;60
1.93;30;1020.65;26.8007;1482.41;40;0;60
1.94;30;1021.37;27.5205;1455.11;40;0;60
1.95;30;1020.41;26.5621;1495.51;40;0;60
1.96;30;1021.23;27.382;1464.28;40;0;60
1.97;30;1020.85;27.0091;1480.99;40;0;60
1.98;30;1019.85;26.0039;1523.6;40;0;60
1.99;30;1019.9;26.056;1523.88;40;0;60
2;30;1020.03;26.1859;1520.97;40;0;60
2.01;30;1019.99;26.1482;1524.79;40;0;60
2.02;30;1021.03;27.1836;1485.06;40;0;60
2.03;30;1021.08;27.2391;1484.5;40;0;60
2.04;30;1021.23;27.3886;1480.09;40;0;60
2.05;30;1021.81;27.9658;1458.22;40;0;60
2.06;30;1020.96;27.1164;1493.93;40;0;60
2.07;30;1021.29;27.4478;1482.2;40;0;60
2.08;30;1020.76;26.9118;1505.49;40;0;60
2.09;30;1019.63;25.7868;1553.02;40;0;60
2.1;30;1020.4;26.5515;1524.5;40;0;60
2.11;30;1021.02;27.171;1501.42;40;0;60
2.12;30;1020.8;26.9519;1512.01;40;0;60
2.13;30;1021.97;28.1217;1466.35;40;0;60
2.14;30;1021.84;27.9957;1472.59;40;0;60
2.15;30;1021.22;27.3754;1498.98;40;0;60
2.16;30;1021.68;27.8337;1481.95;40;0;60
2.17;30;1020.53;26.6815;1530.02;40;0;60
2.18;30;1020.23;26.3809;1544.22;40;0;60
2.19;30;1020.52;26.6734;1534.52;40;0;60
2.2;30;1020.71;26.8671;1528.65;40;0;60
2.21;30;1020.91;27.0634;1522.56;40;0;60
2.22;30;1021.91;28.0671;1483.57;40;0;60
2.23;30;1021.27;27.4247;1510.81;40;0;60
2.24;30;1022.01;28.1672;1482.21;40;0;60
2.25;30;1021.82;27.975;1491.11;40;0;60
2.26;30;1021.04;27.1972;1523.91;40;0;60
2.27;30;1021.45;27.606;1508.99;40;0;60
2.28;30;1020.72;26.8725;1540.21;40;0;60
2.29;30;1020.15;26.305;1565.13;40;0;60
2.3;30;1021.16;27.3142;1526.37;40;0;60
2.31;30;1021.14;27.2945;1528.78;40;0;60
2.32;30;1021.29;27.4438;1524.34;40;0;60
2.33;30;1022.65;28.8091;1470.44;40;0;60
2.34;30;1021.82;27.9758;1504.99;40;0;60
2.35;30;1021.85;28.004;1505.06;40;0;60
2.36;30;1022.4;28.559;1483.72;40;0;60
2.37;30;1021.32;27.4777;1528.49;40;0;60
2.38;30;1021.25;27.4073;1532.86;40;0;60
2.39;30;1020.84;26.9907;1551.33;40;0;60
2.4;30;1020.62;26.7786;1561.75;40;0;60
2.41;30;1021.4;27.5539;1532.2;40;0;60
2.42;30;1021.96;28.1102;1511.09;40;0;60
2.43;30;1021.85;28.0021;1516.61;40;0;60
2.44;30;1022.79;28.945;1479.53;40;0;60
2.45;30;1022.32;28.4772;1499.15;40;0;60
2.46;30;1022.29;28.4425;1501.47;40;0;60
2.47;30;1022.81;28.9658;1481.16;40;0;60
2.48;30;1021.41;27.5655;1538.64;40;0;60
2.49;30;1021.37;27.5233;1541.81;40;0;60
2.5;30;1021.52;27.6752;1537.13;40;0;60
2.51;30;1020.93;27.0842;1562.52;40;0;60
2.52;30;1021.22;27.3737;1552.51;40;0;60
2.53;30;1022.32;28.4699;1509.58;40;0;60
2.54;30;1021.76;27.914;1533.07;40;0;60
2.55;30;1022.67;28.8268;1497.26;40;0;60
2.56;30;1023.15;29.3053;1478.54;40;0;60
2.57;30;1022.46;28.6116;1507.12;40;0;60
2.58;30;1022.73;28.8825;1496.95;40;0;60
2.59;30;1022.08;28.2368;1523.84;40;0;60
2.6;30;1021.71;27.8685;1539.85;40;0;60
2.61;30;1021.47;27.6252;1551.01;40;0;60
2.62;30;1021.06;27.2139;1569.13;40;0;60
2.63;30;1021.26;27.4169;1562.56;40;0;60
2.64;30;1022.36;28.5162;1519.48;40;0;60
2.65;30;1021.78;27.9323;1544.08;40;0;60
2.66;30;1022.55;28.7039;1513.99;40;0;60
2.67;30;1023.17;29.3247;1489.56;40;0;60
2.68;30;1021.91;28.0659;1541.08;40;0;60
2.69;30;1022.61;28.7612;1514.01;40;0;60
2.7;30;1022.37;28.5234;1524.41;40;0;60
2.71;30;1021.45;27.601;1562.74;40;0;60
2.72;30;1021.63;27.7807;1556.88;40;0;60
2.73;30;1021.39;27.5419;1567.91;40;0;60
2.74;30;1021.05;27.2028;1583.15;40;0;60
2.75;30;1021.97;28.1273;1547.3;40;0;60
2.76;30;1022.21;28.369;1538.61;40;0;60
2.77;30;1022.4;28.5526;1532.13;40;0;60
2.78;30;1023.11;29.2638;1504.13;40;0;60
2.79;30;1022.67;28.8268;1522.31;40;0;60
2.8;30;1023.01;29.1594;1509.51;40;0;60
2.81;30;1023.21;29.3671;1501.58;40;0;60
2.82;30;1022.37;28.5217;1536.29;40;0;60
2.83;30;1022.83;28.9865;1518.3;40;0;60
2.84;30;1022.1;28.2582;1548.48;40;0;60
2.85;30;1021.07;27.2277;1591.36;40;0;60
2.86;30;1021.93;28.0839;1558.26;40;0;60
2.87;30;1022.11;28.2624;1552.17;40;0;60
2.88;30;1022.08;28.2358;1554.29;40;0;60
2.89;30;1023.4;29.5537;1501.84;40;0;60
2.9;30;1022.89;29.0409;1522.93;40;0;60
2.91;30;1022.64;28.7987;1533.34;40;0;60
2.92;30;1023.64;29.7987;1493.46;40;0;60
2.93;30;1022.78;28.9293;1528.88;40;0;60
2.94;30;1022.79;28.9424;1528.99;40;0;60
2.95;30;1023;29.1577;1520.88;40;0;60
2.96;30;1021.75;27.9012;1572.4;40;0;60
2.97;30;1022.01;28.1642;1562.98;40;0;60
2.98;30;1021.69;27.8443;1577.07;40;0;60
2.99;30;1021.72;27.8756;1577.09;40;0;60
3;30;1022.43;28.5814;1549.71;40;0;60
3.01;30;1022.94;29.0971;1529.63;40;0;60
3.02;30;1022.65;28.8062;1541.98;40;0;60
3.03;30;1023.53;29.6839;1507.06;40;0;60
3.04;30;1023.3;29.4588;1516.39;40;0;60
3.05;30;1023.32;29.479;1515.89;40;0;60
3.06;30;1023.96;30.1134;1490.45;40;0;60
3.07;30;1022.73;28.8825;1540.35;40;0;60
3.08;30;1022.66;28.8139;1543.81;40;0;60
3.09;30;1022.51;28.6651;1550.56;40;0;60
3.1;30;1021.35;27.5019;1598.59;40;0;60
3.11;30;1021.48;27.6306;1594.86;40;0;60
3.12;30;1022.48;28.6384;1555.37;40;0;60
3.13;30;1022.08;28.2388;1572.41;40;0;60
3.14;30;1022.91;29.0599;1540.13;40;0;60
3.15;30;1023.5;29.6568;1516.46;40;0;60
3.16;30;1022.88;29.0328;1542;40;0;60
3.17;30;1023.8;29.9542;1505.17;40;0;60
3.18;30;1023.78;29.9354;1505.96;40;0;60
3.19;30;1023.52;29.6715;1516.72;40;0;60
3.2;30;1024.14;30.2949;1491.6;40;0;60
3.21;30;1023.36;29.5098;1523.3;40;0;60
3.22;30;1023.1;29.2503;1534.13;40;0;60
3.23;30;1022.72;28.8699;1550.03;40;0;60
3.24;30;1021.49;27.6485;1600.29;40;0;60
3.25;30;1022.1;28.2538;1577.13;40;0;60
3.26;30;1022.6;28.7519;1557.95;40;0;60
3.27;30;1022.3;28.4568;1570.68;40;0;60
3.28;30;1023.27;29.4227;1532.39;40;0;60
3.29;30;1023.67;29.8227;1516.5;40;0;60
3.3;30;1022.9;29.0571;1547.69;40;0;60
3.31;30;1024.02;30.1694;1503.09;40;0;60
3.32;30;1023.82;29.9694;1511.11;40;0;60
3.33;30;1023.07;29.2288;1541.2;40;0;60
3.34;30;1023.53;29.6824;1523.25;40;0;60
3.35;30;1022.35;28.5042;1571.27;40;0;60
3.36;30;1022.05;28.2;1584.52;40;0;60
3.37;30;1022.09;28.2417;1583.91;40;0;60
3.38;30;1021.94;28.0914;1591.07;40;0;60
3.39;30;1022.15;28.3078;1583.42;40;0;60
3.4;30;1022.98;29.1382;1550.73;40;0;60
3.41;30;1022.77;28.9222;1560.01;40;0;60
3.42;30;1023.31;29.4605;1538.8;40;0;60
3.43;30;1023.9;30.0543;1515.02;40;0;60
3.44;30;1023.23;29.3854;1542.14;40;0;60
3.45;30;1024.09;30.2413;1507.76;40;0;60
3.46;30;1023.82;29.9777;1518.32;40;0;60
3.47;30;1023.35;29.5007;1537.7;40;0;60
3.48;30;1023.78;29.9373;1520.27;40;0;60
3.49;30;1022.48;28.6392;1573.01;40;0;60
3.5;30;1022.13;28.2799;1588.42;40;0;60
3.51;30;1022.68;28.8375;1566.81;40;0;60
3.52;30;1022.03;28.188;1593.88;40;0;60
3.53;30;1022.14;28.2963;1590.57;40;0;60
3.54;30;1023.43;29.5825;1539.37;40;0;60
3.55;30;1022.84;28.9982;1563.35;40;0;60
3.56;30;1023.34;29.4913;1543.93;40;0;60
3.57;30;1024.14;30.2963;1511.55;40;0;60
3.58;30;1023.5;29.6555;1537.39;40;0;60
3.59;30;1024.01;30.1644;1516.93;40;0;60
3.6;30;1024.45;30.6022;1499.06;40;0;60
3.61;30;1023.63;29.7801;1532.07;40;0;60
3.62;30;1023.88;30.0349;1521.86;40;0;60
3.63;30;1023.17;29.3286;1550.52;40;0;60
3.64;30;1022.82;28.9708;1565.44;40;0;60
3.65;30;1022.65;28.8003;1572.99;40;0;60
3.66;30;1021.7;27.8535;1612.14;40;0;60
3.67;30;1022.22;28.3786;1592.11;40;0;60
3.68;30;1023.03;29.187;1560.27;40;0;60
3.69;30;1022.7;28.8496;1574.45;40;0;60
3.7;30;1023.28;29.4328;1551.46;40;0;60
3.71;30;1024.08;30.2297;1519.45;40;0;60
3.72;30;1023.03;29.1884;1561.59;40;0;60
3.73;30;1023.97;30.1256;1524.03;40;0;60
3.74;30;1024.12;30.2764;1517.83;40;0;60
3.75;30;1023.17;29.326;1556.25;40;0;60
3.76;30;1023.42;29.5697;1546.76;40;0;60
3.77;30;1022.83;28.9847;1570.77;40;0;60
3.78;30;1022.19;28.348;1597.23;40;0;60
3.79;30;1022.48;28.6322;1586.68;40;0;60
3.8;30;1022.05;28.2018;1604.98;40;0;60
3.81;30;1022.14;28.2986;1602.12;40;0;60
3.82;30;1022.93;29.08;1571.42;40;0;60
3.83;30;1022.9;29.0499;1573.19;40;0;60
3.84;30;1023.27;29.4227;1558.63;40;0;60
3.85;30;1023.88;30.0321;1534.23;40;0;60
3.86;30;1023.42;29.5785;1552.63;40;0;60
3.87;30;1024.07;30.2292;1526.46;40;0;60
3.88;30;1024.16;30.3157;1522.82;40;0;60
3.89;30;1023.56;29.7146;1547.03;40;0;60
3.9;30;1024.11;30.2635;1524.91;40;0;60
3.91;30;1023.22;29.3754;1560.81;40;0;60
3.92;30;1022.61;28.7616;1586.11;40;0;60
3.93;30;1023.16;29.3125;1564.49;40;0;60
3.94;30;1022.14;28.2982;1606.08;40;0;60
3.95;30;1022.02;28.171;1612.26;40;0;60
3.96;30;1023.09;29.2421;1569.87;40;0;60
3.97;30;1022.62;28.772;1589.42;40;0;60
3.98;30;1022.9;29.0591;1578.5;40;0;60
3.99;30;1024.09;30.2435;1530.97;40;0;60
4;30;1023.4;29.5546;1558.8;40;0;60
4.01;30;1023.77;29.9283;1543.89;40;0;60
4.02;30;1024.62;30.7694;1509.79;40;0;60
4.03;30;1023.85;30.0065;1540.3;40;0;60
4.04;30;1024.46;30.6101;1515.79;40;0;60
4.05;30;1024.64;30.7979;1507.8;40;0;60
4.06;30;1023.93;30.0873;1536.17;40;0;60
4.07;30;1024.15;30.3018;1527.41;40;0;60
4.08;30;1023.07;29.2254;1570.93;40;0;60
4.09;30;1022.84;28.9982;1580.62;40;0;60
4.1;30;1022.84;28.9913;1581.5;40;0;60
4.11;30;1022.18;28.3339;1608.8;40;0;60
4.12;30;1022.62;28.7756;1591.86;40;0;60
4.13;30;1023.38;29.536;1561.72;40;0;60
4.14;30;1022.91;29.0607;1581.3;40;0;60
4.15;30;1023.68;29.8317;1550.56;40;0;60
4.16;30;1024.15;30.3079;1531.33;40;0;60
4.17;30;1023.34;29.4989;1563.99;40;0;60
4.18;30;1024.34;30.4954;1523.83;40;0;60
4.19;30;1024.52;30.671;1516.4;40;0;60
4.2;30;1023.64;29.7934;1551.63;40;0;60
4.21;30;1024.27;30.4279;1526;40;0;60
4.22;30;1023.46;29.6105;1558.93;40;0;60
4.23;30;1022.64;28.7905;1592.45;40;0;60
4.24;30;1022.52;28.6701;1598.07;40;0;60
4.25;30;1022.27;28.4218;1608.94;40;0;60
4.26;30;1022.17;28.323;1613.9;40;0;60
4.27;30;1023.02;29.1773;1580.22;40;0;60
4.28;30;1022.86;29.0097;1587.52;40;0;60
4.29;30;1023.37;29.5279;1567.08;40;0;60
4.3;30;1023.87;30.027;1547.1;40;0;60
4.31;30;1023.51;29.6601;1561.98;40;0;60
4.32;30;1024.13;30.2885;1536.67;40;0;60
4.33;30;1024.42;30.5697;1525.08;40;0;60
4.34;30;1023.93;30.0836;1544.47;40;0;60
4.35;30;1024.51;30.6628;1520.91;40;0;60
4.36;30;1023.77;29.9224;1550.57;40;0;60
4.37001;30;1023.45;29.6044;1563.53;40;0;60
4.38001;30;1023.65;29.8069;1555.54;40;0;60
4.39001;30;1022.43;28.5864;1605.21;40;0;60
4.40001;30;1021.94;28.096;1625.97;40;0;60
4.41001;30;1022.96;29.1132;1585.81;40;0;60
4.42001;30;1022.66;28.8141;1598.49;40;0;60
4.43001;30;1022.86;29.0114;1591.19;40;0;60
4.44001;30;1023.9;30.0579;1549.29;40;0;60
4.45001;30;1023.22;29.3707;1577.16;40;0;60
4.46001;30;1023.69;29.8438;1558.33;40;0;60
4.47001;30;1024.44;30.5983;1527.79;40;0;60
4.48001;30;1023.88;30.0388;1550.15;40;0;60
4.49001;30;1024.49;30.6442;1525.55;40;0;60
4.50001;30;1024.84;30.9952;1510.91;40;0;60
4.51001;30;1024.3;30.4592;1532.07;40;0;60
4.52001;30;1024.8;30.9514;1511.81;40;0;60
4.53001;30;1024.39;30.5413;1527.9;40;0;60
4.54001;30;1024.18;30.3372;1535.86;40;0;60
4.55001;30;1023.83;29.9824;1550.06;40;0;60
4.56001;30;1022.16;28.3179;1617.65;40;0;60
4.57001;30;1022.63;28.7866;1599.63;40;0;60
4.58001;30;1023.07;29.2281;1582.43;40;0;60
4.59001;30;1022.64;28.7948;1600.49;40;0;60
4.60001;30;1023.43;29.5802;1569.32;40;0;60
4.61001;30;1023.95;30.1005;1548.45;40;0;60
4.62001;30;1023.18;29.3364;1579.41;40;0;60
4.63001;30;1024.38;30.5352;1531.14;40;0;60
4.64001;30;1024.39;30.5404;1530.61;40;0;60
4.65001;30;1023.7;29.8519;1558.24;40;0;60
4.66001;30;1024.94;31.0966;1507.79;40;0;60
4.67001;30;1024.38;30.5363;1529.88;40;0;60
4.68001;30;1023.86;30.0155;1550.7;40;0;60
4.69001;30;1024.24;30.3947;1535.3;40;0;60
4.70001;30;1022.85;29.0044;1591.51;40;0;60
4.71001;30;1022.61;28.7637;1601.88;40;0;60
4.72001;30;1022.58;28.7337;1603.84;40;0;60
4.73001;30;1022.43;28.5857;1610.61;40;0;60
4.74001;30;1022.88;29.0297;1593.43;40;0;60
4.75001;30;1023.39;29.542;1573.21;40;0;60
4.76001;30;1023.22;29.3765;1580.2;40;0;60
4.77001;30;1023.67;29.8267;1562.3;40;0;60
4.78001;30;1024.18;30.3326;1541.86;40;0;60
4.79001;30;1023.83;29.9824;1555.88;40;0;60
4.80001;30;1024.69;30.8435;1520.93;40;0;60
4.81002;30;1024.33;30.4893;1534.81;40;0;60
4.82002;30;1024.21;30.3619;1539.68;40;0;60
4.83002;30;1024.96;31.1124;1509;40;0;60
4.84002;30;1023.99;30.142;1547.73;40;0;60
4.85002;30;1023.88;30.0332;1552.06;40;0;60
4.86002;30;1023.9;30.0532;1551.23;40;0;60
4.87002;30;1022.36;28.5155;1613.63;40;0;60
4.88002;30;1022.41;28.5623;1612.62;40;0;60
4.89002;30;1023.04;29.1958;1587.76;40;0;60
4.90002;30;1022.54;28.6918;1608.71;40;0;60
4.91002;30;1023.01;29.1616;1590.42;40;0;60
4.92002;30;1023.87;30.0258;1555.83;40;0;60
4.93002;30;1023.34;29.4986;1577.22;40;0;60
4.94002;30;1024.01;30.1671;1550.38;40;0;60
4.95002;30;1024.35;30.5067;1536.49;40;0;60
4.96002;30;1023.97;30.1203;1551.88;40;0;60
4.97002;30;1024.7;30.8513;1522.13;40;0;60
4.98002;30;1024.64;30.7979;1523.79;40;0;60
4.99002;30;1024.52;30.6749;1528.3;40;0;60
5.00002;30;1024.92;31.0759;1511.61;40;0;60
5.01002;30;1024.34;30.498;1534.43;40;0;60
5.02002;30;1024.54;30.6898;1526.34;40;0;60
5.03002;30;1024.26;30.4097;1537.31;40;0;60
5.04002;30;1022.92;29.0756;1591.22;40;0;60
5.05002;30;1023.26;29.411;1578.16;40;0;60
5.06002;30;1022.87;29.0202;1594.38;40;0;60
5.07002;30;1022.49;28.6459;1610.17;40;0;60
5.08002;30;1023.45;29.6038;1572.09;40;0;60
5.09002;30;1023.74;29.8966;1560.44;40;0;60
5.10002;30;1023.39;29.5397;1574.99;40;0;60
5.11002;30;1024.61;30.7646;1525.53;40;0;60
5.12002;30;1024.26;30.4147;1539.28;40;0;60
5.13002;30;1023.85;30.0009;1555.83;40;0;60
5.14002;30;1025.02;31.1746;1508.18;40;0;60
5.15002;30;1024.13;30.281;1543.75;40;0;60
5.16002;30;1024.02;30.1781;1547.76;40;0;60
5.17002;30;1024.37;30.5245;1533.59;40;0;60
5.18002;30;1023.25;29.3999;1578.94;40;0;60
5.19002;30;1023.11;29.2686;1584.63;40;0;60
5.20002;30;1022.56;28.717;1607.46;40;0;60
5.21002;30;1022.39;28.5409;1615.38;40;0;60
5.22002;30;1022.93;29.0815;1594.31;40;0;60
5.23002;30;1023.3;29.4532;1579.77;40;0;60
5.24003;30;1023.16;29.3179;1585.59;40;0;60
5.25003;30;1023.96;30.1176;1553.53;40;0;60
5.26003;30;1023.8;29.9498;1560.27;40;0;60
5.27003;30;1023.78;29.9377;1560.8;40;0;60
5.28003;30;1024.77;30.924;1520.79;40;0;60
5.29003;30;1024.02;30.1715;1550.78;40;0;60
5.30003;30;1024.37;30.5273;1536.24;40;0;60
5.31003;30;1024.87;31.0284;1515.57;40;0;60
5.32003;30;1023.71;29.8665;1562.13;40;0;60
5.33003;30;1024.17;30.3214;1543.74;40;0;60
5.34003;30;1024.06;30.2152;1547.86;40;0;60
5.35003;30;1022.8;28.9558;1598.86;40;0;60
5.36003;30;1023.05;29.2034;1589.44;40;0;60
5.37003;30;1023.11;29.2646;1587.43;40;0;60
5.38003;30;1022.75;28.9062;1602.42;40;0;60
5.39003;30;1023.31;29.4661;1580.35;40;0;60
5.40003;30;1023.81;29.9608;1560.58;40;0;60
5.41003;30;1023.51;29.6612;1572.77;40;0;60
5.42003;30;1024.44;30.5947;1535.07;40;0;60
5.43003;30;1024.04;30.1927;1551.04;40;0;60
5.44003;30;1024.08;30.2318;1549.34;40;0;60
5.45003;30;1024.76;30.9165;1521.4;40;0;60
5.46003;30;1024.11;30.2625;1547.4;40;0;60
5.47003;30;1024.59;30.7471;1527.57;40;0;60
5.48003;30;1024.53;30.6865;1529.58;40;0;60
5.49003;30;1023.51;29.6601;1570.84;40;0;60
5.50003;30;1024.1;30.2501;1547.09;40;0;60
5.51003;30;1023.54;29.6983;1569.34;40;0;60
5.52003;30;1022.47;28.6224;1613.21;40;0;60
5.53003;30;1023.26;29.4144;1581.88;40;0;60
5.54003;30;1023.06;29.2192;1590.15;40;0;60
5.55003;30;1022.93;29.0808;1596.24;40;0;60
5.56003;30;1024.07;30.2275;1550.23;40;0;60
5.57003;30;1023.82;29.9733;1560.42;40;0;60
5.58003;30;1023.73;29.8812;1564.17;40;0;60
5.59003;30;1024.8;30.957;1520.57;40;0;60
5.60003;30;1023.99;30.1459;1552.93;40;0;60
5.61003;30;1024.01;30.1676;1551.96;40;0;60
5.62003;30;1024.49;30.6439;1532.52;40;0;60
5.63003;30;1023.64;29.79;1566.8;40;0;60
5.64003;30;1023.79;29.9491;1560.47;40;0;60
5.65003;30;1023.54;29.6959;1570.78;40;0;60
5.66003;30;1022.79;28.9443;1601.48;40;0;60
5.67003;30;1022.93;29.0872;1596.31;40;0;60
5.68004;30;1022.68;28.8305;1607.28;40;0;60
5.69004;30;1022.59;28.7418;1611.58;40;0;60
5.70004;30;1023.29;29.4438;1583.83;40;0;60
5.71004;30;1023.39;29.5447;1580.07;40;0;60
5.72004;30;1023.72;29.8738;1566.98;40;0;60
5.73004;30;1024.55;30.7052;1533.3;40;0;60
5.74004;30;1023.73;29.8836;1566.24;40;0;60
5.75004;30;1024.28;30.4351;1543.92;40;0;60
5.76004;30;1024.92;31.073;1517.76;40;0;60
5.77004;30;1023.79;29.9396;1563.13;40;0;60
5.78004;30;1024.19;30.3481;1546.58;40;0;60
5.79004;30;1024.16;30.3182;1547.58;40;0;60
5.80004;30;1023.01;29.1636;1594.27;40;0;60
5.81004;30;1023.38;29.5303;1579.89;40;0;60
5.82004;30;1023.2;29.3559;1587.25;40;0;60
5.83004;30;1022.51;28.6655;1615.66;40;0;60
5.84004;30;1022.77;28.9239;1605.97;40;0;60
5.85004;30;1023.26;29.4127;1586.77;40;0;60
5.86004;30;1022.97;29.1196;1599.03;40;0;60
5.87004;30;1023.93;30.0859;1560.32;40;0;60
5.88004;30;1023.83;29.9819;1564.49;40;0;60
5.89004;30;1024.05;30.2056;1555.42;40;0;60
5.90004;30;1024.61;30.7679;1532.47;40;0;60
5.91004;30;1024.05;30.2;1555.07;40;0;60
5.92004;30;1024.47;30.627;1537.61;40;0;60
5.93004;30;1024.65;30.8;1530.21;40;0;60
5.94004;30;1023.92;30.0779;1559.05;40;0;60
5.95004;30;1024.22;30.3763;1546.88;40;0;60
5.96004;30;1023.67;29.829;1568.88;40;0;60
5.97004;30;1022.96;29.1126;1598.07;40;0;60
5.98004;30;1023.59;29.7451;1572.92;40;0;60
5.99004;30;1023;29.1573;1596.94;40;0;60
6.00004;30;1022.38;28.5316;1622.85;40;0;60
6.01004;30;1023.61;29.7681;1573.53;40;0;60
6.02004;30;1023.32;29.4782;1585.43;40;0;60
6.03004;30;1023.24;29.3928;1589.21;40;0;60
6.04004;30;1024.54;30.6945;1536.73;40;0;60
6.05004;30;1023.7;29.8527;1570.49;40;0;60
6.06004;30;1023.91;30.0692;1561.79;40;0;60
6.07004;30;1024.97;31.124;1518.92;40;0;60
6.08004;30;1023.84;29.9947;1564.1;40;0;60
6.09004;30;1024.04;30.1927;1556.06;40;0;60
6.10004;30;1024.1;30.2574;1553.32;40;0;60
6.11004;30;1023.43;29.5875;1580.36;40;0;60
6.12005;30;1023.71;29.8635;1569.4;40;0;60
6.13005;30;1022.96;29.1173;1599.78;40;0;60
6.14005;30;1022.9;29.0521;1602.96;40;0;60
6.15005;30;1023.25;29.406;1589.16;40;0;60
6.16005;30;1022.82;28.9749;1607.02;40;0;60
6.17005;30;1023.02;29.1724;1599.62;40;0;60
6.18005;30;1023.79;29.9418;1568.88;40;0;60
6.19005;30;1023.35;29.5076;1586.54;40;0;60
6.20005;30;1023.9;30.0549;1564.61;40;0;60
6.21005;30;1024.72;30.8732;1531.36;40;0;60
6.22005;30;1023.67;29.8215;1573.53;40;0;60
6.23005;30;1024.12;30.2749;1555.23;40;0;60
6.24005;30;1024.51;30.6611;1539.39;40;0;60
6.25005;30;1023.27;29.4256;1589.15;40;0;60
6.26005;30;1023.81;29.9605;1567.78;40;0;60
6.27005;30;1023.5;29.6549;1580.21;40;0;60
6.28005;30;1022.82;28.97;1608.23;40;0;60
6.29005;30;1023.24;29.3895;1591.81;40;0;60
6.30005;30;1022.9;29.0571;1605.67;40;0;60
6.31005;30;1022.72;28.8706;1613.81;40;0;60
6.32005;30;1023.21;29.3653;1594.4;40;0;60
6.33005;30;1023.3;29.4506;1591.32;40;0;60
6.34005;30;1023.32;29.4779;1590.54;40;0;60
6.35005;30;1024.14;30.2985;1557.54;40;0;60
6.36005;30;1023.8;29.9525;1571.41;40;0;60
6.37005;30;1024.15;30.3024;1557.23;40;0;60
6.38005;30;1024.71;30.8691;1534.04;40;0;60
6.39005;30;1024;30.1533;1562.58;40;0;60
6.40005;30;1024.55;30.705;1540.09;40;0;60
6.41005;30;1024.31;30.4598;1549.62;40;0;60
6.42005;30;1023.58;29.7299;1578.98;40;0;60
6.43005;30;1024.05;30.2026;1559.95;40;0;60
6.44005;30;1023;29.1569;1602.28;40;0;60
6.45005;30;1022.67;28.825;1616.26;40;0;60
6.46005;30;1023.63;29.7837;1578.05;40;0;60
6.47005;30;1022.81;28.966;1611.37;40;0;60
6.48005;30;1022.65;28.8053;1618.52;40;0;60
6.49005;30;1023.87;30.0201;1569.92;40;0;60
6.50005;30;1023.49;29.6472;1585.04;40;0;60
6.51005;30;1023.53;29.6856;1583.7;40;0;60
6.52005;30;1024.51;30.6632;1544.19;40;0;60
6.53005;30;1023.8;29.952;1572.67;40;0;60
6.54005;30;1024.47;30.6213;1545.52;40;0;60
6.55006;30;1025.14;31.2933;1517.87;40;0;60
6.56006;30;1024.39;30.5457;1547.45;40;0;60
6.57006;30;1025.01;31.1635;1522.04;40;0;60
6.58006;30;1025.2;31.3507;1513.74;40;0;60
6.59006;30;1024.59;30.7473;1537.43;40;0;60
6.60006;30;1024.96;31.1134;1522.11;40;0;60
6.61006;30;1024.16;30.3188;1553.7;40;0;60
6.62006;30;1024.01;30.1672;1559.67;40;0;60
6.63006;30;1023.67;29.8262;1573.42;40;0;60
6.64006;30;1022.39;28.5397;1625.75;40;0;60
6.65006;30;1022.91;29.0639;1605.34;40;0;60
6.66006;30;1023.3;29.4566;1589.96;40;0;60
6.67006;30;1023.03;29.187;1601.23;40;0;60
6.68006;30;1023.75;29.9003;1572.76;40;0;60
6.69006;30;1024.25;30.4032;1552.4;40;0;60
6.70006;30;1023.68;29.8352;1575.22;40;0;60
6.71006;30;1024.56;30.7188;1539.45;40;0;60
6.72006;30;1024.76;30.9119;1531.18;40;0;60
6.73006;30;1023.99;30.1489;1561.61;40;0;60
6.74006;30;1025.11;31.2675;1516.1;40;0;60
6.75006;30;1024.76;30.9126;1529.75;40;0;60
6.76006;30;1024.23;30.3868;1550.55;40;0;60
6.77006;30;1024.66;30.8114;1533.08;40;0;60
6.78006;30;1023.51;29.6652;1579.13;40;0;60
6.79006;30;1023.05;29.1995;1598.24;40;0;60
6.80006;30;1022.96;29.1126;1602.25;40;0;60
6.81006;30;1022.4;28.5546;1625.43;40;0;60
6.82006;30;1022.82;28.9744;1609.26;40;0;60
6.83006;30;1023.63;29.7866;1576.9;40;0;60
6.84006;30;1023.28;29.4306;1591.48;40;0;60
6.85006;30;1024.01;30.1624;1562.11;40;0;60
6.86006;30;1024.18;30.3383;1554.87;40;0;60
6.87006;30;1024.01;30.1646;1561.72;40;0;60
6.88006;30;1024.62;30.7772;1536.75;40;0;60
6.89006;30;1024.55;30.7015;1539.35;40;0;60
6.90006;30;1024.28;30.4373;1549.66;40;0;60
6.91006;30;1025.2;31.3536;1512.2;40;0;60
6.92006;30;1024.33;30.4846;1546.67;40;0;60
6.93006;30;1024.43;30.5828;1542.39;40;0;60
6.94006;30;1024.53;30.6866;1537.82;40;0;60
6.95006;30;1023.17;29.326;1592.65;40;0;60
6.96006;30;1023.1;29.2573;1595.85;40;0;60
6.97006;30;1023.16;29.3158;1593.92;40;0;60
6.98006;30;1022.57;28.7269;1618.24;40;0;60
6.99007;30;1022.92;29.0712;1605.02;40;0;60
7.00007;30;1023.74;29.8923;1572.24;40;0;60
7.01007;30;1023.37;29.5251;1587.22;40;0;60
7.02007;30;1024.12;30.276;1557.01;40;0;60
7.03007;30;1024.31;30.4639;1549.22;40;0;60
7.04007;30;1024.07;30.2196;1558.86;40;0;60
7.05007;30;1024.8;30.9583;1528.74;40;0;60
7.06007;30;1024.64;30.7946;1534.81;40;0;60
7.07007;30;1024.61;30.7664;1535.48;40;0;60
7.08007;30;1025.15;31.3079;1513.03;40;0;60
7.09007;30;1024.5;30.6505;1538.94;40;0;60
7.10007;30;1024.73;30.8795;1529.25;40;0;60
7.11007;30;1024.6;30.7518;1533.91;40;0;60
7.12007;30;1023.54;29.6959;1576.32;40;0;60
7.13007;30;1023.83;29.9807;1564.94;40;0;60
7.14007;30;1023.08;29.2348;1595.24;40;0;60
7.15007;30;1022.43;28.5806;1622.26;40;0;60
7.16007;30;1023.32;29.4783;1586.67;40;0;60
7.17007;30;1023.63;29.7872;1574.44;40;0;60
7.18007;30;1023.28;29.4332;1588.94;40;0;60
7.19007;30;1024.49;30.6398;1540.29;40;0;60
7.20007;30;1024.1;30.2513;1555.68;40;0;60
7.21007;30;1023.92;30.0696;1562.91;40;0;60
7.22007;30;1024.97;31.1224;1520.12;40;0;60
7.23007;30;1024.08;30.2297;1555.69;40;0;60
7.24007;30;1024.07;30.2227;1555.84;40;0;60
7.25007;30;1024.63;30.7794;1533.1;40;0;60
7.26007;30;1023.58;29.7304;1575.22;40;0;60
7.27007;30;1023.65;29.8069;1572.28;40;0;60
7.28007;30;1022.94;29.0959;1601.26;40;0;60
7.29007;30;1022.51;28.6651;1619.29;40;0;60
7.30007;30;1022.94;29.0982;1602.51;40;0;60
7.31007;30;1023.07;29.2258;1597.87;40;0;60
7.32007;30;1023.17;29.322;1594.43;40;0;60
7.33007;30;1024.06;30.2146;1558.6;40;0;60
7.34007;30;1023.8;29.9498;1569.22;40;0;60
7.35007;30;1023.92;30.074;1564.21;40;0;60
7.36007;30;1024.83;30.9816;1527.31;40;0;60
7.37007;30;1023.95;30.1007;1562.49;40;0;60
7.38007;30;1024.32;30.4711;1547.39;40;0;60
7.39007;30;1024.92;31.0756;1522.57;40;0;60
7.40007;30;1023.72;29.8756;1570.64;40;0;60
7.41007;30;1024.13;30.2799;1554.3;40;0;60
7.42007;30;1024.07;30.2196;1556.58;40;0;60
7.43008;30;1022.9;29.056;1603.69;40;0;60
7.44008;30;1022.9;29.0537;1604.35;40;0;60
7.45008;30;1023.05;29.2027;1598.87;40;0;60
7.46008;30;1022.51;28.6602;1621.37;40;0;60
7.47008;30;1023.29;29.4492;1590.14;40;0;60
7.48008;30;1023.48;29.6338;1582.98;40;0;60
7.49008;30;1023.58;29.7373;1579;40;0;60
7.50008;30;1024.33;30.4865;1548.74;40;0;60
7.51008;30;1024.01;30.163;1561.58;40;0;60
7.52008;30;1024.2;30.3569;1553.61;40;0;60
7.53008;30;1024.83;30.9893;1527.72;40;0;60
7.54008;30;1024.17;30.3254;1554.08;40;0;60
7.55008;30;1024.58;30.7365;1537.2;40;0;60
7.56008;30;1024.67;30.8215;1533.3;40;0;60
7.57008;30;1023.91;30.065;1563.52;40;0;60
7.58008;30;1024.4;30.552;1543.71;40;0;60
7.59008;30;1023.67;29.8267;1572.83;40;0;60
7.60008;30;1022.85;29.0058;1606.26;40;0;60
7.61008;30;1023.55;29.7017;1578.6;40;0;60
7.62008;30;1022.99;29.1427;1601.48;40;0;60
7.63008;30;1022.7;28.8496;1613.89;40;0;60
7.64008;30;1023.73;29.8806;1572.72;40;0;60
7.65008;30;1023.63;29.7833;1576.74;40;0;60
7.66008;30;1023.56;29.7182;1579.52;40;0;60
7.67008;30;1024.85;31.0032;1527.52;40;0;60
7.68008;30;1023.95;30.1077;1563.27;40;0;60
7.69008;30;1023.98;30.1327;1562.19;40;0;60
7.70008;30;1024.87;31.0291;1525.72;40;0;60
7.71008;30;1023.9;30.0555;1564.63;40;0;60
7.72008;30;1024.06;30.2185;1557.98;40;0;60
7.73008;30;1023.9;30.0571;1564.4;40;0;60
7.74008;30;1023.34;29.4943;1587.21;40;0;60
7.75008;30;1023.51;29.6629;1580.67;40;0;60
7.76008;30;1022.85;28.9994;1607.81;40;0;60
7.77008;30;1022.83;28.9817;1609.13;40;0;60
7.78008;30;1023.16;29.3187;1596.06;40;0;60
7.79008;30;1023.02;29.1693;1602.53;40;0;60
7.80008;30;1023.29;29.4408;1592.01;40;0;60
7.81008;30;1024.19;30.3409;1555.8;40;0;60
7.82008;30;1023.5;29.6508;1583.61;40;0;60
7.83008;30;1024.12;30.2728;1558.57;40;0;60
7.84008;30;1024.65;30.8024;1536.91;40;0;60
7.85008;30;1023.52;29.6783;1582.06;40;0;60
7.86009;30;1024.25;30.3997;1552.97;40;0;60
7.87009;30;1024.44;30.5894;1545.03;40;0;60
7.88009;30;1023.34;29.4993;1588.93;40;0;60
7.89009;30;1023.84;29.9915;1569.25;40;0;60
7.90009;30;1023.41;29.5614;1586.71;40;0;60
7.91009;30;1022.95;29.101;1605.67;40;0;60
7.92009;30;1023.31;29.4678;1591.32;40;0;60
7.93009;30;1023.03;29.1807;1603.29;40;0;60
7.94009;30;1022.92;29.0749;1608.08;40;0;60
7.95009;30;1023.58;29.7299;1582.04;40;0;60
7.96009;30;1023.55;29.7077;1583.11;40;0;60
7.97009;30;1023.66;29.8098;1579.14;40;0;60
7.98009;30;1024.37;30.5201;1550.41;40;0;60
7.99009;30;1023.79;29.9481;1573.32;40;0;60
8.00009;30;1024.27;30.4211;1554.15;40;0;60
8.01009;30;1024.67;30.8289;1537.34;40;0;60
8.02009;30;1023.89;30.0408;1568.84;40;0;60
8.03009;30;1024.62;30.7725;1539.11;40;0;60
8.04009;30;1024.06;30.2192;1561.11;40;0;60
8.05009;30;1023.5;29.6539;1583.93;40;0;60
8.06009;30;1024;30.1539;1563.84;40;0;60
8.07009;30;1023.15;29.3058;1598.18;40;0;60
8.08009;30;1022.7;28.8535;1616.96;40;0;60
8.09009;30;1023.56;29.718;1582.55;40;0;60
8.10009;30;1022.88;29.0318;1610.58;40;0;60
8.11009;30;1022.88;29.0364;1610.97;40;0;60
8.12009;30;1024;30.1511;1566.29;40;0;60
8.13009;30;1023.54;29.6987;1584.57;40;0;60
8.14009;30;1023.67;29.8277;1579.51;40;0;60
8.15009;30;1024.69;30.8463;1538.26;40;0;60
8.16009;30;1023.9;30.0493;1570.11;40;0;60
8.17009;30;1024.31;30.4639;1553.25;40;0;60
8.18009;30;1025.25;31.4082;1514.63;40;0;60
8.19009;30;1024.5;30.6545;1544.38;40;0;60
8.20009;30;1025.09;31.2485;1519.87;40;0;60
8.21009;30;1025.48;31.6353;1503.43;40;0;60
8.22009;30;1024.72;30.8772;1533.22;40;0;60
8.23009;30;1025.24;31.3984;1511.53;40;0;60
8.24009;30;1024.55;30.7021;1538.96;40;0;60
8.25009;30;1024.34;30.4897;1547.16;40;0;60
8.26009;30;1023.95;30.106;1562.45;40;0;60
8.27009;30;1022.47;28.6257;1622.49;40;0;60
8.28009;30;1022.86;29.0121;1607.63;40;0;60
8.29009;30;1023.5;29.6516;1582.25;40;0;60
8.30009;30;1023.09;29.2478;1598.86;40;0;60
8.31009;30;1023.73;29.8856;1573.41;40;0;60
8.3201;30;1024.33;30.4863;1549.09;40;0;60
8.3301;30;1023.68;29.835;1575.24;40;0;60
8.3401;30;1024.75;30.9008;1532.07;40;0;60
8.3501;30;1024.87;31.0234;1526.55;40;0;60
8.3601;30;1024.04;30.199;1559.41;40;0;60
8.3701;30;1025.23;31.3884;1511;40;0;60
8.3801;30;1024.53;30.6877;1538.62;40;0;60
8.3901;30;1023.82;29.9765;1567.08;40;0;60
8.4001;30;1024.06;30.2104;1557.59;40;0;60
8.4101;30;1022.98;29.1376;1601.03;40;0;60
8.4201;30;1022.83;28.9807;1607.91;40;0;60
8.4301;30;1022.73;28.8818;1612.54;40;0;60
8.4401;30;1022.63;28.7813;1617.29;40;0;60
8.4501;30;1023.01;29.1678;1602.33;40;0;60
8.4601;30;1023.78;29.934;1571.72;40;0;60
8.4701;30;1023.52;29.6725;1582.38;40;0;60
8.4801;30;1024.1;30.2583;1558.79;40;0;60
8.4901;30;1024.41;30.5688;1546.03;40;0;60
8.5001;30;1024.07;30.2219;1559.77;40;0;60
8.5101;30;1024.96;31.1101;1523.58;40;0;60
8.5201;30;1024.64;30.79;1535.91;40;0;60
8.5301;30;1024.54;30.6943;1539.32;40;0;60
8.5401;30;1025.18;31.3389;1512.74;40;0;60
8.5501;30;1024.1;30.2546;1555.95;40;0;60
8.5601;30;1024.1;30.2568;1555.71;40;0;60
8.5701;30;1023.96;30.119;1561.15;40;0;60
8.5801;30;1022.46;28.6133;1622.21;40;0;60
8.5901;30;1022.52;28.6786;1620.39;40;0;60
8.6001;30;1023.26;29.4154;1591.27;40;0;60
8.6101;30;1022.97;29.129;1603.25;40;0;60
8.6201;30;1023.26;29.4144;1592.19;40;0;60
8.6301;30;1023.98;30.1304;1563.47;40;0;60
8.6401;30;1023.55;29.7;1580.86;40;0;60
8.6501;30;1024.12;30.2725;1557.8;40;0;60
8.6601;30;1024.55;30.7083;1539.94;40;0;60
8.6701;30;1024.13;30.2858;1556.67;40;0;60
8.6801;30;1024.93;31.0813;1524.2;40;0;60
8.6901;30;1024.85;30.9998;1526.86;40;0;60
8.7001;30;1024.76;30.9136;1529.76;40;0;60
8.7101;30;1025.17;31.3231;1512.59;40;0;60
8.7201;30;1024.57;30.7209;1536.24;40;0;60
8.7301;30;1024.64;30.798;1532.68;40;0;60
8.7401;30;1024.46;30.6141;1539.67;40;0;60
8.7501;30;1023.24;29.3911;1588.95;40;0;60
8.76011;30;1023.71;29.8659;1570.04;40;0;60
8.77011;30;1023.16;29.3192;1592.32;40;0;60
8.78011;30;1022.59;28.7477;1615.93;40;0;60
8.79011;30;1023.44;29.5911;1582.44;40;0;60
8.80011;30;1023.73;29.8839;1570.8;40;0;60
8.81011;30;1023.5;29.6505;1580.34;40;0;60
8.82011;30;1024.58;30.7382;1536.39;40;0;60
8.83011;30;1024.32;30.472;1546.76;40;0;60
8.84011;30;1023.9;30.0538;1563.45;40;0;60
8.85011;30;1024.98;31.137;1519.44;40;0;60
8.86011;30;1024.24;30.399;1548.72;40;0;60
8.87011;30;1024.01;30.1611;1558.14;40;0;60
8.88011;30;1024.49;30.6418;1538.53;40;0;60
8.89011;30;1023.35;29.5026;1584.39;40;0;60
8.90011;30;1023.31;29.4678;1586.11;40;0;60
8.91011;30;1022.82;28.9756;1606.41;40;0;60
8.92011;30;1022.43;28.5863;1622.83;40;0;60
8.93011;30;1023.01;29.1685;1600.04;40;0;60
8.94011;30;1023.47;29.6201;1582.2;40;0;60
8.95011;30;1023.3;29.4498;1589.35;40;0;60
8.96011;30;1024.11;30.2601;1556.78;40;0;60
8.97011;30;1023.87;30.0197;1566.38;40;0;60
8.98011;30;1024.01;30.166;1560.43;40;0;60
8.99011;30;1024.82;30.9757;1527.46;40;0;60
9.00011;30;1024.02;30.1754;1559.36;40;0;60
9.01011;30;1024.4;30.5493;1544.08;40;0;60
9.02011;30;1024.93;31.0819;1522.13;40;0;60
9.03011;30;1023.82;29.9751;1566.41;40;0;60
9.04011;30;1024.21;30.3596;1550.82;40;0;60
9.05011;30;1024.14;30.2911;1553.38;40;0;60
9.06011;30;1022.91;29.0656;1602.96;40;0;60
9.07011;30;1023.01;29.1661;1599.44;40;0;60
9.08011;30;1023.05;29.2;1598.57;40;0;60
9.09011;30;1022.73;28.8799;1612.04;40;0;60
9.10011;30;1023.29;29.4441;1589.81;40;0;60
9.11011;30;1023.61;29.7649;1577.12;40;0;60
9.12011;30;1023.58;29.7294;1578.7;40;0;60
9.13011;30;1024.52;30.6792;1540.3;40;0;60
9.14011;30;1024.22;30.373;1552.32;40;0;60
9.15011;30;1024.2;30.353;1552.91;40;0;60
9.16011;30;1024.95;31.1066;1522.11;40;0;60
9.17011;30;1024.34;30.498;1546.15;40;0;60
9.18011;30;1024.73;30.8856;1530.11;40;0;60
9.19011;30;1024.79;30.9451;1527.17;40;0;60
9.20012;30;1023.78;29.9363;1567.56;40;0;60
9.21012;30;1024.29;30.449;1546.78;40;0;60
9.22012;30;1023.58;29.7373;1575.41;40;0;60
9.23012;30;1022.65;28.8024;1613.52;40;0;60
9.24012;30;1023.46;29.6152;1581.24;40;0;60
9.25012;30;1023.1;29.2495;1596.32;40;0;60
9.26012;30;1022.91;29.0639;1604.3;40;0;60
9.27012;30;1023.98;30.1376;1561.27;40;0;60
9.28012;30;1023.68;29.8338;1573.53;40;0;60
9.29012;30;1023.79;29.9407;1569.29;40;0;60
9.30012;30;1024.93;31.0848;1522.87;40;0;60
9.31012;30;1024.06;30.2139;1557.58;40;0;60
9.32012;30;1024.1;30.2545;1555.8;40;0;60
9.33012;30;1024.78;30.9305;1528.2;40;0;60
9.34012;30;1023.56;29.7165;1576.93;40;0;60
9.35012;30;1023.82;29.9783;1566.47;40;0;60
9.36012;30;1023.54;29.6943;1578.02;40;0;60
9.37012;30;1022.93;29.0869;1602.86;40;0;60
9.38012;30;1023.13;29.2816;1595.5;40;0;60
9.39012;30;1022.59;28.7415;1617.86;40;0;60
9.40012;30;1022.7;28.8546;1614.03;40;0;60
9.41012;30;1023.56;29.7113;1579.93;40;0;60
9.42012;30;1023.48;29.6382;1583.07;40;0;60
9.43012;30;1023.72;29.8743;1573.71;40;0;60
9.44012;30;1024.63;30.785;1536.8;40;0;60
9.45012;30;1023.84;29.9987;1568.26;40;0;60
9.46012;30;1024.21;30.3625;1553.49;40;0;60
9.47012;30;1024.84;30.9958;1527.56;40;0;60
9.48012;30;1023.59;29.7434;1577.81;40;0;60
9.49012;30;1024.34;30.4913;1547.6;40;0;60
9.50012;30;1024.21;30.3643;1552.46;40;0;60
9.51012;30;1023.19;29.343;1593.7;40;0;60
9.52012;30;1023.53;29.6824;1580.32;40;0;60
9.53012;30;1023.23;29.3874;1592.49;40;0;60
9.54012;30;1022.67;28.8275;1615.59;40;0;60
9.55012;30;1022.84;28.9936;1609.55;40;0;60
9.56012;30;1023.18;29.3364;1596.23;40;0;60
9.57012;30;1023.14;29.2947;1598.33;40;0;60
9.58012;30;1024.02;30.1707;1563.18;40;0;60
9.59012;30;1023.83;29.9865;1570.56;40;0;60
9.60012;30;1024.06;30.2166;1561.23;40;0;60
9.61012;30;1024.75;30.9075;1533.04;40;0;60
9.62012;30;1024.01;30.1685;1562.5;40;0;60
9.63013;30;1024.34;30.4974;1549.05;40;0;60
9.64013;30;1024.57;30.7275;1539.41;40;0;60
9.65013;30;1023.69;29.8468;1574.73;40;0;60
9.66013;30;1024.18;30.3372;1554.91;40;0;60
9.67013;30;1023.61;29.7647;1577.95;40;0;60
9.68013;30;1022.9;29.0498;1607.12;40;0;60
9.69013;30;1023.53;29.6846;1581.91;40;0;60
9.70013;30;1022.85;29.0074;1609.6;40;0;60
9.71013;30;1022.54;28.697;1622.79;40;0;60
9.72013;30;1023.66;29.8125;1578.29;40;0;60
9.73013;30;1023.41;29.5631;1588.53;40;0;60
9.74013;30;1023.69;29.8411;1577.5;40;0;60
9.75013;30;1024.54;30.6949;1542.93;40;0;60
9.76013;30;1023.96;30.1178;1565.95;40;0;60
9.77013;30;1024.08;30.2371;1561.03;40;0;60
9.78013;30;1024.71;30.8619;1535.52;40;0;60
9.79013;30;1023.63;29.781;1578.89;40;0;60
9.80013;30;1023.91;30.0656;1567.47;40;0;60
9.81013;30;1023.67;29.8204;1577.38;40;0;60
9.82013;30;1023.17;29.3277;1597.49;40;0;60
9.83013;30;1023.52;29.6702;1583.99;40;0;60
9.84013;30;1022.75;28.8996;1615.48;40;0;60
9.85013;30;1022.71;28.8595;1617.76;40;0;60
9.86013;30;1023.19;29.3402;1598.93;40;0;60
9.87013;30;1023.07;29.2214;1604.15;40;0;60
9.88013;30;1023.38;29.5297;1592.1;40;0;60
9.89013;30;1024.28;30.4312;1555.78;40;0;60
9.90013;30;1023.6;29.7567;1582.91;40;0;60
9.91013;30;1024.16;30.3187;1560.24;40;0;60
9.92013;30;1024.62;30.7749;1541.52;40;0;60
9.93013;30;1023.62;29.7738;1581.7;40;0;60
9.94013;30;1024.21;30.368;1557.71;40;0;60
9.95013;30;1024.35;30.5009;1552.1;40;0;60
9.96013;30;1023.2;29.3496;1598.54;40;0;60
9.97013;30;1023.81;29.9628;1574.04;40;0;60
9.98013;30;1023.39;29.5487;1590.87;40;0;60
9.99013;30;1022.69;28.8444;1619.73;40;0;60
