0;30;993.926;0.0912476;1806.49;60;0;40
0.01;30;993.923;0.0884399;1818.62;60;0;40
0.02;30;994.055;0.220215;1822.63;60;0;40
0.03;30;994.165;0.330322;1827.89;60;0;40
0.04;30;994.087;0.251831;1844.5;60;0;40
0.05;30;994.11;0.275696;1854.96;60;0;40
0.06;30;993.98;0.14563;1874.7;60;0;40
0.07;30;994.102;0.266846;1879.32;60;0;40
0.08;30;994.157;0.322632;1887.84;60;0;40
0.09;30;994.198;0.36322;1897.26;60;0;40
0.1;30;994.075;0.239929;1916.57;60;0;40
0.11;30;994.149;0.313843;1924.01;60;0;40
0.12;30;994.166;0.330811;1934.86;60;0;40
0.13;30;994.147;0.311951;1947.86;60;0;40
0.14;30;994.157;0.322632;1959.09;60;0;40
0.15;30;994.12;0.284912;1973.24;60;0;40
0.16;30;993.901;0.0661011;1998.34;60;0;40
0.17;30;994.134;0.2995;1996.22;60;0;40
0.18;30;994.212;0.377625;2003.38;60;0;40
0.19;30;994.079;0.243835;2023.31;60;0;40
0.2;30;994.16;0.325012;2030.31;60;0;40
0.21;30;994.05;0.215027;2048.82;60;0;40
0.22;30;994.09;0.255432;2058.3;60;0;40
0.23;30;994.097;0.262634;2069.76;60;0;40
0.24;30;993.973;0.138611;2089.15;60;0;40
0.25;30;994.087;0.252014;2094.24;60;0;40
0.26;30;994.276;0.441223;2094.71;60;0;40
0.27;30;994.087;0.252197;2117.95;60;0;40
0.28;30;994.542;0.707092;2102.38;60;0;40
0.29;30;995.022;1.18713;2085.1;60;0;40
0.3;30;998.036;4.20093;1914.59;60;0;40
0.31;30;999.295;5.46069;1848.82;60;0;40
0.32;30;1000.99;7.15503;1756.3;60;0;40
0.33;30;1004.04;10.2017;1581.42;60;0;40
0.34;30;1005.09;11.2582;1525.52;60;0;40
0.35;30;1006.7;12.8637;1436.05;60;0;40
0.36;30;1008.87;15.0378;1311.58;60;0;40
0.37;30;1010.25;16.4114;1234.6;60;0;40
0.38;30;1013.13;19.2987;1065.65;60;0;40
0.39;30;1014.06;20.2262;1013.91;60;0;40
0.4;30;1014.66;20.8244;981.687;60;0;40
0.41;30;1017.38;23.5447;821.049;60;0;40
0.42;30;1019.07;25.2397;721.252;60;0;40
0.43;30;1018.63;24.7954;749.994;60;0;40
0.44;30;1021.09;27.2543;603.557;60;0;40
0.45;30;1022.74;28.9088;504.729;60;0;40
0.46;30;1022.49;28.6527;520.63;60;0;40
0.47;30;1024.68;30.8472;388.62;60;0;40
0.48;30;1025.52;31.681;337.923;60;0;40
0.49;30;1026.6;32.7662;271.705;60;0;40
0.5;30;1027.17;33.3367;236.136;60;0;40
0.51;30;1028.49;34.6586;154.959;60;0;40
0.52;30;1029.72;35.8804;79.2987;60;0;40
0.53;30;1029.2;35.3675;107.928;60;0;40
0.54;30;1030.11;36.2775;50.815;60;0;40
0.55;30;1030.62;36.785;17.6543;60;0;40
0.56;30;1030.94;37.103;0;60;0;40
0.57;30;1029.53;35.6921;78.11;60;0;40
0.58;30;1028.9;35.0626;113.856;60;0;40
0.59;30;1027.18;33.3425;215.725;60;0;40
0.6;30;1026.02;32.1832;284.409;60;0;40
0.61;30;1025.54;31.7092;312.166;60;0;40
0.62;30;1023.25;29.4196;449.771;60;0;40
0.63;30;1021.84;28.0002;535.733;60;0;40
0.64;30;1019.76;25.9207;662.137;60;0;40
0.65;30;1017.8;23.9613;782.117;60;0;40
0.66;30;1016.02;22.1895;891.548;60;0;40
0.67;30;1014.13;20.297;1008.98;60;0;40
0.68;30;1012.66;18.8286;1101.56;60;0;40
0.69;30;1011.16;17.323;1196.96;60;0;40
0.7;30;1009.75;15.9193;1286.82;60;0;40
0.71;30;1008.33;14.4982;1378.28;60;0;40
0.72;30;1007.23;13.3976;1450.96;60;0;40
0.73;30;1006.2;12.3675;1519.82;60;0;40
0.74;30;1005.06;11.2291;1595.63;60;0;40
0.75;30;1004.03;10.1927;1665.73;60;0;40
0.76;30;1003.24;9.409;1720.99;60;0;40
0.77;30;1002.43;8.5907;1778.66;60;0;40
0.78;30;1001.65;7.81439;1834.11;60;0;40
0.79;30;1000.89;7.05859;1888.63;60;0;40
0.8;30;1000.41;6.5769;1926.9;60;0;40
0.81;30;999.844;6.00891;1970.58;60;0;40
0.82;30;999.398;5.56323;2007.1;60;0;40
0.83;30;999.617;5.78204;2003.65;60;0;40
0.839999;30;999.933;6.09784;1994.27;60;0;40
0.849999;30;1000.29;6.45111;1982.49;60;0;40
0.859999;30;1001.32;7.48602;1929.4;60;0;40
0.869999;30;1002.24;8.40503;1882.9;60;0;40
0.879999;30;1002.41;8.57733;1881.13;60;0;40
0.889999;30;1004.71;10.8743;1750.96;60;0;40
0.899999;30;1006.35;12.5198;1659.22;60;0;40
0.909999;30;1007.19;13.3528;1615.9;60;0;40
0.919999;30;1009.14;15.3027;1504.79;60;0;40
0.929999;30;1010.03;16.1947;1456.79;60;0;40
0.939999;30;1011.26;17.4214;1388.22;60;0;40
0.949999;30;1013.79;19.9578;1240.05;60;0;40
0.959999;30;1015.19;21.3568;1159.57;60;0;40
0.969999;30;1016.69;22.854;1072.6;60;0;40
0.979999;30;1018.12;24.2893;988.762;60;0;40
0.989999;30;1018.89;25.0526;944.946;60;0;40
0.999999;30;1021.61;27.7735;782.58;60;0;40
1.01;30;1022.13;28.2997;751.685;60;0;40
1.02;30;1021.02;27.1841;819.747;60;0;40
1.03;30;1022.56;28.7208;728.058;60;0;40
1.04;30;1022.52;28.6827;730.87;60;0;40
1.05;30;1021.7;27.8604;781.069;60;0;40
1.06;30;1022.56;28.7296;729.422;60;0;40
1.07;30;1021.93;28.0985;768.048;60;0;40
1.08;30;1021.73;27.8911;781.34;60;0;40
1.09;30;1021.72;27.881;782.788;60;0;40
1.1;30;1019.54;25.7023;915.229;60;0;40
1.11;30;1018.75;24.9147;964.519;60;0;40
1.12;30;1017.33;23.4902;1052.59;60;0;40
1.13;30;1016.48;22.6492;1105.99;60;0;40
1.14;30;1014.59;20.7508;1223.6;60;0;40
1.15;30;1013.95;20.1157;1265.66;60;0;40
1.16;30;1012.25;18.4141;1372.39;60;0;40
1.17;30;1010.68;16.8412;1472.02;60;0;40
1.18;30;1010.14;16.3038;1509.75;60;0;40
1.19;30;1008.72;14.8881;1600.73;60;0;40
1.2;30;1007.87;14.0334;1658.4;60;0;40
1.21;30;1007.94;14.1061;1660.4;60;0;40
1.22;30;1007.23;13.3929;1709.83;60;0;40
1.23;30;1007.96;14.1215;1672.47;60;0;40
1.24;30;1007.24;13.4049;1722.1;60;0;40
1.25;30;1008.19;14.359;1671.11;60;0;40
1.26;30;1010.14;16.3022;1560;60;0;40
1.27;30;1010.23;16.3949;1559.88;60;0;40
1.28;30;1011.89;18.0562;1464.98;60;0;40
1.29;30;1012.89;19.0515;1409.65;60;0;40
1.3;30;1013.44;19.6092;1380.34;60;0;40
1.31;30;1015.3;21.4664;1272.32;60;0;40
1.32;30;1016.03;22.1954;1231.7;60;0;40
1.33;30;1016.18;22.3445;1225.81;60;0;40
1.34;30;1017.28;23.4435;1162.5;60;0;40
1.35;30;1017.64;23.8047;1143.3;60;0;40
1.36;30;1017.38;23.5445;1161.5;60;0;40
1.37;30;1017.82;23.9826;1137.62;60;0;40
1.38;30;1016.42;22.587;1224.32;60;0;40
1.39;30;1015.99;22.154;1253.44;60;0;40
1.4;30;1016.98;23.1406;1196.99;60;0;40
1.41;30;1015.76;21.9255;1273.12;60;0;40
1.42;30;1014.64;20.8055;1344;60;0;40
1.43;30;1015.75;21.9193;1280.41;60;0;40
1.44;30;1014.08;20.2468;1384.66;60;0;40
1.45;30;1013.92;20.081;1398.57;60;0;40
1.46;30;1015.18;21.3465;1326.1;60;0;40
1.47;30;1014.4;20.5648;1376.78;60;0;40
1.48;30;1014.47;20.6344;1376.35;60;0;40
1.49;30;1014.27;20.4375;1391.99;60;0;40
1.5;30;1014.55;20.7111;1379.29;60;0;40
1.51;30;1015.63;21.7976;1317.38;60;0;40
1.52;30;1015.77;21.9379;1312.19;60;0;40
1.53;30;1015.22;21.3896;1348.53;60;0;40
1.54;30;1015.02;21.1829;1364.46;60;0;40
1.55;30;1015.05;21.219;1365.8;60;0;40
1.56;30;1015.75;21.9135;1327.37;60;0;40
1.57;30;1016.55;22.7109;1282.44;60;0;40
1.58;30;1015.16;21.3221;1369.24;60;0;40
1.59;30;1014.61;20.7748;1405.77;60;0;40
1.6;30;1016.01;22.18;1324.58;60;0;40
1.61;30;1015.66;21.827;1349.03;60;0;40
1.62;30;1016.26;22.4203;1316.46;60;0;40
1.63;30;1016.13;22.2924;1327.22;60;0;40
1.64;30;1015.07;21.2331;1394.29;60;0;40
1.65;30;1015.56;21.7237;1368.16;60;0;40
1.66;30;1016.37;22.5328;1322.6;60;0;40
1.67;30;1016.3;22.4607;1329.95;60;0;40
1.68;30;1016.79;22.9542;1303.15;60;0;40
1.69;30;1015.5;21.6611;1384.07;60;0;40
1.7;30;1015.5;21.67;1386.87;60;0;40
1.71;30;1017.1;23.2665;1293.77;60;0;40
1.72;30;1016.48;22.6471;1333.88;60;0;40
1.73;30;1016.47;22.6331;1337.67;60;0;40
1.74;30;1016.13;22.2943;1361.08;60;0;40
1.75;30;1015.82;21.9856;1382.81;60;0;40
1.76;30;1016.5;22.6604;1345.25;60;0;40
1.77;30;1017.03;23.199;1315.66;60;0;40
1.78;30;1015.99;22.155;1381.44;60;0;40
1.79;30;1016.24;22.4018;1369.67;60;0;40
1.8;30;1016.06;22.2208;1383.64;60;0;40
1.81;30;1016.28;22.444;1373.27;60;0;40
1.82;30;1017.51;23.674;1302;60;0;40
1.83;30;1016.59;22.7543;1360.08;60;0;40
1.84;30;1015.79;21.9559;1411.2;60;0;40
1.85;30;1015.96;22.1283;1404.01;60;0;40
1.86;30;1016.47;22.637;1376.43;60;0;40
1.87;30;1016.93;23.0981;1351.52;60;0;40
1.88;30;1016.95;23.1166;1353.17;60;0;40
1.89;30;1015.43;21.5935;1447.92;60;0;40
1.9;30;1015.99;22.1513;1417.59;60;0;40
1.91;30;1017.18;23.35;1348.32;60;0;40
1.92;30;1016.63;22.7984;1384.3;60;0;40
1.93;30;1017.68;23.8448;1323.98;60;0;40
1.94;30;1017.27;23.4371;1351.07;60;0;40
1.95;30;1016.3;22.4677;1412.24;60;0;40
1.96;30;1016.46;22.6283;1405.56;60;0;40
1.97;30;1017.34;23.5052;1355.54;60;0;40
1.98;30;1017.45;23.6121;1351.68;60;0;40
1.99;30;1017.81;23.9714;1332.53;60;0;40
2;30;1016.73;22.8999;1399.67;60;0;40
2.01;30;1016.64;22.8003;1408.52;60;0;40
2.02;30;1017.36;23.5256;1367.59;60;0;40
2.03;30;1017.19;23.3569;1380.37;60;0;40
2.04;30;1017.94;24.1032;1337.95;60;0;40
2.05;30;1018.05;24.2141;1333.61;60;0;40
2.06;30;1016.45;22.6113;1432.74;60;0;40
2.07;30;1016.48;22.6488;1433.43;60;0;40
2.08;30;1017.77;23.9381;1358.49;60;0;40
2.09;30;1017.46;23.6294;1379.57;60;0;40
2.1;30;1018.07;24.2399;1345.24;60;0;40
2.11;30;1017.38;23.5439;1389.58;60;0;40
2.12;30;1016.77;22.9391;1428.69;60;0;40
2.13;30;1017.34;23.5098;1397.05;60;0;40
2.14;30;1017.54;23.7052;1387.84;60;0;40
2.15;30;1017.9;24.069;1368.38;60;0;40
2.16;30;1018.58;24.7461;1329.86;60;0;40
2.17;30;1017.04;23.2098;1424.75;60;0;40
2.18;30;1016.63;22.7947;1452.54;60;0;40
2.19;30;1017.91;24.0762;1378.02;60;0;40
2.2;30;1017.52;23.6856;1403.99;60;0;40
2.21;30;1018.4;24.5681;1353.21;60;0;40
2.22;30;1018.48;24.6461;1350.67;60;0;40
2.23;30;1017.45;23.613;1415.21;60;0;40
2.24;30;1017.23;23.3931;1431.05;60;0;40
2.25;30;1017.63;23.7977;1409.25;60;0;40
2.26;30;1017.9;24.0629;1395.71;60;0;40
2.27;30;1018.8;24.9603;1343.89;60;0;40
2.28;30;1018.01;24.1719;1393.52;60;0;40
2.29;30;1017.51;23.6738;1425.94;60;0;40
2.3;30;1017.7;23.8632;1417.03;60;0;40
2.31;30;1017.54;23.7052;1429.03;60;0;40
2.32;30;1018.19;24.358;1392.11;60;0;40
2.33;30;1019.17;25.3397;1335.08;60;0;40
2.34;30;1018.19;24.36;1396.11;60;0;40
2.35;30;1018.09;24.2538;1404.78;60;0;40
2.36;30;1017.62;23.7823;1435.56;60;0;40
2.37;30;1017.55;23.7162;1442.04;60;0;40
2.38;30;1018.56;24.721;1383.87;60;0;40
2.39;30;1018.8;24.9682;1371.05;60;0;40
2.4;30;1018.33;24.4938;1401.71;60;0;40
2.41;30;1018.57;24.7311;1389.58;60;0;40
2.42;30;1017.55;23.7103;1453.35;60;0;40
2.43;30;1017.53;23.6904;1457.06;60;0;40
2.44;30;1018.98;25.1491;1371.48;60;0;40
2.45;30;1018.48;24.6412;1404.1;60;0;40
2.46;30;1018.75;24.9173;1389.57;60;0;40
2.47;30;1018.98;25.149;1377.6;60;0;40
2.48;30;1017.56;23.7255;1465.52;60;0;40
2.49;30;1017.79;23.9513;1454.4;60;0;40
2.5;30;1018.82;24.9847;1394.4;60;0;40
2.51;30;1018.5;24.6678;1415.54;60;0;40
2.52;30;1019.33;25.497;1367.6;60;0;40
2.53;30;1019.09;25.2602;1383.7;60;0;40
2.54;30;1018.37;24.533;1429.52;60;0;40
2.55;30;1018.67;24.8352;1413.45;60;0;40
2.56;30;1018.23;24.3981;1441.92;60;0;40
2.57;30;1018.48;24.6491;1429;60;0;40
2.58;30;1019.77;25.9304;1353.75;60;0;40
2.59;30;1018.97;25.1349;1403.42;60;0;40
2.6;30;1018.76;24.9242;1418.1;60;0;40
2.61;30;1018.45;24.6141;1438.86;60;0;40
2.62;30;1017.81;23.978;1479.43;60;0;40
2.63;30;1018.54;24.7027;1438.07;60;0;40
2.64;30;1019.39;25.5557;1388.67;60;0;40
2.65;30;1018.81;24.9765;1425.43;60;0;40
2.66;30;1019.49;25.651;1386.7;60;0;40
2.67;30;1018.91;25.0748;1423.24;60;0;40
2.68;30;1017.61;23.7739;1503.78;60;0;40
2.69;30;1018.66;24.8259;1442.73;60;0;40
2.7;30;1018.95;25.1149;1427.35;60;0;40
2.71;30;1018.92;25.082;1431.29;60;0;40
2.72;30;1020.06;26.2226;1364.37;60;0;40
2.73;30;1019.09;25.2508;1424.57;60;0;40
2.74;30;1018.62;24.7835;1454.7;60;0;40
2.75;30;1018.38;24.5429;1471.32;60;0;40
2.76;30;1018.59;24.7559;1460.63;60;0;40
2.77;30;1019.1;25.2632;1432.09;60;0;40
2.78;30;1019.94;26.1084;1382.94;60;0;40
2.79;30;1019.23;25.397;1427.46;60;0;40
2.8;30;1019.5;25.6698;1412.82;60;0;40
2.81;30;1019.03;25.1995;1442.96;60;0;40
2.82;30;1018;24.17;1507.06;60;0;40
2.83;30;1019.07;25.2342;1445.12;60;0;40
2.84;30;1019.52;25.6843;1419.84;60;0;40
2.85;30;1019.27;25.4308;1436.87;60;0;40
2.86;30;1020.48;26.6463;1365.29;60;0;40
2.87;30;1019.48;25.6471;1426.98;60;0;40
2.88;30;1018.88;25.0492;1464.84;60;0;40
2.89;30;1018.69;24.8572;1478.41;60;0;40
2.9;30;1018.85;25.0175;1470.79;60;0;40
2.91;30;1019.55;25.7177;1430.49;60;0;40
2.92;30;1020.14;26.306;1396.67;60;0;40
2.93;30;1019.36;25.5283;1445.12;60;0;40
2.94;30;1019.69;25.858;1426.99;60;0;40
2.95;30;1019.25;25.4105;1455.68;60;0;40
2.96;30;1018.29;24.4598;1514.94;60;0;40
2.97;30;1019.25;25.4167;1459.35;60;0;40
2.98;30;1019.83;25.9982;1426.07;60;0;40
2.99;30;1019.64;25.8082;1439.14;60;0;40
3;30;1020.76;26.9257;1373.32;60;0;40
3.01;30;1019.78;25.9447;1433.81;60;0;40
3.02;30;1019.32;25.482;1463.38;60;0;40
3.03;30;1019.12;25.2854;1477.06;60;0;40
3.04;30;1019.07;25.2342;1482.04;60;0;40
3.05;30;1019.41;25.5725;1463.51;60;0;40
3.06;30;1020.39;26.5518;1406.13;60;0;40
3.07;30;1019.84;26.0042;1440.59;60;0;40
3.08;30;1020.26;26.4269;1416.65;60;0;40
3.09;30;1020.05;26.2199;1430.58;60;0;40
3.1;30;1018.45;24.6165;1528.94;60;0;40
3.11;30;1019.1;25.2629;1492.05;60;0;40
3.12;30;1019.76;25.9236;1454.04;60;0;40
3.13;30;1019.63;25.7932;1463.55;60;0;40
3.14;30;1020.86;27.0217;1391.03;60;0;40
3.15;30;1020.38;26.5466;1420.91;60;0;40
3.16;30;1019.98;26.1438;1446.63;60;0;40
3.17;30;1019.83;25.9991;1456.91;60;0;40
3.18;30;1018.89;25.0577;1515.37;60;0;40
3.19;30;1019.08;25.247;1505.91;60;0;40
3.2;30;1020.22;26.3839;1439.15;60;0;40
3.21;30;1019.96;26.126;1456.17;60;0;40
3.22;30;1020.63;26.7995;1417.04;60;0;40
3.23;30;1020.72;26.8899;1412.86;60;0;40
3.24;30;1019.54;25.704;1485.73;60;0;40
3.25;30;1019.91;26.0722;1465.21;60;0;40
3.26;30;1019.37;25.539;1498.99;60;0;40
3.27;30;1019.45;25.6201;1495.87;60;0;40
3.28;30;1020.61;26.7782;1427.68;60;0;40
3.29;30;1020.74;26.9094;1421.04;60;0;40
3.3;30;1020.32;26.4802;1448.2;60;0;40
3.31;30;1020.87;27.0342;1416.14;60;0;40
3.32;30;1019.71;25.8719;1487.53;60;0;40
3.33;30;1019.41;25.5735;1507.21;60;0;40
3.34;30;1019.58;25.7481;1498.43;60;0;40
3.35;30;1019.79;25.9534;1487.73;60;0;40
3.36;30;1020.64;26.8093;1437.66;60;0;40
3.37;30;1021.22;27.3895;1403.89;60;0;40
3.38;30;1020.52;26.6878;1447.32;60;0;40
3.39;30;1020.9;27.0605;1426.13;60;0;40
3.4;30;1020.36;26.5223;1459.81;60;0;40
3.41;30;1019.09;25.2552;1537.73;60;0;40
3.42;30;1019.81;25.9758;1496.11;60;0;40
3.43;30;1020.13;26.2941;1478.49;60;0;40
3.44;30;1020.25;26.4194;1472.41;60;0;40
3.45;30;1021.42;27.5838;1403.51;60;0;40
3.46;30;1020.83;26.9961;1439.98;60;0;40
3.47;30;1020.38;26.5461;1468.35;60;0;40
3.48;30;1020.33;26.4924;1472.98;60;0;40
3.49;30;1019.19;25.3561;1543.02;60;0;40
3.5;30;1019.61;25.7731;1519.69;60;0;40
3.51;30;1020.65;26.818;1458.27;60;0;40
3.52;30;1020.27;26.4359;1482.62;60;0;40
3.53;30;1021.23;27.3946;1426.14;60;0;40
3.54;30;1021.45;27.618;1413.69;60;0;40
3.55;30;1020.8;26.9678;1453.91;60;0;40
3.56;30;1021.09;27.258;1437.6;60;0;40
3.57;30;1020.2;26.3671;1492.5;60;0;40
3.58;30;1019.2;25.368;1554.3;60;0;40
3.59;30;1020.44;26.6012;1481.67;60;0;40
3.6;30;1020.63;26.7934;1471.42;60;0;40
3.61;30;1020.61;26.7712;1474.04;60;0;40
3.62;30;1021.71;27.8703;1408.95;60;0;40
3.63;30;1020.88;27.0438;1459.72;60;0;40
3.64;30;1020.56;26.7213;1480.39;60;0;40
3.65;30;1020.32;26.4808;1496.22;60;0;40
3.66;30;1019.59;25.7518;1541.66;60;0;40
3.67;30;1019.97;26.1371;1520.09;60;0;40
3.68;30;1020.94;27.1096;1462.89;60;0;40
3.69;30;1020.69;26.8587;1479.21;60;0;40
3.7;30;1021.68;27.8492;1420.63;60;0;40
3.71;30;1021.49;27.6586;1433.01;60;0;40
3.72;30;1021.06;27.2266;1460.04;60;0;40
3.73;30;1021.27;27.439;1448.32;60;0;40
3.74;30;1020.18;26.347;1515.3;60;0;40
3.75;30;1019.68;25.8409;1547.33;60;0;40
3.76;30;1020.78;26.9448;1482.32;60;0;40
3.77;30;1020.75;26.9158;1485.29;60;0;40
3.78;30;1020.94;27.1091;1474.85;60;0;40
3.79;30;1021.95;28.1144;1415.28;60;0;40
3.8;30;1020.84;27.0091;1482.8;60;0;40
3.81;30;1020.67;26.8362;1494.44;60;0;40
3.82;30;1020.25;26.4139;1521.21;60;0;40
3.83;30;1019.68;25.8422;1557.18;60;0;40
3.84;30;1020.23;26.3969;1525.34;60;0;40
3.85;30;1021.05;27.2141;1477.42;60;0;40
3.86;30;1020.96;27.1281;1483.73;60;0;40
3.87;30;1021.94;28.1077;1425.71;60;0;40
3.88;30;1021.6;27.7682;1446.97;60;0;40
3.89;30;1021.37;27.5317;1462.15;60;0;40
3.9;30;1021.63;27.7969;1447.12;60;0;40
3.91;30;1020.2;26.3681;1534.3;60;0;40
3.92;30;1019.92;26.082;1553.03;60;0;40
3.93;30;1020.9;27.0673;1495.08;60;0;40
3.94;30;1020.76;26.927;1504.73;60;0;40
3.95;30;1021.26;27.4232;1475.99;60;0;40
3.96;30;1022.22;28.3862;1418.86;60;0;40
3.97;30;1021.24;27.4093;1478.51;60;0;40
3.98;30;1021.52;27.6893;1462.63;60;0;40
3.99;30;1021.39;27.5596;1471.39;60;0;40
4;30;1020.45;26.6143;1529.46;60;0;40
4.01;30;1020.47;26.6339;1529.64;60;0;40
4.02;30;1020.7;26.8662;1516.95;60;0;40
4.03;30;1020.84;27.0082;1509.62;60;0;40
4.04;30;1021.93;28.0964;1445.09;60;0;40
4.05;30;1021.47;27.6377;1473.56;60;0;40
4.06;30;1021.71;27.871;1460.41;60;0;40
4.07;30;1022.33;28.4957;1423.53;60;0;40
4.08;30;1020.85;27.0123;1513.73;60;0;40
4.09;30;1020.47;26.6386;1537.5;60;0;40
4.1;30;1020.78;26.9421;1520.51;60;0;40
4.11;30;1020.32;26.4881;1549.16;60;0;40
4.12;30;1021.01;27.1786;1508.85;60;0;40
4.13;30;1022.05;28.2146;1447.41;60;0;40
4.14;30;1021.35;27.5167;1490.28;60;0;40
4.15;30;1022.13;28.2961;1444.19;60;0;40
4.16;30;1022.19;28.3569;1441.2;60;0;40
4.17;30;1021.66;27.8253;1473.97;60;0;40
4.18;30;1021.48;27.6406;1486;60;0;40
4.19;30;1020.46;26.6276;1548.12;60;0;40
4.2;30;1020.27;26.4349;1561.11;60;0;40
4.21;30;1021.26;27.4229;1502.87;60;0;40
4.22;30;1021.09;27.2519;1514.22;60;0;40
4.23;30;1021.61;27.7778;1483.56;60;0;40
4.24;30;1022.4;28.565;1436.9;60;0;40
4.25;30;1021.26;27.4222;1506.5;60;0;40
4.26;30;1021.73;27.8931;1479.09;60;0;40
4.27;30;1021.51;27.6734;1493.2;60;0;40
4.28;30;1020.29;26.4566;1567.63;60;0;40
4.29;30;1020.53;26.6913;1554.87;60;0;40
4.3;30;1021.16;27.3239;1517.99;60;0;40
4.31;30;1021.15;27.3172;1519.46;60;0;40
4.32;30;1022.1;28.2625;1463.44;60;0;40
4.33;30;1022.15;28.3121;1461.13;60;0;40
4.34;30;1022.06;28.2237;1467.15;60;0;40
4.35;30;1022.64;28.8086;1432.53;60;0;40
4.36;30;1021.96;28.1297;1474.01;60;0;40
4.37001;30;1021.8;27.9666;1484.61;60;0;40
4.38001;30;1021.42;27.5829;1508.6;60;0;40
4.39001;30;1020.45;26.6156;1567.99;60;0;40
4.40001;30;1021.18;27.3436;1525.37;60;0;40
4.41001;30;1022.07;28.2349;1472.6;60;0;40
4.42001;30;1021.37;27.5308;1515.84;60;0;40
4.43001;30;1022.42;28.5831;1453.26;60;0;40
4.44001;30;1022.37;28.5318;1456.93;60;0;40
4.45001;30;1021.53;27.6961;1507.99;60;0;40
4.46001;30;1021.78;27.9475;1493.73;60;0;40
4.47001;30;1021.01;27.1724;1541.37;60;0;40
4.48001;30;1020.51;26.6736;1572.62;60;0;40
4.49001;30;1020.9;27.0612;1550.55;60;0;40
4.50001;30;1021.41;27.5712;1520.92;60;0;40
4.51001;30;1021.53;27.6957;1514.37;60;0;40
4.52001;30;1022.49;28.6556;1457.31;60;0;40
4.53001;30;1022.04;28.2009;1485.31;60;0;40
4.54001;30;1022.47;28.6357;1459.77;60;0;40
4.55001;30;1022.52;28.6859;1457.29;60;0;40
4.56001;30;1021.53;27.6984;1517.46;60;0;40
4.57001;30;1021.93;28.0908;1494.68;60;0;40
4.58001;30;1021.27;27.4324;1535.21;60;0;40
4.59001;30;1020.65;26.8109;1573.77;60;0;40
4.60001;30;1021.62;27.7842;1516.26;60;0;40
4.61001;30;1022.02;28.1826;1493.08;60;0;40
4.62001;30;1021.76;27.9248;1509.38;60;0;40
4.63001;30;1022.96;29.1212;1437.95;60;0;40
4.64001;30;1022.35;28.5162;1474.84;60;0;40
4.65001;30;1022.19;28.3522;1485.34;60;0;40
4.66001;30;1022.32;28.489;1477.74;60;0;40
4.67001;30;1021.16;27.3228;1548.78;60;0;40
4.68001;30;1020.83;26.9971;1569.52;60;0;40
4.69001;30;1021.29;27.451;1543.31;60;0;40
4.70001;30;1021.37;27.5324;1539.41;60;0;40
4.71001;30;1021.93;28.0925;1506.57;60;0;40
4.72001;30;1022.58;28.7432;1468.03;60;0;40
4.73001;30;1022.13;28.295;1495.6;60;0;40
4.74001;30;1022.96;29.1241;1446.21;60;0;40
4.75001;30;1022.6;28.7651;1468.24;60;0;40
4.76001;30;1022.2;28.3678;1492.74;60;0;40
4.77001;30;1022.34;28.5057;1485.06;60;0;40
4.78001;30;1021.08;27.2417;1562;60;0;40
4.79001;30;1020.67;26.8392;1587.41;60;0;40
4.80001;30;1021.93;28.095;1512.83;60;0;40
4.81002;30;1021.58;27.7463;1534.65;60;0;40
4.82002;30;1022.04;28.2029;1507.97;60;0;40
4.83002;30;1023.25;29.4146;1435.51;60;0;40
4.84002;30;1022.34;28.5055;1490.65;60;0;40
4.85002;30;1022.43;28.5965;1485.75;60;0;40
4.86002;30;1022.84;29.0068;1461.53;60;0;40
4.87002;30;1021.68;27.8459;1532.05;60;0;40
4.88002;30;1021.59;27.7602;1538.09;60;0;40
4.89002;30;1021.07;27.2381;1570.52;60;0;40
4.90002;30;1020.97;27.1318;1578.04;60;0;40
4.91002;30;1021.86;28.029;1525;60;0;40
4.92002;30;1021.83;27.9902;1528.13;60;0;40
4.93002;30;1022.17;28.3351;1508.1;60;0;40
4.94002;30;1023.2;29.3602;1446.85;60;0;40
4.95002;30;1022.43;28.595;1493.33;60;0;40
4.96002;30;1022.6;28.7625;1483.77;60;0;40
4.97002;30;1023.02;29.1806;1459.01;60;0;40
4.98002;30;1021.48;27.646;1552.03;60;0;40
4.99002;30;1021.33;27.4911;1562.33;60;0;40
5.00002;30;1021.4;27.5662;1558.8;60;0;40
5.01002;30;1021.31;27.4737;1565.36;60;0;40
5.02002;30;1021.99;28.1575;1525.06;60;0;40
5.03002;30;1022.81;28.9796;1476.15;60;0;40
5.04002;30;1022.38;28.5462;1502.73;60;0;40
5.05002;30;1023.16;29.3205;1456.55;60;0;40
5.06002;30;1023.22;29.3866;1452.83;60;0;40
5.07002;30;1022.76;28.9283;1480.75;60;0;40
5.08002;30;1023.1;29.2655;1460.82;60;0;40
5.09002;30;1021.97;28.1369;1529.28;60;0;40
5.10002;30;1021.85;28.0105;1537.66;60;0;40
5.11002;30;1021.68;27.842;1548.63;60;0;40
5.12002;30;1021.23;27.3919;1576.68;60;0;40
5.13002;30;1021.98;28.1442;1532.28;60;0;40
5.14002;30;1022.84;29.0076;1480.87;60;0;40
5.15002;30;1022.12;28.2828;1525.05;60;0;40
5.16002;30;1022.93;29.0997;1476.4;60;0;40
5.17002;30;1023.08;29.2464;1467.9;60;0;40
5.18002;30;1021.91;28.0783;1538.75;60;0;40
5.19002;30;1022.07;28.2394;1529.79;60;0;40
5.20002;30;1021.49;27.6523;1565.95;60;0;40
5.21002;30;1021.13;27.2953;1588.45;60;0;40
5.22002;30;1021.44;27.6077;1570.67;60;0;40
5.23002;30;1021.71;27.8755;1555.45;60;0;40
5.24003;30;1022;28.1619;1539;60;0;40
5.25003;30;1022.86;29.0279;1487.43;60;0;40
5.26003;30;1022.44;28.6038;1513.43;60;0;40
5.27003;30;1023;29.163;1480.22;60;0;40
5.28003;30;1023.22;29.3855;1467.11;60;0;40
5.29003;30;1022.58;28.7437;1506.13;60;0;40
5.30003;30;1022.98;29.1474;1482.24;60;0;40
5.31003;30;1022.35;28.5118;1520.97;60;0;40
5.32003;30;1021.2;27.3609;1591.08;60;0;40
5.33003;30;1021.87;28.0383;1551.22;60;0;40
5.34003;30;1021.91;28.0801;1549.48;60;0;40
5.35003;30;1021.77;27.9335;1559.11;60;0;40
5.36003;30;1023.15;29.3184;1476.29;60;0;40
5.37003;30;1022.87;29.04;1493.37;60;0;40
5.38003;30;1022.68;28.844;1505.6;60;0;40
5.39003;30;1023.5;29.6657;1456.43;60;0;40
5.40003;30;1022.57;28.7374;1512.63;60;0;40
5.41003;30;1022.27;28.4302;1531.69;60;0;40
5.42003;30;1022.01;28.1783;1547.53;60;0;40
5.43003;30;1021.11;27.279;1602.58;60;0;40
5.44003;30;1021.62;27.7849;1573.12;60;0;40
5.45003;30;1022.21;28.3799;1538.06;60;0;40
5.46003;30;1022.19;28.3542;1540.26;60;0;40
5.47003;30;1022.89;29.0529;1498.72;60;0;40
5.48003;30;1023.16;29.329;1482.42;60;0;40
5.49003;30;1022.71;28.8745;1510.14;60;0;40
5.50003;30;1023.61;29.7781;1456.01;60;0;40
5.51003;30;1022.97;29.1388;1494.72;60;0;40
5.52003;30;1022.78;28.9482;1506.57;60;0;40
5.53003;30;1022.76;28.9225;1508.54;60;0;40
5.54003;30;1021.43;27.5919;1589.34;60;0;40
5.55003;30;1021.12;27.286;1608.78;60;0;40
5.56003;30;1022.18;28.3429;1546.03;60;0;40
5.57003;30;1021.91;28.074;1562.94;60;0;40
5.58003;30;1022.64;28.8053;1519.54;60;0;40
5.59003;30;1023.36;29.521;1476.79;60;0;40
5.60003;30;1022.41;28.579;1533.87;60;0;40
5.61003;30;1022.78;28.9453;1512.32;60;0;40
5.62003;30;1022.68;28.8411;1519.03;60;0;40
5.63003;30;1022.09;28.2562;1554.82;60;0;40
5.64003;30;1021.95;28.1141;1564.1;60;0;40
5.65003;30;1021.39;27.5546;1598.65;60;0;40
5.66003;30;1021.49;27.6539;1593.63;60;0;40
5.67003;30;1022.14;28.3062;1555.18;60;0;40
5.68004;30;1022.16;28.3227;1554.86;60;0;40
5.69004;30;1022.51;28.6791;1534;60;0;40
5.70004;30;1023.49;29.6568;1475.48;60;0;40
5.71004;30;1022.58;28.7491;1530.43;60;0;40
5.72004;30;1023.27;29.4319;1489.69;60;0;40
5.73004;30;1023.67;29.8386;1465.36;60;0;40
5.74004;30;1022.36;28.5255;1544.73;60;0;40
5.75004;30;1022.79;28.9562;1519.31;60;0;40
5.76004;30;1022.37;28.5367;1545.06;60;0;40
5.77004;30;1021.37;27.5347;1606.17;60;0;40
5.78004;30;1021.69;27.8514;1588.03;60;0;40
5.79004;30;1022.32;28.4837;1550.7;60;0;40
5.80004;30;1022.39;28.5528;1547.13;60;0;40
5.81004;30;1023.27;29.4346;1494.45;60;0;40
5.82004;30;1023.22;29.3864;1497.59;60;0;40
5.83004;30;1023.24;29.408;1496.53;60;0;40
5.84004;30;1023.79;29.9586;1463.51;60;0;40
5.85004;30;1023.14;29.3039;1503.07;60;0;40
5.86004;30;1023.4;29.5602;1487.86;60;0;40
5.87004;30;1023.15;29.3175;1502.7;60;0;40
5.88004;30;1021.67;27.831;1592.76;60;0;40
5.89004;30;1022.1;28.2616;1567.62;60;0;40
5.90004;30;1022;28.1605;1574.42;60;0;40
5.91004;30;1021.81;27.9745;1586.39;60;0;40
5.92004;30;1022.81;28.9713;1527;60;0;40
5.93004;30;1023.18;29.3451;1504.83;60;0;40
5.94004;30;1022.65;28.8129;1537.23;60;0;40
5.95004;30;1023.91;30.0765;1461.39;60;0;40
5.96004;30;1023.56;29.7205;1482.86;60;0;40
5.97004;30;1023.07;29.236;1512.23;60;0;40
5.98004;30;1023.71;29.8704;1474.22;60;0;40
5.99004;30;1022.64;28.8086;1538.41;60;0;40
6.00004;30;1022.21;28.3749;1565.08;60;0;40
6.01004;30;1021.98;28.1495;1579.34;60;0;40
6.02004;30;1021.74;27.9048;1594.86;60;0;40
6.03004;30;1022.18;28.3445;1569.14;60;0;40
6.04004;30;1022.85;29.011;1529.55;60;0;40
6.05004;30;1022.69;28.8538;1539.44;60;0;40
6.06004;30;1023.38;29.5433;1498.25;60;0;40
6.07004;30;1023.54;29.7074;1488.52;60;0;40
6.08004;30;1023.26;29.421;1505.94;60;0;40
6.09004;30;1024.04;30.2043;1458.86;60;0;40
6.10004;30;1023.2;29.3692;1509.22;60;0;40
6.11004;30;1022.88;29.0483;1528.85;60;0;40
6.12005;30;1022.83;28.9962;1532.38;60;0;40
6.13005;30;1021.64;27.8018;1604.92;60;0;40
6.14005;30;1021.56;27.7214;1610.66;60;0;40
6.15005;30;1022.79;28.9528;1537.19;60;0;40
6.16005;30;1022.22;28.3878;1571.74;60;0;40
6.17005;30;1022.71;28.871;1543.2;60;0;40
6.18005;30;1023.84;30.0062;1475.08;60;0;40
6.19005;30;1022.77;28.9323;1539.95;60;0;40
6.20005;30;1023.12;29.2888;1518.84;60;0;40
6.21005;30;1023.22;29.3846;1513.33;60;0;40
6.22005;30;1022.67;28.8377;1546.62;60;0;40
6.23005;30;1022.58;28.7465;1552.59;60;0;40
6.24005;30;1021.75;27.9189;1603.08;60;0;40
6.25005;30;1021.91;28.0774;1594.34;60;0;40
6.26005;30;1022.35;28.5107;1568.93;60;0;40
6.27005;30;1022.16;28.3265;1580.65;60;0;40
6.28005;30;1022.45;28.6166;1563.8;60;0;40
6.29005;30;1023.48;29.6477;1502.08;60;0;40
6.30005;30;1022.76;28.922;1546.05;60;0;40
6.31005;30;1023.34;29.5064;1511.18;60;0;40
6.32005;30;1024.02;30.181;1470.64;60;0;40
6.33005;30;1022.81;28.9717;1543.6;60;0;40
6.34005;30;1023.26;29.4203;1516.92;60;0;40
6.35005;30;1023.04;29.201;1530.4;60;0;40
6.36005;30;1022.01;28.1776;1592.53;60;0;40
6.37005;30;1022.32;28.4888;1574.46;60;0;40
6.38005;30;1022.25;28.4169;1579.41;60;0;40
6.39005;30;1021.92;28.0846;1600.12;60;0;40
6.40005;30;1022.57;28.7359;1561.54;60;0;40
6.41005;30;1022.85;29.0189;1544.96;60;0;40
6.42005;30;1023.16;29.3218;1527.05;60;0;40
6.43005;30;1023.83;29.999;1486.42;60;0;40
6.44005;30;1023.35;29.5189;1515.42;60;0;40
6.45005;30;1023.56;29.7224;1503.32;60;0;40
6.46005;30;1023.87;30.0368;1484.44;60;0;40
6.47005;30;1023.17;29.3392;1526.56;60;0;40
6.48005;30;1023.38;29.5443;1514.44;60;0;40
6.49005;30;1022.87;29.0367;1545.28;60;0;40
6.50005;30;1021.72;27.8857;1615.18;60;0;40
6.51005;30;1022.37;28.5335;1576.9;60;0;40
6.52005;30;1022.36;28.5295;1577.73;60;0;40
6.53005;30;1022.29;28.4548;1582.83;60;0;40
6.54005;30;1023.52;29.6852;1509.13;60;0;40
6.55006;30;1023.44;29.603;1514.22;60;0;40
6.56006;30;1023.28;29.4465;1523.84;60;0;40
6.57006;30;1024.33;30.4938;1460.8;60;0;40
6.58006;30;1023.42;29.5835;1515.59;60;0;40
6.59006;30;1023.2;29.3653;1528.93;60;0;40
6.60006;30;1023.8;29.9701;1492.66;60;0;40
6.61006;30;1022.49;28.66;1571.8;60;0;40
6.62006;30;1022.44;28.6023;1575.82;60;0;40
6.63006;30;1022.15;28.3198;1593.44;60;0;40
6.64006;30;1021.91;28.0773;1608.76;60;0;40
6.65006;30;1022.68;28.8409;1563.41;60;0;40
6.66006;30;1023.04;29.2004;1542.16;60;0;40
6.67006;30;1022.95;29.1162;1547.56;60;0;40
6.68006;30;1023.93;30.099;1488.56;60;0;40
6.69006;30;1023.7;29.8616;1502.85;60;0;40
6.70006;30;1023.58;29.7491;1509.7;60;0;40
6.71006;30;1024.33;30.4929;1464.88;60;0;40
6.72006;30;1023.29;29.457;1527.25;60;0;40
6.73006;30;1023.29;29.458;1527.41;60;0;40
6.74006;30;1023.28;29.4424;1528.56;60;0;40
6.75006;30;1021.66;27.8253;1626.46;60;0;40
6.76006;30;1021.76;27.9291;1621.06;60;0;40
6.77006;30;1022.74;28.9054;1562.92;60;0;40
6.78006;30;1022.36;28.5224;1586.49;60;0;40
6.79006;30;1023.12;29.2892;1540.77;60;0;40
6.80006;30;1023.68;29.8478;1507.31;60;0;40
6.81006;30;1023.4;29.562;1524.64;60;0;40
6.82006;30;1023.98;30.1479;1489.42;60;0;40
6.83006;30;1024.31;30.4719;1469.8;60;0;40
6.84006;30;1023.9;30.0635;1494.27;60;0;40
6.85006;30;1024.23;30.3978;1474.06;60;0;40
6.86006;30;1023.91;30.076;1493.33;60;0;40
6.87006;30;1023.64;29.805;1509.67;60;0;40
6.88006;30;1023.2;29.364;1536.39;60;0;40
6.89006;30;1021.62;27.7883;1631.81;60;0;40
6.90006;30;1021.99;28.1602;1610.24;60;0;40
6.91006;30;1022.82;28.984;1561.21;60;0;40
6.92006;30;1022.34;28.5078;1590.39;60;0;40
6.93006;30;1023.34;29.5093;1530.49;60;0;40
6.94006;30;1023.88;30.042;1498.51;60;0;40
6.95006;30;1023.15;29.3198;1542.11;60;0;40
6.96006;30;1024.12;30.2808;1484.34;60;0;40
6.97006;30;1024.18;30.3442;1480.4;60;0;40
6.98006;30;1023.52;29.6824;1520.23;60;0;40
6.99007;30;1023.96;30.1299;1493.33;60;0;40
7.00007;30;1022.87;29.0385;1559.21;60;0;40
7.01007;30;1022.29;28.455;1594.83;60;0;40
7.02007;30;1022.18;28.3411;1602.33;60;0;40
7.03007;30;1022.09;28.2504;1608.47;60;0;40
7.04007;30;1022.49;28.6518;1584.93;60;0;40
7.05007;30;1023.29;29.4534;1537.05;60;0;40
7.06007;30;1022.9;29.0669;1560.61;60;0;40
7.07007;30;1023.42;29.584;1529.75;60;0;40
7.08007;30;1023.78;29.9422;1508.28;60;0;40
7.09007;30;1023.13;29.2927;1547.53;60;0;40
7.10007;30;1023.75;29.9138;1510.3;60;0;40
7.11007;30;1023.19;29.3557;1544.05;60;0;40
7.12007;30;1022.58;28.748;1581.01;60;0;40
7.13007;30;1023.14;29.305;1547.87;60;0;40
7.14007;30;1022.15;28.3147;1607.96;60;0;40
7.15007;30;1021.89;28.0516;1624.52;60;0;40
7.16007;30;1023;29.1609;1558.3;60;0;40
7.17007;30;1022.49;28.6595;1588.92;60;0;40
7.18007;30;1022.72;28.8899;1575.55;60;0;40
7.19007;30;1023.81;29.9726;1510.59;60;0;40
7.20007;30;1023.24;29.4036;1544.97;60;0;40
7.21007;30;1023.63;29.7917;1521.77;60;0;40
7.22007;30;1024.48;30.6473;1470.18;60;0;40
7.23007;30;1023.48;29.6431;1530.57;60;0;40
7.24007;30;1023.68;29.8404;1518.8;60;0;40
7.25007;30;1023.43;29.5953;1533.66;60;0;40
7.26007;30;1022.85;29.0196;1568.6;60;0;40
7.27007;30;1022.74;28.9099;1575.62;60;0;40
7.28007;30;1022.06;28.2236;1617.5;60;0;40
7.29007;30;1022.02;28.1849;1620.55;60;0;40
7.30007;30;1022.77;28.9328;1576.1;60;0;40
7.31007;30;1022.72;28.8805;1579.69;60;0;40
7.32007;30;1023.03;29.1973;1561;60;0;40
7.33007;30;1024.04;30.2031;1500.58;60;0;40
7.34007;30;1023.22;29.3899;1549.61;60;0;40
7.35007;30;1023.83;29.9934;1513.4;60;0;40
7.36007;30;1024.43;30.5947;1477.09;60;0;40
7.37007;30;1023.22;29.3816;1550.12;60;0;40
7.38007;30;1023.67;29.834;1523.04;60;0;40
7.39007;30;1023.48;29.647;1534.4;60;0;40
7.40007;30;1022.34;28.5032;1603.63;60;0;40
7.41007;30;1022.49;28.66;1594.76;60;0;40
7.42007;30;1022.48;28.6451;1596.19;60;0;40
7.43008;30;1022.19;28.3522;1614.43;60;0;40
7.44008;30;1022.93;29.0972;1570.09;60;0;40
7.45008;30;1023.16;29.3203;1556.98;60;0;40
7.46008;30;1023.25;29.4177;1551.36;60;0;40
7.47008;30;1024.02;30.187;1505.13;60;0;40
7.48008;30;1023.77;29.9332;1520.38;60;0;40
7.49008;30;1024.04;30.2026;1504.14;60;0;40
7.50008;30;1024.39;30.5552;1482.76;60;0;40
7.51008;30;1023.73;29.8931;1522.53;60;0;40
7.52008;30;1024.07;30.2311;1502.16;60;0;40
7.53008;30;1023.59;29.7545;1530.85;60;0;40
7.54008;30;1022.58;28.7417;1592.12;60;0;40
7.55008;30;1023;29.1603;1567.34;60;0;40
7.56008;30;1022.56;28.7237;1594.05;60;0;40
7.57008;30;1022.43;28.5984;1602.13;60;0;40
7.58008;30;1023.38;29.5495;1545.24;60;0;40
7.59008;30;1023.25;29.4103;1553.83;60;0;40
7.60008;30;1023.23;29.3969;1554.88;60;0;40
7.61008;30;1024.36;30.5289;1486.75;60;0;40
7.62008;30;1023.59;29.7596;1533;60;0;40
7.63008;30;1023.52;29.6852;1537.59;60;0;40
7.64008;30;1024.29;30.4581;1491.03;60;0;40
7.65008;30;1023.23;29.3912;1555.29;60;0;40
7.66008;30;1023.34;29.502;1548.84;60;0;40
7.67008;30;1022.92;29.0835;1574.32;60;0;40
7.68008;30;1022.1;28.2609;1624.37;60;0;40
7.69008;30;1022.51;28.6744;1600.09;60;0;40
7.70008;30;1022.67;28.8371;1590.79;60;0;40
7.71008;30;1022.71;28.8772;1588.84;60;0;40
7.72008;30;1023.36;29.5289;1549.92;60;0;40
7.73008;30;1023.61;29.7716;1535.45;60;0;40
7.74008;30;1023.72;29.8835;1528.78;60;0;40
7.75008;30;1024.52;30.6859;1480.37;60;0;40
7.76008;30;1023.82;29.9813;1522.65;60;0;40
7.77008;30;1024.05;30.2193;1508.28;60;0;40
7.78008;30;1024.7;30.8641;1469.25;60;0;40
7.79008;30;1023.55;29.7149;1538.31;60;0;40
7.80008;30;1023.79;29.9505;1524.2;60;0;40
7.81008;30;1023.56;29.7245;1537.86;60;0;40
7.82008;30;1022.23;28.399;1618.04;60;0;40
7.83008;30;1022.24;28.4029;1618.44;60;0;40
7.84008;30;1022.78;28.9502;1586.03;60;0;40
7.85008;30;1022.69;28.8514;1592.41;60;0;40
7.86009;30;1023.3;29.4634;1555.9;60;0;40
7.87009;30;1023.73;29.8938;1530.13;60;0;40
7.88009;30;1023.68;29.8443;1533.16;60;0;40
7.89009;30;1024.26;30.426;1498.09;60;0;40
7.90009;30;1024.26;30.4247;1497.99;60;0;40
7.91009;30;1024.07;30.2318;1509.48;60;0;40
7.92009;30;1024.62;30.7888;1475.74;60;0;40
7.93009;30;1024.05;30.2183;1509.88;60;0;40
7.94009;30;1024.11;30.2724;1506.53;60;0;40
7.95009;30;1023.8;29.9665;1524.89;60;0;40
7.96009;30;1022.32;28.483;1614.51;60;0;40
7.97009;30;1022.89;29.0552;1580.55;60;0;40
7.98009;30;1022.67;28.833;1594.36;60;0;40
7.99009;30;1022.54;28.7012;1602.78;60;0;40
8.00009;30;1023.54;29.7086;1542.45;60;0;40
8.01009;30;1023.73;29.8928;1531.45;60;0;40
8.02009;30;1023.32;29.4888;1555.89;60;0;40
8.03009;30;1024.49;30.6505;1485.93;60;0;40
8.04009;30;1024.06;30.2244;1511.4;60;0;40
8.05009;30;1023.59;29.7579;1539.49;60;0;40
8.06009;30;1024.45;30.6201;1487.51;60;0;40
8.07009;30;1023.35;29.5189;1553.78;60;0;40
8.08009;30;1023.07;29.2343;1571.16;60;0;40
8.09009;30;1022.48;28.6484;1606.85;60;0;40
8.10009;30;1021.95;28.1178;1639.44;60;0;40
8.11009;30;1022.24;28.4032;1622.96;60;0;40
8.12009;30;1023.15;29.3105;1568.79;60;0;40
8.13009;30;1022.75;28.9144;1592.99;60;0;40
8.14009;30;1023.63;29.7943;1540.28;60;0;40
8.15009;30;1024.04;30.2059;1515.51;60;0;40
8.16009;30;1023.71;29.8783;1535.21;60;0;40
8.17009;30;1024.47;30.639;1489.31;60;0;40
8.18009;30;1024.26;30.4296;1501.7;60;0;40
8.19009;30;1024.15;30.3133;1508.56;60;0;40
8.20009;30;1024.76;30.9299;1471.19;60;0;40
8.21009;30;1023.67;29.8324;1537.11;60;0;40
8.22009;30;1023.55;29.7198;1543.97;60;0;40
8.23009;30;1023.14;29.3056;1569.1;60;0;40
8.24009;30;1022.02;28.1836;1637.15;60;0;40
8.25009;30;1022.14;28.3011;1630.78;60;0;40
8.26009;30;1023.17;29.3372;1568.88;60;0;40
8.27009;30;1022.83;28.993;1589.93;60;0;40
8.28009;30;1023.52;29.6844;1548.57;60;0;40
8.29009;30;1024.26;30.4263;1503.89;60;0;40
8.30009;30;1023.67;29.8395;1539.16;60;0;40
8.31009;30;1024.34;30.504;1499.09;60;0;40
8.3201;30;1024.64;30.8072;1480.58;60;0;40
8.3301;30;1024.25;30.415;1503.94;60;0;40
8.3401;30;1024.67;30.8343;1478.45;60;0;40
8.3501;30;1024.19;30.3557;1507.03;60;0;40
8.3601;30;1023.9;30.0701;1524.13;60;0;40
8.3701;30;1023.34;29.5064;1558.15;60;0;40
8.3801;30;1022.04;28.2048;1636.96;60;0;40
8.3901;30;1022.42;28.5821;1614.9;60;0;40
8.4001;30;1023.05;29.2116;1577.44;60;0;40
8.4101;30;1022.7;28.8678;1598.52;60;0;40
8.4201;30;1023.43;29.5999;1554.76;60;0;40
8.4301;30;1024.11;30.2778;1513.97;60;0;40
8.4401;30;1023.42;29.5815;1555.91;60;0;40
8.4501;30;1024.42;30.5871;1495.35;60;0;40
8.4601;30;1024.43;30.5975;1494.48;60;0;40
8.4701;30;1023.76;29.9221;1535.04;60;0;40
8.4801;30;1024.65;30.8146;1481.16;60;0;40
8.4901;30;1024.04;30.2043;1517.7;60;0;40
8.5001;30;1023.46;29.6285;1552.39;60;0;40
8.5101;30;1023.07;29.2333;1576.41;60;0;40
8.5201;30;1022.13;28.2917;1633.59;60;0;40
8.5301;30;1022.12;28.2872;1634.55;60;0;40
8.5401;30;1022.97;29.1368;1583.91;60;0;40
8.5501;30;1022.83;28.997;1592.71;60;0;40
8.5601;30;1023.38;29.5443;1560.05;60;0;40
8.5701;30;1023.75;29.9119;1538.03;60;0;40
8.5801;30;1023.6;29.7685;1546.73;60;0;40
8.5901;30;1024.25;30.415;1507.77;60;0;40
8.6001;30;1024.49;30.6568;1493;60;0;40
8.6101;30;1024.21;30.3735;1509.85;60;0;40
8.6201;30;1024.99;31.1592;1462.24;60;0;40
8.6301;30;1024.24;30.4062;1507.26;60;0;40
8.6401;30;1024.07;30.2394;1517.17;60;0;40
8.6501;30;1024.19;30.355;1510.09;60;0;40
8.6601;30;1022.45;28.6105;1615.32;60;0;40
8.6701;30;1022.03;28.1904;1641.25;60;0;40
8.6801;30;1022.78;28.9482;1596.2;60;0;40
8.6901;30;1022.59;28.7559;1608.24;60;0;40
8.7001;30;1022.93;29.0969;1588.14;60;0;40
8.7101;30;1023.78;29.9464;1537.19;60;0;40
8.7201;30;1023.3;29.4609;1566.53;60;0;40
8.7301;30;1023.82;29.9884;1534.89;60;0;40
8.7401;30;1024.48;30.6446;1495.26;60;0;40
8.7501;30;1024.04;30.206;1521.5;60;0;40
8.76011;30;1024.76;30.9202;1478.27;60;0;40
8.77011;30;1024.84;31.0007;1473.05;60;0;40
8.78011;30;1024.43;30.5967;1497.04;60;0;40
8.79011;30;1024.71;30.8724;1480.16;60;0;40
8.80011;30;1024.16;30.3292;1512.62;60;0;40
8.81011;30;1023.82;29.9901;1532.96;60;0;40
8.82011;30;1023.33;29.4928;1563.01;60;0;40
8.83011;30;1021.93;28.1;1647.33;60;0;40
8.84011;30;1022.68;28.8414;1603.31;60;0;40
8.85011;30;1023.39;29.5513;1560.9;60;0;40
8.86011;30;1023.05;29.2171;1581.26;60;0;40
8.87011;30;1023.8;29.9653;1536.38;60;0;40
8.88011;30;1024.31;30.4764;1505.53;60;0;40
8.89011;30;1023.5;29.6662;1554.27;60;0;40
8.90011;30;1024.55;30.7148;1491.07;60;0;40
8.91011;30;1024.37;30.5389;1501.41;60;0;40
8.92011;30;1023.54;29.7083;1551.37;60;0;40
8.93011;30;1023.82;29.9822;1534.93;60;0;40
8.94011;30;1022.86;29.0208;1593.02;60;0;40
8.95011;30;1022.5;28.662;1615.07;60;0;40
8.96011;30;1022.38;28.5449;1622.68;60;0;40
8.97011;30;1022.42;28.5813;1621.07;60;0;40
8.98011;30;1022.73;28.8943;1602.73;60;0;40
8.99011;30;1023.55;29.7189;1553.36;60;0;40
9.00011;30;1023.31;29.4726;1568.36;60;0;40
9.01011;30;1023.69;29.8541;1545.52;60;0;40
9.02011;30;1024.24;30.4029;1512.43;60;0;40
9.03011;30;1023.72;29.8872;1543.42;60;0;40
9.04011;30;1024.67;30.8376;1486.06;60;0;40
9.05011;30;1024.32;30.4838;1507.1;60;0;40
9.06011;30;1024.04;30.2076;1523.59;60;0;40
9.07011;30;1024.34;30.5029;1505.67;60;0;40
9.08011;30;1023.01;29.1719;1585.86;60;0;40
9.09011;30;1022.54;28.7098;1614.1;60;0;40
9.10011;30;1023.09;29.2516;1581.89;60;0;40
9.11011;30;1022.56;28.7294;1613.73;60;0;40
9.12011;30;1022.64;28.8043;1609.71;60;0;40
9.13011;30;1023.53;29.6955;1556.37;60;0;40
9.14011;30;1023.15;29.3141;1579.52;60;0;40
9.15011;30;1023.33;29.4964;1568.79;60;0;40
9.16011;30;1024.42;30.5878;1503.07;60;0;40
9.17011;30;1023.73;29.8961;1544.61;60;0;40
9.18011;30;1024.32;30.483;1509.21;60;0;40
9.19011;30;1024.94;31.1069;1471.33;60;0;40
9.20012;30;1024.41;30.5776;1502.86;60;0;40
9.21012;30;1024.97;31.1323;1469.12;60;0;40
9.22012;30;1025;31.1649;1466.7;60;0;40
9.23012;30;1024.49;30.6528;1497.16;60;0;40
9.24012;30;1024.46;30.6236;1498.67;60;0;40
9.25012;30;1023.17;29.338;1576.07;60;0;40
9.26012;30;1022.92;29.0902;1591.3;60;0;40
9.27012;30;1022.93;29.0909;1591.62;60;0;40
9.28012;30;1022.55;28.7139;1614.75;60;0;40
9.29012;30;1023.26;29.4213;1572.54;60;0;40
9.30012;30;1023.91;30.0792;1533.03;60;0;40
9.31012;30;1023.21;29.3781;1575.35;60;0;40
9.32012;30;1024.05;30.211;1525.29;60;0;40
9.33012;30;1024.46;30.6279;1500.03;60;0;40
9.34012;30;1023.64;29.8071;1549.35;60;0;40
9.35012;30;1024.23;30.3926;1514.06;60;0;40
9.36012;30;1023.64;29.8083;1549.2;60;0;40
9.37012;30;1023.02;29.1833;1587.02;60;0;40
9.38012;30;1022.91;29.074;1593.95;60;0;40
9.39012;30;1022.29;28.4581;1631.52;60;0;40
9.40012;30;1022.17;28.3334;1639.67;60;0;40
9.41012;30;1023.02;29.1846;1588.93;60;0;40
9.42012;30;1022.82;28.9874;1601.16;60;0;40
9.43012;30;1023.31;29.4747;1572.14;60;0;40
9.44012;30;1023.93;30.0922;1535.05;60;0;40
9.45012;30;1023.71;29.8741;1548.18;60;0;40
9.46012;30;1024.02;30.1819;1529.64;60;0;40
9.47012;30;1024.49;30.6545;1501.03;60;0;40
9.48012;30;1024.06;30.2286;1526.49;60;0;40
9.49012;30;1024.76;30.9266;1484.24;60;0;40
9.50012;30;1024.67;30.8348;1489.42;60;0;40
9.51012;30;1024.36;30.5222;1507.96;60;0;40
9.52012;30;1024.83;30.9996;1478.92;60;0;40
9.53012;30;1023.66;29.8276;1549.3;60;0;40
9.54012;30;1023.29;29.4568;1571.77;60;0;40
9.55012;30;1023.25;29.4152;1574.5;60;0;40
9.56012;30;1022.42;28.5889;1624.64;60;0;40
9.57012;30;1022.6;28.7619;1614.76;60;0;40
9.58012;30;1023.84;30.0013;1540.39;60;0;40
9.59012;30;1023.22;29.383;1577.74;60;0;40
9.60012;30;1023.68;29.8459;1550.02;60;0;40
9.61012;30;1024.55;30.717;1497.48;60;0;40
9.62012;30;1023.69;29.8568;1549.15;60;0;40
9.63013;30;1024.18;30.3436;1519.8;60;0;40
9.64013;30;1024.2;30.3649;1518.37;60;0;40
9.65013;30;1023.61;29.7726;1554;60;0;40
9.66013;30;1023.46;29.6269;1562.9;60;0;40
9.67013;30;1022.32;28.4813;1632.24;60;0;40
9.68013;30;1022.45;28.6151;1624.77;60;0;40
9.69013;30;1022.84;29.0052;1601.75;60;0;40
9.70013;30;1022.49;28.6514;1623.52;60;0;40
9.71013;30;1023.01;29.179;1592.2;60;0;40
9.72013;30;1023.76;29.9279;1547.29;60;0;40
9.73013;30;1023.32;29.4892;1573.82;60;0;40
9.74013;30;1023.99;30.1513;1534.03;60;0;40
9.75013;30;1024.45;30.618;1505.78;60;0;40
9.76013;30;1023.7;29.8671;1550.89;60;0;40
9.77013;30;1024.69;30.8514;1491.49;60;0;40
9.78013;30;1024.96;31.1243;1474.66;60;0;40
9.79013;30;1024.24;30.4011;1517.9;60;0;40
9.80013;30;1025.01;31.1733;1471.1;60;0;40
9.81013;30;1024.38;30.5495;1508.31;60;0;40
9.82013;30;1023.66;29.8263;1551.77;60;0;40
9.83013;30;1023.36;29.5204;1570.31;60;0;40
9.84013;30;1022.22;28.3901;1638.77;60;0;40
9.85013;30;1022.35;28.517;1631.75;60;0;40
9.86013;30;1023.05;29.2157;1590.15;60;0;40
9.87013;30;1023.05;29.2146;1590.53;60;0;40
9.88013;30;1023.46;29.6299;1565.75;60;0;40
9.89013;30;1024.16;30.3227;1524.06;60;0;40
9.90013;30;1023.57;29.7336;1559.51;60;0;40
9.91013;30;1024.17;30.3326;1523.44;60;0;40
9.92013;30;1024.48;30.6456;1504.4;60;0;40
9.93013;30;1023.96;30.1246;1535.61;60;0;40
9.94013;30;1024.58;30.7413;1498.31;60;0;40
9.95013;30;1023.6;29.7679;1556.81;60;0;40
9.96013;30;1023.33;29.4949;1573.39;60;0;40
9.97013;30;1023.51;29.6705;1562.98;60;0;40
9.98013;30;1022.34;28.5075;1633.36;60;0;40
9.99013;30;1022.2;28.3628;1642.7;60;0;40
