0;1029.73;-0.03828;1029.69;;343.33
0.01;1029.73;0.00920532;1029.74;;343.33
0.02;1029.73;-0.0261951;1029.7;;343.33
0.03;1029.73;-0.110057;1029.62;;343.33
0.04;1029.73;0.000294189;1029.73;;343.33
0.05;1029.73;-0.0841785;1029.65;;343.33
0.06;1029.73;-0.0802722;1029.65;;343.33
0.07;1029.73;-0.079906;1029.65;;343.33
0.08;1029.73;-0.0309558;1029.7;;343.33
0.09;1029.73;-0.0481677;1029.68;;343.33
0.1;1029.73;-0.078075;1029.65;;343.33
0.11;1029.73;0.0817151;1029.81;;343.33
0.12;1029.73;0.181813;1029.91;;343.33
0.13;1029.73;0.10027;1029.83;;343.33
0.14;1029.73;0.0612073;1029.79;;343.33
0.15;1029.73;0.187306;1029.92;;343.33
0.16;1029.73;0.0483899;1029.78;;343.33
0.17;1029.73;0.335133;1030.07;;343.33
0.18;1029.73;0.142506;1029.87;;343.33
0.19;1029.73;0.165089;1029.9;;343.33
0.2;1029.73;0.234913;1029.96;;343.33
0.21;1029.73;0.143116;1029.87;;343.33
0.22;1029.73;0.039845;1029.77;;343.33
0.23;1029.73;0.120778;1029.85;;343.33
0.24;1029.73;0.227833;1029.96;;343.33
0.25;1029.73;0.193898;1029.92;;343.33
0.26;1029.73;0.184987;1029.91;;343.33
0.27;1029.73;0.0275159;1029.76;;343.33
0.28;1029.73;0.119679;1029.85;;343.33
0.29;1029.73;0.14983;1029.88;;343.33
0.3;1029.73;0.074635;1029.8;;343.33
0.31;1029.73;-0.0681873;1029.66;;343.33
0.32;1029.73;-0.212474;1029.52;;343.33
0.33;1029.73;-0.146312;1029.58;;343.33
0.34;1029.73;-0.139476;1029.59;;343.33
0.35;1029.73;-0.161693;1029.57;;343.33
0.36;1029.73;-0.0899158;1029.64;;343.33
0.37;1029.73;0.0411877;1029.77;;343.33
0.38;1029.73;-0.123363;1029.61;;343.33
0.39;1029.73;-0.113353;1029.62;;343.33
0.4;1029.73;-0.119457;1029.61;;343.33
0.41;1029.73;0.0669446;1029.8;;343.33
0.42;1029.73;0.0673108;1029.8;;343.33
0.43;1029.73;0.0317883;1029.76;;343.33
0.44;1029.73;0.21941;1029.95;;343.33
0.45;1029.73;0.104176;1029.83;;343.33
0.46;1029.73;0.125905;1029.86;;343.33
0.47;1029.73;0.179005;1029.91;;343.33
0.48;1029.73;0.153615;1029.88;;343.33
0.49;1029.73;0.184498;1029.91;;343.33
0.5;1029.73;0.221119;1029.95;;343.33
0.51;1029.73;0.0967297;1029.83;;343.33
0.52;1029.73;0.191578;1029.92;;343.33
0.53;1029.73;0.129323;1029.86;;343.33
0.54;1029.73;0.158497;1029.89;;343.33
0.55;1029.73;0.153126;1029.88;;343.33
0.56;1029.73;0.0981946;1029.83;;343.33
0.57;1029.73;0.153492;1029.88;;343.33
0.58;1029.73;0.0991711;1029.83;;343.33
0.59;1029.73;-0.0667224;1029.66;;343.33
0.6;1029.73;0.0383801;1029.77;;343.33
0.61;1029.73;-0.00348999;1029.73;;343.33
0.62;1029.73;-0.0875964;1029.64;;343.33
0.63;1029.73;-0.192089;1029.54;;343.33
0.64;1029.73;-0.252513;1029.48;;343.33
0.65;1029.73;-0.172313;1029.56;;343.33
0.66;1029.73;-0.0177722;1029.71;;343.33
0.67;1029.73;-0.151683;1029.58;;343.33
0.68;1029.73;0.0720715;1029.8;;343.33
0.69;1029.73;-0.0147205;1029.72;;343.33
0.7;1029.73;0.154713;1029.88;;343.33
0.71;1029.73;-0.0595203;1029.67;;343.33
0.72;1029.73;-0.0199695;1029.71;;343.33
0.73;1029.73;0.0823254;1029.81;;343.33
0.74;1029.73;0.247242;1029.98;;343.33
0.75;1029.73;0.226979;1029.96;;343.33
0.76;1029.73;0.197072;1029.93;;343.33
0.77;1029.73;0.0906262;1029.82;;343.33
0.78;1029.73;0.0981946;1029.83;;343.33
0.79;1029.73;0.222584;1029.95;;343.33
0.8;1029.73;0.241017;1029.97;;343.33
0.81;1029.73;0.253712;1029.98;;343.33
0.82;1029.73;0.259816;1029.99;;343.33
0.83;1029.73;0.0129895;1029.74;;343.33
0.839999;1029.73;0.00651978;1029.74;;343.33
0.849999;1029.73;0.0623059;1029.79;;343.33
0.859999;1029.73;0.0846448;1029.81;;343.33
0.869999;1029.73;0.102223;1029.83;;343.33
0.879999;1029.73;0.0911145;1029.82;;343.33
0.889999;1029.73;0.0146985;1029.74;;343.33
0.899999;1029.73;-0.130809;1029.6;;343.33
0.909999;1029.73;-0.122997;1029.61;;343.33
0.919999;1029.73;-0.115673;1029.61;;343.33
0.929999;1029.73;-0.00947144;1029.72;;343.33
0.939999;1029.73;-0.0575671;1029.67;;343.33
0.949999;1029.73;0.0170178;1029.75;;343.33
0.959999;1029.73;-0.109081;1029.62;;343.33
0.969999;1029.73;-0.0575671;1029.67;;343.33
0.979999;1029.73;0.0157971;1029.75;;343.33
0.989999;1029.73;0.00468872;1029.73;;343.33
0.999999;1029.73;0.280323;1030.01;;343.33
1.01;1029.73;0.197316;1029.93;;343.33
1.02;1029.73;0.153126;1029.88;;343.33
1.03;1029.73;0.181447;1029.91;;343.33
1.04;1029.73;0.228444;1029.96;;343.33
1.05;1029.73;0.262013;1029.99;;343.33
1.06;1029.73;0.125172;1029.86;;343.33
1.07;1029.73;0.248341;1029.98;;343.33
1.08;1029.73;0.195729;1029.93;;343.33
1.09;1029.73;0.231129;1029.96;;343.33
1.1;1029.73;0.0817151;1029.81;;343.33
1.11;1029.73;0.0999036;1029.83;;343.33
1.12;1029.73;0.0831799;1029.81;;343.33
1.13;1029.73;0.199147;1029.93;;343.33
1.14;1029.73;0.043385;1029.77;;343.33
1.15;1029.73;0.0209241;1029.75;;343.33
1.16;1029.73;-0.0257068;1029.7;;343.33
1.17;1029.73;-0.142284;1029.59;;343.33
1.18;1029.73;-0.144481;1029.59;;343.33
1.19;1029.73;-0.0467029;1029.68;;343.33
1.2;1029.73;-0.0979724;1029.63;;343.33
1.21;1029.73;-0.102001;1029.63;;343.33
1.22;1029.73;-0.259716;1029.47;;343.33
1.23;1029.73;-0.0215564;1029.71;;343.33
1.24;1029.73;-0.155223;1029.57;;343.33
1.25;1029.73;0.0723157;1029.8;;343.33
1.26;1029.73;0.0532727;1029.78;;343.33
1.27;1029.73;-0.0150867;1029.71;;343.33
1.28;1029.73;0.118092;1029.85;;343.33
1.29;1029.73;0.205616;1029.94;;343.33
1.3;1029.73;0.0945325;1029.82;;343.33
1.31;1029.73;0.179493;1029.91;;343.33
1.32;1029.73;0.203297;1029.93;;343.33
1.33;1029.73;0.193531;1029.92;;343.33
1.34;1029.73;0.270436;1030;;343.33
1.35;1029.73;0.130909;1029.86;;343.33
1.36;1029.73;0.257618;1029.99;;343.33
1.37;1029.73;0.236012;1029.97;;343.33
1.38;1029.73;0.265919;1030;;343.33
1.39;1029.73;0.05901;1029.79;;343.33
1.4;1029.73;0.0807385;1029.81;;343.33
1.41;1029.73;0.105519;1029.84;;343.33
1.42;1029.73;0.0707288;1029.8;;343.33
1.43;1029.73;0.0569348;1029.79;;343.33
1.44;1029.73;0.115773;1029.85;;343.33
1.45;1029.73;-0.0050769;1029.72;;343.33
1.46;1029.73;-0.0670886;1029.66;;343.33
1.47;1029.73;-0.0758777;1029.65;;343.33
1.48;1029.73;-0.217113;1029.51;;343.33
1.49;1029.73;-0.131053;1029.6;;343.33
1.5;1029.73;-0.0471912;1029.68;;343.33
1.51;1029.73;0.102223;1029.83;;343.33
1.52;1029.73;-0.0435291;1029.69;;343.33
1.53;1029.73;0.0322766;1029.76;;343.33
1.54;1029.73;-0.103954;1029.63;;343.33
1.55;1029.73;0.08672;1029.82;;343.33
1.56;1029.73;0.162037;1029.89;;343.33
1.57;1029.73;0.143116;1029.87;;343.33
1.58;1029.73;0.185109;1029.92;;343.33
1.59;1029.73;0.178273;1029.91;;343.33
1.6;1029.73;0.101735;1029.83;;343.33
1.61;1029.73;0.0767102;1029.81;;343.33
1.62;1029.73;0.210621;1029.94;;343.33
1.63;1029.73;0.213917;1029.94;;343.33
1.64;1029.73;0.199879;1029.93;;343.33
1.65;1029.73;0.0331311;1029.76;;343.33
1.66;1029.73;0.133107;1029.86;;343.33
1.67;1029.73;0.0823254;1029.81;;343.33
1.68;1029.73;0.112477;1029.84;;343.33
1.69;1029.73;0.101124;1029.83;;343.33
1.7;1029.73;0.114674;1029.84;;343.33
1.71;1029.73;0.0278821;1029.76;;343.33
1.72;1029.73;-0.135326;1029.59;;343.33
1.73;1029.73;-0.347728;1029.38;;343.33
1.74;1029.73;-0.0714832;1029.66;;343.33
1.75;1029.73;-0.0393787;1029.69;;343.33
1.76;1029.73;-0.00947144;1029.72;;343.33
1.77;1029.73;-0.0973621;1029.63;;343.33
1.78;1029.73;0.0212903;1029.75;;343.33
1.79;1029.73;-0.168163;1029.56;;343.33
1.8;1029.73;-0.112865;1029.62;;343.33
1.81;1029.73;0.0596204;1029.79;;343.33
1.82;1029.73;0.0411877;1029.77;;343.33
1.83;1029.73;0.105275;1029.84;;343.33
1.84;1029.73;0.137745;1029.87;;343.33
1.85;1029.73;0.242726;1029.97;;343.33
1.86;1029.73;0.171437;1029.9;;343.33
1.87;1029.73;0.0491223;1029.78;;343.33
1.88;1029.73;0.171925;1029.9;;343.33
1.89;1029.73;0.250782;1029.98;;343.33
1.9;1029.73;0.119923;1029.85;;343.33
1.91;1029.73;0.189991;1029.92;;343.33
1.92;1029.73;0.159718;1029.89;;343.33
1.93;1029.73;0.193043;1029.92;;343.33
1.94;1029.73;0.168995;1029.9;;343.33
1.95;1029.73;0.0740247;1029.8;;343.33
1.96;1029.73;0.0897717;1029.82;;343.33
1.97;1029.73;-0.0735583;1029.66;;343.33
1.98;1029.73;-0.0725818;1029.66;;343.33
1.99;1029.73;-0.103221;1029.63;;343.33
2;1029.73;-0.0697742;1029.66;;343.33
2.01;1029.73;0.0170178;1029.75;;343.33
2.02;1029.73;-0.0471912;1029.68;;343.33
2.03;1029.73;-0.111278;1029.62;;343.33
2.04;1029.73;-0.0802722;1029.65;;343.33
2.05;1029.73;-0.0553699;1029.67;;343.33
2.06;1029.73;-0.0946765;1029.64;;343.33
2.07;1029.73;-0.0655017;1029.66;;343.33
2.08;1029.73;0.0784192;1029.81;;343.33
2.09;1029.73;-0.0233875;1029.71;;343.33
2.1;1029.73;0.0480237;1029.78;;343.33
2.11;1029.73;0.0192151;1029.75;;343.33
2.12;1029.73;0.30962;1030.04;;343.33
2.13;1029.73;0.242726;1029.97;;343.33
2.14;1029.73;0.263722;1029.99;;343.33
2.15;1029.73;0.048512;1029.78;;343.33
2.16;1029.73;0.0387463;1029.77;;343.33
2.17;1029.73;0.168507;1029.9;;343.33
2.18;1029.73;0.0673108;1029.8;;343.33
2.19;1029.73;0.125905;1029.86;;343.33
2.2;1029.73;0.130421;1029.86;;343.33
2.21;1029.73;0.268483;1030;;343.33
2.22;1029.73;0.0696301;1029.8;;343.33
2.23;1029.73;0.125416;1029.86;;343.33
2.24;1029.73;0.146901;1029.88;;343.33
2.25;1029.73;0.272389;1030;;343.33
2.26;1029.73;0.14922;1029.88;;343.33
2.27;1029.73;-0.124584;1029.61;;343.33
2.28;1029.73;-0.203685;1029.53;;343.33
2.29;1029.73;-0.090282;1029.64;;343.33
2.3;1029.73;-0.347362;1029.38;;343.33
2.31;1029.73;-0.0572009;1029.67;;343.33
2.32;1029.73;-0.00605347;1029.72;;343.33
2.33;1029.73;-0.00348999;1029.73;;343.33
2.34;1029.73;-0.0862537;1029.64;;343.33
2.35;1029.73;0.019093;1029.75;;343.33
2.36;1029.73;-0.10139;1029.63;;343.33
2.37;1029.73;-0.00532104;1029.72;;343.33
2.38;1029.73;0.140797;1029.87;;343.33
2.39;1029.73;0.165089;1029.9;;343.33
2.4;1029.73;0.0474133;1029.78;;343.33
2.41;1029.73;0.0823254;1029.81;;343.33
2.42;1029.73;0.126027;1029.86;;343.33
2.43;1029.73;0.235524;1029.97;;343.33
2.44;1029.73;0.237233;1029.97;;343.33
2.45;1029.73;0.255909;1029.99;;343.33
2.46;1029.73;0.262013;1029.99;;343.33
2.47;1029.73;0.101613;1029.83;;343.33
2.48;1029.73;0.219288;1029.95;;343.33
2.49;1029.73;0.209034;1029.94;;343.33
2.5;1029.73;0.247609;1029.98;;343.33
2.51;1029.73;0.135182;1029.87;;343.33
2.52;1029.73;-0.0360828;1029.69;;343.33
2.53;1029.73;0.0610852;1029.79;;343.33
2.54;1029.73;0.105885;1029.84;;343.33
2.55;1029.73;-0.0945544;1029.64;;343.33
2.56;1029.73;-0.013988;1029.72;;343.33
2.57;1029.73;-0.0200916;1029.71;;343.33
2.58;1029.73;0.00859497;1029.74;;343.33
2.59;1029.73;-0.134716;1029.6;;343.33
2.6;1029.73;-0.0562244;1029.67;;343.33
2.61;1029.73;-0.0360828;1029.69;;343.33
2.62;1029.73;-0.0285144;1029.7;;343.33
2.63;1029.73;0.0811047;1029.81;;343.33
2.64;1029.73;-0.0280261;1029.7;;343.33
2.65;1029.73;0.108082;1029.84;;343.33
2.66;1029.73;0.0870862;1029.82;;343.33
2.67;1029.73;0.100514;1029.83;;343.33
2.68;1029.73;-0.052196;1029.68;;343.33
2.69;1029.73;0.0854993;1029.82;;343.33
2.7;1029.73;0.215626;1029.95;;343.33
2.71;1029.73;0.202809;1029.93;;343.33
2.72;1029.73;-0.0221667;1029.71;;343.33
2.73;1029.73;0.111744;1029.84;;343.33
2.74;1029.73;0.218312;1029.95;;343.33
2.75;1029.73;0.114186;1029.84;;343.33
2.76;1029.73;0.229298;1029.96;;343.33
2.77;1029.73;0.211232;1029.94;;343.33
2.78;1029.73;0.114186;1029.84;;343.33
2.79;1029.73;0.219899;1029.95;;343.33
2.8;1029.73;0.00468872;1029.73;;343.33
2.81;1029.73;0.107228;1029.84;;343.33
2.82;1029.73;0.249073;1029.98;;343.33
2.83;1029.73;0.0575452;1029.79;;343.33
2.84;1029.73;0.125782;1029.86;;343.33
2.85;1029.73;-0.26826;1029.46;;343.33
2.86;1029.73;-0.138866;1029.59;;343.33
2.87;1029.73;-0.0739246;1029.66;;343.33
2.88;1029.73;-0.103221;1029.63;;343.33
2.89;1029.73;-0.053905;1029.68;;343.33
2.9;1029.73;-0.200389;1029.53;;343.33
2.91;1029.73;0.0239758;1029.75;;343.33
2.92;1029.73;-0.157909;1029.57;;343.33
2.93;1029.73;-0.182079;1029.55;;343.33
2.94;1029.73;-0.00361206;1029.73;;343.33
2.95;1029.73;0.167897;1029.9;;343.33
2.96;1029.73;0.157887;1029.89;;343.33
2.97;1029.73;0.102223;1029.83;;343.33
2.98;1029.73;0.228322;1029.96;;343.33
2.99;1029.73;0.206715;1029.94;;343.33
3;1029.73;0.317311;1030.05;;343.33
3.01;1029.73;0.268727;1030;;343.33
3.02;1029.73;0.180714;1029.91;;343.33
3.03;1029.73;0.181813;1029.91;;343.33
3.04;1029.73;0.0516858;1029.78;;343.33
3.05;1029.73;0.0452161;1029.78;;343.33
3.06;1029.73;0.237721;1029.97;;343.33
3.07;1029.73;0.13213;1029.86;;343.33
3.08;1029.73;0.137745;1029.87;;343.33
3.09;1029.73;0.186329;1029.92;;343.33
3.1;1029.73;0.0817151;1029.81;;343.33
3.11;1029.73;0.0481458;1029.78;;343.33
3.12;1029.73;-0.0105701;1029.72;;343.33
3.13;1029.73;-0.00776245;1029.72;;343.33
3.14;1029.73;0.0950208;1029.82;;343.33
3.15;1029.73;-0.0580554;1029.67;;343.33
3.16;1029.73;-0.0183826;1029.71;;343.33
3.17;1029.73;-0.110057;1029.62;;343.33
3.18;1029.73;-0.0821033;1029.65;;343.33
3.19;1029.73;-0.064281;1029.67;;343.33
3.2;1029.73;0.0823254;1029.81;;343.33
3.21;1029.73;-0.0291248;1029.7;;343.33
3.22;1029.73;0.0170178;1029.75;;343.33
3.23;1029.73;0.151417;1029.88;;343.33
3.24;1029.73;0.0593762;1029.79;;343.33
3.25;1029.73;0.174;1029.9;;343.33
3.26;1029.73;0.147511;1029.88;;343.33
3.27;1029.73;0.153126;1029.88;;343.33
3.28;1029.73;0.0690198;1029.8;;343.33
3.29;1029.73;0.0983167;1029.83;;343.33
3.3;1029.73;0.151906;1029.88;;343.33
3.31;1029.73;0.133717;1029.86;;343.33
3.32;1029.73;0.248341;1029.98;;343.33
3.33;1029.73;0.244679;1029.97;;343.33
3.34;1029.73;0.257618;1029.99;;343.33
3.35;1029.73;0.179738;1029.91;;343.33
3.36;1029.73;0.0834241;1029.81;;343.33
3.37;1029.73;0.0962415;1029.83;;343.33
3.38;1029.73;0.0938;1029.82;;343.33
3.39;1029.73;0.0406995;1029.77;;343.33
3.4;1029.73;-0.281078;1029.45;;343.33
3.41;1029.73;0.0372815;1029.77;;343.33
3.42;1029.73;-0.00300171;1029.73;;343.33
3.43;1029.73;-0.0443835;1029.69;;343.33
3.44;1029.73;-0.0448718;1029.69;;343.33
3.45;1029.73;0.0248303;1029.75;;343.33
3.46;1029.73;-0.0404773;1029.69;;343.33
3.47;1029.73;-0.0855212;1029.64;;343.33
3.48;1029.73;-0.0321765;1029.7;;343.33
3.49;1029.73;0.0879407;1029.82;;343.33
3.5;1029.73;0.0262952;1029.76;;343.33
3.51;1029.73;0.330494;1030.06;;343.33
3.52;1029.73;0.165822;1029.9;;343.33
3.53;1029.73;0.255909;1029.99;;343.33
3.54;1029.73;0.175709;1029.91;;343.33
3.55;1029.73;0.227101;1029.96;;343.33
3.56;1029.73;0.165577;1029.9;;343.33
3.57;1029.73;0.106373;1029.84;;343.33
3.58;1029.73;0.335743;1030.07;;343.33
3.59;1029.73;0.188527;1029.92;;343.33
3.6;1029.73;0.129811;1029.86;;343.33
3.61;1029.73;0.0807385;1029.81;;343.33
3.62;1029.73;0.0287366;1029.76;;343.33
3.63;1029.73;0.216603;1029.95;;343.33
3.64;1029.73;0.34319;1030.07;;343.33
3.65;1029.73;0.173512;1029.9;;343.33
3.66;1029.73;0.0834241;1029.81;;343.33
3.67;1029.73;-0.0719714;1029.66;;343.33
3.68;1029.73;-0.0840564;1029.65;;343.33
3.69;1029.73;-0.0205798;1029.71;;343.33
3.7;1029.73;-0.0819812;1029.65;;343.33
3.71;1029.73;-0.106273;1029.62;;343.33
3.72;1029.73;-0.167064;1029.56;;343.33
3.73;1029.73;-0.0443835;1029.69;;343.33
3.74;1029.73;-0.12849;1029.6;;343.33
3.75;1029.73;0.106495;1029.84;;343.33
3.76;1029.73;0.0854993;1029.82;;343.33
3.77;1029.73;0.0153088;1029.75;;343.33
3.78;1029.73;-0.0711169;1029.66;;343.33
3.79;1029.73;0.202809;1029.93;;343.33
3.8;1029.73;0.129811;1029.86;;343.33
3.81;1029.73;0.0322766;1029.76;;343.33
3.82;1029.73;0.180226;1029.91;;343.33
3.83;1029.73;0.0239758;1029.75;;343.33
3.84;1029.73;0.218312;1029.95;;343.33
3.85;1029.73;0.169117;1029.9;;343.33
3.86;1029.73;0.0967297;1029.83;;343.33
3.87;1029.73;0.240529;1029.97;;343.33
3.88;1029.73;0.0947766;1029.82;;343.33
3.89;1029.73;0.168995;1029.9;;343.33
3.9;1029.73;0.158131;1029.89;;343.33
3.91;1029.73;0.171193;1029.9;;343.33
3.92;1029.73;0.0217786;1029.75;;343.33
3.93;1029.73;-0.0161853;1029.71;;343.33
3.94;1029.73;0.0206799;1029.75;;343.33
3.95;1029.73;0.0687756;1029.8;;343.33
3.96;1029.73;0.0232434;1029.75;;343.33
3.97;1029.73;-0.0432849;1029.69;;343.33
3.98;1029.73;-0.169872;1029.56;;343.33
3.99;1029.73;-0.133007;1029.6;;343.33
4;1029.73;-0.0205798;1029.71;;343.33
4.01;1029.73;0.0198254;1029.75;;343.33
4.02;1029.73;0.0718274;1029.8;;343.33
4.03;1029.73;0.0623059;1029.79;;343.33
4.04;1029.73;-0.00202515;1029.73;;343.33
4.05;1029.73;0.0154309;1029.75;;343.33
4.06;1029.73;0.208424;1029.94;;343.33
4.07;1029.73;0.128712;1029.86;;343.33
4.08;1029.73;0.0187268;1029.75;;343.33
4.09;1029.73;0.305104;1030.04;;343.33
4.1;1029.73;0.10674;1029.84;;343.33
4.11;1029.73;0.199147;1029.93;;343.33
4.12;1029.73;0.28484;1030.01;;343.33
4.13;1029.73;0.141774;1029.87;;343.33
4.14;1029.73;0.0826917;1029.81;;343.33
4.15;1029.73;0.16692;1029.9;;343.33
4.16;1029.73;0.172413;1029.9;;343.33
4.17;1029.73;0.0212903;1029.75;;343.33
4.18;1029.73;0.12444;1029.85;;343.33
4.19;1029.73;0.0549817;1029.78;;343.33
4.2;1029.73;0.033009;1029.76;;343.33
4.21;1029.73;-0.121898;1029.61;;343.33
4.22;1029.73;-0.0985828;1029.63;;343.33
4.23;1029.73;-0.0619617;1029.67;;343.33
4.24;1029.73;-0.203685;1029.53;;343.33
4.25;1029.73;-0.136913;1029.59;;343.33
4.26;1029.73;-0.0750232;1029.65;;343.33
4.27;1029.73;0.0656018;1029.8;;343.33
4.28;1029.73;-0.0218005;1029.71;;343.33
4.29;1029.73;-0.187328;1029.54;;343.33
4.3;1029.73;0.057301;1029.79;;343.33
4.31;1029.73;0.085011;1029.81;;343.33
4.32;1029.73;0.165089;1029.9;;343.33
4.33;1029.73;0.265919;1030;;343.33
4.34;1029.73;0.183522;1029.91;;343.33
4.35;1029.73;0.320118;1030.05;;343.33
4.36;1029.73;0.231129;1029.96;;343.33
4.37001;1029.73;0.117604;1029.85;;343.33
4.38001;1029.73;0.0690198;1029.8;;343.33
4.39001;1029.73;0.144093;1029.87;;343.33
4.40001;1029.73;0.235402;1029.97;;343.33
4.41001;1029.73;0.265797;1030;;343.33
4.42001;1029.73;0.245533;1029.98;;343.33
4.43001;1029.73;0.214894;1029.94;;343.33
4.44001;1029.73;0.062428;1029.79;;343.33
4.45001;1029.73;0.195607;1029.93;;343.33
4.46001;1029.73;0.169972;1029.9;;343.33
4.47001;1029.73;-0.0130115;1029.72;;343.33
4.48001;1029.73;-0.0589099;1029.67;;343.33
4.49001;1029.73;-0.102977;1029.63;;343.33
4.50001;1029.73;-0.00348999;1029.73;;343.33
4.51001;1029.73;-0.132274;1029.6;;343.33
4.52001;1029.73;-0.1385;1029.59;;343.33
4.53001;1029.73;0.0167737;1029.75;;343.33
4.54001;1029.73;0.00322388;1029.73;;343.33
4.55001;1029.73;0.010426;1029.74;;343.33
4.56001;1029.73;0.0317883;1029.76;;343.33
4.57001;1029.73;0.00322388;1029.73;;343.33
4.58001;1029.73;0.143116;1029.87;;343.33
4.59001;1029.73;0.174122;1029.9;;343.33
4.60001;1029.73;0.257618;1029.99;;343.33
4.61001;1029.73;0.199513;1029.93;;343.33
4.62001;1029.73;0.108204;1029.84;;343.33
4.63001;1029.73;0.153615;1029.88;;343.33
4.64001;1029.73;0.157521;1029.89;;343.33
4.65001;1029.73;0.29424;1030.02;;343.33
4.66001;1029.73;0.200978;1029.93;;343.33
4.67001;1029.73;0.164845;1029.89;;343.33
4.68001;1029.73;0.140187;1029.87;;343.33
4.69001;1029.73;0.224415;1029.95;;343.33
4.70001;1029.73;0.0601086;1029.79;;343.33
4.71001;1029.73;0.163136;1029.89;;343.33
4.72001;1029.73;0.250782;1029.98;;343.33
4.73001;1029.73;-0.0332751;1029.7;;343.33
4.74001;1029.73;0.0762219;1029.81;;343.33
4.75001;1029.73;-0.00275757;1029.73;;343.33
4.76001;1029.73;0.0967297;1029.83;;343.33
4.77001;1029.73;-0.0611072;1029.67;;343.33
4.78001;1029.73;-0.115062;1029.61;;343.33
4.79001;1029.73;-0.121898;1029.61;;343.33
4.80001;1029.73;-0.121898;1029.61;;343.33
4.81002;1029.73;-0.143016;1029.59;;343.33
4.82002;1029.73;-0.162914;1029.57;;343.33
4.83002;1029.73;0.0221448;1029.75;;343.33
4.84002;1029.73;0.0876965;1029.82;;343.33
4.85002;1029.73;-0.076488;1029.65;;343.33
4.86002;1029.73;0.0212903;1029.75;;343.33
4.87002;1029.73;0.0481458;1029.78;;343.33
4.88002;1029.73;0.0917249;1029.82;;343.33
4.89002;1029.73;0.00957153;1029.74;;343.33
4.90002;1029.73;0.095387;1029.83;;343.33
4.91002;1029.73;0.288014;1030.02;;343.33
4.92002;1029.73;0.1834;1029.91;;343.33
4.93002;1029.73;0.141407;1029.87;;343.33
4.94002;1029.73;0.102833;1029.83;;343.33
4.95002;1029.73;0.0254407;1029.76;;343.33
4.96002;1029.73;0.189991;1029.92;;343.33
4.97002;1029.73;0.0890393;1029.82;;343.33
4.98002;1029.73;0.0911145;1029.82;;343.33
4.99002;1029.73;0.231617;1029.96;;343.33
5.00002;1029.73;0.144703;1029.87;;343.33
5.01002;1029.73;0.0646252;1029.79;;343.33
5.02002;1029.73;0.138478;1029.87;;343.33
5.03002;1029.73;0.103199;1029.83;;343.33
5.04002;1029.73;-0.101268;1029.63;;343.33
5.05002;1029.73;-0.090282;1029.64;;343.33
5.06002;1029.73;-0.133373;1029.6;;343.33
5.07002;1029.73;-0.0735583;1029.66;;343.33
5.08002;1029.73;-0.151683;1029.58;;343.33
5.09002;1029.73;-0.0108142;1029.72;;343.33
5.10002;1029.73;0.0668225;1029.8;;343.33
5.11002;1029.73;0.140919;1029.87;;343.33
5.12002;1029.73;-0.0653796;1029.66;;343.33
5.13002;1029.73;-0.0664783;1029.66;;343.33
5.14002;1029.73;0.162892;1029.89;;343.33
5.15002;1029.73;0.118824;1029.85;;343.33
5.16002;1029.73;0.198903;1029.93;;343.33
5.17002;1029.73;0.141774;1029.87;;343.33
5.18002;1029.73;0.11028;1029.84;;343.33
5.19002;1029.73;0.098927;1029.83;;343.33
5.20002;1029.73;0.109791;1029.84;;343.33
5.21002;1029.73;0.264943;1029.99;;343.33
5.22002;1029.73;0.22588;1029.96;;343.33
5.23002;1029.73;0.216603;1029.95;;343.33
5.24003;1029.73;0.136647;1029.87;;343.33
5.25003;1029.73;0.0804944;1029.81;;343.33
5.26003;1029.73;0.157032;1029.89;;343.33
5.27003;1029.73;0.165089;1029.9;;343.33
5.28003;1029.73;0.131642;1029.86;;343.33
5.29003;1029.73;0.0159192;1029.75;;343.33
5.30003;1029.73;-0.106517;1029.62;;343.33
5.31003;1029.73;-0.113353;1029.62;;343.33
5.32003;1029.73;-0.30537;1029.42;;343.33
5.33003;1029.73;-0.270214;1029.46;;343.33
5.34003;1029.73;-0.134716;1029.6;;343.33
5.35003;1029.73;-0.148387;1029.58;;343.33
5.36003;1029.73;-0.115917;1029.61;;343.33
5.37003;1029.73;-0.099071;1029.63;;343.33
5.38003;1029.73;-0.0681873;1029.66;;343.33
5.39003;1029.73;-0.0862537;1029.64;;343.33
5.40003;1029.73;0.0846448;1029.81;;343.33
5.41003;1029.73;0.0436292;1029.77;;343.33
5.42003;1029.73;0.145924;1029.88;;343.33
5.43003;1029.73;0.141407;1029.87;;343.33
5.44003;1029.73;-0.00446655;1029.73;;343.33
5.45003;1029.73;0.191945;1029.92;;343.33
5.46003;1029.73;0.124928;1029.85;;343.33
5.47003;1029.73;0.211842;1029.94;;343.33
5.48003;1029.73;0.163624;1029.89;;343.33
5.49003;1029.73;0.158131;1029.89;;343.33
5.50003;1029.73;0.0535168;1029.78;;343.33
5.51003;1029.73;-0.0376697;1029.69;;343.33
5.52003;1029.73;0.261525;1029.99;;343.33
5.53003;1029.73;0.204396;1029.93;;343.33
5.54003;1029.73;0.0140881;1029.74;;343.33
5.55003;1029.73;-0.0288806;1029.7;;343.33
5.56003;1029.73;-0.0304675;1029.7;;343.33
5.57003;1029.73;-0.12849;1029.6;;343.33
5.58003;1029.73;-0.0580554;1029.67;;343.33
5.59003;1029.73;0.0193372;1029.75;;343.33
5.60003;1029.73;-0.169017;1029.56;;343.33
5.61003;1029.73;-0.14619;1029.58;;343.33
5.62003;1029.73;-0.248729;1029.48;;343.33
5.63003;1029.73;-0.156688;1029.57;;343.33
5.64003;1029.73;-0.196971;1029.53;;343.33
5.65003;1029.73;0.0596204;1029.79;;343.33
5.66003;1029.73;0.117726;1029.85;;343.33
5.67003;1029.73;0.000904541;1029.73;;343.33
5.68004;1029.73;0.169484;1029.9;;343.33
5.69004;1029.73;0.0159192;1029.75;;343.33
5.70004;1029.73;0.150319;1029.88;;343.33
5.71004;1029.73;0.160817;1029.89;;343.33
5.72004;1029.73;0.223439;1029.95;;343.33
5.73004;1029.73;0.0734143;1029.8;;343.33
5.74004;1029.73;0.00859497;1029.74;;343.33
5.75004;1029.73;0.115773;1029.85;;343.33
5.76004;1029.73;0.13213;1029.86;;343.33
5.77004;1029.73;0.238209;1029.97;;343.33
5.78004;1029.73;0.0679211;1029.8;;343.33
5.79004;1029.73;0.231617;1029.96;;343.33
5.80004;1029.73;0.169972;1029.9;;343.33
5.81004;1029.73;0.0864758;1029.82;;343.33
5.82004;1029.73;-0.00202515;1029.73;;343.33
5.83004;1029.73;-0.0133777;1029.72;;343.33
5.84004;1029.73;-0.0862537;1029.64;;343.33
5.85004;1029.73;0.0145764;1029.74;;343.33
5.86004;1029.73;-0.135326;1029.59;;343.33
5.87004;1029.73;-0.224803;1029.51;;343.33
5.88004;1029.73;-0.0788074;1029.65;;343.33
5.89004;1029.73;-0.110912;1029.62;;343.33
5.90004;1029.73;-0.0550037;1029.67;;343.33
5.91004;1029.73;-0.013988;1029.72;;343.33
5.92004;1029.73;0.00993774;1029.74;;343.33
5.93004;1029.73;-0.108226;1029.62;;343.33
5.94004;1029.73;-0.0177722;1029.71;;343.33
5.95004;1029.73;-0.0855212;1029.64;;343.33
5.96004;1029.73;0.00322388;1029.73;;343.33
5.97004;1029.73;0.237233;1029.97;;343.33
5.98004;1029.73;0.177296;1029.91;;343.33
5.99004;1029.73;0.0961194;1029.83;;343.33
6.00004;1029.73;0.181813;1029.91;;343.33
6.01004;1029.73;0.126027;1029.86;;343.33
6.02004;1029.73;0.131642;1029.86;;343.33
6.03004;1029.73;0.206227;1029.94;;343.33
6.04004;1029.73;0.14983;1029.88;;343.33
6.05004;1029.73;0.194386;1029.92;;343.33
6.06004;1029.73;0.178517;1029.91;;343.33
6.07004;1029.73;0.12444;1029.85;;343.33
6.08004;1029.73;0.010304;1029.74;;343.33
6.09004;1029.73;0.293385;1030.02;;343.33
6.10004;1029.73;-0.101879;1029.63;;343.33
6.11004;1029.73;0.0983167;1029.83;;343.33
6.12005;1029.73;-0.0493884;1029.68;;343.33
6.13005;1029.73;-0.0805164;1029.65;;343.33
6.14005;1029.73;-0.177562;1029.55;;343.33
6.15005;1029.73;-0.105297;1029.62;;343.33
6.16005;1029.73;-0.0274158;1029.7;;343.33
6.17005;1029.73;0.0508313;1029.78;;343.33
6.18005;1029.73;-0.0749011;1029.66;;343.33
6.19005;1029.73;-0.00471069;1029.73;;343.33
6.20005;1029.73;-0.0669666;1029.66;;343.33
6.21005;1029.73;0.0696301;1029.8;;343.33
6.22005;1029.73;0.0720715;1029.8;;343.33
6.23005;1029.73;-0.0719714;1029.66;;343.33
6.24005;1029.73;0.153126;1029.88;;343.33
6.25005;1029.73;0.202809;1029.93;;343.33
6.26005;1029.73;0.303639;1030.03;;343.33
6.27005;1029.73;0.0635266;1029.79;;343.33
6.28005;1029.73;0.169972;1029.9;;343.33
6.29005;1029.73;0.288624;1030.02;;343.33
6.30005;1029.73;0.0396008;1029.77;;343.33
6.31005;1029.73;0.141407;1029.87;;343.33
6.32005;1029.73;0.0350842;1029.77;;343.33
6.33005;1029.73;0.114796;1029.84;;343.33
6.34005;1029.73;0.178517;1029.91;;343.33
6.35005;1029.73;0.125416;1029.86;;343.33
6.36005;1029.73;0.213429;1029.94;;343.33
6.37005;1029.73;0.0999036;1029.83;;343.33
6.38005;1029.73;0.0153088;1029.75;;343.33
6.39005;1029.73;0.041676;1029.77;;343.33
6.40005;1029.73;0.0776868;1029.81;;343.33
6.41005;1029.73;0.071095;1029.8;;343.33
6.42005;1029.73;-0.169384;1029.56;;343.33
6.43005;1029.73;0.0511975;1029.78;;343.33
6.44005;1029.73;-0.138988;1029.59;;343.33
6.45005;1029.73;-0.137767;1029.59;;343.33
6.46005;1029.73;-0.0685535;1029.66;;343.33
6.47005;1029.73;-0.0526843;1029.68;;343.33
6.48005;1029.73;-0.050365;1029.68;;343.33
6.49005;1029.73;-0.00678589;1029.72;;343.33
6.50005;1029.73;0.113209;1029.84;;343.33
6.51005;1029.73;0.125172;1029.86;;343.33
6.52005;1029.73;-0.0437732;1029.69;;343.33
6.53005;1029.73;0.157521;1029.89;;343.33
6.54005;1029.73;0.235402;1029.97;;343.33
6.55006;1029.73;0.227223;1029.96;;343.33
6.56006;1029.73;0.078175;1029.81;;343.33
6.57006;1029.73;0.0983167;1029.83;;343.33
6.58006;1029.73;0.0535168;1029.78;;343.33
6.59006;1029.73;0.164845;1029.89;;343.33
6.60006;1029.73;0.190602;1029.92;;343.33
6.61006;1029.73;0.206715;1029.94;;343.33
6.62006;1029.73;0.103444;1029.83;;343.33
6.63006;1029.73;0.117115;1029.85;;343.33
6.64006;1029.73;0.202076;1029.93;;343.33
6.65006;1029.73;0.108082;1029.84;;343.33
6.66006;1029.73;0.189625;1029.92;;343.33
6.67006;1029.73;-0.107006;1029.62;;343.33
6.68006;1029.73;-0.188793;1029.54;;343.33
6.69006;1029.73;-0.191722;1029.54;;343.33
6.70006;1029.73;-0.10139;1029.63;;343.33
6.71006;1029.73;-0.0415759;1029.69;;343.33
6.72006;1029.73;-0.0249744;1029.7;;343.33
6.73006;1029.73;-0.121898;1029.61;;343.33
6.74006;1029.73;-0.120677;1029.61;;343.33
6.75006;1029.73;0.00542114;1029.74;;343.33
6.76006;1029.73;0.101735;1029.83;;343.33
6.77006;1029.73;0.0264172;1029.76;;343.33
6.78006;1029.73;0.11382;1029.84;;343.33
6.79006;1029.73;0.14983;1029.88;;343.33
6.80006;1029.73;0.0767102;1029.81;;343.33
6.81006;1029.73;0.239674;1029.97;;343.33
6.82006;1029.73;0.200612;1029.93;;343.33
6.83006;1029.73;0.14983;1029.88;;343.33
6.84006;1029.73;0.202809;1029.93;;343.33
6.85006;1029.73;0.199879;1029.93;;343.33
6.86006;1029.73;0.111744;1029.84;;343.33
6.87006;1029.73;0.14983;1029.88;;343.33
6.88006;1029.73;0.123829;1029.85;;343.33
6.89006;1029.73;0.0734143;1029.8;;343.33
6.90006;1029.73;0.112111;1029.84;;343.33
6.91006;1029.73;0.104542;1029.83;;343.33
6.92006;1029.73;-0.0344958;1029.7;;343.33
6.93006;1029.73;0.000294189;1029.73;;343.33
6.94006;1029.73;-0.194774;1029.54;;343.33
6.95006;1029.73;-0.162426;1029.57;;343.33
6.96006;1029.73;-0.125194;1029.6;;343.33
6.97006;1029.73;-0.179882;1029.55;;343.33
6.98006;1029.73;-0.111522;1029.62;;343.33
6.99007;1029.73;-0.121288;1029.61;;343.33
7.00007;1029.73;-0.00947144;1029.72;;343.33
7.01007;1029.73;-0.162303;1029.57;;343.33
7.02007;1029.73;-0.0725818;1029.66;;343.33
7.03007;1029.73;0.0153088;1029.75;;343.33
7.04007;1029.73;0.130177;1029.86;;343.33
7.05007;1029.73;0.215992;1029.95;;343.33
7.06007;1029.73;0.0623059;1029.79;;343.33
7.07007;1029.73;0.0840344;1029.81;;343.33
7.08007;1029.73;0.181935;1029.91;;343.33
7.09007;1029.73;0.243214;1029.97;;343.33
7.10007;1029.73;0.21233;1029.94;;343.33
7.11007;1029.73;0.143605;1029.87;;343.33
7.12007;1029.73;0.203785;1029.93;;343.33
7.13007;1029.73;0.215992;1029.95;;343.33
7.14007;1029.73;0.0475354;1029.78;;343.33
7.15007;1029.73;0.0679211;1029.8;;343.33
7.16007;1029.73;0.0900159;1029.82;;343.33
7.17007;1029.73;0.205128;1029.94;;343.33
7.18007;1029.73;0.157887;1029.89;;343.33
7.19007;1029.73;-0.0050769;1029.72;;343.33
7.20007;1029.73;0.0142102;1029.74;;343.33
7.21007;1029.73;0.0127454;1029.74;;343.33
7.22007;1029.73;0.00639771;1029.74;;343.33
7.23007;1029.73;0.0800061;1029.81;;343.33
7.24007;1029.73;0.00420044;1029.73;;343.33
7.25007;1029.73;-0.0510974;1029.68;;343.33
7.26007;1029.73;-0.141918;1029.59;;343.33
7.27007;1029.73;-0.316478;1029.41;;343.33
7.28007;1029.73;-0.0506091;1029.68;;343.33
7.29007;1029.73;0.0406995;1029.77;;343.33
7.30007;1029.73;-0.0584216;1029.67;;343.33
7.31007;1029.73;-0.150463;1029.58;;343.33
7.32007;1029.73;0.097218;1029.83;;343.33
7.33007;1029.73;0.0690198;1029.8;;343.33
7.34007;1029.73;0.095387;1029.83;;343.33
7.35007;1029.73;0.204396;1029.93;;343.33
7.36007;1029.73;0.322194;1030.05;;343.33
7.37007;1029.73;0.162892;1029.89;;343.33
7.38007;1029.73;0.022511;1029.75;;343.33
7.39007;1029.73;0.0707288;1029.8;;343.33
7.40007;1029.73;0.165577;1029.9;;343.33
7.41007;1029.73;0.221974;1029.95;;343.33
7.42007;1029.73;0.175221;1029.91;;343.33
7.43008;1029.73;0.157521;1029.89;;343.33
7.44008;1029.73;0.257618;1029.99;;343.33
7.45008;1029.73;0.0757336;1029.81;;343.33
7.46008;1029.73;-0.0617175;1029.67;;343.33
7.47008;1029.73;0.104786;1029.83;;343.33
7.48008;1029.73;0.0287366;1029.76;;343.33
7.49008;1029.73;0.000294189;1029.73;;343.33
7.50008;1029.73;-0.107494;1029.62;;343.33
7.51008;1029.73;-0.138866;1029.59;;343.33
7.52008;1029.73;-0.280101;1029.45;;343.33
7.53008;1029.73;-0.0907703;1029.64;;343.33
7.54008;1029.73;0.0322766;1029.76;;343.33
7.55008;1029.73;-0.112377;1029.62;;343.33
7.56008;1029.73;-0.0550037;1029.67;;343.33
7.57008;1029.73;-0.0545154;1029.68;;343.33
7.58008;1029.73;-0.143016;1029.59;;343.33
7.59008;1029.73;-0.0426746;1029.69;;343.33
7.60008;1029.73;0.0857434;1029.82;;343.33
7.61008;1029.73;0.236622;1029.97;;343.33
7.62008;1029.73;0.135792;1029.87;;343.33
7.63008;1029.73;0.199025;1029.93;;343.33
7.64008;1029.73;0.146412;1029.88;;343.33
7.65008;1029.73;0.0593762;1029.79;;343.33
7.66008;1029.73;0.116383;1029.85;;343.33
7.67008;1029.73;0.198536;1029.93;;343.33
7.68008;1029.73;0.207325;1029.94;;343.33
7.69008;1029.73;0.104542;1029.83;;343.33
7.70008;1029.73;0.197682;1029.93;;343.33
7.71008;1029.73;0.118947;1029.85;;343.33
7.72008;1029.73;0.188405;1029.92;;343.33
7.73008;1029.73;0.125782;1029.86;;343.33
7.74008;1029.73;-0.00617554;1029.72;;343.33
7.75008;1029.73;0.071095;1029.8;;343.33
7.76008;1029.73;-0.102001;1029.63;;343.33
7.77008;1029.73;-0.0230212;1029.71;;343.33
7.78008;1029.73;-0.0376697;1029.69;;343.33
7.79008;1029.73;-0.0227771;1029.71;;343.33
7.80008;1029.73;-0.00348999;1029.73;;343.33
7.81008;1029.73;-0.0840564;1029.65;;343.33
7.82008;1029.73;-0.093822;1029.64;;343.33
7.83008;1029.73;-0.0475574;1029.68;;343.33
7.84008;1029.73;-0.0982166;1029.63;;343.33
7.85008;1029.73;0.0605969;1029.79;;343.33
7.86009;1029.73;0.119923;1029.85;;343.33
7.87009;1029.73;0.0386243;1029.77;;343.33
7.88009;1029.73;0.249928;1029.98;;343.33
7.89009;1029.73;0.057301;1029.79;;343.33
7.90009;1029.73;0.207325;1029.94;;343.33
7.91009;1029.73;0.207936;1029.94;;343.33
7.92009;1029.73;0.287281;1030.02;;343.33
7.93009;1029.73;0.156178;1029.89;;343.33
7.94009;1029.73;0.15923;1029.89;;343.33
7.95009;1029.73;0.119191;1029.85;;343.33
7.96009;1029.73;0.0457043;1029.78;;343.33
7.97009;1029.73;0.236989;1029.97;;343.33
7.98009;1029.73;0.243947;1029.97;;343.33
7.99009;1029.73;0.11443;1029.84;;343.33
8.00009;1029.73;0.165089;1029.9;;343.33
8.01009;1029.73;0.186329;1029.92;;343.33
8.02009;1029.73;0.176442;1029.91;;343.33
8.03009;1029.73;-0.0973621;1029.63;;343.33
8.04009;1029.73;0.0643811;1029.79;;343.33
8.05009;1029.73;0.0535168;1029.78;;343.33
8.06009;1029.73;0.0541272;1029.78;;343.33
8.07009;1029.73;-0.13557;1029.59;;343.33
8.08009;1029.73;-0.163768;1029.57;;343.33
8.09009;1029.73;-0.126903;1029.6;;343.33
8.10009;1029.73;0.0787854;1029.81;;343.33
8.11009;1029.73;-0.136302;1029.59;;343.33
8.12009;1029.73;0.00981567;1029.74;;343.33
8.13009;1029.73;-0.0332751;1029.7;;343.33
8.14009;1029.73;-0.053905;1029.68;;343.33
8.15009;1029.73;0.034718;1029.76;;343.33
8.16009;1029.73;0.0400891;1029.77;;343.33
8.17009;1029.73;0.248585;1029.98;;343.33
8.18009;1029.73;0.28777;1030.02;;343.33
8.19009;1029.73;0.133229;1029.86;;343.33
8.20009;1029.73;0.137013;1029.87;;343.33
8.21009;1029.73;0.172535;1029.9;;343.33
8.22009;1029.73;0.203175;1029.93;;343.33
8.23009;1029.73;0.248585;1029.98;;343.33
8.24009;1029.73;0.235402;1029.97;;343.33
8.25009;1029.73;0.0887952;1029.82;;343.33
8.26009;1029.73;0.00981567;1029.74;;343.33
8.27009;1029.73;0.097218;1029.83;;343.33
8.28009;1029.73;0.0640149;1029.79;;343.33
8.29009;1029.73;0.08672;1029.82;;343.33
8.30009;1029.73;0.168141;1029.9;;343.33
8.31009;1029.73;-0.174388;1029.56;;343.33
8.3201;1029.73;-0.16743;1029.56;;343.33
8.3301;1029.73;-0.0703845;1029.66;;343.33
8.3401;1029.73;-0.180858;1029.55;;343.33
8.3501;1029.73;-0.15559;1029.57;;343.33
8.3601;1029.73;0.0562024;1029.79;;343.33
8.3701;1029.73;-0.0526843;1029.68;;343.33
8.3801;1029.73;0.0262952;1029.76;;343.33
8.3901;1029.73;-0.0108142;1029.72;;343.33
8.4001;1029.73;-0.0940662;1029.64;;343.33
8.4101;1029.73;-0.0321765;1029.7;;343.33
8.4201;1029.73;0.100026;1029.83;;343.33
8.4301;1029.73;0.364918;1030.09;;343.33
8.4401;1029.73;0.164479;1029.89;;343.33
8.4501;1029.73;0.150929;1029.88;;343.33
8.4601;1029.73;0.0983167;1029.83;;343.33
8.4701;1029.73;0.0844006;1029.81;;343.33
8.4801;1029.73;0.0840344;1029.81;;343.33
8.4901;1029.73;0.207325;1029.94;;343.33
8.5001;1029.73;0.213917;1029.94;;343.33
8.5101;1029.73;0.159718;1029.89;;343.33
8.5201;1029.73;0.0635266;1029.79;;343.33
8.5301;1029.73;0.0582776;1029.79;;343.33
8.5401;1029.73;0.227223;1029.96;;343.33
8.5501;1029.73;0.0927014;1029.82;;343.33
8.5601;1029.73;0.111378;1029.84;;343.33
8.5701;1029.73;0.033009;1029.76;;343.33
8.5801;1029.73;-0.128978;1029.6;;343.33
8.5901;1029.73;-0.0708728;1029.66;;343.33
8.6001;1029.73;-0.136913;1029.59;;343.33
8.6101;1029.73;-0.138988;1029.59;;343.33
8.6201;1029.73;-0.16621;1029.56;;343.33
8.6301;1029.73;-0.0177722;1029.71;;343.33
8.6401;1029.73;-0.143871;1029.59;;343.33
8.6501;1029.73;-0.244213;1029.49;;343.33
8.6601;1029.73;-0.0344958;1029.7;;343.33
8.6701;1029.73;0.0837903;1029.81;;343.33
8.6801;1029.73;0.117115;1029.85;;343.33
8.6901;1029.73;0.0718274;1029.8;;343.33
8.7001;1029.73;0.0115247;1029.74;;343.33
8.7101;1029.73;0.115529;1029.85;;343.33
8.7201;1029.73;0.187306;1029.92;;343.33
8.7301;1029.73;0.248341;1029.98;;343.33
8.7401;1029.73;0.225392;1029.96;;343.33
8.7501;1029.73;0.304493;1030.03;;343.33
8.76011;1029.73;0.116505;1029.85;;343.33
8.77011;1029.73;0.161427;1029.89;;343.33
8.78011;1029.73;0.0826917;1029.81;;343.33
8.79011;1029.73;0.119923;1029.85;;343.33
8.80011;1029.73;0.27837;1030.01;;343.33
8.81011;1029.73;0.261525;1029.99;;343.33
8.82011;1029.73;0.209889;1029.94;;343.33
8.83011;1029.73;0.0618176;1029.79;;343.33
8.84011;1029.73;0.0690198;1029.8;;343.33
8.85011;1029.73;-0.00117065;1029.73;;343.33
8.86011;1029.73;-0.0622058;1029.67;;343.33
8.87011;1029.73;-0.141674;1029.59;;343.33
8.88011;1029.73;-0.144969;1029.58;;343.33
8.89011;1029.73;-0.151073;1029.58;;343.33
8.90011;1029.73;-0.140697;1029.59;;343.33
8.91011;1029.73;-0.0796619;1029.65;;343.33
8.92011;1029.73;0.0193372;1029.75;;343.33
8.93011;1029.73;0.0149426;1029.74;;343.33
8.94011;1029.73;0.168629;1029.9;;343.33
8.95011;1029.73;0.0984387;1029.83;;343.33
8.96011;1029.73;0.0182385;1029.75;;343.33
8.97011;1029.73;-0.00678589;1029.72;;343.33
8.98011;1029.73;-0.0100818;1029.72;;343.33
8.99011;1029.73;0.0767102;1029.81;;343.33
9.00011;1029.73;0.224537;1029.95;;343.33
9.01011;1029.73;0.141041;1029.87;;343.33
9.02011;1029.73;0.262623;1029.99;;343.33
9.03011;1029.73;0.0543713;1029.78;;343.33
9.04011;1029.73;0.0458264;1029.78;;343.33
9.05011;1029.73;0.145192;1029.88;;343.33
9.06011;1029.73;0.259083;1029.99;;343.33
9.07011;1029.73;0.114674;1029.84;;343.33
9.08011;1029.73;0.144093;1029.87;;343.33
9.09011;1029.73;0.112233;1029.84;;343.33
9.10011;1029.73;0.183888;1029.91;;343.33
9.11011;1029.73;0.0870862;1029.82;;343.33
9.12011;1029.73;0.118947;1029.85;;343.33
9.13011;1029.73;0.0126233;1029.74;;343.33
9.14011;1029.73;-0.0705066;1029.66;;343.33
9.15011;1029.73;-0.0584216;1029.67;;343.33
9.16011;1029.73;-0.0725818;1029.66;;343.33
9.17011;1029.73;-0.0645251;1029.67;;343.33
9.18011;1029.73;0.102711;1029.83;;343.33
9.19011;1029.73;0.0458264;1029.78;;343.33
9.20012;1029.73;0.00151489;1029.73;;343.33
9.21012;1029.73;0.08672;1029.82;;343.33
9.22012;1029.73;-0.0499988;1029.68;;343.33
9.23012;1029.73;0.0239758;1029.75;;343.33
9.24012;1029.73;0.126027;1029.86;;343.33
9.25012;1029.73;0.250294;1029.98;;343.33
9.26012;1029.73;0.160328;1029.89;;343.33
9.27012;1029.73;0.143116;1029.87;;343.33
9.28012;1029.73;0.0569348;1029.79;;343.33
9.29012;1029.73;0.110035;1029.84;;343.33
9.30012;1029.73;0.146901;1029.88;;343.33
9.31012;1029.73;0.215382;1029.95;;343.33
9.32012;1029.73;0.221974;1029.95;;343.33
9.33012;1029.73;0.168629;1029.9;;343.33
9.34012;1029.73;0.142018;1029.87;;343.33
9.35012;1029.73;-0.000316162;1029.73;;343.33
9.36012;1029.73;0.14922;1029.88;;343.33
9.37012;1029.73;0.131642;1029.86;;343.33
9.38012;1029.73;0.201588;1029.93;;343.33
9.39012;1029.73;0.143605;1029.87;;343.33
9.40012;1029.73;-0.0731921;1029.66;;343.33
9.41012;1029.73;-0.0299792;1029.7;;343.33
9.42012;1029.73;-0.115062;1029.61;;343.33
9.43012;1029.73;-0.0166736;1029.71;;343.33
9.44012;1029.73;-0.0572009;1029.67;;343.33
9.45012;1029.73;-0.06599;1029.66;;343.33
9.46012;1029.73;-0.0211902;1029.71;;343.33
9.47012;1029.73;-0.00410034;1029.73;;343.33
9.48012;1029.73;0.0217786;1029.75;;343.33
9.49012;1029.73;0.0767102;1029.81;;343.33
9.50012;1029.73;-0.103954;1029.63;;343.33
9.51012;1029.73;0.0529065;1029.78;;343.33
9.52012;1029.73;0.186329;1029.92;;343.33
9.53012;1029.73;0.183033;1029.91;;343.33
9.54012;1029.73;0.048512;1029.78;;343.33
9.55012;1029.73;0.168995;1029.9;;343.33
9.56012;1029.73;0.184132;1029.91;;343.33
9.57012;1029.73;0.163014;1029.89;;343.33
9.58012;1029.73;0.14922;1029.88;;343.33
9.59012;1029.73;0.115773;1029.85;;343.33
9.60012;1029.73;0.117726;1029.85;;343.33
9.61012;1029.73;0.155323;1029.89;;343.33
9.62012;1029.73;0.0938;1029.82;;343.33
9.63013;1029.73;0.119923;1029.85;;343.33
9.64013;1029.73;0.245533;1029.98;;343.33
9.65013;1029.73;0.105275;1029.84;;343.33
9.66013;1029.73;-0.11787;1029.61;;343.33
9.67013;1029.73;0.0198254;1029.75;;343.33
9.68013;1029.73;0.0018811;1029.73;;343.33
9.69013;1029.73;-0.0829578;1029.65;;343.33
9.70013;1029.73;-0.0128894;1029.72;;343.33
9.71013;1029.73;-0.10139;1029.63;;343.33
9.72013;1029.73;-0.0962634;1029.63;;343.33
9.73013;1029.73;-0.105907;1029.62;;343.33
9.74013;1029.73;-0.173778;1029.56;;343.33
9.75013;1029.73;-0.12849;1029.6;;343.33
9.76013;1029.73;-0.110912;1029.62;;343.33
9.77013;1029.73;-0.0896716;1029.64;;343.33
9.78013;1029.73;0.0524182;1029.78;;343.33
9.79013;1029.73;0.0472913;1029.78;;343.33
9.80013;1029.73;0.0651135;1029.8;;343.33
9.81013;1029.73;0.257008;1029.99;;343.33
9.82013;1029.73;0.312184;1030.04;;343.33
9.83013;1029.73;0.137501;1029.87;;343.33
9.84013;1029.73;0.118336;1029.85;;343.33
9.85013;1029.73;0.127491;1029.86;;343.33
9.86013;1029.73;0.0667004;1029.8;;343.33
9.87013;1029.73;0.109791;1029.84;;343.33
9.88013;1029.73;0.128712;1029.86;;343.33
9.89013;1029.73;0.222584;1029.95;;343.33
9.90013;1029.73;0.0894055;1029.82;;343.33
9.91013;1029.73;0.133107;1029.86;;343.33
9.92013;1029.73;0.10674;1029.84;;343.33
9.93013;1029.73;0.235524;1029.97;;343.33
9.94013;1029.73;0.171925;1029.9;;343.33
9.95013;1029.73;-0.144481;1029.59;;343.33
9.96013;1029.73;-0.131908;1029.6;;343.33
9.97013;1029.73;-0.0963855;1029.63;;343.33
9.98013;1029.73;-0.201122;1029.53;;343.33
9.99013;1029.73;-0.232494;1029.5;;343.33
10.0001;1029.73;-0.0913806;1029.64;;343.33
10.0101;1029.73;-0.00300171;1029.73;;343.33
10.0201;1029.73;-0.102611;1029.63;;343.33
10.0301;1029.73;0.010304;1029.74;;343.33
10.0401;1029.73;-0.0794177;1029.65;;343.33
10.0501;1029.73;0.0508313;1029.78;;343.33
10.0601;1029.73;0.0900159;1029.82;;343.33
10.0701;1029.73;0.13152;1029.86;;343.33
10.0801;1029.73;0.102223;1029.83;;343.33
10.0901;1029.73;0.128224;1029.86;;343.33
10.1001;1029.73;0.139088;1029.87;;343.33
10.1101;1029.73;0.13274;1029.86;;343.33
10.1201;1029.73;0.163136;1029.89;;343.33
10.1301;1029.73;0.214406;1029.94;;343.33
10.1401;1029.73;0.177296;1029.91;;343.33
10.1501;1029.73;-0.0445056;1029.69;;343.33
10.1601;1029.73;0.136036;1029.87;;343.33
10.1701;1029.73;0.103322;1029.83;;343.33
10.1801;1029.73;0.280812;1030.01;;343.33
10.1901;1029.73;0.121022;1029.85;;343.33
10.2001;1029.73;-0.055614;1029.67;;343.33
10.2101;1029.73;0.100514;1029.83;;343.33
10.2201;1029.73;-0.0739246;1029.66;;343.33
10.2301;1029.73;-0.119091;1029.61;;343.33
10.2401;1029.73;-0.218212;1029.51;;343.33
10.2501;1029.73;-0.146678;1029.58;;343.33
10.2601;1029.73;-0.0811267;1029.65;;343.33
10.2701;1029.73;-0.135326;1029.59;;343.33
10.2801;1029.73;-0.178783;1029.55;;343.33
10.2901;1029.73;0.0148206;1029.74;;343.33
10.3001;1029.73;-0.0907703;1029.64;;343.33
10.3101;1029.73;0.00688599;1029.74;;343.33
10.3201;1029.73;-0.0575671;1029.67;;343.33
10.3301;1029.73;0.196583;1029.93;;343.33
10.3401;1029.73;0.202321;1029.93;;343.33
10.3501;1029.73;0.110646;1029.84;;343.33
10.3601;1029.73;0.113087;1029.84;;343.33
10.3701;1029.73;0.0945325;1029.82;;343.33
10.3801;1029.73;0.186818;1029.92;;343.33
10.3901;1029.73;0.236622;1029.97;;343.33
10.4001;1029.73;0.113087;1029.84;;343.33
10.4101;1029.73;-0.0717273;1029.66;;343.33
10.4201;1029.73;-0.0266833;1029.7;;343.33
10.4301;1029.73;0.098927;1029.83;;343.33
10.4401;1029.73;0.0154309;1029.75;;343.33
10.4501;1029.73;0.138478;1029.87;;343.33
10.4601;1029.73;-0.0819812;1029.65;;343.33
10.4701;1029.73;-0.0789294;1029.65;;343.33
10.4801;1029.73;0.0740247;1029.8;;343.33
10.4901;1029.73;-0.229686;1029.5;;343.33
10.5001;1029.73;-0.00361206;1029.73;;343.33
10.5101;1029.73;-0.0105701;1029.72;;343.33
10.5201;1029.73;-0.0844226;1029.65;;343.33
10.5301;1029.73;-0.223583;1029.51;;343.33
10.5401;1029.73;-0.250682;1029.48;;343.33
10.5501;1029.73;-0.193187;1029.54;;343.33
10.5601;1029.73;-0.10078;1029.63;;343.33
10.5701;1029.73;-0.257885;1029.47;;343.33
10.5801;1029.73;-0.0586658;1029.67;;343.33
10.5901;1029.73;-0.0529285;1029.68;;343.33
10.6001;1029.73;-0.0869861;1029.64;;343.33
10.6101;1029.73;0.0475354;1029.78;;343.33
10.6201;1029.73;0.0295911;1029.76;;343.33
10.6301;1029.73;0.263234;1029.99;;343.33
10.6401;1029.73;0.255299;1029.99;;343.33
10.6501;1029.73;0.15691;1029.89;;343.33
10.6601;1029.73;0.0239758;1029.75;;343.33
10.6701;1029.73;-0.0445056;1029.69;;343.33
10.6801;1029.73;0.172413;1029.9;;343.33
10.6901;1029.73;0.108937;1029.84;;343.33
10.7001;1029.73;0.200245;1029.93;;343.33
10.7101;1029.73;-0.115673;1029.61;;343.33
10.7201;1029.73;0.211842;1029.94;;343.33
10.7302;1029.73;0.105641;1029.84;;343.33
10.7402;1029.73;0.00468872;1029.73;;343.33
10.7502;1029.73;0.0616956;1029.79;;343.33
10.7602;1029.73;0.159718;1029.89;;343.33
10.7702;1029.73;0.0662122;1029.8;;343.33
10.7802;1029.73;-0.174266;1029.56;;343.33
10.7902;1029.73;-0.222118;1029.51;;343.33
10.8002;1029.73;-0.131176;1029.6;;343.33
10.8102;1029.73;-0.0443835;1029.69;;343.33
10.8202;1029.73;-0.183788;1029.55;;343.33
10.8302;1029.73;-0.113353;1029.62;;343.33
10.8402;1029.73;-0.119579;1029.61;;343.33
10.8502;1029.73;-0.069408;1029.66;;343.33
10.8602;1029.73;-0.0257068;1029.7;;343.33
10.8702;1029.73;-0.078197;1029.65;;343.33
10.8802;1029.73;0.187428;1029.92;;343.33
10.8902;1029.73;0.213429;1029.94;;343.33
10.9002;1029.73;0.197682;1029.93;;343.33
10.9102;1029.73;0.190846;1029.92;;343.33
10.9202;1029.73;0.241627;1029.97;;343.33
10.9302;1029.73;0.0558362;1029.79;;343.33
10.9402;1029.73;0.135792;1029.87;;343.33
10.9502;1029.73;0.285084;1030.02;;343.33
10.9602;1029.73;0.226124;1029.96;;343.33
10.9702;1029.73;0.0740247;1029.8;;343.33
10.9802;1029.73;0.0696301;1029.8;;343.33
10.9902;1029.73;0.0696301;1029.8;;343.33
11.0002;1029.73;0.162892;1029.89;;343.33
11.0102;1029.73;0.0449719;1029.77;;343.33
11.0202;1029.73;-0.123485;1029.61;;343.33
11.0302;1029.73;0.0646252;1029.79;;343.33
11.0402;1029.73;-0.110912;1029.62;;343.33
11.0502;1029.73;-0.0719714;1029.66;;343.33
11.0602;1029.73;-0.0460925;1029.68;;343.33
11.0702;1029.73;-0.136302;1029.59;;343.33
11.0802;1029.73;-0.0946765;1029.64;;343.33
11.0902;1029.73;-0.138866;1029.59;;343.33
11.1002;1029.73;-0.150463;1029.58;;343.33
11.1102;1029.73;-0.138011;1029.59;;343.33
11.1202;1029.73;-0.218822;1029.51;;343.33
11.1302;1029.73;-0.0499988;1029.68;;343.33
11.1402;1029.73;-0.147411;1029.58;;343.33
11.1502;1029.73;-0.015575;1029.71;;343.33
11.1602;1029.73;0.147877;1029.88;;343.33
11.1702;1029.73;0.138722;1029.87;;343.33
11.1802;1029.73;0.110646;1029.84;;343.33
11.1902;1029.73;0.268239;1030;;343.33
11.2002;1029.73;0.209034;1029.94;;343.33
11.2102;1029.73;0.111622;1029.84;;343.33
11.2202;1029.73;0.141041;1029.87;;343.33
11.2302;1029.73;-0.00532104;1029.72;;343.33
11.2402;1029.73;0.10149;1029.83;;343.33
11.2502;1029.73;0.0897717;1029.82;;343.33
11.2602;1029.73;0.262013;1029.99;;343.33
11.2702;1029.73;0.12859;1029.86;;343.33
11.2802;1029.73;0.222584;1029.95;;343.33
11.2902;1029.73;0.117604;1029.85;;343.33
11.3002;1029.73;0.0323987;1029.76;;343.33
11.3102;1029.73;0.168507;1029.9;;343.33
11.3202;1029.73;0.153126;1029.88;;343.33
11.3302;1029.73;-0.0324207;1029.7;;343.33
11.3402;1029.73;-0.140453;1029.59;;343.33
11.3502;1029.73;-0.189159;1029.54;;343.33
11.3602;1029.73;-0.26118;1029.47;;343.33
11.3702;1029.73;-0.15681;1029.57;;343.33
11.3802;1029.73;-0.194774;1029.54;;343.33
11.3902;1029.73;-0.0471912;1029.68;;343.33
11.4002;1029.73;-0.0634265;1029.67;;343.33
11.4102;1029.73;-0.0620837;1029.67;;343.33
11.4202;1029.73;-0.0550037;1029.67;;343.33
11.4302;1029.73;0.0463147;1029.78;;343.33
11.4402;1029.73;0.0629163;1029.79;;343.33
11.4502;1029.73;0.071217;1029.8;;343.33
11.4602;1029.73;0.0933118;1029.82;;343.33
11.4702;1029.73;0.236622;1029.97;;343.33
11.4802;1029.73;0.147511;1029.88;;343.33
11.4902;1029.73;0.0337415;1029.76;;343.33
11.5002;1029.73;0.0817151;1029.81;;343.33
11.5102;1029.73;0.281788;1030.01;;343.33
11.5202;1029.73;0.164845;1029.89;;343.33
11.5302;1029.73;0.0162854;1029.75;;343.33
11.5402;1029.73;0.195607;1029.93;;343.33
11.5502;1029.73;0.180226;1029.91;;343.33
11.5602;1029.73;0.169484;1029.9;;343.33
11.5702;1029.73;0.141774;1029.87;;343.33
11.5802;1029.73;0.11443;1029.84;;343.33
11.5902;1029.73;-0.0744128;1029.66;;343.33
11.6002;1029.73;-0.052196;1029.68;;343.33
11.6102;1029.73;-0.158885;1029.57;;343.33
11.6202;1029.73;-0.143871;1029.59;;343.33
11.6302;1029.73;-0.0742908;1029.66;;343.33
11.6402;1029.73;-0.0299792;1029.7;;343.33
11.6502;1029.73;-0.16743;1029.56;;343.33
11.6602;1029.73;-0.0144763;1029.72;;343.33
11.6702;1029.73;-0.0392566;1029.69;;343.33
11.6802;1029.73;0.0209241;1029.75;;343.33
11.6902;1029.73;-0.117382;1029.61;;343.33
11.7002;1029.73;0.215992;1029.95;;343.33
11.7102;1029.73;0.0430188;1029.77;;343.33
11.7202;1029.73;0.133717;1029.86;;343.33
11.7302;1029.73;0.0298352;1029.76;;343.33
11.7402;1029.73;0.129323;1029.86;;343.33
11.7502;1029.73;0.175709;1029.91;;343.33
11.7602;1029.73;0.0889172;1029.82;;343.33
11.7702;1029.73;0.117604;1029.85;;343.33
11.7802;1029.73;0.181202;1029.91;;343.33
11.7902;1029.73;0.154103;1029.88;;343.33
11.8002;1029.73;0.00981567;1029.74;;343.33
11.8102;1029.73;0.100636;1029.83;;343.33
11.8202;1029.73;0.125416;1029.86;;343.33
11.8302;1029.73;0.178029;1029.91;;343.33
11.8402;1029.73;-0.0117908;1029.72;;343.33
11.8502;1029.73;-0.115673;1029.61;;343.33
11.8602;1029.73;0.0109143;1029.74;;343.33
11.8702;1029.73;-0.112377;1029.62;;343.33
11.8802;1029.73;-0.0393787;1029.69;;343.33
11.8902;1029.73;-0.0586658;1029.67;;343.33
11.9002;1029.73;-0.0476794;1029.68;;343.33
11.9102;1029.73;-0.119091;1029.61;;343.33
11.9202;1029.73;-0.27412;1029.46;;343.33
11.9302;1029.73;-0.183788;1029.55;;343.33
11.9402;1029.73;-0.125682;1029.6;;343.33
11.9502;1029.73;0.0967297;1029.83;;343.33
11.9602;1029.73;0.0278821;1029.76;;343.33
11.9702;1029.73;0.0588879;1029.79;;343.33
11.9802;1029.73;0.155812;1029.89;;343.33
11.9902;1029.73;0.118092;1029.85;;343.33
12.0002;1029.73;0.0857434;1029.82;;343.33
12.0102;1029.73;0.127491;1029.86;;343.33
12.0202;1029.73;0.168629;1029.9;;343.33
12.0302;1029.73;0.237721;1029.97;;343.33
12.0402;1029.73;0.147511;1029.88;;343.33
12.0502;1029.73;0.0516858;1029.78;;343.33
12.0602;1029.73;0.208912;1029.94;;343.33
12.0702;1029.73;0.0917249;1029.82;;343.33
12.0802;1029.73;0.0154309;1029.75;;343.33
12.0902;1029.73;0.242726;1029.97;;343.33
12.1002;1029.73;0.0807385;1029.81;;343.33
12.1102;1029.73;0.0723157;1029.8;;343.33
12.1202;1029.73;0.0278821;1029.76;;343.33
12.1302;1029.73;-0.0133777;1029.72;;343.33
12.1402;1029.73;-0.0779529;1029.65;;343.33
12.1502;1029.73;-0.00617554;1029.72;;343.33
12.1602;1029.73;-0.185375;1029.54;;343.33
12.1702;1029.73;-0.165721;1029.56;;343.33
12.1802;1029.73;-0.176586;1029.55;;343.33
12.1902;1029.73;-0.183177;1029.55;;343.33
12.2002;1029.73;-0.062572;1029.67;;343.33
12.2102;1029.73;-0.00947144;1029.72;;343.33
12.2202;1029.73;0.00297974;1029.73;;343.33
12.2302;1029.73;-0.015575;1029.71;;343.33
12.2402;1029.73;-0.0274158;1029.7;;343.33
12.2502;1029.73;-0.0332751;1029.7;;343.33
12.2602;1029.73;0.0920911;1029.82;;343.33
12.2702;1029.73;0.118336;1029.85;;343.33
12.2802;1029.73;0.211232;1029.94;;343.33
12.2902;1029.73;0.0646252;1029.79;;343.33
12.3002;1029.73;0.0967297;1029.83;;343.33
12.3102;1029.73;0.0322766;1029.76;;343.33
12.3202;1029.73;0.232106;1029.96;;343.33
12.3302;1029.73;0.048512;1029.78;;343.33
12.3402;1029.73;0.15691;1029.89;;343.33
12.3502;1029.73;0.0192151;1029.75;;343.33
12.3602;1029.73;0.108937;1029.84;;343.33
12.3702;1029.73;-0.0858875;1029.64;;343.33
12.3802;1029.73;0.0522961;1029.78;;343.33
12.3902;1029.73;0.122609;1029.85;;343.33
12.4002;1029.73;-7.20215e-05;1029.73;;343.33
12.4102;1029.73;-0.00947144;1029.72;;343.33
12.4202;1029.73;-0.272899;1029.46;;343.33
12.4302;1029.73;-0.132762;1029.6;;343.33
12.4402;1029.73;-0.0879626;1029.64;;343.33
12.4502;1029.73;-0.0343738;1029.7;;343.33
12.4602;1029.73;0.00529907;1029.74;;343.33
12.4702;1029.73;-0.270824;1029.46;;343.33
12.4802;1029.73;-0.166454;1029.56;;343.33
12.4902;1029.73;0.0463147;1029.78;;343.33
12.5002;1029.73;0.145924;1029.88;;343.33
12.5102;1029.73;0.0575452;1029.79;;343.33
12.5202;1029.73;0.0273938;1029.76;;343.33
12.5302;1029.73;0.123829;1029.85;;343.33
12.5402;1029.73;0.213429;1029.94;;343.33
12.5502;1029.73;0.108937;1029.84;;343.33
12.5602;1029.73;-0.00458862;1029.73;;343.33
12.5702;1029.73;0.071217;1029.8;;343.33
12.5802;1029.73;0.199879;1029.93;;343.33
12.5902;1029.73;0.0422864;1029.77;;343.33
12.6002;1029.73;0.147511;1029.88;;343.33
12.6102;1029.73;0.0358167;1029.77;;343.33
12.6202;1029.73;0.0881848;1029.82;;343.33
12.6302;1029.73;0.129323;1029.86;;343.33
12.6402;1029.73;0.162037;1029.89;;343.33
12.6502;1029.73;0.214283;1029.94;;343.33
12.6602;1029.73;0.0239758;1029.75;;343.33
12.6702;1029.73;0.0187268;1029.75;;343.33
12.6802;1029.73;-0.0405994;1029.69;;343.33
12.6902;1029.73;-0.0603748;1029.67;;343.33
12.7002;1029.73;-0.0879626;1029.64;;343.33
12.7102;1029.73;-0.130199;1029.6;;343.33
12.7202;1029.73;-0.0437732;1029.69;;343.33
12.7302;1029.73;-0.10078;1029.63;;343.33
12.7402;1029.73;-0.133983;1029.6;;343.33
12.7502;1029.73;-0.099071;1029.63;;343.33
12.7602;1029.73;0.0142102;1029.74;;343.33
12.7702;1029.73;0.00859497;1029.74;;343.33
12.7802;1029.73;-0.0456042;1029.68;;343.33
12.7902;1029.73;0.0314221;1029.76;;343.33
12.8002;1029.73;0.166676;1029.9;;343.33
12.8102;1029.73;0.169117;1029.9;;343.33
12.8202;1029.73;0.0773206;1029.81;;343.33
12.8302;1029.73;0.193043;1029.92;;343.33
12.8402;1029.73;0.272511;1030;;343.33
12.8502;1029.73;0.123585;1029.85;;343.33
12.8602;1029.73;0.134816;1029.86;;343.33
12.8702;1029.73;0.159718;1029.89;;343.33
12.8802;1029.73;0.198292;1029.93;;343.33
12.8902;1029.73;0.0723157;1029.8;;343.33
12.9002;1029.73;0.0519299;1029.78;;343.33
12.9102;1029.73;0.118947;1029.85;;343.33
12.9202;1029.73;0.113087;1029.84;;343.33
12.9302;1029.73;-0.0437732;1029.69;;343.33
12.9402;1029.73;-0.0117908;1029.72;;343.33
12.9502;1029.73;0.0236096;1029.75;;343.33
12.9602;1029.73;-0.0188708;1029.71;;343.33
12.9702;1029.73;-0.111278;1029.62;;343.33
12.9802;1029.73;-0.0923572;1029.64;;343.33
12.9902;1029.73;-0.133495;1029.6;;343.33
13.0002;1029.73;-0.250072;1029.48;;343.33
13.0102;1029.73;-0.0534167;1029.68;;343.33
13.0202;1029.73;-0.192699;1029.54;;343.33
13.0302;1029.73;0.123829;1029.85;;343.33
13.0402;1029.73;0.078175;1029.81;;343.33
13.0502;1029.73;0.0206799;1029.75;;343.33
13.0602;1029.73;0.0656018;1029.8;;343.33
13.0702;1029.73;0.125172;1029.86;;343.33
13.0802;1029.73;0.0994153;1029.83;;343.33
13.0902;1029.73;0.203297;1029.93;;343.33
13.1002;1029.73;0.118092;1029.85;;343.33
13.1102;1029.73;0.161915;1029.89;;343.33
13.1202;1029.73;0.0593762;1029.79;;343.33
13.1302;1029.73;0.076344;1029.81;;343.33
13.1402;1029.73;0.131398;1029.86;;343.33
13.1502;1029.73;0.14983;1029.88;;343.33
13.1602;1029.73;0.043385;1029.77;;343.33
13.1702;1029.73;0.0734143;1029.8;;343.33
13.1802;1029.73;0.095387;1029.83;;343.33
13.1902;1029.73;-0.0829578;1029.65;;343.33
13.2002;1029.73;0.189381;1029.92;;343.33
13.2102;1029.73;-0.0802722;1029.65;;343.33
13.2202;1029.73;0.0762219;1029.81;;343.33
13.2302;1029.73;0.0760999;1029.81;;343.33
13.2402;1029.73;-0.0580554;1029.67;;343.33
13.2502;1029.73;-0.214183;1029.52;;343.33
13.2602;1029.73;-0.00605347;1029.72;;343.33
13.2702;1029.73;-0.0499988;1029.68;;343.33
13.2802;1029.73;-0.184154;1029.55;;343.33
13.2902;1029.73;-0.0969958;1029.63;;343.33
13.3002;1029.73;-0.148754;1029.58;;343.33
13.3102;1029.73;-0.0689197;1029.66;;343.33
13.3202;1029.73;-0.0144763;1029.72;;343.33
13.3302;1029.73;0.0751233;1029.81;;343.33
13.3402;1029.73;0.213429;1029.94;;343.33
13.3502;1029.73;0.0927014;1029.82;;343.33
13.3602;1029.73;0.139088;1029.87;;343.33
13.3702;1029.73;0.201588;1029.93;;343.33
13.3802;1029.73;0.162526;1029.89;;343.33
13.3902;1029.73;0.286427;1030.02;;343.33
13.4002;1029.73;0.303639;1030.03;;343.33
13.4102;1029.73;0.224904;1029.95;;343.33
13.4202;1029.73;0.0378918;1029.77;;343.33
13.4302;1029.73;0.231129;1029.96;;343.33
13.4402;1029.73;0.107228;1029.84;;343.33
13.4502;1029.73;0.0543713;1029.78;;343.33
13.4602;1029.73;0.0723157;1029.8;;343.33
13.4702;1029.73;0.133473;1029.86;;343.33
13.4802;1029.73;0.180592;1029.91;;343.33
13.4902;1029.73;-0.069408;1029.66;;343.33
13.5002;1029.73;0.036427;1029.77;;343.33
13.5102;1029.73;-0.175365;1029.55;;343.33
13.5202;1029.73;0.0616956;1029.79;;343.33
13.5302;1029.73;-0.167919;1029.56;;343.33
13.5402;1029.73;-0.124584;1029.61;;343.33
13.5502;1029.73;-0.00348999;1029.73;;343.33
13.5602;1029.73;0.0933118;1029.82;;343.33
13.5702;1029.73;-0.122875;1029.61;;343.33
13.5802;1029.73;0.0232434;1029.75;;343.33
13.5902;1029.73;0.12151;1029.85;;343.33
13.6002;1029.73;0.022511;1029.75;;343.33
13.6102;1029.73;0.0582776;1029.79;;343.33
13.6202;1029.73;0.102223;1029.83;;343.33
13.6302;1029.73;0.215138;1029.95;;343.33
13.6402;1029.73;0.341115;1030.07;;343.33
13.6502;1029.73;0.328907;1030.06;;343.33
13.6602;1029.73;0.257618;1029.99;;343.33
13.6702;1029.73;0.182911;1029.91;;343.33
13.6802;1029.73;0.250782;1029.98;;343.33
13.6902;1029.73;0.223317;1029.95;;343.33
13.7002;1029.73;0.312184;1030.04;;343.33
13.7102;1029.73;0.224904;1029.95;;343.33
13.7202;1029.73;0.338429;1030.07;;343.33
13.7302;1029.73;0.282643;1030.01;;343.33
13.7402;1029.73;0.0304456;1029.76;;343.33
13.7502;1029.73;0.036427;1029.77;;343.33
13.7602;1029.73;0.0549817;1029.78;;343.33
13.7702;1029.73;0.136647;1029.87;;343.33
13.7802;1029.73;-0.00776245;1029.72;;343.33
13.7902;1029.73;-0.0305896;1029.7;;343.33
13.8002;1029.73;-0.119091;1029.61;;343.33
13.8102;1029.73;-0.06599;1029.66;;343.33
13.8202;1029.73;-0.102367;1029.63;;343.33
13.8302;1029.73;-0.0703845;1029.66;;343.33
13.8402;1029.73;0.0513196;1029.78;;343.33
13.8502;1029.73;-0.0150867;1029.71;;343.33
13.8602;1029.73;0.0187268;1029.75;;343.33
13.8702;1029.73;-0.0653796;1029.66;;343.33
13.8802;1029.73;0.0502209;1029.78;;343.33
13.8902;1029.73;0.074635;1029.8;;343.33
13.9002;1029.73;0.153615;1029.88;;343.33
13.9102;1029.73;0.248341;1029.98;;343.33
13.9202;1029.73;0.22588;1029.96;;343.33
13.9302;1029.73;0.0558362;1029.79;;343.33
13.9402;1029.73;0.0458264;1029.78;;343.33
13.9502;1029.73;0.159718;1029.89;;343.33
13.9602;1029.73;0.173146;1029.9;;343.33
13.9702;1029.73;0.170826;1029.9;;343.33
13.9802;1029.73;0.298634;1030.03;;343.33
13.9902;1029.73;0.111744;1029.84;;343.33
14.0002;1029.73;0.164479;1029.89;;343.33
14.0102;1029.73;0.0820813;1029.81;;343.33
14.0202;1029.73;0.126515;1029.86;;343.33
14.0302;1029.73;0.176198;1029.91;;343.33
14.0402;1029.73;0.184132;1029.91;;343.33
14.0502;1029.73;-0.0661121;1029.66;;343.33
14.0602;1029.73;-0.29829;1029.43;;343.33
14.0702;1029.73;-0.0443835;1029.69;;343.33
14.0802;1029.73;-0.0144763;1029.72;;343.33
14.0902;1029.73;-0.108593;1029.62;;343.33
14.1002;1029.73;-0.0648914;1029.67;;343.33
14.1102;1029.73;-0.0405994;1029.69;;343.33
14.1202;1029.73;-0.0359607;1029.69;;343.33
14.1302;1029.73;-0.099071;1029.63;;343.33
14.1402;1029.73;0.0635266;1029.79;;343.33
14.1502;1029.73;0.095387;1029.83;;343.33
14.1602;1029.73;0.168995;1029.9;;343.33
14.1702;1029.73;0.128346;1029.86;;343.33
14.1802;1029.73;0.0950208;1029.82;;343.33
14.1902;1029.73;0.045094;1029.78;;343.33
14.2002;1029.73;0.1386;1029.87;;343.33
14.2102;1029.73;0.210011;1029.94;;343.33
14.2202;1029.73;0.199147;1029.93;;343.33
14.2302;1029.73;0.171193;1029.9;;343.33
14.2402;1029.73;0.191578;1029.92;;343.33
14.2502;1029.73;0.20757;1029.94;;343.33
14.2602;1029.73;0.115773;1029.85;;343.33
14.2702;1029.73;0.151417;1029.88;;343.33
14.2802;1029.73;0.072926;1029.8;;343.33
14.2902;1029.73;0.113575;1029.84;;343.33
14.3002;1029.73;0.220021;1029.95;;343.33
14.3102;1029.73;0.0978284;1029.83;;343.33
14.3202;1029.73;-0.0811267;1029.65;;343.33
14.3302;1029.73;-0.130809;1029.6;;343.33
14.3402;1029.73;0.0182385;1029.75;;343.33
14.3502;1029.73;-0.090282;1029.64;;343.33
14.3602;1029.73;-0.204784;1029.53;;343.33
14.3702;1029.73;0.0204358;1029.75;;343.33
14.3802;1029.73;-0.143016;1029.59;;343.33
14.3902;1029.73;-0.201488;1029.53;;343.33
14.4002;1029.73;-0.0603748;1029.67;;343.33
14.4102;1029.73;0.0463147;1029.78;;343.33
14.4202;1029.73;0.157521;1029.89;;343.33
14.4302;1029.73;-0.0454822;1029.68;;343.33
14.4402;1029.73;0.0457043;1029.78;;343.33
14.4502;1029.73;0.14861;1029.88;;343.33
14.4602;1029.73;0.251393;1029.98;;343.33
14.4702;1029.73;0.271534;1030;;343.33
14.4802;1029.73;0.11504;1029.84;;343.33
14.4902;1029.73;0.201588;1029.93;;343.33
14.5002;1029.73;0.153615;1029.88;;343.33
14.5102;1029.73;0.0109143;1029.74;;343.33
14.5202;1029.73;0.135182;1029.87;;343.33
14.5302;1029.73;0.0751233;1029.81;;343.33
14.5402;1029.73;0.237111;1029.97;;343.33
14.5502;1029.73;0.260426;1029.99;;343.33
14.5602;1029.73;-0.0359607;1029.69;;343.33
14.5702;1029.73;0.138478;1029.87;;343.33
14.5802;1029.73;0.238209;1029.97;;343.33
14.5902;1029.73;-0.0280261;1029.7;;343.33
14.6002;1029.73;-0.0630603;1029.67;;343.33
14.6102;1029.73;-0.00678589;1029.72;;343.33
14.6202;1029.73;0.0369153;1029.77;;343.33
14.6302;1029.73;-0.126171;1029.6;;343.33
14.6402;1029.73;-0.257274;1029.47;;343.33
14.6502;1029.73;-0.0493884;1029.68;;343.33
14.6602;1029.73;0.173512;1029.9;;343.33
14.6702;1029.73;-0.0689197;1029.66;;343.33
14.6802;1029.73;-0.0586658;1029.67;;343.33
14.6902;1029.73;0.0983167;1029.83;;343.33
14.7002;1029.73;0.036427;1029.77;;343.33
14.7102;1029.73;0.114796;1029.84;;343.33
14.7202;1029.73;0.120778;1029.85;;343.33
14.7302;1029.73;0.220875;1029.95;;343.33
14.7402;1029.73;0.328785;1030.06;;343.33
14.7502;1029.73;0.176442;1029.91;;343.33
14.7602;1029.73;0.250905;1029.98;;343.33
14.7702;1029.73;0.280812;1030.01;;343.33
14.7802;1029.73;0.30547;1030.04;;343.33
14.7902;1029.73;0.165577;1029.9;;343.33
14.8002;1029.73;0.243214;1029.97;;343.33
14.8102;1029.73;0.0917249;1029.82;;343.33
14.8202;1029.73;0.108937;1029.84;;343.33
14.8302;1029.73;0.00639771;1029.74;;343.33
14.8402;1029.73;0.147511;1029.88;;343.33
14.8502;1029.73;0.071095;1029.8;;343.33
14.8602;1029.73;0.11504;1029.84;;343.33
14.8702;1029.73;-0.00202515;1029.73;;343.33
14.8802;1029.73;-0.227977;1029.5;;343.33
14.8902;1029.73;-0.138866;1029.59;;343.33
14.9002;1029.73;-0.055614;1029.67;;343.33
14.9102;1029.73;-0.00898315;1029.72;;343.33
14.9202;1029.73;-0.159496;1029.57;;343.33
14.9302;1029.73;0.00139282;1029.73;;343.33
14.9402;1029.73;-0.0749011;1029.66;;343.33
14.9502;1029.73;-0.0619617;1029.67;;343.33
14.9602;1029.73;0.0651135;1029.8;;343.33
14.9702;1029.73;0.0864758;1029.82;;343.33
14.9802;1029.73;0.0209241;1029.75;;343.33
14.9902;1029.73;0.0508313;1029.78;;343.33
