0;1035.73;-5.90736;1029.82;;2048
0.01;1035.73;-5.87501;1029.85;;2048
0.02;1035.73;-5.80909;1029.92;;2048
0.03;1035.73;-1.06361;1034.67;;2048
0.04;1035.73;7.82665;1043.56;;2048
0.05;1035.73;19.146;1054.88;;2048
0.06;1035.73;30.7327;1066.46;;2048
0.07;1035.73;39.7417;1075.47;;2048
0.08;1035.73;54.9379;1090.67;;2048
0.09;1035.73;64.2038;1099.93;;2048
0.1;1035.73;79.2349;1114.96;;2048
0.11;1035.73;89.3122;1125.04;;2048
0.12;1035.73;99.4034;1135.13;;2048
0.13;1035.73;105.701;1141.43;;2048
0.14;1035.73;119.372;1155.1;;2048
0.15;1035.73;128.53;1164.26;;2048
0.16;1035.73;136.996;1172.73;;2048
0.17;1035.73;153.043;1188.77;;2048
0.18;1035.73;153.199;1188.93;;2048
0.19;1035.73;166.187;1201.92;;2048
0.2;1035.73;168.559;1204.29;;2048
0.21;1035.73;177.8;1213.53;;2048
0.22;1035.73;184.466;1220.19;;2048
0.23;1035.73;190.151;1225.88;;2048
0.24;1035.73;198.057;1233.79;;2048
0.25;1035.73;201.993;1237.72;;2048
0.26;1035.73;213.257;1248.99;;2048
0.27;1035.73;217.091;1252.82;;2048
0.28;1035.73;223.253;1258.98;;2048
0.29;1035.73;227.265;1262.99;;2048
0.3;1035.73;233.453;1269.18;;2048
0.31;1035.73;236.426;1272.15;;2048
0.32;1035.73;244.067;1279.8;;2048
0.33;1035.73;249.838;1285.57;;2048
0.34;1035.73;258.703;1294.43;;2048
0.35;1035.73;263.017;1298.75;;2048
0.36;1035.73;263.745;1299.47;;2048
0.37;1035.73;267.605;1303.33;;2048
0.38;1035.73;277.691;1313.42;;2048
0.39;1035.73;278.905;1314.63;;2048
0.4;1035.73;282.582;1318.31;;2048
0.41;1035.73;285.603;1321.33;;2048
0.42;1035.73;294.422;1330.15;;2048
0.43;1035.73;293.951;1329.68;;2048
0.44;1035.73;299.318;1335.05;;2048
0.45;1035.73;303.336;1339.06;;2048
0.46;1035.73;307.655;1343.38;;2048
0.47;1035.73;310.885;1346.61;;2048
0.48;1035.73;321.103;1356.83;;2048
0.49;1035.73;317.113;1352.84;;2048
0.5;1035.73;323.91;1359.64;;2048
0.51;1035.73;324.699;1360.43;;2048
0.52;1035.73;324.64;1360.37;;2048
0.53;1035.73;330.207;1365.94;;2048
0.54;1035.73;336.925;1372.65;;2048
0.55;1035.73;336.268;1372;;2048
0.56;1035.73;341.082;1376.81;;2048
0.57;1035.73;344.845;1380.57;;2048
0.58;1035.73;348.381;1384.11;;2048
0.59;1035.73;350.204;1385.93;;2048
0.6;1035.73;355.993;1391.72;;2048
0.61;1035.73;354.883;1390.61;;2048
0.62;1035.73;361.414;1397.14;;2048
0.63;1035.73;361.156;1396.89;;2048
0.64;1035.73;360.906;1396.64;;2048
0.65;1035.73;364.284;1400.01;;2048
0.66;1035.73;372.69;1408.42;;2048
0.67;1035.73;370.071;1405.8;;2048
0.68;1035.73;372.321;1408.05;;2048
0.69;1035.73;375.03;1410.76;;2048
0.7;1035.73;378.702;1414.43;;2048
0.71;1035.73;382.734;1418.46;;2048
0.72;1035.73;381.13;1416.86;;2048
0.73;1035.73;384.45;1420.18;;2048
0.74;1035.73;394.147;1429.88;;2048
0.75;1035.73;387.291;1423.02;;2048
0.76;1035.73;391.354;1427.08;;2048
0.77;1035.73;393.561;1429.29;;2048
0.78;1035.73;398.739;1434.47;;2048
0.79;1035.73;396.357;1432.09;;2048
0.8;1035.73;402.419;1438.15;;2048
0.81;1035.73;401.042;1436.77;;2048
0.82;1035.73;401.307;1437.04;;2048
0.83;1035.73;401.071;1436.8;;2048
0.839999;1035.73;404.708;1440.44;;2048
0.849999;1035.73;412.484;1448.21;;2048
0.859999;1035.73;409.296;1445.03;;2048
0.869999;1035.73;410.262;1445.99;;2048
0.879999;1035.73;409.737;1445.47;;2048
0.889999;1035.73;418.351;1454.08;;2048
0.899999;1035.73;415.517;1451.25;;2048
0.909999;1035.73;420.602;1456.33;;2048
0.919999;1035.73;416.658;1452.39;;2048
0.929999;1035.73;418.019;1453.75;;2048
0.939999;1035.73;419.402;1455.13;;2048
0.949999;1035.73;429.729;1465.46;;2048
0.959999;1035.73;427.892;1463.62;;2048
0.969999;1035.73;425.543;1461.27;;2048
0.979999;1035.73;425.322;1461.05;;2048
0.989999;1035.73;427.078;1462.81;;2048
0.999999;1035.73;439.396;1475.12;;2048
1.01;1035.73;432.708;1468.44;;2048
1.02;1035.73;433.353;1469.08;;2048
1.03;1035.73;430.087;1465.82;;2048
1.04;1035.73;432.164;1467.89;;2048
1.05;1035.73;437.072;1472.8;;2048
1.06;1035.73;442.04;1477.77;;2048
1.07;1035.73;437.424;1473.15;;2048
1.08;1035.73;439.236;1474.97;;2048
1.09;1035.73;437.984;1473.71;;2048
1.1;1035.73;438.549;1474.28;;2048
1.11;1035.73;447.76;1483.49;;2048
1.12;1035.73;448.606;1484.34;;2048
1.13;1035.73;441.936;1477.67;;2048
1.14;1035.73;444.438;1480.17;;2048
1.15;1035.73;444.401;1480.13;;2048
1.16;1035.73;444.409;1480.14;;2048
1.17;1035.73;452.939;1488.67;;2048
1.18;1035.73;452.047;1487.78;;2048
1.19;1035.73;452.431;1488.16;;2048
1.2;1035.73;448.929;1484.66;;2048
1.21;1035.73;449.987;1485.72;;2048
1.22;1035.73;448.187;1483.92;;2048
1.23;1035.73;459.783;1495.51;;2048
1.24;1035.73;451.771;1487.5;;2048
1.25;1035.73;453.922;1489.65;;2048
1.26;1035.73;453.755;1489.48;;2048
1.27;1035.73;454.922;1490.65;;2048
1.28;1035.73;453.442;1489.17;;2048
1.29;1035.73;461.067;1496.8;;2048
1.3;1035.73;460.686;1496.42;;2048
1.31;1035.73;456.9;1492.63;;2048
1.32;1035.73;458.642;1494.37;;2048
1.33;1035.73;459.337;1495.07;;2048
1.34;1035.73;457.992;1493.72;;2048
1.35;1035.73;466.318;1502.05;;2048
1.36;1035.73;464.351;1500.08;;2048
1.37;1035.73;462.9;1498.63;;2048
1.38;1035.73;462.815;1498.54;;2048
1.39;1035.73;462.507;1498.24;;2048
1.4;1035.73;461.866;1497.59;;2048
1.41;1035.73;463.694;1499.42;;2048
1.42;1035.73;463.209;1498.94;;2048
1.43;1035.73;465.446;1501.18;;2048
1.44;1035.73;469.238;1504.97;;2048
1.45;1035.73;466.29;1502.02;;2048
1.46;1035.73;466.247;1501.98;;2048
1.47;1035.73;469.83;1505.56;;2048
1.48;1035.73;469.962;1505.69;;2048
1.49;1035.73;465.666;1501.4;;2048
1.5;1035.73;473.142;1508.87;;2048
1.51;1035.73;468.521;1504.25;;2048
1.52;1035.73;469.927;1505.66;;2048
1.53;1035.73;467.231;1502.96;;2048
1.54;1035.73;478.902;1514.63;;2048
1.55;1035.73;469.801;1505.53;;2048
1.56;1035.73;472.056;1507.78;;2048
1.57;1035.73;472.132;1507.86;;2048
1.58;1035.73;472.143;1507.87;;2048
1.59;1035.73;471.564;1507.29;;2048
1.6;1035.73;477.946;1513.68;;2048
1.61;1035.73;476.745;1512.47;;2048
1.62;1035.73;473.615;1509.34;;2048
1.63;1035.73;475.201;1510.93;;2048
1.64;1035.73;474.884;1510.61;;2048
1.65;1035.73;474.927;1510.66;;2048
1.66;1035.73;477.034;1512.76;;2048
1.67;1035.73;482.104;1517.83;;2048
1.68;1035.73;476.554;1512.28;;2048
1.69;1035.73;480.34;1516.07;;2048
1.7;1035.73;475.598;1511.33;;2048
1.71;1035.73;477.478;1513.21;;2048
1.72;1035.73;475.131;1510.86;;2048
1.73;1035.73;482.569;1518.3;;2048
1.74;1035.73;480.257;1515.99;;2048
1.75;1035.73;479.853;1515.58;;2048
1.76;1035.73;479.682;1515.41;;2048
1.77;1035.73;479.887;1515.62;;2048
1.78;1035.73;478.35;1514.08;;2048
1.79;1035.73;486.36;1522.09;;2048
1.8;1035.73;482.586;1518.31;;2048
1.81;1035.73;484.43;1520.16;;2048
1.82;1035.73;481.279;1517.01;;2048
1.83;1035.73;482.095;1517.82;;2048
1.84;1035.73;479.62;1515.35;;2048
1.85;1035.73;488.189;1523.92;;2048
1.86;1035.73;482.31;1518.04;;2048
1.87;1035.73;483.008;1518.74;;2048
1.88;1035.73;486.471;1522.2;;2048
1.89;1035.73;483.031;1518.76;;2048
1.9;1035.73;483.182;1518.91;;2048
1.91;1035.73;485.133;1520.86;;2048
1.92;1035.73;488.595;1524.32;;2048
1.93;1035.73;482.223;1517.95;;2048
1.94;1035.73;488.589;1524.32;;2048
1.95;1035.73;484.147;1519.88;;2048
1.96;1035.73;485.189;1520.92;;2048
1.97;1035.73;482.836;1518.56;;2048
1.98;1035.73;494.631;1530.36;;2048
1.99;1035.73;485.953;1521.68;;2048
2;1035.73;486.699;1522.43;;2048
2.01;1035.73;486.054;1521.78;;2048
2.02;1035.73;486.523;1522.25;;2048
2.03;1035.73;485.427;1521.16;;2048
2.04;1035.73;492.579;1528.31;;2048
2.05;1035.73;493.714;1529.44;;2048
2.06;1035.73;485.929;1521.66;;2048
2.07;1035.73;488.313;1524.04;;2048
2.08;1035.73;487.411;1523.14;;2048
2.09;1035.73;487.776;1523.51;;2048
2.1;1035.73;488.539;1524.27;;2048
2.11;1035.73;497.135;1532.86;;2048
2.12;1035.73;487.952;1523.68;;2048
2.13;1035.73;493.052;1528.78;;2048
2.14;1035.73;486.681;1522.41;;2048
2.15;1035.73;487.493;1523.22;;2048
2.16;1035.73;487.351;1523.08;;2048
2.17;1035.73;497.804;1533.53;;2048
2.18;1035.73;497.495;1533.22;;2048
2.19;1035.73;487.478;1523.21;;2048
2.2;1035.73;490.201;1525.93;;2048
2.21;1035.73;489.085;1524.81;;2048
2.22;1035.73;489.751;1525.48;;2048
2.23;1035.73;491.735;1527.46;;2048
2.24;1035.73;500.151;1535.88;;2048
2.25;1035.73;490.109;1525.84;;2048
2.26;1035.73;494.298;1530.03;;2048
2.27;1035.73;488.585;1524.31;;2048
2.28;1035.73;490.793;1526.52;;2048
2.29;1035.73;489.225;1524.95;;2048
2.3;1035.73;500.898;1536.63;;2048
2.31;1035.73;498.942;1534.67;;2048
2.32;1035.73;491.069;1526.8;;2048
2.33;1035.73;492.138;1527.87;;2048
2.34;1035.73;490.047;1525.78;;2048
2.35;1035.73;490.853;1526.58;;2048
2.36;1035.73;495.278;1531.01;;2048
2.37;1035.73;504.346;1540.07;;2048
2.38;1035.73;490.221;1525.95;;2048
2.39;1035.73;495.813;1531.54;;2048
2.4;1035.73;490.494;1526.22;;2048
2.41;1035.73;492.236;1527.97;;2048
2.42;1035.73;490.324;1526.05;;2048
2.43;1035.73;502.521;1538.25;;2048
2.44;1035.73;500.004;1535.73;;2048
2.45;1035.73;496.37;1532.1;;2048
2.46;1035.73;493.364;1529.09;;2048
2.47;1035.73;490.898;1526.63;;2048
2.48;1035.73;490.505;1526.23;;2048
2.49;1035.73;498.05;1533.78;;2048
2.5;1035.73;503.97;1539.7;;2048
2.51;1035.73;497.796;1533.52;;2048
2.52;1035.73;495.537;1531.27;;2048
2.53;1035.73;491.269;1527;;2048
2.54;1035.73;489.664;1525.39;;2048
2.55;1035.73;492.59;1528.32;;2048
2.56;1035.73;503.605;1539.33;;2048
2.57;1035.73;500.177;1535.91;;2048
2.58;1035.73;499.796;1535.52;;2048
2.59;1035.73;493.928;1529.66;;2048
2.6;1035.73;492.658;1528.39;;2048
2.61;1035.73;493.923;1529.65;;2048
2.62;1035.73;495.467;1531.2;;2048
2.63;1035.73;507.113;1542.84;;2048
2.64;1035.73;499.661;1535.39;;2048
2.65;1035.73;497.902;1533.63;;2048
2.66;1035.73;492.674;1528.4;;2048
2.67;1035.73;494.421;1530.15;;2048
2.68;1035.73;493.413;1529.14;;2048
2.69;1035.73;502.193;1537.92;;2048
2.7;1035.73;500.624;1536.35;;2048
2.71;1035.73;500.842;1536.57;;2048
2.72;1035.73;495.676;1531.41;;2048
2.73;1035.73;493.426;1529.16;;2048
2.74;1035.73;495.115;1530.84;;2048
2.75;1035.73;495.161;1530.89;;2048
2.76;1035.73;497.131;1532.86;;2048
2.77;1035.73;499.218;1534.95;;2048
2.78;1035.73;500.687;1536.42;;2048
2.79;1035.73;496.195;1531.92;;2048
2.8;1035.73;494.798;1530.53;;2048
2.81;1035.73;494.182;1529.91;;2048
2.82;1035.73;497.494;1533.22;;2048
2.83;1035.73;501.577;1537.31;;2048
2.84;1035.73;500.068;1535.8;;2048
2.85;1035.73;499.326;1535.06;;2048
2.86;1035.73;494.332;1530.06;;2048
2.87;1035.73;496.193;1531.92;;2048
2.88;1035.73;495.375;1531.1;;2048
2.89;1035.73;496.429;1532.16;;2048
2.9;1035.73;499.11;1534.84;;2048
2.91;1035.73;502.043;1537.77;;2048
2.92;1035.73;498.402;1534.13;;2048
2.93;1035.73;496.092;1531.82;;2048
2.94;1035.73;495.081;1530.81;;2048
2.95;1035.73;496.254;1531.98;;2048
2.96;1035.73;500.662;1536.39;;2048
2.97;1035.73;500.283;1536.01;;2048
2.98;1035.73;501.111;1536.84;;2048
2.99;1035.73;495.269;1531;;2048
3;1035.73;496.913;1532.64;;2048
3.01;1035.73;495.714;1531.44;;2048
3.02;1035.73;496.923;1532.65;;2048
3.03;1035.73;498.741;1534.47;;2048
3.04;1035.73;502.276;1538.01;;2048
3.05;1035.73;500.217;1535.95;;2048
3.06;1035.73;496.895;1532.62;;2048
3.07;1035.73;495.955;1531.68;;2048
3.08;1035.73;495.299;1531.03;;2048
3.09;1035.73;500.974;1536.7;;2048
3.1;1035.73;498.487;1534.22;;2048
3.11;1035.73;502.397;1538.13;;2048
3.12;1035.73;496.568;1532.3;;2048
3.13;1035.73;497.089;1532.82;;2048
3.14;1035.73;495.526;1531.26;;2048
3.15;1035.73;496.856;1532.58;;2048
3.16;1035.73;498.12;1533.85;;2048
3.17;1035.73;498.999;1534.73;;2048
3.18;1035.73;501.356;1537.08;;2048
3.19;1035.73;497.557;1533.29;;2048
3.2;1035.73;496.868;1532.6;;2048
3.21;1035.73;495.421;1531.15;;2048
3.22;1035.73;502.341;1538.07;;2048
3.23;1035.73;497.467;1533.2;;2048
3.24;1035.73;502.71;1538.44;;2048
3.25;1035.73;496.23;1531.96;;2048
3.26;1035.73;498.124;1533.85;;2048
3.27;1035.73;495.702;1531.43;;2048
3.28;1035.73;497.065;1532.79;;2048
3.29;1035.73;497.692;1533.42;;2048
3.3;1035.73;498.041;1533.77;;2048
3.31;1035.73;500.14;1535.87;;2048
3.32;1035.73;497.686;1533.41;;2048
3.33;1035.73;497.478;1533.21;;2048
3.34;1035.73;495.743;1531.47;;2048
3.35;1035.73;504.62;1540.35;;2048
3.36;1035.73;496.06;1531.79;;2048
3.37;1035.73;500.795;1536.52;;2048
3.38;1035.73;498.34;1534.07;;2048
3.39;1035.73;497.031;1532.76;;2048
3.4;1035.73;496.951;1532.68;;2048
3.41;1035.73;496.455;1532.18;;2048
3.42;1035.73;501.578;1537.31;;2048
3.43;1035.73;498.475;1534.2;;2048
3.44;1035.73;498.897;1534.63;;2048
3.45;1035.73;498.088;1533.82;;2048
3.46;1035.73;498.152;1533.88;;2048
3.47;1035.73;496.713;1532.44;;2048
3.48;1035.73;505.619;1541.35;;2048
3.49;1035.73;500.089;1535.82;;2048
3.5;1035.73;499.96;1535.69;;2048
3.51;1035.73;498.996;1534.72;;2048
3.52;1035.73;497.259;1532.99;;2048
3.53;1035.73;498.209;1533.94;;2048
3.54;1035.73;496.76;1532.49;;2048
3.55;1035.73;504.015;1539.74;;2048
3.56;1035.73;499.381;1535.11;;2048
3.57;1035.73;500.295;1536.02;;2048
3.58;1035.73;498.045;1533.77;;2048
3.59;1035.73;498.475;1534.2;;2048
3.6;1035.73;497.769;1533.5;;2048
3.61;1035.73;506.601;1542.33;;2048
3.62;1035.73;508.106;1543.83;;2048
3.63;1035.73;499.125;1534.85;;2048
3.64;1035.73;499.981;1535.71;;2048
3.65;1035.73;496.828;1532.56;;2048
3.66;1035.73;498.876;1534.61;;2048
3.67;1035.73;496.517;1532.25;;2048
3.68;1035.73;508.409;1544.14;;2048
3.69;1035.73;503.875;1539.6;;2048
3.7;1035.73;500.531;1536.26;;2048
3.71;1035.73;498.364;1534.09;;2048
3.72;1035.73;497.378;1533.11;;2048
3.73;1035.73;498.324;1534.05;;2048
3.74;1035.73;503.121;1538.85;;2048
3.75;1035.73;511.297;1547.03;;2048
3.76;1035.73;498.466;1534.2;;2048
3.77;1035.73;502.071;1537.8;;2048
3.78;1035.73;496.172;1531.9;;2048
3.79;1035.73;498.504;1534.23;;2048
3.8;1035.73;496.88;1532.61;;2048
3.81;1035.73;508.428;1544.16;;2048
3.82;1035.73;506.461;1542.19;;2048
3.83;1035.73;501.418;1537.15;;2048
3.84;1035.73;499.32;1535.05;;2048
3.85;1035.73;496.76;1532.49;;2048
3.86;1035.73;498.128;1533.86;;2048
3.87;1035.73;502.654;1538.38;;2048
3.88;1035.73;510.855;1546.58;;2048
3.89;1035.73;501.609;1537.34;;2048
3.9;1035.73;501.947;1537.68;;2048
3.91;1035.73;496.825;1532.55;;2048
3.92;1035.73;498.966;1534.7;;2048
3.93;1035.73;497.629;1533.36;;2048
3.94;1035.73;506.856;1542.59;;2048
3.95;1035.73;506.61;1542.34;;2048
3.96;1035.73;503.594;1539.32;;2048
3.97;1035.73;499.196;1534.92;;2048
3.98;1035.73;497.307;1533.04;;2048
3.99;1035.73;499.256;1534.99;;2048
4;1035.73;500.42;1536.15;;2048
4.01;1035.73;512.123;1547.85;;2048
4.02;1035.73;504.307;1540.04;;2048
4.03;1035.73;502.188;1537.92;;2048
4.04;1035.73;497.184;1532.91;;2048
4.05;1035.73;499.214;1534.94;;2048
4.06;1035.73;498.391;1534.12;;2048
4.07;1035.73;507.875;1543.6;;2048
4.08;1035.73;504.353;1540.08;;2048
4.09;1035.73;505.462;1541.19;;2048
4.1;1035.73;499.233;1534.96;;2048
4.11;1035.73;497.532;1533.26;;2048
4.12;1035.73;499.475;1535.2;;2048
4.13;1035.73;499.643;1535.37;;2048
4.14;1035.73;502.086;1537.81;;2048
4.15;1035.73;503.228;1538.96;;2048
4.16;1035.73;504.561;1540.29;;2048
4.17;1035.73;500.097;1535.83;;2048
4.18;1035.73;498.648;1534.38;;2048
4.19;1035.73;498.234;1533.96;;2048
4.2;1035.73;500.845;1536.57;;2048
4.21;1035.73;507.054;1542.78;;2048
4.22;1035.73;502.314;1538.04;;2048
4.23;1035.73;503.323;1539.05;;2048
4.24;1035.73;498.373;1534.1;;2048
4.25;1035.73;499.704;1535.43;;2048
4.26;1035.73;498.924;1534.65;;2048
4.27;1035.73;500.193;1535.92;;2048
4.28;1035.73;502.812;1538.54;;2048
4.29;1035.73;505.543;1541.27;;2048
4.3;1035.73;500.941;1536.67;;2048
4.31;1035.73;499.801;1535.53;;2048
4.32;1035.73;498.543;1534.27;;2048
4.33;1035.73;500.31;1536.04;;2048
4.34;1035.73;503.806;1539.53;;2048
4.35;1035.73;503.614;1539.34;;2048
4.36;1035.73;504.19;1539.92;;2048
4.37001;1035.73;498.739;1534.47;;2048
4.38001;1035.73;500.056;1535.78;;2048
4.39001;1035.73;498.799;1534.53;;2048
4.40001;1035.73;499.826;1535.55;;2048
4.41001;1035.73;501.528;1537.26;;2048
4.42001;1035.73;505.012;1540.74;;2048
4.43001;1035.73;502.82;1538.55;;2048
4.44001;1035.73;499.427;1535.16;;2048
4.45001;1035.73;498.719;1534.45;;2048
4.46001;1035.73;498.176;1533.91;;2048
4.47001;1035.73;505.399;1541.13;;2048
4.48001;1035.73;499.483;1535.21;;2048
4.49001;1035.73;504.569;1540.3;;2048
4.50001;1035.73;500.177;1535.91;;2048
4.51001;1035.73;499.14;1534.87;;2048
4.52001;1035.73;498.262;1533.99;;2048
4.53001;1035.73;499.081;1534.81;;2048
4.54001;1035.73;500.086;1535.81;;2048
4.55001;1035.73;501.576;1537.3;;2048
4.56001;1035.73;503.672;1539.4;;2048
4.57001;1035.73;499.681;1535.41;;2048
4.58001;1035.73;499.396;1535.12;;2048
4.59001;1035.73;497.562;1533.29;;2048
4.60001;1035.73;505.876;1541.6;;2048
4.61001;1035.73;499.654;1535.38;;2048
4.62001;1035.73;503.794;1539.52;;2048
4.63001;1035.73;500.909;1536.64;;2048
4.64001;1035.73;498.773;1534.5;;2048
4.65001;1035.73;498.399;1534.13;;2048
4.66001;1035.73;498.324;1534.05;;2048
4.67001;1035.73;502.086;1537.82;;2048
4.68001;1035.73;499.631;1535.36;;2048
4.69001;1035.73;499.965;1535.69;;2048
4.70001;1035.73;499.238;1534.97;;2048
4.71001;1035.73;499.79;1535.52;;2048
4.72001;1035.73;498.643;1534.37;;2048
4.73001;1035.73;504.82;1540.55;;2048
4.74001;1035.73;502.405;1538.13;;2048
4.75001;1035.73;499.997;1535.73;;2048
4.76001;1035.73;503.271;1539;;2048
4.77001;1035.73;497.11;1532.84;;2048
4.78001;1035.73;499.978;1535.71;;2048
4.79001;1035.73;498.334;1534.06;;2048
4.80001;1035.73;507.733;1543.46;;2048
4.81002;1035.73;506.724;1542.45;;2048
4.82002;1035.73;497.544;1533.27;;2048
4.83002;1035.73;499.837;1535.57;;2048
4.84002;1035.73;498.613;1534.34;;2048
4.85002;1035.73;499.531;1535.26;;2048
4.86002;1035.73;498.301;1534.03;;2048
4.87002;1035.73;510.397;1546.13;;2048
4.88002;1035.73;499.639;1535.37;;2048
4.89002;1035.73;502.563;1538.29;;2048
4.90002;1035.73;498.617;1534.35;;2048
4.91002;1035.73;498.919;1534.65;;2048
4.92002;1035.73;499.155;1534.88;;2048
4.93002;1035.73;503.175;1538.9;;2048
4.94002;1035.73;507.684;1543.41;;2048
4.95002;1035.73;507.041;1542.77;;2048
4.96002;1035.73;502.151;1537.88;;2048
4.97002;1035.73;498.112;1533.84;;2048
4.98002;1035.73;498.183;1533.91;;2048
4.99002;1035.73;497.739;1533.47;;2048
5.00002;1035.73;501.915;1537.64;;2048
5.01002;1035.73;507.822;1543.55;;2048
5.02002;1035.73;500.39;1536.12;;2048
5.03002;1035.73;503.022;1538.75;;2048
5.04002;1035.73;496.682;1532.41;;2048
5.05002;1035.73;498.364;1534.09;;2048
5.06002;1035.73;497.508;1533.24;;2048
5.07002;1035.73;500.679;1536.41;;2048
5.08002;1035.73;510.098;1545.83;;2048
5.09002;1035.73;504.677;1540.41;;2048
5.10002;1035.73;499.364;1535.09;;2048
5.11002;1035.73;496.967;1532.7;;2048
5.12002;1035.73;497.979;1533.71;;2048
5.13002;1035.73;500.245;1535.97;;2048
5.14002;1035.73;509.974;1545.7;;2048
5.15002;1035.73;501.312;1537.04;;2048
5.16002;1035.73;504.663;1540.39;;2048
5.17002;1035.73;497.58;1533.31;;2048
5.18002;1035.73;498.139;1533.87;;2048
5.19002;1035.73;497.738;1533.47;;2048
5.20002;1035.73;500.378;1536.11;;2048
5.21002;1035.73;511.59;1547.32;;2048
5.22002;1035.73;505.584;1541.31;;2048
5.23002;1035.73;502.057;1537.79;;2048
5.24003;1035.73;497.267;1533;;2048
5.25003;1035.73;498.383;1534.11;;2048
5.26003;1035.73;499.257;1534.99;;2048
5.27003;1035.73;507.566;1543.29;;2048
5.28003;1035.73;500.963;1536.69;;2048
5.29003;1035.73;506.448;1542.18;;2048
5.30003;1035.73;500.273;1536;;2048
5.31003;1035.73;497.459;1533.19;;2048
5.32003;1035.73;498.502;1534.23;;2048
5.33003;1035.73;499.771;1535.5;;2048
5.34003;1035.73;509.343;1545.07;;2048
5.35003;1035.73;504.251;1539.98;;2048
5.36003;1035.73;504.514;1540.24;;2048
5.37003;1035.73;500.275;1536;;2048
5.38003;1035.73;499.256;1534.99;;2048
5.39003;1035.73;498.533;1534.26;;2048
5.40003;1035.73;499.371;1535.1;;2048
5.41003;1035.73;501.36;1537.09;;2048
5.42003;1035.73;502.62;1538.35;;2048
5.43003;1035.73;503.927;1539.66;;2048
5.44003;1035.73;498.007;1533.74;;2048
5.45003;1035.73;499.886;1535.62;;2048
5.46003;1035.73;497.942;1533.67;;2048
5.47003;1035.73;499.517;1535.25;;2048
5.48003;1035.73;500.668;1536.4;;2048
5.49003;1035.73;502.268;1538;;2048
5.50003;1035.73;503.343;1539.07;;2048
5.51003;1035.73;499.37;1535.1;;2048
5.52003;1035.73;498.799;1534.53;;2048
5.53003;1035.73;497.465;1533.19;;2048
5.54003;1035.73;505.345;1541.07;;2048
5.55003;1035.73;499.328;1535.06;;2048
5.56003;1035.73;503.113;1538.84;;2048
5.57003;1035.73;500.682;1536.41;;2048
5.58003;1035.73;498.326;1534.06;;2048
5.59003;1035.73;498.212;1533.94;;2048
5.60003;1035.73;498.115;1533.84;;2048
5.61003;1035.73;501.8;1537.53;;2048
5.62003;1035.73;499.386;1535.11;;2048
5.63003;1035.73;500.024;1535.75;;2048
5.64003;1035.73;498.616;1534.35;;2048
5.65003;1035.73;499.358;1535.09;;2048
5.66003;1035.73;498.583;1534.31;;2048
5.67003;1035.73;503.127;1538.86;;2048
5.68004;1035.73;503.64;1539.37;;2048
5.69004;1035.73;499.403;1535.13;;2048
5.70004;1035.73;502.539;1538.27;;2048
5.71004;1035.73;496.517;1532.25;;2048
5.72004;1035.73;499.718;1535.45;;2048
5.73004;1035.73;498.323;1534.05;;2048
5.74004;1035.73;506.894;1542.62;;2048
5.75004;1035.73;505.585;1541.31;;2048
5.76004;1035.73;497.59;1533.32;;2048
5.77004;1035.73;500.055;1535.78;;2048
5.78004;1035.73;498.3;1534.03;;2048
5.79004;1035.73;499.234;1534.96;;2048
5.80004;1035.73;497.958;1533.69;;2048
5.81004;1035.73;509.862;1545.59;;2048
5.82004;1035.73;499.56;1535.29;;2048
5.83004;1035.73;501.933;1537.66;;2048
5.84004;1035.73;498.488;1534.22;;2048
5.85004;1035.73;498.913;1534.64;;2048
5.86004;1035.73;499.058;1534.79;;2048
5.87004;1035.73;502.714;1538.44;;2048
5.88004;1035.73;507.622;1543.35;;2048
5.89004;1035.73;507.223;1542.95;;2048
5.90004;1035.73;502.377;1538.11;;2048
5.91004;1035.73;498.019;1533.75;;2048
5.92004;1035.73;497.411;1533.14;;2048
5.93004;1035.73;497.937;1533.67;;2048
5.94004;1035.73;501.374;1537.1;;2048
5.95004;1035.73;508.469;1544.2;;2048
5.96004;1035.73;499.362;1535.09;;2048
5.97004;1035.73;503.89;1539.62;;2048
5.98004;1035.73;497.024;1532.75;;2048
5.99004;1035.73;497.703;1533.43;;2048
6.00004;1035.73;498.095;1533.82;;2048
6.01004;1035.73;499.854;1535.58;;2048
6.02004;1035.73;505.04;1540.77;;2048
6.03004;1035.73;503.16;1538.89;;2048
6.04004;1035.73;503.143;1538.87;;2048
6.05004;1035.73;498.595;1534.32;;2048
6.06004;1035.73;498.149;1533.88;;2048
6.07004;1035.73;498.039;1533.77;;2048
6.08004;1035.73;501.004;1536.73;;2048
6.09004;1035.73;507.115;1542.84;;2048
6.10004;1035.73;501.602;1537.33;;2048
6.11004;1035.73;502.154;1537.88;;2048
6.12005;1035.73;497.834;1533.56;;2048
6.13005;1035.73;498.988;1534.72;;2048
6.14005;1035.73;498.325;1534.05;;2048
6.15005;1035.73;499.615;1535.34;;2048
6.16005;1035.73;500.291;1536.02;;2048
6.17005;1035.73;503.843;1539.57;;2048
6.18005;1035.73;503.943;1539.67;;2048
6.19005;1035.73;496.856;1532.58;;2048
6.20005;1035.73;498.686;1534.41;;2048
6.21005;1035.73;497.243;1532.97;;2048
6.22005;1035.73;500.872;1536.6;;2048
6.23005;1035.73;497.014;1532.74;;2048
6.24005;1035.73;504.569;1540.3;;2048
6.25005;1035.73;501.575;1537.3;;2048
6.26005;1035.73;495.689;1531.42;;2048
6.27005;1035.73;498.014;1533.74;;2048
6.28005;1035.73;497.407;1533.14;;2048
6.29005;1035.73;504.19;1539.92;;2048
6.30005;1035.73;499.719;1535.45;;2048
6.31005;1035.73;499.26;1534.99;;2048
6.32005;1035.73;500.625;1536.35;;2048
6.33005;1035.73;497.728;1533.46;;2048
6.34005;1035.73;498.013;1533.74;;2048
6.35005;1035.73;497.26;1532.99;;2048
6.36005;1035.73;507.845;1543.57;;2048
6.37005;1035.73;498.941;1534.67;;2048
6.38005;1035.73;499.351;1535.08;;2048
6.39005;1035.73;500.643;1536.37;;2048
6.40005;1035.73;498.401;1534.13;;2048
6.41005;1035.73;498.725;1534.45;;2048
6.42005;1035.73;500.369;1536.1;;2048
6.43005;1035.73;503.771;1539.5;;2048
6.44005;1035.73;497.254;1532.98;;2048
6.45005;1035.73;501.712;1537.44;;2048
6.46005;1035.73;497.862;1533.59;;2048
6.47005;1035.73;498.964;1534.69;;2048
6.48005;1035.73;497.777;1533.51;;2048
6.49005;1035.73;497.968;1533.7;;2048
6.50005;1035.73;504.467;1540.2;;2048
6.51005;1035.73;499.827;1535.56;;2048
6.52005;1035.73;501.318;1537.05;;2048
6.53005;1035.73;497.891;1533.62;;2048
6.54005;1035.73;497.98;1533.71;;2048
6.55006;1035.73;498.534;1534.26;;2048
6.56006;1035.73;503.67;1539.4;;2048
6.57006;1035.73;510.998;1546.73;;2048
6.58006;1035.73;497.941;1533.67;;2048
6.59006;1035.73;502.296;1538.02;;2048
6.60006;1035.73;496.083;1531.81;;2048
6.61006;1035.73;498.107;1533.84;;2048
6.62006;1035.73;498.183;1533.91;;2048
6.63006;1035.73;504.668;1540.4;;2048
6.64006;1035.73;507.753;1543.48;;2048
6.65006;1035.73;496.677;1532.41;;2048
6.66006;1035.73;501.004;1536.73;;2048
6.67006;1035.73;496.803;1532.53;;2048
6.68006;1035.73;497.195;1532.92;;2048
6.69006;1035.73;497.377;1533.11;;2048
6.70006;1035.73;499.924;1535.65;;2048
6.71006;1035.73;506.585;1542.31;;2048
6.72006;1035.73;502.83;1538.56;;2048
6.73006;1035.73;501.482;1537.21;;2048
6.74006;1035.73;495.849;1531.58;;2048
6.75006;1035.73;498.179;1533.91;;2048
6.76006;1035.73;496.726;1532.46;;2048
6.77006;1035.73;499.86;1535.59;;2048
6.78006;1035.73;509.494;1545.22;;2048
6.79006;1035.73;504.215;1539.94;;2048
6.80006;1035.73;501.951;1537.68;;2048
6.81006;1035.73;497.02;1532.75;;2048
6.82006;1035.73;498.151;1533.88;;2048
6.83006;1035.73;497.845;1533.57;;2048
6.84006;1035.73;500.951;1536.68;;2048
6.85006;1035.73;499.759;1535.49;;2048
6.86006;1035.73;502.98;1538.71;;2048
6.87006;1035.73;502.191;1537.92;;2048
6.88006;1035.73;496.628;1532.36;;2048
6.89006;1035.73;499.046;1534.77;;2048
6.90006;1035.73;497.61;1533.34;;2048
6.91006;1035.73;499.011;1534.74;;2048
6.92006;1035.73;500.028;1535.76;;2048
6.93006;1035.73;502.466;1538.19;;2048
6.94006;1035.73;502.755;1538.48;;2048
6.95006;1035.73;497.034;1532.76;;2048
6.96006;1035.73;498.165;1533.89;;2048
6.97006;1035.73;496.461;1532.19;;2048
6.98006;1035.73;503.17;1538.9;;2048
6.99007;1035.73;496.326;1532.05;;2048
7.00007;1035.73;499.405;1535.13;;2048
7.01007;1035.73;500.335;1536.06;;2048
7.02007;1035.73;495.306;1531.04;;2048
7.03007;1035.73;498.056;1533.79;;2048
7.04007;1035.73;497.467;1533.2;;2048
7.05007;1035.73;504.154;1539.88;;2048
7.06007;1035.73;498.479;1534.21;;2048
7.07007;1035.73;497.671;1533.4;;2048
7.08007;1035.73;499.01;1534.74;;2048
7.09007;1035.73;497.745;1533.47;;2048
7.10007;1035.73;498.575;1534.3;;2048
7.11007;1035.73;497.285;1533.01;;2048
7.12007;1035.73;507.534;1543.26;;2048
7.13007;1035.73;497.344;1533.07;;2048
7.14007;1035.73;498.998;1534.73;;2048
7.15007;1035.73;499.034;1534.76;;2048
7.16007;1035.73;498.062;1533.79;;2048
7.17007;1035.73;498.53;1534.26;;2048
7.18007;1035.73;501.34;1537.07;;2048
7.19007;1035.73;505.717;1541.45;;2048
7.20007;1035.73;496.638;1532.37;;2048
7.21007;1035.73;502.746;1538.47;;2048
7.22007;1035.73;497.376;1533.1;;2048
7.23007;1035.73;498.503;1534.23;;2048
7.24007;1035.73;497.474;1533.2;;2048
7.25007;1035.73;501.992;1537.72;;2048
7.26007;1035.73;507.613;1543.34;;2048
7.27007;1035.73;499.798;1535.53;;2048
7.28007;1035.73;503.571;1539.3;;2048
7.29007;1035.73;496.927;1532.66;;2048
7.30007;1035.73;497.343;1533.07;;2048
7.31007;1035.73;497.969;1533.7;;2048
7.32007;1035.73;506.459;1542.19;;2048
7.33007;1035.73;508.601;1544.33;;2048
7.34007;1035.73;503.336;1539.06;;2048
7.35007;1035.73;499.525;1535.25;;2048
7.36007;1035.73;496.203;1531.93;;2048
7.37007;1035.73;498.372;1534.1;;2048
7.38007;1035.73;497.696;1533.43;;2048
7.39007;1035.73;506.294;1542.02;;2048
7.40007;1035.73;506.505;1542.23;;2048
7.41007;1035.73;502.247;1537.98;;2048
7.42007;1035.73;498.775;1534.5;;2048
7.43008;1035.73;496.485;1532.21;;2048
7.44008;1035.73;498.339;1534.07;;2048
7.45008;1035.73;499.34;1535.07;;2048
7.46008;1035.73;505.717;1541.45;;2048
7.47008;1035.73;501.2;1536.93;;2048
7.48008;1035.73;503.763;1539.49;;2048
7.49008;1035.73;499.13;1534.86;;2048
7.50008;1035.73;497.174;1532.9;;2048
7.51008;1035.73;498.296;1534.03;;2048
7.52008;1035.73;498.325;1534.05;;2048
7.53008;1035.73;502.347;1538.08;;2048
7.54008;1035.73;497.47;1533.2;;2048
7.55008;1035.73;504.632;1540.36;;2048
7.56008;1035.73;500.791;1536.52;;2048
7.57008;1035.73;496.35;1532.08;;2048
7.58008;1035.73;497.182;1532.91;;2048
7.59008;1035.73;499.125;1534.85;;2048
7.60008;1035.73;503.292;1539.02;;2048
7.61008;1035.73;502.745;1538.47;;2048
7.62008;1035.73;504.725;1540.45;;2048
7.63008;1035.73;497.935;1533.66;;2048
7.64008;1035.73;498.418;1534.15;;2048
7.65008;1035.73;497.199;1532.93;;2048
7.66008;1035.73;498.889;1534.62;;2048
7.67008;1035.73;507.092;1542.82;;2048
7.68008;1035.73;502.573;1538.3;;2048
7.69008;1035.73;501.584;1537.31;;2048
7.70008;1035.73;498.765;1534.49;;2048
7.71008;1035.73;498.017;1533.75;;2048
7.72008;1035.73;497.432;1533.16;;2048
7.73008;1035.73;505.257;1540.99;;2048
7.74008;1035.73;498.844;1534.57;;2048
7.75008;1035.73;499.339;1535.07;;2048
7.76008;1035.73;502.168;1537.9;;2048
7.77008;1035.73;496.805;1532.53;;2048
7.78008;1035.73;499.246;1534.97;;2048
7.79008;1035.73;497.114;1532.84;;2048
7.80008;1035.73;502.378;1538.11;;2048
7.81008;1035.73;498.506;1534.24;;2048
7.82008;1035.73;498.563;1534.29;;2048
7.83008;1035.73;501.783;1537.51;;2048
7.84008;1035.73;498.833;1534.56;;2048
7.85008;1035.73;498.573;1534.3;;2048
7.86009;1035.73;497.852;1533.58;;2048
7.87009;1035.73;504.772;1540.5;;2048
7.88009;1035.73;496.816;1532.55;;2048
7.89009;1035.73;501.069;1536.8;;2048
7.90009;1035.73;498.839;1534.57;;2048
7.91009;1035.73;498.358;1534.09;;2048
7.92009;1035.73;498.862;1534.59;;2048
7.93009;1035.73;497.678;1533.41;;2048
7.94009;1035.73;504.363;1540.09;;2048
7.95009;1035.73;501.265;1536.99;;2048
7.96009;1035.73;498.796;1534.53;;2048
7.97009;1035.73;498.279;1534.01;;2048
7.98009;1035.73;498.672;1534.4;;2048
7.99009;1035.73;498.657;1534.39;;2048
8.00009;1035.73;502.866;1538.6;;2048
8.01009;1035.73;509.915;1545.64;;2048
8.02009;1035.73;498.212;1533.94;;2048
8.03009;1035.73;502.88;1538.61;;2048
8.04009;1035.73;496.622;1532.35;;2048
8.05009;1035.73;498.471;1534.2;;2048
8.06009;1035.73;498.241;1533.97;;2048
8.07009;1035.73;503.498;1539.23;;2048
8.08009;1035.73;506.277;1542.01;;2048
8.09009;1035.73;504.949;1540.68;;2048
8.10009;1035.73;501.692;1537.42;;2048
8.11009;1035.73;497.367;1533.1;;2048
8.12009;1035.73;497.287;1533.02;;2048
8.13009;1035.73;497.255;1532.98;;2048
8.14009;1035.73;499.99;1535.72;;2048
8.15009;1035.73;508.854;1544.58;;2048
8.16009;1035.73;501.086;1536.82;;2048
8.17009;1035.73;502.58;1538.31;;2048
8.18009;1035.73;496.315;1532.04;;2048
8.19009;1035.73;497.891;1533.62;;2048
8.20009;1035.73;497.179;1532.91;;2048
8.21009;1035.73;499.776;1535.5;;2048
8.22009;1035.73;508.355;1544.08;;2048
8.23009;1035.73;504.081;1539.81;;2048
8.24009;1035.73;502.017;1537.75;;2048
8.25009;1035.73;497.135;1532.86;;2048
8.26009;1035.73;499.132;1534.86;;2048
8.27009;1035.73;498.053;1533.78;;2048
8.28009;1035.73;503.435;1539.16;;2048
8.29009;1035.73;500.138;1535.87;;2048
8.30009;1035.73;504.922;1540.65;;2048
8.31009;1035.73;501.623;1537.35;;2048
8.3201;1035.73;497.014;1532.74;;2048
8.3301;1035.73;499.254;1534.98;;2048
8.3401;1035.73;498.438;1534.17;;2048
8.3501;1035.73;499.349;1535.08;;2048
8.3601;1035.73;500.662;1536.39;;2048
8.3701;1035.73;503.967;1539.7;;2048
8.3801;1035.73;502.772;1538.5;;2048
8.3901;1035.73;497.353;1533.08;;2048
8.4001;1035.73;498.528;1534.26;;2048
8.4101;1035.73;497.184;1532.91;;2048
8.4201;1035.73;506.918;1542.65;;2048
8.4301;1035.73;498.86;1534.59;;2048
8.4401;1035.73;503.618;1539.35;;2048
8.4501;1035.73;500.408;1536.14;;2048
8.4601;1035.73;497.379;1533.11;;2048
8.4701;1035.73;498.243;1533.97;;2048
8.4801;1035.73;497.461;1533.19;;2048
8.4901;1035.73;501.931;1537.66;;2048
8.5001;1035.73;499.68;1535.41;;2048
8.5101;1035.73;501.15;1536.88;;2048
8.5201;1035.73;497.538;1533.27;;2048
8.5301;1035.73;498.893;1534.62;;2048
8.5401;1035.73;498.089;1533.82;;2048
8.5501;1035.73;500.47;1536.2;;2048
8.5601;1035.73;503.655;1539.38;;2048
8.5701;1035.73;499.017;1534.75;;2048
8.5801;1035.73;500.618;1536.35;;2048
8.5901;1035.73;497.054;1532.78;;2048
8.6001;1035.73;498.832;1534.56;;2048
8.6101;1035.73;498.647;1534.38;;2048
8.6201;1035.73;504.251;1539.98;;2048
8.6301;1035.73;502.173;1537.9;;2048
8.6401;1035.73;497.314;1533.04;;2048
8.6501;1035.73;502.36;1538.09;;2048
8.6601;1035.73;497.598;1533.33;;2048
8.6701;1035.73;499.7;1535.43;;2048
8.6801;1035.73;497.421;1533.15;;2048
8.6901;1035.73;510.083;1545.81;;2048
8.7001;1035.73;501.401;1537.13;;2048
8.7101;1035.73;499.325;1535.05;;2048
8.7201;1035.73;501.624;1537.35;;2048
8.7301;1035.73;498.094;1533.82;;2048
8.7401;1035.73;498.605;1534.33;;2048
8.7501;1035.73;498.59;1534.32;;2048
8.76011;1035.73;508.322;1544.05;;2048
8.77011;1035.73;508.056;1543.79;;2048
8.78011;1035.73;503.357;1539.09;;2048
8.79011;1035.73;498.751;1534.48;;2048
8.80011;1035.73;497.257;1532.99;;2048
8.81011;1035.73;498.763;1534.49;;2048
8.82011;1035.73;498.464;1534.19;;2048
8.83011;1035.73;510.042;1545.77;;2048
8.84011;1035.73;505.396;1541.13;;2048
8.85011;1035.73;502.386;1538.11;;2048
8.86011;1035.73;498.541;1534.27;;2048
8.87011;1035.73;496.647;1532.38;;2048
8.88011;1035.73;498.535;1534.26;;2048
8.89011;1035.73;500.541;1536.27;;2048
8.90011;1035.73;509.881;1545.61;;2048
8.91011;1035.73;500.127;1535.86;;2048
8.92011;1035.73;503.691;1539.42;;2048
8.93011;1035.73;497.688;1533.42;;2048
8.94011;1035.73;497.999;1533.73;;2048
8.95011;1035.73;498.006;1533.74;;2048
8.96011;1035.73;500.549;1536.28;;2048
8.97011;1035.73;506.656;1542.38;;2048
8.98011;1035.73;499.558;1535.29;;2048
8.99011;1035.73;502.999;1538.73;;2048
9.00011;1035.73;498.776;1534.51;;2048
9.01011;1035.73;497.033;1532.76;;2048
9.02011;1035.73;497.851;1533.58;;2048
9.03011;1035.73;500.215;1535.94;;2048
9.04011;1035.73;504.049;1539.78;;2048
9.05011;1035.73;504.193;1539.92;;2048
9.06011;1035.73;503.464;1539.19;;2048
9.07011;1035.73;497.23;1532.96;;2048
9.08011;1035.73;499.17;1534.9;;2048
9.09011;1035.73;497.649;1533.38;;2048
9.10011;1035.73;500.896;1536.62;;2048
9.11011;1035.73;501.506;1537.23;;2048
9.12011;1035.73;505.025;1540.75;;2048
9.13011;1035.73;502.521;1538.25;;2048
9.14011;1035.73;497.684;1533.41;;2048
9.15011;1035.73;498.151;1533.88;;2048
9.16011;1035.73;498.146;1533.88;;2048
9.17011;1035.73;506.247;1541.98;;2048
9.18011;1035.73;499.675;1535.4;;2048
9.19011;1035.73;502.511;1538.24;;2048
9.20012;1035.73;501.092;1536.82;;2048
9.21012;1035.73;497.857;1533.59;;2048
9.22012;1035.73;498.74;1534.47;;2048
9.23012;1035.73;497.693;1533.42;;2048
9.24012;1035.73;508.282;1544.01;;2048
9.25012;1035.73;500.469;1536.2;;2048
9.26012;1035.73;500.308;1536.04;;2048
9.27012;1035.73;501.491;1537.22;;2048
9.28012;1035.73;499.021;1534.75;;2048
9.29012;1035.73;498.338;1534.07;;2048
9.30012;1035.73;498.229;1533.96;;2048
9.31012;1035.73;503.295;1539.02;;2048
9.32012;1035.73;498.205;1533.93;;2048
9.33012;1035.73;502.694;1538.42;;2048
9.34012;1035.73;497.977;1533.71;;2048
9.35012;1035.73;499.25;1534.98;;2048
9.36012;1035.73;498.338;1534.07;;2048
9.37012;1035.73;498.191;1533.92;;2048
9.38012;1035.73;503.457;1539.19;;2048
9.39012;1035.73;500.672;1536.4;;2048
9.40012;1035.73;498.361;1534.09;;2048
9.41012;1035.73;498.527;1534.26;;2048
9.42012;1035.73;499.276;1535;;2048
9.43012;1035.73;498.904;1534.63;;2048
9.44012;1035.73;503.885;1539.61;;2048
9.45012;1035.73;509.23;1544.96;;2048
9.46012;1035.73;498.722;1534.45;;2048
9.47012;1035.73;502.826;1538.56;;2048
9.48012;1035.73;496.39;1532.12;;2048
9.49012;1035.73;499.459;1535.19;;2048
9.50012;1035.73;498.29;1534.02;;2048
9.51012;1035.73;505.965;1541.69;;2048
9.52012;1035.73;507.917;1543.65;;2048
9.53012;1035.73;503.678;1539.41;;2048
9.54012;1035.73;501.137;1536.87;;2048
9.55012;1035.73;497.338;1533.07;;2048
9.56012;1035.73;497.951;1533.68;;2048
9.57012;1035.73;497.452;1533.18;;2048
9.58012;1035.73;501.139;1536.87;;2048
9.59012;1035.73;507.571;1543.3;;2048
9.60012;1035.73;499.951;1535.68;;2048
9.61012;1035.73;502.808;1538.54;;2048
9.62012;1035.73;496.429;1532.16;;2048
9.63013;1035.73;497.911;1533.64;;2048
9.64013;1035.73;497.266;1532.99;;2048
9.65013;1035.73;499.996;1535.72;;2048
9.66013;1035.73;511.088;1546.82;;2048
9.67013;1035.73;504.234;1539.96;;2048
9.68013;1035.73;501.238;1536.97;;2048
9.69013;1035.73;496.729;1532.46;;2048
9.70013;1035.73;499.24;1534.97;;2048
9.71013;1035.73;498.34;1534.07;;2048
9.72013;1035.73;502.703;1538.43;;2048
9.73013;1035.73;504.553;1540.28;;2048
9.74013;1035.73;502.562;1538.29;;2048
9.75013;1035.73;502.008;1537.74;;2048
9.76013;1035.73;497.775;1533.5;;2048
9.77013;1035.73;498.767;1534.5;;2048
9.78013;1035.73;498.254;1533.98;;2048
9.79013;1035.73;498.765;1534.49;;2048
9.80013;1035.73;501.757;1537.49;;2048
9.81013;1035.73;501;1536.73;;2048
9.82013;1035.73;502.338;1538.07;;2048
9.83013;1035.73;497.437;1533.17;;2048
9.84013;1035.73;498.116;1533.84;;2048
9.85013;1035.73;496.826;1532.55;;2048
9.86013;1035.73;498.603;1534.33;;2048
9.87013;1035.73;505.686;1541.42;;2048
9.88013;1035.73;501.377;1537.11;;2048
9.89013;1035.73;500.987;1536.72;;2048
9.90013;1035.73;497.74;1533.47;;2048
9.91013;1035.73;498.215;1533.94;;2048
9.92013;1035.73;497.683;1533.41;;2048
9.93013;1035.73;501.032;1536.76;;2048
9.94013;1035.73;501.156;1536.88;;2048
9.95013;1035.73;496.822;1532.55;;2048
9.96013;1035.73;501.872;1537.6;;2048
9.97013;1035.73;496.907;1532.64;;2048
9.98013;1035.73;498.764;1534.49;;2048
9.99013;1035.73;497.775;1533.5;;2048
10.0001;1035.73;497.626;1533.36;;2048
10.0101;1035.73;501.815;1537.54;;2048
10.0201;1035.73;498.685;1534.41;;2048
10.0301;1035.73;499.192;1534.92;;2048
10.0401;1035.73;497.601;1533.33;;2048
10.0501;1035.73;498.507;1534.24;;2048
10.0601;1035.73;498.383;1534.11;;2048
10.0701;1035.73;503.921;1539.65;;2048
10.0801;1035.73;508.4;1544.13;;2048
10.0901;1035.73;497.763;1533.49;;2048
10.1001;1035.73;502.053;1537.78;;2048
10.1101;1035.73;495.708;1531.44;;2048
10.1201;1035.73;498.315;1534.04;;2048
10.1301;1035.73;497.746;1533.47;;2048
10.1401;1035.73;505.914;1541.64;;2048
10.1501;1035.73;507.356;1543.09;;2048
10.1601;1035.73;500.864;1536.59;;2048
10.1701;1035.73;500.585;1536.31;;2048
10.1801;1035.73;496.716;1532.44;;2048
10.1901;1035.73;497.193;1532.92;;2048
10.2001;1035.73;496.896;1532.62;;2048
10.2101;1035.73;499.979;1535.71;;2048
10.2201;1035.73;507.935;1543.66;;2048
10.2301;1035.73;500.035;1535.76;;2048
10.2401;1035.73;502.505;1538.23;;2048
10.2501;1035.73;496.014;1531.74;;2048
10.2601;1035.73;497.048;1532.78;;2048
10.2701;1035.73;497.328;1533.06;;2048
10.2801;1035.73;499.334;1535.06;;2048
10.2901;1035.73;501.637;1537.37;;2048
10.3001;1035.73;502.443;1538.17;;2048
10.3101;1035.73;502.704;1538.43;;2048
10.3201;1035.73;498.475;1534.2;;2048
10.3301;1035.73;497.83;1533.56;;2048
10.3401;1035.73;497.524;1533.25;;2048
10.3501;1035.73;498.951;1534.68;;2048
10.3601;1035.73;506.146;1541.87;;2048
10.3701;1035.73;499.767;1535.5;;2048
10.3801;1035.73;503.263;1538.99;;2048
10.3901;1035.73;498.384;1534.11;;2048
10.4001;1035.73;497.999;1533.73;;2048
10.4101;1035.73;497.463;1533.19;;2048
10.4201;1035.73;497.857;1533.59;;2048
10.4301;1035.73;499.719;1535.45;;2048
10.4401;1035.73;501.407;1537.14;;2048
10.4501;1035.73;502.619;1538.35;;2048
10.4601;1035.73;496.378;1532.11;;2048
10.4701;1035.73;498.094;1533.82;;2048
10.4801;1035.73;496.367;1532.1;;2048
10.4901;1035.73;501.102;1536.83;;2048
10.5001;1035.73;496.648;1532.38;;2048
10.5101;1035.73;502.227;1537.96;;2048
10.5201;1035.73;501.115;1536.84;;2048
10.5301;1035.73;495.33;1531.06;;2048
10.5401;1035.73;497.935;1533.66;;2048
10.5501;1035.73;497.581;1533.31;;2048
10.5601;1035.73;504.483;1540.21;;2048
10.5701;1035.73;498.803;1534.53;;2048
10.5801;1035.73;497.384;1533.11;;2048
10.5901;1035.73;501.78;1537.51;;2048
10.6001;1035.73;496.755;1532.48;;2048
10.6101;1035.73;498.694;1534.42;;2048
10.6201;1035.73;496.678;1532.41;;2048
10.6301;1035.73;508.442;1544.17;;2048
10.6401;1035.73;497.804;1533.53;;2048
10.6501;1035.73;498.727;1534.46;;2048
10.6601;1035.73;501.184;1536.91;;2048
10.6701;1035.73;497.948;1533.68;;2048
10.6801;1035.73;498.733;1534.46;;2048
10.6901;1035.73;497.94;1533.67;;2048
10.7001;1035.73;506.914;1542.64;;2048
10.7101;1035.73;507.86;1543.59;;2048
10.7201;1035.73;499.307;1535.04;;2048
10.7302;1035.73;498.861;1534.59;;2048
10.7402;1035.73;497.202;1532.93;;2048
10.7502;1035.73;498.757;1534.49;;2048
10.7602;1035.73;496.822;1532.55;;2048
10.7702;1035.73;508.626;1544.36;;2048
10.7802;1035.73;505.155;1540.88;;2048
10.7902;1035.73;498.531;1534.26;;2048
10.8002;1035.73;498.32;1534.05;;2048
10.8102;1035.73;496.313;1532.04;;2048
10.8202;1035.73;497.501;1533.23;;2048
10.8302;1035.73;497.789;1533.52;;2048
10.8402;1035.73;500.382;1536.11;;2048
10.8502;1035.73;505.412;1541.14;;2048
10.8602;1035.73;502.208;1537.94;;2048
10.8702;1035.73;499.711;1535.44;;2048
10.8802;1035.73;495.5;1531.23;;2048
10.8902;1035.73;498.179;1533.91;;2048
10.9002;1035.73;496.653;1532.38;;2048
10.9102;1035.73;500.527;1536.26;;2048
10.9202;1035.73;506.897;1542.63;;2048
10.9302;1035.73;503.896;1539.62;;2048
10.9402;1035.73;500.461;1536.19;;2048
10.9502;1035.73;496.242;1531.97;;2048
10.9602;1035.73;498.302;1534.03;;2048
10.9702;1035.73;497.601;1533.33;;2048
10.9802;1035.73;500.924;1536.65;;2048
10.9902;1035.73;500.757;1536.49;;2048
11.0002;1035.73;502.244;1537.97;;2048
11.0102;1035.73;501.908;1537.64;;2048
11.0202;1035.73;496.928;1532.66;;2048
11.0302;1035.73;498.614;1534.34;;2048
11.0402;1035.73;497.438;1533.17;;2048
11.0502;1035.73;498.096;1533.82;;2048
11.0602;1035.73;499.04;1534.77;;2048
11.0702;1035.73;502.32;1538.05;;2048
11.0802;1035.73;502.71;1538.44;;2048
11.0902;1035.73;496.281;1532.01;;2048
11.1002;1035.73;498.102;1533.83;;2048
11.1102;1035.73;496.269;1532;;2048
11.1202;1035.73;504.492;1540.22;;2048
11.1302;1035.73;496.828;1532.56;;2048
11.1402;1035.73;501.02;1536.75;;2048
11.1502;1035.73;500.653;1536.38;;2048
11.1602;1035.73;494.96;1530.69;;2048
11.1702;1035.73;497.811;1533.54;;2048
11.1802;1035.73;497.294;1533.02;;2048
11.1902;1035.73;504.605;1540.33;;2048
11.2002;1035.73;498.286;1534.02;;2048
11.2102;1035.73;497.317;1533.05;;2048
11.2202;1035.73;501.036;1536.77;;2048
11.2302;1035.73;497.002;1532.73;;2048
11.2402;1035.73;498.768;1534.5;;2048
11.2502;1035.73;496.536;1532.26;;2048
11.2602;1035.73;509.336;1545.06;;2048
11.2702;1035.73;498.676;1534.4;;2048
11.2802;1035.73;498.102;1533.83;;2048
11.2902;1035.73;501.573;1537.3;;2048
11.3002;1035.73;497.168;1532.9;;2048
11.3102;1035.73;498.085;1533.81;;2048
11.3202;1035.73;497.85;1533.58;;2048
11.3302;1035.73;507.148;1542.88;;2048
11.3402;1035.73;508.272;1544;;2048
11.3502;1035.73;499.638;1535.37;;2048
11.3602;1035.73;498.848;1534.58;;2048
11.3702;1035.73;496.782;1532.51;;2048
11.3802;1035.73;498.457;1534.19;;2048
11.3902;1035.73;496.91;1532.64;;2048
11.4002;1035.73;509.447;1545.18;;2048
11.4102;1035.73;505.996;1541.72;;2048
11.4202;1035.73;497.808;1533.54;;2048
11.4302;1035.73;499.125;1534.85;;2048
11.4402;1035.73;495.956;1531.69;;2048
11.4502;1035.73;496.577;1532.31;;2048
11.4602;1035.73;497.465;1533.19;;2048
11.4702;1035.73;499.345;1535.07;;2048
11.4802;1035.73;507.827;1543.56;;2048
11.4902;1035.73;500.639;1536.37;;2048
11.5002;1035.73;502.11;1537.84;;2048
11.5102;1035.73;495.577;1531.31;;2048
11.5202;1035.73;497.257;1532.99;;2048
11.5302;1035.73;496.545;1532.27;;2048
11.5402;1035.73;499.281;1535.01;;2048
11.5502;1035.73;508.82;1544.55;;2048
11.5602;1035.73;503.472;1539.2;;2048
11.5702;1035.73;501.963;1537.69;;2048
11.5802;1035.73;497.087;1532.82;;2048
11.5902;1035.73;497.767;1533.5;;2048
11.6002;1035.73;497.262;1532.99;;2048
11.6102;1035.73;499.138;1534.87;;2048
11.6202;1035.73;500.927;1536.66;;2048
11.6302;1035.73;501.501;1537.23;;2048
11.6402;1035.73;502.647;1538.38;;2048
11.6502;1035.73;497.083;1532.81;;2048
11.6602;1035.73;498.524;1534.25;;2048
11.6702;1035.73;497.167;1532.9;;2048
11.6802;1035.73;497.819;1533.55;;2048
11.6902;1035.73;498.577;1534.31;;2048
11.7002;1035.73;501.11;1536.84;;2048
11.7102;1035.73;502.353;1538.08;;2048
11.7202;1035.73;496.461;1532.19;;2048
11.7302;1035.73;498.045;1533.77;;2048
11.7402;1035.73;496.403;1532.13;;2048
11.7502;1035.73;503.579;1539.31;;2048
11.7602;1035.73;496.5;1532.23;;2048
11.7702;1035.73;498.841;1534.57;;2048
11.7802;1035.73;500.245;1535.97;;2048
11.7902;1035.73;495.217;1530.95;;2048
11.8002;1035.73;498.085;1533.81;;2048
11.8102;1035.73;497.625;1533.35;;2048
11.8202;1035.73;504.85;1540.58;;2048
11.8302;1035.73;498.858;1534.59;;2048
11.8402;1035.73;497.414;1533.14;;2048
11.8502;1035.73;500.213;1535.94;;2048
11.8602;1035.73;497.153;1532.88;;2048
11.8702;1035.73;499.128;1534.86;;2048
11.8802;1035.73;496.821;1532.55;;2048
11.8902;1035.73;509.174;1544.9;;2048
11.9002;1035.73;503.403;1539.13;;2048
11.9102;1035.73;497.985;1533.71;;2048
11.9202;1035.73;502.578;1538.31;;2048
11.9302;1035.73;496.67;1532.4;;2048
11.9402;1035.73;497.198;1532.93;;2048
11.9502;1035.73;497.812;1533.54;;2048
11.9602;1035.73;505.86;1541.59;;2048
11.9702;1035.73;508.285;1544.01;;2048
11.9802;1035.73;498.741;1534.47;;2048
11.9902;1035.73;500.473;1536.2;;2048
12.0002;1035.73;495.293;1531.02;;2048
12.0102;1035.73;497.716;1533.44;;2048
12.0202;1035.73;497.439;1533.17;;2048
12.0302;1035.73;503.522;1539.25;;2048
12.0402;1035.73;506.645;1542.37;;2048
12.0502;1035.73;496.532;1532.26;;2048
12.0602;1035.73;501.642;1537.37;;2048
12.0702;1035.73;497.398;1533.13;;2048
12.0802;1035.73;495.366;1531.09;;2048
12.0902;1035.73;496.868;1532.6;;2048
12.1002;1035.73;498.603;1534.33;;2048
12.1102;1035.73;507.784;1543.51;;2048
12.1202;1035.73;499.366;1535.1;;2048
12.1302;1035.73;504.287;1540.02;;2048
12.1402;1035.73;498.143;1533.87;;2048
12.1502;1035.73;495.575;1531.3;;2048
12.1602;1035.73;497.566;1533.3;;2048
12.1702;1035.73;498.099;1533.83;;2048
12.1802;1035.73;501.631;1537.36;;2048
12.1902;1035.73;500.894;1536.62;;2048
12.2002;1035.73;502.898;1538.63;;2048
12.2102;1035.73;500.137;1535.87;;2048
12.2202;1035.73;497.536;1533.26;;2048
12.2302;1035.73;497.464;1533.19;;2048
12.2402;1035.73;496.403;1532.13;;2048
12.2502;1035.73;505.709;1541.44;;2048
12.2602;1035.73;496.735;1532.46;;2048
12.2702;1035.73;500.325;1536.05;;2048
12.2802;1035.73;499.807;1535.54;;2048
12.2902;1035.73;494.701;1530.43;;2048
12.3002;1035.73;497.629;1533.36;;2048
12.3102;1035.73;496.745;1532.47;;2048
12.3202;1035.73;503.527;1539.26;;2048
12.3302;1035.73;497.84;1533.57;;2048
12.3402;1035.73;496.944;1532.67;;2048
12.3502;1035.73;498.748;1534.48;;2048
12.3602;1035.73;497.126;1532.85;;2048
12.3702;1035.73;498.333;1534.06;;2048
12.3802;1035.73;496.373;1532.1;;2048
12.3902;1035.73;509.189;1544.92;;2048
12.4002;1035.73;500.092;1535.82;;2048
12.4102;1035.73;497.505;1533.23;;2048
12.4202;1035.73;501.604;1537.33;;2048
12.4302;1035.73;496.708;1532.44;;2048
12.4402;1035.73;497.432;1533.16;;2048
12.4502;1035.73;497.413;1533.14;;2048
12.4602;1035.73;506.561;1542.29;;2048
12.4702;1035.73;507.479;1543.21;;2048
12.4802;1035.73;498.442;1534.17;;2048
12.4902;1035.73;499.633;1535.36;;2048
12.5002;1035.73;495.128;1530.86;;2048
12.5102;1035.73;497.974;1533.7;;2048
12.5202;1035.73;496.746;1532.48;;2048
12.5302;1035.73;505.806;1541.54;;2048
12.5402;1035.73;506.568;1542.3;;2048
12.5502;1035.73;496.292;1532.02;;2048
12.5602;1035.73;500.538;1536.27;;2048
12.5702;1035.73;496.494;1532.22;;2048
12.5802;1035.73;495.343;1531.07;;2048
12.5902;1035.73;496.534;1532.26;;2048
12.6002;1035.73;498.511;1534.24;;2048
12.6102;1035.73;508.644;1544.37;;2048
12.6202;1035.73;499.959;1535.69;;2048
12.6302;1035.73;502.869;1538.6;;2048
12.6402;1035.73;496.375;1532.1;;2048
12.6502;1035.73;496.003;1531.73;;2048
12.6602;1035.73;496.748;1532.48;;2048
12.6702;1035.73;498.59;1534.32;;2048
12.6802;1035.73;504.952;1540.68;;2048
12.6902;1035.73;501.79;1537.52;;2048
12.7002;1035.73;502.663;1538.39;;2048
12.7102;1035.73;498.773;1534.5;;2048
12.7202;1035.73;497.745;1533.47;;2048
12.7302;1035.73;497.13;1532.86;;2048
12.7402;1035.73;496.995;1532.72;;2048
12.7502;1035.73;505.032;1540.76;;2048
12.7602;1035.73;497.303;1533.03;;2048
12.7702;1035.73;501.433;1537.16;;2048
12.7802;1035.73;499.046;1534.77;;2048
12.7902;1035.73;494.949;1530.68;;2048
12.8002;1035.73;497.168;1532.9;;2048
12.8102;1035.73;496.628;1532.36;;2048
12.8202;1035.73;502.431;1538.16;;2048
12.8302;1035.73;498.233;1533.96;;2048
12.8402;1035.73;497.888;1533.62;;2048
12.8502;1035.73;497.797;1533.53;;2048
12.8602;1035.73;497.04;1532.77;;2048
12.8702;1035.73;497.656;1533.38;;2048
12.8802;1035.73;496.499;1532.23;;2048
12.8902;1035.73;507.389;1543.12;;2048
12.9002;1035.73;496.964;1532.69;;2048
12.9102;1035.73;497.696;1533.43;;2048
12.9202;1035.73;500.29;1536.02;;2048
12.9302;1035.73;496.866;1532.6;;2048
12.9402;1035.73;497.686;1533.41;;2048
12.9502;1035.73;497.144;1532.87;;2048
12.9602;1035.73;506.419;1542.15;;2048
12.9702;1035.73;507.099;1542.83;;2048
12.9802;1035.73;497.953;1533.68;;2048
12.9902;1035.73;499.307;1535.04;;2048
13.0002;1035.73;495.107;1530.84;;2048
13.0102;1035.73;498.033;1533.76;;2048
13.0202;1035.73;496.625;1532.35;;2048
13.0302;1035.73;507.281;1543.01;;2048
13.0402;1035.73;506.669;1542.4;;2048
13.0502;1035.73;496.369;1532.1;;2048
13.0602;1035.73;499.486;1535.21;;2048
13.0702;1035.73;495.825;1531.55;;2048
13.0802;1035.73;496.03;1531.76;;2048
13.0902;1035.73;496.519;1532.25;;2048
13.1002;1035.73;498.531;1534.26;;2048
13.1102;1035.73;508.604;1544.33;;2048
13.1202;1035.73;498.968;1534.7;;2048
13.1302;1035.73;502.73;1538.46;;2048
13.1402;1035.73;496.255;1531.98;;2048
13.1502;1035.73;495.717;1531.45;;2048
13.1602;1035.73;496.919;1532.65;;2048
13.1702;1035.73;497.849;1533.58;;2048
13.1802;1035.73;499.61;1535.34;;2048
13.1902;1035.73;501.252;1536.98;;2048
13.2002;1035.73;502.756;1538.48;;2048
13.2102;1035.73;498.669;1534.4;;2048
13.2202;1035.73;497.475;1533.2;;2048
13.2302;1035.73;496.789;1532.52;;2048
13.2402;1035.73;497.277;1533.01;;2048
13.2502;1035.73;505.505;1541.23;;2048
13.2602;1035.73;497.123;1532.85;;2048
13.2702;1035.73;502.647;1538.38;;2048
13.2802;1035.73;498.803;1534.53;;2048
13.2902;1035.73;495.019;1530.75;;2048
13.3002;1035.73;496.885;1532.61;;2048
13.3102;1035.73;496.272;1532;;2048
13.3202;1035.73;501.896;1537.62;;2048
13.3302;1035.73;498.222;1533.95;;2048
13.3402;1035.73;498.199;1533.93;;2048
13.3502;1035.73;497.9;1533.63;;2048
13.3602;1035.73;496.802;1532.53;;2048
13.3702;1035.73;497.411;1533.14;;2048
13.3802;1035.73;496.149;1531.88;;2048
13.3902;1035.73;507.225;1542.95;;2048
13.4002;1035.73;496.637;1532.37;;2048
13.4102;1035.73;497.384;1533.11;;2048
13.4202;1035.73;500.356;1536.08;;2048
13.4302;1035.73;496.559;1532.29;;2048
13.4402;1035.73;497.882;1533.61;;2048
13.4502;1035.73;497.13;1532.86;;2048
13.4602;1035.73;505.996;1541.73;;2048
13.4702;1035.73;506.769;1542.5;;2048
13.4802;1035.73;497.167;1532.9;;2048
13.4902;1035.73;499.573;1535.3;;2048
13.5002;1035.73;494.377;1530.11;;2048
13.5102;1035.73;497.559;1533.29;;2048
13.5202;1035.73;496.642;1532.37;;2048
13.5302;1035.73;506.896;1542.63;;2048
13.5402;1035.73;506.494;1542.22;;2048
13.5502;1035.73;495.33;1531.06;;2048
13.5602;1035.73;499.397;1535.13;;2048
13.5702;1035.73;495.525;1531.25;;2048
13.5802;1035.73;496.158;1531.89;;2048
13.5902;1035.73;496.114;1531.84;;2048
13.6002;1035.73;498.403;1534.13;;2048
13.6102;1035.73;508.424;1544.15;;2048
13.6202;1035.73;498.212;1533.94;;2048
13.6302;1035.73;502.572;1538.3;;2048
13.6402;1035.73;496.085;1531.81;;2048
13.6502;1035.73;495.27;1531;;2048
13.6602;1035.73;497.105;1532.83;;2048
13.6702;1035.73;497.605;1533.33;;2048
13.6802;1035.73;498.858;1534.59;;2048
13.6902;1035.73;500.83;1536.56;;2048
13.7002;1035.73;502.761;1538.49;;2048
13.7102;1035.73;498.847;1534.58;;2048
13.7202;1035.73;496.508;1532.24;;2048
13.7302;1035.73;496.765;1532.49;;2048
13.7402;1035.73;496.729;1532.46;;2048
13.7502;1035.73;504.285;1540.01;;2048
13.7602;1035.73;497.033;1532.76;;2048
13.7702;1035.73;502.771;1538.5;;2048
13.7802;1035.73;499.484;1535.21;;2048
13.7902;1035.73;494.151;1529.88;;2048
13.8002;1035.73;496.812;1532.54;;2048
13.8102;1035.73;496.238;1531.97;;2048
13.8202;1035.73;503.857;1539.59;;2048
13.8302;1035.73;497.371;1533.1;;2048
13.8402;1035.73;496.273;1532;;2048
13.8502;1035.73;500.034;1535.76;;2048
13.8602;1035.73;495.817;1531.55;;2048
13.8702;1035.73;497.663;1533.39;;2048
13.8802;1035.73;495.601;1531.33;;2048
13.8902;1035.73;505.271;1541;;2048
13.9002;1035.73;496.735;1532.46;;2048
13.9102;1035.73;497.115;1532.84;;2048
13.9202;1035.73;501.384;1537.11;;2048
13.9302;1035.73;496.765;1532.49;;2048
13.9402;1035.73;497.687;1533.42;;2048
13.9502;1035.73;496.739;1532.47;;2048
13.9602;1035.73;505.983;1541.71;;2048
13.9702;1035.73;506.818;1542.55;;2048
13.9802;1035.73;496.934;1532.66;;2048
13.9902;1035.73;500.277;1536.01;;2048
14.0002;1035.73;494.485;1530.21;;2048
14.0102;1035.73;497.045;1532.77;;2048
14.0202;1035.73;497.155;1532.88;;2048
14.0302;1035.73;503.174;1538.9;;2048
14.0402;1035.73;505.769;1541.5;;2048
14.0502;1035.73;501.967;1537.7;;2048
14.0602;1035.73;499.89;1535.62;;2048
14.0702;1035.73;495.876;1531.6;;2048
14.0802;1035.73;496.134;1531.86;;2048
14.0902;1035.73;495.905;1531.63;;2048
14.1002;1035.73;498.666;1534.39;;2048
14.1102;1035.73;507.912;1543.64;;2048
14.1202;1035.73;498.315;1534.04;;2048
14.1302;1035.73;502.486;1538.22;;2048
14.1402;1035.73;495.706;1531.43;;2048
14.1502;1035.73;495.748;1531.48;;2048
14.1602;1035.73;497.306;1533.03;;2048
14.1702;1035.73;498.022;1533.75;;2048
14.1802;1035.73;499.531;1535.26;;2048
14.1902;1035.73;501.05;1536.78;;2048
14.2002;1035.73;502.343;1538.07;;2048
14.2102;1035.73;498.491;1534.22;;2048
14.2202;1035.73;496.364;1532.09;;2048
14.2302;1035.73;496.533;1532.26;;2048
14.2402;1035.73;497.586;1533.31;;2048
14.2502;1035.73;505.041;1540.77;;2048
14.2602;1035.73;497.158;1532.89;;2048
14.2702;1035.73;503.55;1539.28;;2048
14.2802;1035.73;498.738;1534.47;;2048
14.2902;1035.73;494.816;1530.54;;2048
14.3002;1035.73;496.984;1532.71;;2048
14.3102;1035.73;496.585;1532.31;;2048
14.3202;1035.73;502.634;1538.36;;2048
14.3302;1035.73;498.558;1534.29;;2048
14.3402;1035.73;499.458;1535.19;;2048
14.3502;1035.73;498.005;1533.73;;2048
14.3602;1035.73;496.778;1532.51;;2048
14.3702;1035.73;496.578;1532.31;;2048
14.3802;1035.73;496.602;1532.33;;2048
14.3902;1035.73;506.374;1542.1;;2048
14.4002;1035.73;498.014;1533.74;;2048
14.4102;1035.73;497.656;1533.39;;2048
14.4202;1035.73;500.276;1536;;2048
14.4302;1035.73;497.076;1532.8;;2048
14.4402;1035.73;497.795;1533.52;;2048
14.4502;1035.73;496.869;1532.6;;2048
14.4602;1035.73;504.885;1540.61;;2048
14.4702;1035.73;502.183;1537.91;;2048
14.4802;1035.73;498.11;1533.84;;2048
14.4902;1035.73;498.582;1534.31;;2048
14.5002;1035.73;495.32;1531.05;;2048
14.5102;1035.73;498.3;1534.03;;2048
14.5202;1035.73;496.782;1532.51;;2048
14.5302;1035.73;507.614;1543.34;;2048
14.5402;1035.73;506.34;1542.07;;2048
14.5502;1035.73;494.856;1530.59;;2048
14.5602;1035.73;498.423;1534.15;;2048
14.5702;1035.73;495.99;1531.72;;2048
14.5802;1035.73;497.162;1532.89;;2048
14.5902;1035.73;496.49;1532.22;;2048
14.6002;1035.73;503.404;1539.13;;2048
14.6102;1035.73;504.908;1540.64;;2048
14.6202;1035.73;500.067;1535.8;;2048
14.6302;1035.73;499.865;1535.59;;2048
14.6402;1035.73;494.984;1530.71;;2048
14.6502;1035.73;496.52;1532.25;;2048
14.6602;1035.73;496.178;1531.91;;2048
14.6702;1035.73;498.389;1534.12;;2048
14.6802;1035.73;505.94;1541.67;;2048
14.6902;1035.73;502.351;1538.08;;2048
14.7002;1035.73;500.868;1536.6;;2048
14.7102;1035.73;496.061;1531.79;;2048
14.7202;1035.73;497.6;1533.33;;2048
14.7302;1035.73;496.936;1532.67;;2048
14.7402;1035.73;498.9;1534.63;;2048
14.7502;1035.73;506.078;1541.81;;2048
14.7602;1035.73;498.106;1533.83;;2048
14.7702;1035.73;502.582;1538.31;;2048
14.7802;1035.73;497.835;1533.56;;2048
14.7902;1035.73;495.764;1531.49;;2048
14.8002;1035.73;496.773;1532.5;;2048
14.8102;1035.73;497.072;1532.8;;2048
14.8202;1035.73;502.77;1538.5;;2048
14.8302;1035.73;498.92;1534.65;;2048
14.8402;1035.73;499.979;1535.71;;2048
14.8502;1035.73;498.116;1533.85;;2048
14.8602;1035.73;496.407;1532.14;;2048
14.8702;1035.73;496.945;1532.67;;2048
14.8802;1035.73;496.161;1531.89;;2048
14.8902;1035.73;507.58;1543.31;;2048
14.9002;1035.73;497.811;1533.54;;2048
14.9102;1035.73;497.473;1533.2;;2048
14.9202;1035.73;500.493;1536.22;;2048
14.9302;1035.73;497.187;1532.92;;2048
14.9402;1035.73;497.343;1533.07;;2048
14.9502;1035.73;496.388;1532.12;;2048
14.9602;1035.73;503.987;1539.72;;2048
14.9702;1035.73;496.734;1532.46;;2048
14.9802;1035.73;498.652;1534.38;;2048
14.9902;1035.73;498.468;1534.2;;2048
