0;1037.09;-7.3527;1029.74;;2389.33
0.01;1037.09;-7.24662;1029.84;;2389.33
0.02;1037.09;-7.18082;1029.91;;2389.33
0.03;1037.09;-0.3411;1036.75;;2389.33
0.04;1037.09;12.531;1049.62;;2389.33
0.05;1037.09;26.3031;1063.39;;2389.33
0.06;1037.09;42.6142;1079.7;;2389.33
0.07;1037.09;56.8656;1093.95;;2389.33
0.08;1037.09;70.7567;1107.84;;2389.33
0.09;1037.09;86.7756;1123.86;;2389.33
0.1;1037.09;103.216;1140.3;;2389.33
0.11;1037.09;116.058;1153.15;;2389.33
0.12;1037.09;126.607;1163.7;;2389.33
0.13;1037.09;130.493;1167.58;;2389.33
0.14;1037.09;142.636;1179.72;;2389.33
0.15;1037.09;159.034;1196.12;;2389.33
0.16;1037.09;169.828;1206.92;;2389.33
0.17;1037.09;178.446;1215.53;;2389.33
0.18;1037.09;199.01;1236.1;;2389.33
0.19;1037.09;194.439;1231.53;;2389.33
0.2;1037.09;209.462;1246.55;;2389.33
0.21;1037.09;217.502;1254.59;;2389.33
0.22;1037.09;229.802;1266.89;;2389.33
0.23;1037.09;231.364;1268.45;;2389.33
0.24;1037.09;243.898;1280.99;;2389.33
0.25;1037.09;258.427;1295.52;;2389.33
0.26;1037.09;254.41;1291.5;;2389.33
0.27;1037.09;264.263;1301.35;;2389.33
0.28;1037.09;277.391;1314.48;;2389.33
0.29;1037.09;278.036;1315.12;;2389.33
0.3;1037.09;285.136;1322.22;;2389.33
0.31;1037.09;296.435;1333.52;;2389.33
0.32;1037.09;300.956;1338.04;;2389.33
0.33;1037.09;304.798;1341.89;;2389.33
0.34;1037.09;310.213;1347.3;;2389.33
0.35;1037.09;320.408;1357.5;;2389.33
0.36;1037.09;333.581;1370.67;;2389.33
0.37;1037.09;327.651;1364.74;;2389.33
0.38;1037.09;342.525;1379.61;;2389.33
0.39;1037.09;337.705;1374.79;;2389.33
0.4;1037.09;346.174;1383.26;;2389.33
0.41;1037.09;350.236;1387.32;;2389.33
0.42;1037.09;356.682;1393.77;;2389.33
0.43;1037.09;368.356;1405.44;;2389.33
0.44;1037.09;366.444;1403.53;;2389.33
0.45;1037.09;375.466;1412.55;;2389.33
0.46;1037.09;371.064;1408.15;;2389.33
0.47;1037.09;376.352;1413.44;;2389.33
0.48;1037.09;382.151;1419.24;;2389.33
0.49;1037.09;385.683;1422.77;;2389.33
0.5;1037.09;390.865;1427.95;;2389.33
0.51;1037.09;395.012;1432.1;;2389.33
0.52;1037.09;398.616;1435.7;;2389.33
0.53;1037.09;406.898;1443.99;;2389.33
0.54;1037.09;414.002;1451.09;;2389.33
0.55;1037.09;411.27;1448.36;;2389.33
0.56;1037.09;422.569;1459.66;;2389.33
0.57;1037.09;418.596;1455.68;;2389.33
0.58;1037.09;427.227;1464.31;;2389.33
0.59;1037.09;423.422;1460.51;;2389.33
0.6;1037.09;424.772;1461.86;;2389.33
0.61;1037.09;431.826;1468.91;;2389.33
0.62;1037.09;434.222;1471.31;;2389.33
0.63;1037.09;434.961;1472.05;;2389.33
0.64;1037.09;443.018;1480.11;;2389.33
0.65;1037.09;440.8;1477.89;;2389.33
0.66;1037.09;443.754;1480.84;;2389.33
0.67;1037.09;449.088;1486.18;;2389.33
0.68;1037.09;449.449;1486.54;;2389.33
0.69;1037.09;452.584;1489.67;;2389.33
0.7;1037.09;457.556;1494.64;;2389.33
0.71;1037.09;457.479;1494.57;;2389.33
0.72;1037.09;460.006;1497.09;;2389.33
0.73;1037.09;464.194;1501.28;;2389.33
0.74;1037.09;464.731;1501.82;;2389.33
0.75;1037.09;468.676;1505.76;;2389.33
0.76;1037.09;473.962;1511.05;;2389.33
0.77;1037.09;471.54;1508.63;;2389.33
0.78;1037.09;474.007;1511.09;;2389.33
0.79;1037.09;478.127;1515.22;;2389.33
0.8;1037.09;477.418;1514.51;;2389.33
0.81;1037.09;483.005;1520.09;;2389.33
0.82;1037.09;490.574;1527.66;;2389.33
0.83;1037.09;484.22;1521.31;;2389.33
0.839999;1037.09;486.794;1523.88;;2389.33
0.849999;1037.09;490.628;1527.72;;2389.33
0.859999;1037.09;489.814;1526.9;;2389.33
0.869999;1037.09;495.716;1532.8;;2389.33
0.879999;1037.09;503.412;1540.5;;2389.33
0.889999;1037.09;496.191;1533.28;;2389.33
0.899999;1037.09;505.267;1542.35;;2389.33
0.909999;1037.09;501.5;1538.59;;2389.33
0.919999;1037.09;505.737;1542.82;;2389.33
0.929999;1037.09;507.084;1544.17;;2389.33
0.939999;1037.09;514.407;1551.49;;2389.33
0.949999;1037.09;508.956;1546.04;;2389.33
0.959999;1037.09;515.032;1552.12;;2389.33
0.969999;1037.09;513.356;1550.44;;2389.33
0.979999;1037.09;520.74;1557.83;;2389.33
0.989999;1037.09;516.736;1553.82;;2389.33
0.999999;1037.09;523.344;1560.43;;2389.33
1.01;1037.09;518.946;1556.03;;2389.33
1.02;1037.09;518.011;1555.1;;2389.33
1.03;1037.09;524.564;1561.65;;2389.33
1.04;1037.09;524.163;1561.25;;2389.33
1.05;1037.09;523.719;1560.81;;2389.33
1.06;1037.09;524.58;1561.67;;2389.33
1.07;1037.09;524.409;1561.5;;2389.33
1.08;1037.09;527.939;1565.03;;2389.33
1.09;1037.09;530.961;1568.05;;2389.33
1.1;1037.09;527.536;1564.62;;2389.33
1.11;1037.09;530.191;1567.28;;2389.33
1.12;1037.09;529.956;1567.04;;2389.33
1.13;1037.09;531.958;1569.05;;2389.33
1.14;1037.09;534.671;1571.76;;2389.33
1.15;1037.09;534.796;1571.88;;2389.33
1.16;1037.09;534.287;1571.38;;2389.33
1.17;1037.09;535.47;1572.56;;2389.33
1.18;1037.09;540.909;1578;;2389.33
1.19;1037.09;546.005;1583.09;;2389.33
1.2;1037.09;538.619;1575.71;;2389.33
1.21;1037.09;546.97;1584.06;;2389.33
1.22;1037.09;541.692;1578.78;;2389.33
1.23;1037.09;545.795;1582.88;;2389.33
1.24;1037.09;548.557;1585.65;;2389.33
1.25;1037.09;551.918;1589.01;;2389.33
1.26;1037.09;548.278;1585.37;;2389.33
1.27;1037.09;549.417;1586.51;;2389.33
1.28;1037.09;549.552;1586.64;;2389.33
1.29;1037.09;554.939;1592.03;;2389.33
1.3;1037.09;554.216;1591.3;;2389.33
1.31;1037.09;556.216;1593.3;;2389.33
1.32;1037.09;551.08;1588.17;;2389.33
1.33;1037.09;550.489;1587.58;;2389.33
1.34;1037.09;557.671;1594.76;;2389.33
1.35;1037.09;555.721;1592.81;;2389.33
1.36;1037.09;556.015;1593.1;;2389.33
1.37;1037.09;555.355;1592.44;;2389.33
1.38;1037.09;552.921;1590.01;;2389.33
1.39;1037.09;558.178;1595.27;;2389.33
1.4;1037.09;556.702;1593.79;;2389.33
1.41;1037.09;558.52;1595.61;;2389.33
1.42;1037.09;556.582;1593.67;;2389.33
1.43;1037.09;559.087;1596.17;;2389.33
1.44;1037.09;559.497;1596.58;;2389.33
1.45;1037.09;561.987;1599.08;;2389.33
1.46;1037.09;560.943;1598.03;;2389.33
1.47;1037.09;561.795;1598.88;;2389.33
1.48;1037.09;559.592;1596.68;;2389.33
1.49;1037.09;563.455;1600.54;;2389.33
1.5;1037.09;568.649;1605.74;;2389.33
1.51;1037.09;564.519;1601.61;;2389.33
1.52;1037.09;574.1;1611.19;;2389.33
1.53;1037.09;564.766;1601.85;;2389.33
1.54;1037.09;562.39;1599.48;;2389.33
1.55;1037.09;567.684;1604.77;;2389.33
1.56;1037.09;576.88;1613.97;;2389.33
1.57;1037.09;567.998;1605.09;;2389.33
1.58;1037.09;579.277;1616.36;;2389.33
1.59;1037.09;567.287;1604.38;;2389.33
1.6;1037.09;577.102;1614.19;;2389.33
1.61;1037.09;571.786;1608.87;;2389.33
1.62;1037.09;579.521;1616.61;;2389.33
1.63;1037.09;572.982;1610.07;;2389.33
1.64;1037.09;571.496;1608.58;;2389.33
1.65;1037.09;571.537;1608.63;;2389.33
1.66;1037.09;582.117;1619.21;;2389.33
1.67;1037.09;575.734;1612.82;;2389.33
1.68;1037.09;584.399;1621.49;;2389.33
1.69;1037.09;576.371;1613.46;;2389.33
1.7;1037.09;571.563;1608.65;;2389.33
1.71;1037.09;576.964;1614.05;;2389.33
1.72;1037.09;574.782;1611.87;;2389.33
1.73;1037.09;579.966;1617.05;;2389.33
1.74;1037.09;582.648;1619.74;;2389.33
1.75;1037.09;577.972;1615.06;;2389.33
1.76;1037.09;575.358;1612.45;;2389.33
1.77;1037.09;581.268;1618.36;;2389.33
1.78;1037.09;577.404;1614.49;;2389.33
1.79;1037.09;583.761;1620.85;;2389.33
1.8;1037.09;577.45;1614.54;;2389.33
1.81;1037.09;579.543;1616.63;;2389.33
1.82;1037.09;579.109;1616.2;;2389.33
1.83;1037.09;580.763;1617.85;;2389.33
1.84;1037.09;580.378;1617.47;;2389.33
1.85;1037.09;584.805;1621.89;;2389.33
1.86;1037.09;578.551;1615.64;;2389.33
1.87;1037.09;580.067;1617.16;;2389.33
1.88;1037.09;582.121;1619.21;;2389.33
1.89;1037.09;580.335;1617.42;;2389.33
1.9;1037.09;583.431;1620.52;;2389.33
1.91;1037.09;582.512;1619.6;;2389.33
1.92;1037.09;581.222;1618.31;;2389.33
1.93;1037.09;581.052;1618.14;;2389.33
1.94;1037.09;584.002;1621.09;;2389.33
1.95;1037.09;583.095;1620.18;;2389.33
1.96;1037.09;584.567;1621.66;;2389.33
1.97;1037.09;582.747;1619.84;;2389.33
1.98;1037.09;583.913;1621;;2389.33
1.99;1037.09;581.99;1619.08;;2389.33
2;1037.09;587.026;1624.11;;2389.33
2.01;1037.09;589.646;1626.73;;2389.33
2.02;1037.09;584.798;1621.89;;2389.33
2.03;1037.09;584.612;1621.7;;2389.33
2.04;1037.09;585.93;1623.02;;2389.33
2.05;1037.09;583.202;1620.29;;2389.33
2.06;1037.09;589.702;1626.79;;2389.33
2.07;1037.09;592.557;1629.65;;2389.33
2.08;1037.09;586.431;1623.52;;2389.33
2.09;1037.09;592.782;1629.87;;2389.33
2.1;1037.09;587.424;1624.51;;2389.33
2.11;1037.09;588.018;1625.11;;2389.33
2.12;1037.09;591.619;1628.71;;2389.33
2.13;1037.09;595.641;1632.73;;2389.33
2.14;1037.09;588.956;1626.04;;2389.33
2.15;1037.09;595.716;1632.8;;2389.33
2.16;1037.09;588.682;1625.77;;2389.33
2.17;1037.09;595.088;1632.18;;2389.33
2.18;1037.09;592.661;1629.75;;2389.33
2.19;1037.09;598.266;1635.35;;2389.33
2.2;1037.09;590.785;1627.87;;2389.33
2.21;1037.09;592.832;1629.92;;2389.33
2.22;1037.09;591.66;1628.75;;2389.33
2.23;1037.09;598.413;1635.5;;2389.33
2.24;1037.09;593.421;1630.51;;2389.33
2.25;1037.09;599.426;1636.51;;2389.33
2.26;1037.09;589.925;1627.01;;2389.33
2.27;1037.09;590.185;1627.27;;2389.33
2.28;1037.09;593.979;1631.07;;2389.33
2.29;1037.09;593.729;1630.82;;2389.33
2.3;1037.09;593.77;1630.86;;2389.33
2.31;1037.09;595.924;1633.01;;2389.33
2.32;1037.09;589.337;1626.42;;2389.33
2.33;1037.09;591.841;1628.93;;2389.33
2.34;1037.09;594.624;1631.71;;2389.33
2.35;1037.09;591.511;1628.6;;2389.33
2.36;1037.09;594.033;1631.12;;2389.33
2.37;1037.09;590.854;1627.94;;2389.33
2.38;1037.09;589.66;1626.75;;2389.33
2.39;1037.09;592.858;1629.95;;2389.33
2.4;1037.09;592.479;1629.57;;2389.33
2.41;1037.09;592.303;1629.39;;2389.33
2.42;1037.09;594.377;1631.46;;2389.33
2.43;1037.09;589.968;1627.06;;2389.33
2.44;1037.09;591.116;1628.2;;2389.33
2.45;1037.09;593.39;1630.48;;2389.33
2.46;1037.09;593.197;1630.29;;2389.33
2.47;1037.09;593.55;1630.64;;2389.33
2.48;1037.09;593.857;1630.95;;2389.33
2.49;1037.09;591.525;1628.61;;2389.33
2.5;1037.09;592.345;1629.43;;2389.33
2.51;1037.09;593.783;1630.87;;2389.33
2.52;1037.09;595.809;1632.9;;2389.33
2.53;1037.09;593.859;1630.95;;2389.33
2.54;1037.09;593.819;1630.91;;2389.33
2.55;1037.09;593.152;1630.24;;2389.33
2.56;1037.09;593.46;1630.55;;2389.33
2.57;1037.09;596.332;1633.42;;2389.33
2.58;1037.09;600.405;1637.49;;2389.33
2.59;1037.09;593.633;1630.72;;2389.33
2.6;1037.09;594.259;1631.35;;2389.33
2.61;1037.09;594.622;1631.71;;2389.33
2.62;1037.09;595.099;1632.19;;2389.33
2.63;1037.09;599.96;1637.05;;2389.33
2.64;1037.09;603.362;1640.45;;2389.33
2.65;1037.09;594.665;1631.75;;2389.33
2.66;1037.09;600.074;1637.16;;2389.33
2.67;1037.09;596.346;1633.43;;2389.33
2.68;1037.09;596.816;1633.9;;2389.33
2.69;1037.09;600.996;1638.08;;2389.33
2.7;1037.09;603.77;1640.86;;2389.33
2.71;1037.09;596.821;1633.91;;2389.33
2.72;1037.09;602.346;1639.43;;2389.33
2.73;1037.09;597.965;1635.05;;2389.33
2.74;1037.09;600.682;1637.77;;2389.33
2.75;1037.09;601.852;1638.94;;2389.33
2.76;1037.09;603.712;1640.8;;2389.33
2.77;1037.09;598.867;1635.96;;2389.33
2.78;1037.09;601.172;1638.26;;2389.33
2.79;1037.09;598.743;1635.83;;2389.33
2.8;1037.09;603.154;1640.24;;2389.33
2.81;1037.09;602.465;1639.55;;2389.33
2.82;1037.09;604.024;1641.11;;2389.33
2.83;1037.09;599.466;1636.55;;2389.33
2.84;1037.09;598.123;1635.21;;2389.33
2.85;1037.09;599.484;1636.57;;2389.33
2.86;1037.09;603.831;1640.92;;2389.33
2.87;1037.09;602.665;1639.75;;2389.33
2.88;1037.09;603.581;1640.67;;2389.33
2.89;1037.09;596.797;1633.89;;2389.33
2.9;1037.09;596.222;1633.31;;2389.33
2.91;1037.09;600.937;1638.03;;2389.33
2.92;1037.09;601.606;1638.69;;2389.33
2.93;1037.09;602.041;1639.13;;2389.33
2.94;1037.09;602.755;1639.84;;2389.33
2.95;1037.09;594.592;1631.68;;2389.33
2.96;1037.09;596.263;1633.35;;2389.33
2.97;1037.09;600.747;1637.83;;2389.33
2.98;1037.09;597.98;1635.07;;2389.33
2.99;1037.09;600.315;1637.4;;2389.33
3;1037.09;599.034;1636.12;;2389.33
3.01;1037.09;593.23;1630.32;;2389.33
3.02;1037.09;598.422;1635.51;;2389.33
3.03;1037.09;598.759;1635.85;;2389.33
3.04;1037.09;599.111;1636.2;;2389.33
3.05;1037.09;600.569;1637.66;;2389.33
3.06;1037.09;597.483;1634.57;;2389.33
3.07;1037.09;594.059;1631.15;;2389.33
3.08;1037.09;599.64;1636.73;;2389.33
3.09;1037.09;597.105;1634.19;;2389.33
3.1;1037.09;599.948;1637.04;;2389.33
3.11;1037.09;599.277;1636.37;;2389.33
3.12;1037.09;597.196;1634.28;;2389.33
3.13;1037.09;595.654;1632.74;;2389.33
3.14;1037.09;600.163;1637.25;;2389.33
3.15;1037.09;595.338;1632.43;;2389.33
3.16;1037.09;600.608;1637.7;;2389.33
3.17;1037.09;597.343;1634.43;;2389.33
3.18;1037.09;597.744;1634.83;;2389.33
3.19;1037.09;595.616;1632.7;;2389.33
3.2;1037.09;599.731;1636.82;;2389.33
3.21;1037.09;606.393;1643.48;;2389.33
3.22;1037.09;599.918;1637.01;;2389.33
3.23;1037.09;595.48;1632.57;;2389.33
3.24;1037.09;597.914;1635;;2389.33
3.25;1037.09;596.826;1633.91;;2389.33
3.26;1037.09;600.564;1637.65;;2389.33
3.27;1037.09;608.844;1645.93;;2389.33
3.28;1037.09;598.285;1635.37;;2389.33
3.29;1037.09;606.125;1643.21;;2389.33
3.3;1037.09;598.12;1635.21;;2389.33
3.31;1037.09;603.527;1640.62;;2389.33
3.32;1037.09;602.236;1639.32;;2389.33
3.33;1037.09;609.477;1646.57;;2389.33
3.34;1037.09;598.062;1635.15;;2389.33
3.35;1037.09;608.362;1645.45;;2389.33
3.36;1037.09;598.481;1635.57;;2389.33
3.37;1037.09;607.463;1644.55;;2389.33
3.38;1037.09;602.826;1639.91;;2389.33
3.39;1037.09;610.316;1647.4;;2389.33
3.4;1037.09;599.453;1636.54;;2389.33
3.41;1037.09;602.696;1639.78;;2389.33
3.42;1037.09;599.436;1636.52;;2389.33
3.43;1037.09;607.974;1645.06;;2389.33
3.44;1037.09;603.039;1640.13;;2389.33
3.45;1037.09;609.112;1646.2;;2389.33
3.46;1037.09;601.518;1638.61;;2389.33
3.47;1037.09;597.246;1634.33;;2389.33
3.48;1037.09;601.436;1638.52;;2389.33
3.49;1037.09;603.778;1640.87;;2389.33
3.5;1037.09;604.133;1641.22;;2389.33
3.51;1037.09;599.858;1636.95;;2389.33
3.52;1037.09;600.36;1637.45;;2389.33
3.53;1037.09;597.688;1634.78;;2389.33
3.54;1037.09;603.537;1640.62;;2389.33
3.55;1037.09;599.164;1636.25;;2389.33
3.56;1037.09;603.838;1640.93;;2389.33
3.57;1037.09;597.8;1634.89;;2389.33
3.58;1037.09;598.345;1635.43;;2389.33
3.59;1037.09;599.749;1636.84;;2389.33
3.6;1037.09;603.515;1640.6;;2389.33
3.61;1037.09;599.284;1636.37;;2389.33
3.62;1037.09;603.893;1640.98;;2389.33
3.63;1037.09;597.759;1634.85;;2389.33
3.64;1037.09;597.823;1634.91;;2389.33
3.65;1037.09;600.583;1637.67;;2389.33
3.66;1037.09;601.37;1638.46;;2389.33
3.67;1037.09;599.907;1636.99;;2389.33
3.68;1037.09;603.119;1640.21;;2389.33
3.69;1037.09;598.414;1635.5;;2389.33
3.7;1037.09;598.23;1635.32;;2389.33
3.71;1037.09;601.188;1638.28;;2389.33
3.72;1037.09;599.008;1636.1;;2389.33
3.73;1037.09;600.504;1637.59;;2389.33
3.74;1037.09;598.984;1636.07;;2389.33
3.75;1037.09;599.67;1636.76;;2389.33
3.76;1037.09;597.115;1634.2;;2389.33
3.77;1037.09;601.158;1638.25;;2389.33
3.78;1037.09;602.963;1640.05;;2389.33
3.79;1037.09;599.83;1636.92;;2389.33
3.8;1037.09;597.796;1634.88;;2389.33
3.81;1037.09;600.599;1637.69;;2389.33
3.82;1037.09;597.525;1634.61;;2389.33
3.83;1037.09;602.536;1639.62;;2389.33
3.84;1037.09;607.498;1644.59;;2389.33
3.85;1037.09;599.17;1636.26;;2389.33
3.86;1037.09;602.228;1639.32;;2389.33
3.87;1037.09;602.008;1639.1;;2389.33
3.88;1037.09;603.62;1640.71;;2389.33
3.89;1037.09;603.271;1640.36;;2389.33
3.9;1037.09;608.222;1645.31;;2389.33
3.91;1037.09;599.679;1636.77;;2389.33
3.92;1037.09;606.533;1643.62;;2389.33
3.93;1037.09;602.506;1639.59;;2389.33
3.94;1037.09;606.802;1643.89;;2389.33
3.95;1037.09;603.219;1640.31;;2389.33
3.96;1037.09;608.464;1645.55;;2389.33
3.97;1037.09;600.929;1638.02;;2389.33
3.98;1037.09;605.371;1642.46;;2389.33
3.99;1037.09;602.787;1639.87;;2389.33
4;1037.09;609.084;1646.17;;2389.33
4.01;1037.09;601.427;1638.52;;2389.33
4.02;1037.09;606.362;1643.45;;2389.33
4.03;1037.09;601.568;1638.66;;2389.33
4.04;1037.09;600.093;1637.18;;2389.33
4.05;1037.09;603.66;1640.75;;2389.33
4.06;1037.09;606.091;1643.18;;2389.33
4.07;1037.09;601.293;1638.38;;2389.33
4.08;1037.09;603.594;1640.68;;2389.33
4.09;1037.09;599.722;1636.81;;2389.33
4.1;1037.09;600.527;1637.61;;2389.33
4.11;1037.09;604.566;1641.65;;2389.33
4.12;1037.09;601.615;1638.7;;2389.33
4.13;1037.09;601.273;1638.36;;2389.33
4.14;1037.09;600.889;1637.98;;2389.33
4.15;1037.09;598.605;1635.69;;2389.33
4.16;1037.09;601.098;1638.19;;2389.33
4.17;1037.09;603.32;1640.41;;2389.33
4.18;1037.09;598.819;1635.91;;2389.33
4.19;1037.09;600.5;1637.59;;2389.33
4.2;1037.09;598.771;1635.86;;2389.33
4.21;1037.09;598.642;1635.73;;2389.33
4.22;1037.09;601.388;1638.48;;2389.33
4.23;1037.09;602.233;1639.32;;2389.33
4.24;1037.09;599.285;1636.37;;2389.33
4.25;1037.09;600.486;1637.57;;2389.33
4.26;1037.09;598.344;1635.43;;2389.33
4.27;1037.09;599.332;1636.42;;2389.33
4.28;1037.09;601.275;1638.36;;2389.33
4.29;1037.09;600.938;1638.03;;2389.33
4.3;1037.09;599.306;1636.39;;2389.33
4.31;1037.09;599.865;1636.95;;2389.33
4.32;1037.09;600.083;1637.17;;2389.33
4.33;1037.09;599.962;1637.05;;2389.33
4.34;1037.09;600.258;1637.35;;2389.33
4.35;1037.09;601.687;1638.78;;2389.33
4.36;1037.09;599.426;1636.51;;2389.33
4.37001;1037.09;599.621;1636.71;;2389.33
4.38001;1037.09;601.707;1638.8;;2389.33
4.39001;1037.09;600.46;1637.55;;2389.33
4.40001;1037.09;601.421;1638.51;;2389.33
4.41001;1037.09;606.443;1643.53;;2389.33
4.42001;1037.09;599.667;1636.76;;2389.33
4.43001;1037.09;599.711;1636.8;;2389.33
4.44001;1037.09;603.323;1640.41;;2389.33
4.45001;1037.09;604.69;1641.78;;2389.33
4.46001;1037.09;604.574;1641.66;;2389.33
4.47001;1037.09;608.639;1645.73;;2389.33
4.48001;1037.09;599.733;1636.82;;2389.33
4.49001;1037.09;605.321;1642.41;;2389.33
4.50001;1037.09;604.993;1642.08;;2389.33
4.51001;1037.09;607.476;1644.56;;2389.33
4.52001;1037.09;605.249;1642.34;;2389.33
4.53001;1037.09;606.67;1643.76;;2389.33
4.54001;1037.09;601.798;1638.89;;2389.33
4.55001;1037.09;606.76;1643.85;;2389.33
4.56001;1037.09;604.741;1641.83;;2389.33
4.57001;1037.09;607.793;1644.88;;2389.33
4.58001;1037.09;603.155;1640.24;;2389.33
4.59001;1037.09;603.928;1641.02;;2389.33
4.60001;1037.09;603.362;1640.45;;2389.33
4.61001;1037.09;602.451;1639.54;;2389.33
4.62001;1037.09;605.212;1642.3;;2389.33
4.63001;1037.09;607.789;1644.88;;2389.33
4.64001;1037.09;599.366;1636.45;;2389.33
4.65001;1037.09;601.177;1638.27;;2389.33
4.66001;1037.09;602.492;1639.58;;2389.33
4.67001;1037.09;599.98;1637.07;;2389.33
4.68001;1037.09;606.165;1643.25;;2389.33
4.69001;1037.09;605.112;1642.2;;2389.33
4.70001;1037.09;599.681;1636.77;;2389.33
4.71001;1037.09;600.284;1637.37;;2389.33
4.72001;1037.09;598.738;1635.83;;2389.33
4.73001;1037.09;600.806;1637.89;;2389.33
4.74001;1037.09;605.34;1642.43;;2389.33
4.75001;1037.09;600.271;1637.36;;2389.33
4.76001;1037.09;598.573;1635.66;;2389.33
4.77001;1037.09;600.86;1637.95;;2389.33
4.78001;1037.09;598.116;1635.2;;2389.33
4.79001;1037.09;602.353;1639.44;;2389.33
4.80001;1037.09;602.21;1639.3;;2389.33
4.81002;1037.09;600.437;1637.53;;2389.33
4.82002;1037.09;597.777;1634.86;;2389.33
4.83002;1037.09;600.738;1637.83;;2389.33
4.84002;1037.09;597.665;1634.75;;2389.33
4.85002;1037.09;602.895;1639.98;;2389.33
4.86002;1037.09;599.581;1636.67;;2389.33
4.87002;1037.09;600.984;1638.07;;2389.33
4.88002;1037.09;598.547;1635.64;;2389.33
4.89002;1037.09;600.957;1638.04;;2389.33
4.90002;1037.09;607.563;1644.65;;2389.33
4.91002;1037.09;602.17;1639.26;;2389.33
4.92002;1037.09;599.904;1636.99;;2389.33
4.93002;1037.09;600.57;1637.66;;2389.33
4.94002;1037.09;597.216;1634.3;;2389.33
4.95002;1037.09;602.248;1639.34;;2389.33
4.96002;1037.09;611.492;1648.58;;2389.33
4.97002;1037.09;600.746;1637.83;;2389.33
4.98002;1037.09;609.71;1646.8;;2389.33
4.99002;1037.09;599.858;1636.95;;2389.33
5.00002;1037.09;604.276;1641.36;;2389.33
5.01002;1037.09;604.028;1641.12;;2389.33
5.02002;1037.09;610.194;1647.28;;2389.33
5.03002;1037.09;601.917;1639.01;;2389.33
5.04002;1037.09;602.342;1639.43;;2389.33
5.05002;1037.09;600.241;1637.33;;2389.33
5.06002;1037.09;610.117;1647.21;;2389.33
5.07002;1037.09;604.337;1641.42;;2389.33
5.08002;1037.09;611.022;1648.11;;2389.33
5.09002;1037.09;603.163;1640.25;;2389.33
5.10002;1037.09;597.885;1634.97;;2389.33
5.11002;1037.09;602.43;1639.52;;2389.33
5.12002;1037.09;602.63;1639.72;;2389.33
5.13002;1037.09;604.945;1642.03;;2389.33
5.14002;1037.09;603.256;1640.34;;2389.33
5.15002;1037.09;601.219;1638.31;;2389.33
5.16002;1037.09;598.944;1636.03;;2389.33
5.17002;1037.09;604.465;1641.55;;2389.33
5.18002;1037.09;600.332;1637.42;;2389.33
5.19002;1037.09;605.757;1642.85;;2389.33
5.20002;1037.09;599.493;1636.58;;2389.33
5.21002;1037.09;599.454;1636.54;;2389.33
5.22002;1037.09;600.407;1637.5;;2389.33
5.23002;1037.09;603.917;1641.01;;2389.33
5.24003;1037.09;600.523;1637.61;;2389.33
5.25003;1037.09;605.385;1642.47;;2389.33
5.26003;1037.09;598.481;1635.57;;2389.33
5.27003;1037.09;599.078;1636.17;;2389.33
5.28003;1037.09;601.324;1638.41;;2389.33
5.29003;1037.09;600.616;1637.7;;2389.33
5.30003;1037.09;601.064;1638.15;;2389.33
5.31003;1037.09;602.431;1639.52;;2389.33
5.32003;1037.09;599.301;1636.39;;2389.33
5.33003;1037.09;598.84;1635.93;;2389.33
5.34003;1037.09;601.771;1638.86;;2389.33
5.35003;1037.09;599.535;1636.62;;2389.33
5.36003;1037.09;601.666;1638.75;;2389.33
5.37003;1037.09;599.526;1636.61;;2389.33
5.38003;1037.09;600.29;1637.38;;2389.33
5.39003;1037.09;597.981;1635.07;;2389.33
5.40003;1037.09;602.808;1639.9;;2389.33
5.41003;1037.09;606.784;1643.87;;2389.33
5.42003;1037.09;600.202;1637.29;;2389.33
5.43003;1037.09;600.478;1637.57;;2389.33
5.44003;1037.09;601.807;1638.9;;2389.33
5.45003;1037.09;600.632;1637.72;;2389.33
5.46003;1037.09;604.319;1641.41;;2389.33
5.47003;1037.09;608.72;1645.81;;2389.33
5.48003;1037.09;600.103;1637.19;;2389.33
5.49003;1037.09;607.059;1644.15;;2389.33
5.50003;1037.09;602.308;1639.4;;2389.33
5.51003;1037.09;605.241;1642.33;;2389.33
5.52003;1037.09;603.928;1641.02;;2389.33
5.53003;1037.09;609.303;1646.39;;2389.33
5.54003;1037.09;601.214;1638.3;;2389.33
5.55003;1037.09;604.656;1641.74;;2389.33
5.56003;1037.09;603.009;1640.1;;2389.33
5.57003;1037.09;609.254;1646.34;;2389.33
5.58003;1037.09;601.202;1638.29;;2389.33
5.59003;1037.09;603.902;1640.99;;2389.33
5.60003;1037.09;600.215;1637.3;;2389.33
5.61003;1037.09;600.319;1637.41;;2389.33
5.62003;1037.09;604.301;1641.39;;2389.33
5.63003;1037.09;599.515;1636.6;;2389.33
5.64003;1037.09;599.846;1636.93;;2389.33
5.65003;1037.09;599.498;1636.59;;2389.33
5.66003;1037.09;598.743;1635.83;;2389.33
5.67003;1037.09;601.237;1638.33;;2389.33
5.68004;1037.09;602.558;1639.65;;2389.33
5.69004;1037.09;597.751;1634.84;;2389.33
5.70004;1037.09;599.239;1636.33;;2389.33
5.71004;1037.09;598.531;1635.62;;2389.33
5.72004;1037.09;599.576;1636.66;;2389.33
5.73004;1037.09;601.263;1638.35;;2389.33
5.74004;1037.09;600.48;1637.57;;2389.33
5.75004;1037.09;598.227;1635.32;;2389.33
5.76004;1037.09;599.091;1636.18;;2389.33
5.77004;1037.09;602.884;1639.97;;2389.33
5.78004;1037.09;607.108;1644.2;;2389.33
5.79004;1037.09;600.151;1637.24;;2389.33
5.80004;1037.09;605.221;1642.31;;2389.33
5.81004;1037.09;600.325;1637.41;;2389.33
5.82004;1037.09;601.109;1638.2;;2389.33
5.83004;1037.09;605.913;1643;;2389.33
5.84004;1037.09;608.121;1645.21;;2389.33
5.85004;1037.09;601.851;1638.94;;2389.33
5.86004;1037.09;606.991;1644.08;;2389.33
5.87004;1037.09;601.317;1638.41;;2389.33
5.88004;1037.09;606.371;1643.46;;2389.33
5.89004;1037.09;606.213;1643.3;;2389.33
5.90004;1037.09;607.368;1644.46;;2389.33
5.91004;1037.09;603.263;1640.35;;2389.33
5.92004;1037.09;600.618;1637.71;;2389.33
5.93004;1037.09;602.915;1640;;2389.33
5.94004;1037.09;604.804;1641.89;;2389.33
5.95004;1037.09;603.532;1640.62;;2389.33
5.96004;1037.09;601.966;1639.05;;2389.33
5.97004;1037.09;596.303;1633.39;;2389.33
5.98004;1037.09;599.505;1636.59;;2389.33
5.99004;1037.09;602.9;1639.99;;2389.33
6.00004;1037.09;600.36;1637.45;;2389.33
6.01004;1037.09;600.425;1637.51;;2389.33
6.02004;1037.09;599.106;1636.19;;2389.33
6.03004;1037.09;596.869;1633.96;;2389.33
6.04004;1037.09;601.777;1638.87;;2389.33
6.05004;1037.09;598.72;1635.81;;2389.33
6.06004;1037.09;600.817;1637.91;;2389.33
6.07004;1037.09;597.655;1634.74;;2389.33
6.08004;1037.09;599.345;1636.43;;2389.33
6.09004;1037.09;599.814;1636.9;;2389.33
6.10004;1037.09;601.413;1638.5;;2389.33
6.11004;1037.09;605.333;1642.42;;2389.33
6.12005;1037.09;600.278;1637.37;;2389.33
6.13005;1037.09;596.891;1633.98;;2389.33
6.14005;1037.09;601.031;1638.12;;2389.33
6.15005;1037.09;608.172;1645.26;;2389.33
6.16005;1037.09;600.453;1637.54;;2389.33
6.17005;1037.09;610.027;1647.12;;2389.33
6.18005;1037.09;599.283;1636.37;;2389.33
6.19005;1037.09;604.796;1641.88;;2389.33
6.20005;1037.09;601.923;1639.01;;2389.33
6.21005;1037.09;609.112;1646.2;;2389.33
6.22005;1037.09;602.369;1639.46;;2389.33
6.23005;1037.09;600.778;1637.87;;2389.33
6.24005;1037.09;599.898;1636.99;;2389.33
6.25005;1037.09;609.306;1646.39;;2389.33
6.26005;1037.09;603.525;1640.61;;2389.33
6.27005;1037.09;607.736;1644.82;;2389.33
6.28005;1037.09;600.826;1637.91;;2389.33
6.29005;1037.09;597.828;1634.92;;2389.33
6.30005;1037.09;603.608;1640.7;;2389.33
6.31005;1037.09;599.136;1636.22;;2389.33
6.32005;1037.09;604.705;1641.79;;2389.33
6.33005;1037.09;597.556;1634.64;;2389.33
6.34005;1037.09;597.805;1634.89;;2389.33
6.35005;1037.09;600.016;1637.1;;2389.33
6.36005;1037.09;601.14;1638.23;;2389.33
6.37005;1037.09;599.611;1636.7;;2389.33
6.38005;1037.09;602.665;1639.75;;2389.33
6.39005;1037.09;597.87;1634.96;;2389.33
6.40005;1037.09;597.816;1634.9;;2389.33
6.41005;1037.09;601.088;1638.18;;2389.33
6.42005;1037.09;598.352;1635.44;;2389.33
6.43005;1037.09;600.633;1637.72;;2389.33
6.44005;1037.09;598.637;1635.73;;2389.33
6.45005;1037.09;600.138;1637.23;;2389.33
6.46005;1037.09;597.099;1634.19;;2389.33
6.47005;1037.09;601.909;1639;;2389.33
6.48005;1037.09;607.104;1644.19;;2389.33
6.49005;1037.09;599.047;1636.14;;2389.33
6.50005;1037.09;602.874;1639.96;;2389.33
6.51005;1037.09;602.309;1639.4;;2389.33
6.52005;1037.09;605.245;1642.33;;2389.33
6.53005;1037.09;602.61;1639.7;;2389.33
6.54005;1037.09;607.616;1644.7;;2389.33
6.55006;1037.09;600.295;1637.38;;2389.33
6.56006;1037.09;607.535;1644.62;;2389.33
6.57006;1037.09;602.354;1639.44;;2389.33
6.58006;1037.09;608.87;1645.96;;2389.33
6.59006;1037.09;600.339;1637.43;;2389.33
6.60006;1037.09;601.731;1638.82;;2389.33
6.61006;1037.09;601.78;1638.87;;2389.33
6.62006;1037.09;599.589;1636.68;;2389.33
6.63006;1037.09;603.166;1640.25;;2389.33
6.64006;1037.09;599.678;1636.77;;2389.33
6.65006;1037.09;596.914;1634;;2389.33
6.66006;1037.09;599.132;1636.22;;2389.33
6.67006;1037.09;598.526;1635.61;;2389.33
6.68006;1037.09;599.452;1636.54;;2389.33
6.69006;1037.09;599.872;1636.96;;2389.33
6.70006;1037.09;596.58;1633.67;;2389.33
6.71006;1037.09;598.051;1635.14;;2389.33
6.72006;1037.09;599.416;1636.5;;2389.33
6.73006;1037.09;604.265;1641.35;;2389.33
6.74006;1037.09;598.435;1635.52;;2389.33
6.75006;1037.09;600.449;1637.54;;2389.33
6.76006;1037.09;601.163;1638.25;;2389.33
6.77006;1037.09;604.213;1641.3;;2389.33
6.78006;1037.09;604.218;1641.31;;2389.33
6.79006;1037.09;606.833;1643.92;;2389.33
6.80006;1037.09;600.362;1637.45;;2389.33
6.81006;1037.09;605.616;1642.7;;2389.33
6.82006;1037.09;603.271;1640.36;;2389.33
6.83006;1037.09;606.305;1643.39;;2389.33
6.84006;1037.09;599.757;1636.84;;2389.33
6.85006;1037.09;600.727;1637.82;;2389.33
6.86006;1037.09;602;1639.09;;2389.33
6.87006;1037.09;597.965;1635.05;;2389.33
6.88006;1037.09;604.249;1641.34;;2389.33
6.89006;1037.09;600.227;1637.32;;2389.33
6.90006;1037.09;595.207;1632.29;;2389.33
6.91006;1037.09;598.993;1636.08;;2389.33
6.92006;1037.09;596.464;1633.55;;2389.33
6.93006;1037.09;600.486;1637.57;;2389.33
6.94006;1037.09;599.608;1636.7;;2389.33
6.95006;1037.09;597.634;1634.72;;2389.33
6.96006;1037.09;595.987;1633.08;;2389.33
6.97006;1037.09;599.472;1636.56;;2389.33
6.98006;1037.09;608.811;1645.9;;2389.33
6.99007;1037.09;599.293;1636.38;;2389.33
7.00007;1037.09;602.311;1639.4;;2389.33
7.01007;1037.09;598.684;1635.77;;2389.33
7.02007;1037.09;606.762;1643.85;;2389.33
7.03007;1037.09;602.15;1639.24;;2389.33
7.04007;1037.09;608.02;1645.11;;2389.33
7.05007;1037.09;598.533;1635.62;;2389.33
7.06007;1037.09;604.464;1641.55;;2389.33
7.07007;1037.09;600.406;1637.49;;2389.33
7.08007;1037.09;608.703;1645.79;;2389.33
7.09007;1037.09;602.054;1639.14;;2389.33
7.10007;1037.09;597.007;1634.09;;2389.33
7.11007;1037.09;601.573;1638.66;;2389.33
7.12007;1037.09;597.464;1634.55;;2389.33
7.13007;1037.09;603.134;1640.22;;2389.33
7.14007;1037.09;597.473;1634.56;;2389.33
7.15007;1037.09;600.422;1637.51;;2389.33
7.16007;1037.09;597.874;1634.96;;2389.33
7.17007;1037.09;598.07;1635.16;;2389.33
7.18007;1037.09;599.224;1636.31;;2389.33
7.19007;1037.09;601.341;1638.43;;2389.33
7.20007;1037.09;596.869;1633.96;;2389.33
7.21007;1037.09;597.251;1634.34;;2389.33
7.22007;1037.09;598.884;1635.97;;2389.33
7.23007;1037.09;598.796;1635.88;;2389.33
7.24007;1037.09;599.517;1636.61;;2389.33
7.25007;1037.09;596.832;1633.92;;2389.33
7.26007;1037.09;599.269;1636.36;;2389.33
7.27007;1037.09;596.135;1633.22;;2389.33
7.28007;1037.09;602.651;1639.74;;2389.33
7.29007;1037.09;606.694;1643.78;;2389.33
7.30007;1037.09;598.843;1635.93;;2389.33
7.31007;1037.09;606.59;1643.68;;2389.33
7.32007;1037.09;600.566;1637.65;;2389.33
7.33007;1037.09;605.693;1642.78;;2389.33
7.34007;1037.09;601.717;1638.81;;2389.33
7.35007;1037.09;607.065;1644.15;;2389.33
7.36007;1037.09;600.132;1637.22;;2389.33
7.37007;1037.09;599.121;1636.21;;2389.33
7.38007;1037.09;601.964;1639.05;;2389.33
7.39007;1037.09;603.667;1640.75;;2389.33
7.40007;1037.09;599.264;1636.35;;2389.33
7.41007;1037.09;599.67;1636.76;;2389.33
7.42007;1037.09;597.183;1634.27;;2389.33
7.43008;1037.09;599.182;1636.27;;2389.33
7.44008;1037.09;601.317;1638.41;;2389.33
7.45008;1037.09;596.067;1633.16;;2389.33
7.46008;1037.09;597.529;1634.62;;2389.33
7.47008;1037.09;596.946;1634.03;;2389.33
7.48008;1037.09;598.131;1635.22;;2389.33
7.49008;1037.09;599.634;1636.72;;2389.33
7.50008;1037.09;598.312;1635.4;;2389.33
7.51008;1037.09;597.149;1634.24;;2389.33
7.52008;1037.09;597.612;1634.7;;2389.33
7.53008;1037.09;603.163;1640.25;;2389.33
7.54008;1037.09;607.431;1644.52;;2389.33
7.55008;1037.09;599.113;1636.2;;2389.33
7.56008;1037.09;605.226;1642.31;;2389.33
7.57008;1037.09;600.626;1637.71;;2389.33
7.58008;1037.09;604.832;1641.92;;2389.33
7.59008;1037.09;604.153;1641.24;;2389.33
7.60008;1037.09;606.16;1643.25;;2389.33
7.61008;1037.09;601.599;1638.69;;2389.33
7.62008;1037.09;598.419;1635.51;;2389.33
7.63008;1037.09;602.256;1639.34;;2389.33
7.64008;1037.09;603.756;1640.84;;2389.33
7.65008;1037.09;600.116;1637.2;;2389.33
7.66008;1037.09;599.695;1636.78;;2389.33
7.67008;1037.09;596.062;1633.15;;2389.33
7.68008;1037.09;597.938;1635.03;;2389.33
7.69008;1037.09;602.931;1640.02;;2389.33
7.70008;1037.09;598.55;1635.64;;2389.33
7.71008;1037.09;597.732;1634.82;;2389.33
7.72008;1037.09;598.035;1635.12;;2389.33
7.73008;1037.09;595.262;1632.35;;2389.33
7.74008;1037.09;600.706;1637.79;;2389.33
7.75008;1037.09;597.722;1634.81;;2389.33
7.76008;1037.09;598.717;1635.81;;2389.33
7.77008;1037.09;596.536;1633.62;;2389.33
7.78008;1037.09;599.255;1636.34;;2389.33
7.79008;1037.09;608.44;1645.53;;2389.33
7.80008;1037.09;599.204;1636.29;;2389.33
7.81008;1037.09;607.144;1644.23;;2389.33
7.82008;1037.09;598.114;1635.2;;2389.33
7.83008;1037.09;599.211;1636.3;;2389.33
7.84008;1037.09;602.148;1639.24;;2389.33
7.85008;1037.09;608.435;1645.52;;2389.33
7.86009;1037.09;599.278;1636.37;;2389.33
7.87009;1037.09;604.086;1641.17;;2389.33
7.88009;1037.09;598.396;1635.48;;2389.33
7.89009;1037.09;607.908;1645;;2389.33
7.90009;1037.09;602.72;1639.81;;2389.33
7.91009;1037.09;605.093;1642.18;;2389.33
7.92009;1037.09;600.935;1638.02;;2389.33
7.93009;1037.09;596.602;1633.69;;2389.33
7.94009;1037.09;602.342;1639.43;;2389.33
7.95009;1037.09;597.862;1634.95;;2389.33
7.96009;1037.09;602.442;1639.53;;2389.33
7.97009;1037.09;596.626;1633.71;;2389.33
7.98009;1037.09;596.509;1633.6;;2389.33
7.99009;1037.09;599.702;1636.79;;2389.33
8.00009;1037.09;599.614;1636.7;;2389.33
8.01009;1037.09;597.803;1634.89;;2389.33
8.02009;1037.09;597.667;1634.75;;2389.33
8.03009;1037.09;598.993;1636.08;;2389.33
8.04009;1037.09;598.282;1635.37;;2389.33
8.05009;1037.09;599.164;1636.25;;2389.33
8.06009;1037.09;602.961;1640.05;;2389.33
8.07009;1037.09;599.036;1636.12;;2389.33
8.08009;1037.09;598.234;1635.32;;2389.33
8.09009;1037.09;602.78;1639.87;;2389.33
8.10009;1037.09;606.752;1643.84;;2389.33
8.11009;1037.09;600.071;1637.16;;2389.33
8.12009;1037.09;603.358;1640.45;;2389.33
8.13009;1037.09;599.897;1636.99;;2389.33
8.14009;1037.09;607.334;1644.42;;2389.33
8.15009;1037.09;601.884;1638.97;;2389.33
8.16009;1037.09;607.227;1644.31;;2389.33
8.17009;1037.09;597.651;1634.74;;2389.33
8.18009;1037.09;597.735;1634.82;;2389.33
8.19009;1037.09;601.57;1638.66;;2389.33
8.20009;1037.09;597.862;1634.95;;2389.33
8.21009;1037.09;599.612;1636.7;;2389.33
8.22009;1037.09;597.031;1634.12;;2389.33
8.23009;1037.09;596.233;1633.32;;2389.33
8.24009;1037.09;599.27;1636.36;;2389.33
8.25009;1037.09;598.744;1635.83;;2389.33
8.26009;1037.09;597.137;1634.22;;2389.33
8.27009;1037.09;597.64;1634.73;;2389.33
8.28009;1037.09;597.824;1634.91;;2389.33
8.29009;1037.09;599.235;1636.32;;2389.33
8.30009;1037.09;598.476;1635.56;;2389.33
8.31009;1037.09;603.769;1640.86;;2389.33
8.3201;1037.09;597.755;1634.84;;2389.33
8.3301;1037.09;599.832;1636.92;;2389.33
8.3401;1037.09;604.213;1641.3;;2389.33
8.3501;1037.09;606.231;1643.32;;2389.33
8.3601;1037.09;601.97;1639.06;;2389.33
8.3701;1037.09;601.233;1638.32;;2389.33
8.3801;1037.09;600.745;1637.83;;2389.33
8.3901;1037.09;603.983;1641.07;;2389.33
8.4001;1037.09;602.764;1639.85;;2389.33
8.4101;1037.09;600.564;1637.65;;2389.33
8.4201;1037.09;594.031;1631.12;;2389.33
8.4301;1037.09;597.525;1634.61;;2389.33
8.4401;1037.09;600.42;1637.51;;2389.33
8.4501;1037.09;598.442;1635.53;;2389.33
8.4601;1037.09;597.572;1634.66;;2389.33
8.4701;1037.09;596.954;1634.04;;2389.33
8.4801;1037.09;594.316;1631.4;;2389.33
8.4901;1037.09;600.093;1637.18;;2389.33
8.5001;1037.09;595.447;1632.54;;2389.33
8.5101;1037.09;598.835;1635.92;;2389.33
8.5201;1037.09;596.017;1633.11;;2389.33
8.5301;1037.09;598.921;1636.01;;2389.33
8.5401;1037.09;608.341;1645.43;;2389.33
8.5501;1037.09;598.304;1635.39;;2389.33
8.5601;1037.09;608.558;1645.65;;2389.33
8.5701;1037.09;597.334;1634.42;;2389.33
8.5801;1037.09;606.826;1643.91;;2389.33
8.5901;1037.09;601.725;1638.81;;2389.33
8.6001;1037.09;608.967;1646.06;;2389.33
8.6101;1037.09;600.788;1637.88;;2389.33
8.6201;1037.09;596.081;1633.17;;2389.33
8.6301;1037.09;600.239;1637.33;;2389.33
8.6401;1037.09;598.367;1635.46;;2389.33
8.6501;1037.09;602.693;1639.78;;2389.33
8.6601;1037.09;596.4;1633.49;;2389.33
8.6701;1037.09;596.421;1633.51;;2389.33
8.6801;1037.09;598.25;1635.34;;2389.33
8.6901;1037.09;600.698;1637.79;;2389.33
8.7001;1037.09;597.094;1634.18;;2389.33
8.7101;1037.09;599.128;1636.22;;2389.33
8.7201;1037.09;597.153;1634.24;;2389.33
8.7301;1037.09;596.082;1633.17;;2389.33
8.7401;1037.09;599.229;1636.32;;2389.33
8.7501;1037.09;598.29;1635.38;;2389.33
8.76011;1037.09;598.287;1635.38;;2389.33
8.77011;1037.09;595.702;1632.79;;2389.33
8.78011;1037.09;602.386;1639.47;;2389.33
8.79011;1037.09;605.92;1643.01;;2389.33
8.80011;1037.09;599.987;1637.08;;2389.33
8.81011;1037.09;603.502;1640.59;;2389.33
8.82011;1037.09;599.343;1636.43;;2389.33
8.83011;1037.09;606.635;1643.72;;2389.33
8.84011;1037.09;601.07;1638.16;;2389.33
8.85011;1037.09;605.669;1642.76;;2389.33
8.86011;1037.09;596.573;1633.66;;2389.33
8.87011;1037.09;597.169;1634.26;;2389.33
8.88011;1037.09;600.61;1637.7;;2389.33
8.89011;1037.09;596.458;1633.55;;2389.33
8.90011;1037.09;598.037;1635.13;;2389.33
8.91011;1037.09;594.887;1631.98;;2389.33
8.92011;1037.09;596.209;1633.3;;2389.33
8.93011;1037.09;598.388;1635.48;;2389.33
8.94011;1037.09;597.536;1634.62;;2389.33
8.95011;1037.09;596.376;1633.46;;2389.33
8.96011;1037.09;596.82;1633.91;;2389.33
8.97011;1037.09;600.427;1637.52;;2389.33
8.98011;1037.09;603.438;1640.53;;2389.33
8.99011;1037.09;599.218;1636.31;;2389.33
9.00011;1037.09;605.533;1642.62;;2389.33
9.01011;1037.09;598.429;1635.52;;2389.33
9.02011;1037.09;604.296;1641.38;;2389.33
9.03011;1037.09;603.785;1640.87;;2389.33
9.04011;1037.09;604.849;1641.94;;2389.33
9.05011;1037.09;597.842;1634.93;;2389.33
9.06011;1037.09;595.922;1633.01;;2389.33
9.07011;1037.09;602.437;1639.52;;2389.33
9.08011;1037.09;597.96;1635.05;;2389.33
9.09011;1037.09;597.628;1634.72;;2389.33
9.10011;1037.09;596.132;1633.22;;2389.33
9.11011;1037.09;593.894;1630.98;;2389.33
9.12011;1037.09;599.331;1636.42;;2389.33
9.13011;1037.09;596.121;1633.21;;2389.33
9.14011;1037.09;597.945;1635.03;;2389.33
9.15011;1037.09;595.075;1632.16;;2389.33
9.16011;1037.09;598.234;1635.32;;2389.33
9.17011;1037.09;608.224;1645.31;;2389.33
9.18011;1037.09;597.371;1634.46;;2389.33
9.19011;1037.09;607.775;1644.86;;2389.33
9.20012;1037.09;596.762;1633.85;;2389.33
9.21012;1037.09;605.936;1643.02;;2389.33
9.22012;1037.09;601.569;1638.66;;2389.33
9.23012;1037.09;606.034;1643.12;;2389.33
9.24012;1037.09;599.825;1636.91;;2389.33
9.25012;1037.09;595.457;1632.54;;2389.33
9.26012;1037.09;601.209;1638.3;;2389.33
9.27012;1037.09;596.361;1633.45;;2389.33
9.28012;1037.09;600.684;1637.77;;2389.33
9.29012;1037.09;595.248;1632.34;;2389.33
9.30012;1037.09;595.336;1632.42;;2389.33
9.31012;1037.09;598.439;1635.53;;2389.33
9.32012;1037.09;597.379;1634.47;;2389.33
9.33012;1037.09;596.564;1633.65;;2389.33
9.34012;1037.09;595.814;1632.9;;2389.33
9.35012;1037.09;598.673;1635.76;;2389.33
9.36012;1037.09;600.42;1637.51;;2389.33
9.37012;1037.09;597.62;1634.71;;2389.33
9.38012;1037.09;604.195;1641.28;;2389.33
9.39012;1037.09;598.291;1635.38;;2389.33
9.40012;1037.09;603.282;1640.37;;2389.33
9.41012;1037.09;601.087;1638.17;;2389.33
9.42012;1037.09;606.428;1643.52;;2389.33
9.43012;1037.09;597.981;1635.07;;2389.33
9.44012;1037.09;596.247;1633.33;;2389.33
9.45012;1037.09;600.716;1637.8;;2389.33
9.46012;1037.09;595.204;1632.29;;2389.33
9.47012;1037.09;596.243;1633.33;;2389.33
9.48012;1037.09;594.549;1631.64;;2389.33
9.49012;1037.09;595.609;1632.7;;2389.33
9.50012;1037.09;597.826;1634.91;;2389.33
9.51012;1037.09;596.53;1633.62;;2389.33
9.52012;1037.09;595.213;1632.3;;2389.33
9.53012;1037.09;595.824;1632.91;;2389.33
9.54012;1037.09;602.111;1639.2;;2389.33
9.55012;1037.09;605.579;1642.67;;2389.33
9.56012;1037.09;598.206;1635.29;;2389.33
9.57012;1037.09;603.348;1640.44;;2389.33
9.58012;1037.09;600.069;1637.16;;2389.33
9.59012;1037.09;604.279;1641.37;;2389.33
9.60012;1037.09;598.653;1635.74;;2389.33
9.61012;1037.09;597.217;1634.3;;2389.33
9.62012;1037.09;594.933;1632.02;;2389.33
9.63013;1037.09;596.177;1633.26;;2389.33
9.64013;1037.09;600.342;1637.43;;2389.33
9.65013;1037.09;595.612;1632.7;;2389.33
9.66013;1037.09;593.319;1630.41;;2389.33
9.67013;1037.09;596.48;1633.57;;2389.33
9.68013;1037.09;596.445;1633.53;;2389.33
9.69013;1037.09;598.458;1635.55;;2389.33
9.70013;1037.09;594.031;1631.12;;2389.33
9.71013;1037.09;596.123;1633.21;;2389.33
9.72013;1037.09;597.879;1634.97;;2389.33
9.73013;1037.09;600.335;1637.42;;2389.33
9.74013;1037.09;608.305;1645.39;;2389.33
9.75013;1037.09;596.767;1633.85;;2389.33
9.76013;1037.09;597.65;1634.74;;2389.33
9.77013;1037.09;598.637;1635.73;;2389.33
9.78013;1037.09;607.268;1644.36;;2389.33
9.79013;1037.09;599.623;1636.71;;2389.33
9.80013;1037.09;594.409;1631.5;;2389.33
9.81013;1037.09;597.587;1634.68;;2389.33
9.82013;1037.09;596.016;1633.1;;2389.33
9.83013;1037.09;600.566;1637.65;;2389.33
9.84013;1037.09;594.145;1631.23;;2389.33
9.85013;1037.09;595.141;1632.23;;2389.33
9.86013;1037.09;596.743;1633.83;;2389.33
9.87013;1037.09;598.077;1635.16;;2389.33
9.88013;1037.09;596.743;1633.83;;2389.33
9.89013;1037.09;596.275;1633.36;;2389.33
9.90013;1037.09;598.003;1635.09;;2389.33
9.91013;1037.09;597.044;1634.13;;2389.33
9.92013;1037.09;600.771;1637.86;;2389.33
9.93013;1037.09;605.583;1642.67;;2389.33
9.94013;1037.09;597.589;1634.68;;2389.33
9.95013;1037.09;601.26;1638.35;;2389.33
9.96013;1037.09;599.609;1636.7;;2389.33
9.97013;1037.09;604.171;1641.26;;2389.33
9.98013;1037.09;595.434;1632.52;;2389.33
9.99013;1037.09;596.087;1633.18;;2389.33
10.0001;1037.09;595.069;1632.16;;2389.33
10.0101;1037.09;596.154;1633.24;;2389.33
10.0201;1037.09;596.651;1633.74;;2389.33
10.0301;1037.09;593.372;1630.46;;2389.33
10.0401;1037.09;595.013;1632.1;;2389.33
10.0501;1037.09;597.747;1634.84;;2389.33
10.0601;1037.09;603.963;1641.05;;2389.33
10.0701;1037.09;595.863;1632.95;;2389.33
10.0801;1037.09;601.159;1638.25;;2389.33
10.0901;1037.09;600.368;1637.46;;2389.33
10.1001;1037.09;603.719;1640.81;;2389.33
10.1101;1037.09;599.705;1636.79;;2389.33
10.1201;1037.09;597.523;1634.61;;2389.33
10.1301;1037.09;599.69;1636.78;;2389.33
10.1401;1037.09;595.259;1632.35;;2389.33
10.1501;1037.09;599.907;1637;;2389.33
10.1601;1037.09;594.374;1631.46;;2389.33
10.1701;1037.09;591.931;1629.02;;2389.33
10.1801;1037.09;597.098;1634.19;;2389.33
10.1901;1037.09;592.896;1629.98;;2389.33
10.2001;1037.09;597.605;1634.69;;2389.33
10.2101;1037.09;593.807;1630.89;;2389.33
10.2201;1037.09;595.558;1632.65;;2389.33
10.2301;1037.09;602.533;1639.62;;2389.33
10.2401;1037.09;598.457;1635.54;;2389.33
10.2501;1037.09;606.699;1643.79;;2389.33
10.2601;1037.09;595.195;1632.28;;2389.33
10.2701;1037.09;606.782;1643.87;;2389.33
10.2801;1037.09;598.886;1635.97;;2389.33
10.2901;1037.09;607.054;1644.14;;2389.33
10.3001;1037.09;597.543;1634.63;;2389.33
10.3101;1037.09;594.085;1631.17;;2389.33
10.3201;1037.09;599.673;1636.76;;2389.33
10.3301;1037.09;595.283;1632.37;;2389.33
10.3401;1037.09;600.653;1637.74;;2389.33
10.3501;1037.09;593.648;1630.74;;2389.33
10.3601;1037.09;593.807;1630.9;;2389.33
10.3701;1037.09;596.997;1634.08;;2389.33
10.3801;1037.09;594.379;1631.47;;2389.33
10.3901;1037.09;596.71;1633.8;;2389.33
10.4001;1037.09;594.512;1631.6;;2389.33
10.4101;1037.09;598.042;1635.13;;2389.33
10.4201;1037.09;598.434;1635.52;;2389.33
10.4301;1037.09;599.074;1636.16;;2389.33
10.4401;1037.09;604.574;1641.66;;2389.33
10.4501;1037.09;596.944;1634.03;;2389.33
10.4601;1037.09;605.001;1642.09;;2389.33
10.4701;1037.09;599.54;1636.63;;2389.33
10.4801;1037.09;605.513;1642.6;;2389.33
10.4901;1037.09;594.861;1631.95;;2389.33
10.5001;1037.09;595.225;1632.31;;2389.33
10.5101;1037.09;598.108;1635.2;;2389.33
10.5201;1037.09;595.018;1632.11;;2389.33
10.5301;1037.09;596.628;1633.72;;2389.33
10.5401;1037.09;593.109;1630.2;;2389.33
10.5501;1037.09;595.052;1632.14;;2389.33
10.5601;1037.09;595.59;1632.68;;2389.33
10.5701;1037.09;600.437;1637.53;;2389.33
10.5801;1037.09;595.271;1632.36;;2389.33
10.5901;1037.09;597.846;1634.93;;2389.33
10.6001;1037.09;601.514;1638.6;;2389.33
10.6101;1037.09;603.808;1640.9;;2389.33
10.6201;1037.09;600.247;1637.34;;2389.33
10.6301;1037.09;598.441;1635.53;;2389.33
10.6401;1037.09;598.416;1635.5;;2389.33
10.6501;1037.09;599.775;1636.86;;2389.33
10.6601;1037.09;599.502;1636.59;;2389.33
10.6701;1037.09;596.987;1634.08;;2389.33
10.6801;1037.09;591.417;1628.51;;2389.33
10.6901;1037.09;596.402;1633.49;;2389.33
10.7001;1037.09;594.673;1631.76;;2389.33
10.7101;1037.09;596.179;1633.27;;2389.33
10.7201;1037.09;593.331;1630.42;;2389.33
10.7302;1037.09;595.466;1632.55;;2389.33
10.7402;1037.09;601.46;1638.55;;2389.33
10.7502;1037.09;596.533;1633.62;;2389.33
10.7602;1037.09;604.66;1641.75;;2389.33
10.7702;1037.09;595.259;1632.35;;2389.33
10.7802;1037.09;603.325;1640.41;;2389.33
10.7902;1037.09;599.978;1637.07;;2389.33
10.8002;1037.09;607.077;1644.17;;2389.33
10.8102;1037.09;598.68;1635.77;;2389.33
10.8202;1037.09;594.042;1631.13;;2389.33
10.8302;1037.09;599.317;1636.41;;2389.33
10.8402;1037.09;595.405;1632.49;;2389.33
10.8502;1037.09;599.982;1637.07;;2389.33
10.8602;1037.09;593.857;1630.94;;2389.33
10.8702;1037.09;593.853;1630.94;;2389.33
10.8802;1037.09;596.954;1634.04;;2389.33
10.8902;1037.09;596.377;1633.47;;2389.33
10.9002;1037.09;595.453;1632.54;;2389.33
10.9102;1037.09;594.927;1632.01;;2389.33
10.9202;1037.09;596.778;1633.87;;2389.33
10.9302;1037.09;597.257;1634.35;;2389.33
10.9402;1037.09;596.549;1633.64;;2389.33
10.9502;1037.09;602.427;1639.52;;2389.33
10.9602;1037.09;596.943;1634.03;;2389.33
10.9702;1037.09;600.726;1637.81;;2389.33
10.9802;1037.09;600.551;1637.64;;2389.33
10.9902;1037.09;605.547;1642.63;;2389.33
11.0002;1037.09;597.122;1634.21;;2389.33
11.0102;1037.09;595.277;1632.36;;2389.33
11.0202;1037.09;599.732;1636.82;;2389.33
11.0302;1037.09;594.348;1631.44;;2389.33
11.0402;1037.09;595.352;1632.44;;2389.33
11.0502;1037.09;593.706;1630.79;;2389.33
11.0602;1037.09;594.736;1631.82;;2389.33
11.0702;1037.09;596.719;1633.81;;2389.33
11.0802;1037.09;595.651;1632.74;;2389.33
11.0902;1037.09;594.262;1631.35;;2389.33
11.1002;1037.09;594.815;1631.9;;2389.33
11.1102;1037.09;600.8;1637.89;;2389.33
11.1202;1037.09;604.856;1641.94;;2389.33
11.1302;1037.09;596.988;1634.08;;2389.33
11.1402;1037.09;602.352;1639.44;;2389.33
11.1502;1037.09;599.044;1636.13;;2389.33
11.1602;1037.09;603.396;1640.48;;2389.33
11.1702;1037.09;597.95;1635.04;;2389.33
11.1802;1037.09;595.718;1632.81;;2389.33
11.1902;1037.09;594.15;1631.24;;2389.33
11.2002;1037.09;595.632;1632.72;;2389.33
11.2102;1037.09;598.509;1635.6;;2389.33
11.2202;1037.09;594.485;1631.57;;2389.33
11.2302;1037.09;592.348;1629.44;;2389.33
11.2402;1037.09;595.709;1632.8;;2389.33
11.2502;1037.09;603.257;1640.35;;2389.33
11.2602;1037.09;596.488;1633.58;;2389.33
11.2702;1037.09;600.71;1637.8;;2389.33
11.2802;1037.09;595.76;1632.85;;2389.33
11.2902;1037.09;602.751;1639.84;;2389.33
11.3002;1037.09;599.717;1636.81;;2389.33
11.3102;1037.09;603.577;1640.67;;2389.33
11.3202;1037.09;596.576;1633.66;;2389.33
11.3302;1037.09;595.071;1632.16;;2389.33
11.3402;1037.09;598.821;1635.91;;2389.33
11.3502;1037.09;597.02;1634.11;;2389.33
11.3602;1037.09;596.666;1633.75;;2389.33
11.3702;1037.09;594.72;1631.81;;2389.33
11.3802;1037.09;594.995;1632.08;;2389.33
11.3902;1037.09;596.133;1633.22;;2389.33
11.4002;1037.09;596.559;1633.65;;2389.33
11.4102;1037.09;594.301;1631.39;;2389.33
11.4202;1037.09;593.421;1630.51;;2389.33
11.4302;1037.09;597.63;1634.72;;2389.33
11.4402;1037.09;603.321;1640.41;;2389.33
11.4502;1037.09;595.473;1632.56;;2389.33
11.4602;1037.09;601.118;1638.21;;2389.33
11.4702;1037.09;598.633;1635.72;;2389.33
11.4802;1037.09;603.488;1640.58;;2389.33
11.4902;1037.09;598.422;1635.51;;2389.33
11.5002;1037.09;600.882;1637.97;;2389.33
11.5102;1037.09;597.933;1635.02;;2389.33
11.5202;1037.09;596.014;1633.1;;2389.33
11.5302;1037.09;599.196;1636.28;;2389.33
11.5402;1037.09;595.099;1632.19;;2389.33
11.5502;1037.09;592.859;1629.95;;2389.33
11.5602;1037.09;595.125;1632.21;;2389.33
11.5702;1037.09;594.808;1631.9;;2389.33
11.5802;1037.09;595.515;1632.6;;2389.33
11.5902;1037.09;594.828;1631.92;;2389.33
11.6002;1037.09;595.501;1632.59;;2389.33
11.6102;1037.09;597.811;1634.9;;2389.33
11.6202;1037.09;599.953;1637.04;;2389.33
11.6302;1037.09;603.975;1641.06;;2389.33
11.6402;1037.09;596.142;1633.23;;2389.33
11.6502;1037.09;602.684;1639.77;;2389.33
11.6602;1037.09;600.649;1637.74;;2389.33
11.6702;1037.09;602.874;1639.96;;2389.33
11.6802;1037.09;593.42;1630.51;;2389.33
11.6902;1037.09;594.186;1631.27;;2389.33
11.7002;1037.09;596.381;1633.47;;2389.33
11.7102;1037.09;595.994;1633.08;;2389.33
11.7202;1037.09;596.26;1633.35;;2389.33
11.7302;1037.09;593.693;1630.78;;2389.33
11.7402;1037.09;591.726;1628.81;;2389.33
11.7502;1037.09;596.753;1633.84;;2389.33
11.7602;1037.09;605.046;1642.13;;2389.33
11.7702;1037.09;595.47;1632.56;;2389.33
11.7802;1037.09;598.531;1635.62;;2389.33
11.7902;1037.09;597.232;1634.32;;2389.33
11.8002;1037.09;604.625;1641.71;;2389.33
11.8102;1037.09;598.508;1635.6;;2389.33
11.8202;1037.09;594.27;1631.36;;2389.33
11.8302;1037.09;597.439;1634.53;;2389.33
11.8402;1037.09;595.202;1632.29;;2389.33
11.8502;1037.09;600.139;1637.23;;2389.33
11.8602;1037.09;593.638;1630.73;;2389.33
11.8702;1037.09;593.665;1630.75;;2389.33
11.8802;1037.09;595.708;1632.8;;2389.33
11.8902;1037.09;595.453;1632.54;;2389.33
11.9002;1037.09;595.327;1632.41;;2389.33
11.9102;1037.09;594.567;1631.66;;2389.33
11.9202;1037.09;596.104;1633.19;;2389.33
11.9302;1037.09;594.195;1631.28;;2389.33
11.9402;1037.09;596.698;1633.79;;2389.33
11.9502;1037.09;603.116;1640.2;;2389.33
11.9602;1037.09;595.578;1632.67;;2389.33
11.9702;1037.09;601.905;1638.99;;2389.33
11.9802;1037.09;599.697;1636.79;;2389.33
11.9902;1037.09;605.26;1642.35;;2389.33
12.0002;1037.09;596.229;1633.32;;2389.33
12.0102;1037.09;594.6;1631.69;;2389.33
12.0202;1037.09;598.51;1635.6;;2389.33
12.0302;1037.09;595.141;1632.23;;2389.33
12.0402;1037.09;596.507;1633.59;;2389.33
12.0502;1037.09;592.914;1630;;2389.33
12.0602;1037.09;593.684;1630.77;;2389.33
12.0702;1037.09;596.217;1633.31;;2389.33
12.0802;1037.09;595.37;1632.46;;2389.33
12.0902;1037.09;594.169;1631.26;;2389.33
12.1002;1037.09;594.574;1631.66;;2389.33
12.1102;1037.09;598.831;1635.92;;2389.33
12.1202;1037.09;602.474;1639.56;;2389.33
12.1302;1037.09;597.985;1635.07;;2389.33
12.1402;1037.09;603.51;1640.6;;2389.33
12.1502;1037.09;597.046;1634.13;;2389.33
12.1602;1037.09;602.657;1639.74;;2389.33
12.1702;1037.09;601.604;1638.69;;2389.33
12.1802;1037.09;600.874;1637.96;;2389.33
12.1902;1037.09;594.338;1631.43;;2389.33
12.2002;1037.09;594.294;1631.38;;2389.33
12.2102;1037.09;599.303;1636.39;;2389.33
12.2202;1037.09;595.689;1632.78;;2389.33
12.2302;1037.09;595.16;1632.25;;2389.33
12.2402;1037.09;594.545;1631.63;;2389.33
12.2502;1037.09;591.932;1629.02;;2389.33
12.2602;1037.09;597.731;1634.82;;2389.33
12.2702;1037.09;592.831;1629.92;;2389.33
12.2802;1037.09;596.341;1633.43;;2389.33
12.2902;1037.09;592.762;1629.85;;2389.33
12.3002;1037.09;597.854;1634.94;;2389.33
12.3102;1037.09;606.254;1643.34;;2389.33
12.3202;1037.09;596.104;1633.19;;2389.33
12.3302;1037.09;602.744;1639.83;;2389.33
12.3402;1037.09;596.19;1633.28;;2389.33
12.3502;1037.09;606.193;1643.28;;2389.33
12.3602;1037.09;600.448;1637.54;;2389.33
12.3702;1037.09;596.699;1633.79;;2389.33
12.3802;1037.09;596.877;1633.96;;2389.33
12.3902;1037.09;594.753;1631.84;;2389.33
12.4002;1037.09;600.251;1637.34;;2389.33
12.4102;1037.09;594.409;1631.5;;2389.33
12.4202;1037.09;596.835;1633.92;;2389.33
12.4302;1037.09;594.657;1631.75;;2389.33
12.4402;1037.09;594.193;1631.28;;2389.33
12.4502;1037.09;597.146;1634.23;;2389.33
12.4602;1037.09;594.501;1631.59;;2389.33
12.4702;1037.09;596.583;1633.67;;2389.33
12.4802;1037.09;593.665;1630.75;;2389.33
12.4902;1037.09;600.504;1637.59;;2389.33
12.5002;1037.09;604.31;1641.4;;2389.33
12.5102;1037.09;597.288;1634.38;;2389.33
12.5202;1037.09;601.934;1639.02;;2389.33
12.5302;1037.09;598.284;1635.37;;2389.33
12.5402;1037.09;604.606;1641.69;;2389.33
12.5502;1037.09;598.149;1635.24;;2389.33
12.5602;1037.09;598.047;1635.14;;2389.33
12.5702;1037.09;594.064;1631.15;;2389.33
12.5802;1037.09;596.291;1633.38;;2389.33
12.5902;1037.09;597.848;1634.94;;2389.33
12.6002;1037.09;593.365;1630.45;;2389.33
12.6102;1037.09;594.645;1631.73;;2389.33
12.6202;1037.09;595.048;1632.14;;2389.33
12.6302;1037.09;599.039;1636.13;;2389.33
12.6402;1037.09;595.609;1632.7;;2389.33
12.6502;1037.09;598.414;1635.5;;2389.33
12.6602;1037.09;596.496;1633.58;;2389.33
12.6702;1037.09;599.119;1636.21;;2389.33
12.6802;1037.09;601.915;1639;;2389.33
12.6902;1037.09;603.72;1640.81;;2389.33
12.7002;1037.09;599.141;1636.23;;2389.33
12.7102;1037.09;594.867;1631.95;;2389.33
12.7202;1037.09;600.717;1637.81;;2389.33
12.7302;1037.09;597.411;1634.5;;2389.33
12.7402;1037.09;593.623;1630.71;;2389.33
12.7502;1037.09;595.474;1632.56;;2389.33
12.7602;1037.09;592.814;1629.9;;2389.33
12.7702;1037.09;597.61;1634.7;;2389.33
12.7802;1037.09;594.397;1631.49;;2389.33
12.7902;1037.09;594.911;1632;;2389.33
12.8002;1037.09;592.373;1629.46;;2389.33
12.8102;1037.09;597.206;1634.29;;2389.33
12.8202;1037.09;606.138;1643.23;;2389.33
12.8302;1037.09;595.392;1632.48;;2389.33
12.8402;1037.09;604.074;1641.16;;2389.33
12.8502;1037.09;596.408;1633.5;;2389.33
12.8602;1037.09;604.66;1641.75;;2389.33
12.8702;1037.09;599.736;1636.82;;2389.33
12.8802;1037.09;595.858;1632.95;;2389.33
12.8902;1037.09;598.466;1635.55;;2389.33
12.9002;1037.09;594.77;1631.86;;2389.33
12.9102;1037.09;600.442;1637.53;;2389.33
12.9202;1037.09;594.359;1631.45;;2389.33
12.9302;1037.09;596.346;1633.43;;2389.33
12.9402;1037.09;595.28;1632.37;;2389.33
12.9502;1037.09;595.028;1632.12;;2389.33
12.9602;1037.09;596.902;1633.99;;2389.33
12.9702;1037.09;596.263;1633.35;;2389.33
12.9802;1037.09;594.92;1632.01;;2389.33
12.9902;1037.09;593.915;1631;;2389.33
13.0002;1037.09;598.367;1635.45;;2389.33
13.0102;1037.09;603.756;1640.84;;2389.33
13.0202;1037.09;595.716;1632.8;;2389.33
13.0302;1037.09;602.389;1639.48;;2389.33
13.0402;1037.09;598.95;1636.04;;2389.33
13.0502;1037.09;603.921;1641.01;;2389.33
13.0602;1037.09;598.738;1635.83;;2389.33
13.0702;1037.09;601.085;1638.17;;2389.33
13.0802;1037.09;598.301;1635.39;;2389.33
13.0902;1037.09;595.935;1633.02;;2389.33
13.1002;1037.09;599.757;1636.84;;2389.33
13.1102;1037.09;595.171;1632.26;;2389.33
13.1202;1037.09;593.528;1630.62;;2389.33
13.1302;1037.09;595.551;1632.64;;2389.33
13.1402;1037.09;595.207;1632.3;;2389.33
13.1502;1037.09;595.97;1633.06;;2389.33
13.1602;1037.09;595.668;1632.76;;2389.33
13.1702;1037.09;595.274;1632.36;;2389.33
13.1802;1037.09;596.403;1633.49;;2389.33
13.1902;1037.09;600.08;1637.17;;2389.33
13.2002;1037.09;604.919;1642.01;;2389.33
13.2102;1037.09;595.672;1632.76;;2389.33
13.2202;1037.09;602.35;1639.44;;2389.33
13.2302;1037.09;600.652;1637.74;;2389.33
13.2402;1037.09;603.815;1640.9;;2389.33
13.2502;1037.09;596.851;1633.94;;2389.33
13.2602;1037.09;595.208;1632.3;;2389.33
13.2702;1037.09;598.649;1635.74;;2389.33
13.2802;1037.09;595.416;1632.5;;2389.33
13.2902;1037.09;598.631;1635.72;;2389.33
13.3002;1037.09;594.117;1631.2;;2389.33
13.3102;1037.09;592.7;1629.79;;2389.33
13.3202;1037.09;597.251;1634.34;;2389.33
13.3302;1037.09;594.624;1631.71;;2389.33
13.3402;1037.09;597.274;1634.36;;2389.33
13.3502;1037.09;593.08;1630.17;;2389.33
13.3602;1037.09;596.03;1633.12;;2389.33
13.3702;1037.09;604.307;1641.4;;2389.33
13.3802;1037.09;598.707;1635.79;;2389.33
13.3902;1037.09;602.199;1639.29;;2389.33
13.4002;1037.09;595.74;1632.83;;2389.33
13.4102;1037.09;602.056;1639.14;;2389.33
13.4202;1037.09;599.783;1636.87;;2389.33
13.4302;1037.09;601.737;1638.83;;2389.33
13.4402;1037.09;596.049;1633.14;;2389.33
13.4502;1037.09;594.603;1631.69;;2389.33
13.4602;1037.09;599.118;1636.21;;2389.33
13.4702;1037.09;595.181;1632.27;;2389.33
13.4802;1037.09;598.76;1635.85;;2389.33
13.4902;1037.09;594.052;1631.14;;2389.33
13.5002;1037.09;594.017;1631.11;;2389.33
13.5102;1037.09;597.152;1634.24;;2389.33
13.5202;1037.09;598.454;1635.54;;2389.33
13.5302;1037.09;596.217;1633.31;;2389.33
13.5402;1037.09;594.456;1631.54;;2389.33
13.5502;1037.09;599.56;1636.65;;2389.33
13.5602;1037.09;603.534;1640.62;;2389.33
13.5702;1037.09;598.556;1635.64;;2389.33
13.5802;1037.09;599.87;1636.96;;2389.33
13.5902;1037.09;598.058;1635.15;;2389.33
13.6002;1037.09;600.533;1637.62;;2389.33
13.6102;1037.09;598.389;1635.48;;2389.33
13.6202;1037.09;598.442;1635.53;;2389.33
13.6302;1037.09;592.86;1629.95;;2389.33
13.6402;1037.09;596.044;1633.13;;2389.33
13.6502;1037.09;595.883;1632.97;;2389.33
13.6602;1037.09;594.76;1631.85;;2389.33
13.6702;1037.09;594.636;1631.72;;2389.33
13.6802;1037.09;595.782;1632.87;;2389.33
13.6902;1037.09;598.857;1635.94;;2389.33
13.7002;1037.09;597.043;1634.13;;2389.33
13.7102;1037.09;603.782;1640.87;;2389.33
13.7202;1037.09;596.329;1633.42;;2389.33
13.7302;1037.09;602.193;1639.28;;2389.33
13.7402;1037.09;601.599;1638.69;;2389.33
13.7502;1037.09;603.144;1640.23;;2389.33
13.7602;1037.09;596.629;1633.72;;2389.33
13.7702;1037.09;594.032;1631.12;;2389.33
13.7802;1037.09;600.272;1637.36;;2389.33
13.7902;1037.09;595.66;1632.75;;2389.33
13.8002;1037.09;595.588;1632.68;;2389.33
13.8102;1037.09;594.294;1631.38;;2389.33
13.8202;1037.09;591.595;1628.68;;2389.33
13.8302;1037.09;597.368;1634.46;;2389.33
13.8402;1037.09;592.61;1629.7;;2389.33
13.8502;1037.09;595.673;1632.76;;2389.33
13.8602;1037.09;592.097;1629.19;;2389.33
13.8702;1037.09;598.247;1635.33;;2389.33
13.8802;1037.09;605.635;1642.72;;2389.33
13.8902;1037.09;596.347;1633.44;;2389.33
13.9002;1037.09;598.918;1636.01;;2389.33
13.9102;1037.09;596.631;1633.72;;2389.33
13.9202;1037.09;605.567;1642.66;;2389.33
13.9302;1037.09;600.065;1637.15;;2389.33
13.9402;1037.09;594.162;1631.25;;2389.33
13.9502;1037.09;595.419;1632.51;;2389.33
13.9602;1037.09;595.151;1632.24;;2389.33
13.9702;1037.09;599.316;1636.4;;2389.33
13.9802;1037.09;594.106;1631.19;;2389.33
13.9902;1037.09;595.607;1632.7;;2389.33
14.0002;1037.09;595.057;1632.14;;2389.33
14.0102;1037.09;594.828;1631.92;;2389.33
14.0202;1037.09;596.63;1633.72;;2389.33
14.0302;1037.09;595.805;1632.89;;2389.33
14.0402;1037.09;596.599;1633.69;;2389.33
14.0502;1037.09;594.419;1631.51;;2389.33
14.0602;1037.09;600.361;1637.45;;2389.33
14.0702;1037.09;604.115;1641.2;;2389.33
14.0802;1037.09;596.919;1634.01;;2389.33
14.0902;1037.09;603.246;1640.33;;2389.33
14.1002;1037.09;598.013;1635.1;;2389.33
14.1102;1037.09;604.709;1641.8;;2389.33
14.1202;1037.09;599.192;1636.28;;2389.33
14.1302;1037.09;601.633;1638.72;;2389.33
14.1402;1037.09;595.445;1632.53;;2389.33
14.1502;1037.09;595.869;1632.96;;2389.33
14.1602;1037.09;599.094;1636.18;;2389.33
14.1702;1037.09;593.493;1630.58;;2389.33
14.1802;1037.09;594.71;1631.8;;2389.33
14.1902;1037.09;594.119;1631.21;;2389.33
14.2002;1037.09;596;1633.09;;2389.33
14.2102;1037.09;596.615;1633.7;;2389.33
14.2202;1037.09;595.724;1632.81;;2389.33
14.2302;1037.09;595.366;1632.45;;2389.33
14.2402;1037.09;595.98;1633.07;;2389.33
14.2502;1037.09;601.597;1638.69;;2389.33
14.2602;1037.09;604.633;1641.72;;2389.33
14.2702;1037.09;598.303;1635.39;;2389.33
14.2802;1037.09;599.319;1636.41;;2389.33
14.2902;1037.09;599.8;1636.89;;2389.33
14.3002;1037.09;601.741;1638.83;;2389.33
14.3102;1037.09;595.449;1632.54;;2389.33
14.3202;1037.09;594.893;1631.98;;2389.33
14.3302;1037.09;592.557;1629.65;;2389.33
14.3402;1037.09;596.576;1633.66;;2389.33
14.3502;1037.09;597.047;1634.13;;2389.33
14.3602;1037.09;594.813;1631.9;;2389.33
14.3702;1037.09;593.653;1630.74;;2389.33
14.3802;1037.09;596.24;1633.33;;2389.33
14.3902;1037.09;605.796;1642.88;;2389.33
14.4002;1037.09;596.527;1633.62;;2389.33
14.4102;1037.09;603.204;1640.29;;2389.33
14.4202;1037.09;596.326;1633.41;;2389.33
14.4302;1037.09;605.086;1642.17;;2389.33
14.4402;1037.09;599.974;1637.06;;2389.33
14.4502;1037.09;601.169;1638.26;;2389.33
14.4602;1037.09;597.427;1634.52;;2389.33
14.4702;1037.09;595.047;1632.14;;2389.33
14.4802;1037.09;599.815;1636.9;;2389.33
14.4902;1037.09;595.575;1632.66;;2389.33
14.5002;1037.09;596.737;1633.83;;2389.33
14.5102;1037.09;595.19;1632.28;;2389.33
14.5202;1037.09;594.799;1631.89;;2389.33
14.5302;1037.09;596.466;1633.55;;2389.33
14.5402;1037.09;596.788;1633.88;;2389.33
14.5502;1037.09;594.632;1631.72;;2389.33
14.5602;1037.09;593.708;1630.8;;2389.33
14.5702;1037.09;598.227;1635.31;;2389.33
14.5802;1037.09;603.863;1640.95;;2389.33
14.5902;1037.09;595.693;1632.78;;2389.33
14.6002;1037.09;602.301;1639.39;;2389.33
14.6102;1037.09;599.039;1636.13;;2389.33
14.6202;1037.09;604.054;1641.14;;2389.33
14.6302;1037.09;598.354;1635.44;;2389.33
14.6402;1037.09;599.467;1636.56;;2389.33
14.6502;1037.09;598.07;1635.16;;2389.33
14.6602;1037.09;595.685;1632.77;;2389.33
14.6702;1037.09;599.182;1636.27;;2389.33
14.6802;1037.09;593.486;1630.57;;2389.33
14.6902;1037.09;593.06;1630.15;;2389.33
14.7002;1037.09;595.301;1632.39;;2389.33
14.7102;1037.09;595.502;1632.59;;2389.33
14.7202;1037.09;595.738;1632.83;;2389.33
14.7302;1037.09;595.149;1632.24;;2389.33
14.7402;1037.09;595.658;1632.75;;2389.33
14.7502;1037.09;597.943;1635.03;;2389.33
14.7602;1037.09;600.208;1637.3;;2389.33
14.7702;1037.09;604.351;1641.44;;2389.33
14.7802;1037.09;595.884;1632.97;;2389.33
14.7902;1037.09;602.452;1639.54;;2389.33
14.8002;1037.09;600.491;1637.58;;2389.33
14.8102;1037.09;603.477;1640.56;;2389.33
14.8202;1037.09;595.77;1632.86;;2389.33
14.8302;1037.09;594.237;1631.33;;2389.33
14.8402;1037.09;597.924;1635.01;;2389.33
14.8502;1037.09;595.908;1633;;2389.33
14.8602;1037.09;597.707;1634.8;;2389.33
14.8702;1037.09;593.824;1630.91;;2389.33
14.8802;1037.09;592.659;1629.75;;2389.33
14.8902;1037.09;597.288;1634.38;;2389.33
14.9002;1037.09;600.549;1637.64;;2389.33
14.9102;1037.09;596.678;1633.77;;2389.33
14.9202;1037.09;592.532;1629.62;;2389.33
14.9302;1037.09;596.645;1633.73;;2389.33
14.9402;1037.09;605.841;1642.93;;2389.33
14.9502;1037.09;598.767;1635.85;;2389.33
14.9602;1037.09;598.001;1635.09;;2389.33
14.9702;1037.09;596.412;1633.5;;2389.33
14.9802;1037.09;599.004;1636.09;;2389.33
14.9902;1037.09;599.912;1637;;2389.33
