0;1031.09;-1.48736;1029.61;;1024
0.01;1031.09;-1.32549;1029.77;;1024
0.02;1031.09;-1.23919;1029.85;;1024
0.03;1031.09;-0.766045;1030.33;;1024
0.04;1031.09;2.84711;1033.94;;1024
0.05;1031.09;7.00544;1038.1;;1024
0.06;1031.09;9.06281;1040.16;;1024
0.07;1031.09;13.8666;1044.96;;1024
0.08;1031.09;18.2239;1049.32;;1024
0.09;1031.09;20.4309;1051.52;;1024
0.1;1031.09;22.8487;1053.94;;1024
0.11;1031.09;26.8826;1057.98;;1024
0.12;1031.09;30.4921;1061.58;;1024
0.13;1031.09;33.2851;1064.38;;1024
0.14;1031.09;34.7299;1065.82;;1024
0.15;1031.09;38.6724;1069.77;;1024
0.16;1031.09;41.0501;1072.14;;1024
0.17;1031.09;42.7606;1073.85;;1024
0.18;1031.09;45.5014;1076.59;;1024
0.19;1031.09;48.5482;1079.64;;1024
0.2;1031.09;51.3522;1082.44;;1024
0.21;1031.09;52.1986;1083.29;;1024
0.22;1031.09;54.2279;1085.32;;1024
0.23;1031.09;54.135;1085.23;;1024
0.24;1031.09;57.1737;1088.27;;1024
0.25;1031.09;60.3083;1091.4;;1024
0.26;1031.09;61.1096;1092.2;;1024
0.27;1031.09;61.8988;1092.99;;1024
0.28;1031.09;64.6702;1095.76;;1024
0.29;1031.09;64.225;1095.32;;1024
0.3;1031.09;67.2956;1098.39;;1024
0.31;1031.09;69.2739;1100.37;;1024
0.32;1031.09;68.4746;1099.57;;1024
0.33;1031.09;71.7429;1102.84;;1024
0.34;1031.09;73.8155;1104.91;;1024
0.35;1031.09;72.616;1103.71;;1024
0.36;1031.09;75.731;1106.82;;1024
0.37;1031.09;74.5526;1105.65;;1024
0.38;1031.09;76.7681;1107.86;;1024
0.39;1031.09;76.8321;1107.92;;1024
0.4;1031.09;78.3615;1109.45;;1024
0.41;1031.09;80.4232;1111.52;;1024
0.42;1031.09;79.9252;1111.02;;1024
0.43;1031.09;81.2645;1112.36;;1024
0.44;1031.09;84.0867;1115.18;;1024
0.45;1031.09;83.4645;1114.56;;1024
0.46;1031.09;85.6701;1116.76;;1024
0.47;1031.09;84.6363;1115.73;;1024
0.48;1031.09;85.3555;1116.45;;1024
0.49;1031.09;89.2788;1120.37;;1024
0.5;1031.09;88.2818;1119.37;;1024
0.51;1031.09;89.916;1121.01;;1024
0.52;1031.09;88.5546;1119.65;;1024
0.53;1031.09;90.1238;1121.22;;1024
0.54;1031.09;91.317;1122.41;;1024
0.55;1031.09;91.8963;1122.99;;1024
0.56;1031.09;93.7976;1124.89;;1024
0.57;1031.09;92.6564;1123.75;;1024
0.58;1031.09;93.4564;1124.55;;1024
0.59;1031.09;93.1815;1124.27;;1024
0.6;1031.09;94.3156;1125.41;;1024
0.61;1031.09;96.2853;1127.38;;1024
0.62;1031.09;96.4971;1127.59;;1024
0.63;1031.09;95.4761;1126.57;;1024
0.64;1031.09;96.1286;1127.22;;1024
0.65;1031.09;99.1404;1130.23;;1024
0.66;1031.09;98.6312;1129.72;;1024
0.67;1031.09;98.5436;1129.64;;1024
0.68;1031.09;98.0736;1129.17;;1024
0.69;1031.09;100.313;1131.41;;1024
0.7;1031.09;99.2447;1130.34;;1024
0.71;1031.09;101.02;1132.11;;1024
0.72;1031.09;102.692;1133.79;;1024
0.73;1031.09;101.944;1133.04;;1024
0.74;1031.09;101.588;1132.68;;1024
0.75;1031.09;101.744;1132.84;;1024
0.76;1031.09;104.762;1135.85;;1024
0.77;1031.09;104.612;1135.7;;1024
0.78;1031.09;103.894;1134.99;;1024
0.79;1031.09;102.796;1133.89;;1024
0.8;1031.09;104.182;1135.27;;1024
0.81;1031.09;107.208;1138.3;;1024
0.82;1031.09;105.835;1136.93;;1024
0.83;1031.09;106.882;1137.97;;1024
0.839999;1031.09;105.938;1137.03;;1024
0.849999;1031.09;106.083;1137.18;;1024
0.859999;1031.09;105.965;1137.06;;1024
0.869999;1031.09;108.814;1139.91;;1024
0.879999;1031.09;108.322;1139.41;;1024
0.889999;1031.09;107.848;1138.94;;1024
0.899999;1031.09;106.211;1137.3;;1024
0.909999;1031.09;108.053;1139.15;;1024
0.919999;1031.09;108.606;1139.7;;1024
0.929999;1031.09;109.166;1140.26;;1024
0.939999;1031.09;110.463;1141.56;;1024
0.949999;1031.09;109.169;1140.26;;1024
0.959999;1031.09;109.323;1140.42;;1024
0.969999;1031.09;108.998;1140.09;;1024
0.979999;1031.09;110.459;1141.55;;1024
0.989999;1031.09;110.81;1141.9;;1024
0.999999;1031.09;111.525;1142.62;;1024
1.01;1031.09;112.406;1143.5;;1024
1.02;1031.09;111.416;1142.51;;1024
1.03;1031.09;110.041;1141.13;;1024
1.04;1031.09;112.923;1144.02;;1024
1.05;1031.09;112.439;1143.53;;1024
1.06;1031.09;111.979;1143.07;;1024
1.07;1031.09;111.926;1143.02;;1024
1.08;1031.09;111.808;1142.9;;1024
1.09;1031.09;113.158;1144.25;;1024
1.1;1031.09;112.926;1144.02;;1024
1.11;1031.09;113.443;1144.54;;1024
1.12;1031.09;112.451;1143.54;;1024
1.13;1031.09;110.509;1141.6;;1024
1.14;1031.09;111.551;1142.64;;1024
1.15;1031.09;113.996;1145.09;;1024
1.16;1031.09;113.283;1144.38;;1024
1.17;1031.09;112.751;1143.84;;1024
1.18;1031.09;111.907;1143;;1024
1.19;1031.09;112.682;1143.78;;1024
1.2;1031.09;111.803;1142.9;;1024
1.21;1031.09;115.056;1146.15;;1024
1.22;1031.09;113.392;1144.48;;1024
1.23;1031.09;113.51;1144.6;;1024
1.24;1031.09;112.37;1143.46;;1024
1.25;1031.09;114.231;1145.32;;1024
1.26;1031.09;112.531;1143.62;;1024
1.27;1031.09;115.135;1146.23;;1024
1.28;1031.09;116.326;1147.42;;1024
1.29;1031.09;115.365;1146.46;;1024
1.3;1031.09;114.671;1145.76;;1024
1.31;1031.09;115.028;1146.12;;1024
1.32;1031.09;117.651;1148.74;;1024
1.33;1031.09;116.336;1147.43;;1024
1.34;1031.09;116.61;1147.7;;1024
1.35;1031.09;115.41;1146.5;;1024
1.36;1031.09;115.255;1146.35;;1024
1.37;1031.09;115.03;1146.12;;1024
1.38;1031.09;117.062;1148.15;;1024
1.39;1031.09;117.317;1148.41;;1024
1.4;1031.09;116.379;1147.47;;1024
1.41;1031.09;115.276;1146.37;;1024
1.42;1031.09;115.819;1146.91;;1024
1.43;1031.09;114.266;1145.36;;1024
1.44;1031.09;117.013;1148.11;;1024
1.45;1031.09;117.697;1148.79;;1024
1.46;1031.09;116.188;1147.28;;1024
1.47;1031.09;114.522;1145.61;;1024
1.48;1031.09;115.189;1146.28;;1024
1.49;1031.09;113.92;1145.01;;1024
1.5;1031.09;116.482;1147.57;;1024
1.51;1031.09;115.552;1146.65;;1024
1.52;1031.09;116.311;1147.4;;1024
1.53;1031.09;114.377;1145.47;;1024
1.54;1031.09;115.07;1146.16;;1024
1.55;1031.09;113.921;1145.01;;1024
1.56;1031.09;116.73;1147.82;;1024
1.57;1031.09;116.739;1147.83;;1024
1.58;1031.09;116.371;1147.46;;1024
1.59;1031.09;114.11;1145.2;;1024
1.6;1031.09;115.172;1146.27;;1024
1.61;1031.09;113.548;1144.64;;1024
1.62;1031.09;116.59;1147.68;;1024
1.63;1031.09;117.009;1148.1;;1024
1.64;1031.09;115.816;1146.91;;1024
1.65;1031.09;113.767;1144.86;;1024
1.66;1031.09;115.201;1146.29;;1024
1.67;1031.09;113.886;1144.98;;1024
1.68;1031.09;116.207;1147.3;;1024
1.69;1031.09;117.563;1148.66;;1024
1.7;1031.09;115.55;1146.64;;1024
1.71;1031.09;113.593;1144.69;;1024
1.72;1031.09;115.312;1146.41;;1024
1.73;1031.09;114.74;1145.83;;1024
1.74;1031.09;116.468;1147.56;;1024
1.75;1031.09;116.797;1147.89;;1024
1.76;1031.09;115.554;1146.65;;1024
1.77;1031.09;113.951;1145.04;;1024
1.78;1031.09;115.204;1146.3;;1024
1.79;1031.09;115.032;1146.12;;1024
1.8;1031.09;116.523;1147.62;;1024
1.81;1031.09;116.07;1147.16;;1024
1.82;1031.09;115.49;1146.58;;1024
1.83;1031.09;114.646;1145.74;;1024
1.84;1031.09;115.03;1146.12;;1024
1.85;1031.09;114.744;1145.84;;1024
1.86;1031.09;116.048;1147.14;;1024
1.87;1031.09;115.832;1146.92;;1024
1.88;1031.09;115.436;1146.53;;1024
1.89;1031.09;115.59;1146.68;;1024
1.9;1031.09;114.738;1145.83;;1024
1.91;1031.09;116.191;1147.28;;1024
1.92;1031.09;116.15;1147.24;;1024
1.93;1031.09;116.399;1147.49;;1024
1.94;1031.09;115.423;1146.52;;1024
1.95;1031.09;113.846;1144.94;;1024
1.96;1031.09;114.551;1145.64;;1024
1.97;1031.09;116.796;1147.89;;1024
1.98;1031.09;116.184;1147.28;;1024
1.99;1031.09;116.421;1147.51;;1024
2;1031.09;114.981;1146.07;;1024
2.01;1031.09;112.939;1144.03;;1024
2.02;1031.09;114.347;1145.44;;1024
2.03;1031.09;116.366;1147.46;;1024
2.04;1031.09;115.847;1146.94;;1024
2.05;1031.09;115.734;1146.83;;1024
2.06;1031.09;115;1146.09;;1024
2.07;1031.09;114.083;1145.18;;1024
2.08;1031.09;114.266;1145.36;;1024
2.09;1031.09;116.192;1147.28;;1024
2.1;1031.09;115.547;1146.64;;1024
2.11;1031.09;115.105;1146.2;;1024
2.12;1031.09;114.998;1146.09;;1024
2.13;1031.09;115.244;1146.34;;1024
2.14;1031.09;114.189;1145.28;;1024
2.15;1031.09;117.185;1148.28;;1024
2.16;1031.09;115.588;1146.68;;1024
2.17;1031.09;115.222;1146.31;;1024
2.18;1031.09;115.048;1146.14;;1024
2.19;1031.09;115.216;1146.31;;1024
2.2;1031.09;113.954;1145.05;;1024
2.21;1031.09;116.743;1147.84;;1024
2.22;1031.09;115.612;1146.7;;1024
2.23;1031.09;115.716;1146.81;;1024
2.24;1031.09;115.067;1146.16;;1024
2.25;1031.09;114.227;1145.32;;1024
2.26;1031.09;113.943;1145.04;;1024
2.27;1031.09;117.635;1148.73;;1024
2.28;1031.09;116.383;1147.48;;1024
2.29;1031.09;116.24;1147.33;;1024
2.3;1031.09;114.758;1145.85;;1024
2.31;1031.09;115.493;1146.59;;1024
2.32;1031.09;117.548;1148.64;;1024
2.33;1031.09;117.584;1148.68;;1024
2.34;1031.09;117.646;1148.74;;1024
2.35;1031.09;116.633;1147.73;;1024
2.36;1031.09;114.55;1145.64;;1024
2.37;1031.09;115.739;1146.83;;1024
2.38;1031.09;116.823;1147.92;;1024
2.39;1031.09;117.414;1148.51;;1024
2.4;1031.09;119.032;1150.12;;1024
2.41;1031.09;116.476;1147.57;;1024
2.42;1031.09;114.598;1145.69;;1024
2.43;1031.09;115.518;1146.61;;1024
2.44;1031.09;113.542;1144.63;;1024
2.45;1031.09;117.394;1148.49;;1024
2.46;1031.09;117.818;1148.91;;1024
2.47;1031.09;116.42;1147.51;;1024
2.48;1031.09;114.422;1145.51;;1024
2.49;1031.09;115.276;1146.37;;1024
2.5;1031.09;114.71;1145.8;;1024
2.51;1031.09;117.638;1148.73;;1024
2.52;1031.09;115.832;1146.92;;1024
2.53;1031.09;116.324;1147.42;;1024
2.54;1031.09;114.527;1145.62;;1024
2.55;1031.09;115.523;1146.62;;1024
2.56;1031.09;116.707;1147.8;;1024
2.57;1031.09;117.676;1148.77;;1024
2.58;1031.09;117.036;1148.13;;1024
2.59;1031.09;116.68;1147.77;;1024
2.6;1031.09;114.488;1145.58;;1024
2.61;1031.09;116.226;1147.32;;1024
2.62;1031.09;118.121;1149.21;;1024
2.63;1031.09;117.78;1148.87;;1024
2.64;1031.09;118.424;1149.52;;1024
2.65;1031.09;117.176;1148.27;;1024
2.66;1031.09;114.416;1145.51;;1024
2.67;1031.09;116.713;1147.81;;1024
2.68;1031.09;117.909;1149;;1024
2.69;1031.09;117.755;1148.85;;1024
2.7;1031.09;118.743;1149.84;;1024
2.71;1031.09;117.243;1148.34;;1024
2.72;1031.09;114.922;1146.01;;1024
2.73;1031.09;116.596;1147.69;;1024
2.74;1031.09;116.992;1148.08;;1024
2.75;1031.09;117.88;1148.97;;1024
2.76;1031.09;118.179;1149.27;;1024
2.77;1031.09;116.947;1148.04;;1024
2.78;1031.09;116.202;1147.3;;1024
2.79;1031.09;116.517;1147.61;;1024
2.8;1031.09;117.05;1148.14;;1024
2.81;1031.09;118.032;1149.12;;1024
2.82;1031.09;117.614;1148.71;;1024
2.83;1031.09;116.892;1147.98;;1024
2.84;1031.09;118.051;1149.14;;1024
2.85;1031.09;116.293;1147.39;;1024
2.86;1031.09;117.948;1149.04;;1024
2.87;1031.09;118.299;1149.39;;1024
2.88;1031.09;117.383;1148.48;;1024
2.89;1031.09;116.915;1148.01;;1024
2.9;1031.09;117.148;1148.24;;1024
2.91;1031.09;116.017;1147.11;;1024
2.92;1031.09;118.755;1149.85;;1024
2.93;1031.09;118.357;1149.45;;1024
2.94;1031.09;117.744;1148.84;;1024
2.95;1031.09;117.105;1148.2;;1024
2.96;1031.09;114.569;1145.66;;1024
2.97;1031.09;116.399;1147.49;;1024
2.98;1031.09;119.427;1150.52;;1024
2.99;1031.09;118.363;1149.46;;1024
3;1031.09;118.205;1149.3;;1024
3.01;1031.09;117.052;1148.14;;1024
3.02;1031.09;114.346;1145.44;;1024
3.03;1031.09;115.959;1147.05;;1024
3.04;1031.09;119.149;1150.24;;1024
3.05;1031.09;118.001;1149.09;;1024
3.06;1031.09;117.842;1148.94;;1024
3.07;1031.09;116.76;1147.85;;1024
3.08;1031.09;115.997;1147.09;;1024
3.09;1031.09;116.022;1147.11;;1024
3.1;1031.09;118.307;1149.4;;1024
3.11;1031.09;117.786;1148.88;;1024
3.12;1031.09;117.179;1148.27;;1024
3.13;1031.09;116.508;1147.6;;1024
3.14;1031.09;117.572;1148.66;;1024
3.15;1031.09;115.877;1146.97;;1024
3.16;1031.09;118.573;1149.67;;1024
3.17;1031.09;117.931;1149.02;;1024
3.18;1031.09;116.949;1148.04;;1024
3.19;1031.09;116.564;1147.66;;1024
3.2;1031.09;117.115;1148.21;;1024
3.21;1031.09;115.624;1146.72;;1024
3.22;1031.09;119.086;1150.18;;1024
3.23;1031.09;117.999;1149.09;;1024
3.24;1031.09;117.277;1148.37;;1024
3.25;1031.09;116.596;1147.69;;1024
3.26;1031.09;116.624;1147.72;;1024
3.27;1031.09;115.656;1146.75;;1024
3.28;1031.09;119.313;1150.41;;1024
3.29;1031.09;117.877;1148.97;;1024
3.3;1031.09;117.693;1148.79;;1024
3.31;1031.09;116.645;1147.74;;1024
3.32;1031.09;116.524;1147.62;;1024
3.33;1031.09;116.149;1147.24;;1024
3.34;1031.09;119.588;1150.68;;1024
3.35;1031.09;118.317;1149.41;;1024
3.36;1031.09;118.023;1149.12;;1024
3.37;1031.09;116.383;1147.48;;1024
3.38;1031.09;116.661;1147.75;;1024
3.39;1031.09;119.732;1150.82;;1024
3.4;1031.09;119.295;1150.39;;1024
3.41;1031.09;119.495;1150.59;;1024
3.42;1031.09;118.239;1149.33;;1024
3.43;1031.09;116.511;1147.6;;1024
3.44;1031.09;117.717;1148.81;;1024
3.45;1031.09;119.288;1150.38;;1024
3.46;1031.09;119.102;1150.19;;1024
3.47;1031.09;120.887;1151.98;;1024
3.48;1031.09;118.454;1149.55;;1024
3.49;1031.09;116.356;1147.45;;1024
3.5;1031.09;117.526;1148.62;;1024
3.51;1031.09;115.83;1146.92;;1024
3.52;1031.09;119.263;1150.36;;1024
3.53;1031.09;119.571;1150.66;;1024
3.54;1031.09;118.124;1149.22;;1024
3.55;1031.09;116.224;1147.32;;1024
3.56;1031.09;117.143;1148.24;;1024
3.57;1031.09;118.832;1149.93;;1024
3.58;1031.09;118.821;1149.91;;1024
3.59;1031.09;117.522;1148.61;;1024
3.6;1031.09;117.796;1148.89;;1024
3.61;1031.09;116.085;1147.18;;1024
3.62;1031.09;116.822;1147.91;;1024
3.63;1031.09;118.437;1149.53;;1024
3.64;1031.09;118.731;1149.82;;1024
3.65;1031.09;117.803;1148.9;;1024
3.66;1031.09;118.009;1149.1;;1024
3.67;1031.09;115.881;1146.97;;1024
3.68;1031.09;116.666;1147.76;;1024
3.69;1031.09;115.272;1146.36;;1024
3.7;1031.09;117.789;1148.88;;1024
3.71;1031.09;117.331;1148.42;;1024
3.72;1031.09;117.822;1148.92;;1024
3.73;1031.09;115.573;1146.67;;1024
3.74;1031.09;116.661;1147.75;;1024
3.75;1031.09;115.229;1146.32;;1024
3.76;1031.09;117.182;1148.28;;1024
3.77;1031.09;117.426;1148.52;;1024
3.78;1031.09;117.606;1148.7;;1024
3.79;1031.09;115.486;1146.58;;1024
3.8;1031.09;116.872;1147.96;;1024
3.81;1031.09;115.29;1146.38;;1024
3.82;1031.09;117.131;1148.22;;1024
3.83;1031.09;117.908;1149;;1024
3.84;1031.09;117.448;1148.54;;1024
3.85;1031.09;115.689;1146.78;;1024
3.86;1031.09;117.21;1148.3;;1024
3.87;1031.09;115.393;1146.49;;1024
3.88;1031.09;116.684;1147.78;;1024
3.89;1031.09;117.704;1148.8;;1024
3.9;1031.09;117.606;1148.7;;1024
3.91;1031.09;115.924;1147.02;;1024
3.92;1031.09;117.537;1148.63;;1024
3.93;1031.09;115.382;1146.47;;1024
3.94;1031.09;118.05;1149.14;;1024
3.95;1031.09;118.957;1150.05;;1024
3.96;1031.09;117.666;1148.76;;1024
3.97;1031.09;116.933;1148.03;;1024
3.98;1031.09;117.592;1148.68;;1024
3.99;1031.09;115.247;1146.34;;1024
4;1031.09;117.982;1149.07;;1024
4.01;1031.09;118.892;1149.98;;1024
4.02;1031.09;117.769;1148.86;;1024
4.03;1031.09;118.605;1149.7;;1024
4.04;1031.09;117.63;1148.72;;1024
4.05;1031.09;116.528;1147.62;;1024
4.06;1031.09;118.716;1149.81;;1024
4.07;1031.09;118.074;1149.17;;1024
4.08;1031.09;117.932;1149.02;;1024
4.09;1031.09;117.586;1148.68;;1024
4.1;1031.09;117.666;1148.76;;1024
4.11;1031.09;121.628;1152.72;;1024
4.12;1031.09;118.614;1149.71;;1024
4.13;1031.09;117.992;1149.08;;1024
4.14;1031.09;118.032;1149.12;;1024
4.15;1031.09;115.831;1146.92;;1024
4.16;1031.09;117.833;1148.93;;1024
4.17;1031.09;121.206;1152.3;;1024
4.18;1031.09;118.717;1149.81;;1024
4.19;1031.09;118.713;1149.81;;1024
4.2;1031.09;118.327;1149.42;;1024
4.21;1031.09;116.897;1147.99;;1024
4.22;1031.09;117.997;1149.09;;1024
4.23;1031.09;115.961;1147.05;;1024
4.24;1031.09;118.788;1149.88;;1024
4.25;1031.09;119.298;1150.39;;1024
4.26;1031.09;118.542;1149.63;;1024
4.27;1031.09;118.066;1149.16;;1024
4.28;1031.09;118.11;1149.2;;1024
4.29;1031.09;116.262;1147.35;;1024
4.3;1031.09;118.558;1149.65;;1024
4.31;1031.09;119.244;1150.34;;1024
4.32;1031.09;118.577;1149.67;;1024
4.33;1031.09;118.73;1149.82;;1024
4.34;1031.09;118.097;1149.19;;1024
4.35;1031.09;118.835;1149.93;;1024
4.36;1031.09;118.73;1149.82;;1024
4.37001;1031.09;119.484;1150.58;;1024
4.38001;1031.09;118.541;1149.63;;1024
4.39001;1031.09;118.4;1149.49;;1024
4.40001;1031.09;117.987;1149.08;;1024
4.41001;1031.09;120.868;1151.96;;1024
4.42001;1031.09;118.876;1149.97;;1024
4.43001;1031.09;119.484;1150.58;;1024
4.44001;1031.09;118.734;1149.83;;1024
4.45001;1031.09;117.732;1148.82;;1024
4.46001;1031.09;117.863;1148.96;;1024
4.47001;1031.09;120.845;1151.94;;1024
4.48001;1031.09;118.985;1150.08;;1024
4.49001;1031.09;119.435;1150.53;;1024
4.50001;1031.09;118.632;1149.72;;1024
4.51001;1031.09;117.777;1148.87;;1024
4.52001;1031.09;118.001;1149.09;;1024
4.53001;1031.09;119.382;1150.47;;1024
4.54001;1031.09;119.131;1150.22;;1024
4.55001;1031.09;119.615;1150.71;;1024
4.56001;1031.09;118.679;1149.77;;1024
4.57001;1031.09;118.309;1149.4;;1024
4.58001;1031.09;118.014;1149.11;;1024
4.59001;1031.09;118.757;1149.85;;1024
4.60001;1031.09;119.178;1150.27;;1024
4.61001;1031.09;119.752;1150.84;;1024
4.62001;1031.09;118.42;1149.51;;1024
4.63001;1031.09;118.903;1150;;1024
4.64001;1031.09;118.193;1149.29;;1024
4.65001;1031.09;118.937;1150.03;;1024
4.66001;1031.09;119.383;1150.48;;1024
4.67001;1031.09;119.988;1151.08;;1024
4.68001;1031.09;118.543;1149.64;;1024
4.69001;1031.09;119.268;1150.36;;1024
4.70001;1031.09;117.996;1149.09;;1024
4.71001;1031.09;119.584;1150.68;;1024
4.72001;1031.09;119.758;1150.85;;1024
4.73001;1031.09;120.265;1151.36;;1024
4.74001;1031.09;118.391;1149.48;;1024
4.75001;1031.09;118.97;1150.06;;1024
4.76001;1031.09;118.235;1149.33;;1024
4.77001;1031.09;120.543;1151.64;;1024
4.78001;1031.09;120.879;1151.97;;1024
4.79001;1031.09;120.285;1151.38;;1024
4.80001;1031.09;118.575;1149.67;;1024
4.81002;1031.09;119.147;1150.24;;1024
4.82002;1031.09;118.202;1149.29;;1024
4.83002;1031.09;120.52;1151.61;;1024
4.84002;1031.09;120.987;1152.08;;1024
4.85002;1031.09;120.338;1151.43;;1024
4.86002;1031.09;118.463;1149.56;;1024
4.87002;1031.09;119.295;1150.39;;1024
4.88002;1031.09;118.358;1149.45;;1024
4.89002;1031.09;119.982;1151.07;;1024
4.90002;1031.09;120.087;1151.18;;1024
4.91002;1031.09;119.946;1151.04;;1024
4.92002;1031.09;118.421;1149.51;;1024
4.93002;1031.09;119.759;1150.85;;1024
4.94002;1031.09;118.157;1149.25;;1024
4.95002;1031.09;119.609;1150.7;;1024
4.96002;1031.09;119.903;1151;;1024
4.97002;1031.09;120.115;1151.21;;1024
4.98002;1031.09;118.706;1149.8;;1024
4.99002;1031.09;120.217;1151.31;;1024
5.00002;1031.09;118.515;1149.61;;1024
5.01002;1031.09;119.309;1150.4;;1024
5.02002;1031.09;119.678;1150.77;;1024
5.03002;1031.09;120.407;1151.5;;1024
5.04002;1031.09;119.317;1150.41;;1024
5.05002;1031.09;120.454;1151.55;;1024
5.06002;1031.09;118.418;1149.51;;1024
5.07002;1031.09;119.753;1150.85;;1024
5.08002;1031.09;119.62;1150.71;;1024
5.09002;1031.09;120.572;1151.66;;1024
5.10002;1031.09;121.156;1152.25;;1024
5.11002;1031.09;120.575;1151.67;;1024
5.12002;1031.09;118.515;1149.61;;1024
5.13002;1031.09;120.885;1151.98;;1024
5.14002;1031.09;120.364;1151.46;;1024
5.15002;1031.09;120.764;1151.86;;1024
5.16002;1031.09;121.119;1152.21;;1024
5.17002;1031.09;120.645;1151.74;;1024
5.18002;1031.09;118.636;1149.73;;1024
5.19002;1031.09;121.838;1152.93;;1024
5.20002;1031.09;121.219;1152.31;;1024
5.21002;1031.09;120.643;1151.74;;1024
5.22002;1031.09;119.893;1150.99;;1024
5.23002;1031.09;121.062;1152.15;;1024
5.24003;1031.09;119.638;1150.73;;1024
5.25003;1031.09;121.973;1153.07;;1024
5.26003;1031.09;121.317;1152.41;;1024
5.27003;1031.09;120.951;1152.04;;1024
5.28003;1031.09;119.476;1150.57;;1024
5.29003;1031.09;121.272;1152.36;;1024
5.30003;1031.09;124.972;1156.06;;1024
5.31003;1031.09;121.829;1152.92;;1024
5.32003;1031.09;121.486;1152.58;;1024
5.33003;1031.09;121.349;1152.44;;1024
5.34003;1031.09;120.633;1151.73;;1024
5.35003;1031.09;121.372;1152.46;;1024
5.36003;1031.09;124.168;1155.26;;1024
5.37003;1031.09;121.699;1152.79;;1024
5.38003;1031.09;121.552;1152.64;;1024
5.39003;1031.09;121.784;1152.88;;1024
5.40003;1031.09;122.048;1153.14;;1024
5.41003;1031.09;121.373;1152.47;;1024
5.42003;1031.09;118.564;1149.66;;1024
5.43003;1031.09;121.728;1152.82;;1024
5.44003;1031.09;122.12;1153.21;;1024
5.45003;1031.09;121.721;1152.81;;1024
5.46003;1031.09;121.96;1153.05;;1024
5.47003;1031.09;121.318;1152.41;;1024
5.48003;1031.09;119.747;1150.84;;1024
5.49003;1031.09;122.037;1153.13;;1024
5.50003;1031.09;122.765;1153.86;;1024
5.51003;1031.09;121.789;1152.88;;1024
5.52003;1031.09;121.159;1152.25;;1024
5.53003;1031.09;121.343;1152.44;;1024
5.54003;1031.09;121.696;1152.79;;1024
5.55003;1031.09;122.121;1153.21;;1024
5.56003;1031.09;122.994;1154.09;;1024
5.57003;1031.09;121.667;1152.76;;1024
5.58003;1031.09;120.871;1151.96;;1024
5.59003;1031.09;121.497;1152.59;;1024
5.60003;1031.09;124.007;1155.1;;1024
5.61003;1031.09;122.201;1153.29;;1024
5.62003;1031.09;122.871;1153.96;;1024
5.63003;1031.09;121.76;1152.85;;1024
5.64003;1031.09;121.297;1152.39;;1024
5.65003;1031.09;121.484;1152.58;;1024
5.66003;1031.09;123.753;1154.85;;1024
5.67003;1031.09;122.136;1153.23;;1024
5.68004;1031.09;122.497;1153.59;;1024
5.69004;1031.09;121.536;1152.63;;1024
5.70004;1031.09;121.668;1152.76;;1024
5.71004;1031.09;121.522;1152.61;;1024
5.72004;1031.09;122.541;1153.63;;1024
5.73004;1031.09;122.235;1153.33;;1024
5.74004;1031.09;122.657;1153.75;;1024
5.75004;1031.09;121.609;1152.7;;1024
5.76004;1031.09;122.193;1153.29;;1024
5.77004;1031.09;121.707;1152.8;;1024
5.78004;1031.09;121.634;1152.73;;1024
5.79004;1031.09;122.119;1153.21;;1024
5.80004;1031.09;122.959;1154.05;;1024
5.81004;1031.09;121.612;1152.7;;1024
5.82004;1031.09;122.295;1153.39;;1024
5.83004;1031.09;121.632;1152.72;;1024
5.84004;1031.09;122.111;1153.2;;1024
5.85004;1031.09;122.35;1153.44;;1024
5.86004;1031.09;123.348;1154.44;;1024
5.87004;1031.09;121.663;1152.76;;1024
5.88004;1031.09;122.296;1153.39;;1024
5.89004;1031.09;121.734;1152.83;;1024
5.90004;1031.09;123.176;1154.27;;1024
5.91004;1031.09;122.438;1153.53;;1024
5.92004;1031.09;123.535;1154.63;;1024
5.93004;1031.09;121.551;1152.64;;1024
5.94004;1031.09;122.221;1153.31;;1024
5.95004;1031.09;121.827;1152.92;;1024
5.96004;1031.09;123.662;1154.76;;1024
5.97004;1031.09;122.744;1153.84;;1024
5.98004;1031.09;123.362;1154.45;;1024
5.99004;1031.09;121.482;1152.57;;1024
6.00004;1031.09;122.614;1153.71;;1024
6.01004;1031.09;121.627;1152.72;;1024
6.02004;1031.09;123.604;1154.7;;1024
6.03004;1031.09;123.262;1154.35;;1024
6.04004;1031.09;123.336;1154.43;;1024
6.05004;1031.09;121.51;1152.6;;1024
6.06004;1031.09;123.173;1154.27;;1024
6.07004;1031.09;121.703;1152.8;;1024
6.08004;1031.09;122.487;1153.58;;1024
6.09004;1031.09;123.288;1154.38;;1024
6.10004;1031.09;123.388;1154.48;;1024
6.11004;1031.09;121.717;1152.81;;1024
6.12005;1031.09;123.538;1154.63;;1024
6.13005;1031.09;121.616;1152.71;;1024
6.14005;1031.09;122.475;1153.57;;1024
6.15005;1031.09;123.124;1154.22;;1024
6.16005;1031.09;123.543;1154.64;;1024
6.17005;1031.09;122.84;1153.93;;1024
6.18005;1031.09;123.798;1154.89;;1024
6.19005;1031.09;121.784;1152.88;;1024
6.20005;1031.09;123.185;1154.28;;1024
6.21005;1031.09;122.927;1154.02;;1024
6.22005;1031.09;123.65;1154.74;;1024
6.23005;1031.09;124.778;1155.87;;1024
6.24005;1031.09;123.723;1154.82;;1024
6.25005;1031.09;121.749;1152.84;;1024
6.26005;1031.09;124.223;1155.32;;1024
6.27005;1031.09;123.37;1154.46;;1024
6.28005;1031.09;123.774;1154.87;;1024
6.29005;1031.09;123.773;1154.87;;1024
6.30005;1031.09;123.84;1154.93;;1024
6.31005;1031.09;121.857;1152.95;;1024
6.32005;1031.09;125.061;1156.15;;1024
6.33005;1031.09;123.935;1155.03;;1024
6.34005;1031.09;123.825;1154.92;;1024
6.35005;1031.09;122.195;1153.29;;1024
6.36005;1031.09;124.132;1155.22;;1024
6.37005;1031.09;124.653;1155.75;;1024
6.38005;1031.09;124.82;1155.91;;1024
6.39005;1031.09;124.321;1155.41;;1024
6.40005;1031.09;123.969;1155.06;;1024
6.41005;1031.09;122.944;1154.04;;1024
6.42005;1031.09;124.146;1155.24;;1024
6.43005;1031.09;127.762;1158.85;;1024
6.44005;1031.09;124.557;1155.65;;1024
6.45005;1031.09;124.236;1155.33;;1024
6.46005;1031.09;123.987;1155.08;;1024
6.47005;1031.09;123.788;1154.88;;1024
6.48005;1031.09;124.15;1155.24;;1024
6.49005;1031.09;126.764;1157.86;;1024
6.50005;1031.09;124.077;1155.17;;1024
6.51005;1031.09;124.379;1155.47;;1024
6.52005;1031.09;124.211;1155.3;;1024
6.53005;1031.09;124.666;1155.76;;1024
6.54005;1031.09;123.959;1155.05;;1024
6.55006;1031.09;121.121;1152.21;;1024
6.56006;1031.09;124.219;1155.31;;1024
6.57006;1031.09;124.727;1155.82;;1024
6.58006;1031.09;124.204;1155.3;;1024
6.59006;1031.09;124.208;1155.3;;1024
6.60006;1031.09;123.72;1154.81;;1024
6.61006;1031.09;121.859;1152.95;;1024
6.62006;1031.09;124.156;1155.25;;1024
6.63006;1031.09;124.82;1155.91;;1024
6.64006;1031.09;123.851;1154.94;;1024
6.65006;1031.09;123.021;1154.11;;1024
6.66006;1031.09;123.743;1154.84;;1024
6.67006;1031.09;124.686;1155.78;;1024
6.68006;1031.09;124.277;1155.37;;1024
6.69006;1031.09;124.832;1155.92;;1024
6.70006;1031.09;123.606;1154.7;;1024
6.71006;1031.09;122.848;1153.94;;1024
6.72006;1031.09;123.552;1154.65;;1024
6.73006;1031.09;125.814;1156.91;;1024
6.74006;1031.09;124.036;1155.13;;1024
6.75006;1031.09;124.389;1155.48;;1024
6.76006;1031.09;123.37;1154.46;;1024
6.77006;1031.09;123.262;1154.35;;1024
6.78006;1031.09;123.522;1154.62;;1024
6.79006;1031.09;125.466;1156.56;;1024
6.80006;1031.09;123.819;1154.91;;1024
6.81006;1031.09;124.32;1155.41;;1024
6.82006;1031.09;123.143;1154.24;;1024
6.83006;1031.09;123.789;1154.88;;1024
6.84006;1031.09;123.278;1154.37;;1024
6.85006;1031.09;123.977;1155.07;;1024
6.86006;1031.09;123.586;1154.68;;1024
6.87006;1031.09;124.29;1155.38;;1024
6.88006;1031.09;123.017;1154.11;;1024
6.89006;1031.09;124.171;1155.26;;1024
6.90006;1031.09;123.182;1154.28;;1024
6.91006;1031.09;123.006;1154.1;;1024
6.92006;1031.09;123.298;1154.39;;1024
6.93006;1031.09;124.504;1155.6;;1024
6.94006;1031.09;122.77;1153.86;;1024
6.95006;1031.09;123.597;1154.69;;1024
6.96006;1031.09;123.009;1154.1;;1024
6.97006;1031.09;123.911;1155;;1024
6.98006;1031.09;123.479;1154.57;;1024
6.99007;1031.09;124.497;1155.59;;1024
7.00007;1031.09;122.77;1153.86;;1024
7.01007;1031.09;123.372;1154.46;;1024
7.02007;1031.09;123.058;1154.15;;1024
7.03007;1031.09;124.874;1155.97;;1024
7.04007;1031.09;123.765;1154.86;;1024
7.05007;1031.09;124.493;1155.59;;1024
7.06007;1031.09;122.754;1153.85;;1024
7.07007;1031.09;123.742;1154.83;;1024
7.08007;1031.09;123.116;1154.21;;1024
7.09007;1031.09;124.932;1156.03;;1024
7.10007;1031.09;123.889;1154.98;;1024
7.11007;1031.09;124.364;1155.46;;1024
7.12007;1031.09;122.793;1153.89;;1024
7.13007;1031.09;124.042;1155.13;;1024
7.14007;1031.09;122.96;1154.05;;1024
7.15007;1031.09;124.13;1155.22;;1024
7.16007;1031.09;124.308;1155.4;;1024
7.17007;1031.09;124.428;1155.52;;1024
7.18007;1031.09;122.704;1153.8;;1024
7.19007;1031.09;124.553;1155.65;;1024
7.20007;1031.09;122.717;1153.81;;1024
7.21007;1031.09;123.544;1154.64;;1024
7.22007;1031.09;124.126;1155.22;;1024
7.23007;1031.09;124.319;1155.41;;1024
7.24007;1031.09;123.255;1154.35;;1024
7.25007;1031.09;124.584;1155.68;;1024
7.26007;1031.09;122.685;1153.78;;1024
7.27007;1031.09;123.461;1154.55;;1024
7.28007;1031.09;123.828;1154.92;;1024
7.29007;1031.09;124.248;1155.34;;1024
7.30007;1031.09;124.867;1155.96;;1024
7.31007;1031.09;124.415;1155.51;;1024
7.32007;1031.09;122.498;1153.59;;1024
7.33007;1031.09;124.163;1155.26;;1024
7.34007;1031.09;123.566;1154.66;;1024
7.35007;1031.09;124.212;1155.3;;1024
7.36007;1031.09;124.701;1155.79;;1024
7.37007;1031.09;124.483;1155.58;;1024
7.38007;1031.09;122.286;1153.38;;1024
7.39007;1031.09;125.122;1156.21;;1024
7.40007;1031.09;123.988;1155.08;;1024
7.41007;1031.09;124.128;1155.22;;1024
7.42007;1031.09;123.294;1154.39;;1024
7.43008;1031.09;124.424;1155.52;;1024
7.44008;1031.09;122.287;1153.38;;1024
7.45008;1031.09;125.034;1156.13;;1024
7.46008;1031.09;124.254;1155.35;;1024
7.47008;1031.09;123.996;1155.09;;1024
7.48008;1031.09;122.608;1153.7;;1024
7.49008;1031.09;124.42;1155.51;;1024
7.50008;1031.09;123.835;1154.93;;1024
7.51008;1031.09;124.895;1155.99;;1024
7.52008;1031.09;124.443;1155.54;;1024
7.53008;1031.09;124.289;1155.38;;1024
7.54008;1031.09;123.539;1154.63;;1024
7.55008;1031.09;124.421;1155.51;;1024
7.56008;1031.09;127.494;1158.59;;1024
7.57008;1031.09;124.6;1155.69;;1024
7.58008;1031.09;124.735;1155.83;;1024
7.59008;1031.09;124.532;1155.62;;1024
7.60008;1031.09;124.852;1155.94;;1024
7.61008;1031.09;124.428;1155.52;;1024
7.62008;1031.09;126.931;1158.02;;1024
7.63008;1031.09;124.17;1155.26;;1024
7.64008;1031.09;124.81;1155.9;;1024
7.65008;1031.09;124.325;1155.42;;1024
7.66008;1031.09;124.625;1155.72;;1024
7.67008;1031.09;124.158;1155.25;;1024
7.68008;1031.09;121.134;1152.23;;1024
7.69008;1031.09;124.213;1155.31;;1024
7.70008;1031.09;124.698;1155.79;;1024
7.71008;1031.09;123.85;1154.94;;1024
7.72008;1031.09;123.899;1154.99;;1024
7.73008;1031.09;123.836;1154.93;;1024
7.74008;1031.09;122.04;1153.13;;1024
7.75008;1031.09;124.199;1155.29;;1024
7.76008;1031.09;124.646;1155.74;;1024
7.77008;1031.09;123.753;1154.85;;1024
7.78008;1031.09;122.923;1154.02;;1024
7.79008;1031.09;123.847;1154.94;;1024
7.80008;1031.09;124.241;1155.33;;1024
7.81008;1031.09;124.09;1155.18;;1024
7.82008;1031.09;124.555;1155.65;;1024
7.83008;1031.09;123.622;1154.71;;1024
7.84008;1031.09;123.106;1154.2;;1024
7.85008;1031.09;123.79;1154.88;;1024
7.86009;1031.09;125.921;1157.01;;1024
7.87009;1031.09;123.793;1154.89;;1024
7.88009;1031.09;124.465;1155.56;;1024
7.89009;1031.09;123.356;1154.45;;1024
7.90009;1031.09;123.557;1154.65;;1024
7.91009;1031.09;123.539;1154.63;;1024
7.92009;1031.09;124.548;1155.64;;1024
7.93009;1031.09;123.719;1154.81;;1024
7.94009;1031.09;124.394;1155.49;;1024
7.95009;1031.09;123.35;1154.44;;1024
7.96009;1031.09;124.266;1155.36;;1024
7.97009;1031.09;123.265;1154.36;;1024
7.98009;1031.09;123.085;1154.18;;1024
7.99009;1031.09;123.446;1154.54;;1024
8.00009;1031.09;124.45;1155.54;;1024
8.01009;1031.09;122.978;1154.07;;1024
8.02009;1031.09;123.726;1154.82;;1024
8.03009;1031.09;123.169;1154.26;;1024
8.04009;1031.09;122.803;1153.9;;1024
8.05009;1031.09;123.354;1154.45;;1024
8.06009;1031.09;124.331;1155.42;;1024
8.07009;1031.09;122.688;1153.78;;1024
8.08009;1031.09;123.391;1154.48;;1024
8.09009;1031.09;123.097;1154.19;;1024
8.10009;1031.09;123.877;1154.97;;1024
8.11009;1031.09;123.23;1154.32;;1024
8.12009;1031.09;124.22;1155.31;;1024
8.13009;1031.09;122.579;1153.67;;1024
8.14009;1031.09;123.155;1154.25;;1024
8.15009;1031.09;122.889;1153.98;;1024
8.16009;1031.09;124.671;1155.76;;1024
8.17009;1031.09;123.414;1154.51;;1024
8.18009;1031.09;124.147;1155.24;;1024
8.19009;1031.09;122.531;1153.62;;1024
8.20009;1031.09;123.714;1154.81;;1024
8.21009;1031.09;122.852;1153.94;;1024
8.22009;1031.09;124.239;1155.33;;1024
8.23009;1031.09;123.869;1154.96;;1024
8.24009;1031.09;124.187;1155.28;;1024
8.25009;1031.09;122.479;1153.57;;1024
8.26009;1031.09;124.174;1155.27;;1024
8.27009;1031.09;122.569;1153.66;;1024
8.28009;1031.09;123.526;1154.62;;1024
8.29009;1031.09;123.998;1155.09;;1024
8.30009;1031.09;124.305;1155.4;;1024
8.31009;1031.09;123.066;1154.16;;1024
8.3201;1031.09;124.59;1155.68;;1024
8.3301;1031.09;122.643;1153.74;;1024
8.3401;1031.09;123.394;1154.49;;1024
8.3501;1031.09;123.875;1154.97;;1024
8.3601;1031.09;124.31;1155.4;;1024
8.3701;1031.09;124.241;1155.33;;1024
8.3801;1031.09;124.528;1155.62;;1024
8.3901;1031.09;122.524;1153.62;;1024
8.4001;1031.09;124.271;1155.36;;1024
8.4101;1031.09;123.787;1154.88;;1024
8.4201;1031.09;124.289;1155.38;;1024
8.4301;1031.09;125.182;1156.27;;1024
8.4401;1031.09;124.445;1155.54;;1024
8.4501;1031.09;122.543;1153.64;;1024
8.4601;1031.09;124.807;1155.9;;1024
8.4701;1031.09;123.923;1155.02;;1024
8.4801;1031.09;124.332;1155.43;;1024
8.4901;1031.09;123.893;1154.99;;1024
8.5001;1031.09;124.536;1155.63;;1024
8.5101;1031.09;122.324;1153.42;;1024
8.5201;1031.09;125.187;1156.28;;1024
8.5301;1031.09;124.255;1155.35;;1024
8.5401;1031.09;124.121;1155.21;;1024
8.5501;1031.09;122.39;1153.48;;1024
8.5601;1031.09;124.541;1155.63;;1024
8.5701;1031.09;122.48;1153.57;;1024
8.5801;1031.09;125.041;1156.13;;1024
8.5901;1031.09;124.389;1155.48;;1024
8.6001;1031.09;124.129;1155.22;;1024
8.6101;1031.09;123.228;1154.32;;1024
8.6201;1031.09;124.423;1155.52;;1024
8.6301;1031.09;128.259;1159.35;;1024
8.6401;1031.09;124.568;1155.66;;1024
8.6501;1031.09;124.48;1155.57;;1024
8.6601;1031.09;124.16;1155.25;;1024
8.6701;1031.09;124.485;1155.58;;1024
8.6801;1031.09;124.423;1155.52;;1024
8.6901;1031.09;127.208;1158.3;;1024
8.7001;1031.09;124.215;1155.31;;1024
8.7101;1031.09;124.71;1155.8;;1024
8.7201;1031.09;124.272;1155.36;;1024
8.7301;1031.09;124.824;1155.92;;1024
8.7401;1031.09;124.19;1155.28;;1024
8.7501;1031.09;121.473;1152.57;;1024
8.76011;1031.09;124.366;1155.46;;1024
8.77011;1031.09;124.985;1156.08;;1024
8.78011;1031.09;124.248;1155.34;;1024
8.79011;1031.09;124.151;1155.24;;1024
8.80011;1031.09;124.188;1155.28;;1024
8.81011;1031.09;122.182;1153.27;;1024
8.82011;1031.09;124.36;1155.45;;1024
8.83011;1031.09;124.945;1156.04;;1024
8.84011;1031.09;123.928;1155.02;;1024
8.85011;1031.09;123.237;1154.33;;1024
8.86011;1031.09;124.033;1155.13;;1024
8.87011;1031.09;124.172;1155.26;;1024
8.88011;1031.09;124.388;1155.48;;1024
8.89011;1031.09;124.75;1155.84;;1024
8.90011;1031.09;123.687;1154.78;;1024
8.91011;1031.09;123.048;1154.14;;1024
8.92011;1031.09;123.949;1155.04;;1024
8.93011;1031.09;126.277;1157.37;;1024
8.94011;1031.09;124.114;1155.21;;1024
8.95011;1031.09;124.718;1155.81;;1024
8.96011;1031.09;123.598;1154.69;;1024
8.97011;1031.09;123.662;1154.75;;1024
8.98011;1031.09;123.749;1154.84;;1024
8.99011;1031.09;125.508;1156.6;;1024
9.00011;1031.09;123.925;1155.02;;1024
9.01011;1031.09;124.785;1155.88;;1024
9.02011;1031.09;123.407;1154.5;;1024
9.03011;1031.09;124.198;1155.29;;1024
9.04011;1031.09;123.615;1154.71;;1024
9.05011;1031.09;123.764;1154.86;;1024
9.06011;1031.09;123.835;1154.93;;1024
9.07011;1031.09;124.766;1155.86;;1024
9.08011;1031.09;123.339;1154.43;;1024
9.09011;1031.09;124.306;1155.4;;1024
9.10011;1031.09;123.532;1154.62;;1024
9.11011;1031.09;122.965;1154.06;;1024
9.12011;1031.09;123.522;1154.61;;1024
9.13011;1031.09;124.633;1155.73;;1024
9.14011;1031.09;123.196;1154.29;;1024
9.15011;1031.09;123.93;1155.02;;1024
9.16011;1031.09;123.292;1154.38;;1024
9.17011;1031.09;123.851;1154.94;;1024
9.18011;1031.09;123.582;1154.68;;1024
9.19011;1031.09;124.537;1155.63;;1024
9.20012;1031.09;122.916;1154.01;;1024
9.21012;1031.09;123.629;1154.72;;1024
9.22012;1031.09;123.23;1154.32;;1024
9.23012;1031.09;124.405;1155.5;;1024
9.24012;1031.09;123.523;1154.62;;1024
9.25012;1031.09;124.394;1155.49;;1024
9.26012;1031.09;122.664;1153.76;;1024
9.27012;1031.09;123.628;1154.72;;1024
9.28012;1031.09;123.117;1154.21;;1024
9.29012;1031.09;124.741;1155.83;;1024
9.30012;1031.09;123.583;1154.68;;1024
9.31012;1031.09;124.238;1155.33;;1024
9.32012;1031.09;122.575;1153.67;;1024
9.33012;1031.09;124.059;1155.15;;1024
9.34012;1031.09;123.016;1154.11;;1024
9.35012;1031.09;124.262;1155.36;;1024
9.36012;1031.09;123.94;1155.03;;1024
9.37012;1031.09;124.433;1155.53;;1024
9.38012;1031.09;122.653;1153.75;;1024
9.39012;1031.09;124.444;1155.54;;1024
9.40012;1031.09;122.853;1153.95;;1024
9.41012;1031.09;123.607;1154.7;;1024
9.42012;1031.09;124.184;1155.28;;1024
9.43012;1031.09;124.464;1155.56;;1024
9.44012;1031.09;123.718;1154.81;;1024
9.45012;1031.09;124.702;1155.79;;1024
9.46012;1031.09;122.726;1153.82;;1024
9.47012;1031.09;123.662;1154.75;;1024
9.48012;1031.09;123.841;1154.93;;1024
9.49012;1031.09;124.433;1155.53;;1024
9.50012;1031.09;125.387;1156.48;;1024
9.51012;1031.09;124.666;1155.76;;1024
9.52012;1031.09;122.668;1153.76;;1024
9.53012;1031.09;124.803;1155.9;;1024
9.54012;1031.09;124.196;1155.29;;1024
9.55012;1031.09;124.44;1155.53;;1024
9.56012;1031.09;124.484;1155.58;;1024
9.57012;1031.09;124.618;1155.71;;1024
9.58012;1031.09;122.5;1153.59;;1024
9.59012;1031.09;125.249;1156.34;;1024
9.60012;1031.09;124.368;1155.46;;1024
9.61012;1031.09;124.395;1155.49;;1024
9.62012;1031.09;122.801;1153.89;;1024
9.63013;1031.09;124.786;1155.88;;1024
9.64013;1031.09;122.514;1153.61;;1024
9.65013;1031.09;125.31;1156.4;;1024
9.66013;1031.09;124.619;1155.71;;1024
9.67013;1031.09;124.547;1155.64;;1024
9.68013;1031.09;123.081;1154.17;;1024
9.69013;1031.09;124.913;1156.01;;1024
9.70013;1031.09;127.774;1158.87;;1024
9.71013;1031.09;125.209;1156.3;;1024
9.72013;1031.09;124.937;1156.03;;1024
9.73013;1031.09;124.663;1155.76;;1024
9.74013;1031.09;124.429;1155.52;;1024
9.75013;1031.09;124.859;1155.95;;1024
9.76013;1031.09;127.271;1158.36;;1024
9.77013;1031.09;124.621;1155.71;;1024
9.78013;1031.09;124.945;1156.04;;1024
9.79013;1031.09;124.695;1155.79;;1024
9.80013;1031.09;125.224;1156.32;;1024
9.81013;1031.09;124.576;1155.67;;1024
9.82013;1031.09;123.864;1154.96;;1024
9.83013;1031.09;124.499;1155.59;;1024
9.84013;1031.09;125.323;1156.42;;1024
9.85013;1031.09;124.576;1155.67;;1024
9.86013;1031.09;124.628;1155.72;;1024
9.87013;1031.09;124.489;1155.58;;1024
9.88013;1031.09;122.618;1153.71;;1024
9.89013;1031.09;124.849;1155.94;;1024
9.90013;1031.09;125.789;1156.88;;1024
9.91013;1031.09;124.555;1155.65;;1024
9.92013;1031.09;123.877;1154.97;;1024
9.93013;1031.09;124.307;1155.4;;1024
9.94013;1031.09;123.09;1154.18;;1024
9.95013;1031.09;124.683;1155.78;;1024
9.96013;1031.09;125.251;1156.34;;1024
9.97013;1031.09;124.34;1155.43;;1024
9.98013;1031.09;123.517;1154.61;;1024
9.99013;1031.09;124.321;1155.41;;1024
10.0001;1031.09;125.73;1156.82;;1024
10.0101;1031.09;124.611;1155.7;;1024
10.0201;1031.09;125.133;1156.23;;1024
10.0301;1031.09;123.956;1155.05;;1024
10.0401;1031.09;123.826;1154.92;;1024
10.0501;1031.09;124.391;1155.48;;1024
10.0601;1031.09;126.529;1157.62;;1024
10.0701;1031.09;124.567;1155.66;;1024
10.0801;1031.09;125.164;1156.26;;1024
10.0901;1031.09;123.86;1154.95;;1024
10.1001;1031.09;124.431;1155.52;;1024
10.1101;1031.09;124.082;1155.17;;1024
10.1201;1031.09;125.004;1156.1;;1024
10.1301;1031.09;124.301;1155.39;;1024
10.1401;1031.09;125.193;1156.29;;1024
10.1501;1031.09;123.653;1154.75;;1024
10.1601;1031.09;124.818;1155.91;;1024
10.1701;1031.09;123.992;1155.08;;1024
10.1801;1031.09;123.632;1154.72;;1024
10.1901;1031.09;123.973;1155.07;;1024
10.2001;1031.09;125.219;1156.31;;1024
10.2101;1031.09;123.567;1154.66;;1024
10.2201;1031.09;124.422;1155.51;;1024
10.2301;1031.09;123.744;1154.84;;1024
10.2401;1031.09;123.848;1154.94;;1024
10.2501;1031.09;123.967;1155.06;;1024
10.2601;1031.09;125.18;1156.27;;1024
10.2701;1031.09;123.315;1154.41;;1024
10.2801;1031.09;124.081;1155.17;;1024
10.2901;1031.09;123.716;1154.81;;1024
10.3001;1031.09;124.8;1155.89;;1024
10.3101;1031.09;123.945;1155.04;;1024
10.3201;1031.09;124.804;1155.9;;1024
10.3301;1031.09;123.265;1154.36;;1024
10.3401;1031.09;124.189;1155.28;;1024
10.3501;1031.09;123.567;1154.66;;1024
10.3601;1031.09;125.31;1156.4;;1024
10.3701;1031.09;124.376;1155.47;;1024
10.3801;1031.09;124.805;1155.9;;1024
10.3901;1031.09;123.092;1154.18;;1024
10.4001;1031.09;124.521;1155.61;;1024
10.4101;1031.09;123.583;1154.68;;1024
10.4201;1031.09;124.96;1156.05;;1024
10.4301;1031.09;123.851;1154.94;;1024
10.4401;1031.09;124.678;1155.77;;1024
10.4501;1031.09;123.049;1154.14;;1024
10.4601;1031.09;124.661;1155.75;;1024
10.4701;1031.09;123.161;1154.25;;1024
10.4801;1031.09;124.275;1155.37;;1024
10.4901;1031.09;123.973;1155.07;;1024
10.5001;1031.09;124.67;1155.76;;1024
10.5101;1031.09;123.029;1154.12;;1024
10.5201;1031.09;124.92;1156.01;;1024
10.5301;1031.09;123.26;1154.35;;1024
10.5401;1031.09;123.931;1155.02;;1024
10.5501;1031.09;123.791;1154.88;;1024
10.5601;1031.09;124.397;1155.49;;1024
10.5701;1031.09;123.435;1154.53;;1024
10.5801;1031.09;125.037;1156.13;;1024
10.5901;1031.09;122.999;1154.09;;1024
10.6001;1031.09;124.054;1155.15;;1024
10.6101;1031.09;123.848;1154.94;;1024
10.6201;1031.09;124.197;1155.29;;1024
10.6301;1031.09;123.9;1154.99;;1024
10.6401;1031.09;125.02;1156.11;;1024
10.6501;1031.09;123.009;1154.1;;1024
10.6601;1031.09;124.874;1155.97;;1024
10.6701;1031.09;123.863;1154.96;;1024
10.6801;1031.09;124.103;1155.2;;1024
10.6901;1031.09;125.352;1156.44;;1024
10.7001;1031.09;124.987;1156.08;;1024
10.7101;1031.09;123.025;1154.12;;1024
10.7201;1031.09;125.54;1156.63;;1024
10.7302;1031.09;123.759;1154.85;;1024
10.7402;1031.09;124.323;1155.42;;1024
10.7502;1031.09;124.448;1155.54;;1024
10.7602;1031.09;124.926;1156.02;;1024
10.7702;1031.09;123.209;1154.3;;1024
10.7802;1031.09;125.724;1156.82;;1024
10.7902;1031.09;124.006;1155.1;;1024
10.8002;1031.09;124.898;1155.99;;1024
10.8102;1031.09;122.936;1154.03;;1024
10.8202;1031.09;125.103;1156.2;;1024
10.8302;1031.09;128.388;1159.48;;1024
10.8402;1031.09;125.719;1156.81;;1024
10.8502;1031.09;124.571;1155.66;;1024
10.8602;1031.09;125.218;1156.31;;1024
10.8702;1031.09;123.731;1154.82;;1024
10.8802;1031.09;125.458;1156.55;;1024
10.8902;1031.09;128.042;1159.13;;1024
10.9002;1031.09;125.544;1156.64;;1024
10.9102;1031.09;125.872;1156.96;;1024
10.9202;1031.09;125.01;1156.1;;1024
10.9302;1031.09;125.238;1156.33;;1024
10.9402;1031.09;125.55;1156.64;;1024
10.9502;1031.09;124.071;1155.16;;1024
10.9602;1031.09;125.573;1156.67;;1024
10.9702;1031.09;127.182;1158.27;;1024
10.9802;1031.09;124.95;1156.04;;1024
10.9902;1031.09;125.743;1156.84;;1024
11.0002;1031.09;125.525;1156.62;;1024
11.0102;1031.09;123.211;1154.3;;1024
11.0202;1031.09;125.893;1156.99;;1024
11.0302;1031.09;126.243;1157.34;;1024
11.0402;1031.09;125.139;1156.23;;1024
11.0502;1031.09;125.084;1156.18;;1024
11.0602;1031.09;125.519;1156.61;;1024
11.0702;1031.09;125.138;1156.23;;1024
11.0802;1031.09;126.044;1157.14;;1024
11.0902;1031.09;125.136;1156.23;;1024
11.1002;1031.09;125.249;1156.34;;1024
11.1102;1031.09;124.407;1155.5;;1024
11.1202;1031.09;125.635;1156.73;;1024
11.1302;1031.09;127.443;1158.54;;1024
11.1402;1031.09;125.923;1157.02;;1024
11.1502;1031.09;125.594;1156.69;;1024
11.1602;1031.09;124.911;1156;;1024
11.1702;1031.09;124.817;1155.91;;1024
11.1802;1031.09;125.577;1156.67;;1024
11.1902;1031.09;127.19;1158.28;;1024
11.2002;1031.09;125.856;1156.95;;1024
11.2102;1031.09;126.525;1157.62;;1024
11.2202;1031.09;124.863;1155.96;;1024
11.2302;1031.09;125.477;1156.57;;1024
11.2402;1031.09;125.631;1156.72;;1024
11.2502;1031.09;125.695;1156.79;;1024
11.2602;1031.09;125.738;1156.83;;1024
11.2702;1031.09;126.947;1158.04;;1024
11.2802;1031.09;124.884;1155.98;;1024
11.2902;1031.09;126.021;1157.11;;1024
11.3002;1031.09;125.694;1156.79;;1024
11.3102;1031.09;124.795;1155.89;;1024
11.3202;1031.09;125.983;1157.08;;1024
11.3302;1031.09;126.574;1157.67;;1024
11.3402;1031.09;124.706;1155.8;;1024
11.3502;1031.09;125.81;1156.9;;1024
11.3602;1031.09;125.4;1156.49;;1024
11.3702;1031.09;125.304;1156.4;;1024
11.3802;1031.09;125.59;1156.68;;1024
11.3902;1031.09;125.844;1156.94;;1024
11.4002;1031.09;124.5;1155.59;;1024
11.4102;1031.09;125.936;1157.03;;1024
11.4202;1031.09;125.271;1156.36;;1024
11.4302;1031.09;126.403;1157.5;;1024
11.4402;1031.09;125.418;1156.51;;1024
11.4502;1031.09;125.742;1156.83;;1024
11.4602;1031.09;124.628;1155.72;;1024
11.4702;1031.09;125.777;1156.87;;1024
11.4802;1031.09;125.244;1156.34;;1024
11.4902;1031.09;126.474;1157.57;;1024
11.5002;1031.09;125.283;1156.38;;1024
11.5102;1031.09;126.285;1157.38;;1024
11.5202;1031.09;124.368;1155.46;;1024
11.5302;1031.09;125.771;1156.86;;1024
11.5402;1031.09;125.292;1156.38;;1024
11.5502;1031.09;126.161;1157.25;;1024
11.5602;1031.09;125.463;1156.56;;1024
11.5702;1031.09;126.452;1157.54;;1024
11.5802;1031.09;124.445;1155.54;;1024
11.5902;1031.09;126.312;1157.41;;1024
11.6002;1031.09;125.176;1156.27;;1024
11.6102;1031.09;125.903;1157;;1024
11.6202;1031.09;125.625;1156.72;;1024
11.6302;1031.09;126.429;1157.52;;1024
11.6402;1031.09;124.297;1155.39;;1024
11.6502;1031.09;126.789;1157.88;;1024
11.6602;1031.09;125.019;1156.11;;1024
11.6702;1031.09;126.164;1157.26;;1024
11.6802;1031.09;125.831;1156.92;;1024
11.6902;1031.09;126.188;1157.28;;1024
11.7002;1031.09;125.576;1156.67;;1024
11.7102;1031.09;127.031;1158.12;;1024
11.7202;1031.09;124.89;1155.98;;1024
11.7302;1031.09;126.761;1157.85;;1024
11.7402;1031.09;125.755;1156.85;;1024
11.7502;1031.09;125.991;1157.08;;1024
11.7602;1031.09;126.31;1157.4;;1024
11.7702;1031.09;127.035;1158.13;;1024
11.7802;1031.09;124.968;1156.06;;1024
11.7902;1031.09;127.523;1158.62;;1024
11.8002;1031.09;125.78;1156.87;;1024
11.8102;1031.09;125.951;1157.04;;1024
11.8202;1031.09;126.734;1157.83;;1024
11.8302;1031.09;127;1158.09;;1024
11.8402;1031.09;125.022;1156.11;;1024
11.8502;1031.09;127.63;1158.72;;1024
11.8602;1031.09;125.868;1156.96;;1024
11.8702;1031.09;126.71;1157.8;;1024
11.8802;1031.09;125.177;1156.27;;1024
11.8902;1031.09;127.052;1158.15;;1024
11.9002;1031.09;130.104;1161.2;;1024
11.9102;1031.09;127.606;1158.7;;1024
11.9202;1031.09;125.888;1156.98;;1024
11.9302;1031.09;126.899;1157.99;;1024
11.9402;1031.09;124.916;1156.01;;1024
11.9502;1031.09;126.975;1158.07;;1024
11.9602;1031.09;129.847;1160.94;;1024
11.9702;1031.09;127.33;1158.42;;1024
11.9802;1031.09;127.483;1158.58;;1024
11.9902;1031.09;127.113;1158.21;;1024
12.0002;1031.09;126.342;1157.43;;1024
12.0102;1031.09;127.3;1158.39;;1024
12.0202;1031.09;127.554;1158.65;;1024
12.0302;1031.09;127.582;1158.68;;1024
12.0402;1031.09;129.167;1160.26;;1024
12.0502;1031.09;126.992;1158.08;;1024
12.0602;1031.09;126.908;1158;;1024
12.0702;1031.09;127.347;1158.44;;1024
12.0802;1031.09;124.761;1155.85;;1024
12.0902;1031.09;127.926;1159.02;;1024
12.1002;1031.09;128.804;1159.9;;1024
12.1102;1031.09;126.693;1157.79;;1024
12.1202;1031.09;127.041;1158.13;;1024
12.1302;1031.09;127.247;1158.34;;1024
12.1402;1031.09;126.501;1157.59;;1024
12.1502;1031.09;127.978;1159.07;;1024
12.1602;1031.09;126.65;1157.74;;1024
12.1702;1031.09;126.928;1158.02;;1024
12.1802;1031.09;126.434;1157.53;;1024
12.1902;1031.09;127.488;1158.58;;1024
12.2002;1031.09;129.207;1160.3;;1024
12.2102;1031.09;127.791;1158.88;;1024
12.2202;1031.09;127.047;1158.14;;1024
12.2302;1031.09;126.886;1157.98;;1024
12.2402;1031.09;126.564;1157.66;;1024
12.2502;1031.09;127.425;1158.52;;1024
12.2602;1031.09;129.155;1160.25;;1024
12.2702;1031.09;127.663;1158.76;;1024
12.2802;1031.09;127.542;1158.64;;1024
12.2902;1031.09;126.75;1157.84;;1024
12.3002;1031.09;126.826;1157.92;;1024
12.3102;1031.09;127.383;1158.48;;1024
12.3202;1031.09;127.611;1158.7;;1024
12.3302;1031.09;127.526;1158.62;;1024
12.3402;1031.09;128.58;1159.67;;1024
12.3502;1031.09;126.52;1157.61;;1024
12.3602;1031.09;127.451;1158.54;;1024
12.3702;1031.09;127.403;1158.5;;1024
12.3802;1031.09;126.582;1157.68;;1024
12.3902;1031.09;127.784;1158.88;;1024
12.4002;1031.09;128.478;1159.57;;1024
12.4102;1031.09;126.341;1157.43;;1024
12.4202;1031.09;127.848;1158.94;;1024
12.4302;1031.09;127.299;1158.39;;1024
12.4402;1031.09;127.224;1158.32;;1024
12.4502;1031.09;127.561;1158.65;;1024
12.4602;1031.09;127.811;1158.9;;1024
12.4702;1031.09;126.32;1157.41;;1024
12.4802;1031.09;127.578;1158.67;;1024
12.4902;1031.09;127.058;1158.15;;1024
12.5002;1031.09;127.755;1158.85;;1024
12.5102;1031.09;127.265;1158.36;;1024
12.5202;1031.09;127.349;1158.44;;1024
12.5302;1031.09;126.087;1157.18;;1024
12.5402;1031.09;127.467;1158.56;;1024
12.5502;1031.09;126.779;1157.87;;1024
12.5602;1031.09;128.281;1159.37;;1024
12.5702;1031.09;127.035;1158.13;;1024
12.5802;1031.09;127.497;1158.59;;1024
12.5902;1031.09;126.306;1157.4;;1024
12.6002;1031.09;127.441;1158.53;;1024
12.6102;1031.09;126.81;1157.9;;1024
12.6202;1031.09;127.919;1159.01;;1024
12.6302;1031.09;127.252;1158.34;;1024
12.6402;1031.09;127.79;1158.88;;1024
12.6502;1031.09;126.019;1157.11;;1024
12.6602;1031.09;127.554;1158.65;;1024
12.6702;1031.09;126.81;1157.9;;1024
12.6802;1031.09;127.441;1158.53;;1024
12.6902;1031.09;127.517;1158.61;;1024
12.7002;1031.09;128.097;1159.19;;1024
12.7102;1031.09;125.877;1156.97;;1024
12.7202;1031.09;128.194;1159.29;;1024
12.7302;1031.09;126.736;1157.83;;1024
12.7402;1031.09;127.771;1158.86;;1024
12.7502;1031.09;127.564;1158.66;;1024
12.7602;1031.09;127.973;1159.07;;1024
12.7702;1031.09;126.035;1157.13;;1024
12.7802;1031.09;128.582;1159.67;;1024
12.7902;1031.09;126.658;1157.75;;1024
12.8002;1031.09;128.393;1159.49;;1024
12.8102;1031.09;127.571;1158.66;;1024
12.8202;1031.09;127.552;1158.65;;1024
12.8302;1031.09;126.961;1158.05;;1024
12.8402;1031.09;128.784;1159.88;;1024
12.8502;1031.09;126.767;1157.86;;1024
12.8602;1031.09;129.129;1160.22;;1024
12.8702;1031.09;127.6;1158.69;;1024
12.8802;1031.09;127.867;1158.96;;1024
12.8902;1031.09;128.922;1160.01;;1024
12.9002;1031.09;128.778;1159.87;;1024
12.9102;1031.09;126.803;1157.9;;1024
12.9202;1031.09;129.5;1160.59;;1024
12.9302;1031.09;127.527;1158.62;;1024
12.9402;1031.09;128.099;1159.19;;1024
12.9502;1031.09;128.224;1159.32;;1024
12.9602;1031.09;128.602;1159.7;;1024
12.9702;1031.09;130.543;1161.64;;1024
12.9802;1031.09;129.424;1160.52;;1024
12.9902;1031.09;127.654;1158.75;;1024
13.0002;1031.09;128.481;1159.57;;1024
13.0102;1031.09;126.412;1157.5;;1024
13.0202;1031.09;128.571;1159.66;;1024
13.0302;1031.09;131.439;1162.53;;1024
13.0402;1031.09;128.919;1160.01;;1024
13.0502;1031.09;127.802;1158.89;;1024
13.0602;1031.09;128.732;1159.82;;1024
13.0702;1031.09;126.208;1157.3;;1024
13.0802;1031.09;128.616;1159.71;;1024
13.0902;1031.09;128.927;1160.02;;1024
13.1002;1031.09;129.262;1160.35;;1024
13.1102;1031.09;129.555;1160.65;;1024
13.1202;1031.09;128.545;1159.64;;1024
13.1302;1031.09;127.324;1158.42;;1024
13.1402;1031.09;128.94;1160.03;;1024
13.1502;1031.09;126.306;1157.4;;1024
13.1602;1031.09;129.625;1160.72;;1024
13.1702;1031.09;131.431;1162.52;;1024
13.1802;1031.09;128.268;1159.36;;1024
13.1902;1031.09;128.146;1159.24;;1024
13.2002;1031.09;129.066;1160.16;;1024
13.2102;1031.09;127.788;1158.88;;1024
13.2202;1031.09;129.718;1160.81;;1024
13.2302;1031.09;129.932;1161.03;;1024
13.2402;1031.09;128.545;1159.64;;1024
13.2502;1031.09;128.577;1159.67;;1024
13.2602;1031.09;129.179;1160.27;;1024
13.2702;1031.09;130.797;1161.89;;1024
13.2802;1031.09;129.61;1160.7;;1024
13.2902;1031.09;127.775;1158.87;;1024
13.3002;1031.09;128.531;1159.62;;1024
13.3102;1031.09;128.427;1159.52;;1024
13.3202;1031.09;129.123;1160.22;;1024
13.3302;1031.09;130.933;1162.03;;1024
13.3402;1031.09;129.443;1160.54;;1024
13.3502;1031.09;128.411;1159.5;;1024
13.3602;1031.09;128.394;1159.49;;1024
13.3702;1031.09;128.469;1159.56;;1024
13.3802;1031.09;129.197;1160.29;;1024
13.3902;1031.09;129.741;1160.83;;1024
13.4002;1031.09;129.441;1160.53;;1024
13.4102;1031.09;129.641;1160.73;;1024
13.4202;1031.09;128.443;1159.54;;1024
13.4302;1031.09;128.557;1159.65;;1024
13.4402;1031.09;129.08;1160.17;;1024
13.4502;1031.09;128.359;1159.45;;1024
13.4602;1031.09;129.643;1160.74;;1024
13.4702;1031.09;130.712;1161.8;;1024
13.4802;1031.09;127.95;1159.04;;1024
13.4902;1031.09;128.882;1159.97;;1024
13.5002;1031.09;129.029;1160.12;;1024
13.5102;1031.09;128.832;1159.92;;1024
13.5202;1031.09;129.565;1160.66;;1024
13.5302;1031.09;130.301;1161.39;;1024
13.5402;1031.09;128.069;1159.16;;1024
13.5502;1031.09;129.407;1160.5;;1024
13.5602;1031.09;128.864;1159.96;;1024
13.5702;1031.09;129.733;1160.83;;1024
13.5802;1031.09;129.458;1160.55;;1024
13.5902;1031.09;129.154;1160.25;;1024
13.6002;1031.09;128.116;1159.21;;1024
13.6102;1031.09;129.553;1160.65;;1024
13.6202;1031.09;128.868;1159.96;;1024
13.6302;1031.09;130.256;1161.35;;1024
13.6402;1031.09;129.179;1160.27;;1024
13.6502;1031.09;128.645;1159.74;;1024
13.6602;1031.09;128.239;1159.33;;1024
13.6702;1031.09;129.498;1160.59;;1024
13.6802;1031.09;128.593;1159.69;;1024
13.6902;1031.09;129.793;1160.89;;1024
13.7002;1031.09;129.16;1160.25;;1024
13.7102;1031.09;128.83;1159.92;;1024
13.7202;1031.09;127.998;1159.09;;1024
13.7302;1031.09;129.459;1160.55;;1024
13.7402;1031.09;128.581;1159.67;;1024
13.7502;1031.09;129.653;1160.75;;1024
13.7602;1031.09;129.522;1160.61;;1024
13.7702;1031.09;129.116;1160.21;;1024
13.7802;1031.09;127.654;1158.75;;1024
13.7902;1031.09;129.162;1160.25;;1024
13.8002;1031.09;128.275;1159.37;;1024
13.8102;1031.09;129.357;1160.45;;1024
13.8202;1031.09;129.553;1160.65;;1024
13.8302;1031.09;128.314;1159.41;;1024
13.8402;1031.09;127.252;1158.34;;1024
13.8502;1031.09;125.481;1156.57;;1024
13.8602;1031.09;127.194;1158.29;;1024
13.8702;1031.09;130.026;1161.12;;1024
13.8802;1031.09;129.164;1160.26;;1024
13.8902;1031.09;127.356;1158.45;;1024
13.9002;1031.09;127;1158.09;;1024
13.9102;1031.09;124.628;1155.72;;1024
13.9202;1031.09;125.771;1156.86;;1024
13.9302;1031.09;124.492;1155.58;;1024
13.9402;1031.09;125.599;1156.69;;1024
13.9502;1031.09;124.62;1155.71;;1024
13.9602;1031.09;124.473;1155.57;;1024
13.9702;1031.09;122.881;1153.97;;1024
13.9802;1031.09;121.188;1152.28;;1024
13.9902;1031.09;122.746;1153.84;;1024
14.0002;1031.09;124.742;1155.83;;1024
14.0102;1031.09;124.16;1155.25;;1024
14.0202;1031.09;124.311;1155.4;;1024
14.0302;1031.09;123.08;1154.17;;1024
14.0402;1031.09;120.54;1151.63;;1024
14.0502;1031.09;121.96;1153.05;;1024
14.0602;1031.09;120.335;1151.43;;1024
14.0702;1031.09;121.621;1152.71;;1024
14.0802;1031.09;120.777;1151.87;;1024
14.0902;1031.09;121.567;1152.66;;1024
14.1002;1031.09;119.519;1150.61;;1024
14.1102;1031.09;121.601;1152.69;;1024
14.1202;1031.09;120.838;1151.93;;1024
14.1302;1031.09;121.346;1152.44;;1024
14.1402;1031.09;121.269;1152.36;;1024
14.1502;1031.09;122.227;1153.32;;1024
14.1602;1031.09;120.564;1151.66;;1024
14.1702;1031.09;122.424;1153.52;;1024
14.1802;1031.09;120.794;1151.89;;1024
14.1902;1031.09;121.874;1152.97;;1024
14.2002;1031.09;121.847;1152.94;;1024
14.2102;1031.09;122.27;1153.36;;1024
14.2202;1031.09;122.095;1153.19;;1024
14.2302;1031.09;123.08;1154.17;;1024
14.2402;1031.09;121.257;1152.35;;1024
14.2502;1031.09;122.853;1153.95;;1024
14.2602;1031.09;122.17;1153.26;;1024
14.2702;1031.09;122.554;1153.65;;1024
14.2802;1031.09;123.826;1154.92;;1024
14.2902;1031.09;123.167;1154.26;;1024
14.3002;1031.09;121.396;1152.49;;1024
14.3102;1031.09;123.75;1154.84;;1024
14.3202;1031.09;122.603;1153.7;;1024
14.3302;1031.09;123.107;1154.2;;1024
14.3402;1031.09;122.983;1154.08;;1024
14.3502;1031.09;123.699;1154.79;;1024
14.3602;1031.09;121.672;1152.76;;1024
14.3702;1031.09;124.522;1155.61;;1024
14.3802;1031.09;122.932;1154.02;;1024
14.3902;1031.09;123.343;1154.44;;1024
14.4002;1031.09;121.725;1152.82;;1024
14.4102;1031.09;124.096;1155.19;;1024
14.4202;1031.09;123.264;1154.36;;1024
14.4302;1031.09;124.46;1155.55;;1024
14.4402;1031.09;123.9;1154.99;;1024
14.4502;1031.09;123.951;1155.04;;1024
14.4602;1031.09;122.836;1153.93;;1024
14.4702;1031.09;124.317;1155.41;;1024
14.4802;1031.09;127.654;1158.75;;1024
14.4902;1031.09;124.437;1155.53;;1024
14.5002;1031.09;124.545;1155.64;;1024
14.5102;1031.09;124.087;1155.18;;1024
14.5202;1031.09;124.048;1155.14;;1024
14.5302;1031.09;124.421;1155.51;;1024
14.5402;1031.09;127.031;1158.12;;1024
14.5502;1031.09;124.509;1155.6;;1024
14.5602;1031.09;125.623;1156.72;;1024
14.5702;1031.09;124.229;1155.32;;1024
14.5802;1031.09;124.986;1156.08;;1024
14.5902;1031.09;124.594;1155.69;;1024
14.6002;1031.09;121.53;1152.62;;1024
14.6102;1031.09;124.941;1156.03;;1024
14.6202;1031.09;125.684;1156.78;;1024
14.6302;1031.09;124.266;1155.36;;1024
14.6402;1031.09;124.747;1155.84;;1024
14.6502;1031.09;124.986;1156.08;;1024
14.6602;1031.09;122.727;1153.82;;1024
14.6702;1031.09;125.29;1156.38;;1024
14.6802;1031.09;125.722;1156.81;;1024
14.6902;1031.09;124.398;1155.49;;1024
14.7002;1031.09;124.423;1155.52;;1024
14.7102;1031.09;124.819;1155.91;;1024
14.7202;1031.09;125.119;1156.21;;1024
14.7302;1031.09;125.467;1156.56;;1024
14.7402;1031.09;124.919;1156.01;;1024
14.7502;1031.09;124.75;1155.84;;1024
14.7602;1031.09;123.981;1155.07;;1024
14.7702;1031.09;124.975;1156.07;;1024
14.7802;1031.09;126.981;1158.07;;1024
14.7902;1031.09;125.416;1156.51;;1024
14.8002;1031.09;124.677;1155.77;;1024
14.8102;1031.09;124.526;1155.62;;1024
14.8202;1031.09;124.292;1155.39;;1024
14.8302;1031.09;125.281;1156.37;;1024
14.8402;1031.09;126.756;1157.85;;1024
14.8502;1031.09;125.51;1156.6;;1024
14.8602;1031.09;126.559;1157.65;;1024
14.8702;1031.09;124.76;1155.85;;1024
14.8802;1031.09;125.519;1156.61;;1024
14.8902;1031.09;125.591;1156.68;;1024
14.9002;1031.09;125.513;1156.61;;1024
14.9102;1031.09;125.753;1156.85;;1024
14.9202;1031.09;126.912;1158.01;;1024
14.9302;1031.09;124.565;1155.66;;1024
14.9402;1031.09;125.783;1156.88;;1024
14.9502;1031.09;125.617;1156.71;;1024
14.9602;1031.09;124.968;1156.06;;1024
14.9702;1031.09;125.869;1156.96;;1024
14.9802;1031.09;126.614;1157.71;;1024
14.9902;1031.09;124.726;1155.82;;1024
