0;1022.73;-0.0217023;1022.7;341.33;0.6512;0.692269
0.01;1022.73;-0.143284;1022.58;341.33;0.7333;0.692269
0.02;1022.73;0.0774188;1022.8;341.33;0.7434;0.692269
0.03;1022.73;-0.0345197;1022.69;341.33;0.8336;0.692269
0.04;1022.73;0.0179095;1022.74;341.33;0.7725;0.692269
0.05;1022.73;0.0183368;1022.74;341.33;0.6618;0.692269
0.06;1022.73;-0.201268;1022.53;341.33;0.5231;0.692269
0.07;1022.73;-0.164586;1022.56;341.33;0.419;0.692269
0.08;1022.73;0.029079;1022.76;341.33;0.5319;0.692269
0.09;1022.73;0.157985;1022.88;341.33;0.7958;0.692269
0.1;1022.73;0.0610004;1022.79;341.33;1.1121;0.692269
0.11;1022.73;-0.0848737;1022.64;341.33;0.9603;0.692269
0.12;1022.73;-0.0876202;1022.64;341.33;0.8061;0.692269
0.13;1022.73;-0.0483746;1022.68;341.33;0.8062;0.692269
0.14;1022.73;0.0577045;1022.78;341.33;0.6611;0.692269
0.15;1022.73;0.105129;1022.83;341.33;0.83;0.692269
0.16;1022.73;0.126918;1022.85;341.33;0.921;0.692269
0.17;1022.73;0.00130798;1022.73;341.33;0.8492;0.692269
0.18;1022.73;-0.0773053;1022.65;341.33;0.7503;0.692269
0.19;1022.73;-0.276219;1022.45;341.33;0.6014;0.692269
0.2;1022.73;-0.0121198;1022.71;341.33;0.6478;0.692269
0.21;1022.73;0.0550189;1022.78;341.33;0.7256;0.692269
0.22;1022.73;-0.0654645;1022.66;341.33;0.9136;0.692269
0.23;1022.73;0.152187;1022.88;341.33;0.962;0.692269
0.24;1022.73;-0.0876202;1022.64;341.33;0.8972;0.692269
0.25;1022.73;-0.0314069;1022.69;341.33;0.8688;0.692269
0.26;1022.73;-0.233494;1022.49;341.33;0.7734;0.692269
0.27;1022.73;-0.0660748;1022.66;341.33;0.7245;0.692269
0.28;1022.73;0.0531268;1022.78;341.33;0.7537;0.692269
0.29;1022.73;-0.00870178;1022.72;341.33;0.8254;0.692269
0.3;1022.73;-0.0909161;1022.64;341.33;0.6946;0.692269
0.31;1022.73;-0.121373;1022.6;341.33;0.6473;0.692269
0.32;1022.73;-0.0638776;1022.66;341.33;0.7225;0.692269
0.33;1022.73;-0.0735211;1022.65;341.33;0.6067;0.692269
0.34;1022.73;0.104396;1022.83;341.33;0.6368;0.692269
0.35;1022.73;-0.129673;1022.6;341.33;0.8236;0.692269
0.36;1022.73;0.0166278;1022.74;341.33;0.996;0.692269
0.37;1022.73;-0.234715;1022.49;341.33;0.7838;0.692269
0.38;1022.73;0.0157123;1022.74;341.33;0.6966;0.692269
0.39;1022.73;-0.075108;1022.65;341.33;0.6147;0.692269
0.4;1022.73;0.129909;1022.86;341.33;0.7182;0.692269
0.41;1022.73;0.112087;1022.84;341.33;0.7873;0.692269
0.42;1022.73;0.192287;1022.92;341.33;0.6323;0.692269
0.43;1022.73;-0.103917;1022.62;341.33;0.5326;0.692269
0.44;1022.73;-0.0972028;1022.63;341.33;0.4628;0.692269
0.45;1022.73;-0.155674;1022.57;341.33;0.4217;0.692269
0.46;1022.73;0.105129;1022.83;341.33;0.2542;0.692269
0.47;1022.73;-0.0295148;1022.7;341.33;0.4016;0.692269
0.48;1022.73;0.228725;1022.96;341.33;0.5633;0.692269
0.49;1022.73;-0.207493;1022.52;341.33;0.5215;0.692269
0.5;1022.73;0.0973163;1022.82;341.33;0.7644;0.692269
0.51;1022.73;-0.0923199;1022.63;341.33;0.811;0.692269
0.52;1022.73;-0.0204816;1022.71;341.33;0.5748;0.692269
0.53;1022.73;0.091701;1022.82;341.33;0.5966;0.692269
0.54;1022.73;0.110317;1022.84;341.33;0.7558;0.692269
0.55;1022.73;-0.146275;1022.58;341.33;0.5035;0.692269
0.56;1022.73;-0.0768781;1022.65;341.33;0.592;0.692269
0.57;1022.73;-0.121373;1022.6;341.33;0.7827;0.692269
0.58;1022.73;-0.0433698;1022.68;341.33;0.6835;0.692269
0.59;1022.73;0.146938;1022.87;341.33;0.6833;0.692269
0.6;1022.73;0.0216327;1022.75;341.33;0.7019;0.692269
0.61;1022.73;0.0548358;1022.78;341.33;0.6791;0.692269
0.62;1022.73;0.00570251;1022.73;341.33;0.6193;0.692269
0.63;1022.73;-0.151585;1022.57;341.33;0.5314;0.692269
0.64;1022.73;-0.0762677;1022.65;341.33;0.4847;0.692269
0.65;1022.73;0.0301166;1022.76;341.33;0.6459;0.692269
0.66;1022.73;0.161037;1022.89;341.33;0.7423;0.692269
0.67;1022.73;0.0053363;1022.73;341.33;0.779;0.692269
0.68;1022.73;-0.036778;1022.69;341.33;0.7199;0.692269
0.69;1022.73;-0.192479;1022.53;341.33;0.6793;0.692269
0.7;1022.73;0.0212054;1022.75;341.33;0.4988;0.692269
0.71;1022.73;0.0163226;1022.74;341.33;0.4124;0.692269
0.72;1022.73;0.00551941;1022.73;341.33;0.4729;0.692269
0.73;1022.73;0.149135;1022.88;341.33;0.7524;0.692269
0.74;1022.73;-0.031712;1022.69;341.33;0.7873;0.692269
0.75;1022.73;-0.106785;1022.62;341.33;0.702;0.692269
0.76;1022.73;-0.075108;1022.65;341.33;0.6643;0.692269
0.77;1022.73;-0.031712;1022.69;341.33;0.5856;0.692269
0.78;1022.73;-0.00326965;1022.72;341.33;0.5359;0.692269
0.79;1022.73;0.130214;1022.86;341.33;0.6253;0.692269
0.8;1022.73;0.0282855;1022.75;341.33;0.52;0.692269
0.81;1022.73;0.0506854;1022.78;341.33;0.4535;0.692269
0.82;1022.73;-0.189671;1022.54;341.33;0.4862;0.692269
0.83;1022.73;-0.0480695;1022.68;341.33;0.7294;0.692269
0.839999;1022.73;-0.00180481;1022.72;341.33;0.984;0.692269
0.849999;1022.73;0.05508;1022.78;341.33;1.198;0.692269
0.859999;1022.73;0.0506854;1022.78;341.33;0.8622;0.692269
0.869999;1022.73;-0.258763;1022.47;341.33;0.6925;0.692269
0.879999;1022.73;-0.193394;1022.53;341.33;0.708;0.692269
0.889999;1022.73;-0.075108;1022.65;341.33;0.7172;0.692269
0.899999;1022.73;0.0495868;1022.78;341.33;0.8123;0.692269
0.909999;1022.73;-0.0605206;1022.67;341.33;0.9465;0.692269
0.919999;1022.73;-0.0892072;1022.64;341.33;0.9475;0.692269
0.929999;1022.73;-0.0347028;1022.69;341.33;0.7624;0.692269
0.939999;1022.73;0.0443378;1022.77;341.33;0.7965;0.692269
0.949999;1022.73;-0.0267072;1022.7;341.33;0.8531;0.692269
0.959999;1022.73;0.133632;1022.86;341.33;0.8555;0.692269
0.969999;1022.73;0.0312152;1022.76;341.33;0.8857;0.692269
0.979999;1022.73;-0.157872;1022.57;341.33;0.8529;0.692269
0.989999;1022.73;-0.0467877;1022.68;341.33;0.7411;0.692269
0.999999;1022.73;-0.0461163;1022.68;341.33;0.7298;0.692269
1.01;1022.73;-0.253819;1022.47;341.33;0.7257;0.692269
1.02;1022.73;0.134487;1022.86;341.33;0.576;0.692269
1.03;1022.73;-0.00137756;1022.72;341.33;0.5613;0.692269
1.04;1022.73;0.164882;1022.89;341.33;0.6069;0.692269
1.05;1022.73;0.0199847;1022.75;341.33;0.5933;0.692269
1.06;1022.73;-0.0444684;1022.68;341.33;0.7148;0.692269
1.07;1022.73;-0.0610699;1022.67;341.33;0.8309;0.692269
1.08;1022.73;-0.101597;1022.62;341.33;0.7557;0.692269
1.09;1022.73;-0.0394635;1022.69;341.33;0.729;0.692269
1.1;1022.73;0.134914;1022.86;341.33;0.7714;0.692269
1.11;1022.73;-0.108983;1022.62;341.33;0.7146;0.692269
1.12;1022.73;-0.0848737;1022.64;341.33;0.661;0.692269
1.13;1022.73;-0.193577;1022.53;341.33;0.7233;0.692269
1.14;1022.73;-0.103917;1022.62;341.33;0.6237;0.692269
1.15;1022.73;0.0818134;1022.81;341.33;0.5685;0.692269
1.16;1022.73;-0.0154767;1022.71;341.33;0.5045;0.692269
1.17;1022.73;0.0127826;1022.74;341.33;0.3415;0.692269
1.18;1022.73;0.0387225;1022.77;341.33;0.2471;0.692269
1.19;1022.73;-0.178318;1022.55;341.33;0.4121;0.692269
1.2;1022.73;-0.0622906;1022.66;341.33;0.6642;0.692269
1.21;1022.73;-0.21378;1022.51;341.33;0.7467;0.692269
1.22;1022.73;0.0938373;1022.82;341.33;0.83;0.692269
1.23;1022.73;0.0414081;1022.77;341.33;0.8807;0.692269
1.24;1022.73;-0.15128;1022.58;341.33;0.6739;0.692269
1.25;1022.73;-0.0964703;1022.63;341.33;0.5454;0.692269
1.26;1022.73;-0.0914655;1022.63;341.33;0.5215;0.692269
1.27;1022.73;-0.117283;1022.61;341.33;0.5181;0.692269
1.28;1022.73;0.168117;1022.89;341.33;0.4994;0.692269
1.29;1022.73;0.149318;1022.88;341.33;0.6354;0.692269
1.3;1022.73;-0.0552106;1022.67;341.33;0.5623;0.692269
1.31;1022.73;0.0680194;1022.79;341.33;0.4501;0.692269
1.32;1022.73;-0.095921;1022.63;341.33;0.5131;0.692269
1.33;1022.73;0.105678;1022.83;341.33;0.5394;0.692269
1.34;1022.73;0.219387;1022.95;341.33;0.6848;0.692269
1.35;1022.73;0.0891376;1022.82;341.33;0.7553;0.692269
1.36;1022.73;-0.0204816;1022.71;341.33;0.6404;0.692269
1.37;1022.73;-0.131993;1022.59;341.33;0.5972;0.692269
1.38;1022.73;-0.0868878;1022.64;341.33;0.6221;0.692269
1.39;1022.73;0.0849872;1022.81;341.33;0.8255;0.692269
1.4;1022.73;0.0245013;1022.75;341.33;0.7036;0.692269
1.41;1022.73;0.0404315;1022.77;341.33;0.6236;0.692269
1.42;1022.73;0.0594135;1022.79;341.33;0.502;0.692269
1.43;1022.73;-0.157689;1022.57;341.33;0.3928;0.692269
1.44;1022.73;-0.0652203;1022.66;341.33;0.4322;0.692269
1.45;1022.73;-0.136998;1022.59;341.33;0.5052;0.692269
1.46;1022.73;-0.385106;1022.34;341.33;0.4933;0.692269
1.47;1022.73;-0.147007;1022.58;341.33;0.7319;0.692269
1.48;1022.73;-0.114476;1022.61;341.33;0.9883;0.692269
1.49;1022.73;-0.0505719;1022.68;341.33;0.895;0.692269
1.5;1022.73;0.00320007;1022.73;341.33;0.8361;0.692269
1.51;1022.73;-0.112278;1022.61;341.33;0.7011;0.692269
1.52;1022.73;0.0470233;1022.77;341.33;0.8066;0.692269
1.53;1022.73;0.0830951;1022.81;341.33;0.9564;0.692269
1.54;1022.73;0.000331421;1022.73;341.33;1.2755;0.692269
1.55;1022.73;0.0888324;1022.82;341.33;1.2368;0.692269
1.56;1022.73;-0.249669;1022.48;341.33;0.8837;0.692269
1.57;1022.73;0.0252948;1022.75;341.33;0.8384;0.692269
1.58;1022.73;-0.0358624;1022.69;341.33;0.7008;0.692269
1.59;1022.73;0.121425;1022.85;341.33;0.7161;0.692269
1.6;1022.73;0.203701;1022.93;341.33;0.783;0.692269
1.61;1022.73;-0.0110211;1022.72;341.33;0.7151;0.692269
1.62;1022.73;-0.061192;1022.67;341.33;0.533;0.692269
1.63;1022.73;-0.090611;1022.64;341.33;0.4603;0.692269
1.64;1022.73;-0.0307965;1022.7;341.33;0.4506;0.692269
1.65;1022.73;-0.0220685;1022.7;341.33;0.4513;0.692269
1.66;1022.73;0.0758319;1022.8;341.33;0.5537;0.692269
1.67;1022.73;0.123622;1022.85;341.33;0.7722;0.692269
1.68;1022.73;-0.00406311;1022.72;341.33;0.6337;0.692269
1.69;1022.73;-0.0787701;1022.65;341.33;0.5946;0.692269
1.7;1022.73;-0.0972638;1022.63;341.33;0.5211;0.692269
1.71;1022.73;-0.0661969;1022.66;341.33;0.5336;0.692269
1.72;1022.73;0.0284076;1022.75;341.33;0.6985;0.692269
1.73;1022.73;0.0713153;1022.8;341.33;0.9703;0.692269
1.74;1022.73;-0.219822;1022.51;341.33;0.987;0.692269
1.75;1022.73;-0.217076;1022.51;341.33;0.8866;0.692269
1.76;1022.73;-0.134007;1022.59;341.33;0.7198;0.692269
1.77;1022.73;-0.0215192;1022.7;341.33;0.5855;0.692269
1.78;1022.73;0.111415;1022.84;341.33;0.6262;0.692269
1.79;1022.73;0.000331421;1022.73;341.33;0.6069;0.692269
1.8;1022.73;0.0881;1022.81;341.33;0.5194;0.692269
1.81;1022.73;-0.0500836;1022.68;341.33;0.4774;0.692269
1.82;1022.73;-0.0610699;1022.67;341.33;0.7293;0.692269
1.83;1022.73;-0.0444684;1022.68;341.33;0.6981;0.692269
1.84;1022.73;-0.0132794;1022.71;341.33;0.6328;0.692269
1.85;1022.73;-0.0267072;1022.7;341.33;0.6287;0.692269
1.86;1022.73;0.169521;1022.9;341.33;0.8034;0.692269
1.87;1022.73;-0.119664;1022.61;341.33;0.7017;0.692269
1.88;1022.73;-0.170689;1022.56;341.33;0.6279;0.692269
1.89;1022.73;-0.0434918;1022.68;341.33;0.6731;0.692269
1.9;1022.73;-0.0494733;1022.68;341.33;0.5281;0.692269
1.91;1022.73;0.192531;1022.92;341.33;0.4459;0.692269
1.92;1022.73;0.0677142;1022.79;341.33;0.5731;0.692269
1.93;1022.73;0.00490906;1022.73;341.33;0.5921;0.692269
1.94;1022.73;0.164333;1022.89;341.33;0.6303;0.692269
1.95;1022.73;-0.0552106;1022.67;341.33;0.583;0.692269
1.96;1022.73;0.00667908;1022.73;341.33;0.4334;0.692269
1.97;1022.73;0.146083;1022.87;341.33;0.5501;0.692269
1.98;1022.73;-0.0251202;1022.7;341.33;0.5701;0.692269
1.99;1022.73;0.103115;1022.83;341.33;0.63;0.692269
2;1022.73;-0.0655865;1022.66;341.33;0.6753;0.692269
2.01;1022.73;-0.0345197;1022.69;341.33;0.5715;0.692269
2.02;1022.73;0.0268207;1022.75;341.33;0.4613;0.692269
2.03;1022.73;0.110134;1022.84;341.33;0.4544;0.692269
2.04;1022.73;-0.0677838;1022.66;341.33;0.3964;0.692269
2.05;1022.73;-0.120274;1022.61;341.33;0.3219;0.692269
2.06;1022.73;-0.0358624;1022.69;341.33;0.3306;0.692269
2.07;1022.73;-0.100316;1022.63;341.33;0.6055;0.692269
2.08;1022.73;-0.00137756;1022.72;341.33;0.8205;0.692269
2.09;1022.73;-0.0679059;1022.66;341.33;0.66;0.692269
2.1;1022.73;0.127834;1022.85;341.33;0.7385;0.692269
2.11;1022.73;-0.153599;1022.57;341.33;0.5469;0.692269
2.12;1022.73;0.142238;1022.87;341.33;0.4224;0.692269
2.13;1022.73;-0.19907;1022.53;341.33;0.3776;0.692269
2.14;1022.73;0.163906;1022.89;341.33;0.7632;0.692269
2.15;1022.73;-0.0948834;1022.63;341.33;0.5028;0.692269
2.16;1022.73;0.296779;1023.02;341.33;0.6578;0.692269
2.17;1022.73;0.022182;1022.75;341.33;0.7163;0.692269
2.18;1022.73;-0.0622906;1022.66;341.33;0.5569;0.692269
2.19;1022.73;-0.112278;1022.61;341.33;0.4519;0.692269
2.2;1022.73;-0.0809064;1022.65;341.33;0.4013;0.692269
2.21;1022.73;0.0610004;1022.79;341.33;0.3967;0.692269
2.22;1022.73;0.167507;1022.89;341.33;0.6693;0.692269
2.23;1022.73;0.000880737;1022.73;341.33;0.8586;0.692269
2.24;1022.73;0.167629;1022.89;341.33;0.8969;0.692269
2.25;1022.73;-0.11179;1022.61;341.33;0.7871;0.692269
2.26;1022.73;-0.094212;1022.63;341.33;0.7433;0.692269
2.27;1022.73;0.0730853;1022.8;341.33;0.7077;0.692269
2.28;1022.73;0.0473285;1022.77;341.33;0.659;0.692269
2.29;1022.73;0.171596;1022.9;341.33;0.6457;0.692269
2.3;1022.73;0.0799823;1022.81;341.33;0.5606;0.692269
2.31;1022.73;-0.154271;1022.57;341.33;0.3917;0.692269
2.32;1022.73;0.0230365;1022.75;341.33;0.4659;0.692269
2.33;1022.73;-0.152012;1022.57;341.33;0.4999;0.692269
2.34;1022.73;-0.21378;1022.51;341.33;0.4514;0.692269
2.35;1022.73;0.152614;1022.88;341.33;0.776;0.692269
2.36;1022.73;0.0747333;1022.8;341.33;0.8778;0.692269
2.37;1022.73;0.0232806;1022.75;341.33;0.7688;0.692269
2.38;1022.73;-0.127415;1022.6;341.33;0.7279;0.692269
2.39;1022.73;0.0716815;1022.8;341.33;0.5303;0.692269
2.4;1022.73;0.0738788;1022.8;341.33;0.5748;0.692269
2.41;1022.73;0.137233;1022.86;341.33;0.7641;0.692269
2.42;1022.73;0.0149188;1022.74;341.33;0.879;0.692269
2.43;1022.73;0.0929828;1022.82;341.33;0.9116;0.692269
2.44;1022.73;0.0183368;1022.74;341.33;0.7569;0.692269
2.45;1022.73;0.00667908;1022.73;341.33;0.5898;0.692269
2.46;1022.73;0.117214;1022.84;341.33;0.5393;0.692269
2.47;1022.73;0.060329;1022.79;341.33;0.6316;0.692269
2.48;1022.73;0.162624;1022.89;341.33;0.9307;0.692269
2.49;1022.73;0.111415;1022.84;341.33;0.95;0.692269
2.5;1022.73;-0.189122;1022.54;341.33;0.6961;0.692269
2.51;1022.73;0.00161316;1022.73;341.33;0.5947;0.692269
2.52;1022.73;0.0124164;1022.74;341.33;0.4561;0.692269
2.53;1022.73;-0.00668762;1022.72;341.33;0.4323;0.692269
2.54;1022.73;0.285182;1023.01;341.33;0.6034;0.692269
2.55;1022.73;0.0650287;1022.79;341.33;0.8181;0.692269
2.56;1022.73;-0.00406311;1022.72;341.33;0.6735;0.692269
2.57;1022.73;-0.126988;1022.6;341.33;0.7129;0.692269
2.58;1022.73;-0.165684;1022.56;341.33;0.5656;0.692269
2.59;1022.73;0.0512347;1022.78;341.33;0.4364;0.692269
2.6;1022.73;0.128078;1022.85;341.33;0.5952;0.692269
2.61;1022.73;0.0788226;1022.81;341.33;0.7926;0.692269
2.62;1022.73;0.0780902;1022.8;341.33;0.8298;0.692269
2.63;1022.73;-0.244481;1022.48;341.33;0.9614;0.692269
2.64;1022.73;-0.0486188;1022.68;341.33;0.7813;0.692269
2.65;1022.73;0.0854144;1022.81;341.33;0.61;0.692269
2.66;1022.73;-0.0898785;1022.64;341.33;0.5731;0.692269
2.67;1022.73;0.288417;1023.01;341.33;0.7298;0.692269
2.68;1022.73;-0.00766418;1022.72;341.33;0.7672;0.692269
2.69;1022.73;0.0821185;1022.81;341.33;0.769;0.692269
2.7;1022.73;-0.141575;1022.58;341.33;0.8801;0.692269
2.71;1022.73;0.0478778;1022.77;341.33;0.869;0.692269
2.72;1022.73;0.137416;1022.86;341.33;0.8648;0.692269
2.73;1022.73;0.201503;1022.93;341.33;1.0615;0.692269
2.74;1022.73;0.230678;1022.96;341.33;0.8512;0.692269
2.75;1022.73;-0.00906799;1022.72;341.33;0.6601;0.692269
2.76;1022.73;-0.0270734;1022.7;341.33;0.5671;0.692269
2.77;1022.73;-0.0453839;1022.68;341.33;0.5061;0.692269
2.78;1022.73;0.132778;1022.86;341.33;0.4214;0.692269
2.79;1022.73;0.0702167;1022.8;341.33;0.5288;0.692269
2.8;1022.73;0.133632;1022.86;341.33;0.6487;0.692269
2.81;1022.73;0.0606952;1022.79;341.33;0.6433;0.692269
2.82;1022.73;0.0509296;1022.78;341.33;0.8445;0.692269
2.83;1022.73;0.0414081;1022.77;341.33;0.8301;0.692269
2.84;1022.73;0.0624042;1022.79;341.33;0.6554;0.692269
2.85;1022.73;-0.0934796;1022.63;341.33;0.5136;0.692269
2.86;1022.73;0.145229;1022.87;341.33;0.5051;0.692269
2.87;1022.73;0.0556903;1022.78;341.33;0.5122;0.692269
2.88;1022.73;-0.116185;1022.61;341.33;0.6764;0.692269
2.89;1022.73;-0.00656555;1022.72;341.33;0.9943;0.692269
2.9;1022.73;-0.160191;1022.57;341.33;0.9877;0.692269
2.91;1022.73;0.0849872;1022.81;341.33;0.9999;0.692269
2.92;1022.73;-0.123875;1022.6;341.33;0.857;0.692269
2.93;1022.73;0.0667377;1022.79;341.33;0.6673;0.692269
2.94;1022.73;-0.00217102;1022.72;341.33;0.528;0.692269
2.95;1022.73;0.0523334;1022.78;341.33;0.5378;0.692269
2.96;1022.73;0.104091;1022.83;341.33;0.6387;0.692269
2.97;1022.73;-0.00180481;1022.72;341.33;0.6559;0.692269
2.98;1022.73;0.165187;1022.89;341.33;0.5787;0.692269
2.99;1022.73;-0.118992;1022.61;341.33;0.5246;0.692269
3;1022.73;0.125515;1022.85;341.33;0.3947;0.692269
3.01;1022.73;0.0691791;1022.8;341.33;0.5254;0.692269
3.02;1022.73;0.0868182;1022.81;341.33;0.597;0.692269
3.03;1022.73;0.188198;1022.91;341.33;0.7815;0.692269
3.04;1022.73;0.0370135;1022.76;341.33;0.7824;0.692269
3.05;1022.73;0.0183368;1022.74;341.33;0.6967;0.692269
3.06;1022.73;-0.189122;1022.54;341.33;0.527;0.692269
3.07;1022.73;0.0373798;1022.76;341.33;0.5429;0.692269
3.08;1022.73;0.160305;1022.89;341.33;0.7585;0.692269
3.09;1022.73;0.225124;1022.95;341.33;0.8916;0.692269
3.1;1022.73;0.0768085;1022.8;341.33;0.9507;0.692269
3.11;1022.73;0.13528;1022.86;341.33;0.9368;0.692269
3.12;1022.73;-0.159214;1022.57;341.33;0.6084;0.692269
3.13;1022.73;-0.238072;1022.49;341.33;0.3909;0.692269
3.14;1022.73;-0.118016;1022.61;341.33;0.3667;0.692269
3.15;1022.73;0.120815;1022.85;341.33;0.6623;0.692269
3.16;1022.73;0.0329242;1022.76;341.33;0.8741;0.692269
3.17;1022.73;0.164638;1022.89;341.33;1.2027;0.692269
3.18;1022.73;-0.0842633;1022.64;341.33;1.1672;0.692269
3.19;1022.73;-0.355076;1022.37;341.33;0.8575;0.692269
3.2;1022.73;-0.0873151;1022.64;341.33;0.6926;0.692269
3.21;1022.73;0.00283386;1022.73;341.33;0.4319;0.692269
3.22;1022.73;0.204433;1022.93;341.33;0.4773;0.692269
3.23;1022.73;0.18362;1022.91;341.33;0.5285;0.692269
3.24;1022.73;-0.078587;1022.65;341.33;0.633;0.692269
3.25;1022.73;-0.164586;1022.56;341.33;0.5126;0.692269
3.26;1022.73;-0.0818219;1022.64;341.33;0.6407;0.692269
3.27;1022.73;-0.138768;1022.59;341.33;0.6494;0.692269
3.28;1022.73;0.103115;1022.83;341.33;0.6116;0.692269
3.29;1022.73;0.0610004;1022.79;341.33;0.6075;0.692269
3.3;1022.73;0.0312152;1022.76;341.33;0.7247;0.692269
3.31;1022.73;0.0987811;1022.83;341.33;0.5027;0.692269
3.32;1022.73;0.0110126;1022.74;341.33;0.5134;0.692269
3.33;1022.73;-0.131993;1022.59;341.33;0.3217;0.692269
3.34;1022.73;0.0155902;1022.74;341.33;0.4251;0.692269
3.35;1022.73;-0.128697;1022.6;341.33;0.4947;0.692269
3.36;1022.73;0.203701;1022.93;341.33;0.7205;0.692269
3.37;1022.73;-0.0691876;1022.66;341.33;0.7698;0.692269
3.38;1022.73;0.0746112;1022.8;341.33;0.8277;0.692269
3.39;1022.73;-0.071507;1022.65;341.33;0.8064;0.692269
3.4;1022.73;-0.0375104;1022.69;341.33;0.6864;0.692269
3.41;1022.73;0.0653339;1022.79;341.33;0.695;0.692269
3.42;1022.73;0.118801;1022.85;341.33;0.7366;0.692269
3.43;1022.73;0.0653339;1022.79;341.33;0.7;0.692269
3.44;1022.73;-0.0721173;1022.65;341.33;0.6874;0.692269
3.45;1022.73;-0.225071;1022.5;341.33;0.7927;0.692269
3.46;1022.73;-0.207982;1022.52;341.33;0.7903;0.692269
3.47;1022.73;-0.0411725;1022.69;341.33;0.7195;0.692269
3.48;1022.73;-0.0535626;1022.67;341.33;0.7954;0.692269
3.49;1022.73;0.105678;1022.83;341.33;0.7452;0.692269
3.5;1022.73;-0.0716901;1022.65;341.33;0.6865;0.692269
3.51;1022.73;-0.0857892;1022.64;341.33;0.7332;0.692269
3.52;1022.73;-0.113621;1022.61;341.33;0.677;0.692269
3.53;1022.73;-0.260167;1022.47;341.33;0.4009;0.692269
3.54;1022.73;0.0553851;1022.78;341.33;0.3437;0.692269
3.55;1022.73;0.331081;1023.06;341.33;0.6055;0.692269
3.56;1022.73;-0.00198792;1022.72;341.33;0.4998;0.692269
3.57;1022.73;0.15121;1022.88;341.33;0.4859;0.692269
3.58;1022.73;-0.0112042;1022.72;341.33;0.5095;0.692269
3.59;1022.73;0.203701;1022.93;341.33;0.4772;0.692269
3.6;1022.73;0.112636;1022.84;341.33;0.5849;0.692269
3.61;1022.73;0.0913959;1022.82;341.33;0.7965;0.692269
3.62;1022.73;0.127224;1022.85;341.33;0.8224;0.692269
3.63;1022.73;0.0179095;1022.74;341.33;0.7535;0.692269
3.64;1022.73;-0.0372052;1022.69;341.33;0.8551;0.692269
3.65;1022.73;0.00722839;1022.73;341.33;0.8531;0.692269
3.66;1022.73;0.042995;1022.77;341.33;0.8083;0.692269
3.67;1022.73;0.0368304;1022.76;341.33;0.8234;0.692269
3.68;1022.73;0.0865131;1022.81;341.33;0.545;0.692269
3.69;1022.73;-0.0638776;1022.66;341.33;0.5378;0.692269
3.7;1022.73;-0.183262;1022.54;341.33;0.5323;0.692269
3.71;1022.73;0.0528827;1022.78;341.33;0.5918;0.692269
3.72;1022.73;0.00820496;1022.73;341.33;0.4652;0.692269
3.73;1022.73;0.166591;1022.89;341.33;0.8459;0.692269
3.74;1022.73;0.0351215;1022.76;341.33;0.9955;0.692269
3.75;1022.73;-0.124913;1022.6;341.33;1.0244;0.692269
3.76;1022.73;-0.150181;1022.58;341.33;1.0136;0.692269
3.77;1022.73;-0.087193;1022.64;341.33;0.981;0.692269
3.78;1022.73;-0.0710797;1022.66;341.33;0.7522;0.692269
3.79;1022.73;0.0357318;1022.76;341.33;0.7791;0.692269
3.8;1022.73;0.036037;1022.76;341.33;0.74;0.692269
3.81;1022.73;0.00777771;1022.73;341.33;0.8323;0.692269
3.82;1022.73;-0.0768781;1022.65;341.33;0.8537;0.692269
3.83;1022.73;0.0583148;1022.78;341.33;0.9709;0.692269
3.84;1022.73;-0.132969;1022.59;341.33;0.7559;0.692269
3.85;1022.73;0.160305;1022.89;341.33;0.5735;0.692269
3.86;1022.73;0.0362811;1022.76;341.33;0.5506;0.692269
3.87;1022.73;0.0713153;1022.8;341.33;0.6315;0.692269
3.88;1022.73;-0.0478864;1022.68;341.33;0.5981;0.692269
3.89;1022.73;0.0854144;1022.81;341.33;0.8151;0.692269
3.9;1022.73;0.135524;1022.86;341.33;0.8938;0.692269
3.91;1022.73;0.237636;1022.96;341.33;0.7514;0.692269
3.92;1022.73;0.0143085;1022.74;341.33;0.667;0.692269
3.93;1022.73;0.0763812;1022.8;341.33;0.5655;0.692269
3.94;1022.73;-0.0466656;1022.68;341.33;0.3973;0.692269
3.95;1022.73;-0.266575;1022.46;341.33;0.4582;0.692269
3.96;1022.73;-0.144017;1022.58;341.33;0.5356;0.692269
3.97;1022.73;0.0940204;1022.82;341.33;0.4967;0.692269
3.98;1022.73;0.0433002;1022.77;341.33;0.5642;0.692269
3.99;1022.73;0.0768085;1022.8;341.33;0.6979;0.692269
4;1022.73;-0.017674;1022.71;341.33;0.8053;0.692269
4.01;1022.73;0.0354266;1022.76;341.33;0.8165;0.692269
4.02;1022.73;-0.138279;1022.59;341.33;0.7951;0.692269
4.03;1022.73;0.0799823;1022.81;341.33;0.7288;0.692269
4.04;1022.73;-0.157505;1022.57;341.33;0.719;0.692269
4.05;1022.73;-0.00540588;1022.72;341.33;0.7752;0.692269
4.06;1022.73;-0.0588727;1022.67;341.33;0.9328;0.692269
4.07;1022.73;-0.163121;1022.56;341.33;0.8772;0.692269
4.08;1022.73;-0.0414777;1022.68;341.33;1.0741;0.692269
4.09;1022.73;-0.121922;1022.6;341.33;0.8826;0.692269
4.1;1022.73;0.234035;1022.96;341.33;0.8772;0.692269
4.11;1022.73;0.0990863;1022.83;341.33;0.9669;0.692269
4.12;1022.73;0.14822;1022.87;341.33;0.7503;0.692269
4.13;1022.73;-0.212071;1022.51;341.33;0.5521;0.692269
4.14;1022.73;0.0677142;1022.79;341.33;0.5144;0.692269
4.15;1022.73;0.0207172;1022.75;341.33;0.554;0.692269
4.16;1022.73;0.0888324;1022.82;341.33;0.7057;0.692269
4.17;1022.73;0.109401;1022.84;341.33;0.9639;0.692269
4.18;1022.73;0.1954;1022.92;341.33;1.022;0.692269
4.19;1022.73;-0.129918;1022.6;341.33;0.7841;0.692269
4.2;1022.73;-0.167088;1022.56;341.33;0.7396;0.692269
4.21;1022.73;-0.0121198;1022.71;341.33;0.7066;0.692269
4.22;1022.73;0.217983;1022.94;341.33;0.8341;0.692269
4.23;1022.73;0.118984;1022.85;341.33;0.9868;0.692269
4.24;1022.73;0.134182;1022.86;341.33;1.0936;0.692269
4.25;1022.73;0.0589862;1022.79;341.33;1.1171;0.692269
4.26;1022.73;-0.2468;1022.48;341.33;0.847;0.692269
4.27;1022.73;0.0888324;1022.82;341.33;0.846;0.692269
4.28;1022.73;0.029079;1022.76;341.33;0.7881;0.692269
4.29;1022.73;0.190883;1022.92;341.33;0.8875;0.692269
4.3;1022.73;0.18423;1022.91;341.33;0.9123;0.692269
4.31;1022.73;-0.052464;1022.67;341.33;0.7787;0.692269
4.32;1022.73;-0.221104;1022.51;341.33;0.4633;0.692269
4.33;1022.73;-0.113865;1022.61;341.33;0.3382;0.692269
4.34;1022.73;-0.152379;1022.57;341.33;0.296;0.692269
4.35;1022.73;0.130519;1022.86;341.33;0.4869;0.692269
4.36;1022.73;0.0567889;1022.78;341.33;0.7014;0.692269
4.37001;1022.73;0.0667377;1022.79;341.33;0.7568;0.692269
4.38001;1022.73;-0.0478864;1022.68;341.33;0.7321;0.692269
4.39001;1022.73;0.0155902;1022.74;341.33;0.8635;0.692269
4.40001;1022.73;0.0663104;1022.79;341.33;0.6858;0.692269
4.41001;1022.73;0.218837;1022.95;341.33;0.7592;0.692269
4.42001;1022.73;0.0613055;1022.79;341.33;0.8512;0.692269
4.43001;1022.73;0.177211;1022.9;341.33;0.8571;0.692269
4.44001;1022.73;0.0384174;1022.76;341.33;0.7074;0.692269
4.45001;1022.73;0.000514526;1022.73;341.33;0.7756;0.692269
4.46001;1022.73;0.000331421;1022.73;341.33;0.7577;0.692269
4.47001;1022.73;0.0838275;1022.81;341.33;0.5974;0.692269
4.48001;1022.73;0.128078;1022.85;341.33;0.6409;0.692269
4.49001;1022.73;0.12051;1022.85;341.33;0.747;0.692269
4.50001;1022.73;-0.116368;1022.61;341.33;0.8255;0.692269
4.51001;1022.73;0.0414081;1022.77;341.33;0.7645;0.692269
4.52001;1022.73;0.214382;1022.94;341.33;0.7153;0.692269
4.53001;1022.73;-0.0724225;1022.65;341.33;0.5954;0.692269
4.54001;1022.73;0.222438;1022.95;341.33;0.6637;0.692269
4.55001;1022.73;0.0166278;1022.74;341.33;0.8804;0.692269
4.56001;1022.73;0.0650897;1022.79;341.33;0.879;0.692269
4.57001;1022.73;0.165981;1022.89;341.33;0.8982;0.692269
4.58001;1022.73;-0.0254865;1022.7;341.33;0.8371;0.692269
4.59001;1022.73;0.0882831;1022.81;341.33;0.6774;0.692269
4.60001;1022.73;0.0190082;1022.75;341.33;0.6112;0.692269
4.61001;1022.73;-0.13889;1022.59;341.33;0.2988;0.692269
4.62001;1022.73;-0.0295148;1022.7;341.33;0.0825;0.692269
4.63001;1022.73;-0.040379;1022.69;341.33;0.2081;0.692269
4.64001;1022.73;0.00551941;1022.73;341.33;0.5075;0.692269
4.65001;1022.73;0.22903;1022.96;341.33;0.9244;0.692269
4.66001;1022.73;-0.215367;1022.51;341.33;0.8191;0.692269
4.67001;1022.73;0.140712;1022.87;341.33;0.8153;0.692269
4.68001;1022.73;-0.112278;1022.61;341.33;0.7229;0.692269
4.69001;1022.73;0.0473285;1022.77;341.33;0.4677;0.692269
4.70001;1022.73;0.0212054;1022.75;341.33;0.3554;0.692269
4.71001;1022.73;0.0356097;1022.76;341.33;0.3658;0.692269
4.72001;1022.73;0.127834;1022.85;341.33;0.4856;0.692269
4.73001;1022.73;0.21603;1022.94;341.33;0.6417;0.692269
4.74001;1022.73;0.18301;1022.91;341.33;0.9465;0.692269
4.75001;1022.73;0.110683;1022.84;341.33;0.9821;0.692269
4.76001;1022.73;0.15353;1022.88;341.33;0.8788;0.692269
4.77001;1022.73;-0.110692;1022.62;341.33;0.7738;0.692269
4.78001;1022.73;-0.087193;1022.64;341.33;0.6535;0.692269
4.79001;1022.73;0.0597797;1022.79;341.33;0.6819;0.692269
4.80001;1022.73;0.0830951;1022.81;341.33;0.7679;0.692269
4.81002;1022.73;0.154079;1022.88;341.33;0.5174;0.692269
4.82002;1022.73;0.0245013;1022.75;341.33;0.4972;0.692269
4.83002;1022.73;-0.136998;1022.59;341.33;0.5597;0.692269
4.84002;1022.73;0.157009;1022.88;341.33;0.7028;0.692269
4.85002;1022.73;-0.00601624;1022.72;341.33;0.5543;0.692269
4.86002;1022.73;0.096828;1022.82;341.33;0.5044;0.692269
4.87002;1022.73;0.0702167;1022.8;341.33;0.4193;0.692269
4.88002;1022.73;-0.0188947;1022.71;341.33;0.48;0.692269
4.89002;1022.73;-0.152318;1022.57;341.33;0.6071;0.692269
4.90002;1022.73;-0.0127911;1022.71;341.33;0.8299;0.692269
4.91002;1022.73;-0.375279;1022.35;341.33;0.6508;0.692269
4.92002;1022.73;0.0110126;1022.74;341.33;0.7468;0.692269
4.93002;1022.73;-0.0876202;1022.64;341.33;0.7508;0.692269
4.94002;1022.73;-0.0494733;1022.68;341.33;0.6934;0.692269
4.95002;1022.73;0.0865131;1022.81;341.33;0.7083;0.692269
4.96002;1022.73;0.13821;1022.86;341.33;0.6525;0.692269
4.97002;1022.73;-0.0979962;1022.63;341.33;0.5788;0.692269
4.98002;1022.73;0.288112;1023.01;341.33;0.7699;0.692269
4.99002;1022.73;0.170314;1022.9;341.33;0.9872;0.692269
5.00002;1022.73;0.0245013;1022.75;341.33;0.9373;0.692269
5.01002;1022.73;-0.0170636;1022.71;341.33;0.814;0.692269
5.02002;1022.73;0.109096;1022.84;341.33;0.8779;0.692269
5.03002;1022.73;0.201503;1022.93;341.33;0.943;0.692269
5.04002;1022.73;0.102382;1022.83;341.33;0.8589;0.692269
5.05002;1022.73;0.31393;1023.04;341.33;0.89;0.692269
5.06002;1022.73;-0.0621686;1022.66;341.33;0.6678;0.692269
5.07002;1022.73;-0.0500226;1022.68;341.33;0.5236;0.692269
5.08002;1022.73;-0.0716901;1022.65;341.33;0.5376;0.692269
5.09002;1022.73;0.0183368;1022.74;341.33;0.5799;0.692269
5.10002;1022.73;0.171596;1022.9;341.33;0.567;0.692269
5.11002;1022.73;0.0747333;1022.8;341.33;0.618;0.692269
5.12002;1022.73;0.130519;1022.86;341.33;0.6768;0.692269
5.13002;1022.73;0.0357318;1022.76;341.33;0.6471;0.692269
5.14002;1022.73;-0.0760846;1022.65;341.33;0.6277;0.692269
5.15002;1022.73;-0.0165143;1022.71;341.33;0.5997;0.692269
5.16002;1022.73;0.0149188;1022.74;341.33;0.5473;0.692269
5.17002;1022.73;0.132778;1022.86;341.33;0.6485;0.692269
5.18002;1022.73;0.132534;1022.86;341.33;0.7656;0.692269
5.19002;1022.73;-0.0289044;1022.7;341.33;0.6018;0.692269
5.20002;1022.73;-0.0582013;1022.67;341.33;0.562;0.692269
5.21002;1022.73;-0.166417;1022.56;341.33;0.6289;0.692269
5.22002;1022.73;-0.00406311;1022.72;341.33;0.7082;0.692269
5.23002;1022.73;0.135891;1022.86;341.33;0.8132;0.692269
5.24003;1022.73;0.245327;1022.97;341.33;0.8096;0.692269
5.25003;1022.73;-0.0945172;1022.63;341.33;0.7505;0.692269
5.26003;1022.73;0.0246844;1022.75;341.33;0.6622;0.692269
5.27003;1022.73;0.0492816;1022.78;341.33;0.662;0.692269
5.28003;1022.73;0.025722;1022.75;341.33;0.8036;0.692269
5.29003;1022.73;0.0539203;1022.78;341.33;0.7921;0.692269
5.30003;1022.73;0.110317;1022.84;341.33;0.8905;0.692269
5.31003;1022.73;0.134487;1022.86;341.33;0.689;0.692269
5.32003;1022.73;-0.0983624;1022.63;341.33;0.484;0.692269
5.33003;1022.73;0.0790057;1022.81;341.33;0.4888;0.692269
5.34003;1022.73;0.0957294;1022.82;341.33;0.6069;0.692269
5.35003;1022.73;0.107387;1022.83;341.33;0.5803;0.692269
5.36003;1022.73;0.0301166;1022.76;341.33;0.7212;0.692269
5.37003;1022.73;0.102382;1022.83;341.33;0.6726;0.692269
5.38003;1022.73;0.00869324;1022.73;341.33;0.5634;0.692269
5.39003;1022.73;-0.0284772;1022.7;341.33;0.5046;0.692269
5.40003;1022.73;0.0696063;1022.8;341.33;0.5528;0.692269
5.41003;1022.73;0.106838;1022.83;341.33;0.5929;0.692269
5.42003;1022.73;0.113002;1022.84;341.33;0.5411;0.692269
5.43003;1022.73;0.14352;1022.87;341.33;0.544;0.692269
5.44003;1022.73;-0.0204205;1022.71;341.33;0.6494;0.692269
5.45003;1022.73;-0.137181;1022.59;341.33;0.6959;0.692269
5.46003;1022.73;-0.100865;1022.63;341.33;0.9257;0.692269
5.47003;1022.73;-0.0865216;1022.64;341.33;0.8587;0.692269
5.48003;1022.73;0.0473285;1022.77;341.33;0.8376;0.692269
5.49003;1022.73;0.140529;1022.87;341.33;0.7958;0.692269
5.50003;1022.73;0.0166888;1022.74;341.33;0.6052;0.692269
5.51003;1022.73;-0.14597;1022.58;341.33;0.3662;0.692269
5.52003;1022.73;-0.0217023;1022.7;341.33;0.4537;0.692269
5.53003;1022.73;0.0650897;1022.79;341.33;0.5013;0.692269
5.54003;1022.73;0.106838;1022.83;341.33;0.4709;0.692269
5.55003;1022.73;0.230007;1022.96;341.33;0.6332;0.692269
5.56003;1022.73;0.136135;1022.86;341.33;0.8898;0.692269
5.57003;1022.73;-0.0660748;1022.66;341.33;0.6267;0.692269
5.58003;1022.73;0.0354266;1022.76;341.33;0.6087;0.692269
5.59003;1022.73;-0.0267682;1022.7;341.33;0.5518;0.692269
5.60003;1022.73;0.19601;1022.92;341.33;0.539;0.692269
5.61003;1022.73;0.126796;1022.85;341.33;0.6608;0.692269
5.62003;1022.73;0.149807;1022.88;341.33;0.8193;0.692269
5.63003;1022.73;-0.00711487;1022.72;341.33;0.8388;0.692269
5.64003;1022.73;-0.11179;1022.61;341.33;0.7028;0.692269
5.65003;1022.73;0.051601;1022.78;341.33;0.5824;0.692269
5.66003;1022.73;0.133815;1022.86;341.33;0.4857;0.692269
5.67003;1022.73;0.0420184;1022.77;341.33;0.4641;0.692269
5.68004;1022.73;0.208583;1022.93;341.33;0.5841;0.692269
5.69004;1022.73;-0.0328717;1022.69;341.33;0.6882;0.692269
5.70004;1022.73;-0.0491071;1022.68;341.33;0.5553;0.692269
5.71004;1022.73;-0.0262189;1022.7;341.33;0.5134;0.692269
5.72004;1022.73;-0.0633893;1022.66;341.33;0.5679;0.692269
5.73004;1022.73;0.176235;1022.9;341.33;0.5762;0.692269
5.74004;1022.73;0.115322;1022.84;341.33;0.6799;0.692269
5.75004;1022.73;-0.0188947;1022.71;341.33;0.8014;0.692269
5.76004;1022.73;-0.183812;1022.54;341.33;0.6764;0.692269
5.77004;1022.73;-0.130162;1022.6;341.33;0.8296;0.692269
5.78004;1022.73;-0.0115704;1022.71;341.33;0.6413;0.692269
5.79004;1022.73;0.00893738;1022.74;341.33;0.6144;0.692269
5.80004;1022.73;0.0685077;1022.79;341.33;0.4748;0.692269
5.81004;1022.73;0.125209;1022.85;341.33;0.5132;0.692269
5.82004;1022.73;-0.0434918;1022.68;341.33;0.4657;0.692269
5.83004;1022.73;-0.0954938;1022.63;341.33;0.6216;0.692269
5.84004;1022.73;-0.183018;1022.54;341.33;0.5586;0.692269
5.85004;1022.73;0.101406;1022.83;341.33;0.5248;0.692269
5.86004;1022.73;0.153713;1022.88;341.33;0.528;0.692269
5.87004;1022.73;0.301235;1023.03;341.33;0.6627;0.692269
5.88004;1022.73;-0.113865;1022.61;341.33;0.3965;0.692269
5.89004;1022.73;0.0279193;1022.75;341.33;0.4199;0.692269
5.90004;1022.73;-0.0885968;1022.64;341.33;0.5705;0.692269
5.91004;1022.73;0.186306;1022.91;341.33;0.708;0.692269
5.92004;1022.73;0.141078;1022.87;341.33;0.7044;0.692269
5.93004;1022.73;0.105129;1022.83;341.33;0.8688;0.692269
5.94004;1022.73;-0.165684;1022.56;341.33;0.6823;0.692269
5.95004;1022.73;-0.00870178;1022.72;341.33;0.6925;0.692269
5.96004;1022.73;-0.231114;1022.5;341.33;0.715;0.692269
5.97004;1022.73;-0.122288;1022.6;341.33;0.6066;0.692269
5.98004;1022.73;0.107082;1022.83;341.33;0.5148;0.692269
5.99004;1022.73;-0.0809064;1022.65;341.33;0.574;0.692269
6.00004;1022.73;-0.0411725;1022.69;341.33;0.4822;0.692269
6.01004;1022.73;0.0714984;1022.8;341.33;0.4098;0.692269
6.02004;1022.73;-0.187108;1022.54;341.33;0.5095;0.692269
6.03004;1022.73;-0.00998352;1022.72;341.33;0.7764;0.692269
6.04004;1022.73;-0.0343976;1022.69;341.33;0.7687;0.692269
6.05004;1022.73;0.050014;1022.78;341.33;0.8357;0.692269
6.06004;1022.73;0.115932;1022.84;341.33;0.8085;0.692269
6.07004;1022.73;-0.0818219;1022.64;341.33;0.5688;0.692269
6.08004;1022.73;0.121425;1022.85;341.33;0.4438;0.692269
6.09004;1022.73;-0.13657;1022.59;341.33;0.3958;0.692269
6.10004;1022.73;0.0216327;1022.75;341.33;0.4478;0.692269
6.11004;1022.73;0.0584369;1022.78;341.33;0.71;0.692269
6.12005;1022.73;0.231288;1022.96;341.33;1.0663;0.692269
6.13005;1022.73;-0.0582013;1022.67;341.33;0.9133;0.692269
6.14005;1022.73;0.120937;1022.85;341.33;0.766;0.692269
6.15005;1022.73;-0.0441632;1022.68;341.33;0.7182;0.692269
6.16005;1022.73;0.0119891;1022.74;341.33;0.519;0.692269
6.17005;1022.73;0.0373798;1022.76;341.33;0.488;0.692269
6.18005;1022.73;0.321132;1023.05;341.33;0.4969;0.692269
6.19005;1022.73;0.0246844;1022.75;341.33;0.6149;0.692269
6.20005;1022.73;-0.00241516;1022.72;341.33;0.5898;0.692269
6.21005;1022.73;-0.225071;1022.5;341.33;0.7224;0.692269
6.22005;1022.73;0.0868182;1022.81;341.33;0.7282;0.692269
6.23005;1022.73;0.0761371;1022.8;341.33;0.6819;0.692269
6.24005;1022.73;0.053432;1022.78;341.33;0.6054;0.692269
6.25005;1022.73;0.17062;1022.9;341.33;0.7223;0.692269
6.26005;1022.73;-0.187413;1022.54;341.33;0.5906;0.692269
6.27005;1022.73;0.100185;1022.83;341.33;0.7063;0.692269
6.28005;1022.73;-0.0934796;1022.63;341.33;0.7351;0.692269
6.29005;1022.73;0.104702;1022.83;341.33;0.7543;0.692269
6.30005;1022.73;0.0844379;1022.81;341.33;0.9081;0.692269
6.31005;1022.73;0.00838806;1022.73;341.33;0.7982;0.692269
6.32005;1022.73;-0.101597;1022.62;341.33;0.6499;0.692269
6.33005;1022.73;-0.0129742;1022.71;341.33;0.5521;0.692269
6.34005;1022.73;-0.0986066;1022.63;341.33;0.6062;0.692269
6.35005;1022.73;0.146816;1022.87;341.33;0.6946;0.692269
6.36005;1022.73;-0.123021;1022.6;341.33;0.7217;0.692269
6.37005;1022.73;-0.0795636;1022.65;341.33;0.61;0.692269
6.38005;1022.73;0.0393329;1022.77;341.33;0.4023;0.692269
6.39005;1022.73;-0.035069;1022.69;341.33;0.3965;0.692269
6.40005;1022.73;-0.110203;1022.62;341.33;0.5878;0.692269
6.41005;1022.73;-0.0666852;1022.66;341.33;0.8394;0.692269
6.42005;1022.73;0.109096;1022.84;341.33;0.8376;0.692269
6.43005;1022.73;-0.0343976;1022.69;341.33;0.6699;0.692269
6.44005;1022.73;0.0492816;1022.78;341.33;0.343;0.692269
6.45005;1022.73;-0.120274;1022.61;341.33;0.1009;0.692269
6.46005;1022.73;0.0384174;1022.76;341.33;0.5197;0.692269
6.47005;1022.73;0.0183368;1022.74;341.33;0.9154;0.692269
6.48005;1022.73;0.0329852;1022.76;341.33;1.0284;0.692269
6.49005;1022.73;0.0406146;1022.77;341.33;0.9703;0.692269
6.50005;1022.73;-0.115513;1022.61;341.33;0.7494;0.692269
6.51005;1022.73;0.000514526;1022.73;341.33;0.2691;0.692269
6.52005;1022.73;-0.114109;1022.61;341.33;0.3336;0.692269
6.53005;1022.73;0.0747333;1022.8;341.33;0.6029;0.692269
6.54005;1022.73;0.224025;1022.95;341.33;0.8469;0.692269
6.55006;1022.73;0.0987811;1022.83;341.33;1.0441;0.692269
6.56006;1022.73;0.010036;1022.74;341.33;0.9548;0.692269
6.57006;1022.73;-0.00742004;1022.72;341.33;0.6556;0.692269
6.58006;1022.73;-0.075108;1022.65;341.33;0.3976;0.692269
6.59006;1022.73;-0.0447736;1022.68;341.33;0.5978;0.692269
6.60006;1022.73;-0.0491071;1022.68;341.33;0.7533;0.692269
6.61006;1022.73;-0.0447736;1022.68;341.33;0.9465;0.692269
6.62006;1022.73;-0.117772;1022.61;341.33;0.9422;0.692269
6.63006;1022.73;-0.102879;1022.62;341.33;0.8912;0.692269
6.64006;1022.73;-0.296299;1022.43;341.33;0.6117;0.692269
6.65006;1022.73;0.0320087;1022.76;341.33;0.8709;0.692269
6.66006;1022.73;-0.225071;1022.5;341.33;0.8229;0.692269
6.67006;1022.73;0.172512;1022.9;341.33;0.9446;0.692269
6.68006;1022.73;-0.00436829;1022.72;341.33;1.0117;0.692269
6.69006;1022.73;0.203701;1022.93;341.33;1.1058;0.692269
6.70006;1022.73;-0.00497864;1022.72;341.33;0.8703;0.692269
6.71006;1022.73;-0.0735211;1022.65;341.33;0.7527;0.692269
6.72006;1022.73;-0.035069;1022.69;341.33;0.5472;0.692269
6.73006;1022.73;0.173915;1022.9;341.33;0.5566;0.692269
6.74006;1022.73;0.204616;1022.93;341.33;0.7883;0.692269
6.75006;1022.73;0.14291;1022.87;341.33;0.9279;0.692269
6.76006;1022.73;-0.0411725;1022.69;341.33;0.8034;0.692269
6.77006;1022.73;-0.127415;1022.6;341.33;0.8209;0.692269
6.78006;1022.73;-0.0696149;1022.66;341.33;0.7711;0.692269
6.79006;1022.73;0.103115;1022.83;341.33;0.7537;0.692269
6.80006;1022.73;0.235317;1022.96;341.33;0.7231;0.692269
6.81006;1022.73;0.14413;1022.87;341.33;0.8163;0.692269
6.82006;1022.73;-0.0755963;1022.65;341.33;0.7272;0.692269
6.83006;1022.73;-0.0757794;1022.65;341.33;0.5348;0.692269
6.84006;1022.73;-0.0649152;1022.66;341.33;0.4776;0.692269
6.85006;1022.73;0.011684;1022.74;341.33;0.3098;0.692269
6.86006;1022.73;0.140529;1022.87;341.33;0.313;0.692269
6.87006;1022.73;0.154811;1022.88;341.33;0.5658;0.692269
6.88006;1022.73;0.0149188;1022.74;341.33;0.5727;0.692269
6.89006;1022.73;-0.0345197;1022.69;341.33;0.6296;0.692269
6.90006;1022.73;-0.175267;1022.55;341.33;0.7565;0.692269
6.91006;1022.73;-0.0812726;1022.65;341.33;0.6493;0.692269
6.92006;1022.73;0.0718036;1022.8;341.33;0.5214;0.692269
6.93006;1022.73;0.110683;1022.84;341.33;0.4707;0.692269
6.94006;1022.73;0.0459857;1022.77;341.33;0.5942;0.692269
6.95006;1022.73;0.00588562;1022.73;341.33;0.7043;0.692269
6.96006;1022.73;0.149501;1022.88;341.33;1.0139;0.692269
6.97006;1022.73;-0.0328717;1022.69;341.33;1.2112;0.692269
6.98006;1022.73;0.0718036;1022.8;341.33;1.072;0.692269
6.99007;1022.73;0.145229;1022.87;341.33;0.8372;0.692269
7.00007;1022.73;0.151821;1022.88;341.33;0.8272;0.692269
7.01007;1022.73;0.110317;1022.84;341.33;0.685;0.692269
7.02007;1022.73;0.051601;1022.78;341.33;0.7958;0.692269
7.03007;1022.73;0.0456195;1022.77;341.33;1.0609;0.692269
7.04007;1022.73;0.154811;1022.88;341.33;0.9995;0.692269
7.05007;1022.73;0.145229;1022.87;341.33;0.8093;0.692269
7.06007;1022.73;0.0780902;1022.8;341.33;0.5428;0.692269
7.07007;1022.73;0.0163226;1022.74;341.33;0.4971;0.692269
7.08007;1022.73;0.0456195;1022.77;341.33;0.6934;0.692269
7.09007;1022.73;0.0501361;1022.78;341.33;0.8372;0.692269
7.10007;1022.73;-0.0154767;1022.71;341.33;0.8544;0.692269
7.11007;1022.73;0.0149188;1022.74;341.33;0.822;0.692269
7.12007;1022.73;0.12881;1022.86;341.33;0.8506;0.692269
7.13007;1022.73;-0.205906;1022.52;341.33;0.781;0.692269
7.14007;1022.73;-0.0591779;1022.67;341.33;0.8015;0.692269
7.15007;1022.73;0.00722839;1022.73;341.33;0.9274;0.692269
7.16007;1022.73;-0.0337872;1022.69;341.33;0.7651;0.692269
7.17007;1022.73;0.0617328;1022.79;341.33;0.6895;0.692269
7.18007;1022.73;0.0597186;1022.79;341.33;0.6361;0.692269
7.19007;1022.73;-0.0547833;1022.67;341.33;0.5725;0.692269
7.20007;1022.73;0.0340839;1022.76;341.33;0.5236;0.692269
7.21007;1022.73;-0.0956769;1022.63;341.33;0.7977;0.692269
7.22007;1022.73;0.0674091;1022.79;341.33;0.9418;0.692269
7.23007;1022.73;0.0702167;1022.8;341.33;0.9325;0.692269
7.24007;1022.73;-0.0605817;1022.67;341.33;0.7474;0.692269
7.25007;1022.73;-0.0215192;1022.7;341.33;0.6074;0.692269
7.26007;1022.73;-0.0248151;1022.7;341.33;0.4415;0.692269
7.27007;1022.73;-0.0571027;1022.67;341.33;0.4407;0.692269
7.28007;1022.73;0.0824237;1022.81;341.33;0.4827;0.692269
7.29007;1022.73;0.165981;1022.89;341.33;0.7474;0.692269
7.30007;1022.73;0.0747333;1022.8;341.33;0.99;0.692269
7.31007;1022.73;0.0871234;1022.81;341.33;1.1536;0.692269
7.32007;1022.73;0.0281024;1022.75;341.33;1.0439;0.692269
7.33007;1022.73;-0.175999;1022.55;341.33;0.7194;0.692269
7.34007;1022.73;0.0973163;1022.82;341.33;0.6854;0.692269
7.35007;1022.73;-0.097569;1022.63;341.33;0.5288;0.692269
7.36007;1022.73;0.145229;1022.87;341.33;0.4553;0.692269
7.37007;1022.73;0.18362;1022.91;341.33;0.6038;0.692269
7.38007;1022.73;0.0844379;1022.81;341.33;0.4697;0.692269
7.39007;1022.73;-0.0209698;1022.71;341.33;0.3138;0.692269
7.40007;1022.73;-0.159214;1022.57;341.33;0.3959;0.692269
7.41007;1022.73;-0.0458112;1022.68;341.33;0.4689;0.692269
7.42007;1022.73;0.0624042;1022.79;341.33;0.6146;0.692269
7.43008;1022.73;0.109584;1022.84;341.33;0.754;0.692269
7.44008;1022.73;0.177211;1022.9;341.33;0.776;0.692269
7.45008;1022.73;-0.166417;1022.56;341.33;0.6499;0.692269
7.46008;1022.73;-0.155186;1022.57;341.33;0.6226;0.692269
7.47008;1022.73;-0.26389;1022.46;341.33;0.5525;0.692269
7.48008;1022.73;-0.168675;1022.56;341.33;0.501;0.692269
7.49008;1022.73;0.151882;1022.88;341.33;0.5937;0.692269
7.50008;1022.73;-0.0809064;1022.65;341.33;0.7356;0.692269
7.51008;1022.73;0.0213275;1022.75;341.33;0.888;0.692269
7.52008;1022.73;0.051601;1022.78;341.33;0.9914;0.692269
7.53008;1022.73;-0.0226788;1022.7;341.33;0.9794;0.692269
7.54008;1022.73;0.074184;1022.8;341.33;0.8411;0.692269
7.55008;1022.73;0.0877338;1022.81;341.33;0.7751;0.692269
7.56008;1022.73;0.204189;1022.93;341.33;0.7504;0.692269
7.57008;1022.73;0.0459857;1022.77;341.33;0.792;0.692269
7.58008;1022.73;0.0785175;1022.8;341.33;0.9413;0.692269
7.59008;1022.73;-0.0154767;1022.71;341.33;0.9262;0.692269
7.60008;1022.73;-0.0115704;1022.71;341.33;0.7349;0.692269
7.61008;1022.73;0.0301166;1022.76;341.33;0.4754;0.692269
7.62008;1022.73;0.091701;1022.82;341.33;0.4353;0.692269
7.63008;1022.73;0.13113;1022.86;341.33;0.3862;0.692269
7.64008;1022.73;-0.105565;1022.62;341.33;0.2463;0.692269
7.65008;1022.73;0.070827;1022.8;341.33;0.5003;0.692269
7.66008;1022.73;-0.036778;1022.69;341.33;0.7269;0.692269
7.67008;1022.73;0.042934;1022.77;341.33;0.6768;0.692269
7.68008;1022.73;0.106105;1022.83;341.33;0.7438;0.692269
7.69008;1022.73;-0.0727887;1022.65;341.33;0.6695;0.692269
7.70008;1022.73;-0.0679059;1022.66;341.33;0.4783;0.692269
7.71008;1022.73;-0.0688824;1022.66;341.33;0.5246;0.692269
7.72008;1022.73;-0.230809;1022.5;341.33;0.5905;0.692269
7.73008;1022.73;0.0539203;1022.78;341.33;0.5369;0.692269
7.74008;1022.73;0.0556903;1022.78;341.33;0.5803;0.692269
7.75008;1022.73;-0.0641827;1022.66;341.33;0.5261;0.692269
7.76008;1022.73;-0.0727887;1022.65;341.33;0.5096;0.692269
7.77008;1022.73;-0.0710797;1022.66;341.33;0.6609;0.692269
7.78008;1022.73;-0.100865;1022.63;341.33;0.7371;0.692269
7.79008;1022.73;0.0691791;1022.8;341.33;0.6995;0.692269
7.80008;1022.73;-0.157689;1022.57;341.33;0.5435;0.692269
7.81008;1022.73;0.186306;1022.91;341.33;0.517;0.692269
7.82008;1022.73;-0.0638776;1022.66;341.33;0.3939;0.692269
7.83008;1022.73;-0.00137756;1022.72;341.33;0.3394;0.692269
7.84008;1022.73;0.0346942;1022.76;341.33;0.4997;0.692269
7.85008;1022.73;0.0285907;1022.75;341.33;0.7046;0.692269
7.86009;1022.73;0.0537372;1022.78;341.33;0.7517;0.692269
7.87009;1022.73;0.234401;1022.96;341.33;0.8847;0.692269
7.88009;1022.73;0.00301697;1022.73;341.33;0.9063;0.692269
7.89009;1022.73;-0.0165143;1022.71;341.33;0.797;0.692269
7.90009;1022.73;-0.0777936;1022.65;341.33;0.617;0.692269
7.91009;1022.73;-0.0121198;1022.71;341.33;0.6029;0.692269
7.92009;1022.73;0.179531;1022.91;341.33;0.5401;0.692269
7.93009;1022.73;0.0564227;1022.78;341.33;0.6439;0.692269
7.94009;1022.73;-0.0375104;1022.69;341.33;0.7261;0.692269
7.95009;1022.73;-0.164769;1022.56;341.33;0.7627;0.692269
7.96009;1022.73;-0.137364;1022.59;341.33;0.8176;0.692269
7.97009;1022.73;-0.0701031;1022.66;341.33;0.7353;0.692269
7.98009;1022.73;0.0523334;1022.78;341.33;0.7659;0.692269
7.99009;1022.73;0.125515;1022.85;341.33;0.7973;0.692269
8.00009;1022.73;0.0544086;1022.78;341.33;0.8209;0.692269
8.01009;1022.73;0.135097;1022.86;341.33;0.8325;0.692269
8.02009;1022.73;-0.232762;1022.49;341.33;0.6454;0.692269
8.03009;1022.73;-0.0923199;1022.63;341.33;0.7064;0.692269
8.04009;1022.73;-0.276219;1022.45;341.33;0.6659;0.692269
8.05009;1022.73;-0.144688;1022.58;341.33;0.6215;0.692269
8.06009;1022.73;0.12881;1022.86;341.33;0.7898;0.692269
8.07009;1022.73;-0.0704694;1022.66;341.33;0.8805;0.692269
8.08009;1022.73;-0.0878644;1022.64;341.33;0.7777;0.692269
8.09009;1022.73;-0.0743756;1022.65;341.33;0.7682;0.692269
8.10009;1022.73;0.00283386;1022.73;341.33;0.6104;0.692269
8.11009;1022.73;0.0658221;1022.79;341.33;0.5996;0.692269
8.12009;1022.73;0.215602;1022.94;341.33;0.7572;0.692269
8.13009;1022.73;0.0815082;1022.81;341.33;1.0171;0.692269
8.14009;1022.73;-0.0259747;1022.7;341.33;0.9986;0.692269
8.15009;1022.73;-0.0243878;1022.7;341.33;0.9641;0.692269
8.16009;1022.73;0.089809;1022.82;341.33;0.8323;0.692269
8.17009;1022.73;0.163723;1022.89;341.33;0.5477;0.692269
8.18009;1022.73;0.227016;1022.95;341.33;0.5365;0.692269
8.19009;1022.73;0.050014;1022.78;341.33;0.6511;0.692269
8.20009;1022.73;0.0183368;1022.74;341.33;0.8092;0.692269
8.21009;1022.73;-0.000217896;1022.73;341.33;0.9504;0.692269
8.22009;1022.73;-0.0596051;1022.67;341.33;0.9037;0.692269
8.23009;1022.73;-0.140965;1022.59;341.33;0.5913;0.692269
8.24009;1022.73;0.0738788;1022.8;341.33;0.5251;0.692269
8.25009;1022.73;0.00551941;1022.73;341.33;0.5506;0.692269
8.26009;1022.73;0.0730853;1022.8;341.33;0.5831;0.692269
8.27009;1022.73;0.0354266;1022.76;341.33;0.5526;0.692269
8.28009;1022.73;0.0476947;1022.77;341.33;0.569;0.692269
8.29009;1022.73;-0.107579;1022.62;341.33;0.624;0.692269
8.30009;1022.73;0.00161316;1022.73;341.33;0.547;0.692269
8.31009;1022.73;0.164333;1022.89;341.33;0.5353;0.692269
8.3201;1022.73;0.118007;1022.84;341.33;0.7247;0.692269
8.3301;1022.73;-0.100865;1022.63;341.33;0.7562;0.692269
8.3401;1022.73;-0.114476;1022.61;341.33;0.9185;0.692269
8.3501;1022.73;-0.130162;1022.6;341.33;0.6804;0.692269
8.3601;1022.73;0.0456195;1022.77;341.33;0.5916;0.692269
8.3701;1022.73;-0.0107159;1022.72;341.33;0.5126;0.692269
8.3801;1022.73;-0.0149884;1022.71;341.33;0.6017;0.692269
8.3901;1022.73;-0.00906799;1022.72;341.33;0.5265;0.692269
8.4001;1022.73;-0.0655865;1022.66;341.33;0.7028;0.692269
8.4101;1022.73;-0.00467346;1022.72;341.33;0.7442;0.692269
8.4201;1022.73;0.0926776;1022.82;341.33;0.6932;0.692269
8.4301;1022.73;0.0771136;1022.8;341.33;0.6688;0.692269
8.4401;1022.73;0.311916;1023.04;341.33;0.7266;0.692269
8.4501;1022.73;0.0495868;1022.78;341.33;0.6493;0.692269
8.4601;1022.73;-0.0458112;1022.68;341.33;0.6577;0.692269
8.4701;1022.73;-0.0300641;1022.7;341.33;0.6401;0.692269
8.4801;1022.73;-0.0276837;1022.7;341.33;0.7421;0.692269
8.4901;1022.73;0.168178;1022.89;341.33;0.799;0.692269
8.5001;1022.73;0.20248;1022.93;341.33;0.8941;0.692269
8.5101;1022.73;0.0105243;1022.74;341.33;0.7806;0.692269
8.5201;1022.73;0.0216937;1022.75;341.33;0.7616;0.692269
8.5301;1022.73;0.0301166;1022.76;341.33;0.7599;0.692269
8.5401;1022.73;0.0633807;1022.79;341.33;0.7035;0.692269
8.5501;1022.73;0.167629;1022.89;341.33;0.8082;0.692269
8.5601;1022.73;0.11642;1022.84;341.33;0.8057;0.692269
8.5701;1022.73;-0.0818219;1022.64;341.33;0.5743;0.692269
8.5801;1022.73;-0.0826154;1022.64;341.33;0.4307;0.692269
8.5901;1022.73;-0.14597;1022.58;341.33;0.4252;0.692269
8.6001;1022.73;0.0506244;1022.78;341.33;0.6166;0.692269
8.6101;1022.73;-0.0737653;1022.65;341.33;0.6891;0.692269
8.6201;1022.73;0.212123;1022.94;341.33;0.9849;0.692269
8.6301;1022.73;0.133083;1022.86;341.33;1.0803;0.692269
8.6401;1022.73;-0.100865;1022.63;341.33;0.8042;0.692269
8.6501;1022.73;-0.0356183;1022.69;341.33;0.6334;0.692269
8.6601;1022.73;-0.0951886;1022.63;341.33;0.435;0.692269
8.6701;1022.73;0.0821185;1022.81;341.33;0.4177;0.692269
8.6801;1022.73;0.0573383;1022.78;341.33;0.7038;0.692269
8.6901;1022.73;0.272426;1023;341.33;1.2093;0.692269
8.7001;1022.73;-0.0760846;1022.65;341.33;1.0391;0.692269
8.7101;1022.73;0.0954852;1022.82;341.33;0.8199;0.692269
8.7201;1022.73;0.00429871;1022.73;341.33;0.5849;0.692269
8.7301;1022.73;0.0940204;1022.82;341.33;0.2435;0.692269
8.7401;1022.73;0.159633;1022.89;341.33;0.3257;0.692269
8.7501;1022.73;0.22488;1022.95;341.33;0.6825;0.692269
8.76011;1022.73;0.0285907;1022.75;341.33;0.9147;0.692269
8.77011;1022.73;-0.0574689;1022.67;341.33;0.9569;0.692269
8.78011;1022.73;-0.193821;1022.53;341.33;0.8349;0.692269
8.79011;1022.73;-0.00497864;1022.72;341.33;0.7394;0.692269
8.80011;1022.73;0.11581;1022.84;341.33;0.6292;0.692269
8.81011;1022.73;0.144924;1022.87;341.33;0.741;0.692269
8.82011;1022.73;0.0133319;1022.74;341.33;0.8968;0.692269
8.83011;1022.73;-0.0760846;1022.65;341.33;0.8303;0.692269
8.84011;1022.73;-0.00571106;1022.72;341.33;0.815;0.692269
8.85011;1022.73;-0.0865216;1022.64;341.33;0.7926;0.692269
8.86011;1022.73;0.0976825;1022.82;341.33;0.5919;0.692269
8.87011;1022.73;0.179531;1022.91;341.33;0.7239;0.692269
8.88011;1022.73;0.191921;1022.92;341.33;0.7559;0.692269
8.89011;1022.73;-0.0461774;1022.68;341.33;0.7342;0.692269
8.90011;1022.73;-0.154088;1022.57;341.33;0.7337;0.692269
8.91011;1022.73;-0.0878644;1022.64;341.33;0.5544;0.692269
8.92011;1022.73;-0.0497784;1022.68;341.33;0.523;0.692269
8.93011;1022.73;0.0506244;1022.78;341.33;0.5273;0.692269
8.94011;1022.73;0.103481;1022.83;341.33;0.4856;0.692269
8.95011;1022.73;0.0166888;1022.74;341.33;0.5361;0.692269
8.96011;1022.73;-0.114293;1022.61;341.33;0.5394;0.692269
8.97011;1022.73;0.0390277;1022.77;341.33;0.718;0.692269
8.98011;1022.73;-0.0649152;1022.66;341.33;0.655;0.692269
8.99011;1022.73;0.051601;1022.78;341.33;0.6351;0.692269
9.00011;1022.73;0.0105243;1022.74;341.33;0.7594;0.692269
9.01011;1022.73;0.180019;1022.91;341.33;0.8825;0.692269
9.02011;1022.73;-0.0588727;1022.67;341.33;0.6751;0.692269
9.03011;1022.73;0.0752216;1022.8;341.33;0.7479;0.692269
9.04011;1022.73;0.0647235;1022.79;341.33;0.9431;0.692269
9.05011;1022.73;0.0962177;1022.82;341.33;0.9206;0.692269
9.06011;1022.73;0.221035;1022.95;341.33;0.7449;0.692269
9.07011;1022.73;0.161708;1022.89;341.33;0.8129;0.692269
9.08011;1022.73;0.0492816;1022.78;341.33;0.9663;0.692269
9.09011;1022.73;-0.116185;1022.61;341.33;0.9659;0.692269
9.10011;1022.73;0.0393329;1022.77;341.33;0.8607;0.692269
9.11011;1022.73;0.0877338;1022.81;341.33;0.8813;0.692269
9.12011;1022.73;0.157009;1022.88;341.33;0.9055;0.692269
9.13011;1022.73;0.124782;1022.85;341.33;0.8027;0.692269
9.14011;1022.73;0.101833;1022.83;341.33;0.6173;0.692269
9.15011;1022.73;-0.0528912;1022.67;341.33;0.6434;0.692269
9.16011;1022.73;-0.0735211;1022.65;341.33;0.8089;0.692269
9.17011;1022.73;0.0556903;1022.78;341.33;0.6289;0.692269
9.18011;1022.73;0.0307269;1022.76;341.33;0.6586;0.692269
9.19011;1022.73;0.131496;1022.86;341.33;0.5882;0.692269
9.20012;1022.73;0.165187;1022.89;341.33;0.4279;0.692269
9.21012;1022.73;-0.14658;1022.58;341.33;0.4619;0.692269
9.22012;1022.73;-0.0582013;1022.67;341.33;0.5552;0.692269
9.23012;1022.73;0.0487323;1022.78;341.33;0.777;0.692269
9.24012;1022.73;0.130519;1022.86;341.33;0.8413;0.692269
9.25012;1022.73;0.154811;1022.88;341.33;0.898;0.692269
9.26012;1022.73;0.209926;1022.94;341.33;0.8491;0.692269
9.27012;1022.73;-0.144017;1022.58;341.33;0.6588;0.692269
9.28012;1022.73;0.0320087;1022.76;341.33;0.7178;0.692269
9.29012;1022.73;-0.00278137;1022.72;341.33;0.8034;0.692269
9.30012;1022.73;0.0808368;1022.81;341.33;0.6893;0.692269
9.31012;1022.73;0.287014;1023.01;341.33;0.9639;0.692269
9.32012;1022.73;0.0780902;1022.8;341.33;1.157;0.692269
9.33012;1022.73;0.0246844;1022.75;341.33;1.096;0.692269
9.34012;1022.73;-0.061192;1022.67;341.33;1.0259;0.692269
9.35012;1022.73;-0.12119;1022.61;341.33;0.9908;0.692269
9.36012;1022.73;-0.0818219;1022.64;341.33;0.8691;0.692269
9.37012;1022.73;0.14352;1022.87;341.33;0.9394;0.692269
9.38012;1022.73;0.165309;1022.89;341.33;0.9917;0.692269
9.39012;1022.73;0.0268207;1022.75;341.33;0.9324;0.692269
9.40012;1022.73;-0.0201154;1022.71;341.33;0.9441;0.692269
9.41012;1022.73;-0.113865;1022.61;341.33;0.8568;0.692269
9.42012;1022.73;0.0780902;1022.8;341.33;0.8648;0.692269
9.43012;1022.73;0.154811;1022.88;341.33;0.8627;0.692269
9.44012;1022.73;0.115932;1022.84;341.33;0.8893;0.692269
9.45012;1022.73;0.0465961;1022.77;341.33;0.8308;0.692269
9.46012;1022.73;-0.158421;1022.57;341.33;0.6961;0.692269
9.47012;1022.73;-0.0760846;1022.65;341.33;0.9439;0.692269
9.48012;1022.73;-0.180394;1022.55;341.33;0.9599;0.692269
9.49012;1022.73;0.0877338;1022.81;341.33;0.9109;0.692269
9.50012;1022.73;-0.0848737;1022.64;341.33;0.9923;0.692269
9.51012;1022.73;0.0465961;1022.77;341.33;1.0217;0.692269
9.52012;1022.73;-0.0148053;1022.71;341.33;0.8214;0.692269
9.53012;1022.73;-0.0444684;1022.68;341.33;0.9221;0.692269
9.54012;1022.73;0.0296893;1022.76;341.33;0.9277;0.692269
9.55012;1022.73;0.0205951;1022.75;341.33;0.7877;0.692269
9.56012;1022.73;0.0473285;1022.77;341.33;0.775;0.692269
9.57012;1022.73;0.1553;1022.88;341.33;0.8901;0.692269
9.58012;1022.73;0.05508;1022.78;341.33;0.9011;0.692269
9.59012;1022.73;-0.0782208;1022.65;341.33;0.8178;0.692269
9.60012;1022.73;-0.0138898;1022.71;341.33;0.728;0.692269
9.61012;1022.73;0.0514178;1022.78;341.33;0.6875;0.692269
9.62012;1022.73;0.0390277;1022.77;341.33;0.5481;0.692269
9.63013;1022.73;0.14291;1022.87;341.33;0.6877;0.692269
9.64013;1022.73;-0.0967755;1022.63;341.33;0.7947;0.692269
9.65013;1022.73;-0.249669;1022.48;341.33;0.7805;0.692269
9.66013;1022.73;0.0674091;1022.79;341.33;1.0143;0.692269
9.67013;1022.73;-0.20847;1022.52;341.33;0.8047;0.692269
9.68013;1022.73;0.0440326;1022.77;341.33;0.8442;0.692269
9.69013;1022.73;0.165981;1022.89;341.33;1.0932;0.692269
9.70013;1022.73;0.041286;1022.77;341.33;1.1212;0.692269
9.71013;1022.73;-0.100316;1022.63;341.33;0.9023;0.692269
9.72013;1022.73;-0.0621686;1022.66;341.33;0.9562;0.692269
9.73013;1022.73;-0.0113873;1022.71;341.33;0.9585;0.692269
9.74013;1022.73;-0.0173688;1022.71;341.33;0.7181;0.692269
9.75013;1022.73;-0.0243878;1022.7;341.33;0.6352;0.692269
9.76013;1022.73;0.0459857;1022.77;341.33;0.7389;0.692269
9.77013;1022.73;-0.181675;1022.54;341.33;0.8135;0.692269
9.78013;1022.73;-0.214085;1022.51;341.33;0.8039;0.692269
9.79013;1022.73;-0.0447736;1022.68;341.33;0.8126;0.692269
9.80013;1022.73;0.0116229;1022.74;341.33;0.7896;0.692269
9.81013;1022.73;0.0039325;1022.73;341.33;0.7377;0.692269
9.82013;1022.73;0.0840106;1022.81;341.33;0.813;0.692269
9.83013;1022.73;0.0581317;1022.78;341.33;0.8062;0.692269
9.84013;1022.73;0.000331421;1022.73;341.33;0.5972;0.692269
9.85013;1022.73;0.0334125;1022.76;341.33;0.7068;0.692269
9.86013;1022.73;-0.0517926;1022.67;341.33;0.713;0.692269
9.87013;1022.73;0.328823;1023.06;341.33;0.7734;0.692269
9.88013;1022.73;0.0110126;1022.74;341.33;0.9501;0.692269
9.89013;1022.73;0.046413;1022.77;341.33;0.7873;0.692269
9.90013;1022.73;-0.0901837;1022.64;341.33;0.5094;0.692269
9.91013;1022.73;-0.181004;1022.55;341.33;0.5017;0.692269
9.92013;1022.73;-0.0787701;1022.65;341.33;0.5394;0.692269
9.93013;1022.73;0.212123;1022.94;341.33;0.6847;0.692269
9.94013;1022.73;-0.0467877;1022.68;341.33;0.6733;0.692269
9.95013;1022.73;0.192897;1022.92;341.33;0.7508;0.692269
9.96013;1022.73;0.0172382;1022.74;341.33;0.6539;0.692269
9.97013;1022.73;-0.0361676;1022.69;341.33;0.544;0.692269
9.98013;1022.73;-0.0895734;1022.64;341.33;0.6354;0.692269
9.99013;1022.73;0.0860858;1022.81;341.33;0.6681;0.692269
10.0001;1022.73;0.0639911;1022.79;341.33;0.7187;0.692269
10.0101;1022.73;0.272792;1023;341.33;0.7545;0.692269
10.0201;1022.73;-0.1619;1022.56;341.33;0.5443;0.692269
10.0301;1022.73;-0.137608;1022.59;341.33;0.4764;0.692269
10.0401;1022.73;-0.0345197;1022.69;341.33;0.4327;0.692269
10.0501;1022.73;-0.0452008;1022.68;341.33;0.3261;0.692269
10.0601;1022.73;-0.00711487;1022.72;341.33;0.509;0.692269
10.0701;1022.73;0.225124;1022.95;341.33;0.8048;0.692269
10.0801;1022.73;-0.0660748;1022.66;341.33;0.8344;0.692269
10.0901;1022.73;-0.180821;1022.55;341.33;0.7197;0.692269
10.1001;1022.73;-0.00796936;1022.72;341.33;0.6457;0.692269
10.1101;1022.73;0.0780902;1022.8;341.33;0.4754;0.692269
10.1201;1022.73;0.100734;1022.83;341.33;0.4809;0.692269
10.1301;1022.73;0.21603;1022.94;341.33;0.4935;0.692269
10.1401;1022.73;-0.0126691;1022.71;341.33;0.4973;0.692269
10.1501;1022.73;-0.154698;1022.57;341.33;0.5642;0.692269
10.1601;1022.73;0.0990863;1022.83;341.33;0.7725;0.692269
10.1701;1022.73;0.136135;1022.86;341.33;0.6567;0.692269
10.1801;1022.73;0.265102;1022.99;341.33;0.6228;0.692269
10.1901;1022.73;0.0627094;1022.79;341.33;0.6378;0.692269
10.2001;1022.73;0.187892;1022.91;341.33;0.7191;0.692269
10.2101;1022.73;0.0904193;1022.82;341.33;0.5474;0.692269
10.2201;1022.73;-0.0372052;1022.69;341.33;0.608;0.692269
10.2301;1022.73;-0.0290875;1022.7;341.33;0.5539;0.692269
10.2401;1022.73;-0.13889;1022.59;341.33;0.4151;0.692269
10.2501;1022.73;0.145229;1022.87;341.33;0.4951;0.692269
10.2601;1022.73;0.166591;1022.89;341.33;0.6168;0.692269
10.2701;1022.73;-0.0588727;1022.67;341.33;0.6592;0.692269
10.2801;1022.73;-0.100865;1022.63;341.33;0.7316;0.692269
10.2901;1022.73;-0.173008;1022.55;341.33;0.678;0.692269
10.3001;1022.73;-0.0293927;1022.7;341.33;0.4802;0.692269
10.3101;1022.73;0.0888324;1022.82;341.33;0.5283;0.692269
10.3201;1022.73;-0.0704694;1022.66;341.33;0.4248;0.692269
10.3301;1022.73;0.0263324;1022.75;341.33;0.5137;0.692269
10.3401;1022.73;-0.156895;1022.57;341.33;0.4931;0.692269
10.3501;1022.73;-0.0232892;1022.7;341.33;0.5892;0.692269
10.3601;1022.73;0.0133319;1022.74;341.33;0.6596;0.692269
10.3701;1022.73;-0.0187726;1022.71;341.33;0.6988;0.692269
10.3801;1022.73;0.11111;1022.84;341.33;0.736;0.692269
10.3901;1022.73;0.0506244;1022.78;341.33;0.6353;0.692269
10.4001;1022.73;0.149135;1022.88;341.33;0.6207;0.692269
10.4101;1022.73;-0.172764;1022.55;341.33;0.6999;0.692269
10.4201;1022.73;0.070827;1022.8;341.33;0.7081;0.692269
10.4301;1022.73;0.0207172;1022.75;341.33;0.6503;0.692269
10.4401;1022.73;0.288112;1023.01;341.33;0.7216;0.692269
10.4501;1022.73;-0.0627789;1022.66;341.33;0.7195;0.692269
10.4601;1022.73;0.0119891;1022.74;341.33;0.6069;0.692269
10.4701;1022.73;-0.144688;1022.58;341.33;0.5658;0.692269
10.4801;1022.73;-0.0401959;1022.69;341.33;0.4924;0.692269
10.4901;1022.73;0.0624042;1022.79;341.33;0.4866;0.692269
10.5001;1022.73;0.162624;1022.89;341.33;0.5844;0.692269
10.5101;1022.73;-0.0243878;1022.7;341.33;0.6922;0.692269
10.5201;1022.73;0.1553;1022.88;341.33;0.5349;0.692269
10.5301;1022.73;-0.101109;1022.63;341.33;0.5146;0.692269
10.5401;1022.73;-0.0154767;1022.71;341.33;0.535;0.692269
10.5501;1022.73;-0.0528912;1022.67;341.33;0.4196;0.692269
10.5601;1022.73;-0.15128;1022.58;341.33;0.2955;0.692269
10.5701;1022.73;-0.0318951;1022.69;341.33;0.2987;0.692269
10.5801;1022.73;0.116481;1022.84;341.33;0.17;0.692269
10.5901;1022.73;-0.31461;1022.41;341.33;0.1139;0.692269
10.6001;1022.73;0.025722;1022.75;341.33;0.4422;0.692269
10.6101;1022.73;-0.115513;1022.61;341.33;0.5445;0.692269
10.6201;1022.73;-0.184666;1022.54;341.33;0.4962;0.692269
10.6301;1022.73;0.0865131;1022.81;341.33;0.7612;0.692269
10.6401;1022.73;-0.0478864;1022.68;341.33;0.7587;0.692269
10.6501;1022.73;-0.0132794;1022.71;341.33;0.6464;0.692269
10.6601;1022.73;-0.207798;1022.52;341.33;0.5673;0.692269
10.6701;1022.73;0.0539203;1022.78;341.33;0.4915;0.692269
10.6801;1022.73;0.0483051;1022.77;341.33;0.5294;0.692269
10.6901;1022.73;-0.0188947;1022.71;341.33;0.7404;0.692269
10.7001;1022.73;0.050014;1022.78;341.33;0.8222;0.692269
10.7101;1022.73;-0.0987897;1022.63;341.33;0.7495;0.692269
10.7201;1022.73;-0.0818219;1022.64;341.33;0.7072;0.692269
10.7302;1022.73;0.137905;1022.86;341.33;0.6072;0.692269
10.7402;1022.73;0.237636;1022.96;341.33;0.6215;0.692269
10.7502;1022.73;0.156032;1022.88;341.33;0.732;0.692269
10.7602;1022.73;0.0376849;1022.76;341.33;0.7071;0.692269
10.7702;1022.73;-0.0231061;1022.7;341.33;0.5858;0.692269
10.7802;1022.73;-0.0401959;1022.69;341.33;0.5823;0.692269
10.7902;1022.73;-0.0873151;1022.64;341.33;0.613;0.692269
10.8002;1022.73;0.122585;1022.85;341.33;0.615;0.692269
10.8102;1022.73;0.0730853;1022.8;341.33;0.6379;0.692269
10.8202;1022.73;0.0545917;1022.78;341.33;0.7675;0.692269
10.8302;1022.73;0.0212054;1022.75;341.33;0.7083;0.692269
10.8402;1022.73;-0.157994;1022.57;341.33;0.5452;0.692269
10.8502;1022.73;0.106411;1022.83;341.33;0.7194;0.692269
10.8602;1022.73;-0.0829205;1022.64;341.33;0.6846;0.692269
10.8702;1022.73;-0.0752911;1022.65;341.33;0.7397;0.692269
10.8802;1022.73;-0.0318951;1022.69;341.33;0.8158;0.692269
10.8902;1022.73;-0.106785;1022.62;341.33;0.8023;0.692269
10.9002;1022.73;0.0199847;1022.75;341.33;0.6505;0.692269
10.9102;1022.73;-0.0571027;1022.67;341.33;0.6515;0.692269
10.9202;1022.73;0.070827;1022.8;341.33;0.7995;0.692269
10.9302;1022.73;0.0630145;1022.79;341.33;0.7654;0.692269
10.9402;1022.73;0.0553851;1022.78;341.33;0.7759;0.692269
10.9502;1022.73;0.266628;1022.99;341.33;0.7277;0.692269
10.9602;1022.73;0.0487323;1022.78;341.33;0.8102;0.692269
10.9702;1022.73;0.0232806;1022.75;341.33;0.8288;0.692269
10.9802;1022.73;-0.121983;1022.6;341.33;0.8019;0.692269
10.9902;1022.73;0.0426898;1022.77;341.33;0.7758;0.692269
11.0002;1022.73;0.113002;1022.84;341.33;0.8905;0.692269
11.0102;1022.73;0.190212;1022.92;341.33;0.9554;0.692269
11.0202;1022.73;0.0998187;1022.83;341.33;0.6923;0.692269
11.0302;1022.73;-0.0173688;1022.71;341.33;0.5158;0.692269
11.0402;1022.73;-0.133275;1022.59;341.33;0.5022;0.692269
11.0502;1022.73;-0.0157819;1022.71;341.33;0.4785;0.692269
11.0602;1022.73;0.0815082;1022.81;341.33;0.5273;0.692269
11.0702;1022.73;0.168911;1022.9;341.33;0.6817;0.692269
11.0802;1022.73;0.12582;1022.85;341.33;0.7538;0.692269
11.0902;1022.73;0.110134;1022.84;341.33;0.513;0.692269
11.1002;1022.73;-0.0920148;1022.63;341.33;0.5519;0.692269
11.1102;1022.73;-0.00497864;1022.72;341.33;0.6212;0.692269
11.1202;1022.73;0.0433002;1022.77;341.33;0.5286;0.692269
11.1302;1022.73;0.0406146;1022.77;341.33;0.649;0.692269
11.1402;1022.73;0.157009;1022.88;341.33;0.7308;0.692269
11.1502;1022.73;-0.195714;1022.53;341.33;0.7866;0.692269
11.1602;1022.73;-0.114476;1022.61;341.33;0.7094;0.692269
11.1702;1022.73;-0.11118;1022.62;341.33;0.9216;0.692269
11.1802;1022.73;-0.148594;1022.58;341.33;0.8299;0.692269
11.1902;1022.73;-0.0517926;1022.67;341.33;0.7879;0.692269
11.2002;1022.73;0.0921283;1022.82;341.33;0.7937;0.692269
11.2102;1022.73;0.0426898;1022.77;341.33;0.7671;0.692269
11.2202;1022.73;-0.0845685;1022.64;341.33;0.583;0.692269
11.2302;1022.73;-0.0452008;1022.68;341.33;0.6217;0.692269
11.2402;1022.73;0.0539203;1022.78;341.33;0.5982;0.692269
11.2502;1022.73;-0.0660748;1022.66;341.33;0.6477;0.692269
11.2602;1022.73;0.124782;1022.85;341.33;0.708;0.692269
11.2702;1022.73;0.0714984;1022.8;341.33;0.8827;0.692269
11.2802;1022.73;0.0116229;1022.74;341.33;0.6305;0.692269
11.2902;1022.73;-0.0304913;1022.7;341.33;0.7057;0.692269
11.3002;1022.73;-0.0171857;1022.71;341.33;0.5972;0.692269
11.3102;1022.73;0.0624042;1022.79;341.33;0.5385;0.692269
11.3202;1022.73;0.203701;1022.93;341.33;0.5662;0.692269
11.3302;1022.73;0.0815082;1022.81;341.33;0.6855;0.692269
11.3402;1022.73;0.145778;1022.87;341.33;0.7966;0.692269
11.3502;1022.73;-0.165318;1022.56;341.33;0.7136;0.692269
11.3602;1022.73;-0.000706177;1022.73;341.33;0.6616;0.692269
11.3702;1022.73;0.135524;1022.86;341.33;0.6177;0.692269
11.3802;1022.73;0.0971332;1022.82;341.33;0.6711;0.692269
11.3902;1022.73;0.239711;1022.97;341.33;0.8167;0.692269
11.4002;1022.73;0.0324359;1022.76;341.33;0.8506;0.692269
11.4102;1022.73;0.00661804;1022.73;341.33;0.7519;0.692269
11.4202;1022.73;0.0987811;1022.83;341.33;0.6202;0.692269
11.4302;1022.73;-0.050816;1022.68;341.33;0.5519;0.692269
11.4402;1022.73;0.0752216;1022.8;341.33;0.5408;0.692269
11.4502;1022.73;0.0573383;1022.78;341.33;0.8672;0.692269
11.4602;1022.73;0.0163226;1022.74;341.33;0.8245;0.692269
11.4702;1022.73;-0.173008;1022.55;341.33;0.7269;0.692269
11.4802;1022.73;-0.0210919;1022.71;341.33;0.8913;0.692269
11.4902;1022.73;-0.0605206;1022.67;341.33;0.606;0.692269
11.5002;1022.73;0.0415912;1022.77;341.33;0.5371;0.692269
11.5102;1022.73;0.0573383;1022.78;341.33;0.4425;0.692269
11.5202;1022.73;0.0127826;1022.74;341.33;0.4872;0.692269
11.5302;1022.73;-0.0693707;1022.66;341.33;0.4323;0.692269
11.5402;1022.73;0.0409808;1022.77;341.33;0.8385;0.692269
11.5502;1022.73;-0.015965;1022.71;341.33;0.9864;0.692269
11.5602;1022.73;0.195888;1022.92;341.33;0.9165;0.692269
11.5702;1022.73;0.0893817;1022.82;341.33;0.8882;0.692269
11.5802;1022.73;0.102382;1022.83;341.33;0.803;0.692269
11.5902;1022.73;-0.0182843;1022.71;341.33;0.6195;0.692269
11.6002;1022.73;-0.0182843;1022.71;341.33;0.549;0.692269
11.6102;1022.73;-0.0127911;1022.71;341.33;0.6587;0.692269
11.6202;1022.73;0.0854144;1022.81;341.33;0.8638;0.692269
11.6302;1022.73;0.0580096;1022.78;341.33;0.8516;0.692269
11.6402;1022.73;0.0256;1022.75;341.33;0.8948;0.692269
11.6502;1022.73;-0.0815167;1022.64;341.33;0.788;0.692269
11.6602;1022.73;0.0664325;1022.79;341.33;0.6871;0.692269
11.6702;1022.73;-0.121922;1022.6;341.33;0.7562;0.692269
11.6802;1022.73;0.149135;1022.88;341.33;0.8295;0.692269
11.6902;1022.73;0.102382;1022.83;341.33;0.9095;0.692269
11.7002;1022.73;0.161403;1022.89;341.33;0.7902;0.692269
11.7102;1022.73;0.0307269;1022.76;341.33;0.654;0.692269
11.7202;1022.73;-0.162083;1022.56;341.33;0.594;0.692269
11.7302;1022.73;-0.094212;1022.63;341.33;0.756;0.692269
11.7402;1022.73;-0.0237164;1022.7;341.33;0.7446;0.692269
11.7502;1022.73;-0.0251202;1022.7;341.33;0.7163;0.692269
11.7602;1022.73;0.0583148;1022.78;341.33;0.7877;0.692269
11.7702;1022.73;0.11642;1022.84;341.33;0.7847;0.692269
11.7802;1022.73;-0.0704694;1022.66;341.33;0.7721;0.692269
11.7902;1022.73;-0.120091;1022.61;341.33;0.8008;0.692269
11.8002;1022.73;0.0212054;1022.75;341.33;0.6372;0.692269
11.8102;1022.73;0.0138812;1022.74;341.33;0.4636;0.692269
11.8202;1022.73;0.0804095;1022.81;341.33;0.6185;0.692269
11.8302;1022.73;0.188625;1022.91;341.33;0.9878;0.692269
11.8402;1022.73;-0.0289044;1022.7;341.33;0.8187;0.692269
11.8502;1022.73;-0.0478864;1022.68;341.33;0.7122;0.692269
11.8602;1022.73;-0.0901837;1022.64;341.33;0.675;0.692269
11.8702;1022.73;0.0326801;1022.76;341.33;0.628;0.692269
11.8802;1022.73;0.175807;1022.9;341.33;0.7725;0.692269
11.8902;1022.73;0.167629;1022.89;341.33;0.6813;0.692269
11.9002;1022.73;-0.0148053;1022.71;341.33;0.607;0.692269
11.9102;1022.73;-0.017796;1022.71;341.33;0.5849;0.692269
11.9202;1022.73;-0.143589;1022.58;341.33;0.5239;0.692269
11.9302;1022.73;0.170314;1022.9;341.33;0.5059;0.692269
11.9402;1022.73;-0.0220685;1022.7;341.33;0.5426;0.692269
11.9502;1022.73;0.175624;1022.9;341.33;0.8158;0.692269
11.9602;1022.73;0.180629;1022.91;341.33;1.0333;0.692269
11.9702;1022.73;-0.192479;1022.53;341.33;0.8198;0.692269
11.9802;1022.73;-0.0287213;1022.7;341.33;0.8286;0.692269
11.9902;1022.73;-0.0868878;1022.64;341.33;0.8704;0.692269
12.0002;1022.73;-0.0622906;1022.66;341.33;0.7663;0.692269
12.0102;1022.73;0.148586;1022.87;341.33;0.774;0.692269
12.0202;1022.73;-0.0300641;1022.7;341.33;0.7899;0.692269
12.0302;1022.73;-0.10532;1022.62;341.33;0.8226;0.692269
12.0402;1022.73;-0.182286;1022.54;341.33;1.0198;0.692269
12.0502;1022.73;-0.177403;1022.55;341.33;1.115;0.692269
12.0602;1022.73;0.00960876;1022.74;341.33;1.0292;0.692269
12.0702;1022.73;0.0525165;1022.78;341.33;1.0674;0.692269
12.0802;1022.73;0.105678;1022.83;341.33;0.985;0.692269
12.0902;1022.73;-0.0425153;1022.68;341.33;0.9049;0.692269
12.1002;1022.73;0.109096;1022.84;341.33;0.9345;0.692269
12.1102;1022.73;-0.0552106;1022.67;341.33;0.9382;0.692269
12.1202;1022.73;0.0921283;1022.82;341.33;0.7351;0.692269
12.1302;1022.73;0.084682;1022.81;341.33;0.6983;0.692269
12.1402;1022.73;0.00228455;1022.73;341.33;0.6148;0.692269
12.1502;1022.73;0.230678;1022.96;341.33;0.5777;0.692269
12.1602;1022.73;-0.00107239;1022.73;341.33;0.6558;0.692269
12.1702;1022.73;0.00222351;1022.73;341.33;0.764;0.692269
12.1802;1022.73;0.152614;1022.88;341.33;0.7366;0.692269
12.1902;1022.73;0.0483051;1022.77;341.33;0.7;0.692269
12.2002;1022.73;0.149501;1022.88;341.33;0.698;0.692269
12.2102;1022.73;0.10342;1022.83;341.33;0.669;0.692269
12.2202;1022.73;-0.159764;1022.57;341.33;0.6522;0.692269
12.2302;1022.73;0.000880737;1022.73;341.33;0.8653;0.692269
12.2402;1022.73;-0.0270734;1022.7;341.33;0.8455;0.692269
12.2502;1022.73;0.104702;1022.83;341.33;0.8033;0.692269
12.2602;1022.73;0.188198;1022.91;341.33;0.8788;0.692269
12.2702;1022.73;-0.0303693;1022.7;341.33;0.7701;0.692269
12.2802;1022.73;0.0830951;1022.81;341.33;0.4682;0.692269
12.2902;1022.73;-0.0132794;1022.71;341.33;0.5778;0.692269
12.3002;1022.73;-0.0243878;1022.7;341.33;0.6384;0.692269
12.3102;1022.73;0.102382;1022.83;341.33;0.6847;0.692269
12.3202;1022.73;-0.129002;1022.6;341.33;0.7527;0.692269
12.3302;1022.73;0.172206;1022.9;341.33;0.8366;0.692269
12.3402;1022.73;-0.0909161;1022.64;341.33;0.7882;0.692269
12.3502;1022.73;-0.094212;1022.63;341.33;0.5989;0.692269
12.3602;1022.73;-0.031712;1022.69;341.33;0.7465;0.692269
12.3702;1022.73;-0.152867;1022.57;341.33;0.8053;0.692269
12.3802;1022.73;0.12881;1022.86;341.33;0.8004;0.692269
12.3902;1022.73;0.140529;1022.87;341.33;0.7835;0.692269
12.4002;1022.73;0.188625;1022.91;341.33;0.6193;0.692269
12.4102;1022.73;-0.126866;1022.6;341.33;0.4966;0.692269
12.4202;1022.73;0.0650897;1022.79;341.33;0.6018;0.692269
12.4302;1022.73;0.10812;1022.83;341.33;0.6344;0.692269
12.4402;1022.73;0.198696;1022.92;341.33;0.6692;0.692269
12.4502;1022.73;0.283718;1023.01;341.33;0.7899;0.692269
12.4602;1022.73;0.0589862;1022.79;341.33;0.7296;0.692269
12.4702;1022.73;-0.0428204;1022.68;341.33;0.4344;0.692269
12.4802;1022.73;-0.15128;1022.58;341.33;0.4831;0.692269
12.4902;1022.73;-0.00967834;1022.72;341.33;0.627;0.692269
12.5002;1022.73;0.319179;1023.05;341.33;0.7929;0.692269
12.5102;1022.73;0.0589862;1022.79;341.33;0.9526;0.692269
12.5202;1022.73;0.0570941;1022.78;341.33;0.9357;0.692269
12.5302;1022.73;0.0340839;1022.76;341.33;0.8848;0.692269
12.5402;1022.73;-0.214085;1022.51;341.33;0.7467;0.692269
12.5502;1022.73;0.0423846;1022.77;341.33;0.9082;0.692269
12.5602;1022.73;0.0296893;1022.76;341.33;0.9013;0.692269
12.5702;1022.73;0.0624042;1022.79;341.33;0.9879;0.692269
12.5802;1022.73;-0.0818829;1022.64;341.33;0.962;0.692269
12.5902;1022.73;0.00130798;1022.73;341.33;0.7453;0.692269
12.6002;1022.73;-0.100071;1022.63;341.33;0.5204;0.692269
12.6102;1022.73;0.029079;1022.76;341.33;0.5381;0.692269
12.6202;1022.73;-0.194371;1022.53;341.33;0.5588;0.692269
12.6302;1022.73;-0.000217896;1022.73;341.33;0.6406;0.692269
12.6402;1022.73;0.0974994;1022.82;341.33;0.8236;0.692269
12.6502;1022.73;-0.0898785;1022.64;341.33;0.9417;0.692269
12.6602;1022.73;-0.0491071;1022.68;341.33;0.7265;0.692269
12.6702;1022.73;0.00191833;1022.73;341.33;0.7755;0.692269
12.6802;1022.73;-0.138279;1022.59;341.33;0.7066;0.692269
12.6902;1022.73;0.0528827;1022.78;341.33;0.5815;0.692269
12.7002;1022.73;0.187892;1022.91;341.33;0.5909;0.692269
12.7102;1022.73;0.0320087;1022.76;341.33;0.7044;0.692269
12.7202;1022.73;-0.0367169;1022.69;341.33;0.7197;0.692269
12.7302;1022.73;-0.138768;1022.59;341.33;0.7484;0.692269
12.7402;1022.73;-0.083775;1022.64;341.33;0.7763;0.692269
12.7502;1022.73;0.382228;1023.11;341.33;0.8348;0.692269
12.7602;1022.73;-0.0149884;1022.71;341.33;0.8388;0.692269
12.7702;1022.73;-0.0204816;1022.71;341.33;0.8124;0.692269
12.7802;1022.73;-0.014317;1022.71;341.33;0.5868;0.692269
12.7902;1022.73;-0.0972028;1022.63;341.33;0.5191;0.692269
12.8002;1022.73;-0.163121;1022.56;341.33;0.3921;0.692269
12.8102;1022.73;0.0393329;1022.77;341.33;0.388;0.692269
12.8202;1022.73;0.177211;1022.9;341.33;0.4961;0.692269
12.8302;1022.73;0.150783;1022.88;341.33;0.6749;0.692269
12.8402;1022.73;0.0489154;1022.78;341.33;0.7007;0.692269
12.8502;1022.73;0.065578;1022.79;341.33;0.7096;0.692269
12.8602;1022.73;-0.0666852;1022.66;341.33;0.7149;0.692269
12.8702;1022.73;-0.06992;1022.66;341.33;0.6222;0.692269
12.8802;1022.73;0.0567889;1022.78;341.33;0.617;0.692269
12.8902;1022.73;0.0663104;1022.79;341.33;0.561;0.692269
12.9002;1022.73;0.00161316;1022.73;341.33;0.6872;0.692269
12.9102;1022.73;-0.164586;1022.56;341.33;0.6813;0.692269
12.9202;1022.73;-0.0520978;1022.67;341.33;0.6902;0.692269
12.9302;1022.73;-0.27158;1022.45;341.33;0.7377;0.692269
12.9402;1022.73;0.0877338;1022.81;341.33;0.8498;0.692269
12.9502;1022.73;0.109218;1022.84;341.33;0.7938;0.692269
12.9602;1022.73;-0.019505;1022.71;341.33;0.7474;0.692269
12.9702;1022.73;0.125515;1022.85;341.33;0.6943;0.692269
12.9802;1022.73;-0.202672;1022.52;341.33;0.587;0.692269
12.9902;1022.73;-0.0842633;1022.64;341.33;0.6607;0.692269
13.0002;1022.73;-0.00711487;1022.72;341.33;0.8107;0.692269
13.0102;1022.73;0.0213275;1022.75;341.33;1.0386;0.692269
13.0202;1022.73;0.105129;1022.83;341.33;1.1533;0.692269
13.0302;1022.73;-0.0793805;1022.65;341.33;1.0203;0.692269
13.0402;1022.73;-0.0417828;1022.68;341.33;0.7826;0.692269
13.0502;1022.73;0.0539203;1022.78;341.33;0.8377;0.692269
13.0602;1022.73;-0.0405621;1022.69;341.33;0.7407;0.692269
13.0702;1022.73;0.282009;1023.01;341.33;0.7936;0.692269
13.0802;1022.73;0.110683;1022.84;341.33;0.9129;0.692269
13.0902;1022.73;0.0957294;1022.82;341.33;0.7446;0.692269
13.1002;1022.73;-0.189793;1022.54;341.33;0.5714;0.692269
13.1102;1022.73;-0.160618;1022.57;341.33;0.5823;0.692269
13.1202;1022.73;0.00222351;1022.73;341.33;0.6574;0.692269
13.1302;1022.73;0.0788226;1022.81;341.33;0.7981;0.692269
13.1402;1022.73;0.193203;1022.92;341.33;0.9028;0.692269
13.1502;1022.73;0.0667377;1022.79;341.33;0.9441;0.692269
13.1602;1022.73;-0.14188;1022.58;341.33;0.769;0.692269
13.1702;1022.73;-0.242466;1022.48;341.33;0.6915;0.692269
13.1802;1022.73;0.00991394;1022.74;341.33;0.692;0.692269
13.1902;1022.73;-0.173008;1022.55;341.33;0.5847;0.692269
13.2002;1022.73;0.096828;1022.82;341.33;0.7371;0.692269
13.2102;1022.73;0.0268207;1022.75;341.33;0.7753;0.692269
13.2202;1022.73;-0.0511212;1022.68;341.33;0.7091;0.692269
13.2302;1022.73;-0.139317;1022.59;341.33;0.5278;0.692269
13.2402;1022.73;0.163112;1022.89;341.33;0.5252;0.692269
13.2502;1022.73;0.0758319;1022.8;341.33;0.4937;0.692269
13.2602;1022.73;0.1235;1022.85;341.33;0.5385;0.692269
13.2702;1022.73;0.0730243;1022.8;341.33;0.5881;0.692269
13.2802;1022.73;-0.0190778;1022.71;341.33;0.6406;0.692269
13.2902;1022.73;0.0246844;1022.75;341.33;0.5829;0.692269
13.3002;1022.73;0.00643494;1022.73;341.33;0.5232;0.692269
13.3102;1022.73;-0.0693707;1022.66;341.33;0.524;0.692269
13.3202;1022.73;0.347682;1023.07;341.33;0.6882;0.692269
13.3302;1022.73;-0.0296979;1022.7;341.33;0.7638;0.692269
13.3402;1022.73;0.0224261;1022.75;341.33;0.6512;0.692269
13.3502;1022.73;-0.188084;1022.54;341.33;0.2415;0.692269
13.3602;1022.73;-0.0170636;1022.71;341.33;0.3214;0.692269
13.3702;1022.73;0.0281024;1022.75;341.33;0.4919;0.692269
13.3802;1022.73;0.215419;1022.94;341.33;0.551;0.692269
13.3902;1022.73;0.0581317;1022.78;341.33;0.6674;0.692269
13.4002;1022.73;0.084682;1022.81;341.33;0.9046;0.692269
13.4102;1022.73;-0.207066;1022.52;341.33;0.7267;0.692269
13.4202;1022.73;-0.110508;1022.62;341.33;0.5523;0.692269
13.4302;1022.73;0.0296893;1022.76;341.33;0.5162;0.692269
13.4402;1022.73;0.0216327;1022.75;341.33;0.4973;0.692269
13.4502;1022.73;0.189235;1022.92;341.33;0.6349;0.692269
13.4602;1022.73;0.102382;1022.83;341.33;0.6188;0.692269
13.4702;1022.73;-0.144688;1022.58;341.33;0.6001;0.692269
13.4802;1022.73;-0.0885968;1022.64;341.33;0.6216;0.692269
13.4902;1022.73;-0.218174;1022.51;341.33;0.6021;0.692269
13.5002;1022.73;0.0160175;1022.74;341.33;0.7328;0.692269
13.5102;1022.73;-0.000706177;1022.73;341.33;0.796;0.692269
13.5202;1022.73;-0.0328717;1022.69;341.33;0.7625;0.692269
13.5302;1022.73;0.130825;1022.86;341.33;0.6762;0.692269
13.5402;1022.73;0.029079;1022.76;341.33;0.7555;0.692269
13.5502;1022.73;-0.202977;1022.52;341.33;0.6171;0.692269
13.5602;1022.73;0.115932;1022.84;341.33;0.6779;0.692269
13.5702;1022.73;0.242031;1022.97;341.33;0.6705;0.692269
13.5802;1022.73;0.1553;1022.88;341.33;0.7354;0.692269
13.5902;1022.73;0.0279193;1022.75;341.33;0.4191;0.692269
13.6002;1022.73;0.072536;1022.8;341.33;0.3092;0.692269
13.6102;1022.73;-0.00467346;1022.72;341.33;0.329;0.692269
13.6202;1022.73;0.00588562;1022.73;341.33;0.4015;0.692269
13.6302;1022.73;-0.125279;1022.6;341.33;0.3841;0.692269
13.6402;1022.73;0.129482;1022.86;341.33;0.5888;0.692269
13.6502;1022.73;0.12051;1022.85;341.33;0.6181;0.692269
13.6602;1022.73;0.0702167;1022.8;341.33;0.3947;0.692269
13.6702;1022.73;-0.143589;1022.58;341.33;0.4115;0.692269
13.6802;1022.73;-0.103611;1022.62;341.33;0.4801;0.692269
13.6902;1022.73;-0.0461163;1022.68;341.33;0.5737;0.692269
13.7002;1022.73;-0.00827454;1022.72;341.33;0.5761;0.692269
13.7102;1022.73;-0.0755963;1022.65;341.33;0.6029;0.692269
13.7202;1022.73;0.0119891;1022.74;341.33;0.5735;0.692269
13.7302;1022.73;-0.146275;1022.58;341.33;0.6039;0.692269
13.7402;1022.73;-0.076817;1022.65;341.33;0.6179;0.692269
13.7502;1022.73;0.0196185;1022.75;341.33;0.505;0.692269
13.7602;1022.73;-0.0912823;1022.64;341.33;0.4933;0.692269
13.7702;1022.73;0.041286;1022.77;341.33;0.6228;0.692269
13.7802;1022.73;0.0556903;1022.78;341.33;0.4957;0.692269
13.7902;1022.73;-0.0569196;1022.67;341.33;0.3862;0.692269
13.8002;1022.73;-0.154698;1022.57;341.33;0.3563;0.692269
13.8102;1022.73;-0.114109;1022.61;341.33;0.4247;0.692269
13.8202;1022.73;0.0697284;1022.8;341.33;0.432;0.692269
13.8302;1022.73;0.209438;1022.94;341.33;0.5035;0.692269
13.8402;1022.73;0.0268817;1022.75;341.33;0.684;0.692269
13.8502;1022.73;0.0224261;1022.75;341.33;0.5831;0.692269
13.8602;1022.73;0.0313373;1022.76;341.33;0.7132;0.692269
13.8702;1022.73;0.141811;1022.87;341.33;0.7089;0.692269
13.8802;1022.73;-0.0856061;1022.64;341.33;0.3205;0.692269
13.8902;1022.73;0.193935;1022.92;341.33;0.3718;0.692269
13.9002;1022.73;-0.00742004;1022.72;341.33;0.5782;0.692269
13.9102;1022.73;0.10812;1022.83;341.33;0.6342;0.692269
13.9202;1022.73;-0.0901837;1022.64;341.33;0.6893;0.692269
13.9302;1022.73;-0.0334821;1022.69;341.33;0.7939;0.692269
13.9402;1022.73;-0.014317;1022.71;341.33;0.5924;0.692269
13.9502;1022.73;-0.12772;1022.6;341.33;0.3911;0.692269
13.9602;1022.73;0.164333;1022.89;341.33;0.3008;0.692269
13.9702;1022.73;-0.000217896;1022.73;341.33;0.2556;0.692269
13.9802;1022.73;0.100734;1022.83;341.33;0.3149;0.692269
13.9902;1022.73;-0.0304913;1022.7;341.33;0.4932;0.692269
14.0002;1022.73;0.0913959;1022.82;341.33;0.4865;0.692269
14.0102;1022.73;-0.10178;1022.62;341.33;0.445;0.692269
14.0202;1022.73;0.10812;1022.83;341.33;0.4644;0.692269
14.0302;1022.73;-0.00278137;1022.72;341.33;0.4016;0.692269
14.0402;1022.73;-0.0668683;1022.66;341.33;0.4218;0.692269
14.0502;1022.73;-0.182164;1022.54;341.33;0.5619;0.692269
14.0602;1022.73;-0.124669;1022.6;341.33;0.4683;0.692269
14.0702;1022.73;0.179286;1022.91;341.33;0.4611;0.692269
14.0802;1022.73;0.0523334;1022.78;341.33;0.4431;0.692269
14.0902;1022.73;-0.0347028;1022.69;341.33;0.5034;0.692269
14.1002;1022.73;0.0821185;1022.81;341.33;0.4356;0.692269
14.1102;1022.73;0.0523334;1022.78;341.33;0.6136;0.692269
14.1202;1022.73;-0.154088;1022.57;341.33;0.6478;0.692269
14.1302;1022.73;0.084682;1022.81;341.33;0.6085;0.692269
14.1402;1022.73;0.0190082;1022.75;341.33;0.5889;0.692269
14.1502;1022.73;0.121425;1022.85;341.33;0.6756;0.692269
14.1602;1022.73;0.0691791;1022.8;341.33;0.4421;0.692269
14.1702;1022.73;0.155178;1022.88;341.33;0.5785;0.692269
14.1802;1022.73;-0.15659;1022.57;341.33;0.5931;0.692269
14.1902;1022.73;0.226284;1022.95;341.33;0.8316;0.692269
14.2002;1022.73;0.0617328;1022.79;341.33;0.7829;0.692269
14.2102;1022.73;0.252101;1022.98;341.33;0.8287;0.692269
14.2202;1022.73;0.0196185;1022.75;341.33;0.6322;0.692269
14.2302;1022.73;0.096828;1022.82;341.33;0.5823;0.692269
14.2402;1022.73;-0.188389;1022.54;341.33;0.5664;0.692269
14.2502;1022.73;0.0321918;1022.76;341.33;0.6121;0.692269
14.2602;1022.73;-0.0967755;1022.63;341.33;0.467;0.692269
14.2702;1022.73;0.14291;1022.87;341.33;0.6538;0.692269
14.2802;1022.73;0.154506;1022.88;341.33;0.6668;0.692269
14.2902;1022.73;0.0400043;1022.77;341.33;0.5527;0.692269
14.3002;1022.73;-0.172398;1022.55;341.33;0.6127;0.692269
14.3102;1022.73;0.036037;1022.76;341.33;0.757;0.692269
14.3202;1022.73;0.0111957;1022.74;341.33;0.5794;0.692269
14.3302;1022.73;-0.00497864;1022.72;341.33;0.5885;0.692269
14.3402;1022.73;0.0146136;1022.74;341.33;0.5999;0.692269
14.3502;1022.73;0.0423236;1022.77;341.33;0.5443;0.692269
14.3602;1022.73;-0.12119;1022.61;341.33;0.449;0.692269
14.3702;1022.73;-0.146275;1022.58;341.33;0.4238;0.692269
14.3802;1022.73;-0.0113873;1022.71;341.33;0.4864;0.692269
14.3902;1022.73;-0.0016217;1022.72;341.33;0.6821;0.692269
14.4002;1022.73;0.193203;1022.92;341.33;0.9156;0.692269
14.4102;1022.73;0.0738177;1022.8;341.33;0.9733;0.692269
14.4202;1022.73;-0.126011;1022.6;341.33;0.8377;0.692269
14.4302;1022.73;0.0749774;1022.8;341.33;0.8896;0.692269
14.4402;1022.73;-0.0307965;1022.7;341.33;0.7792;0.692269
14.4502;1022.73;-0.0428815;1022.68;341.33;0.5399;0.692269
14.4602;1022.73;0.41769;1023.14;341.33;0.7915;0.692269
14.4702;1022.73;0.13113;1022.86;341.33;0.8885;0.692269
14.4802;1022.73;-0.00180481;1022.72;341.33;0.8008;0.692269
14.4902;1022.73;-0.174778;1022.55;341.33;0.7139;0.692269
14.5002;1022.73;-0.031712;1022.69;341.33;0.6877;0.692269
14.5102;1022.73;0.168911;1022.9;341.33;0.8254;0.692269
14.5202;1022.73;0.0409808;1022.77;341.33;0.925;0.692269
14.5302;1022.73;0.0216327;1022.75;341.33;0.8963;0.692269
14.5402;1022.73;-0.0036969;1022.72;341.33;0.8779;0.692269
14.5502;1022.73;-0.242466;1022.48;341.33;0.7159;0.692269
14.5602;1022.73;0.046413;1022.77;341.33;0.7369;0.692269
14.5702;1022.73;0.00753357;1022.73;341.33;0.8075;0.692269
14.5802;1022.73;-0.106785;1022.62;341.33;0.8104;0.692269
14.5902;1022.73;-0.0267072;1022.7;341.33;0.7993;0.692269
14.6002;1022.73;-0.0588727;1022.67;341.33;0.651;0.692269
14.6102;1022.73;-0.160191;1022.57;341.33;0.5379;0.692269
14.6202;1022.73;-0.156285;1022.57;341.33;0.6562;0.692269
14.6302;1022.73;-0.239109;1022.49;341.33;0.5921;0.692269
14.6402;1022.73;-0.0760846;1022.65;341.33;0.8602;0.692269
14.6502;1022.73;0.051601;1022.78;341.33;1.1018;0.692269
14.6602;1022.73;-0.0757794;1022.65;341.33;1.0302;0.692269
14.6702;1022.73;-0.000401001;1022.73;341.33;0.8428;0.692269
14.6802;1022.73;-0.0535626;1022.67;341.33;0.8245;0.692269
14.6902;1022.73;-0.00449036;1022.72;341.33;0.6691;0.692269
14.7002;1022.73;0.149135;1022.88;341.33;0.5198;0.692269
14.7102;1022.73;0.0810809;1022.81;341.33;0.3543;0.692269
14.7202;1022.73;0.0514178;1022.78;341.33;0.5187;0.692269
14.7302;1022.73;0.0190082;1022.75;341.33;0.5595;0.692269
14.7402;1022.73;0.0368304;1022.76;341.33;0.9043;0.692269
14.7502;1022.73;0.0763202;1022.8;341.33;0.8907;0.692269
14.7602;1022.73;0.0636859;1022.79;341.33;0.8002;0.692269
14.7702;1022.73;0.0755878;1022.8;341.33;0.7387;0.692269
14.7802;1022.73;0.0531268;1022.78;341.33;0.8747;0.692269
14.7902;1022.73;-0.166417;1022.56;341.33;0.8311;0.692269
14.8002;1022.73;0.0879779;1022.81;341.33;0.7621;0.692269
14.8102;1022.73;-0.0411725;1022.69;341.33;0.7911;0.692269
14.8202;1022.73;-0.00571106;1022.72;341.33;0.7442;0.692269
14.8302;1022.73;0.18301;1022.91;341.33;0.6707;0.692269
14.8402;1022.73;0.101528;1022.83;341.33;0.6824;0.692269
14.8502;1022.73;-0.138096;1022.59;341.33;0.6646;0.692269
14.8602;1022.73;-0.10178;1022.62;341.33;0.6106;0.692269
14.8702;1022.73;-0.26389;1022.46;341.33;0.6368;0.692269
14.8802;1022.73;0.041286;1022.77;341.33;0.7085;0.692269
14.8902;1022.73;0.141811;1022.87;341.33;0.8071;0.692269
14.9002;1022.73;-0.110508;1022.62;341.33;0.8547;0.692269
14.9102;1022.73;0.0415912;1022.77;341.33;0.7945;0.692269
14.9202;1022.73;-0.142918;1022.58;341.33;0.6509;0.692269
14.9302;1022.73;0.0260272;1022.75;341.33;0.6614;0.692269
14.9402;1022.73;-0.220921;1022.51;341.33;0.7162;0.692269
14.9502;1022.73;0.168178;1022.89;341.33;0.8053;0.692269
14.9602;1022.73;-0.0596051;1022.67;341.33;0.8664;0.692269
14.9702;1022.73;0.159328;1022.89;341.33;0.8401;0.692269
14.9802;1022.73;-0.171971;1022.55;341.33;0.673;0.692269
14.9902;1022.73;-0.0588727;1022.67;341.33;0.7335;0.692269
