0;1022.96;0.0745172;1023.03;3413.33;1.1012
0.01;1022.96;0.0170831;1022.98;3413.33;1.1086
0.02;1022.96;6.08483;1029.05;3413.33;5.8295
0.03;1022.96;19.5294;1042.49;3413.33;7.4829
0.04;1022.96;46.7866;1069.75;3413.33;11.4483
0.05;1022.96;60.3028;1083.26;3413.33;9.0933
0.06;1022.96;84.6311;1107.59;3413.33;4.9603
0.07;1022.96;104.84;1127.8;3413.33;2.1916
0.08;1022.96;130.443;1153.4;3413.33;1.7357
0.09;1022.96;154.964;1177.92;3413.33;3.782
0.1;1022.96;188.625;1211.59;3413.33;7.4563
0.11;1022.96;206.823;1229.78;3413.33;14.8381
0.12;1022.96;218.109;1241.07;3413.33;15.1853
0.13;1022.96;229.95;1252.91;3413.33;12.723
0.14;1022.96;246.723;1269.68;3413.33;11.4938
0.15;1022.96;286.781;1309.74;3413.33;25.6269
0.16;1022.96;288.308;1311.27;3413.33;25.8948
0.17;1022.96;301.299;1324.26;3413.33;23.2247
0.18;1022.96;325.395;1348.36;3413.33;22.3934
0.19;1022.96;339.215;1362.18;3413.33;19.3579
0.2;1022.96;341.763;1364.72;3413.33;17.9439
0.21;1022.96;381.183;1404.14;3413.33;24.9282
0.22;1022.96;371.701;1394.66;3413.33;24.0549
0.23;1022.96;404.603;1427.56;3413.33;28.7415
0.24;1022.96;405.708;1428.67;3413.33;25.9902
0.25;1022.96;417.306;1440.27;3413.33;23.5688
0.26;1022.96;435.211;1458.17;3413.33;28.3995
0.27;1022.96;434.006;1456.97;3413.33;26.6714
0.28;1022.96;463.245;1486.2;3413.33;37.4843
0.29;1022.96;456.337;1479.3;3413.33;33.8879
0.3;1022.96;475.958;1498.92;3413.33;41.6377
0.31;1022.96;483.198;1506.16;3413.33;36.3763
0.32;1022.96;499.634;1522.59;3413.33;39.3777
0.33;1022.96;503.233;1526.19;3413.33;36.4583
0.34;1022.96;532.375;1555.34;3413.33;43.0685
0.35;1022.96;517.584;1540.54;3413.33;38.5842
0.36;1022.96;535.477;1558.44;3413.33;44.9676
0.37;1022.96;541.504;1564.46;3413.33;39.5672
0.38;1022.96;556.576;1579.54;3413.33;44.0662
0.39;1022.96;560.792;1583.75;3413.33;41.5914
0.4;1022.96;585.954;1608.91;3413.33;47.5174
0.41;1022.96;569.569;1592.53;3413.33;42.8002
0.42;1022.96;588.238;1611.2;3413.33;45.9
0.43;1022.96;591.222;1614.18;3413.33;40.6964
0.44;1022.96;601.578;1624.54;3413.33;47.9191
0.45;1022.96;609.051;1632.01;3413.33;46.8373
0.46;1022.96;632.87;1655.83;3413.33;46.9269
0.47;1022.96;614.686;1637.65;3413.33;42.7099
0.48;1022.96;634.225;1657.19;3413.33;48.1852
0.49;1022.96;634.596;1657.56;3413.33;43.5205
0.5;1022.96;643.923;1666.88;3413.33;47.3101
0.51;1022.96;653.618;1676.58;3413.33;44.9746
0.52;1022.96;673.553;1696.51;3413.33;51.4549
0.53;1022.96;654.95;1677.91;3413.33;47.2017
0.54;1022.96;673.54;1696.5;3413.33;50.2698
0.55;1022.96;672.627;1695.59;3413.33;44.9656
0.56;1022.96;687.363;1710.32;3413.33;50.6472
0.57;1022.96;698.286;1721.25;3413.33;50.8664
0.58;1022.96;702.918;1725.88;3413.33;45.9968
0.59;1022.96;698.014;1720.97;3413.33;43.4501
0.6;1022.96;714.139;1737.1;3413.33;44.225
0.61;1022.96;712.751;1735.71;3413.33;45.4973
0.62;1022.96;726.845;1749.81;3413.33;42.2268
0.63;1022.96;735.053;1758.01;3413.33;46.1041
0.64;1022.96;719.328;1742.29;3413.33;41.8116
0.65;1022.96;744.996;1767.96;3413.33;43.4709
0.66;1022.96;741.387;1764.35;3413.33;40.6032
0.67;1022.96;748.98;1771.94;3413.33;45.7902
0.68;1022.96;743.443;1766.4;3413.33;41.9132
0.69;1022.96;748.575;1771.54;3413.33;46.7018
0.7;1022.96;763.664;1786.62;3413.33;51.0405
0.71;1022.96;768.657;1791.62;3413.33;54.5418
0.72;1022.96;765.917;1788.88;3413.33;52.132
0.73;1022.96;779.57;1802.53;3413.33;48.4364
0.74;1022.96;781.384;1804.34;3413.33;55.9664
0.75;1022.96;781.712;1804.67;3413.33;51.4419
0.76;1022.96;780.982;1803.94;3413.33;52.2973
0.77;1022.96;780.707;1803.67;3413.33;49.56
0.78;1022.96;805.443;1828.4;3413.33;51.1322
0.79;1022.96;787.65;1810.61;3413.33;51.3391
0.8;1022.96;805.568;1828.53;3413.33;50.9517
0.81;1022.96;808.301;1831.26;3413.33;53.2753
0.82;1022.96;806.401;1829.36;3413.33;49.667
0.83;1022.96;808.075;1831.04;3413.33;51.3787
0.839999;1022.96;807.803;1830.76;3413.33;48.0258
0.849999;1022.96;829.252;1852.21;3413.33;52.437
0.859999;1022.96;817.142;1840.1;3413.33;52.2449
0.869999;1022.96;835.394;1858.35;3413.33;48.0703
0.879999;1022.96;829.049;1852.01;3413.33;50.6094
0.889999;1022.96;827.253;1850.21;3413.33;47.8691
0.899999;1022.96;836.013;1858.97;3413.33;48.002
0.909999;1022.96;845.29;1868.25;3413.33;55.3609
0.919999;1022.96;840.221;1863.18;3413.33;50.9
0.929999;1022.96;850.025;1872.98;3413.33;55.1537
0.939999;1022.96;842.538;1865.5;3413.33;50.4904
0.949999;1022.96;845.26;1868.22;3413.33;54.5411
0.959999;1022.96;856.031;1878.99;3413.33;52.9506
0.969999;1022.96;855.597;1878.56;3413.33;49.9852
0.979999;1022.96;866.019;1888.98;3413.33;56.3168
0.989999;1022.96;847.029;1869.99;3413.33;52.9109
0.999999;1022.96;868.973;1891.93;3413.33;50.3577
1.01;1022.96;867.349;1890.31;3413.33;50.0743
1.02;1022.96;870.349;1893.31;3413.33;46.2672
1.03;1022.96;872.052;1895.01;3413.33;53.7544
1.04;1022.96;868.991;1891.95;3413.33;52.8379
1.05;1022.96;876.873;1899.83;3413.33;52.4674
1.06;1022.96;886.98;1909.94;3413.33;56.8081
1.07;1022.96;866.537;1889.5;3413.33;52.7845
1.08;1022.96;890.398;1913.36;3413.33;52.1761
1.09;1022.96;885.298;1908.26;3413.33;51.0369
1.1;1022.96;890.328;1913.29;3413.33;47.7308
1.11;1022.96;890.177;1913.14;3413.33;55.3657
1.12;1022.96;887.36;1910.32;3413.33;54.118
1.13;1022.96;895.622;1918.58;3413.33;50.8265
1.14;1022.96;894.874;1917.83;3413.33;53.8326
1.15;1022.96;895.831;1918.79;3413.33;54.088
1.16;1022.96;899.817;1922.78;3413.33;49.1465
1.17;1022.96;905.598;1928.56;3413.33;52.9613
1.18;1022.96;896.587;1919.55;3413.33;49.0506
1.19;1022.96;907.52;1930.48;3413.33;51.3485
1.2;1022.96;908.913;1931.87;3413.33;55.0099
1.21;1022.96;906.091;1929.05;3413.33;54.4588
1.22;1022.96;908.968;1931.93;3413.33;52.6747
1.23;1022.96;908.968;1931.93;3413.33;58.6833
1.24;1022.96;898.042;1921;3413.33;54.2799
1.25;1022.96;898.042;1921;3413.33;52.3036
1.26;1022.96;898.042;1921;3413.33;52.1686
1.27;1022.96;898.042;1921;3413.33;48.4023
1.28;1022.96;898.042;1921;3413.33;51.8409
1.29;1022.96;898.042;1921;3413.33;52.4528
1.3;1022.96;898.042;1921;3413.33;49.2064
1.31;1022.96;898.042;1921;3413.33;51.0474
1.32;1022.96;898.042;1921;3413.33;52.142
1.33;1022.96;898.042;1921;3413.33;47.8809
1.34;1022.96;898.042;1921;3413.33;54.7613
1.35;1022.96;898.042;1921;3413.33;52.0145
1.36;1022.96;898.042;1921;3413.33;49.2477
1.37;1022.96;898.042;1921;3413.33;54.3303
1.38;1022.96;898.042;1921;3413.33;55.5426
1.39;1022.96;898.042;1921;3413.33;52.5182
1.4;1022.96;898.042;1921;3413.33;51.7163
1.41;1022.96;898.042;1921;3413.33;57.4809
1.42;1022.96;898.042;1921;3413.33;52.4204
1.43;1022.96;898.042;1921;3413.33;56.6468
1.44;1022.96;898.042;1921;3413.33;61.7589
1.45;1022.96;898.042;1921;3413.33;56.77
1.46;1022.96;898.042;1921;3413.33;57.3443
1.47;1022.96;898.042;1921;3413.33;59.1986
1.48;1022.96;898.042;1921;3413.33;55.101
1.49;1022.96;898.042;1921;3413.33;53.4586
1.5;1022.96;898.042;1921;3413.33;56.9989
1.51;1022.96;898.042;1921;3413.33;53.369
1.52;1022.96;898.042;1921;3413.33;49.8153
1.53;1022.96;898.042;1921;3413.33;56.315
1.54;1022.96;898.042;1921;3413.33;53.2344
1.55;1022.96;898.042;1921;3413.33;50.9418
1.56;1022.96;898.042;1921;3413.33;55.5303
1.57;1022.96;898.042;1921;3413.33;56.4321
1.58;1022.96;898.042;1921;3413.33;52.8323
1.59;1022.96;898.042;1921;3413.33;50.1651
1.6;1022.96;898.042;1921;3413.33;56.3613
1.61;1022.96;898.042;1921;3413.33;53.0107
1.62;1022.96;898.042;1921;3413.33;49.4161
1.63;1022.96;898.042;1921;3413.33;56.7281
1.64;1022.96;898.042;1921;3413.33;54.4421
1.65;1022.96;898.042;1921;3413.33;50.9118
1.66;1022.96;898.042;1921;3413.33;53.101
1.67;1022.96;898.042;1921;3413.33;53.9608
1.68;1022.96;898.042;1921;3413.33;51.3795
1.69;1022.96;898.042;1921;3413.33;49.8926
1.7;1022.96;898.042;1921;3413.33;55.7185
1.71;1022.96;898.042;1921;3413.33;57.721
1.72;1022.96;898.042;1921;3413.33;53.028
1.73;1022.96;898.042;1921;3413.33;59.0366
1.74;1022.96;898.042;1921;3413.33;59.7776
1.75;1022.96;898.042;1921;3413.33;55.7183
1.76;1022.96;898.042;1921;3413.33;56.4549
1.77;1022.96;898.042;1921;3413.33;58.5115
1.78;1022.96;898.042;1921;3413.33;59.0999
1.79;1022.96;898.042;1921;3413.33;56.183
1.8;1022.96;898.042;1921;3413.33;55.3782
1.81;1022.96;898.042;1921;3413.33;59.2482
1.82;1022.96;898.042;1921;3413.33;61.1419
1.83;1022.96;898.042;1921;3413.33;55.8874
1.84;1022.96;898.042;1921;3413.33;59.2296
1.85;1022.96;898.042;1921;3413.33;64.5812
1.86;1022.96;898.042;1921;3413.33;59.3704
1.87;1022.96;898.042;1921;3413.33;57.6961
1.88;1022.96;898.042;1921;3413.33;58.6023
1.89;1022.96;898.042;1921;3413.33;59.5919
1.9;1022.96;898.042;1921;3413.33;56.421
1.91;1022.96;898.042;1921;3413.33;53.115
1.92;1022.96;898.042;1921;3413.33;59.2415
1.93;1022.96;898.042;1921;3413.33;60.9921
1.94;1022.96;898.042;1921;3413.33;56.8725
1.95;1022.96;898.042;1921;3413.33;57.9408
1.96;1022.96;898.042;1921;3413.33;63.012
1.97;1022.96;898.042;1921;3413.33;61.2951
1.98;1022.96;898.042;1921;3413.33;56.8394
1.99;1022.96;898.042;1921;3413.33;58.7229
2;1022.96;898.042;1921;3413.33;59.907
2.01;1022.96;898.042;1921;3413.33;61.0286
2.02;1022.96;898.042;1921;3413.33;56.3077
2.03;1022.96;898.042;1921;3413.33;55.8499
2.04;1022.96;898.042;1921;3413.33;62.0596
2.05;1022.96;898.042;1921;3413.33;56.994
2.06;1022.96;898.042;1921;3413.33;53.0316
2.07;1022.96;898.042;1921;3413.33;57.7106
2.08;1022.96;898.042;1921;3413.33;56.7734
2.09;1022.96;898.042;1921;3413.33;53.3892
2.1;1022.96;898.042;1921;3413.33;52.6887
2.11;1022.96;898.042;1921;3413.33;55.0688
2.12;1022.96;898.042;1921;3413.33;55.2415
2.13;1022.96;898.042;1921;3413.33;53.475
2.14;1022.96;898.042;1921;3413.33;51.4338
2.15;1022.96;898.042;1921;3413.33;56.9499
2.16;1022.96;898.042;1921;3413.33;62.9976
2.17;1022.96;898.042;1921;3413.33;57.1952
2.18;1022.96;898.042;1921;3413.33;56.6069
2.19;1022.96;898.042;1921;3413.33;62.6174
2.2;1022.96;898.042;1921;3413.33;59.3016
2.21;1022.96;898.042;1921;3413.33;55.275
2.22;1022.96;898.042;1921;3413.33;55.7154
2.23;1022.96;898.042;1921;3413.33;57.5702
2.24;1022.96;898.042;1921;3413.33;56.7058
2.25;1022.96;898.042;1921;3413.33;53.813
2.26;1022.96;898.042;1921;3413.33;52.7954
2.27;1022.96;898.042;1921;3413.33;57.6599
2.28;1022.96;898.042;1921;3413.33;62.8575
2.29;1022.96;898.042;1921;3413.33;58.4109
2.3;1022.96;898.042;1921;3413.33;57.9524
2.31;1022.96;898.042;1921;3413.33;63.7134
2.32;1022.96;898.042;1921;3413.33;64.4095
2.33;1022.96;898.042;1921;3413.33;59.2044
2.34;1022.96;898.042;1921;3413.33;58.0204
2.35;1022.96;898.042;1921;3413.33;60.5051
2.36;1022.96;898.042;1921;3413.33;59.0695
2.37;1022.96;898.042;1921;3413.33;56.3399
2.38;1022.96;898.042;1921;3413.33;53.2438
2.39;1022.96;898.042;1921;3413.33;56.1016
2.4;1022.96;898.042;1921;3413.33;61.7483
2.41;1022.96;898.042;1921;3413.33;60.6052
2.42;1022.96;898.042;1921;3413.33;56.1803
2.43;1022.96;898.042;1921;3413.33;60.0085
2.44;1022.96;898.042;1921;3413.33;64.1185
2.45;1022.96;898.042;1921;3413.33;63.1695
2.46;1022.96;898.042;1921;3413.33;58.793
2.47;1022.96;898.042;1921;3413.33;58.74
2.48;1022.96;898.042;1921;3413.33;61.2059
2.49;1022.96;898.042;1921;3413.33;59.8556
2.5;1022.96;898.042;1921;3413.33;57.1364
2.51;1022.96;898.042;1921;3413.33;53.7795
2.52;1022.96;898.042;1921;3413.33;57.5576
2.53;1022.96;898.042;1921;3413.33;62.7728
2.54;1022.96;898.042;1921;3413.33;60.6046
2.55;1022.96;898.042;1921;3413.33;55.9125
2.56;1022.96;898.042;1921;3413.33;59.835
2.57;1022.96;898.042;1921;3413.33;64.1004
2.58;1022.96;898.042;1921;3413.33;60.0862
2.59;1022.96;898.042;1921;3413.33;56.6853
2.6;1022.96;898.042;1921;3413.33;56.9482
2.61;1022.96;898.042;1921;3413.33;58.5032
2.62;1022.96;898.042;1921;3413.33;58.6554
2.63;1022.96;898.042;1921;3413.33;57.4614
2.64;1022.96;898.042;1921;3413.33;53.6912
2.65;1022.96;898.042;1921;3413.33;56.367
2.66;1022.96;898.042;1921;3413.33;62.668
2.67;1022.96;898.042;1921;3413.33;62.7505
2.68;1022.96;898.042;1921;3413.33;57.1494
2.69;1022.96;898.042;1921;3413.33;57.5925
2.7;1022.96;898.042;1921;3413.33;62.7246
2.71;1022.96;898.042;1921;3413.33;59.8195
2.72;1022.96;898.042;1921;3413.33;55.8923
2.73;1022.96;898.042;1921;3413.33;54.6596
2.74;1022.96;898.042;1921;3413.33;56.7542
2.75;1022.96;898.042;1921;3413.33;57.9188
2.76;1022.96;898.042;1921;3413.33;57.8645
2.77;1022.96;898.042;1921;3413.33;54.079
2.78;1022.96;898.042;1921;3413.33;55.6945
2.79;1022.96;898.042;1921;3413.33;61.272
2.8;1022.96;898.042;1921;3413.33;57.6535
2.81;1022.96;898.042;1921;3413.33;53.1261
2.82;1022.96;898.042;1921;3413.33;51.4937
2.83;1022.96;898.042;1921;3413.33;57.7932
2.84;1022.96;898.042;1921;3413.33;56.4481
2.85;1022.96;898.042;1921;3413.33;53.0716
2.86;1022.96;898.042;1921;3413.33;51.4029
2.87;1022.96;898.042;1921;3413.33;53.2792
2.88;1022.96;898.042;1921;3413.33;55.4066
2.89;1022.96;898.042;1921;3413.33;57.4995
2.9;1022.96;898.042;1921;3413.33;54.178
2.91;1022.96;898.042;1921;3413.33;52.643
2.92;1022.96;898.042;1921;3413.33;56.644
2.93;1022.96;898.042;1921;3413.33;57.4692
2.94;1022.96;898.042;1921;3413.33;53.7657
2.95;1022.96;898.042;1921;3413.33;49.8484
2.96;1022.96;898.042;1921;3413.33;57.3387
2.97;1022.96;898.042;1921;3413.33;59.5191
2.98;1022.96;898.042;1921;3413.33;56.6371
2.99;1022.96;898.042;1921;3413.33;55.7554
3;1022.96;898.042;1921;3413.33;56.8098
3.01;1022.96;898.042;1921;3413.33;56.8094
3.02;1022.96;898.042;1921;3413.33;58.7504
3.03;1022.96;898.042;1921;3413.33;55.5843
3.04;1022.96;898.042;1921;3413.33;52.3268
3.05;1022.96;898.042;1921;3413.33;52.5843
3.06;1022.96;898.042;1921;3413.33;58.7638
3.07;1022.96;898.042;1921;3413.33;58.1123
3.08;1022.96;898.042;1921;3413.33;53.6265
3.09;1022.96;898.042;1921;3413.33;58.6944
3.1;1022.96;898.042;1921;3413.33;63.4977
3.11;1022.96;898.042;1921;3413.33;61.4454
3.12;1022.96;898.042;1921;3413.33;58.0852
3.13;1022.96;898.042;1921;3413.33;57.622
3.14;1022.96;898.042;1921;3413.33;58.6605
3.15;1022.96;898.042;1921;3413.33;59.2216
3.16;1022.96;898.042;1921;3413.33;56.7172
3.17;1022.96;898.042;1921;3413.33;53.4892
3.18;1022.96;898.042;1921;3413.33;51.8396
3.19;1022.96;898.042;1921;3413.33;58.1459
3.2;1022.96;898.042;1921;3413.33;60.1959
3.21;1022.96;898.042;1921;3413.33;56.3031
3.22;1022.96;898.042;1921;3413.33;57.789
3.23;1022.96;898.042;1921;3413.33;63.3789
3.24;1022.96;898.042;1921;3413.33;63.3718
3.25;1022.96;898.042;1921;3413.33;59.4315
3.26;1022.96;898.042;1921;3413.33;57.31
3.27;1022.96;898.042;1921;3413.33;58.6627
3.28;1022.96;898.042;1921;3413.33;59.4392
3.29;1022.96;898.042;1921;3413.33;57.0019
3.3;1022.96;898.042;1921;3413.33;53.9021
3.31;1022.96;898.042;1921;3413.33;54.7157
3.32;1022.96;898.042;1921;3413.33;59.6662
3.33;1022.96;898.042;1921;3413.33;63.6147
3.34;1022.96;898.042;1921;3413.33;57.6982
3.35;1022.96;898.042;1921;3413.33;56.8305
3.36;1022.96;898.042;1921;3413.33;61.9967
3.37;1022.96;898.042;1921;3413.33;59.6248
3.38;1022.96;898.042;1921;3413.33;56.3715
3.39;1022.96;898.042;1921;3413.33;53.9095
3.4;1022.96;898.042;1921;3413.33;56.7225
3.41;1022.96;898.042;1921;3413.33;58.2812
3.42;1022.96;898.042;1921;3413.33;57.954
3.43;1022.96;898.042;1921;3413.33;55.8873
3.44;1022.96;898.042;1921;3413.33;53.1707
3.45;1022.96;898.042;1921;3413.33;56.4394
3.46;1022.96;898.042;1921;3413.33;62.1287
3.47;1022.96;898.042;1921;3413.33;57.3291
3.48;1022.96;898.042;1921;3413.33;52.7794
3.49;1022.96;898.042;1921;3413.33;55.4184
3.5;1022.96;898.042;1921;3413.33;57.645
3.51;1022.96;898.042;1921;3413.33;55.9287
3.52;1022.96;898.042;1921;3413.33;53.3195
3.53;1022.96;898.042;1921;3413.33;55.7646
3.54;1022.96;898.042;1921;3413.33;58.0973
3.55;1022.96;898.042;1921;3413.33;59.2838
3.56;1022.96;898.042;1921;3413.33;57.1587
3.57;1022.96;898.042;1921;3413.33;53.6828
3.58;1022.96;898.042;1921;3413.33;51.4799
3.59;1022.96;898.042;1921;3413.33;56.2228
3.6;1022.96;898.042;1921;3413.33;56.6766
3.61;1022.96;898.042;1921;3413.33;53.0311
3.62;1022.96;898.042;1921;3413.33;49.5111
3.63;1022.96;898.042;1921;3413.33;56.4312
3.64;1022.96;898.042;1921;3413.33;60.3811
3.65;1022.96;898.042;1921;3413.33;58.654
3.66;1022.96;898.042;1921;3413.33;56.1963
3.67;1022.96;898.042;1921;3413.33;57.5623
3.68;1022.96;898.042;1921;3413.33;58.1304
3.69;1022.96;898.042;1921;3413.33;59.3598
3.7;1022.96;898.042;1921;3413.33;57.1225
3.71;1022.96;898.042;1921;3413.33;53.8152
3.72;1022.96;898.042;1921;3413.33;57.5185
3.73;1022.96;898.042;1921;3413.33;62.8386
3.74;1022.96;898.042;1921;3413.33;62.7725
3.75;1022.96;898.042;1921;3413.33;58.2028
3.76;1022.96;898.042;1921;3413.33;57.1649
3.77;1022.96;898.042;1921;3413.33;63.1388
3.78;1022.96;898.042;1921;3413.33;64.0288
3.79;1022.96;898.042;1921;3413.33;59.223
3.8;1022.96;898.042;1921;3413.33;57.9542
3.81;1022.96;898.042;1921;3413.33;58.5296
3.82;1022.96;898.042;1921;3413.33;59.9666
3.83;1022.96;898.042;1921;3413.33;59.3565
3.84;1022.96;898.042;1921;3413.33;55.8817
3.85;1022.96;898.042;1921;3413.33;56.6887
3.86;1022.96;898.042;1921;3413.33;60.4143
3.87;1022.96;898.042;1921;3413.33;64.5126
3.88;1022.96;898.042;1921;3413.33;61.8068
3.89;1022.96;898.042;1921;3413.33;58.1518
3.9;1022.96;898.042;1921;3413.33;62.7012
3.91;1022.96;898.042;1921;3413.33;66.4641
3.92;1022.96;898.042;1921;3413.33;61.6526
3.93;1022.96;898.042;1921;3413.33;59.0357
3.94;1022.96;898.042;1921;3413.33;58.8998
3.95;1022.96;898.042;1921;3413.33;60.4333
3.96;1022.96;898.042;1921;3413.33;60.4238
3.97;1022.96;898.042;1921;3413.33;56.8416
3.98;1022.96;898.042;1921;3413.33;56.0846
3.99;1022.96;898.042;1921;3413.33;59.3226
4;1022.96;898.042;1921;3413.33;63.9099
4.01;1022.96;898.042;1921;3413.33;61.6706
4.02;1022.96;898.042;1921;3413.33;57.9379
4.03;1022.96;898.042;1921;3413.33;63.4194
4.04;1022.96;898.042;1921;3413.33;65.964
4.05;1022.96;898.042;1921;3413.33;61.3571
4.06;1022.96;898.042;1921;3413.33;58.719
4.07;1022.96;898.042;1921;3413.33;57.8973
4.08;1022.96;898.042;1921;3413.33;59.9627
4.09;1022.96;898.042;1921;3413.33;59.4309
4.1;1022.96;898.042;1921;3413.33;55.9246
4.11;1022.96;898.042;1921;3413.33;54.8146
4.12;1022.96;898.042;1921;3413.33;57.6289
4.13;1022.96;898.042;1921;3413.33;62.904
4.14;1022.96;898.042;1921;3413.33;57.5751
4.15;1022.96;898.042;1921;3413.33;54.1657
4.16;1022.96;898.042;1921;3413.33;59.9625
4.17;1022.96;898.042;1921;3413.33;58.2204
4.18;1022.96;898.042;1921;3413.33;55.4408
4.19;1022.96;898.042;1921;3413.33;52.9591
4.2;1022.96;898.042;1921;3413.33;53.5929
4.21;1022.96;898.042;1921;3413.33;56.3607
4.22;1022.96;898.042;1921;3413.33;55.8252
4.23;1022.96;898.042;1921;3413.33;53.3394
4.24;1022.96;898.042;1921;3413.33;52.3777
4.25;1022.96;898.042;1921;3413.33;55.5633
4.26;1022.96;898.042;1921;3413.33;62.2558
4.27;1022.96;898.042;1921;3413.33;56.8819
4.28;1022.96;898.042;1921;3413.33;53.5943
4.29;1022.96;898.042;1921;3413.33;58.0521
4.3;1022.96;898.042;1921;3413.33;57.2267
4.31;1022.96;898.042;1921;3413.33;54.8454
4.32;1022.96;898.042;1921;3413.33;52.1437
4.33;1022.96;898.042;1921;3413.33;55.6084
4.34;1022.96;898.042;1921;3413.33;57.7035
4.35;1022.96;898.042;1921;3413.33;57.3309
4.36;1022.96;898.042;1921;3413.33;54.2506
4.37001;1022.96;898.042;1921;3413.33;52.2196
4.38001;1022.96;898.042;1921;3413.33;55.6974
4.39001;1022.96;898.042;1921;3413.33;62.1045
4.40001;1022.96;898.042;1921;3413.33;56.9854
4.41001;1022.96;898.042;1921;3413.33;53.1489
4.42001;1022.96;898.042;1921;3413.33;58.0937
4.43001;1022.96;898.042;1921;3413.33;58.5346
4.44001;1022.96;898.042;1921;3413.33;56.0324
4.45001;1022.96;898.042;1921;3413.33;53.2862
4.46001;1022.96;898.042;1921;3413.33;56.3366
4.47001;1022.96;898.042;1921;3413.33;57.9972
4.48001;1022.96;898.042;1921;3413.33;57.6017
4.49001;1022.96;898.042;1921;3413.33;54.4665
4.50001;1022.96;898.042;1921;3413.33;52.3936
4.51001;1022.96;898.042;1921;3413.33;56.5783
4.52001;1022.96;898.042;1921;3413.33;55.4695
4.53001;1022.96;898.042;1921;3413.33;51.5867
4.54001;1022.96;898.042;1921;3413.33;49.1969
4.55001;1022.96;898.042;1921;3413.33;55.2753
4.56001;1022.96;898.042;1921;3413.33;56.3
4.57001;1022.96;898.042;1921;3413.33;54.0465
4.58001;1022.96;898.042;1921;3413.33;51.9542
4.59001;1022.96;898.042;1921;3413.33;55.189
4.60001;1022.96;898.042;1921;3413.33;56.8598
4.61001;1022.96;898.042;1921;3413.33;57.3037
4.62001;1022.96;898.042;1921;3413.33;53.6773
4.63001;1022.96;898.042;1921;3413.33;51.6016
4.64001;1022.96;898.042;1921;3413.33;57.0011
4.65001;1022.96;898.042;1921;3413.33;56.1359
4.66001;1022.96;898.042;1921;3413.33;51.8286
4.67001;1022.96;898.042;1921;3413.33;49.2687
4.68001;1022.96;898.042;1921;3413.33;55.286
4.69001;1022.96;898.042;1921;3413.33;56.59
4.70001;1022.96;898.042;1921;3413.33;54.4275
4.71001;1022.96;898.042;1921;3413.33;55.0327
4.72001;1022.96;898.042;1921;3413.33;57.8847
4.73001;1022.96;898.042;1921;3413.33;59.0455
4.74001;1022.96;898.042;1921;3413.33;57.168
4.75001;1022.96;898.042;1921;3413.33;53.921
4.76001;1022.96;898.042;1921;3413.33;51.676
4.77001;1022.96;898.042;1921;3413.33;56.7641
4.78001;1022.96;898.042;1921;3413.33;55.9919
4.79001;1022.96;898.042;1921;3413.33;51.9704
4.80001;1022.96;898.042;1921;3413.33;49.4281
4.81002;1022.96;898.042;1921;3413.33;56.0719
4.82002;1022.96;898.042;1921;3413.33;56.6818
4.83002;1022.96;898.042;1921;3413.33;53.9327
4.84002;1022.96;898.042;1921;3413.33;55.4402
4.85002;1022.96;898.042;1921;3413.33;57.5954
4.86002;1022.96;898.042;1921;3413.33;58.789
4.87002;1022.96;898.042;1921;3413.33;56.3567
4.88002;1022.96;898.042;1921;3413.33;53.0992
4.89002;1022.96;898.042;1921;3413.33;52.8828
4.90002;1022.96;898.042;1921;3413.33;58.4479
4.91002;1022.96;898.042;1921;3413.33;56.1864
4.92002;1022.96;898.042;1921;3413.33;51.9973
4.93002;1022.96;898.042;1921;3413.33;57.2555
4.94002;1022.96;898.042;1921;3413.33;61.5397
4.95002;1022.96;898.042;1921;3413.33;59.8781
4.96002;1022.96;898.042;1921;3413.33;55.881
4.97002;1022.96;898.042;1921;3413.33;57.4987
4.98002;1022.96;898.042;1921;3413.33;58.5486
4.99002;1022.96;898.042;1921;3413.33;59.3132
5.00002;1022.96;898.042;1921;3413.33;56.2985
5.01002;1022.96;898.042;1921;3413.33;53.1039
5.02002;1022.96;898.042;1921;3413.33;54.2515
5.03002;1022.96;898.042;1921;3413.33;57.3886
5.04002;1022.96;898.042;1921;3413.33;54.293
5.05002;1022.96;898.042;1921;3413.33;50.488
5.06002;1022.96;898.042;1921;3413.33;56.9192
5.07002;1022.96;898.042;1921;3413.33;60.85
5.08002;1022.96;898.042;1921;3413.33;58.2653
5.09002;1022.96;898.042;1921;3413.33;54.635
5.10002;1022.96;898.042;1921;3413.33;56.6312
5.11002;1022.96;898.042;1921;3413.33;57.7557
5.12002;1022.96;898.042;1921;3413.33;58.3048
5.13002;1022.96;898.042;1921;3413.33;55.4904
5.14002;1022.96;898.042;1921;3413.33;52.3951
5.15002;1022.96;898.042;1921;3413.33;52.121
5.16002;1022.96;898.042;1921;3413.33;58.0749
5.17002;1022.96;898.042;1921;3413.33;58.1235
5.18002;1022.96;898.042;1921;3413.33;54.0399
5.19002;1022.96;898.042;1921;3413.33;55.7886
5.20002;1022.96;898.042;1921;3413.33;62.2699
5.21002;1022.96;898.042;1921;3413.33;63.272
5.22002;1022.96;898.042;1921;3413.33;58.9886
5.23002;1022.96;898.042;1921;3413.33;57.4133
5.24003;1022.96;898.042;1921;3413.33;57.7758
5.25003;1022.96;898.042;1921;3413.33;59.6612
5.26003;1022.96;898.042;1921;3413.33;59.8307
5.27003;1022.96;898.042;1921;3413.33;56.5793
5.28003;1022.96;898.042;1921;3413.33;53.2779
5.29003;1022.96;898.042;1921;3413.33;55.8946
5.30003;1022.96;898.042;1921;3413.33;61.5257
5.31003;1022.96;898.042;1921;3413.33;62.8387
5.32003;1022.96;898.042;1921;3413.33;57.5332
5.33003;1022.96;898.042;1921;3413.33;57.5961
5.34003;1022.96;898.042;1921;3413.33;63.3526
5.35003;1022.96;898.042;1921;3413.33;60.1236
5.36003;1022.96;898.042;1921;3413.33;56.8189
5.37003;1022.96;898.042;1921;3413.33;54.2591
5.38003;1022.96;898.042;1921;3413.33;56.6571
5.39003;1022.96;898.042;1921;3413.33;59.0893
5.40003;1022.96;898.042;1921;3413.33;58.862
5.41003;1022.96;898.042;1921;3413.33;55.2989
5.42003;1022.96;898.042;1921;3413.33;52.6506
5.43003;1022.96;898.042;1921;3413.33;52.3127
5.44003;1022.96;898.042;1921;3413.33;58.4098
5.45003;1022.96;898.042;1921;3413.33;56.1297
5.46003;1022.96;898.042;1921;3413.33;51.7251
5.47003;1022.96;898.042;1921;3413.33;49.5683
5.48003;1022.96;898.042;1921;3413.33;55.3448
5.49003;1022.96;898.042;1921;3413.33;56.2002
5.50003;1022.96;898.042;1921;3413.33;54.1034
5.51003;1022.96;898.042;1921;3413.33;54.1772
5.52003;1022.96;898.042;1921;3413.33;57.0254
5.53003;1022.96;898.042;1921;3413.33;58.734
5.54003;1022.96;898.042;1921;3413.33;58.0722
5.55003;1022.96;898.042;1921;3413.33;54.7775
5.56003;1022.96;898.042;1921;3413.33;51.6081
5.57003;1022.96;898.042;1921;3413.33;58.9148
5.58003;1022.96;898.042;1921;3413.33;63.1124
5.59003;1022.96;898.042;1921;3413.33;60.2237
5.60003;1022.96;898.042;1921;3413.33;56.7093
5.61003;1022.96;898.042;1921;3413.33;59.4071
5.62003;1022.96;898.042;1921;3413.33;64.3587
5.63003;1022.96;898.042;1921;3413.33;60.7456
5.64003;1022.96;898.042;1921;3413.33;56.6199
5.65003;1022.96;898.042;1921;3413.33;55.7479
5.66003;1022.96;898.042;1921;3413.33;56.9335
5.67003;1022.96;898.042;1921;3413.33;58.5305
5.68004;1022.96;898.042;1921;3413.33;59.1902
5.69004;1022.96;898.042;1921;3413.33;55.8842
5.70004;1022.96;898.042;1921;3413.33;56.2902
5.71004;1022.96;898.042;1921;3413.33;62.0269
5.72004;1022.96;898.042;1921;3413.33;64.5059
5.73004;1022.96;898.042;1921;3413.33;58.7587
5.74004;1022.96;898.042;1921;3413.33;54.8473
5.75004;1022.96;898.042;1921;3413.33;58.285
5.76004;1022.96;898.042;1921;3413.33;58.1594
5.77004;1022.96;898.042;1921;3413.33;55.2475
5.78004;1022.96;898.042;1921;3413.33;52.6907
5.79004;1022.96;898.042;1921;3413.33;54.7081
5.80004;1022.96;898.042;1921;3413.33;55.1413
5.81004;1022.96;898.042;1921;3413.33;57.7508
5.82004;1022.96;898.042;1921;3413.33;54.5307
5.83004;1022.96;898.042;1921;3413.33;51.6564
5.84004;1022.96;898.042;1921;3413.33;52.9296
5.85004;1022.96;898.042;1921;3413.33;58.4472
5.86004;1022.96;898.042;1921;3413.33;57.6172
5.87004;1022.96;898.042;1921;3413.33;53.3276
5.88004;1022.96;898.042;1921;3413.33;50.414
5.89004;1022.96;898.042;1921;3413.33;57.4571
5.90004;1022.96;898.042;1921;3413.33;56.7311
5.91004;1022.96;898.042;1921;3413.33;54.0341
5.92004;1022.96;898.042;1921;3413.33;54.7356
5.93004;1022.96;898.042;1921;3413.33;55.9933
5.94004;1022.96;898.042;1921;3413.33;58.4203
5.95004;1022.96;898.042;1921;3413.33;56.7122
5.96004;1022.96;898.042;1921;3413.33;53.3621
5.97004;1022.96;898.042;1921;3413.33;51.2728
5.98004;1022.96;898.042;1921;3413.33;56.3611
5.99004;1022.96;898.042;1921;3413.33;61.617
6.00004;1022.96;898.042;1921;3413.33;59.2029
6.01004;1022.96;898.042;1921;3413.33;56.0004
6.02004;1022.96;898.042;1921;3413.33;61.6951
6.03004;1022.96;898.042;1921;3413.33;65.5118
6.04004;1022.96;898.042;1921;3413.33;61.3778
6.05004;1022.96;898.042;1921;3413.33;57.4697
6.06004;1022.96;898.042;1921;3413.33;56.5198
6.07004;1022.96;898.042;1921;3413.33;59.0141
6.08004;1022.96;898.042;1921;3413.33;58.7045
6.09004;1022.96;898.042;1921;3413.33;56.4836
6.10004;1022.96;898.042;1921;3413.33;53.416
6.11004;1022.96;898.042;1921;3413.33;53.7846
6.12005;1022.96;898.042;1921;3413.33;60.1261
6.13005;1022.96;898.042;1921;3413.33;64.7828
6.14005;1022.96;898.042;1921;3413.33;58.6377
6.15005;1022.96;898.042;1921;3413.33;55.6049
6.16005;1022.96;898.042;1921;3413.33;60.9204
6.17005;1022.96;898.042;1921;3413.33;60.2713
6.18005;1022.96;898.042;1921;3413.33;57.1673
6.19005;1022.96;898.042;1921;3413.33;54.5666
6.20005;1022.96;898.042;1921;3413.33;57.5599
6.21005;1022.96;898.042;1921;3413.33;59.0579
6.22005;1022.96;898.042;1921;3413.33;59.427
6.23005;1022.96;898.042;1921;3413.33;55.7184
6.24005;1022.96;898.042;1921;3413.33;52.3564
6.25005;1022.96;898.042;1921;3413.33;53.056
6.26005;1022.96;898.042;1921;3413.33;57.4176
6.27005;1022.96;898.042;1921;3413.33;54.8582
6.28005;1022.96;898.042;1921;3413.33;50.6999
6.29005;1022.96;898.042;1921;3413.33;55.7246
6.30005;1022.96;898.042;1921;3413.33;61.0005
6.31005;1022.96;898.042;1921;3413.33;61.4898
6.32005;1022.96;898.042;1921;3413.33;57.8732
6.33005;1022.96;898.042;1921;3413.33;57.4967
6.34005;1022.96;898.042;1921;3413.33;59.2711
6.35005;1022.96;898.042;1921;3413.33;59.5262
6.36005;1022.96;898.042;1921;3413.33;59.3139
6.37005;1022.96;898.042;1921;3413.33;55.9799
6.38005;1022.96;898.042;1921;3413.33;52.7725
6.39005;1022.96;898.042;1921;3413.33;59.6129
6.40005;1022.96;898.042;1921;3413.33;61.9243
6.41005;1022.96;898.042;1921;3413.33;59.0152
6.42005;1022.96;898.042;1921;3413.33;55.8791
6.43005;1022.96;898.042;1921;3413.33;60.429
6.44005;1022.96;898.042;1921;3413.33;65.3252
6.45005;1022.96;898.042;1921;3413.33;63.0543
6.46005;1022.96;898.042;1921;3413.33;59.364
6.47005;1022.96;898.042;1921;3413.33;59.3258
6.48005;1022.96;898.042;1921;3413.33;59.632
6.49005;1022.96;898.042;1921;3413.33;61.0588
6.50005;1022.96;898.042;1921;3413.33;58.2276
6.51005;1022.96;898.042;1921;3413.33;54.6324
6.52005;1022.96;898.042;1921;3413.33;58.2498
6.53005;1022.96;898.042;1921;3413.33;62.8543
6.54005;1022.96;898.042;1921;3413.33;63.2767
6.55006;1022.96;898.042;1921;3413.33;57.7573
6.56006;1022.96;898.042;1921;3413.33;57.8035
6.57006;1022.96;898.042;1921;3413.33;63.8505
6.58006;1022.96;898.042;1921;3413.33;59.5604
6.59006;1022.96;898.042;1921;3413.33;55.8797
6.60006;1022.96;898.042;1921;3413.33;55.5914
6.61006;1022.96;898.042;1921;3413.33;56.4933
6.62006;1022.96;898.042;1921;3413.33;58.6866
6.63006;1022.96;898.042;1921;3413.33;58.6046
6.64006;1022.96;898.042;1921;3413.33;55.0127
6.65006;1022.96;898.042;1921;3413.33;54.3541
6.66006;1022.96;898.042;1921;3413.33;57.3231
6.67006;1022.96;898.042;1921;3413.33;62.6012
6.68006;1022.96;898.042;1921;3413.33;57.3657
6.69006;1022.96;898.042;1921;3413.33;53.4134
6.70006;1022.96;898.042;1921;3413.33;59.0228
6.71006;1022.96;898.042;1921;3413.33;58.3854
6.72006;1022.96;898.042;1921;3413.33;55.7026
6.73006;1022.96;898.042;1921;3413.33;53.1965
6.74006;1022.96;898.042;1921;3413.33;55.3965
6.75006;1022.96;898.042;1921;3413.33;58.1127
6.76006;1022.96;898.042;1921;3413.33;59.0136
6.77006;1022.96;898.042;1921;3413.33;55.4069
6.78006;1022.96;898.042;1921;3413.33;52.8532
6.79006;1022.96;898.042;1921;3413.33;52.5367
6.80006;1022.96;898.042;1921;3413.33;58.9519
6.81006;1022.96;898.042;1921;3413.33;57.4256
6.82006;1022.96;898.042;1921;3413.33;52.7327
6.83006;1022.96;898.042;1921;3413.33;58.0592
6.84006;1022.96;898.042;1921;3413.33;63.3646
6.85006;1022.96;898.042;1921;3413.33;63.0445
6.86006;1022.96;898.042;1921;3413.33;59.7801
6.87006;1022.96;898.042;1921;3413.33;58.55
6.88006;1022.96;898.042;1921;3413.33;60.5843
6.89006;1022.96;898.042;1921;3413.33;62.1652
6.90006;1022.96;898.042;1921;3413.33;60.2387
6.91006;1022.96;898.042;1921;3413.33;56.9672
6.92006;1022.96;898.042;1921;3413.33;53.337
6.93006;1022.96;898.042;1921;3413.33;59.4869
6.94006;1022.96;898.042;1921;3413.33;64.9373
6.95006;1022.96;898.042;1921;3413.33;62.5361
6.96006;1022.96;898.042;1921;3413.33;57.8267
6.97006;1022.96;898.042;1921;3413.33;59.869
6.98006;1022.96;898.042;1921;3413.33;64.856
6.99007;1022.96;898.042;1921;3413.33;61.7016
7.00007;1022.96;898.042;1921;3413.33;57.5061
7.01007;1022.96;898.042;1921;3413.33;55.6089
7.02007;1022.96;898.042;1921;3413.33;56.9935
7.03007;1022.96;898.042;1921;3413.33;58.1271
7.04007;1022.96;898.042;1921;3413.33;59.2887
7.05007;1022.96;898.042;1921;3413.33;57.5989
7.06007;1022.96;898.042;1921;3413.33;54.9782
7.07007;1022.96;898.042;1921;3413.33;57.8988
7.08007;1022.96;898.042;1921;3413.33;63.5862
7.09007;1022.96;898.042;1921;3413.33;59.2352
7.10007;1022.96;898.042;1921;3413.33;54.3114
7.11007;1022.96;898.042;1921;3413.33;52.5373
7.12007;1022.96;898.042;1921;3413.33;58.3136
7.13007;1022.96;898.042;1921;3413.33;56.9194
7.14007;1022.96;898.042;1921;3413.33;53.2851
7.15007;1022.96;898.042;1921;3413.33;54.6229
7.16007;1022.96;898.042;1921;3413.33;55.9153
7.17007;1022.96;898.042;1921;3413.33;56.7529
7.18007;1022.96;898.042;1921;3413.33;55.1887
7.19007;1022.96;898.042;1921;3413.33;52.2367
7.20007;1022.96;898.042;1921;3413.33;50.316
7.21007;1022.96;898.042;1921;3413.33;56.1242
7.22007;1022.96;898.042;1921;3413.33;60.2643
7.23007;1022.96;898.042;1921;3413.33;57.7361
7.24007;1022.96;898.042;1921;3413.33;53.1708
7.25007;1022.96;898.042;1921;3413.33;59.3668
7.26007;1022.96;898.042;1921;3413.33;63.6645
7.27007;1022.96;898.042;1921;3413.33;61.0809
7.28007;1022.96;898.042;1921;3413.33;57.8391
7.29007;1022.96;898.042;1921;3413.33;56.9104
7.30007;1022.96;898.042;1921;3413.33;58.6576
7.31007;1022.96;898.042;1921;3413.33;59.6985
7.32007;1022.96;898.042;1921;3413.33;57.1676
7.33007;1022.96;898.042;1921;3413.33;53.928
7.34007;1022.96;898.042;1921;3413.33;54.3289
7.35007;1022.96;898.042;1921;3413.33;58.8623
7.36007;1022.96;898.042;1921;3413.33;63.2326
7.37007;1022.96;898.042;1921;3413.33;57.421
7.38007;1022.96;898.042;1921;3413.33;55.3589
7.39007;1022.96;898.042;1921;3413.33;61.1452
7.40007;1022.96;898.042;1921;3413.33;59.2061
7.41007;1022.96;898.042;1921;3413.33;56.3849
7.42007;1022.96;898.042;1921;3413.33;53.4968
7.43008;1022.96;898.042;1921;3413.33;56.5599
7.44008;1022.96;898.042;1921;3413.33;58.7636
7.45008;1022.96;898.042;1921;3413.33;58.8322
7.46008;1022.96;898.042;1921;3413.33;55.3244
7.47008;1022.96;898.042;1921;3413.33;52.3488
7.48008;1022.96;898.042;1921;3413.33;53.3361
7.49008;1022.96;898.042;1921;3413.33;59.1331
7.50008;1022.96;898.042;1921;3413.33;56.0891
7.51008;1022.96;898.042;1921;3413.33;51.6463
7.52008;1022.96;898.042;1921;3413.33;49.9705
7.53008;1022.96;898.042;1921;3413.33;56.0348
7.54008;1022.96;898.042;1921;3413.33;56.6832
7.55008;1022.96;898.042;1921;3413.33;54.351
7.56008;1022.96;898.042;1921;3413.33;54.8477
7.57008;1022.96;898.042;1921;3413.33;57.7753
7.58008;1022.96;898.042;1921;3413.33;59.6564
7.59008;1022.96;898.042;1921;3413.33;58.6035
7.60008;1022.96;898.042;1921;3413.33;55.2516
7.61008;1022.96;898.042;1921;3413.33;51.7752
7.62008;1022.96;898.042;1921;3413.33;59.1803
7.63008;1022.96;898.042;1921;3413.33;62.7673
7.64008;1022.96;898.042;1921;3413.33;59.1182
7.65008;1022.96;898.042;1921;3413.33;56.3131
7.66008;1022.96;898.042;1921;3413.33;60.4519
7.67008;1022.96;898.042;1921;3413.33;65.1858
7.68008;1022.96;898.042;1921;3413.33;64.126
7.69008;1022.96;898.042;1921;3413.33;59.6855
7.70008;1022.96;898.042;1921;3413.33;59.1833
7.71008;1022.96;898.042;1921;3413.33;59.9519
7.72008;1022.96;898.042;1921;3413.33;60.7259
7.73008;1022.96;898.042;1921;3413.33;60.5149
7.74008;1022.96;898.042;1921;3413.33;56.6581
7.75008;1022.96;898.042;1921;3413.33;57.0737
7.76008;1022.96;898.042;1921;3413.33;62.115
7.77008;1022.96;898.042;1921;3413.33;64.9429
7.78008;1022.96;898.042;1921;3413.33;58.927
7.79008;1022.96;898.042;1921;3413.33;54.8013
7.80008;1022.96;898.042;1921;3413.33;58.1756
7.81008;1022.96;898.042;1921;3413.33;58.1481
7.82008;1022.96;898.042;1921;3413.33;54.4151
7.83008;1022.96;898.042;1921;3413.33;51.9028
7.84008;1022.96;898.042;1921;3413.33;54.1236
7.85008;1022.96;898.042;1921;3413.33;55.0746
7.86009;1022.96;898.042;1921;3413.33;57.7229
7.87009;1022.96;898.042;1921;3413.33;57.3558
7.88009;1022.96;898.042;1921;3413.33;54.009
7.89009;1022.96;898.042;1921;3413.33;54.5532
7.90009;1022.96;898.042;1921;3413.33;58.5692
7.91009;1022.96;898.042;1921;3413.33;56.9583
7.92009;1022.96;898.042;1921;3413.33;52.6574
7.93009;1022.96;898.042;1921;3413.33;50.3066
7.94009;1022.96;898.042;1921;3413.33;56.9215
7.95009;1022.96;898.042;1921;3413.33;55.7259
7.96009;1022.96;898.042;1921;3413.33;53.1393
7.97009;1022.96;898.042;1921;3413.33;53.3111
7.98009;1022.96;898.042;1921;3413.33;55.482
7.99009;1022.96;898.042;1921;3413.33;58.0207
8.00009;1022.96;898.042;1921;3413.33;55.961
8.01009;1022.96;898.042;1921;3413.33;52.9082
8.02009;1022.96;898.042;1921;3413.33;51.0348
8.03009;1022.96;898.042;1921;3413.33;56.1524
8.04009;1022.96;898.042;1921;3413.33;61.2861
8.05009;1022.96;898.042;1921;3413.33;58.34
8.06009;1022.96;898.042;1921;3413.33;56.5876
8.07009;1022.96;898.042;1921;3413.33;62.204
8.08009;1022.96;898.042;1921;3413.33;65.7315
8.09009;1022.96;898.042;1921;3413.33;63.2799
8.10009;1022.96;898.042;1921;3413.33;59.1111
8.11009;1022.96;898.042;1921;3413.33;59.2043
8.12009;1022.96;898.042;1921;3413.33;61.218
8.13009;1022.96;898.042;1921;3413.33;59.9284
8.14009;1022.96;898.042;1921;3413.33;57.0527
8.15009;1022.96;898.042;1921;3413.33;54.0233
8.16009;1022.96;898.042;1921;3413.33;58.1114
8.17009;1022.96;898.042;1921;3413.33;64.0661
8.18009;1022.96;898.042;1921;3413.33;62.5812
8.19009;1022.96;898.042;1921;3413.33;57.4223
8.20009;1022.96;898.042;1921;3413.33;60.053
8.21009;1022.96;898.042;1921;3413.33;65.0437
8.22009;1022.96;898.042;1921;3413.33;61.3956
8.23009;1022.96;898.042;1921;3413.33;57.3688
8.24009;1022.96;898.042;1921;3413.33;56.3341
8.25009;1022.96;898.042;1921;3413.33;58.8399
8.26009;1022.96;898.042;1921;3413.33;58.9923
8.27009;1022.96;898.042;1921;3413.33;57.9864
8.28009;1022.96;898.042;1921;3413.33;54.6112
8.29009;1022.96;898.042;1921;3413.33;54.9739
8.30009;1022.96;898.042;1921;3413.33;61.2114
8.31009;1022.96;898.042;1921;3413.33;64.2954
8.3201;1022.96;898.042;1921;3413.33;58.0648
8.3301;1022.96;898.042;1921;3413.33;55.9367
8.3401;1022.96;898.042;1921;3413.33;61.0915
8.3501;1022.96;898.042;1921;3413.33;59.3303
8.3601;1022.96;898.042;1921;3413.33;55.9378
8.3701;1022.96;898.042;1921;3413.33;53.5363
8.3801;1022.96;898.042;1921;3413.33;56.2107
8.3901;1022.96;898.042;1921;3413.33;57.7615
8.4001;1022.96;898.042;1921;3413.33;59.3465
8.4101;1022.96;898.042;1921;3413.33;55.6158
8.4201;1022.96;898.042;1921;3413.33;52.9798
8.4301;1022.96;898.042;1921;3413.33;56.4816
8.4401;1022.96;898.042;1921;3413.33;57.0322
8.4501;1022.96;898.042;1921;3413.33;53.1128
8.4601;1022.96;898.042;1921;3413.33;49.6399
8.4701;1022.96;898.042;1921;3413.33;56.9617
8.4801;1022.96;898.042;1921;3413.33;61.0711
8.4901;1022.96;898.042;1921;3413.33;58.3443
8.5001;1022.96;898.042;1921;3413.33;54.5354
8.5101;1022.96;898.042;1921;3413.33;56.8456
8.5201;1022.96;898.042;1921;3413.33;57.9361
8.5301;1022.96;898.042;1921;3413.33;58.5509
8.5401;1022.96;898.042;1921;3413.33;55.9337
8.5501;1022.96;898.042;1921;3413.33;52.828
8.5601;1022.96;898.042;1921;3413.33;52.6668
8.5701;1022.96;898.042;1921;3413.33;58.2192
8.5801;1022.96;898.042;1921;3413.33;57.7687
8.5901;1022.96;898.042;1921;3413.33;53.3625
8.6001;1022.96;898.042;1921;3413.33;57.0098
8.6101;1022.96;898.042;1921;3413.33;63.2207
8.6201;1022.96;898.042;1921;3413.33;62.6815
8.6301;1022.96;898.042;1921;3413.33;58.4978
8.6401;1022.96;898.042;1921;3413.33;58.5537
8.6501;1022.96;898.042;1921;3413.33;59.1968
8.6601;1022.96;898.042;1921;3413.33;61.2732
8.6701;1022.96;898.042;1921;3413.33;59.3463
8.6801;1022.96;898.042;1921;3413.33;55.6033
8.6901;1022.96;898.042;1921;3413.33;53.0698
8.7001;1022.96;898.042;1921;3413.33;58.6005
8.7101;1022.96;898.042;1921;3413.33;62.0273
8.7201;1022.96;898.042;1921;3413.33;58.2489
8.7301;1022.96;898.042;1921;3413.33;56.9134
8.7401;1022.96;898.042;1921;3413.33;63.4184
8.7501;1022.96;898.042;1921;3413.33;64.4871
8.76011;1022.96;898.042;1921;3413.33;59.8489
8.77011;1022.96;898.042;1921;3413.33;58.4454
8.78011;1022.96;898.042;1921;3413.33;58.3582
8.79011;1022.96;898.042;1921;3413.33;60.1583
8.80011;1022.96;898.042;1921;3413.33;59.24
8.81011;1022.96;898.042;1921;3413.33;55.3683
8.82011;1022.96;898.042;1921;3413.33;52.7439
8.83011;1022.96;898.042;1921;3413.33;56.9381
8.84011;1022.96;898.042;1921;3413.33;61.9328
8.85011;1022.96;898.042;1921;3413.33;59.5824
8.86011;1022.96;898.042;1921;3413.33;56.3668
8.87011;1022.96;898.042;1921;3413.33;61.9165
8.88011;1022.96;898.042;1921;3413.33;64.5007
8.89011;1022.96;898.042;1921;3413.33;59.9541
8.90011;1022.96;898.042;1921;3413.33;57.1687
8.91011;1022.96;898.042;1921;3413.33;56.9875
8.92011;1022.96;898.042;1921;3413.33;58.8578
8.93011;1022.96;898.042;1921;3413.33;58.1896
8.94011;1022.96;898.042;1921;3413.33;54.985
8.95011;1022.96;898.042;1921;3413.33;53.708
8.96011;1022.96;898.042;1921;3413.33;56.8136
8.97011;1022.96;898.042;1921;3413.33;63.3119
8.98011;1022.96;898.042;1921;3413.33;57.7221
8.99011;1022.96;898.042;1921;3413.33;54.4053
9.00011;1022.96;898.042;1921;3413.33;60.5933
9.01011;1022.96;898.042;1921;3413.33;65.074
9.02011;1022.96;898.042;1921;3413.33;60.7603
9.03011;1022.96;898.042;1921;3413.33;57.012
9.04011;1022.96;898.042;1921;3413.33;57.7852
9.05011;1022.96;898.042;1921;3413.33;59.5052
9.06011;1022.96;898.042;1921;3413.33;58.3125
9.07011;1022.96;898.042;1921;3413.33;55.4668
9.08011;1022.96;898.042;1921;3413.33;54.2262
9.09011;1022.96;898.042;1921;3413.33;57.7543
9.10011;1022.96;898.042;1921;3413.33;63.928
9.11011;1022.96;898.042;1921;3413.33;57.996
9.12011;1022.96;898.042;1921;3413.33;54.1894
9.13011;1022.96;898.042;1921;3413.33;58.7691
9.14011;1022.96;898.042;1921;3413.33;58.4366
9.15011;1022.96;898.042;1921;3413.33;55.8477
9.16011;1022.96;898.042;1921;3413.33;52.973
9.17011;1022.96;898.042;1921;3413.33;56.0431
9.18011;1022.96;898.042;1921;3413.33;58.8446
9.19011;1022.96;898.042;1921;3413.33;58.4493
9.20012;1022.96;898.042;1921;3413.33;55.0837
9.21012;1022.96;898.042;1921;3413.33;52.0889
9.22012;1022.96;898.042;1921;3413.33;53.5733
9.23012;1022.96;898.042;1921;3413.33;59.7465
9.24012;1022.96;898.042;1921;3413.33;55.8869
9.25012;1022.96;898.042;1921;3413.33;51.3115
9.26012;1022.96;898.042;1921;3413.33;52.3333
9.27012;1022.96;898.042;1921;3413.33;56.7018
9.28012;1022.96;898.042;1921;3413.33;55.1632
9.29012;1022.96;898.042;1921;3413.33;52.4223
9.30012;1022.96;898.042;1921;3413.33;55.6375
9.31012;1022.96;898.042;1921;3413.33;58.0936
9.32012;1022.96;898.042;1921;3413.33;59.1716
9.33012;1022.96;898.042;1921;3413.33;55.965
9.34012;1022.96;898.042;1921;3413.33;52.5561
9.35012;1022.96;898.042;1921;3413.33;52.2509
9.36012;1022.96;898.042;1921;3413.33;57.5715
9.37012;1022.96;898.042;1921;3413.33;54.9667
9.38012;1022.96;898.042;1921;3413.33;50.6699
9.39012;1022.96;898.042;1921;3413.33;57.5597
9.40012;1022.96;898.042;1921;3413.33;61.7238
9.41012;1022.96;898.042;1921;3413.33;59.9042
9.42012;1022.96;898.042;1921;3413.33;55.8169
9.43012;1022.96;898.042;1921;3413.33;57.7398
9.44012;1022.96;898.042;1921;3413.33;60.2277
9.45012;1022.96;898.042;1921;3413.33;60.8265
9.46012;1022.96;898.042;1921;3413.33;57.5493
9.47012;1022.96;898.042;1921;3413.33;53.9583
9.48012;1022.96;898.042;1921;3413.33;53.3598
9.49012;1022.96;898.042;1921;3413.33;59.1278
9.50012;1022.96;898.042;1921;3413.33;56.5556
9.51012;1022.96;898.042;1921;3413.33;52.1955
9.52012;1022.96;898.042;1921;3413.33;57.601
9.53012;1022.96;898.042;1921;3413.33;62.5799
9.54012;1022.96;898.042;1921;3413.33;61.247
9.55012;1022.96;898.042;1921;3413.33;57.8882
9.56012;1022.96;898.042;1921;3413.33;58.3746
9.57012;1022.96;898.042;1921;3413.33;59.7954
9.58012;1022.96;898.042;1921;3413.33;60.4356
9.59012;1022.96;898.042;1921;3413.33;58.0602
9.60012;1022.96;898.042;1921;3413.33;54.3727
9.61012;1022.96;898.042;1921;3413.33;53.5805
9.62012;1022.96;898.042;1921;3413.33;59.1655
9.63013;1022.96;898.042;1921;3413.33;57.0513
9.64013;1022.96;898.042;1921;3413.33;52.6681
9.65013;1022.96;898.042;1921;3413.33;57.6459
9.66013;1022.96;898.042;1921;3413.33;63.4564
9.67013;1022.96;898.042;1921;3413.33;61.8204
9.68013;1022.96;898.042;1921;3413.33;57.5888
9.69013;1022.96;898.042;1921;3413.33;58.8249
9.70013;1022.96;898.042;1921;3413.33;59.9874
9.71013;1022.96;898.042;1921;3413.33;61.0223
9.72013;1022.96;898.042;1921;3413.33;58.6143
9.73013;1022.96;898.042;1921;3413.33;55.0924
9.74013;1022.96;898.042;1921;3413.33;58.7703
9.75013;1022.96;898.042;1921;3413.33;63.689
9.76013;1022.96;898.042;1921;3413.33;62.9206
9.77013;1022.96;898.042;1921;3413.33;57.6101
9.78013;1022.96;898.042;1921;3413.33;60.1251
9.79013;1022.96;898.042;1921;3413.33;65.6255
9.80013;1022.96;898.042;1921;3413.33;64.3868
9.81013;1022.96;898.042;1921;3413.33;60.0319
9.82013;1022.96;898.042;1921;3413.33;60.4805
9.83013;1022.96;898.042;1921;3413.33;61.0879
9.84013;1022.96;898.042;1921;3413.33;62.2048
9.85013;1022.96;898.042;1921;3413.33;59.1957
9.86013;1022.96;898.042;1921;3413.33;55.502
9.87013;1022.96;898.042;1921;3413.33;59.3291
9.88013;1022.96;898.042;1921;3413.33;63.5497
9.89013;1022.96;898.042;1921;3413.33;61.6125
9.90013;1022.96;898.042;1921;3413.33;57.5736
9.91013;1022.96;898.042;1921;3413.33;62.9671
9.92013;1022.96;898.042;1921;3413.33;66.0966
9.93013;1022.96;898.042;1921;3413.33;61.7742
9.94013;1022.96;898.042;1921;3413.33;59.7392
9.95013;1022.96;898.042;1921;3413.33;60.8837
9.96013;1022.96;898.042;1921;3413.33;60.7411
9.97013;1022.96;898.042;1921;3413.33;59.3334
9.98013;1022.96;898.042;1921;3413.33;55.8005
9.99013;1022.96;898.042;1921;3413.33;53.4507
10.0001;1022.96;898.042;1921;3413.33;58.218
10.0101;1022.96;898.042;1921;3413.33;59.4441
10.0201;1022.96;898.042;1921;3413.33;55.1251
10.0301;1022.96;898.042;1921;3413.33;57.3595
10.0401;1022.96;898.042;1921;3413.33;63.3437
10.0501;1022.96;898.042;1921;3413.33;61.5215
10.0601;1022.96;898.042;1921;3413.33;58.3531
10.0701;1022.96;898.042;1921;3413.33;59.7554
10.0801;1022.96;898.042;1921;3413.33;60.0463
10.0901;1022.96;898.042;1921;3413.33;61.4535
10.1001;1022.96;898.042;1921;3413.33;57.7481
10.1101;1022.96;898.042;1921;3413.33;54.432
10.1201;1022.96;898.042;1921;3413.33;55.7255
10.1301;1022.96;898.042;1921;3413.33;59.4541
10.1401;1022.96;898.042;1921;3413.33;56.1008
10.1501;1022.96;898.042;1921;3413.33;51.981
10.1601;1022.96;898.042;1921;3413.33;58.7696
10.1701;1022.96;898.042;1921;3413.33;59.8112
10.1801;1022.96;898.042;1921;3413.33;55.7391
10.1901;1022.96;898.042;1921;3413.33;57.0359
10.2001;1022.96;898.042;1921;3413.33;58.5474
10.2101;1022.96;898.042;1921;3413.33;59.1403
10.2201;1022.96;898.042;1921;3413.33;56.105
10.2301;1022.96;898.042;1921;3413.33;53.3023
10.2401;1022.96;898.042;1921;3413.33;54.4569
10.2501;1022.96;898.042;1921;3413.33;57.571
10.2601;1022.96;898.042;1921;3413.33;54.515
10.2701;1022.96;898.042;1921;3413.33;50.4923
10.2801;1022.96;898.042;1921;3413.33;57.9335
10.2901;1022.96;898.042;1921;3413.33;59.1175
10.3001;1022.96;898.042;1921;3413.33;55.3374
10.3101;1022.96;898.042;1921;3413.33;56.6691
10.3201;1022.96;898.042;1921;3413.33;58.3966
10.3301;1022.96;898.042;1921;3413.33;58.9061
10.3401;1022.96;898.042;1921;3413.33;59.6908
10.3501;1022.96;898.042;1921;3413.33;56.2994
10.3601;1022.96;898.042;1921;3413.33;57.3238
10.3701;1022.96;898.042;1921;3413.33;62.7976
10.3801;1022.96;898.042;1921;3413.33;58.1896
10.3901;1022.96;898.042;1921;3413.33;53.9744
10.4001;1022.96;898.042;1921;3413.33;58.1631
10.4101;1022.96;898.042;1921;3413.33;57.7426
10.4201;1022.96;898.042;1921;3413.33;54.0586
10.4301;1022.96;898.042;1921;3413.33;52.4048
10.4401;1022.96;898.042;1921;3413.33;54.4413
10.4501;1022.96;898.042;1921;3413.33;56.0323
10.4601;1022.96;898.042;1921;3413.33;56.0546
10.4701;1022.96;898.042;1921;3413.33;53.7223
10.4801;1022.96;898.042;1921;3413.33;56.7267
10.4901;1022.96;898.042;1921;3413.33;62.0652
10.5001;1022.96;898.042;1921;3413.33;56.7764
10.5101;1022.96;898.042;1921;3413.33;53.8532
10.5201;1022.96;898.042;1921;3413.33;60.136
10.5301;1022.96;898.042;1921;3413.33;63.5379
10.5401;1022.96;898.042;1921;3413.33;58.5094
10.5501;1022.96;898.042;1921;3413.33;57.5418
10.5601;1022.96;898.042;1921;3413.33;59.5601
10.5701;1022.96;898.042;1921;3413.33;58.9104
10.5801;1022.96;898.042;1921;3413.33;56.2646
10.5901;1022.96;898.042;1921;3413.33;53.1401
10.6001;1022.96;898.042;1921;3413.33;58.6219
10.6101;1022.96;898.042;1921;3413.33;62.0217
10.6201;1022.96;898.042;1921;3413.33;57.5975
10.6301;1022.96;898.042;1921;3413.33;58.06
10.6401;1022.96;898.042;1921;3413.33;63.8719
10.6501;1022.96;898.042;1921;3413.33;64.3836
10.6601;1022.96;898.042;1921;3413.33;59.6491
10.6701;1022.96;898.042;1921;3413.33;60.8597
10.6801;1022.96;898.042;1921;3413.33;62.2798
10.6901;1022.96;898.042;1921;3413.33;62.1681
10.7001;1022.96;898.042;1921;3413.33;58.3223
10.7101;1022.96;898.042;1921;3413.33;54.6049
10.7201;1022.96;898.042;1921;3413.33;56.8898
10.7302;1022.96;898.042;1921;3413.33;57.3189
10.7402;1022.96;898.042;1921;3413.33;53.0429
10.7502;1022.96;898.042;1921;3413.33;50.1205
10.7602;1022.96;898.042;1921;3413.33;56.6584
10.7702;1022.96;898.042;1921;3413.33;55.7669
10.7802;1022.96;898.042;1921;3413.33;52.1989
10.7902;1022.96;898.042;1921;3413.33;57.3043
10.8002;1022.96;898.042;1921;3413.33;58.6413
10.8102;1022.96;898.042;1921;3413.33;57.9083
10.8202;1022.96;898.042;1921;3413.33;54.5114
10.8302;1022.96;898.042;1921;3413.33;53.1222
10.8402;1022.96;898.042;1921;3413.33;59.313
10.8502;1022.96;898.042;1921;3413.33;56.018
10.8602;1022.96;898.042;1921;3413.33;51.4506
10.8702;1022.96;898.042;1921;3413.33;53.4666
10.8802;1022.96;898.042;1921;3413.33;60.2683
10.8902;1022.96;898.042;1921;3413.33;57.3164
10.9002;1022.96;898.042;1921;3413.33;53.6561
10.9102;1022.96;898.042;1921;3413.33;56.5859
10.9202;1022.96;898.042;1921;3413.33;57.4696
10.9302;1022.96;898.042;1921;3413.33;55.6323
10.9402;1022.96;898.042;1921;3413.33;53.0202
10.9502;1022.96;898.042;1921;3413.33;54.7682
10.9602;1022.96;898.042;1921;3413.33;61.5322
10.9702;1022.96;898.042;1921;3413.33;60.3767
10.9802;1022.96;898.042;1921;3413.33;56.6775
10.9902;1022.96;898.042;1921;3413.33;61.6431
11.0002;1022.96;898.042;1921;3413.33;64.8659
11.0102;1022.96;898.042;1921;3413.33;59.2859
11.0202;1022.96;898.042;1921;3413.33;57.1952
11.0302;1022.96;898.042;1921;3413.33;60.5215
11.0402;1022.96;898.042;1921;3413.33;62.1892
11.0502;1022.96;898.042;1921;3413.33;58.1002
11.0602;1022.96;898.042;1921;3413.33;55.199
11.0702;1022.96;898.042;1921;3413.33;54.7393
11.0802;1022.96;898.042;1921;3413.33;59.2978
11.0902;1022.96;898.042;1921;3413.33;55.8944
11.1002;1022.96;898.042;1921;3413.33;51.2531
11.1102;1022.96;898.042;1921;3413.33;57.0409
11.1202;1022.96;898.042;1921;3413.33;57.7062
11.1302;1022.96;898.042;1921;3413.33;54.1825
11.1402;1022.96;898.042;1921;3413.33;55.2912
11.1502;1022.96;898.042;1921;3413.33;59.4219
11.1602;1022.96;898.042;1921;3413.33;60.0477
11.1702;1022.96;898.042;1921;3413.33;56.3623
11.1802;1022.96;898.042;1921;3413.33;54.6424
11.1902;1022.96;898.042;1921;3413.33;56.1056
11.2002;1022.96;898.042;1921;3413.33;57.1759
11.2102;1022.96;898.042;1921;3413.33;53.028
11.2202;1022.96;898.042;1921;3413.33;51.4196
11.2302;1022.96;898.042;1921;3413.33;56.4442
11.2402;1022.96;898.042;1921;3413.33;53.4953
11.2502;1022.96;898.042;1921;3413.33;50.3774
11.2602;1022.96;898.042;1921;3413.33;51.8818
11.2702;1022.96;898.042;1921;3413.33;55.0614
11.2802;1022.96;898.042;1921;3413.33;55.5706
11.2902;1022.96;898.042;1921;3413.33;52.4841
11.3002;1022.96;898.042;1921;3413.33;53.6352
11.3102;1022.96;898.042;1921;3413.33;57.5198
11.3202;1022.96;898.042;1921;3413.33;61.2858
11.3302;1022.96;898.042;1921;3413.33;56.2154
11.3402;1022.96;898.042;1921;3413.33;59.2568
11.3502;1022.96;898.042;1921;3413.33;63.9335
11.3602;1022.96;898.042;1921;3413.33;59.0136
11.3702;1022.96;898.042;1921;3413.33;56.7142
11.3802;1022.96;898.042;1921;3413.33;59.1392
11.3902;1022.96;898.042;1921;3413.33;59.2801
11.4002;1022.96;898.042;1921;3413.33;57.5663
11.4102;1022.96;898.042;1921;3413.33;54.3132
11.4202;1022.96;898.042;1921;3413.33;57.1833
11.4302;1022.96;898.042;1921;3413.33;62.3955
11.4402;1022.96;898.042;1921;3413.33;60.5056
11.4502;1022.96;898.042;1921;3413.33;55.1068
11.4602;1022.96;898.042;1921;3413.33;60.881
11.4702;1022.96;898.042;1921;3413.33;63.0278
11.4802;1022.96;898.042;1921;3413.33;58.586
11.4902;1022.96;898.042;1921;3413.33;59.5153
11.5002;1022.96;898.042;1921;3413.33;61.0719
11.5102;1022.96;898.042;1921;3413.33;60.4825
11.5202;1022.96;898.042;1921;3413.33;56.9624
11.5302;1022.96;898.042;1921;3413.33;54.3259
11.5402;1022.96;898.042;1921;3413.33;55.9484
11.5502;1022.96;898.042;1921;3413.33;57.8577
11.5602;1022.96;898.042;1921;3413.33;54.0359
11.5702;1022.96;898.042;1921;3413.33;50.1802
11.5802;1022.96;898.042;1921;3413.33;56.6306
11.5902;1022.96;898.042;1921;3413.33;56.4206
11.6002;1022.96;898.042;1921;3413.33;52.8771
11.6102;1022.96;898.042;1921;3413.33;56.3957
11.6202;1022.96;898.042;1921;3413.33;57.3838
11.6302;1022.96;898.042;1921;3413.33;58.0573
11.6402;1022.96;898.042;1921;3413.33;56.6155
11.6502;1022.96;898.042;1921;3413.33;54.9675
11.6602;1022.96;898.042;1921;3413.33;59.5326
11.6702;1022.96;898.042;1921;3413.33;62.5003
11.6802;1022.96;898.042;1921;3413.33;56.9345
11.6902;1022.96;898.042;1921;3413.33;55.9052
11.7002;1022.96;898.042;1921;3413.33;62.0042
11.7102;1022.96;898.042;1921;3413.33;58.3993
11.7202;1022.96;898.042;1921;3413.33;54.3899
11.7302;1022.96;898.042;1921;3413.33;55.8009
11.7402;1022.96;898.042;1921;3413.33;56.6531
11.7502;1022.96;898.042;1921;3413.33;57.3284
11.7602;1022.96;898.042;1921;3413.33;54.2229
11.7702;1022.96;898.042;1921;3413.33;56.059
11.7802;1022.96;898.042;1921;3413.33;62.5569
11.7902;1022.96;898.042;1921;3413.33;60.8895
11.8002;1022.96;898.042;1921;3413.33;55.6563
11.8102;1022.96;898.042;1921;3413.33;61.7011
11.8202;1022.96;898.042;1921;3413.33;65.5937
11.8302;1022.96;898.042;1921;3413.33;62.2731
11.8402;1022.96;898.042;1921;3413.33;60.3175
11.8502;1022.96;898.042;1921;3413.33;63.7289
11.8602;1022.96;898.042;1921;3413.33;64.358
11.8702;1022.96;898.042;1921;3413.33;60.8977
11.8802;1022.96;898.042;1921;3413.33;56.8761
11.8902;1022.96;898.042;1921;3413.33;55.434
11.9002;1022.96;898.042;1921;3413.33;60.7522
11.9102;1022.96;898.042;1921;3413.33;56.9012
11.9202;1022.96;898.042;1921;3413.33;52.0573
11.9302;1022.96;898.042;1921;3413.33;58.9196
11.9402;1022.96;898.042;1921;3413.33;59.4098
11.9502;1022.96;898.042;1921;3413.33;55.7219
11.9602;1022.96;898.042;1921;3413.33;58.1423
11.9702;1022.96;898.042;1921;3413.33;61.3875
11.9802;1022.96;898.042;1921;3413.33;61.0905
11.9902;1022.96;898.042;1921;3413.33;58.2569
12.0002;1022.96;898.042;1921;3413.33;55.0056
12.0102;1022.96;898.042;1921;3413.33;56.6325
12.0202;1022.96;898.042;1921;3413.33;62.1314
12.0302;1022.96;898.042;1921;3413.33;56.7926
12.0402;1022.96;898.042;1921;3413.33;52.9637
12.0502;1022.96;898.042;1921;3413.33;59.974
12.0602;1022.96;898.042;1921;3413.33;58.6528
12.0702;1022.96;898.042;1921;3413.33;54.6077
12.0802;1022.96;898.042;1921;3413.33;52.6943
12.0902;1022.96;898.042;1921;3413.33;56.7662
12.1002;1022.96;898.042;1921;3413.33;56.5684
12.1102;1022.96;898.042;1921;3413.33;54.1074
12.1202;1022.96;898.042;1921;3413.33;53.3492
12.1302;1022.96;898.042;1921;3413.33;56.5642
12.1402;1022.96;898.042;1921;3413.33;61.5716
12.1502;1022.96;898.042;1921;3413.33;56.1292
12.1602;1022.96;898.042;1921;3413.33;59.1025
12.1702;1022.96;898.042;1921;3413.33;63.8567
12.1802;1022.96;898.042;1921;3413.33;62.0196
12.1902;1022.96;898.042;1921;3413.33;57.8136
12.2002;1022.96;898.042;1921;3413.33;59.9725
12.2102;1022.96;898.042;1921;3413.33;62.4257
12.2202;1022.96;898.042;1921;3413.33;58.6331
12.2302;1022.96;898.042;1921;3413.33;55.5131
12.2402;1022.96;898.042;1921;3413.33;55.3273
12.2502;1022.96;898.042;1921;3413.33;60.3142
12.2602;1022.96;898.042;1921;3413.33;57.0829
12.2702;1022.96;898.042;1921;3413.33;52.6878
12.2802;1022.96;898.042;1921;3413.33;58.6846
12.2902;1022.96;898.042;1921;3413.33;57.8582
12.3002;1022.96;898.042;1921;3413.33;54.3639
12.3102;1022.96;898.042;1921;3413.33;56.3733
12.3202;1022.96;898.042;1921;3413.33;58.6594
12.3302;1022.96;898.042;1921;3413.33;59.4576
12.3402;1022.96;898.042;1921;3413.33;55.749
12.3502;1022.96;898.042;1921;3413.33;54.6496
12.3602;1022.96;898.042;1921;3413.33;58.202
12.3702;1022.96;898.042;1921;3413.33;63.0384
12.3802;1022.96;898.042;1921;3413.33;57.2193
12.3902;1022.96;898.042;1921;3413.33;57.3288
12.4002;1022.96;898.042;1921;3413.33;62.1525
12.4102;1022.96;898.042;1921;3413.33;57.4711
12.4202;1022.96;898.042;1921;3413.33;54.7105
12.4302;1022.96;898.042;1921;3413.33;57.614
12.4402;1022.96;898.042;1921;3413.33;58.2714
12.4502;1022.96;898.042;1921;3413.33;56.7979
12.4602;1022.96;898.042;1921;3413.33;53.5979
12.4702;1022.96;898.042;1921;3413.33;57.7706
12.4802;1022.96;898.042;1921;3413.33;61.9812
12.4902;1022.96;898.042;1921;3413.33;59.042
12.5002;1022.96;898.042;1921;3413.33;56.3327
12.5102;1022.96;898.042;1921;3413.33;62.2025
12.5202;1022.96;898.042;1921;3413.33;63.9691
12.5302;1022.96;898.042;1921;3413.33;58.4864
12.5402;1022.96;898.042;1921;3413.33;60.2127
12.5502;1022.96;898.042;1921;3413.33;61.6363
12.5602;1022.96;898.042;1921;3413.33;61.7896
12.5702;1022.96;898.042;1921;3413.33;57.7716
12.5802;1022.96;898.042;1921;3413.33;54.9648
12.5902;1022.96;898.042;1921;3413.33;57.6276
12.6002;1022.96;898.042;1921;3413.33;57.1846
12.6102;1022.96;898.042;1921;3413.33;52.6552
12.6202;1022.96;898.042;1921;3413.33;49.9431
12.6302;1022.96;898.042;1921;3413.33;57.0821
12.6402;1022.96;898.042;1921;3413.33;55.8107
12.6502;1022.96;898.042;1921;3413.33;51.7807
12.6602;1022.96;898.042;1921;3413.33;56.3551
12.6702;1022.96;898.042;1921;3413.33;57.7795
12.6802;1022.96;898.042;1921;3413.33;58.433
12.6902;1022.96;898.042;1921;3413.33;54.9302
12.7002;1022.96;898.042;1921;3413.33;53.7742
12.7102;1022.96;898.042;1921;3413.33;59.7107
12.7202;1022.96;898.042;1921;3413.33;62.7003
12.7302;1022.96;898.042;1921;3413.33;56.9995
12.7402;1022.96;898.042;1921;3413.33;57.338
12.7502;1022.96;898.042;1921;3413.33;62.3288
12.7602;1022.96;898.042;1921;3413.33;58.0928
12.7702;1022.96;898.042;1921;3413.33;54.72
12.7802;1022.96;898.042;1921;3413.33;57.568
12.7902;1022.96;898.042;1921;3413.33;58.0208
12.8002;1022.96;898.042;1921;3413.33;56.8436
12.8102;1022.96;898.042;1921;3413.33;53.4356
12.8202;1022.96;898.042;1921;3413.33;55.8994
12.8302;1022.96;898.042;1921;3413.33;61.1208
12.8402;1022.96;898.042;1921;3413.33;58.9621
12.8502;1022.96;898.042;1921;3413.33;55.9373
12.8602;1022.96;898.042;1921;3413.33;62.029
12.8702;1022.96;898.042;1921;3413.33;64.7173
12.8802;1022.96;898.042;1921;3413.33;61.0834
12.8902;1022.96;898.042;1921;3413.33;59.9805
12.9002;1022.96;898.042;1921;3413.33;63.8861
12.9102;1022.96;898.042;1921;3413.33;63.9539
12.9202;1022.96;898.042;1921;3413.33;59.3801
12.9302;1022.96;898.042;1921;3413.33;55.9854
12.9402;1022.96;898.042;1921;3413.33;55.784
12.9502;1022.96;898.042;1921;3413.33;59.0046
12.9602;1022.96;898.042;1921;3413.33;54.7924
12.9702;1022.96;898.042;1921;3413.33;50.638
12.9802;1022.96;898.042;1921;3413.33;57.4957
12.9902;1022.96;898.042;1921;3413.33;57.0263
13.0002;1022.96;898.042;1921;3413.33;53.1059
13.0102;1022.96;898.042;1921;3413.33;56.3217
13.0202;1022.96;898.042;1921;3413.33;59.5353
13.0302;1022.96;898.042;1921;3413.33;58.9039
13.0402;1022.96;898.042;1921;3413.33;55.7179
13.0502;1022.96;898.042;1921;3413.33;54.9968
13.0602;1022.96;898.042;1921;3413.33;57.9092
13.0702;1022.96;898.042;1921;3413.33;63.9771
13.0802;1022.96;898.042;1921;3413.33;57.9443
13.0902;1022.96;898.042;1921;3413.33;56.7121
13.1002;1022.96;898.042;1921;3413.33;60.9761
13.1102;1022.96;898.042;1921;3413.33;57.2037
13.1202;1022.96;898.042;1921;3413.33;53.1501
13.1302;1022.96;898.042;1921;3413.33;54.2372
13.1402;1022.96;898.042;1921;3413.33;57.4781
13.1502;1022.96;898.042;1921;3413.33;55.6803
13.1602;1022.96;898.042;1921;3413.33;52.5388
13.1702;1022.96;898.042;1921;3413.33;53.867
13.1802;1022.96;898.042;1921;3413.33;59.6389
13.1902;1022.96;898.042;1921;3413.33;59.771
13.2002;1022.96;898.042;1921;3413.33;56.0448
13.2102;1022.96;898.042;1921;3413.33;61.5122
13.2202;1022.96;898.042;1921;3413.33;64.5072
13.2302;1022.96;898.042;1921;3413.33;59.861
13.2402;1022.96;898.042;1921;3413.33;59.0508
13.2502;1022.96;898.042;1921;3413.33;61.4293
13.2602;1022.96;898.042;1921;3413.33;62.9724
13.2702;1022.96;898.042;1921;3413.33;58.6748
13.2802;1022.96;898.042;1921;3413.33;55.5462
13.2902;1022.96;898.042;1921;3413.33;57.0081
13.3002;1022.96;898.042;1921;3413.33;59.5532
13.3102;1022.96;898.042;1921;3413.33;55.3302
13.3202;1022.96;898.042;1921;3413.33;51.732
13.3302;1022.96;898.042;1921;3413.33;58.3647
13.3402;1022.96;898.042;1921;3413.33;56.0366
13.3502;1022.96;898.042;1921;3413.33;52.1862
13.3602;1022.96;898.042;1921;3413.33;55.2416
13.3702;1022.96;898.042;1921;3413.33;56.2201
13.3802;1022.96;898.042;1921;3413.33;56.597
13.3902;1022.96;898.042;1921;3413.33;54.0127
13.4002;1022.96;898.042;1921;3413.33;54.968
13.4102;1022.96;898.042;1921;3413.33;59.906
13.4202;1022.96;898.042;1921;3413.33;61.2923
13.4302;1022.96;898.042;1921;3413.33;55.9037
13.4402;1022.96;898.042;1921;3413.33;60.0967
13.4502;1022.96;898.042;1921;3413.33;64.8563
13.4602;1022.96;898.042;1921;3413.33;59.5078
13.4702;1022.96;898.042;1921;3413.33;57.3567
13.4802;1022.96;898.042;1921;3413.33;59.6413
13.4902;1022.96;898.042;1921;3413.33;59.621
13.5002;1022.96;898.042;1921;3413.33;56.6706
13.5102;1022.96;898.042;1921;3413.33;53.568
13.5202;1022.96;898.042;1921;3413.33;60.0391
13.5302;1022.96;898.042;1921;3413.33;60.3534
13.5402;1022.96;898.042;1921;3413.33;55.6355
13.5502;1022.96;898.042;1921;3413.33;60.3188
13.5602;1022.96;898.042;1921;3413.33;64.9011
13.5702;1022.96;898.042;1921;3413.33;61.898
13.5802;1022.96;898.042;1921;3413.33;59.7644
13.5902;1022.96;898.042;1921;3413.33;64.065
13.6002;1022.96;898.042;1921;3413.33;63.4482
13.6102;1022.96;898.042;1921;3413.33;61.7672
13.6202;1022.96;898.042;1921;3413.33;57.4697
13.6302;1022.96;898.042;1921;3413.33;58.2721
13.6402;1022.96;898.042;1921;3413.33;63.8209
13.6502;1022.96;898.042;1921;3413.33;57.8838
13.6602;1022.96;898.042;1921;3413.33;54.6818
13.6702;1022.96;898.042;1921;3413.33;61.2267
13.6802;1022.96;898.042;1921;3413.33;58.1924
13.6902;1022.96;898.042;1921;3413.33;53.868
13.7002;1022.96;898.042;1921;3413.33;54.9974
13.7102;1022.96;898.042;1921;3413.33;56.6699
13.7202;1022.96;898.042;1921;3413.33;54.6434
13.7302;1022.96;898.042;1921;3413.33;51.8626
13.7402;1022.96;898.042;1921;3413.33;53.8579
13.7502;1022.96;898.042;1921;3413.33;60.6447
13.7602;1022.96;898.042;1921;3413.33;59.4676
13.7702;1022.96;898.042;1921;3413.33;56.1112
13.7802;1022.96;898.042;1921;3413.33;60.2501
13.7902;1022.96;898.042;1921;3413.33;61.5199
13.8002;1022.96;898.042;1921;3413.33;57.3693
13.8102;1022.96;898.042;1921;3413.33;57.8493
13.8202;1022.96;898.042;1921;3413.33;62.3499
13.8302;1022.96;898.042;1921;3413.33;61.8224
13.8402;1022.96;898.042;1921;3413.33;57.4832
13.8502;1022.96;898.042;1921;3413.33;56.5845
13.8602;1022.96;898.042;1921;3413.33;59.2191
13.8702;1022.96;898.042;1921;3413.33;57.2066
13.8802;1022.96;898.042;1921;3413.33;52.5937
13.8902;1022.96;898.042;1921;3413.33;55.6215
13.9002;1022.96;898.042;1921;3413.33;55.8703
13.9102;1022.96;898.042;1921;3413.33;52.2436
13.9202;1022.96;898.042;1921;3413.33;51.0096
13.9302;1022.96;898.042;1921;3413.33;54.0464
13.9402;1022.96;898.042;1921;3413.33;55.7758
13.9502;1022.96;898.042;1921;3413.33;52.971
13.9602;1022.96;898.042;1921;3413.33;50.8847
13.9702;1022.96;898.042;1921;3413.33;56.0122
13.9802;1022.96;898.042;1921;3413.33;58.3451
13.9902;1022.96;898.042;1921;3413.33;53.9804
14.0002;1022.96;898.042;1921;3413.33;59.6324
14.0102;1022.96;898.042;1921;3413.33;64.4228
14.0202;1022.96;898.042;1921;3413.33;59.8879
14.0302;1022.96;898.042;1921;3413.33;60.0497
14.0402;1022.96;898.042;1921;3413.33;61.898
14.0502;1022.96;898.042;1921;3413.33;61.4994
14.0602;1022.96;898.042;1921;3413.33;57.4817
14.0702;1022.96;898.042;1921;3413.33;55.3333
14.0802;1022.96;898.042;1921;3413.33;59.9384
14.0902;1022.96;898.042;1921;3413.33;56.2248
14.1002;1022.96;898.042;1921;3413.33;51.9511
14.1102;1022.96;898.042;1921;3413.33;56.5054
14.1202;1022.96;898.042;1921;3413.33;56.3917
14.1302;1022.96;898.042;1921;3413.33;52.5951
14.1402;1022.96;898.042;1921;3413.33;52.6163
14.1502;1022.96;898.042;1921;3413.33;58.4585
14.1602;1022.96;898.042;1921;3413.33;56.3842
14.1702;1022.96;898.042;1921;3413.33;53.1611
14.1802;1022.96;898.042;1921;3413.33;51.037
14.1902;1022.96;898.042;1921;3413.33;58.4564
14.2002;1022.96;898.042;1921;3413.33;56.3721
14.2102;1022.96;898.042;1921;3413.33;51.7496
14.2202;1022.96;898.042;1921;3413.33;57.1785
14.2302;1022.96;898.042;1921;3413.33;57.6434
14.2402;1022.96;898.042;1921;3413.33;53.8892
14.2502;1022.96;898.042;1921;3413.33;56.8227
14.2602;1022.96;898.042;1921;3413.33;60.4162
14.2702;1022.96;898.042;1921;3413.33;59.1868
14.2802;1022.96;898.042;1921;3413.33;55.4088
14.2902;1022.96;898.042;1921;3413.33;55.4163
14.3002;1022.96;898.042;1921;3413.33;59.2539
14.3102;1022.96;898.042;1921;3413.33;60.8956
14.3202;1022.96;898.042;1921;3413.33;56.0007
14.3302;1022.96;898.042;1921;3413.33;61.1924
14.3402;1022.96;898.042;1921;3413.33;63.7851
14.3502;1022.96;898.042;1921;3413.33;58.3632
14.3602;1022.96;898.042;1921;3413.33;58.5489
14.3702;1022.96;898.042;1921;3413.33;61.2872
14.3802;1022.96;898.042;1921;3413.33;59.8256
14.3902;1022.96;898.042;1921;3413.33;55.3499
14.4002;1022.96;898.042;1921;3413.33;54.7527
14.4102;1022.96;898.042;1921;3413.33;58.2477
14.4202;1022.96;898.042;1921;3413.33;55.9786
14.4302;1022.96;898.042;1921;3413.33;51.5972
14.4402;1022.96;898.042;1921;3413.33;54.5548
14.4502;1022.96;898.042;1921;3413.33;54.1973
14.4602;1022.96;898.042;1921;3413.33;50.6225
14.4702;1022.96;898.042;1921;3413.33;50.9244
14.4802;1022.96;898.042;1921;3413.33;52.8419
14.4902;1022.96;898.042;1921;3413.33;53.9608
14.5002;1022.96;898.042;1921;3413.33;51.7372
14.5102;1022.96;898.042;1921;3413.33;54.13
14.5202;1022.96;898.042;1921;3413.33;60.0515
14.5302;1022.96;898.042;1921;3413.33;58.455
14.5402;1022.96;898.042;1921;3413.33;55.4769
14.5502;1022.96;898.042;1921;3413.33;61.615
14.5602;1022.96;898.042;1921;3413.33;63.1422
14.5702;1022.96;898.042;1921;3413.33;58.398
14.5802;1022.96;898.042;1921;3413.33;60.6263
14.5902;1022.96;898.042;1921;3413.33;63.8818
14.6002;1022.96;898.042;1921;3413.33;62.5279
14.6102;1022.96;898.042;1921;3413.33;58.1224
14.6202;1022.96;898.042;1921;3413.33;56.2825
14.6302;1022.96;898.042;1921;3413.33;62.0746
14.6402;1022.96;898.042;1921;3413.33;57.1224
14.6502;1022.96;898.042;1921;3413.33;52.7298
14.6602;1022.96;898.042;1921;3413.33;59.3136
14.6702;1022.96;898.042;1921;3413.33;57.5907
14.6802;1022.96;898.042;1921;3413.33;53.4487
14.6902;1022.96;898.042;1921;3413.33;53.7138
14.7002;1022.96;898.042;1921;3413.33;56.6329
14.7102;1022.96;898.042;1921;3413.33;54.1887
14.7202;1022.96;898.042;1921;3413.33;51.3254
14.7302;1022.96;898.042;1921;3413.33;53.7212
14.7402;1022.96;898.042;1921;3413.33;60.3059
14.7502;1022.96;898.042;1921;3413.33;57.4083
14.7602;1022.96;898.042;1921;3413.33;52.4939
14.7702;1022.96;898.042;1921;3413.33;56.7771
14.7802;1022.96;898.042;1921;3413.33;55.8431
14.7902;1022.96;898.042;1921;3413.33;52.2466
14.8002;1022.96;898.042;1921;3413.33;55.7781
14.8102;1022.96;898.042;1921;3413.33;58.6359
14.8202;1022.96;898.042;1921;3413.33;57.6406
14.8302;1022.96;898.042;1921;3413.33;54.7926
14.8402;1022.96;898.042;1921;3413.33;56.4861
14.8502;1022.96;898.042;1921;3413.33;60.8791
14.8602;1022.96;898.042;1921;3413.33;55.8977
14.8702;1022.96;898.042;1921;3413.33;53.4395
14.8802;1022.96;898.042;1921;3413.33;58.0275
14.8902;1022.96;898.042;1921;3413.33;54.5292
14.9002;1022.96;898.042;1921;3413.33;51.4901
14.9102;1022.96;898.042;1921;3413.33;55.0997
14.9202;1022.96;898.042;1921;3413.33;57.047
14.9302;1022.96;898.042;1921;3413.33;55.4921
14.9402;1022.96;898.042;1921;3413.33;52.4516
14.9502;1022.96;898.042;1921;3413.33;53.3053
14.9602;1022.96;898.042;1921;3413.33;56.3297
14.9702;1022.96;898.042;1921;3413.33;52.7663
14.9802;1022.96;898.042;1921;3413.33;49.2751
14.9902;1022.96;898.042;1921;3413.33;56.1376
