0;1037.91;-14.8909;1023.02;3072;1.7189
0.01;1037.91;-14.7182;1023.19;3072;2.1126
0.02;1037.91;-14.6748;1023.24;3072;2.2852
0.03;1037.91;-7.05366;1030.86;3072;4.1651
0.04;1037.91;9.58806;1047.5;3072;5.1991
0.05;1037.91;27.6803;1065.59;3072;7.5523
0.06;1037.91;46.2386;1084.15;3072;5.8499
0.07;1037.91;61.1396;1099.05;3072;3.0924
0.08;1037.91;84.1987;1122.11;3072;1.6518
0.09;1037.91;112.824;1150.74;3072;3.7906
0.1;1037.91;125.066;1162.98;3072;5.8952
0.11;1037.91;145.004;1182.92;3072;7.7684
0.12;1037.91;165.311;1203.22;3072;11.6938
0.13;1037.91;175.176;1213.09;3072;9.6063
0.14;1037.91;193.628;1231.54;3072;12.6367
0.15;1037.91;209.603;1247.52;3072;12.6162
0.16;1037.91;235.132;1273.04;3072;22.8475
0.17;1037.91;240.452;1278.36;3072;21.4395
0.18;1037.91;259.586;1297.5;3072;22.3199
0.19;1037.91;281.617;1319.53;3072;22.088
0.2;1037.91;284.89;1322.8;3072;19.254
0.21;1037.91;296.195;1334.11;3072;26.1288
0.22;1037.91;304.517;1342.43;3072;26.251
0.23;1037.91;318.881;1356.79;3072;25.0281
0.24;1037.91;332.779;1370.69;3072;35.5648
0.25;1037.91;352.181;1390.09;3072;31.9803
0.26;1037.91;354.425;1392.34;3072;28.5914
0.27;1037.91;367.44;1405.35;3072;27.615
0.28;1037.91;384.954;1422.87;3072;36.5228
0.29;1037.91;383.92;1421.83;3072;34.1269
0.3;1037.91;394.247;1432.16;3072;31.3448
0.31;1037.91;410.475;1448.39;3072;30.9274
0.32;1037.91;411.394;1449.31;3072;33.2739
0.33;1037.91;428.26;1466.17;3072;32.0313
0.34;1037.91;434.212;1472.12;3072;29.9359
0.35;1037.91;446.432;1484.34;3072;29.9312
0.36;1037.91;449.113;1487.03;3072;32.2157
0.37;1037.91;464.905;1502.82;3072;35.8141
0.38;1037.91;461.705;1499.62;3072;32.385
0.39;1037.91;467.523;1505.44;3072;29.1748
0.4;1037.91;483.034;1520.95;3072;29.0384
0.41;1037.91;486.088;1524;3072;37.3125
0.42;1037.91;498.546;1536.46;3072;37.2551
0.43;1037.91;510.994;1548.91;3072;33.7221
0.44;1037.91;501.855;1539.77;3072;30.4392
0.45;1037.91;515.05;1552.96;3072;32.4144
0.46;1037.91;521.336;1559.25;3072;42.0679
0.47;1037.91;528.012;1565.92;3072;43.1881
0.48;1037.91;539.169;1577.08;3072;41.6009
0.49;1037.91;536.221;1574.13;3072;37.2295
0.5;1037.91;538.331;1576.24;3072;34.9766
0.51;1037.91;555.415;1593.33;3072;36.9788
0.52;1037.91;553.682;1591.59;3072;40.5235
0.53;1037.91;565.114;1603.03;3072;40.4809
0.54;1037.91;571.568;1609.48;3072;37.2527
0.55;1037.91;566.763;1604.68;3072;34.6955
0.56;1037.91;581.422;1619.33;3072;32.9088
0.57;1037.91;591.018;1628.93;3072;42.1132
0.58;1037.91;584.632;1622.54;3072;45.9711
0.59;1037.91;602.554;1640.47;3072;43.7086
0.6;1037.91;595.736;1633.65;3072;41.3423
0.61;1037.91;592.255;1630.17;3072;37.2279
0.62;1037.91;613.203;1651.12;3072;39.001
0.63;1037.91;612.023;1649.94;3072;43.061
0.64;1037.91;621.893;1659.81;3072;43.1526
0.65;1037.91;632.01;1669.92;3072;43.8521
0.66;1037.91;621.337;1659.25;3072;40.769
0.67;1037.91;630.675;1668.59;3072;39.4925
0.68;1037.91;639.977;1677.89;3072;46.6256
0.69;1037.91;635.532;1673.44;3072;46.8567
0.7;1037.91;650.583;1688.5;3072;48.7075
0.71;1037.91;642.093;1680;3072;44.9475
0.72;1037.91;642.534;1680.45;3072;42.8369
0.73;1037.91;658.251;1696.16;3072;42.7615
0.74;1037.91;659.492;1697.4;3072;48.4894
0.75;1037.91;659.26;1697.17;3072;49.6381
0.76;1037.91;676.526;1714.44;3072;47.4317
0.77;1037.91;659.385;1697.3;3072;43.8392
0.78;1037.91;674.535;1712.45;3072;43.2618
0.79;1037.91;683.668;1721.58;3072;51.5628
0.8;1037.91;672.446;1710.36;3072;53.5577
0.81;1037.91;686.776;1724.69;3072;50.2212
0.82;1037.91;677.158;1715.07;3072;45.9005
0.83;1037.91;676.733;1714.64;3072;42.4329
0.839999;1037.91;693.22;1731.13;3072;42.952
0.849999;1037.91;688.145;1726.06;3072;45.8394
0.859999;1037.91;695.515;1733.43;3072;43.9928
0.869999;1037.91;700.173;1738.08;3072;40.1976
0.879999;1037.91;695.461;1733.37;3072;39.8955
0.889999;1037.91;708.378;1746.29;3072;43.0294
0.899999;1037.91;700.733;1738.65;3072;46.4076
0.909999;1037.91;718.753;1756.67;3072;48.9622
0.919999;1037.91;705.697;1743.61;3072;45.7924
0.929999;1037.91;715.005;1752.92;3072;44.3562
0.939999;1037.91;726.04;1763.95;3072;50.6385
0.949999;1037.91;713.149;1751.06;3072;50.1455
0.959999;1037.91;731.904;1769.82;3072;49.2333
0.969999;1037.91;721.098;1759.01;3072;47.3333
0.979999;1037.91;728.458;1766.37;3072;50.2351
0.989999;1037.91;731.439;1769.35;3072;51.9523
0.999999;1037.91;731.777;1769.69;3072;51.3053
1.01;1037.91;739.485;1777.4;3072;47.8652
1.02;1037.91;721.402;1759.31;3072;44.3574
1.03;1037.91;742.824;1780.74;3072;44.8118
1.04;1037.91;732.692;1770.6;3072;47.871
1.05;1037.91;740.641;1778.55;3072;45.0923
1.06;1037.91;743.62;1781.53;3072;40.9253
1.07;1037.91;742.517;1780.43;3072;40.3188
1.08;1037.91;749.102;1787.01;3072;43.5222
1.09;1037.91;747.345;1785.26;3072;45.7711
1.1;1037.91;759.47;1797.38;3072;43.5713
1.11;1037.91;749.058;1786.97;3072;42.2344
1.12;1037.91;761.433;1799.35;3072;45.2191
1.13;1037.91;756.789;1794.7;3072;48.609
1.14;1037.91;763.296;1801.21;3072;50.5121
1.15;1037.91;749.887;1787.8;3072;46.9127
1.16;1037.91;766.656;1804.57;3072;46.3771
1.17;1037.91;763.777;1801.69;3072;51.4424
1.18;1037.91;767.094;1805.01;3072;50.3105
1.19;1037.91;760.702;1798.61;3072;47.3671
1.2;1037.91;766.243;1804.16;3072;45.9744
1.21;1037.91;778.263;1816.18;3072;50.3342
1.22;1037.91;766.155;1804.07;3072;53.8924
1.23;1037.91;768.346;1806.26;3072;50.5735
1.24;1037.91;778.342;1816.25;3072;52.1999
1.25;1037.91;783.037;1820.95;3072;58.4845
1.26;1037.91;768.656;1806.57;3072;57.9789
1.27;1037.91;782.289;1820.2;3072;52.5407
1.28;1037.91;778.013;1815.93;3072;50.5663
1.29;1037.91;787.167;1825.08;3072;53.4084
1.3;1037.91;776.443;1814.36;3072;53.371
1.31;1037.91;780.861;1818.77;3072;50.3574
1.32;1037.91;779.718;1817.63;3072;47.5153
1.33;1037.91;793.274;1831.19;3072;53.8364
1.34;1037.91;779.723;1817.64;3072;54.5158
1.35;1037.91;789.237;1827.15;3072;50.1229
1.36;1037.91;793.963;1831.87;3072;49.6361
1.37;1037.91;797.304;1835.22;3072;56.4149
1.38;1037.91;785.659;1823.57;3072;55.8853
1.39;1037.91;793.53;1831.44;3072;51.3323
1.4;1037.91;791.446;1829.36;3072;52.9781
1.41;1037.91;798.958;1836.87;3072;56.4832
1.42;1037.91;793.621;1831.53;3072;56.6389
1.43;1037.91;788.871;1826.78;3072;53.4511
1.44;1037.91;800.424;1838.34;3072;53.6689
1.45;1037.91;806.074;1843.99;3072;59.3411
1.46;1037.91;797.49;1835.4;3072;59.4941
1.47;1037.91;790.211;1828.12;3072;54.5437
1.48;1037.91;806.996;1844.91;3072;52.0149
1.49;1037.91;801.354;1839.27;3072;51.9979
1.5;1037.91;809.161;1847.07;3072;51.2397
1.51;1037.91;793.448;1831.36;3072;48.5192
1.52;1037.91;808.167;1846.08;3072;50.3507
1.53;1037.91;801.506;1839.42;3072;50.4623
1.54;1037.91;817.174;1855.09;3072;53.1588
1.55;1037.91;803.022;1840.93;3072;53.154
1.56;1037.91;812.359;1850.27;3072;53.7051
1.57;1037.91;812.66;1850.57;3072;50.5417
1.58;1037.91;817.232;1855.14;3072;50.948
1.59;1037.91;803.481;1841.39;3072;51.2202
1.6;1037.91;805.277;1843.19;3072;50.435
1.61;1037.91;813.302;1851.21;3072;47.7241
1.62;1037.91;803.93;1841.84;3072;45.4747
1.63;1037.91;815.491;1853.4;3072;48.6982
1.64;1037.91;808.89;1846.8;3072;50.0927
1.65;1037.91;816.206;1854.12;3072;47.6929
1.66;1037.91;799.447;1837.36;3072;46.4123
1.67;1037.91;817.811;1855.72;3072;46.9758
1.68;1037.91;816.887;1854.8;3072;48.4171
1.69;1037.91;803.874;1841.79;3072;47.9752
1.7;1037.91;808.774;1846.69;3072;50.8381
1.71;1037.91;819.321;1857.23;3072;50.2783
1.72;1037.91;828.359;1866.27;3072;49.9407
1.73;1037.91;812.627;1850.54;3072;51.2875
1.74;1037.91;824.086;1862;3072;53.7164
1.75;1037.91;814.031;1851.94;3072;53.2974
1.76;1037.91;821.136;1859.05;3072;50.8278
1.77;1037.91;817.883;1855.8;3072;50.5983
1.78;1037.91;829.337;1867.25;3072;54.4716
1.79;1037.91;819.362;1857.27;3072;56.9539
1.8;1037.91;815.187;1853.1;3072;53.0689
1.81;1037.91;830.561;1868.47;3072;52.0532
1.82;1037.91;825.429;1863.34;3072;52.0156
1.83;1037.91;832.069;1869.98;3072;50.2136
1.84;1037.91;812.541;1850.45;3072;48.083
1.85;1037.91;825.403;1863.31;3072;48.2323
1.86;1037.91;828.467;1866.38;3072;47.7847
1.87;1037.91;821.658;1859.57;3072;46.0281
1.88;1037.91;827.65;1865.56;3072;49.2614
1.89;1037.91;822.108;1860.02;3072;51.033
1.9;1037.91;826.999;1864.91;3072;48.2511
1.91;1037.91;812.224;1850.14;3072;46.794
1.92;1037.91;830.588;1868.5;3072;48.4146
1.93;1037.91;832.476;1870.39;3072;49.9907
1.94;1037.91;817.173;1855.09;3072;49.5582
1.95;1037.91;827.213;1865.13;3072;54.5304
1.96;1037.91;825.327;1863.24;3072;53.1936
1.97;1037.91;836.129;1874.04;3072;50.8604
1.98;1037.91;828.171;1866.08;3072;54.2183
1.99;1037.91;833.862;1871.77;3072;55.4183
2;1037.91;832.248;1870.16;3072;53.809
2.01;1037.91;821.852;1859.76;3072;51.813
2.02;1037.91;834.324;1872.24;3072;53.1361
2.03;1037.91;829.297;1867.21;3072;53.1495
2.04;1037.91;841.899;1879.81;3072;49.8376
2.05;1037.91;827.547;1865.46;3072;50.1176
2.06;1037.91;825.47;1863.38;3072;49.6607
2.07;1037.91;831.799;1869.71;3072;46.4907
2.08;1037.91;825.586;1863.5;3072;44.3818
2.09;1037.91;840.158;1878.07;3072;50.4632
2.1;1037.91;828.498;1866.41;3072;51.4465
2.11;1037.91;832.651;1870.56;3072;48.4323
2.12;1037.91;831.182;1869.09;3072;50.2072
2.13;1037.91;833.886;1871.8;3072;50.5867
2.14;1037.91;836.981;1874.89;3072;48.7556
2.15;1037.91;825.186;1863.1;3072;48.1052
2.16;1037.91;838.118;1876.03;3072;54.4938
2.17;1037.91;828.683;1866.6;3072;53.0394
2.18;1037.91;834.392;1872.3;3072;49.5964
2.19;1037.91;842.26;1880.17;3072;52.3076
2.2;1037.91;840.663;1878.58;3072;56.667
2.21;1037.91;841.195;1879.11;3072;54.3719
2.22;1037.91;823.979;1861.89;3072;50.9139
2.23;1037.91;840.466;1878.38;3072;50.8357
2.24;1037.91;838.079;1875.99;3072;50.0407
2.25;1037.91;833.538;1871.45;3072;47.7571
2.26;1037.91;839.384;1877.3;3072;50.9284
2.27;1037.91;832.857;1870.77;3072;52.4688
2.28;1037.91;837.039;1874.95;3072;49.3338
2.29;1037.91;822.675;1860.59;3072;48.4311
2.3;1037.91;840.332;1878.24;3072;49.5781
2.31;1037.91;844.622;1882.53;3072;50.5214
2.32;1037.91;830.503;1868.42;3072;53.3782
2.33;1037.91;839.4;1877.31;3072;58.1715
2.34;1037.91;831.233;1869.15;3072;56.3848
2.35;1037.91;839.917;1877.83;3072;52.5377
2.36;1037.91;840.512;1878.42;3072;55.4341
2.37;1037.91;835.573;1873.49;3072;55.6833
2.38;1037.91;846.305;1884.22;3072;52.4179
2.39;1037.91;835.116;1873.03;3072;53.1364
2.4;1037.91;842.353;1880.27;3072;54.996
2.41;1037.91;842.654;1880.57;3072;52.5787
2.42;1037.91;837.373;1875.29;3072;48.5327
2.43;1037.91;844.775;1882.69;3072;52.494
2.44;1037.91;835.076;1872.99;3072;53.9096
2.45;1037.91;827.897;1865.81;3072;51.1951
2.46;1037.91;834.171;1872.08;3072;53.085
2.47;1037.91;840.87;1878.78;3072;52.6409
2.48;1037.91;848.896;1886.81;3072;51.293
2.49;1037.91;837.736;1875.65;3072;55.85
2.5;1037.91;845.027;1882.94;3072;57.0681
2.51;1037.91;843.823;1881.73;3072;55.5727
2.52;1037.91;832.509;1870.42;3072;53.4751
2.53;1037.91;846.866;1884.78;3072;54.982
2.54;1037.91;837.56;1875.47;3072;53.6662
2.55;1037.91;848.043;1885.96;3072;49.3783
2.56;1037.91;841.3;1879.21;3072;52.6907
2.57;1037.91;832.845;1870.76;3072;53.3694
2.58;1037.91;837.719;1875.63;3072;49.7337
2.59;1037.91;829.372;1867.28;3072;48.6129
2.6;1037.91;848.372;1886.28;3072;51.664
2.61;1037.91;849.344;1887.26;3072;51.5448
2.62;1037.91;834.193;1872.1;3072;52.3808
2.63;1037.91;846.92;1884.83;3072;54.9589
2.64;1037.91;838.116;1876.03;3072;54.1658
2.65;1037.91;835.414;1873.33;3072;51.7681
2.66;1037.91;844.819;1882.73;3072;53.7327
2.67;1037.91;842.955;1880.87;3072;53.4411
2.68;1037.91;852.358;1890.27;3072;55.3529
2.69;1037.91;838.861;1876.77;3072;57.0087
2.7;1037.91;837.111;1875.02;3072;55.6171
2.71;1037.91;842.917;1880.83;3072;51.1599
2.72;1037.91;836.797;1874.71;3072;48.1418
2.73;1037.91;850.178;1888.09;3072;53.0746
2.74;1037.91;839.822;1877.73;3072;54.6858
2.75;1037.91;834.026;1871.94;3072;52.3056
2.76;1037.91;845.022;1882.93;3072;54.5463
2.77;1037.91;839.23;1877.14;3072;53.9541
2.78;1037.91;846.862;1884.77;3072;51.3357
2.79;1037.91;841.034;1878.95;3072;53.2763
2.8;1037.91;850.373;1888.29;3072;54.4037
2.81;1037.91;847.311;1885.22;3072;56.6418
2.82;1037.91;836.213;1874.13;3072;55.4856
2.83;1037.91;846.989;1884.9;3072;54.2323
2.84;1037.91;849.783;1887.7;3072;50.5101
2.85;1037.91;845.777;1883.69;3072;49.5393
2.86;1037.91;843.997;1881.91;3072;54.4271
2.87;1037.91;836.12;1874.03;3072;54.7071
2.88;1037.91;843.186;1881.1;3072;51.3771
2.89;1037.91;840.699;1878.61;3072;50.3926
2.9;1037.91;844.218;1882.13;3072;51.9782
2.91;1037.91;847.389;1885.3;3072;50.1058
2.92;1037.91;835.63;1873.54;3072;50.741
2.93;1037.91;850.903;1888.81;3072;53.8639
2.94;1037.91;840.18;1878.09;3072;54.7147
2.95;1037.91;836.798;1874.71;3072;53.2224
2.96;1037.91;850.698;1888.61;3072;52.4145
2.97;1037.91;846.8;1884.71;3072;50.0568
2.98;1037.91;850.647;1888.56;3072;50.9225
2.99;1037.91;839.436;1877.35;3072;53.5611
3;1037.91;837.325;1875.24;3072;53.9786
3.01;1037.91;845.152;1883.06;3072;50.2154
3.02;1037.91;835.068;1872.98;3072;48.192
3.03;1037.91;849.213;1887.12;3072;50.763
3.04;1037.91;845.673;1883.58;3072;49.7801
3.05;1037.91;833.508;1871.42;3072;48.9624
3.06;1037.91;846.44;1884.35;3072;51.3218
3.07;1037.91;837.833;1875.74;3072;51.1578
3.08;1037.91;838.786;1876.7;3072;49.2068
3.09;1037.91;850.169;1888.08;3072;50.7339
3.1;1037.91;848.364;1886.28;3072;56.8222
3.11;1037.91;852.417;1890.33;3072;57.3038
3.12;1037.91;834.08;1871.99;3072;57.3138
3.13;1037.91;839.431;1877.34;3072;55.4481
3.14;1037.91;845.553;1883.47;3072;51.518
3.15;1037.91;834.35;1872.26;3072;49.1791
3.16;1037.91;850.549;1888.46;3072;52.3785
3.17;1037.91;841.521;1879.43;3072;51.8005
3.18;1037.91;841.261;1879.17;3072;49.2439
3.19;1037.91;840.337;1878.25;3072;49.1331
3.2;1037.91;838.781;1876.69;3072;48.4913
3.21;1037.91;846.444;1884.36;3072;46.6478
3.22;1037.91;846.345;1884.26;3072;51.1996
3.23;1037.91;850.852;1888.76;3072;57.9222
3.24;1037.91;845.317;1883.23;3072;57.3859
3.25;1037.91;831.703;1869.62;3072;53.8708
3.26;1037.91;843.216;1881.13;3072;51.8133
3.27;1037.91;849.517;1887.43;3072;48.8464
3.28;1037.91;838.704;1876.62;3072;47.1907
3.29;1037.91;846.69;1884.6;3072;50.8674
3.3;1037.91;838.31;1876.22;3072;51.0098
3.31;1037.91;846.698;1884.61;3072;48.4565
3.32;1037.91;833.675;1871.59;3072;47.1246
3.33;1037.91;841.266;1879.18;3072;46.5526
3.34;1037.91;847.901;1885.81;3072;45.0652
3.35;1037.91;838.835;1876.75;3072;50.1432
3.36;1037.91;848.047;1885.96;3072;55.2383
3.37;1037.91;835.907;1873.82;3072;54.0218
3.38;1037.91;834.739;1872.65;3072;50.2545
3.39;1037.91;850.213;1888.12;3072;49.2543
3.4;1037.91;843.395;1881.31;3072;52.1805
3.41;1037.91;844.547;1882.46;3072;50.3978
3.42;1037.91;840.065;1877.98;3072;53.1086
3.43;1037.91;841.487;1879.4;3072;52.7331
3.44;1037.91;846.438;1884.35;3072;49.7583
3.45;1037.91;830.359;1868.27;3072;46.7613
3.46;1037.91;846.037;1883.95;3072;47.0309
3.47;1037.91;846.328;1884.24;3072;46.1593
3.48;1037.91;831.437;1869.35;3072;47.5529
3.49;1037.91;840.681;1878.59;3072;48.7395
3.5;1037.91;838.467;1876.38;3072;47.6521
3.51;1037.91;849.632;1887.54;3072;45.0852
3.52;1037.91;848.656;1886.57;3072;47.2253
3.53;1037.91;846.214;1884.13;3072;51.8099
3.54;1037.91;848.421;1886.33;3072;51.0512
3.55;1037.91;833.159;1871.07;3072;50.3261
3.56;1037.91;849.987;1887.9;3072;51.5057
3.57;1037.91;842.796;1880.71;3072;51.3958
3.58;1037.91;842.246;1880.16;3072;48.7319
3.59;1037.91;847.55;1885.46;3072;50.531
3.6;1037.91;838.464;1876.38;3072;50.3918
3.61;1037.91;840.961;1878.87;3072;47.8173
3.62;1037.91;829.214;1867.13;3072;45.637
3.63;1037.91;845.558;1883.47;3072;44.9497
3.64;1037.91;853.282;1891.19;3072;45.4294
3.65;1037.91;840.771;1878.68;3072;48.6005
3.66;1037.91;846.838;1884.75;3072;53.2666
3.67;1037.91;839.788;1877.7;3072;52.5682
3.68;1037.91;835.088;1873;3072;49.8425
3.69;1037.91;846.729;1884.64;3072;53.6347
3.7;1037.91;837.421;1875.33;3072;53.6587
3.71;1037.91;848.593;1886.51;3072;51.3895
3.72;1037.91;843.231;1881.14;3072;53.2091
3.73;1037.91;838.286;1876.2;3072;53.6921
3.74;1037.91;841.172;1879.08;3072;50.7654
3.75;1037.91;831.09;1869;3072;47.2043
3.76;1037.91;848.543;1886.45;3072;47.0171
3.77;1037.91;848.611;1886.52;3072;48.2848
3.78;1037.91;835.273;1873.19;3072;48.3235
3.79;1037.91;843.87;1881.78;3072;52.2046
3.8;1037.91;836.213;1874.12;3072;51.5829
3.81;1037.91;842.569;1880.48;3072;48.7521
3.82;1037.91;843.21;1881.12;3072;51.3716
3.83;1037.91;839.06;1876.97;3072;52.7272
3.84;1037.91;851.005;1888.92;3072;51.4143
3.85;1037.91;840.157;1878.07;3072;53.6662
3.86;1037.91;842.783;1880.7;3072;55.1388
3.87;1037.91;845.559;1883.47;3072;52.9248
3.88;1037.91;838.147;1876.06;3072;48.7098
3.89;1037.91;847.947;1885.86;3072;50.5738
3.9;1037.91;836.613;1874.53;3072;52.9253
3.91;1037.91;830.039;1867.95;3072;49.6231
3.92;1037.91;838.124;1876.04;3072;50.1156
3.93;1037.91;841.575;1879.49;3072;50.55
3.94;1037.91;849.063;1886.98;3072;48.4388
3.95;1037.91;834.899;1872.81;3072;47.7418
3.96;1037.91;846.803;1884.72;3072;50.3678
3.97;1037.91;841.861;1879.77;3072;51.612
3.98;1037.91;833.793;1871.71;3072;52.8986
3.99;1037.91;846.592;1884.5;3072;54.247
4;1037.91;838.982;1876.89;3072;54.549
4.01;1037.91;848.759;1886.67;3072;51.1215
4.02;1037.91;838.836;1876.75;3072;56.3184
4.03;1037.91;832.631;1870.54;3072;54.4637
4.04;1037.91;838.803;1876.72;3072;50.3255
4.05;1037.91;829.795;1867.71;3072;48.3837
4.06;1037.91;848.579;1886.49;3072;49.7745
4.07;1037.91;843.974;1881.89;3072;50.8803
4.08;1037.91;830.611;1868.52;3072;48.3882
4.09;1037.91;845.262;1883.17;3072;51.1166
4.1;1037.91;834.876;1872.79;3072;52.2679
4.11;1037.91;834.382;1872.29;3072;51.8465
4.12;1037.91;843.418;1881.33;3072;53.7048
4.13;1037.91;845.151;1883.06;3072;55.9595
4.14;1037.91;848.664;1886.58;3072;55.2381
4.15;1037.91;832.562;1870.47;3072;57.9411
4.16;1037.91;835.54;1873.45;3072;55.5635
4.17;1037.91;841.469;1879.38;3072;51.7882
4.18;1037.91;834.287;1872.2;3072;48.6362
4.19;1037.91;847.214;1885.13;3072;51.6014
4.2;1037.91;836.467;1874.38;3072;51.8439
4.21;1037.91;835.946;1873.86;3072;48.9724
4.22;1037.91;841.588;1879.5;3072;52.0139
4.23;1037.91;836.936;1874.85;3072;51.9576
4.24;1037.91;843.877;1881.79;3072;49.6951
4.25;1037.91;835.991;1873.9;3072;49.6342
4.26;1037.91;847.748;1885.66;3072;54.8643
4.27;1037.91;838.394;1876.31;3072;56.9903
4.28;1037.91;831.131;1869.04;3072;56.0236
4.29;1037.91;845.669;1883.58;3072;53.941
4.3;1037.91;845.215;1883.13;3072;52.503
4.31;1037.91;842.825;1880.74;3072;49.8045
4.32;1037.91;837.119;1875.03;3072;54.341
4.33;1037.91;834.834;1872.75;3072;53.3497
4.34;1037.91;843.97;1881.88;3072;50.6314
4.35;1037.91;831.42;1869.33;3072;51.2079
4.36;1037.91;844.141;1882.05;3072;53.1333
4.37001;1037.91;842.239;1880.15;3072;52.0352
4.38001;1037.91;829.938;1867.85;3072;49.9319
4.39001;1037.91;837.979;1875.89;3072;54.9928
4.40001;1037.91;834.346;1872.26;3072;54.9714
4.41001;1037.91;844.762;1882.67;3072;51.9144
4.42001;1037.91;845.324;1883.24;3072;56.576
4.43001;1037.91;845.772;1883.68;3072;60.6115
4.44001;1037.91;839.701;1877.61;3072;58.8261
4.45001;1037.91;827.217;1865.13;3072;54.1114
4.46001;1037.91;845.217;1883.13;3072;53.3362
4.47001;1037.91;837.995;1875.91;3072;53.2025
4.48001;1037.91;837.815;1875.73;3072;50.4297
4.49001;1037.91;840.24;1878.15;3072;53.6866
4.50001;1037.91;835.062;1872.97;3072;54.6386
4.51001;1037.91;838.866;1876.78;3072;51.4814
4.52001;1037.91;824.275;1862.19;3072;49.0944
4.53001;1037.91;841.819;1879.73;3072;50.2119
4.54001;1037.91;843.912;1881.82;3072;51.3208
4.55001;1037.91;828.946;1866.86;3072;52.601
4.56001;1037.91;838.585;1876.5;3072;57.0933
4.57001;1037.91;833.348;1871.26;3072;55.2544
4.58001;1037.91;843.979;1881.89;3072;52.4294
4.59001;1037.91;838.99;1876.9;3072;55.6485
4.60001;1037.91;838.222;1876.13;3072;56.3426
4.61001;1037.91;845.336;1883.25;3072;53.6792
4.62001;1037.91;830.684;1868.6;3072;52.7494
4.63001;1037.91;844.222;1882.13;3072;54.5025
4.64001;1037.91;834.766;1872.68;3072;53.3986
4.65001;1037.91;843.373;1881.28;3072;48.9073
4.66001;1037.91;837.502;1875.41;3072;52.2066
4.67001;1037.91;829.013;1866.93;3072;52.503
4.68001;1037.91;834.642;1872.55;3072;48.9651
4.69001;1037.91;826.139;1864.05;3072;49.0065
4.70001;1037.91;844.977;1882.89;3072;52.7523
4.71001;1037.91;842.972;1880.88;3072;53.4858
4.72001;1037.91;828.579;1866.49;3072;51.6408
4.73001;1037.91;841.511;1879.42;3072;53.2777
4.74001;1037.91;831.744;1869.66;3072;53.0848
4.75001;1037.91;837.126;1875.04;3072;50.5261
4.76001;1037.91;834.86;1872.77;3072;51.4996
4.77001;1037.91;844.813;1882.72;3072;53.9478
4.78001;1037.91;838.774;1876.69;3072;54.7246
4.79001;1037.91;828.007;1865.92;3072;52.1819
4.80001;1037.91;840.824;1878.74;3072;51.028
4.81002;1037.91;842.539;1880.45;3072;48.5877
4.82002;1037.91;839.572;1877.48;3072;45.8413
4.83002;1037.91;834.05;1871.96;3072;48.1772
4.84002;1037.91;832.002;1869.91;3072;48.8419
4.85002;1037.91;840.621;1878.53;3072;46.9412
4.86002;1037.91;826.528;1864.44;3072;47.9212
4.87002;1037.91;841.61;1879.52;3072;49.4889
4.88002;1037.91;838.23;1876.14;3072;49.4324
4.89002;1037.91;830.665;1868.58;3072;47.5241
4.90002;1037.91;830.861;1868.77;3072;52.093
4.91002;1037.91;832.407;1870.32;3072;50.3969
4.92002;1037.91;843.778;1881.69;3072;48.978
4.93002;1037.91;838.188;1876.1;3072;54.9716
4.94002;1037.91;841.292;1879.2;3072;60.8671
4.95002;1037.91;830.818;1868.73;3072;58.3519
4.96002;1037.91;826.882;1864.79;3072;53.7616
4.97002;1037.91;840.765;1878.68;3072;54.0931
4.98002;1037.91;830.291;1868.2;3072;54.4385
4.99002;1037.91;838.518;1876.43;3072;51.3502
5.00002;1037.91;833.685;1871.6;3072;53.2405
5.01002;1037.91;835.538;1873.45;3072;55.1109
5.02002;1037.91;837.933;1875.84;3072;52.1481
5.03002;1037.91;829.52;1867.43;3072;48.6966
5.04002;1037.91;840.86;1878.77;3072;52.159
5.05002;1037.91;832.388;1870.3;3072;53.0515
5.06002;1037.91;823.269;1861.18;3072;51.3613
5.07002;1037.91;830.396;1868.31;3072;53.6907
5.08002;1037.91;835.601;1873.51;3072;53.3848
5.09002;1037.91;843.303;1881.21;3072;52.4294
5.10002;1037.91;828.074;1865.99;3072;53.1825
5.11002;1037.91;840.475;1878.39;3072;55.2436
5.12002;1037.91;829.893;1867.81;3072;54.677
5.13002;1037.91;827.018;1864.93;3072;52.5263
5.14002;1037.91;835.912;1873.82;3072;53.9213
5.15002;1037.91;837.822;1875.73;3072;54.9767
5.16002;1037.91;843.034;1880.95;3072;57.0447
5.17002;1037.91;826.68;1864.59;3072;55.1775
5.18002;1037.91;830.226;1868.14;3072;53.074
5.19002;1037.91;838;1875.91;3072;49.6069
5.20002;1037.91;833.204;1871.12;3072;46.6405
5.21002;1037.91;834.764;1872.68;3072;50.2209
5.22002;1037.91;828.46;1866.37;3072;50.5945
5.23002;1037.91;838.58;1876.49;3072;48.4122
5.24003;1037.91;823.088;1861;3072;48.607
5.25003;1037.91;838.955;1876.87;3072;49.9246
5.26003;1037.91;833.227;1871.14;3072;50.7887
5.27003;1037.91;832.052;1869.96;3072;48.3604
5.28003;1037.91;821.116;1859.03;3072;49.9412
5.29003;1037.91;834.176;1872.09;3072;49.5106
5.30003;1037.91;842.32;1880.23;3072;50.0377
5.31003;1037.91;829.527;1867.44;3072;55.077
5.32003;1037.91;836.135;1874.05;3072;59.3456
5.33003;1037.91;825.511;1863.42;3072;57.338
5.34003;1037.91;833.97;1871.88;3072;53.325
5.35003;1037.91;832.43;1870.34;3072;54.6496
5.36003;1037.91;831.394;1869.31;3072;55.4428
5.37003;1037.91;839.424;1877.34;3072;55.5358
5.38003;1037.91;826.445;1864.36;3072;54.9275
5.39003;1037.91;838.506;1876.42;3072;56.2015
5.40003;1037.91;830.201;1868.11;3072;53.8312
5.41003;1037.91;838.35;1876.26;3072;49.2273
5.42003;1037.91;830.434;1868.35;3072;51.9793
5.43003;1037.91;824.002;1861.91;3072;52.1748
5.44003;1037.91;830.292;1868.2;3072;48.7409
5.45003;1037.91;820.545;1858.46;3072;47.7938
5.46003;1037.91;840.17;1878.08;3072;52.3896
5.47003;1037.91;828.795;1866.71;3072;52.5379
5.48003;1037.91;826.875;1864.79;3072;49.4
5.49003;1037.91;832.517;1870.43;3072;52.2379
5.50003;1037.91;828.334;1866.25;3072;51.7722
5.51003;1037.91;835.006;1872.92;3072;49.6821
5.52003;1037.91;825.132;1863.04;3072;50.068
5.53003;1037.91;837.056;1874.97;3072;55.1993
5.54003;1037.91;824.209;1862.12;3072;53.7184
5.55003;1037.91;825.513;1863.43;3072;50.3479
5.56003;1037.91;838.513;1876.43;3072;50.5929
5.57003;1037.91;831.075;1868.99;3072;50.9549
5.58003;1037.91;836.688;1874.6;3072;50.9357
5.59003;1037.91;820.876;1858.79;3072;48.8922
5.60003;1037.91;836.455;1874.37;3072;50.3149
5.61003;1037.91;829.961;1867.87;3072;49.7346
5.62003;1037.91;832.194;1870.11;3072;48.4247
5.63003;1037.91;833.754;1871.67;3072;50.5618
5.64003;1037.91;826.805;1864.72;3072;52.6013
5.65003;1037.91;829.748;1867.66;3072;49.5834
5.66003;1037.91;818.527;1856.44;3072;47.5382
5.67003;1037.91;837.573;1875.49;3072;51.6338
5.68004;1037.91;829.938;1867.85;3072;54.1359
5.69004;1037.91;819.965;1857.88;3072;52.993
5.70004;1037.91;828.627;1866.54;3072;55.0688
5.71004;1037.91;829.831;1867.74;3072;55.6089
5.72004;1037.91;836.472;1874.38;3072;54.4242
5.73004;1037.91;820.025;1857.94;3072;52.4724
5.74004;1037.91;836.164;1874.08;3072;54.7803
5.75004;1037.91;823.395;1861.31;3072;54.1864
5.76004;1037.91;823.549;1861.46;3072;51.07
5.77004;1037.91;832.968;1870.88;3072;52.8376
5.78004;1037.91;835.931;1873.84;3072;55.1707
5.79004;1037.91;834.167;1872.08;3072;56.6617
5.80004;1037.91;817.882;1855.79;3072;53.3238
5.81004;1037.91;831.077;1868.99;3072;51.4039
5.82004;1037.91;833.428;1871.34;3072;48.8348
5.83004;1037.91;830.126;1868.04;3072;47.4793
5.84004;1037.91;826.321;1864.23;3072;49.611
5.85004;1037.91;827.976;1865.89;3072;50.4292
5.86004;1037.91;834.242;1872.15;3072;48.62
5.87004;1037.91;816.449;1854.36;3072;45.8709
5.88004;1037.91;833.58;1871.49;3072;47.0729
5.89004;1037.91;830.073;1867.99;3072;47.4228
5.90004;1037.91;823.311;1861.22;3072;45.8287
5.91004;1037.91;819.734;1857.65;3072;44.0196
5.92004;1037.91;829.463;1867.38;3072;44.2573
5.93004;1037.91;839.035;1876.95;3072;45.8131
5.94004;1037.91;828.42;1866.33;3072;52.0521
5.95004;1037.91;833.871;1871.78;3072;55.3023
5.96004;1037.91;824.075;1861.99;3072;54.7246
5.97004;1037.91;826.668;1864.58;3072;51.5657
5.98004;1037.91;828.127;1866.04;3072;52.9953
5.99004;1037.91;828.305;1866.22;3072;53.786
6.00004;1037.91;837.663;1875.57;3072;55.7611
6.01004;1037.91;822.64;1860.55;3072;55.0066
6.02004;1037.91;833.814;1871.73;3072;55.6909
6.03004;1037.91;828.871;1866.78;3072;52.7178
6.04004;1037.91;833.854;1871.77;3072;52.5365
6.05004;1037.91;824.187;1862.1;3072;53.5203
6.06004;1037.91;820.764;1858.68;3072;53.2368
6.07004;1037.91;827.809;1865.72;3072;49.9438
6.08004;1037.91;817.547;1855.46;3072;47.9285
6.09004;1037.91;833.804;1871.72;3072;52.6379
6.10004;1037.91;822.767;1860.68;3072;52.2011
6.11004;1037.91;830.28;1868.19;3072;49.5252
6.12005;1037.91;819.582;1857.49;3072;47.8563
6.13005;1037.91;825.583;1863.49;3072;47.4924
6.14005;1037.91;830.919;1868.83;3072;45.9662
6.15005;1037.91;818.527;1856.44;3072;48.4606
6.16005;1037.91;829.014;1866.93;3072;50.6127
6.17005;1037.91;820.371;1858.28;3072;49.3877
6.18005;1037.91;833.287;1871.2;3072;46.8808
6.19005;1037.91;830.515;1868.43;3072;49.7014
6.20005;1037.91;829.494;1867.41;3072;51.9833
6.21005;1037.91;830.311;1868.22;3072;51.6024
6.22005;1037.91;817.621;1855.53;3072;49.1698
6.23005;1037.91;831.069;1868.98;3072;51.2329
6.24005;1037.91;821.556;1859.47;3072;51.4127
6.25005;1037.91;835.179;1873.09;3072;52.8361
6.26005;1037.91;825.075;1862.99;3072;53.6724
6.27005;1037.91;824.281;1862.19;3072;54.5491
6.28005;1037.91;828.877;1866.79;3072;50.6405
6.29005;1037.91;824.326;1862.24;3072;47.9185
6.30005;1037.91;829.451;1867.36;3072;52.7666
6.31005;1037.91;819.421;1857.33;3072;54.4388
6.32005;1037.91;824.771;1862.68;3072;51.6576
6.33005;1037.91;822.894;1860.81;3072;52.5903
6.34005;1037.91;829.699;1867.61;3072;55.2096
6.35005;1037.91;827.622;1865.53;3072;53.7322
6.36005;1037.91;815.987;1853.9;3072;50.6726
6.37005;1037.91;826.376;1864.29;3072;54.0678
6.38005;1037.91;820.024;1857.94;3072;52.6712
6.39005;1037.91;829.48;1867.39;3072;49.8172
6.40005;1037.91;826.121;1864.03;3072;53.5118
6.41005;1037.91;831.406;1869.32;3072;59.5928
6.42005;1037.91;818.248;1856.16;3072;57.7498
6.43005;1037.91;818.411;1856.32;3072;52.8813
6.44005;1037.91;829.33;1867.24;3072;53.3938
6.45005;1037.91;820.128;1858.04;3072;53.6782
6.46005;1037.91;829.268;1867.18;3072;51.9429
6.47005;1037.91;817.436;1855.35;3072;50.4337
6.48005;1037.91;831.481;1869.39;3072;52.6123
6.49005;1037.91;821.178;1859.09;3072;51.9903
6.50005;1037.91;828.799;1866.71;3072;51.309
6.51005;1037.91;824.731;1862.64;3072;52.8001
6.52005;1037.91;817.422;1855.33;3072;53.7717
6.53005;1037.91;822.042;1859.95;3072;49.9021
6.54005;1037.91;813.269;1851.18;3072;47.6533
6.55006;1037.91;831.745;1869.66;3072;52.4371
6.56006;1037.91;819.734;1857.65;3072;53.4474
6.57006;1037.91;819.768;1857.68;3072;51.2169
6.58006;1037.91;823.715;1861.63;3072;53.0937
6.59006;1037.91;823.618;1861.53;3072;54.313
6.60006;1037.91;825.988;1863.9;3072;52.0509
6.61006;1037.91;813.418;1851.33;3072;49.724
6.62006;1037.91;826.369;1864.28;3072;54.4423
6.63006;1037.91;817.384;1855.3;3072;53.3412
6.64006;1037.91;825.346;1863.26;3072;50.408
6.65006;1037.91;828.36;1866.27;3072;54.0578
6.66006;1037.91;830.09;1868;3072;58.5248
6.67006;1037.91;821.954;1859.87;3072;57.3565
6.68006;1037.91;812.442;1850.35;3072;52.6697
6.69006;1037.91;828.075;1865.99;3072;52.9144
6.70006;1037.91;817.398;1855.31;3072;53.7032
6.71006;1037.91;827.529;1865.44;3072;52.276
6.72006;1037.91;817.151;1855.06;3072;50.9045
6.73006;1037.91;828.839;1866.75;3072;54.0233
6.74006;1037.91;820.449;1858.36;3072;52.5377
6.75006;1037.91;827.15;1865.06;3072;48.3517
6.76006;1037.91;821.269;1859.18;3072;51.0872
6.77006;1037.91;814.357;1852.27;3072;51.4894
6.78006;1037.91;820.162;1858.07;3072;48.0284
6.79006;1037.91;811.518;1849.43;3072;46.2222
6.80006;1037.91;828.62;1866.53;3072;50.9201
6.81006;1037.91;816.012;1853.92;3072;52.0676
6.82006;1037.91;826.138;1864.05;3072;49.4868
6.83006;1037.91;817.337;1855.25;3072;51.366
6.84006;1037.91;823.702;1861.61;3072;51.7552
6.85006;1037.91;823.765;1861.68;3072;50.5134
6.86006;1037.91;812.887;1850.8;3072;48.7176
6.87006;1037.91;817.305;1855.22;3072;52.6405
6.88006;1037.91;818.839;1856.75;3072;51.4131
6.89006;1037.91;830.626;1868.54;3072;50.3965
6.90006;1037.91;821.728;1859.64;3072;55.0786
6.91006;1037.91;826.002;1863.91;3072;59.9022
6.92006;1037.91;814.682;1852.59;3072;58.0987
6.93006;1037.91;820.417;1858.33;3072;53.9986
6.94006;1037.91;821.52;1859.43;3072;54.9335
6.95006;1037.91;818.222;1856.13;3072;55.3237
6.96006;1037.91;829.512;1867.42;3072;55.6956
6.97006;1037.91;814.907;1852.82;3072;54.2394
6.98006;1037.91;827.332;1865.24;3072;55.739
6.99007;1037.91;818.168;1856.08;3072;54.1034
7.00007;1037.91;828.029;1865.94;3072;49.685
7.01007;1037.91;816.503;1854.42;3072;51.6168
7.02007;1037.91;813.947;1851.86;3072;50.8998
7.03007;1037.91;820.092;1858;3072;47.4491
7.04007;1037.91;811.176;1849.09;3072;45.8439
7.05007;1037.91;825.099;1863.01;3072;50.1374
7.06007;1037.91;814.65;1852.56;3072;50.7093
7.07007;1037.91;825.99;1863.9;3072;48.0365
7.08007;1037.91;811.396;1849.31;3072;49.7359
7.09007;1037.91;821.153;1859.07;3072;49.4929
7.10007;1037.91;822.879;1860.79;3072;48.7958
7.11007;1037.91;809.999;1847.91;3072;47.4687
7.12007;1037.91;815.301;1853.21;3072;52.3852
7.13007;1037.91;818.159;1856.07;3072;50.7562
7.14007;1037.91;829.823;1867.74;3072;50.5702
7.15007;1037.91;819.371;1857.28;3072;55.4981
7.16007;1037.91;824.992;1862.9;3072;59.0807
7.17007;1037.91;815.037;1852.95;3072;57.7088
7.18007;1037.91;819.061;1856.97;3072;53.9401
7.19007;1037.91;818.104;1856.02;3072;55.3749
7.20007;1037.91;820.599;1858.51;3072;55.1536
7.21007;1037.91;826.316;1864.23;3072;56.2845
7.22007;1037.91;812.468;1850.38;3072;54.0976
7.23007;1037.91;825.405;1863.32;3072;54.9433
7.24007;1037.91;817.684;1855.6;3072;53.6391
7.25007;1037.91;826.83;1864.74;3072;49.965
7.26007;1037.91;811.429;1849.34;3072;48.929
7.27007;1037.91;813.887;1851.8;3072;48.5882
7.28007;1037.91;820.283;1858.2;3072;46.3295
7.29007;1037.91;809.086;1847;3072;45.5544
7.30007;1037.91;822.24;1860.15;3072;49.8427
7.31007;1037.91;813.439;1851.35;3072;50.3422
7.32007;1037.91;823.814;1861.73;3072;48.3732
7.33007;1037.91;806.736;1844.65;3072;48.3273
7.34007;1037.91;819.651;1857.56;3072;48.6937
7.35007;1037.91;821.378;1859.29;3072;48.7022
7.36007;1037.91;807.157;1845.07;3072;47.5148
7.37007;1037.91;813.919;1851.83;3072;51.9536
7.38007;1037.91;817.064;1854.98;3072;50.4814
7.39007;1037.91;828.078;1865.99;3072;51.6449
7.40007;1037.91;814.84;1852.75;3072;53.6857
7.41007;1037.91;823.704;1861.62;3072;56.1918
7.42007;1037.91;812.764;1850.68;3072;54.7203
7.43008;1037.91;817.499;1855.41;3072;52.0081
7.44008;1037.91;815.717;1853.63;3072;51.9208
7.45008;1037.91;823.316;1861.23;3072;53.3872
7.46008;1037.91;819.495;1857.41;3072;55.4249
7.47008;1037.91;810.799;1848.71;3072;53.0644
7.48008;1037.91;823.783;1861.7;3072;53.1614
7.49008;1037.91;817.812;1855.72;3072;53.0254
7.50008;1037.91;825.872;1863.78;3072;50.8135
7.51008;1037.91;805.925;1843.84;3072;48.1329
7.52008;1037.91;816.38;1854.29;3072;48.1345
7.53008;1037.91;820.845;1858.76;3072;47.4734
7.54008;1037.91;813.066;1850.98;3072;45.723
7.55008;1037.91;816.261;1854.17;3072;47.7491
7.56008;1037.91;815.987;1853.9;3072;49.6724
7.57008;1037.91;819.651;1857.56;3072;47.9922
7.58008;1037.91;807.497;1845.41;3072;45.2275
7.59008;1037.91;821.898;1859.81;3072;48.2054
7.60008;1037.91;811.079;1848.99;3072;50.3807
7.61008;1037.91;810.54;1848.45;3072;47.7403
7.62008;1037.91;804.819;1842.73;3072;46.9867
7.63008;1037.91;824.23;1862.14;3072;50.7175
7.64008;1037.91;819.532;1857.44;3072;52.422
7.65008;1037.91;807.876;1845.79;3072;50.785
7.66008;1037.91;819.257;1857.17;3072;53.025
7.67008;1037.91;813.259;1851.17;3072;52.7266
7.68008;1037.91;820.414;1858.33;3072;50.8356
7.69008;1037.91;807.512;1845.42;3072;48.775
7.70008;1037.91;822.27;1860.18;3072;53.5223
7.71008;1037.91;809.458;1847.37;3072;55.8379
7.72008;1037.91;813.59;1851.5;3072;52.599
7.73008;1037.91;821.775;1859.69;3072;55.0331
7.74008;1037.91;820.354;1858.27;3072;59.3021
7.75008;1037.91;819.391;1857.3;3072;57.4105
7.76008;1037.91;803.991;1841.9;3072;52.682
7.77008;1037.91;822.046;1859.96;3072;52.977
7.78008;1037.91;809.872;1847.78;3072;54.0104
7.79008;1037.91;819.045;1856.96;3072;51.179
7.80008;1037.91;811.658;1849.57;3072;49.9905
7.81008;1037.91;820.499;1858.41;3072;53.3551
7.82008;1037.91;815.519;1853.43;3072;51.8604
7.83008;1037.91;818.44;1856.35;3072;47.6417
7.84008;1037.91;814.515;1852.43;3072;51.7253
7.85008;1037.91;806.748;1844.66;3072;51.6862
7.86009;1037.91;813.278;1851.19;3072;48.3272
7.87009;1037.91;803.102;1841.01;3072;45.9657
7.88009;1037.91;821.427;1859.34;3072;48.5259
7.89009;1037.91;809.331;1847.24;3072;49.0683
7.90009;1037.91;818.01;1855.92;3072;46.7085
7.91009;1037.91;809.778;1847.69;3072;48.0997
7.92009;1037.91;815.974;1853.89;3072;48.3689
7.93009;1037.91;816.783;1854.7;3072;48.5229
7.94009;1037.91;805.812;1843.72;3072;46.5115
7.95009;1037.91;807.189;1845.1;3072;48.6574
7.96009;1037.91;813.788;1851.7;3072;48.6602
7.97009;1037.91;823.647;1861.56;3072;49.8576
7.98009;1037.91;809.439;1847.35;3072;52.2709
7.99009;1037.91;816.04;1853.95;3072;55.4849
8.00009;1037.91;809.113;1847.03;3072;55.1124
8.01009;1037.91;819.413;1857.33;3072;53.8345
8.02009;1037.91;804.75;1842.66;3072;51.8086
8.03009;1037.91;820.374;1858.29;3072;53.8959
8.04009;1037.91;807.604;1845.52;3072;55.2321
8.05009;1037.91;806.295;1844.21;3072;53.3279
8.06009;1037.91;815.944;1853.86;3072;54.1968
8.07009;1037.91;818.889;1856.8;3072;57.7667
8.08009;1037.91;816.046;1853.96;3072;58.8265
8.09009;1037.91;801.483;1839.4;3072;56.124
8.10009;1037.91;817.013;1854.93;3072;54.7157
8.11009;1037.91;812.761;1850.67;3072;54.4041
8.12009;1037.91;814.876;1852.79;3072;51.5257
8.13009;1037.91;806.021;1843.93;3072;53.6227
8.14009;1037.91;815.746;1853.66;3072;55.1234
8.15009;1037.91;815.274;1853.19;3072;54.445
8.16009;1037.91;810.052;1847.96;3072;50.5095
8.17009;1037.91;815.774;1853.69;3072;50.9078
8.18009;1037.91;806.804;1844.72;3072;52.7412
8.19009;1037.91;810.786;1848.7;3072;49.4233
8.20009;1037.91;798.377;1836.29;3072;46.2112
8.21009;1037.91;820.292;1858.2;3072;47.2073
8.22009;1037.91;810.054;1847.97;3072;50.4036
8.23009;1037.91;803.882;1841.79;3072;48.2905
8.24009;1037.91;812.47;1850.38;3072;49.8026
8.25009;1037.91;813.148;1851.06;3072;51.0173
8.26009;1037.91;814.463;1852.38;3072;49.4478
8.27009;1037.91;801.325;1839.24;3072;46.9558
8.28009;1037.91;813.431;1851.34;3072;49.6934
8.29009;1037.91;805.284;1843.2;3072;50.6743
8.30009;1037.91;813.96;1851.87;3072;48.7714
8.31009;1037.91;810.302;1848.21;3072;50.0232
8.3201;1037.91;816.914;1854.83;3072;56.9079
8.3301;1037.91;802.741;1840.65;3072;56.5467
8.3401;1037.91;810.564;1848.48;3072;51.8142
8.3501;1037.91;813;1850.91;3072;53.4969
8.3601;1037.91;809.412;1847.32;3072;54.9668
8.3701;1037.91;815.994;1853.91;3072;53.1254
8.3801;1037.91;802.02;1839.93;3072;50.5809
8.3901;1037.91;812.795;1850.71;3072;50.6759
8.4001;1037.91;807.954;1845.87;3072;52.5854
8.4101;1037.91;820.676;1858.59;3072;53.6109
8.4201;1037.91;803.45;1841.36;3072;53.6508
8.4301;1037.91;813.165;1851.08;3072;53.3777
8.4401;1037.91;813.935;1851.85;3072;53.852
8.4501;1037.91;814.284;1852.2;3072;51.2461
8.4601;1037.91;802.631;1840.54;3072;53.9931
8.4701;1037.91;808.122;1846.03;3072;53.6956
8.4801;1037.91;814.737;1852.65;3072;53.1091
8.4901;1037.91;801.768;1839.68;3072;50.3166
8.5001;1037.91;810.952;1848.86;3072;52.1961
8.5101;1037.91;806.1;1844.01;3072;52.7518
8.5201;1037.91;810.172;1848.08;3072;50.8852
8.5301;1037.91;799.165;1837.08;3072;46.8209
8.5401;1037.91;813.995;1851.91;3072;48.9294
8.5501;1037.91;802.021;1839.93;3072;51.1282
8.5601;1037.91;803.216;1841.13;3072;47.8866
8.5701;1037.91;798.501;1836.41;3072;46.0929
8.5801;1037.91;816.259;1854.17;3072;47.3919
8.5901;1037.91;808.023;1845.94;3072;48.8236
8.6001;1037.91;802.304;1840.22;3072;46.4857
8.6101;1037.91;809.026;1846.94;3072;48.4255
8.6201;1037.91;806.819;1844.73;3072;48.8987
8.6301;1037.91;810.116;1848.03;3072;47.5302
8.6401;1037.91;798.009;1835.92;3072;45.6658
8.6501;1037.91;806.703;1844.62;3072;48.3523
8.6601;1037.91;804.081;1841.99;3072;48.3869
8.6701;1037.91;816.57;1854.48;3072;46.3321
8.6801;1037.91;807.62;1845.53;3072;48.7224
8.6901;1037.91;812.445;1850.36;3072;54.0531
8.7001;1037.91;800.474;1838.39;3072;53.798
8.7101;1037.91;811.345;1849.26;3072;50.4122
8.7201;1037.91;802.444;1840.36;3072;51.5776
8.7301;1037.91;811.288;1849.2;3072;53.7543
8.7401;1037.91;804.209;1842.12;3072;55.2904
8.7501;1037.91;799.469;1837.38;3072;52.7166
8.76011;1037.91;809.489;1847.4;3072;54.0153
8.77011;1037.91;812.403;1850.32;3072;58.6642
8.78011;1037.91;809.938;1847.85;3072;59.6238
8.79011;1037.91;795.283;1833.19;3072;55.3886
8.80011;1037.91;811.516;1849.43;3072;53.2639
8.81011;1037.91;804.54;1842.45;3072;55.6948
8.82011;1037.91;809.348;1847.26;3072;53.2468
8.83011;1037.91;797.868;1835.78;3072;52.1667
8.84011;1037.91;813.322;1851.23;3072;53.2098
8.85011;1037.91;802.293;1840.21;3072;53.455
8.86011;1037.91;810.95;1848.86;3072;51.391
8.87011;1037.91;805.592;1843.5;3072;52.4812
8.88011;1037.91;803.145;1841.06;3072;53.3451
8.89011;1037.91;807.853;1845.77;3072;51.7264
8.90011;1037.91;807.326;1845.24;3072;48.1574
8.91011;1037.91;805.157;1843.07;3072;52.1957
8.92011;1037.91;798.598;1836.51;3072;53.439
8.93011;1037.91;807.371;1845.28;3072;50.6199
8.94011;1037.91;794.72;1832.63;3072;48.078
8.95011;1037.91;810.516;1848.43;3072;52.5214
8.96011;1037.91;799.722;1837.63;3072;52.491
8.97011;1037.91;808.771;1846.68;3072;49.6794
8.98011;1037.91;789.531;1827.44;3072;46.4066
8.99011;1037.91;807.704;1845.62;3072;46.8349
9.00011;1037.91;803.954;1841.87;3072;47.7008
9.01011;1037.91;794.521;1832.43;3072;47.699
9.02011;1037.91;794.753;1832.66;3072;45.5667
9.03011;1037.91;809.481;1847.39;3072;46.3834
9.04011;1037.91;810.605;1848.52;3072;47.8603
9.05011;1037.91;796.416;1834.33;3072;47.9652
9.06011;1037.91;806.98;1844.89;3072;49.2317
9.07011;1037.91;801.467;1839.38;3072;50.2946
9.08011;1037.91;807.692;1845.6;3072;48.7948
9.09011;1037.91;794.347;1832.26;3072;47.3481
9.10011;1037.91;806.145;1844.06;3072;49.3344
9.11011;1037.91;798.032;1835.94;3072;49.2552
9.12011;1037.91;810.399;1848.31;3072;47.0957
9.13011;1037.91;803.89;1841.8;3072;50.7087
9.14011;1037.91;808.018;1845.93;3072;56.9786
9.15011;1037.91;795.409;1833.32;3072;55.494
9.16011;1037.91;807.492;1845.4;3072;52.1347
9.17011;1037.91;799.933;1837.84;3072;52.2894
9.18011;1037.91;806.808;1844.72;3072;53.3774
9.19011;1037.91;798.291;1836.2;3072;54.0231
9.20012;1037.91;795.941;1833.85;3072;51.4118
9.21012;1037.91;802.39;1840.3;3072;52.0599
9.22012;1037.91;811.173;1849.09;3072;55.3744
9.23012;1037.91;797.948;1835.86;3072;55.954
9.24012;1037.91;795.079;1832.99;3072;51.9414
9.25012;1037.91;807.768;1845.68;3072;50.8007
9.26012;1037.91;803.037;1840.95;3072;52.2549
9.27012;1037.91;807.715;1845.63;3072;51.9678
9.28012;1037.91;792.091;1830;3072;48.521
9.29012;1037.91;805.013;1842.93;3072;50.727
9.30012;1037.91;797.174;1835.09;3072;51.6004
9.31012;1037.91;811.836;1849.75;3072;52.7766
9.32012;1037.91;795.78;1833.69;3072;51.6116
9.33012;1037.91;807.834;1845.75;3072;53.1804
9.34012;1037.91;799.18;1837.09;3072;52.0216
9.35012;1037.91;810.36;1848.27;3072;53.5613
9.36012;1037.91;790.653;1828.56;3072;51.3224
9.37012;1037.91;799.865;1837.78;3072;50.4155
9.38012;1037.91;803.239;1841.15;3072;48.6407
9.39012;1037.91;801.855;1839.77;3072;47.656
9.40012;1037.91;795.541;1833.45;3072;47.3503
9.41012;1037.91;805.572;1843.48;3072;49.7081
9.42012;1037.91;800.305;1838.22;3072;49.2953
9.43012;1037.91;804.389;1842.3;3072;46.0545
9.44012;1037.91;801.636;1839.55;3072;48.1918
9.45012;1037.91;796.815;1834.73;3072;50.3577
9.46012;1037.91;800.717;1838.63;3072;47.2904
9.47012;1037.91;798.69;1836.6;3072;43.8848
9.48012;1037.91;801.01;1838.92;3072;47.4393
9.49012;1037.91;794.414;1832.33;3072;48.9855
9.50012;1037.91;803.954;1841.87;3072;47.3047
9.51012;1037.91;790.097;1828.01;3072;46.8122
9.52012;1037.91;805.826;1843.74;3072;50.0696
9.53012;1037.91;795.435;1833.35;3072;51.1607
9.54012;1037.91;803.563;1841.48;3072;48.8722
9.55012;1037.91;784.286;1822.2;3072;46.5732
9.56012;1037.91;803.969;1841.88;3072;48.2426
9.57012;1037.91;797.655;1835.57;3072;50.154
9.58012;1037.91;791.915;1829.83;3072;47.8716
9.59012;1037.91;789.52;1827.43;3072;48.002
9.60012;1037.91;806.74;1844.65;3072;48.0746
9.61012;1037.91;799.74;1837.65;3072;49.8182
9.62012;1037.91;793.568;1831.48;3072;48.0299
9.63013;1037.91;799.284;1837.2;3072;49.828
9.64013;1037.91;800.415;1838.33;3072;50.2343
9.65013;1037.91;801.255;1839.17;3072;49.7602
9.66013;1037.91;791.34;1829.25;3072;47.2819
9.67013;1037.91;791.848;1829.76;3072;48.9191
9.68013;1037.91;799.151;1837.06;3072;48.8463
9.69013;1037.91;808.339;1846.25;3072;50.2887
9.70013;1037.91;793.004;1830.92;3072;50.7061
9.71013;1037.91;800.157;1838.07;3072;54.2604
9.72013;1037.91;796.834;1834.75;3072;53.7537
9.73013;1037.91;805.287;1843.2;3072;53.0501
9.74013;1037.91;788.442;1826.35;3072;49.6235
9.75013;1037.91;803.383;1841.3;3072;52.0797
9.76013;1037.91;792.538;1830.45;3072;52.8929
9.77013;1037.91;802.06;1839.97;3072;50.194
9.78013;1037.91;792.7;1830.61;3072;48.6721
9.79013;1037.91;803.45;1841.36;3072;54.8366
9.80013;1037.91;790.963;1828.88;3072;54.8756
9.81013;1037.91;804.258;1842.17;3072;50.9223
9.82013;1037.91;800.937;1838.85;3072;54.0391
9.83013;1037.91;804.258;1842.17;3072;56.77
9.84013;1037.91;794.649;1832.56;3072;55.9984
9.85013;1037.91;796.795;1834.71;3072;52.0852
9.86013;1037.91;794.154;1832.07;3072;50.426
9.87013;1037.91;804.807;1842.72;3072;52.6702
9.88013;1037.91;793.548;1831.46;3072;55.2952
9.89013;1037.91;791.254;1829.17;3072;53.3223
9.90013;1037.91;800.945;1838.86;3072;54.0638
9.91013;1037.91;803.865;1841.78;3072;60.1711
9.92013;1037.91;796.031;1833.94;3072;59.8977
9.93013;1037.91;788.096;1826.01;3072;55.1741
9.94013;1037.91;801.094;1839.01;3072;55.6614
9.95013;1037.91;792.306;1830.22;3072;56.1727
9.96013;1037.91;801.996;1839.91;3072;53.6754
9.97013;1037.91;788.117;1826.03;3072;51.5345
9.98013;1037.91;800.819;1838.73;3072;51.9204
9.99013;1037.91;793.34;1831.25;3072;52.9858
10.0001;1037.91;807.455;1845.37;3072;54.0973
10.0101;1037.91;789.434;1827.35;3072;53.3191
10.0201;1037.91;801.108;1839.02;3072;52.3608
10.0301;1037.91;798.33;1836.24;3072;53.9218
10.0401;1037.91;802.423;1840.33;3072;51.8828
10.0501;1037.91;785.97;1823.88;3072;52.2562
10.0601;1037.91;799.183;1837.1;3072;51.8443
10.0701;1037.91;794.262;1832.17;3072;53.0648
10.0801;1037.91;798.265;1836.18;3072;50.2197
10.0901;1037.91;794.076;1831.99;3072;51.5751
10.1001;1037.91;800.256;1838.17;3072;54.2527
10.1101;1037.91;796.261;1834.17;3072;54.3737
10.1201;1037.91;801.158;1839.07;3072;51.2482
10.1301;1037.91;792.719;1830.63;3072;53.5608
10.1401;1037.91;790.001;1827.91;3072;53.6484
10.1501;1037.91;795.876;1833.79;3072;50.9529
10.1601;1037.91;791.353;1829.26;3072;47.4472
10.1701;1037.91;795.006;1832.92;3072;50.909
10.1801;1037.91;793.149;1831.06;3072;51.3557
10.1901;1037.91;801.697;1839.61;3072;50.9691
10.2001;1037.91;785.701;1823.61;3072;47.6445
10.2101;1037.91;800.869;1838.78;3072;48.7832
10.2201;1037.91;791.458;1829.37;3072;50.4611
10.2301;1037.91;795.033;1832.94;3072;47.7398
10.2401;1037.91;783.778;1821.69;3072;44.0674
10.2501;1037.91;801.924;1839.84;3072;48.7549
10.2601;1037.91;788.824;1826.74;3072;51.8454
10.2701;1037.91;792.643;1830.56;3072;49.9892
10.2801;1037.91;787.428;1825.34;3072;47.4973
10.2901;1037.91;802.426;1840.34;3072;50.871
10.3001;1037.91;790.664;1828.58;3072;51.3294
10.3101;1037.91;798.647;1836.56;3072;48.396
10.3201;1037.91;784.783;1822.69;3072;46.0424
10.3301;1037.91;795.81;1833.72;3072;46.2366
10.3401;1037.91;797.302;1835.21;3072;45.747
10.3501;1037.91;784.161;1822.07;3072;45.5157
10.3601;1037.91;786.571;1824.48;3072;43.9542
10.3701;1037.91;797.986;1835.9;3072;44.9765
10.3801;1037.91;803.851;1841.76;3072;47.4462
10.3901;1037.91;788.067;1825.98;3072;47.4676
10.4001;1037.91;797.756;1835.67;3072;49.1661
10.4101;1037.91;792.88;1830.79;3072;50.3377
10.4201;1037.91;798.398;1836.31;3072;49.2479
10.4301;1037.91;784.934;1822.85;3072;47.1536
10.4401;1037.91;796.636;1834.55;3072;51.6291
10.4501;1037.91;789.064;1826.98;3072;51.0587
10.4601;1037.91;801.067;1838.98;3072;49.0843
10.4701;1037.91;792.021;1829.93;3072;52.5457
10.4801;1037.91;798.218;1836.13;3072;59.4259
10.4901;1037.91;787.56;1825.47;3072;56.5557
10.5001;1037.91;800.576;1838.49;3072;53.074
10.5101;1037.91;790.654;1828.57;3072;52.3847
10.5201;1037.91;799.579;1837.49;3072;53.4488
10.5301;1037.91;789.345;1827.26;3072;53.6231
10.5401;1037.91;790.337;1828.25;3072;51.1243
10.5501;1037.91;791.281;1829.19;3072;50.9305
10.5601;1037.91;802.955;1840.87;3072;54.5617
10.5701;1037.91;789.051;1826.96;3072;55.3079
10.5801;1037.91;788.218;1826.13;3072;51.5456
10.5901;1037.91;798.589;1836.5;3072;51.9552
10.6001;1037.91;796.881;1834.79;3072;55.6649
10.6101;1037.91;796.557;1834.47;3072;53.7351
10.6201;1037.91;784.877;1822.79;3072;49.9008
10.6301;1037.91;794.913;1832.82;3072;51.7627
10.6401;1037.91;789.575;1827.49;3072;52.597
10.6501;1037.91;801.727;1839.64;3072;51.7776
10.6601;1037.91;786.022;1823.93;3072;49.724
10.6701;1037.91;797.106;1835.02;3072;51.4266
10.6801;1037.91;793.295;1831.21;3072;53.585
10.6901;1037.91;801.372;1839.28;3072;52.3089
10.7001;1037.91;781.928;1819.84;3072;49.0723
10.7101;1037.91;797.218;1835.13;3072;48.4124
10.7201;1037.91;791.548;1829.46;3072;48.9172
10.7302;1037.91;796.22;1834.13;3072;46.7571
10.7402;1037.91;783.519;1821.43;3072;44.9504
10.7502;1037.91;800.772;1838.68;3072;48.2402
10.7602;1037.91;787.364;1825.28;3072;49.5728
10.7702;1037.91;799.134;1837.05;3072;47.2124
10.7802;1037.91;791.02;1828.93;3072;47.6801
10.7902;1037.91;794.451;1832.36;3072;50.0969
10.8002;1037.91;796.02;1833.93;3072;48.8933
10.8102;1037.91;798.046;1835.96;3072;45.8078
10.8202;1037.91;786.01;1823.92;3072;50.0967
10.8302;1037.91;788.595;1826.51;3072;50.0048
10.8402;1037.91;795.441;1833.35;3072;48.3834
10.8502;1037.91;785.628;1823.54;3072;45.9472
10.8602;1037.91;791.243;1829.16;3072;49.6868
10.8702;1037.91;791.986;1829.9;3072;52.1252
10.8802;1037.91;795.43;1833.34;3072;51.3236
10.8902;1037.91;788.92;1826.83;3072;47.1527
10.9002;1037.91;795.461;1833.37;3072;48.5447
10.9102;1037.91;785.456;1823.37;3072;50.0517
10.9202;1037.91;790.255;1828.17;3072;47.3099
10.9302;1037.91;781.683;1819.59;3072;44.1469
10.9402;1037.91;796.069;1833.98;3072;47.6276
10.9502;1037.91;785.938;1823.85;3072;48.6328
10.9602;1037.91;797.571;1835.48;3072;47.3542
10.9702;1037.91;783.141;1821.05;3072;46.2788
10.9802;1037.91;797.989;1835.9;3072;48.6092
10.9902;1037.91;788.763;1826.68;3072;48.5693
11.0002;1037.91;795.246;1833.16;3072;46.8827
11.0102;1037.91;775.285;1813.2;3072;44.1692
11.0202;1037.91;796.796;1834.71;3072;45.6547
11.0302;1037.91;788.244;1826.16;3072;47.4295
11.0402;1037.91;783.868;1821.78;3072;45.1323
11.0502;1037.91;781.656;1819.57;3072;44.1824
11.0602;1037.91;798.787;1836.7;3072;46.7171
11.0702;1037.91;788.376;1826.29;3072;47.8643
11.0802;1037.91;790.189;1828.1;3072;45.9985
11.0902;1037.91;787.089;1825;3072;46.4628
11.1002;1037.91;792.011;1829.92;3072;47.1835
11.1102;1037.91;793.296;1831.21;3072;45.8835
11.1202;1037.91;785.226;1823.14;3072;44.0253
11.1302;1037.91;780.575;1818.49;3072;43.9419
11.1402;1037.91;794.009;1831.92;3072;44.1249
11.1502;1037.91;797.725;1835.64;3072;45.6704
11.1602;1037.91;783.644;1821.56;3072;45.2958
11.1702;1037.91;791.112;1829.02;3072;47.7609
11.1802;1037.91;791.768;1829.68;3072;49.186
11.1902;1037.91;794.285;1832.2;3072;48.4914
11.2002;1037.91;781.27;1819.18;3072;46.0224
11.2102;1037.91;789.584;1827.5;3072;46.9626
11.2202;1037.91;786.693;1824.61;3072;47.3254
11.2302;1037.91;794.524;1832.44;3072;45.3979
11.2402;1037.91;781.283;1819.2;3072;44.2715
11.2502;1037.91;788.992;1826.9;3072;47.3557
11.2602;1037.91;787.725;1825.64;3072;47.2434
11.2702;1037.91;799.42;1837.33;3072;45.919
11.2802;1037.91;784.824;1822.74;3072;46.5211
11.2902;1037.91;796.071;1833.98;3072;49.2107
11.3002;1037.91;785.141;1823.05;3072;50.5417
11.3102;1037.91;794.937;1832.85;3072;48.7934
11.3202;1037.91;780.495;1818.41;3072;48.1033
11.3302;1037.91;795.541;1833.45;3072;51.4267
11.3402;1037.91;783.36;1821.27;3072;51.786
11.3502;1037.91;794.289;1832.2;3072;49.2612
11.3602;1037.91;790.207;1828.12;3072;51.3485
11.3702;1037.91;795.276;1833.19;3072;57.0303
11.3802;1037.91;781.706;1819.62;3072;55.8346
11.3902;1037.91;794.855;1832.77;3072;51.8361
11.4002;1037.91;787.08;1824.99;3072;53.0371
11.4102;1037.91;793.116;1831.03;3072;54.3494
11.4202;1037.91;785.749;1823.66;3072;54.4515
11.4302;1037.91;784.416;1822.33;3072;51.8082
11.4402;1037.91;786.311;1824.22;3072;52.1294
11.4502;1037.91;798.314;1836.23;3072;56.4924
11.4602;1037.91;783.266;1821.18;3072;56.7905
11.4702;1037.91;784.181;1822.09;3072;52.9223
11.4802;1037.91;793.388;1831.3;3072;52.3594
11.4902;1037.91;793.044;1830.96;3072;54.4351
11.5002;1037.91;790.275;1828.19;3072;54.4603
11.5102;1037.91;782.389;1820.3;3072;50.3197
11.5202;1037.91;788.834;1826.75;3072;52.0279
11.5302;1037.91;786.398;1824.31;3072;52.6965
11.5402;1037.91;794.929;1832.84;3072;53.7759
11.5502;1037.91;781.387;1819.3;3072;51.5741
11.5602;1037.91;791.031;1828.94;3072;52.7334
11.5702;1037.91;792.223;1830.14;3072;54.6324
11.5802;1037.91;791.299;1829.21;3072;56.2327
11.5902;1037.91;778.265;1816.18;3072;52.1115
11.6002;1037.91;793.764;1831.68;3072;50.6029
11.6102;1037.91;785.361;1823.27;3072;51.7121
11.6202;1037.91;792.89;1830.8;3072;51.3554
11.6302;1037.91;778.686;1816.6;3072;48.4947
11.6402;1037.91;791.325;1829.24;3072;50.7288
11.6502;1037.91;784.954;1822.87;3072;51.5985
11.6602;1037.91;798.612;1836.52;3072;50.6698
11.6702;1037.91;781.299;1819.21;3072;49.2997
11.6802;1037.91;793.993;1831.91;3072;50.2212
11.6902;1037.91;787.454;1825.37;3072;51.1311
11.7002;1037.91;796.757;1834.67;3072;50.0632
11.7102;1037.91;775.439;1813.35;3072;47.0515
11.7202;1037.91;792.722;1830.63;3072;47.9981
11.7302;1037.91;781.86;1819.77;3072;49.1463
11.7402;1037.91;791.352;1829.26;3072;46.9258
11.7502;1037.91;778.814;1816.73;3072;45.0437
11.7602;1037.91;793.839;1831.75;3072;48.2091
11.7702;1037.91;782.313;1820.22;3072;49.653
11.7802;1037.91;798.363;1836.28;3072;48.7969
11.7902;1037.91;779.105;1817.02;3072;47.0831
11.8002;1037.91;790.632;1828.54;3072;47.2096
11.8102;1037.91;789.14;1827.05;3072;47.4248
11.8202;1037.91;793.094;1831.01;3072;46.2631
11.8302;1037.91;775.217;1813.13;3072;44.2633
11.8402;1037.91;792.729;1830.64;3072;46.5187
11.8502;1037.91;780.162;1818.07;3072;48.7009
11.8602;1037.91;791.983;1829.9;3072;47.1426
11.8702;1037.91;781.448;1819.36;3072;46.4251
11.8802;1037.91;793.441;1831.35;3072;49.8162
11.8902;1037.91;782.719;1820.63;3072;51.2244
11.9002;1037.91;795.923;1833.83;3072;49.5541
11.9102;1037.91;776.075;1813.99;3072;51.2028
11.9202;1037.91;787.746;1825.66;3072;49.8002
11.9302;1037.91;787.831;1825.74;3072;49.3868
11.9402;1037.91;789.963;1827.87;3072;47.0222
11.9502;1037.91;776.183;1814.1;3072;48.019
11.9602;1037.91;793.648;1831.56;3072;50.588
11.9702;1037.91;780.002;1817.91;3072;51.6524
11.9802;1037.91;793.084;1831;3072;49.6675
11.9902;1037.91;782.578;1820.49;3072;50.133
12.0002;1037.91;790.845;1828.76;3072;51.8691
12.0102;1037.91;785.956;1823.87;3072;51.9674
12.0202;1037.91;793.547;1831.46;3072;50.1159
12.0302;1037.91;774.536;1812.45;3072;51.2607
12.0402;1037.91;785.166;1823.08;3072;50.3491
12.0502;1037.91;784.804;1822.72;3072;50.6456
12.0602;1037.91;788.494;1826.41;3072;48.0909
12.0702;1037.91;778.411;1816.32;3072;48.874
12.0802;1037.91;793.068;1830.98;3072;51.4529
12.0902;1037.91;779.301;1817.21;3072;52.2802
12.1002;1037.91;794.26;1832.17;3072;50.5317
12.1102;1037.91;780.838;1818.75;3072;51.1615
12.1202;1037.91;787.566;1825.48;3072;50.8772
12.1302;1037.91;787.58;1825.49;3072;51.1274
12.1402;1037.91;790.974;1828.89;3072;49.537
12.1502;1037.91;773.467;1811.38;3072;50.1671
12.1602;1037.91;788.756;1826.67;3072;50.9876
12.1702;1037.91;780.429;1818.34;3072;52.23
12.1802;1037.91;788.374;1826.29;3072;49.8255
12.1902;1037.91;779.64;1817.55;3072;50.5817
12.2002;1037.91;791.77;1829.68;3072;54.403
12.2102;1037.91;780.576;1818.49;3072;55.356
12.2202;1037.91;793.908;1831.82;3072;53.7905
12.2302;1037.91;775.482;1813.39;3072;53.6284
12.2402;1037.91;786.111;1824.02;3072;52.5762
12.2502;1037.91;787.034;1824.95;3072;53.5733
12.2602;1037.91;789.436;1827.35;3072;51.0563
12.2702;1037.91;773.349;1811.26;3072;49.4043
12.2802;1037.91;791.435;1829.35;3072;51.446
12.2902;1037.91;777.557;1815.47;3072;52.0015
12.3002;1037.91;792.207;1830.12;3072;51.8731
12.3102;1037.91;777.949;1815.86;3072;51.1578
12.3202;1037.91;790.136;1828.05;3072;53.5463
12.3302;1037.91;782.238;1820.15;3072;56.5965
12.3402;1037.91;793.054;1830.97;3072;57.3079
12.3502;1037.91;772.197;1810.11;3072;53.4504
12.3602;1037.91;788.283;1826.19;3072;51.8608
12.3702;1037.91;779.204;1817.12;3072;53.9336
12.3802;1037.91;788;1825.91;3072;52.0395
12.3902;1037.91;774.221;1812.13;3072;49.6419
12.4002;1037.91;786.974;1824.89;3072;52.2008
12.4102;1037.91;781.078;1818.99;3072;53.7217
12.4202;1037.91;791.529;1829.44;3072;56.3072
12.4302;1037.91;776.257;1814.17;3072;53.7511
12.4402;1037.91;789.212;1827.12;3072;53.1579
12.4502;1037.91;784.971;1822.88;3072;59.1841
12.4602;1037.91;788.091;1826;3072;59.0209
12.4702;1037.91;772.533;1810.45;3072;54.2582
12.4802;1037.91;785.419;1823.33;3072;53.8967
12.4902;1037.91;779.17;1817.08;3072;54.3698
12.5002;1037.91;788.896;1826.81;3072;54.0283
12.5102;1037.91;775.007;1812.92;3072;51.2296
12.5202;1037.91;782.152;1820.06;3072;52.1431
12.5302;1037.91;789.774;1827.69;3072;54.781
12.5402;1037.91;779.248;1817.16;3072;55.9537
12.5502;1037.91;776.859;1814.77;3072;52.2774
12.5602;1037.91;786.168;1824.08;3072;51.5364
12.5702;1037.91;787.97;1825.88;3072;55.4136
12.5802;1037.91;780.248;1818.16;3072;55.5854
12.5902;1037.91;781.994;1819.91;3072;51.9575
12.6002;1037.91;778.662;1816.57;3072;51.8628
12.6102;1037.91;785.493;1823.41;3072;52.5909
12.6202;1037.91;777.418;1815.33;3072;53.7171
12.6302;1037.91;776.502;1814.41;3072;51.0944
12.6402;1037.91;782.003;1819.92;3072;51.2195
12.6502;1037.91;790.596;1828.51;3072;56.7334
12.6602;1037.91;773.626;1811.54;3072;55.6677
12.6702;1037.91;785.047;1822.96;3072;52.5014
12.6802;1037.91;783.316;1821.23;3072;52.968
12.6902;1037.91;786.972;1824.88;3072;55.2238
12.7002;1037.91;776.987;1814.9;3072;55.6428
12.7102;1037.91;784.655;1822.57;3072;53.0743
12.7202;1037.91;773.481;1811.39;3072;50.988
12.7302;1037.91;789.21;1827.12;3072;53.9513
12.7402;1037.91;774.687;1812.6;3072;56.0591
12.7502;1037.91;783.959;1821.87;3072;52.9327
12.7602;1037.91;779.572;1817.48;3072;53.2902
12.7702;1037.91;785.212;1823.12;3072;60.0122
12.7802;1037.91;774.434;1812.35;3072;59.4706
12.7902;1037.91;787.886;1825.8;3072;56.8949
12.8002;1037.91;773.597;1811.51;3072;54.0078
12.8102;1037.91;786.772;1824.68;3072;54.8444
12.8202;1037.91;775.565;1813.48;3072;55.4852
12.8302;1037.91;784.606;1822.52;3072;52.788
12.8402;1037.91;771.623;1809.54;3072;49.8411
12.8502;1037.91;780.632;1818.54;3072;52.8618
12.8602;1037.91;776.971;1814.88;3072;52.8351
12.8702;1037.91;789.453;1827.37;3072;52.675
12.8802;1037.91;775.267;1813.18;3072;52.4545
12.8902;1037.91;781.294;1819.21;3072;55.9909
12.9002;1037.91;779.241;1817.15;3072;55.6308
12.9102;1037.91;785.913;1823.82;3072;54.9927
12.9202;1037.91;770.256;1808.17;3072;51.0136
12.9302;1037.91;780.532;1818.44;3072;52.0574
12.9402;1037.91;776.317;1814.23;3072;51.883
12.9502;1037.91;782.178;1820.09;3072;50.5023
12.9602;1037.91;769.818;1807.73;3072;47.9846
12.9702;1037.91;772.937;1810.85;3072;48.9224
12.9802;1037.91;782.235;1820.15;3072;48.4998
12.9902;1037.91;786.081;1823.99;3072;51.2052
13.0002;1037.91;772.1;1810.01;3072;49.9307
13.0102;1037.91;780.263;1818.17;3072;51.3524
13.0202;1037.91;781.743;1819.66;3072;52.7987
13.0302;1037.91;780.22;1818.13;3072;51.6214
13.0402;1037.91;775.586;1813.5;3072;48.4725
13.0502;1037.91;771.667;1809.58;3072;47.8512
13.0602;1037.91;778.848;1816.76;3072;47.6527
13.0702;1037.91;781.622;1819.53;3072;47.0732
13.0802;1037.91;768.172;1806.08;3072;45.21
13.0902;1037.91;769.254;1807.17;3072;44.3409
13.1002;1037.91;785.657;1823.57;3072;45.376
13.1102;1037.91;776.961;1814.87;3072;47.0582
13.1202;1037.91;775.664;1813.58;3072;45.8404
13.1302;1037.91;775.644;1813.56;3072;45.4045
13.1402;1037.91;783.098;1821.01;3072;47.4277
13.1502;1037.91;777.989;1815.9;3072;47.0429
13.1602;1037.91;781.539;1819.45;3072;45.6226
13.1702;1037.91;762.605;1800.52;3072;43.4827
13.1802;1037.91;784.204;1822.12;3072;45.6791
13.1902;1037.91;772.788;1810.7;3072;48.3968
13.2002;1037.91;773.789;1811.7;3072;45.6702
13.2102;1037.91;766.319;1804.23;3072;43.5417
13.2202;1037.91;784.528;1822.44;3072;48.4435
13.2302;1037.91;771.511;1809.42;3072;49.4975
13.2402;1037.91;784.328;1822.24;3072;48.9356
13.2502;1037.91;765.476;1803.39;3072;46.0329
13.2602;1037.91;783.264;1821.18;3072;47.2232
13.2702;1037.91;773.019;1810.93;3072;48.4977
13.2802;1037.91;777.551;1815.46;3072;46.9622
13.2902;1037.91;768.135;1806.05;3072;43.3646
13.3002;1037.91;780.089;1818;3072;47.3262
13.3102;1037.91;770.553;1808.47;3072;49.8614
13.3202;1037.91;778.781;1816.69;3072;47.9389
13.3302;1037.91;765.681;1803.59;3072;45.1493
13.3402;1037.91;777.023;1814.94;3072;48.1072
13.3502;1037.91;776.3;1814.21;3072;49.9978
13.3602;1037.91;779.646;1817.56;3072;48.6278
13.3702;1037.91;778.863;1816.78;3072;46.5482
13.3802;1037.91;776.114;1814.03;3072;48.2129
13.3902;1037.91;772.299;1810.21;3072;49.6576
13.4002;1037.91;778.815;1816.73;3072;47.2285
13.4102;1037.91;780.653;1818.57;3072;46.0186
13.4202;1037.91;769.125;1807.04;3072;46.3235
13.4302;1037.91;777.19;1815.1;3072;47.6988
13.4402;1037.91;774.092;1812;3072;48.5827
13.4502;1037.91;778.581;1816.49;3072;47.3589
13.4602;1037.91;772.078;1809.99;3072;47.5237
13.4702;1037.91;782.599;1820.51;3072;51.9645
13.4802;1037.91;771.394;1809.31;3072;51.7654
13.4902;1037.91;784.907;1822.82;3072;53.2858
13.5002;1037.91;765.281;1803.19;3072;50.5987
13.5102;1037.91;778.191;1816.1;3072;49.8101
13.5202;1037.91;774.005;1811.92;3072;49.1839
13.5302;1037.91;779.753;1817.67;3072;46.7001
13.5402;1037.91;764.553;1802.46;3072;44.4368
13.5502;1037.91;778.912;1816.82;3072;47.1352
13.5602;1037.91;770.668;1808.58;3072;49.0688
13.5702;1037.91;784.873;1822.79;3072;49.322
13.5802;1037.91;767.92;1805.83;3072;47.4895
13.5902;1037.91;777.311;1815.22;3072;49.15
13.6002;1037.91;778.301;1816.21;3072;53.6939
13.6102;1037.91;774.291;1812.2;3072;53.9791
13.6202;1037.91;767.375;1805.29;3072;50.1089
13.6302;1037.91;775.434;1813.35;3072;50.0071
13.6402;1037.91;772.687;1810.6;3072;51.7336
13.6502;1037.91;775.94;1813.85;3072;50.7504
13.6602;1037.91;771.277;1809.19;3072;48.956
13.6702;1037.91;769.765;1807.68;3072;47.3155
13.6802;1037.91;782.946;1820.86;3072;51.9839
13.6902;1037.91;766.822;1804.73;3072;54.3659
13.7002;1037.91;775.378;1813.29;3072;51.8849
13.7102;1037.91;775.006;1812.92;3072;52.0189
13.7202;1037.91;779.866;1817.78;3072;58.5889
13.7302;1037.91;765.881;1803.79;3072;58.325
13.7402;1037.91;779.389;1817.3;3072;53.7559
13.7502;1037.91;764.418;1802.33;3072;50.2936
13.7602;1037.91;779.385;1817.3;3072;52.0581
13.7702;1037.91;767.352;1805.26;3072;52.8198
13.7802;1037.91;776.982;1814.89;3072;50.1308
13.7902;1037.91;764.929;1802.84;3072;47.8008
13.8002;1037.91;772.378;1810.29;3072;50.9024
13.8102;1037.91;771.189;1809.1;3072;50.1598
13.8202;1037.91;782.46;1820.37;3072;49.2126
13.8302;1037.91;767.204;1805.12;3072;48.4887
13.8402;1037.91;773.361;1811.27;3072;50.0427
13.8502;1037.91;774.263;1812.18;3072;51.3854
13.8602;1037.91;774.216;1812.13;3072;50.8563
13.8702;1037.91;766.689;1804.6;3072;48.1722
13.8802;1037.91;766.413;1804.33;3072;46.9815
13.8902;1037.91;771.886;1809.8;3072;46.9884
13.9002;1037.91;773.668;1811.58;3072;46.4694
13.9102;1037.91;764.1;1802.01;3072;44.4349
13.9202;1037.91;758.985;1796.9;3072;42.4718
13.9302;1037.91;780.171;1818.08;3072;44.6679
13.9402;1037.91;766.6;1804.51;3072;47.1575
13.9502;1037.91;774.382;1812.29;3072;46.2403
13.9602;1037.91;764.087;1802;3072;44.5099
13.9702;1037.91;777.53;1815.44;3072;47.7485
13.9802;1037.91;767.007;1804.92;3072;48.99
13.9902;1037.91;773.729;1811.64;3072;48.164
14.0002;1037.91;762.967;1800.88;3072;44.4129
14.0102;1037.91;773.115;1811.03;3072;47.7851
14.0202;1037.91;763.799;1801.71;3072;49.7057
14.0302;1037.91;769.876;1807.79;3072;47.8333
14.0402;1037.91;766.042;1803.95;3072;44.4273
14.0502;1037.91;768.571;1806.48;3072;46.6952
14.0602;1037.91;770.758;1808.67;3072;47.8121
14.0702;1037.91;774.704;1812.62;3072;47.709
14.0802;1037.91;772.034;1809.95;3072;46.1335
14.0902;1037.91;769.941;1807.85;3072;47.0307
14.1002;1037.91;772.807;1810.72;3072;50.9324
14.1102;1037.91;771.491;1809.4;3072;49.1593
14.1202;1037.91;778.099;1816.01;3072;49.7495
14.1302;1037.91;759.74;1797.65;3072;48.0245
14.1402;1037.91;770.735;1808.65;3072;47.8702
14.1502;1037.91;767.579;1805.49;3072;47.7656
14.1602;1037.91;774.123;1812.04;3072;47.0231
14.1702;1037.91;760.805;1798.72;3072;45.1155
14.1802;1037.91;774.959;1812.87;3072;48.8493
14.1902;1037.91;767.354;1805.27;3072;50.1114
14.2002;1037.91;776.755;1814.67;3072;54.0189
14.2102;1037.91;763.339;1801.25;3072;51.1717
14.2202;1037.91;774.199;1812.11;3072;50.7627
14.2302;1037.91;774.575;1812.49;3072;53.9388
14.2402;1037.91;766.298;1804.21;3072;54.7118
14.2502;1037.91;766.592;1804.5;3072;50.8233
14.2602;1037.91;767.685;1805.6;3072;50.5179
14.2702;1037.91;771.831;1809.74;3072;52.1967
14.2802;1037.91;763.956;1801.87;3072;52.431
14.2902;1037.91;766.965;1804.88;3072;49.8315
14.3002;1037.91;763.325;1801.24;3072;48.8805
14.3102;1037.91;775.505;1813.42;3072;54.4144
14.3202;1037.91;762.575;1800.49;3072;55.3218
14.3302;1037.91;776.911;1814.82;3072;53.83
14.3402;1037.91;767.871;1805.78;3072;53.8448
14.3502;1037.91;773.65;1811.56;3072;57.3023
14.3602;1037.91;765.319;1803.23;3072;57.1945
14.3702;1037.91;774.753;1812.67;3072;56.0876
14.3802;1037.91;758.945;1796.86;3072;51.6113
14.3902;1037.91;769.073;1806.99;3072;52.532
14.4002;1037.91;765.911;1803.82;3072;52.2445
14.4102;1037.91;771.404;1809.32;3072;51.7003
14.4202;1037.91;758.867;1796.78;3072;48.8239
14.4302;1037.91;758.719;1796.63;3072;47.4766
14.4402;1037.91;774.82;1812.73;3072;48.0438
14.4502;1037.91;768.429;1806.34;3072;48.9134
14.4602;1037.91;764.752;1802.66;3072;47.5663
14.4702;1037.91;764.595;1802.51;3072;46.7836
14.4802;1037.91;773.972;1811.88;3072;49.4719
14.4902;1037.91;766.136;1804.05;3072;49.0168
14.5002;1037.91;773.561;1811.47;3072;47.7065
14.5102;1037.91;752.97;1790.88;3072;44.3811
14.5202;1037.91;773.009;1810.92;3072;45.9122
14.5302;1037.91;761.427;1799.34;3072;48.6294
14.5402;1037.91;767.597;1805.51;3072;46.0935
14.5502;1037.91;755.264;1793.18;3072;43.1014
14.5602;1037.91;770.972;1808.88;3072;46.9051
14.5702;1037.91;763.789;1801.7;3072;48.1182
14.5802;1037.91;774.537;1812.45;3072;48.8389
14.5902;1037.91;758.089;1796;3072;45.8326
14.6002;1037.91;771.274;1809.19;3072;46.8211
14.6102;1037.91;766.726;1804.64;3072;49.7928
14.6202;1037.91;770.156;1808.07;3072;50.0459
14.6302;1037.91;772.187;1810.1;3072;46.9305
14.6402;1037.91;763.324;1801.24;3072;48.6565
14.6502;1037.91;763.587;1801.5;3072;49.439
14.6602;1037.91;770.216;1808.13;3072;49.7711
14.6702;1037.91;766.606;1804.52;3072;47.1736
14.6802;1037.91;760.887;1798.8;3072;47.0288
14.6902;1037.91;774.804;1812.72;3072;49.8812
14.7002;1037.91;761.07;1798.98;3072;50.3298
14.7102;1037.91;775.988;1813.9;3072;51.5347
14.7202;1037.91;761.627;1799.54;3072;50.566
14.7302;1037.91;773.769;1811.68;3072;51.2494
14.7402;1037.91;766.793;1804.7;3072;50.5773
14.7502;1037.91;775.284;1813.2;3072;51.8998
14.7602;1037.91;755.778;1793.69;3072;48.5136
14.7702;1037.91;770.957;1808.87;3072;49.3625
14.7802;1037.91;762.403;1800.32;3072;50.8889
14.7902;1037.91;773.625;1811.54;3072;50.8471
14.8002;1037.91;759.128;1797.04;3072;48.8464
14.8102;1037.91;765.751;1803.66;3072;49.6199
14.8202;1037.91;774.813;1812.72;3072;53.1351
14.8302;1037.91;761.635;1799.55;3072;53.9628
14.8402;1037.91;764.371;1802.28;3072;50.6541
14.8502;1037.91;770.097;1808.01;3072;49.6829
14.8602;1037.91;774.276;1812.19;3072;55.4316
14.8702;1037.91;761.306;1799.22;3072;55.6433
14.8802;1037.91;771.175;1809.09;3072;52.9852
14.8902;1037.91;757.534;1795.45;3072;50.27
14.9002;1037.91;773.341;1811.25;3072;52.4984
14.9102;1037.91;759.78;1797.69;3072;52.0221
14.9202;1037.91;770.72;1808.63;3072;49.5048
14.9302;1037.91;759.061;1796.97;3072;47.9717
14.9402;1037.91;765.823;1803.73;3072;53.1924
14.9502;1037.91;765.001;1802.91;3072;53.1069
14.9602;1037.91;775.733;1813.65;3072;54.0224
14.9702;1037.91;760.244;1798.16;3072;51.8408
14.9802;1037.91;767.039;1804.95;3072;52.8348
14.9902;1037.91;768.385;1806.3;3072;53.6284
