0;1023.12;0.0230487;1023.14;2730.67;2.3286
0.01;1023.12;-0.11013;1023.01;2730.67;2.3281
0.02;1023.12;5.88279;1029;2730.67;4.0045
0.03;1023.12;18.7777;1041.89;2730.67;7.2727
0.04;1023.12;36.6041;1059.72;2730.67;11.3273
0.05;1023.12;48.0711;1071.19;2730.67;10.054
0.06;1023.12;66.7214;1089.84;2730.67;6.4852
0.07;1023.12;86.0538;1109.17;2730.67;3.6829
0.08;1023.12;102.687;1125.8;2730.67;4.577
0.09;1023.12;117.972;1141.09;2730.67;5.421
0.1;1023.12;133.099;1156.21;2730.67;9.4862
0.11;1023.12;155.097;1178.21;2730.67;12.7256
0.12;1023.12;159.693;1182.81;2730.67;11.6113
0.13;1023.12;178.568;1201.68;2730.67;9.702
0.14;1023.12;191.669;1214.78;2730.67;10.0034
0.15;1023.12;205.024;1228.14;2730.67;13.4563
0.16;1023.12;217.767;1240.88;2730.67;27.7121
0.17;1023.12;237.839;1260.95;2730.67;36.5007
0.18;1023.12;247.622;1270.74;2730.67;36.2782
0.19;1023.12;255.521;1278.64;2730.67;32.2099
0.2;1023.12;259.066;1282.18;2730.67;31.2126
0.21;1023.12;270.599;1293.71;2730.67;30.4658
0.22;1023.12;284.315;1307.43;2730.67;29.5009
0.23;1023.12;289.849;1312.96;2730.67;27.1633
0.24;1023.12;298.878;1321.99;2730.67;25.9598
0.25;1023.12;305.471;1328.59;2730.67;23.3542
0.26;1023.12;315.199;1338.31;2730.67;21.0795
0.27;1023.12;325.96;1349.08;2730.67;20.1008
0.28;1023.12;348.44;1371.56;2730.67;26.269
0.29;1023.12;353.267;1376.38;2730.67;31.1509
0.3;1023.12;363.839;1386.95;2730.67;36.2017
0.31;1023.12;360.566;1383.68;2730.67;44.6023
0.32;1023.12;366.803;1389.92;2730.67;46.4951
0.33;1023.12;373.219;1396.33;2730.67;44.9615
0.34;1023.12;381.448;1404.56;2730.67;47.2205
0.35;1023.12;389.824;1412.94;2730.67;50.7086
0.36;1023.12;399.223;1422.34;2730.67;52.5365
0.37;1023.12;403.76;1426.88;2730.67;45.8516
0.38;1023.12;408.722;1431.84;2730.67;39.037
0.39;1023.12;407.736;1430.85;2730.67;33.5767
0.4;1023.12;429.33;1452.44;2730.67;29.3958
0.41;1023.12;437.371;1460.49;2730.67;32.1233
0.42;1023.12;430.553;1453.67;2730.67;32.5348
0.43;1023.12;434.498;1457.61;2730.67;33.8299
0.44;1023.12;446.016;1469.13;2730.67;39.8223
0.45;1023.12;451.705;1474.82;2730.67;46.6413
0.46;1023.12;449.856;1472.97;2730.67;42.0785
0.47;1023.12;466.726;1489.84;2730.67;37.0135
0.48;1023.12;470.989;1494.1;2730.67;34.4076
0.49;1023.12;466.636;1489.75;2730.67;35.0555
0.5;1023.12;469.309;1492.42;2730.67;34.6344
0.51;1023.12;478.062;1501.18;2730.67;39.5562
0.52;1023.12;482.704;1505.82;2730.67;44.7577
0.53;1023.12;480.278;1503.39;2730.67;42.2771
0.54;1023.12;498.273;1521.39;2730.67;38.2508
0.55;1023.12;494.936;1518.05;2730.67;37.6208
0.56;1023.12;498.353;1521.47;2730.67;36.2154
0.57;1023.12;502.598;1525.71;2730.67;36.1402
0.58;1023.12;511.596;1534.71;2730.67;41.6024
0.59;1023.12;506.604;1529.72;2730.67;39.8091
0.6;1023.12;520.817;1543.93;2730.67;36.295
0.61;1023.12;521.264;1544.38;2730.67;35.2557
0.62;1023.12;516.741;1539.86;2730.67;36.3816
0.63;1023.12;522.381;1545.5;2730.67;36.787
0.64;1023.12;532.305;1555.42;2730.67;42.0006
0.65;1023.12;523.604;1546.72;2730.67;41.7579
0.66;1023.12;534.26;1557.38;2730.67;38.4149
0.67;1023.12;550.018;1573.13;2730.67;39.2694
0.68;1023.12;538.741;1561.86;2730.67;37.3323
0.69;1023.12;541.853;1564.97;2730.67;37.095
0.7;1023.12;553.27;1576.39;2730.67;44.2569
0.71;1023.12;544.902;1568.02;2730.67;41.9992
0.72;1023.12;549.669;1572.78;2730.67;38.2063
0.73;1023.12;559.452;1582.57;2730.67;40.1971
0.74;1023.12;556.642;1579.76;2730.67;39.527
0.75;1023.12;561.4;1584.52;2730.67;42.2575
0.76;1023.12;568.404;1591.52;2730.67;46.7932
0.77;1023.12;564.79;1587.91;2730.67;45.8452
0.78;1023.12;576.072;1599.19;2730.67;41.4041
0.79;1023.12;580.438;1603.55;2730.67;39.3595
0.8;1023.12;567.487;1590.6;2730.67;39.2696
0.81;1023.12;576.494;1599.61;2730.67;38.6012
0.82;1023.12;581.95;1605.07;2730.67;42.324
0.83;1023.12;572.012;1595.13;2730.67;41.469
0.839999;1023.12;589.838;1612.95;2730.67;38.9302
0.849999;1023.12;588.482;1611.6;2730.67;40.1244
0.859999;1023.12;584.681;1607.8;2730.67;38.9409
0.869999;1023.12;592.423;1615.54;2730.67;38.4537
0.879999;1023.12;588.066;1611.18;2730.67;38.6814
0.889999;1023.12;587.237;1610.35;2730.67;36.9272
0.899999;1023.12;603.81;1626.92;2730.67;34.8071
0.909999;1023.12;592.679;1615.79;2730.67;38.1885
0.919999;1023.12;597.779;1620.89;2730.67;37.8879
0.929999;1023.12;605.264;1628.38;2730.67;43.085
0.939999;1023.12;599.272;1622.39;2730.67;43.4915
0.949999;1023.12;599.976;1623.09;2730.67;40.8289
0.959999;1023.12;616.687;1639.8;2730.67;42.0856
0.969999;1023.12;602.331;1625.45;2730.67;42.1655
0.979999;1023.12;617.32;1640.44;2730.67;46.0891
0.989999;1023.12;611.952;1635.07;2730.67;47.6586
0.999999;1023.12;605.827;1628.94;2730.67;47.4726
1.01;1023.12;621.791;1644.91;2730.67;44.8899
1.02;1023.12;623.655;1646.77;2730.67;45.1268
1.03;1023.12;612.327;1635.44;2730.67;45.2568
1.04;1023.12;625.119;1648.23;2730.67;44.9539
1.05;1023.12;620.977;1644.09;2730.67;45.9927
1.06;1023.12;622.652;1645.77;2730.67;43.3261
1.07;1023.12;631.918;1655.03;2730.67;41.5221
1.08;1023.12;626.075;1649.19;2730.67;43.8612
1.09;1023.12;622.344;1645.46;2730.67;42.514
1.1;1023.12;636.587;1659.7;2730.67;49.3546
1.11;1023.12;619.948;1643.06;2730.67;47.1556
1.12;1023.12;630.271;1653.39;2730.67;44.2361
1.13;1023.12;645.225;1668.34;2730.67;47.7414
1.14;1023.12;630.57;1653.69;2730.67;46.0715
1.15;1023.12;629.806;1652.92;2730.67;44.2256
1.16;1023.12;643.645;1666.76;2730.67;50.2096
1.17;1023.12;630.132;1653.25;2730.67;50.3186
1.18;1023.12;637.886;1661;2730.67;45.3551
1.19;1023.12;641.16;1664.28;2730.67;47.6495
1.2;1023.12;638.371;1661.49;2730.67;46.0873
1.21;1023.12;640.598;1663.71;2730.67;44.6534
1.22;1023.12;650.323;1673.44;2730.67;51.0751
1.23;1023.12;635.267;1658.38;2730.67;48.1768
1.24;1023.12;652.608;1675.72;2730.67;45.2902
1.25;1023.12;647.912;1671.03;2730.67;46.2577
1.26;1023.12;639.957;1663.07;2730.67;44.4823
1.27;1023.12;648.491;1671.61;2730.67;44.0656
1.28;1023.12;654.424;1677.54;2730.67;51.1359
1.29;1023.12;637.143;1660.26;2730.67;48.6226
1.3;1023.12;656.64;1679.76;2730.67;45.6497
1.31;1023.12;654.519;1677.63;2730.67;48.2663
1.32;1023.12;647.707;1670.82;2730.67;45.3455
1.33;1023.12;653.239;1676.35;2730.67;44.2365
1.34;1023.12;658.602;1681.72;2730.67;48.2407
1.35;1023.12;646.436;1669.55;2730.67;45.4572
1.36;1023.12;659.401;1682.52;2730.67;41.2884
1.37;1023.12;657.415;1680.53;2730.67;44.6047
1.38;1023.12;653.437;1676.55;2730.67;43.7245
1.39;1023.12;659.988;1683.1;2730.67;45.712
1.4;1023.12;665.681;1688.8;2730.67;51.4214
1.41;1023.12;655.199;1678.31;2730.67;50.3139
1.42;1023.12;666.376;1689.49;2730.67;45.2265
1.43;1023.12;671.422;1694.54;2730.67;47.4374
1.44;1023.12;655.207;1678.32;2730.67;46.0421
1.45;1023.12;663.199;1686.31;2730.67;44.1297
1.46;1023.12;669.149;1692.26;2730.67;48.769
1.47;1023.12;656.969;1680.08;2730.67;45.773
1.48;1023.12;664.371;1687.49;2730.67;41.7576
1.49;1023.12;678.53;1701.65;2730.67;41.7964
1.5;1023.12;661.544;1684.66;2730.67;41.4303
1.51;1023.12;667.356;1690.47;2730.67;39.7263
1.52;1023.12;671.54;1694.66;2730.67;44.3131
1.53;1023.12;662.397;1685.51;2730.67;44.1015
1.54;1023.12;668.781;1691.9;2730.67;40.9141
1.55;1023.12;673.553;1696.67;2730.67;41.3315
1.56;1023.12;663.727;1686.84;2730.67;40.9061
1.57;1023.12;676.465;1699.58;2730.67;43.79
1.58;1023.12;674.628;1697.74;2730.67;48.7065
1.59;1023.12;666.916;1690.03;2730.67;47.895
1.6;1023.12;680.004;1703.12;2730.67;44.4747
1.61;1023.12;682.304;1705.42;2730.67;45.7592
1.62;1023.12;667.19;1690.31;2730.67;46.2633
1.63;1023.12;676.88;1700;2730.67;44.3697
1.64;1023.12;680.815;1703.93;2730.67;49.8782
1.65;1023.12;666.194;1689.31;2730.67;46.9783
1.66;1023.12;673.387;1696.5;2730.67;43.0157
1.67;1023.12;685.724;1708.84;2730.67;40.8905
1.68;1023.12;671.168;1694.28;2730.67;42.8728
1.69;1023.12;678.457;1701.57;2730.67;42.3267
1.7;1023.12;681.934;1705.05;2730.67;46.9224
1.71;1023.12;671.536;1694.65;2730.67;47.4723
1.72;1023.12;678.789;1701.9;2730.67;44.0726
1.73;1023.12;686.236;1709.35;2730.67;45.5362
1.74;1023.12;672.435;1695.55;2730.67;44.8045
1.75;1023.12;688.079;1711.19;2730.67;47.7565
1.76;1023.12;680.93;1704.05;2730.67;50.8175
1.77;1023.12;672.573;1695.69;2730.67;47.0516
1.78;1023.12;689.656;1712.77;2730.67;44.6207
1.79;1023.12;687.724;1710.84;2730.67;45.0124
1.8;1023.12;675.992;1699.11;2730.67;45.8039
1.81;1023.12;688.01;1711.13;2730.67;48.4199
1.82;1023.12;684.344;1707.46;2730.67;52.0393
1.83;1023.12;672.908;1696.02;2730.67;48.5653
1.84;1023.12;688.115;1711.23;2730.67;44.4963
1.85;1023.12;693.161;1716.28;2730.67;43.7871
1.86;1023.12;677.624;1700.74;2730.67;43.3692
1.87;1023.12;688.958;1712.07;2730.67;44.1201
1.88;1023.12;681.932;1705.05;2730.67;47.484
1.89;1023.12;676.617;1699.73;2730.67;47.5548
1.9;1023.12;687.415;1710.53;2730.67;43.8107
1.91;1023.12;689.774;1712.89;2730.67;46.7234
1.92;1023.12;678.149;1701.26;2730.67;45.8741
1.93;1023.12;695.119;1718.23;2730.67;47.9573
1.94;1023.12;687.685;1710.8;2730.67;50.2254
1.95;1023.12;676.84;1699.96;2730.67;47.49
1.96;1023.12;695.248;1718.36;2730.67;44.795
1.97;1023.12;695.815;1718.93;2730.67;44.2096
1.98;1023.12;679.258;1702.37;2730.67;44.2873
1.99;1023.12;691.772;1714.89;2730.67;44.7943
2;1023.12;693.726;1716.84;2730.67;52.5159
2.01;1023.12;676.671;1699.79;2730.67;49.4174
2.02;1023.12;692.004;1715.12;2730.67;46.8092
2.03;1023.12;701.879;1724.99;2730.67;49.9895
2.04;1023.12;683.798;1706.91;2730.67;48.4919
2.05;1023.12;688.994;1712.11;2730.67;46.5222
2.06;1023.12;693.866;1716.98;2730.67;48.4351
2.07;1023.12;682.659;1705.77;2730.67;47.0066
2.08;1023.12;689.368;1712.48;2730.67;43.2112
2.09;1023.12;695.747;1718.86;2730.67;46.4385
2.1;1023.12;689.203;1712.32;2730.67;47.8933
2.11;1023.12;688.55;1711.67;2730.67;47.6213
2.12;1023.12;698.693;1721.81;2730.67;50.7448
2.13;1023.12;685.179;1708.29;2730.67;52.5289
2.14;1023.12;693.938;1717.05;2730.67;48.9132
2.15;1023.12;701.038;1724.15;2730.67;50.0165
2.16;1023.12;690.738;1713.85;2730.67;50.8695
2.17;1023.12;686.186;1709.3;2730.67;47.9832
2.18;1023.12;702.098;1725.21;2730.67;49.2707
2.19;1023.12;683.641;1706.76;2730.67;46.8743
2.2;1023.12;688.043;1711.16;2730.67;43.9611
2.21;1023.12;704.591;1727.71;2730.67;42.1589
2.22;1023.12;693.667;1716.78;2730.67;45.8755
2.23;1023.12;686.571;1709.69;2730.67;45.3567
2.24;1023.12;703.633;1726.75;2730.67;50.3455
2.25;1023.12;693.842;1716.96;2730.67;52.5679
2.26;1023.12;682.449;1705.56;2730.67;49.3963
2.27;1023.12;705.108;1728.22;2730.67;46.9989
2.28;1023.12;697.32;1720.44;2730.67;48.7776
2.29;1023.12;686.389;1709.5;2730.67;47.5729
2.3;1023.12;696.36;1719.47;2730.67;45.9831
2.31;1023.12;700.494;1723.61;2730.67;53.5641
2.32;1023.12;683.003;1706.12;2730.67;49.4119
2.33;1023.12;700.458;1723.57;2730.67;46.8951
2.34;1023.12;702.303;1725.42;2730.67;51.9006
2.35;1023.12;689.657;1712.77;2730.67;49.9481
2.36;1023.12;693.989;1717.1;2730.67;49.409
2.37;1023.12;701.551;1724.67;2730.67;55.4521
2.38;1023.12;686.673;1709.79;2730.67;52.8362
2.39;1023.12;700.076;1723.19;2730.67;47.6303
2.4;1023.12;698.014;1721.13;2730.67;48.0912
2.41;1023.12;693.265;1716.38;2730.67;46.4655
2.42;1023.12;694.943;1718.06;2730.67;45.204
2.43;1023.12;704.754;1727.87;2730.67;48.9056
2.44;1023.12;687.853;1710.97;2730.67;45.9133
2.45;1023.12;703.166;1726.28;2730.67;44.7565
2.46;1023.12;701.339;1724.45;2730.67;47.8861
2.47;1023.12;690.633;1713.75;2730.67;47.6769
2.48;1023.12;694.809;1717.92;2730.67;45.2483
2.49;1023.12;705.602;1728.72;2730.67;53.3424
2.5;1023.12;686.771;1709.89;2730.67;51.0855
2.51;1023.12;696.615;1719.73;2730.67;46.8726
2.52;1023.12;710.531;1733.65;2730.67;45.6363
2.53;1023.12;695.013;1718.13;2730.67;44.2399
2.54;1023.12;692.921;1716.04;2730.67;42.8847
2.55;1023.12;707.537;1730.65;2730.67;48.693
2.56;1023.12;695.822;1718.94;2730.67;53.9455
2.57;1023.12;688.403;1711.52;2730.67;48.3861
2.58;1023.12;705.224;1728.34;2730.67;50.4614
2.59;1023.12;696.059;1719.17;2730.67;49.8849
2.6;1023.12;692.489;1715.6;2730.67;47.8324
2.61;1023.12;704.783;1727.9;2730.67;47.1653
2.62;1023.12;697.786;1720.9;2730.67;48.09
2.63;1023.12;693.632;1716.75;2730.67;44.1885
2.64;1023.12;709.812;1732.93;2730.67;42.9469
2.65;1023.12;692.146;1715.26;2730.67;47.1527
2.66;1023.12;694.779;1717.89;2730.67;45.1279
2.67;1023.12;702.587;1725.7;2730.67;49.2083
2.68;1023.12;696.268;1719.38;2730.67;53.7209
2.69;1023.12;689.224;1712.34;2730.67;50.9954
2.7;1023.12;709.576;1732.69;2730.67;48.7003
2.71;1023.12;696.982;1720.1;2730.67;48.3541
2.72;1023.12;693.739;1716.85;2730.67;45.809
2.73;1023.12;705.023;1728.14;2730.67;46.1155
2.74;1023.12;701.823;1724.94;2730.67;49.2062
2.75;1023.12;690.952;1714.07;2730.67;46.0749
2.76;1023.12;709.676;1732.79;2730.67;42.9422
2.77;1023.12;699.975;1723.09;2730.67;46.2312
2.78;1023.12;693.35;1716.47;2730.67;45.0241
2.79;1023.12;703.557;1726.67;2730.67;47.6002
2.8;1023.12;703.285;1726.4;2730.67;52.4584
2.81;1023.12;688.378;1711.49;2730.67;49.737
2.82;1023.12;706.032;1729.15;2730.67;45.1676
2.83;1023.12;707.617;1730.73;2730.67;47.6445
2.84;1023.12;694.009;1717.12;2730.67;45.9165
2.85;1023.12;700.153;1723.27;2730.67;44.1709
2.86;1023.12;705.853;1728.97;2730.67;50.1385
2.87;1023.12;694.236;1717.35;2730.67;48.1861
2.88;1023.12;695.363;1718.48;2730.67;44.3279
2.89;1023.12;711.994;1735.11;2730.67;44.8938
2.9;1023.12;695.228;1718.34;2730.67;46.148
2.91;1023.12;700.551;1723.67;2730.67;47.2402
2.92;1023.12;706.29;1729.41;2730.67;52.5634
2.93;1023.12;698.679;1721.79;2730.67;53.136
2.94;1023.12;695.044;1718.16;2730.67;48.7553
2.95;1023.12;711.572;1734.69;2730.67;48.361
2.96;1023.12;694.741;1717.86;2730.67;49.0223
2.97;1023.12;696.478;1719.59;2730.67;46.5168
2.98;1023.12;705.496;1728.61;2730.67;47.5559
2.99;1023.12;700.299;1723.41;2730.67;53.7285
3;1023.12;691.884;1715;2730.67;49.3155
3.01;1023.12;708.805;1731.92;2730.67;45.5497
3.02;1023.12;698.326;1721.44;2730.67;49.1925
3.03;1023.12;694.176;1717.29;2730.67;47.8219
3.04;1023.12;708.552;1731.67;2730.67;51.5137
3.05;1023.12;703.243;1726.36;2730.67;54.5784
3.06;1023.12;695.024;1718.14;2730.67;52.5305
3.07;1023.12;708.852;1731.97;2730.67;47.4
3.08;1023.12;709.495;1732.61;2730.67;49.2536
3.09;1023.12;693.482;1716.6;2730.67;48.5155
3.1;1023.12;702.755;1725.87;2730.67;46.7571
3.11;1023.12;706.268;1729.38;2730.67;52.4389
3.12;1023.12;693.292;1716.41;2730.67;53.9669
3.13;1023.12;697.581;1720.7;2730.67;48.5715
3.14;1023.12;711.759;1734.87;2730.67;47.1843
3.15;1023.12;694.925;1718.04;2730.67;47.9519
3.16;1023.12;699.548;1722.66;2730.67;45.6739
3.17;1023.12;706.22;1729.33;2730.67;50.3085
3.18;1023.12;695.464;1718.58;2730.67;49.46
3.19;1023.12;695.418;1718.53;2730.67;45.9591
3.2;1023.12;713.968;1737.08;2730.67;43.9451
3.21;1023.12;694.602;1717.72;2730.67;44.8009
3.22;1023.12;701.996;1725.11;2730.67;45.3841
3.23;1023.12;707.288;1730.4;2730.67;47.2144
3.24;1023.12;698.107;1721.22;2730.67;51.4733
3.25;1023.12;692.445;1715.56;2730.67;46.4735
3.26;1023.12;710.888;1734;2730.67;43.6919
3.27;1023.12;697.724;1720.84;2730.67;44.6219
3.28;1023.12;697.935;1721.05;2730.67;44.0058
3.29;1023.12;707.893;1731.01;2730.67;49.3165
3.3;1023.12;696.082;1719.2;2730.67;49.2731
3.31;1023.12;693.555;1716.67;2730.67;46.2459
3.32;1023.12;708.48;1731.6;2730.67;42.7366
3.33;1023.12;697.554;1720.67;2730.67;45.2687
3.34;1023.12;695.051;1718.17;2730.67;44.1918
3.35;1023.12;709.573;1732.69;2730.67;48.0379
3.36;1023.12;702.672;1725.79;2730.67;51.4788
3.37;1023.12;693.999;1717.11;2730.67;50.3852
3.38;1023.12;709.064;1732.18;2730.67;46.5271
3.39;1023.12;711.521;1734.64;2730.67;47.3995
3.4;1023.12;694.483;1717.6;2730.67;47.6699
3.41;1023.12;704.301;1727.42;2730.67;45.3653
3.42;1023.12;708.257;1731.37;2730.67;51.5431
3.43;1023.12;691.284;1714.4;2730.67;48.662
3.44;1023.12;700.394;1723.51;2730.67;44.6178
3.45;1023.12;711.29;1734.41;2730.67;42.0063
3.46;1023.12;695.283;1718.4;2730.67;44.7442
3.47;1023.12;700.9;1724.02;2730.67;43.795
3.48;1023.12;706.859;1729.97;2730.67;49.1293
3.49;1023.12;697.312;1720.43;2730.67;51.1105
3.5;1023.12;695.019;1718.13;2730.67;47.7075
3.51;1023.12;713.299;1736.41;2730.67;46.2157
3.52;1023.12;700.306;1723.42;2730.67;47.4444
3.53;1023.12;700.053;1723.17;2730.67;48.0144
3.54;1023.12;707.688;1730.8;2730.67;47.5822
3.55;1023.12;701.79;1724.91;2730.67;48.6815
3.56;1023.12;693.054;1716.17;2730.67;45.031
3.57;1023.12;710.361;1733.48;2730.67;42.0454
3.58;1023.12;704.556;1727.67;2730.67;41.9381
3.59;1023.12;696.985;1720.1;2730.67;43.2357
3.6;1023.12;707.56;1730.68;2730.67;45.9495
3.61;1023.12;702.345;1725.46;2730.67;49.8498
3.62;1023.12;694.133;1717.25;2730.67;49.2499
3.63;1023.12;701.808;1724.92;2730.67;45.1877
3.64;1023.12;713.523;1736.64;2730.67;46.9606
3.65;1023.12;694.423;1717.54;2730.67;47.1051
3.66;1023.12;707.357;1730.47;2730.67;48.1115
3.67;1023.12;706.431;1729.55;2730.67;50.153
3.68;1023.12;696.435;1719.55;2730.67;48.4413
3.69;1023.12;703.771;1726.89;2730.67;44.7263
3.7;1023.12;712.079;1735.19;2730.67;43.0348
3.71;1023.12;697.432;1720.55;2730.67;43.5959
3.72;1023.12;700.415;1723.53;2730.67;43.4398
3.73;1023.12;709.788;1732.9;2730.67;48.7343
3.74;1023.12;695.32;1718.44;2730.67;49.2253
3.75;1023.12;693.111;1716.23;2730.67;46.9847
3.76;1023.12;710.134;1733.25;2730.67;45.7101
3.77;1023.12;698.749;1721.86;2730.67;47.0728
3.78;1023.12;694.993;1718.11;2730.67;46.3743
3.79;1023.12;708.489;1731.6;2730.67;49.3715
3.8;1023.12;700.579;1723.69;2730.67;53.2489
3.81;1023.12;692.011;1715.13;2730.67;49.1095
3.82;1023.12;709.501;1732.62;2730.67;45.9024
3.83;1023.12;708.845;1731.96;2730.67;45.8659
3.84;1023.12;693.983;1717.1;2730.67;46.7631
3.85;1023.12;704.918;1728.03;2730.67;48.1991
3.86;1023.12;706.627;1729.74;2730.67;54.8201
3.87;1023.12;689.873;1712.99;2730.67;51.6012
3.88;1023.12;700.21;1723.33;2730.67;47.4189
3.89;1023.12;712.134;1735.25;2730.67;47.5354
3.9;1023.12;694.021;1717.14;2730.67;47.3064
3.91;1023.12;700.317;1723.43;2730.67;46.4363
3.92;1023.12;704.991;1728.11;2730.67;50.9218
3.93;1023.12;695.451;1718.57;2730.67;53.0047
3.94;1023.12;692.875;1715.99;2730.67;48.109
3.95;1023.12;714.669;1737.78;2730.67;48.1028
3.96;1023.12;698.485;1721.6;2730.67;48.491
3.97;1023.12;699.351;1722.47;2730.67;49.231
3.98;1023.12;706.682;1729.8;2730.67;52.2993
3.99;1023.12;699.32;1722.44;2730.67;54.4892
4;1023.12;693.851;1716.97;2730.67;50.4224
4.01;1023.12;709.079;1732.19;2730.67;46.003
4.02;1023.12;703.023;1726.14;2730.67;46.1049
4.03;1023.12;695.574;1718.69;2730.67;45.35
4.04;1023.12;708.157;1731.27;2730.67;47.2787
4.05;1023.12;694.49;1717.61;2730.67;49.6534
4.06;1023.12;691.379;1714.49;2730.67;46.0789
4.07;1023.12;706.626;1729.74;2730.67;42.6914
4.08;1023.12;701.501;1724.62;2730.67;45.6477
4.09;1023.12;692.365;1715.48;2730.67;45.7017
4.1;1023.12;709.014;1732.13;2730.67;51.0821
4.11;1023.12;702.433;1725.55;2730.67;53.8898
4.12;1023.12;692.12;1715.24;2730.67;52.278
4.13;1023.12;703.067;1726.18;2730.67;47.873
4.14;1023.12;710.952;1734.07;2730.67;45.3727
4.15;1023.12;691.959;1715.07;2730.67;45.7021
4.16;1023.12;701.976;1725.09;2730.67;44.7467
4.17;1023.12;706.274;1729.39;2730.67;51.3827
4.18;1023.12;687.802;1710.92;2730.67;49.6929
4.19;1023.12;699.726;1722.84;2730.67;45.9501
4.2;1023.12;712.93;1736.05;2730.67;47.5108
4.21;1023.12;693.396;1716.51;2730.67;46.632
4.22;1023.12;699.279;1722.39;2730.67;45.628
4.23;1023.12;702.805;1725.92;2730.67;48.4356
4.24;1023.12;691.865;1714.98;2730.67;47.4254
4.25;1023.12;698.04;1721.16;2730.67;43.645
4.26;1023.12;707.161;1730.28;2730.67;44.1267
4.27;1023.12;696.446;1719.56;2730.67;44.328
4.28;1023.12;698.813;1721.93;2730.67;45.4892
4.29;1023.12;705.873;1728.99;2730.67;49.2327
4.3;1023.12;693.102;1716.22;2730.67;52.3862
4.31;1023.12;701.073;1724.19;2730.67;49.1817
4.32;1023.12;708.663;1731.78;2730.67;51.0461
4.33;1023.12;694.73;1717.85;2730.67;51.4825
4.34;1023.12;695.573;1718.69;2730.67;48.7032
4.35;1023.12;707.847;1730.96;2730.67;51.7286
4.36;1023.12;686.504;1709.62;2730.67;48.3387
4.37001;1023.12;700.349;1723.46;2730.67;45.4407
4.38001;1023.12;710.035;1733.15;2730.67;46.5547
4.39001;1023.12;695.015;1718.13;2730.67;47.4803
4.40001;1023.12;693.256;1716.37;2730.67;46.0523
4.41001;1023.12;706.135;1729.25;2730.67;52.4852
4.42001;1023.12;690.875;1713.99;2730.67;51.5235
4.43001;1023.12;696.179;1719.29;2730.67;47.257
4.44001;1023.12;701.452;1724.57;2730.67;48.8174
4.45001;1023.12;697.085;1720.2;2730.67;48.2809
4.46001;1023.12;692.311;1715.43;2730.67;46.3874
4.47001;1023.12;707.086;1730.2;2730.67;47.7058
4.48001;1023.12;693.961;1717.08;2730.67;46.5553
4.49001;1023.12;700.076;1723.19;2730.67;43.629
4.50001;1023.12;706.848;1729.96;2730.67;44.6773
4.51001;1023.12;697.153;1720.27;2730.67;48.464
4.52001;1023.12;691.826;1714.94;2730.67;46.5046
4.53001;1023.12;703.831;1726.95;2730.67;51.4102
4.54001;1023.12;692.75;1715.87;2730.67;52.1569
4.55001;1023.12;691.4;1714.51;2730.67;48.8696
4.56001;1023.12;710.393;1733.51;2730.67;45.3635
4.57001;1023.12;698.104;1721.22;2730.67;44.6181
4.58001;1023.12;691.926;1715.04;2730.67;42.8758
4.59001;1023.12;705.228;1728.34;2730.67;45.4271
4.60001;1023.12;699.823;1722.94;2730.67;52.8036
4.61001;1023.12;685.995;1709.11;2730.67;47.993
4.62001;1023.12;710.523;1733.64;2730.67;48.5004
4.63001;1023.12;697.824;1720.94;2730.67;49.903
4.64001;1023.12;690.081;1713.2;2730.67;48.8122
4.65001;1023.12;701.388;1724.5;2730.67;51.0914
4.66001;1023.12;702.283;1725.4;2730.67;56.2993
4.67001;1023.12;683.458;1706.57;2730.67;51.9861
4.68001;1023.12;704.304;1727.42;2730.67;47.9202
4.69001;1023.12;700.795;1723.91;2730.67;51.7779
4.70001;1023.12;692.24;1715.36;2730.67;48.8233
4.71001;1023.12;696.691;1719.81;2730.67;47.4232
4.72001;1023.12;703.082;1726.2;2730.67;54.6323
4.73001;1023.12;688.285;1711.4;2730.67;54.5211
4.74001;1023.12;702.032;1725.15;2730.67;50.7031
4.75001;1023.12;697.738;1720.85;2730.67;51.6871
4.76001;1023.12;692.229;1715.34;2730.67;49.2243
4.77001;1023.12;698.029;1721.14;2730.67;47.2642
4.78001;1023.12;703.535;1726.65;2730.67;52.0448
4.79001;1023.12;689.851;1712.97;2730.67;49.4293
4.80001;1023.12;703.535;1726.65;2730.67;44.8441
4.81002;1023.12;704.021;1727.14;2730.67;46.8448
4.82002;1023.12;689.493;1712.61;2730.67;47.5401
4.83002;1023.12;695.815;1718.93;2730.67;46.8878
4.84002;1023.12;703.44;1726.56;2730.67;52.9367
4.85002;1023.12;688.5;1711.62;2730.67;52.5311
4.86002;1023.12;692.23;1715.35;2730.67;48.4584
4.87002;1023.12;710.713;1733.83;2730.67;50.5973
4.88002;1023.12;692.033;1715.15;2730.67;48.4555
4.89002;1023.12;693.843;1716.96;2730.67;46.2534
4.90002;1023.12;704.806;1727.92;2730.67;51.9009
4.91002;1023.12;692.372;1715.49;2730.67;50.0138
4.92002;1023.12;689.941;1713.06;2730.67;45.6266
4.93002;1023.12;709.057;1732.17;2730.67;46.0729
4.94002;1023.12;691.867;1714.98;2730.67;46.6967
4.95002;1023.12;695.911;1719.03;2730.67;44.9863
4.96002;1023.12;702.419;1725.53;2730.67;51.2395
4.97002;1023.12;695.628;1718.74;2730.67;51.665
4.98002;1023.12;689.503;1712.62;2730.67;47.4421
4.99002;1023.12;707.232;1730.35;2730.67;43.6337
5.00002;1023.12;690.378;1713.49;2730.67;44.5316
5.01002;1023.12;692.732;1715.85;2730.67;43.3021
5.02002;1023.12;701.627;1724.74;2730.67;47.0217
5.03002;1023.12;693.492;1716.61;2730.67;50.8364
5.04002;1023.12;687.916;1711.03;2730.67;46.476
5.05002;1023.12;705.467;1728.58;2730.67;44.2648
5.06002;1023.12;691.418;1714.53;2730.67;47.01
5.07002;1023.12;690.351;1713.47;2730.67;45.6686
5.08002;1023.12;704.043;1727.16;2730.67;51.0188
5.09002;1023.12;695.132;1718.25;2730.67;52.5039
5.10002;1023.12;689.873;1712.99;2730.67;48.9559
5.11002;1023.12;705.823;1728.94;2730.67;45.4198
5.12002;1023.12;694.675;1717.79;2730.67;46.887
5.13002;1023.12;692.285;1715.4;2730.67;46.4193
5.14002;1023.12;701.473;1724.59;2730.67;47.3305
5.15002;1023.12;695.647;1718.76;2730.67;52.3368
5.16002;1023.12;684.685;1707.8;2730.67;49.213
5.17002;1023.12;704.206;1727.32;2730.67;45.9617
5.18002;1023.12;696.906;1720.02;2730.67;46.7642
5.19002;1023.12;691.513;1714.63;2730.67;45.7506
5.20002;1023.12;700.883;1724;2730.67;45.0081
5.21002;1023.12;693.389;1716.5;2730.67;45.6881
5.22002;1023.12;687.474;1710.59;2730.67;43.5709
5.23002;1023.12;701.263;1724.38;2730.67;41.0208
5.24003;1023.12;692.742;1715.86;2730.67;43.6026
5.25003;1023.12;689.359;1712.47;2730.67;42.7712
5.26003;1023.12;702.774;1725.89;2730.67;48.0917
5.27003;1023.12;694.809;1717.92;2730.67;50.6096
5.28003;1023.12;686.507;1709.62;2730.67;47.977
5.29003;1023.12;705.674;1728.79;2730.67;47.5023
5.30003;1023.12;697.411;1720.53;2730.67;47.8487
5.31003;1023.12;692.313;1715.43;2730.67;48.6125
5.32003;1023.12;700.869;1723.98;2730.67;48.466
5.33003;1023.12;694.179;1717.29;2730.67;54.8628
5.34003;1023.12;688.337;1711.45;2730.67;50.2384
5.35003;1023.12;704.808;1727.92;2730.67;48.0098
5.36003;1023.12;692.133;1715.25;2730.67;47.9534
5.37003;1023.12;692.481;1715.6;2730.67;47.1413
5.38003;1023.12;702.669;1725.78;2730.67;52.7802
5.39003;1023.12;685.337;1708.45;2730.67;50.1511
5.40003;1023.12;690.012;1713.13;2730.67;46.6834
5.41003;1023.12;706.731;1729.85;2730.67;43.3934
5.42003;1023.12;689.54;1712.66;2730.67;42.9124
5.43003;1023.12;690.544;1713.66;2730.67;43.0374
5.44003;1023.12;699.607;1722.72;2730.67;48.9228
5.45003;1023.12;688.449;1711.56;2730.67;50.7004
5.46003;1023.12;687.533;1710.65;2730.67;46.1399
5.47003;1023.12;705.238;1728.35;2730.67;49.189
5.48003;1023.12;693.028;1716.14;2730.67;49.9823
5.49003;1023.12;691.956;1715.07;2730.67;49.219
5.50003;1023.12;700.532;1723.65;2730.67;53.133
5.51003;1023.12;688.012;1711.13;2730.67;51.2574
5.52003;1023.12;695.69;1718.81;2730.67;47.8666
5.53003;1023.12;703.679;1726.79;2730.67;46.3967
5.54003;1023.12;692.373;1715.49;2730.67;49.5152
5.55003;1023.12;688.769;1711.88;2730.67;47.3506
5.56003;1023.12;703.49;1726.6;2730.67;52.7042
5.57003;1023.12;684.323;1707.44;2730.67;51.3716
5.58003;1023.12;691.016;1714.13;2730.67;48.6148
5.59003;1023.12;706.509;1729.62;2730.67;51.0239
5.60003;1023.12;693.137;1716.25;2730.67;50.2941
5.61003;1023.12;686.426;1709.54;2730.67;48.3554
5.62003;1023.12;704.377;1727.49;2730.67;51.3857
5.63003;1023.12;690.072;1713.19;2730.67;50.4133
5.64003;1023.12;682.997;1706.11;2730.67;46.4537
5.65003;1023.12;703.613;1726.73;2730.67;46.8068
5.66003;1023.12;695.33;1718.45;2730.67;50.1434
5.67003;1023.12;685.161;1708.28;2730.67;49.8573
5.68004;1023.12;698.699;1721.81;2730.67;51.627
5.69004;1023.12;694.141;1717.26;2730.67;55.8669
5.70004;1023.12;688.947;1712.06;2730.67;51.4309
5.71004;1023.12;700.896;1724.01;2730.67;48.1539
5.72004;1023.12;694.424;1717.54;2730.67;50.2761
5.73004;1023.12;686.204;1709.32;2730.67;47.8095
5.74004;1023.12;696.536;1719.65;2730.67;47.2819
5.75004;1023.12;692.874;1715.99;2730.67;53.9893
5.76004;1023.12;683.487;1706.6;2730.67;49.9483
5.77004;1023.12;701.965;1725.08;2730.67;47.0837
5.78004;1023.12;694.004;1717.12;2730.67;48.2654
5.79004;1023.12;687.396;1710.51;2730.67;47.1177
5.80004;1023.12;695.424;1718.54;2730.67;50.3338
5.81004;1023.12;699.064;1722.18;2730.67;56.1454
5.82004;1023.12;682.237;1705.35;2730.67;52.6137
5.83004;1023.12;699.848;1722.96;2730.67;48.1929
5.84004;1023.12;696.981;1720.1;2730.67;48.8047
5.85004;1023.12;686.457;1709.57;2730.67;47.7042
5.86004;1023.12;690.945;1714.06;2730.67;45.7453
5.87004;1023.12;701.779;1724.89;2730.67;52.9069
5.88004;1023.12;680.528;1703.64;2730.67;52.3035
5.89004;1023.12;696.383;1719.5;2730.67;48.6381
5.90004;1023.12;702.203;1725.32;2730.67;53.4812
5.91004;1023.12;689.009;1712.12;2730.67;50.8267
5.92004;1023.12;688.603;1711.72;2730.67;48.1092
5.93004;1023.12;702.478;1725.59;2730.67;54.4026
5.94004;1023.12;688.256;1711.37;2730.67;54.5754
5.95004;1023.12;686.585;1709.7;2730.67;49.3036
5.96004;1023.12;698.39;1721.51;2730.67;49.2289
5.97004;1023.12;691.026;1714.14;2730.67;47.1832
5.98004;1023.12;686.343;1709.46;2730.67;45.1914
5.99004;1023.12;699.148;1722.26;2730.67;47.34
6.00004;1023.12;692.888;1716;2730.67;53.87
6.01004;1023.12;684.643;1707.76;2730.67;49.9345
6.02004;1023.12;701.996;1725.11;2730.67;49.2441
6.03004;1023.12;690.64;1713.76;2730.67;50.844
6.04004;1023.12;686.406;1709.52;2730.67;47.8232
6.05004;1023.12;694.561;1717.68;2730.67;46.1823
6.06004;1023.12;693.867;1716.98;2730.67;49.2112
6.07004;1023.12;681.554;1704.67;2730.67;46.4106
6.08004;1023.12;701.09;1724.2;2730.67;43.2225
6.09004;1023.12;691.311;1714.43;2730.67;46.6678
6.10004;1023.12;686.716;1709.83;2730.67;44.6315
6.11004;1023.12;694.083;1717.2;2730.67;46.5242
6.12005;1023.12;697.369;1720.48;2730.67;52.8348
6.13005;1023.12;683.713;1706.83;2730.67;52.2204
6.14005;1023.12;697.909;1721.02;2730.67;47.1016
6.15005;1023.12;696.812;1719.93;2730.67;49.4804
6.16005;1023.12;684.045;1707.16;2730.67;47.7835
6.17005;1023.12;690.674;1713.79;2730.67;46.0019
6.18005;1023.12;697.889;1721;2730.67;50.7255
6.19005;1023.12;681.644;1704.76;2730.67;47.6942
6.20005;1023.12;691.416;1714.53;2730.67;43.4559
6.21005;1023.12;701.663;1724.78;2730.67;46.3387
6.22005;1023.12;685.711;1708.83;2730.67;45.2379
6.23005;1023.12;689.936;1713.05;2730.67;46.1575
6.24005;1023.12;697.489;1720.6;2730.67;52.2693
6.25005;1023.12;684.248;1707.36;2730.67;51.1255
6.26005;1023.12;688.473;1711.59;2730.67;46.6616
6.27005;1023.12;698.089;1721.2;2730.67;45.4434
6.28005;1023.12;685.392;1708.51;2730.67;44.7875
6.29005;1023.12;691.882;1715;2730.67;44.2435
6.30005;1023.12;696.51;1719.63;2730.67;48.4059
6.31005;1023.12;687.627;1710.74;2730.67;51.4487
6.32005;1023.12;690.116;1713.23;2730.67;46.482
6.33005;1023.12;702.385;1725.5;2730.67;46.0616
6.34005;1023.12;683.042;1706.16;2730.67;46.9185
6.35005;1023.12;689.16;1712.28;2730.67;44.8529
6.36005;1023.12;696.054;1719.17;2730.67;52.3914
6.37005;1023.12;683.132;1706.25;2730.67;50.3181
6.38005;1023.12;686.29;1709.41;2730.67;45.976
6.39005;1023.12;700.35;1723.47;2730.67;44.1413
6.40005;1023.12;683.828;1706.94;2730.67;43.5506
6.41005;1023.12;690.05;1713.17;2730.67;43.6104
6.42005;1023.12;692.56;1715.68;2730.67;49.0603
6.43005;1023.12;682.283;1705.4;2730.67;48.607
6.44005;1023.12;688.64;1711.76;2730.67;44.9475
6.45005;1023.12;697.032;1720.15;2730.67;47.3784
6.46005;1023.12;681.93;1705.05;2730.67;46.9005
6.47005;1023.12;696.075;1719.19;2730.67;47.3907
6.48005;1023.12;693.054;1716.17;2730.67;49.3005
6.49005;1023.12;682.665;1705.78;2730.67;47.0279
6.50005;1023.12;696.041;1719.16;2730.67;43.4589
6.51005;1023.12;699.401;1722.52;2730.67;42.4377
6.52005;1023.12;682.002;1705.12;2730.67;43.8492
6.53005;1023.12;692.556;1715.67;2730.67;44.3687
6.54005;1023.12;695.169;1718.28;2730.67;51.5987
6.55006;1023.12;679.368;1702.48;2730.67;49.5973
6.56006;1023.12;688.817;1711.93;2730.67;46.0786
6.57006;1023.12;698.462;1721.58;2730.67;45.1012
6.58006;1023.12;682.385;1705.5;2730.67;45.5145
6.59006;1023.12;689.132;1712.25;2730.67;44.5702
6.60006;1023.12;691.799;1714.91;2730.67;49.2629
6.61006;1023.12;682.098;1705.21;2730.67;47.3043
6.62006;1023.12;686.89;1710;2730.67;43.4242
6.63006;1023.12;695.296;1718.41;2730.67;45.4251
6.64006;1023.12;680.696;1703.81;2730.67;46.1399
6.65006;1023.12;695.814;1718.93;2730.67;51.1827
6.66006;1023.12;688.978;1712.09;2730.67;52.3304
6.67006;1023.12;678.218;1701.33;2730.67;49.3049
6.68006;1023.12;694.572;1717.69;2730.67;45.5053
6.69006;1023.12;693.61;1716.73;2730.67;46.7701
6.70006;1023.12;680.658;1703.77;2730.67;46.7721
6.71006;1023.12;694.5;1717.62;2730.67;48.3879
6.72006;1023.12;687.225;1710.34;2730.67;54.1156
6.73006;1023.12;684.993;1708.11;2730.67;50.1836
6.74006;1023.12;694.741;1717.86;2730.67;48.8816
6.75006;1023.12;692.647;1715.76;2730.67;50.8845
6.76006;1023.12;680.906;1704.02;2730.67;48.388
6.77006;1023.12;696.077;1719.19;2730.67;48.5389
6.78006;1023.12;680.185;1703.3;2730.67;46.8873
6.79006;1023.12;681.739;1704.85;2730.67;44.7895
6.80006;1023.12;697.782;1720.9;2730.67;42.5589
6.81006;1023.12;687.829;1710.94;2730.67;46.1984
6.82006;1023.12;679.435;1702.55;2730.67;44.7268
6.83006;1023.12;697.116;1720.23;2730.67;50.4907
6.84006;1023.12;685.846;1708.96;2730.67;53.8575
6.85006;1023.12;675.536;1698.65;2730.67;50.5483
6.86006;1023.12;697.435;1720.55;2730.67;47.8718
6.87006;1023.12;689.773;1712.89;2730.67;49.6078
6.88006;1023.12;678.365;1701.48;2730.67;48.6341
6.89006;1023.12;690.604;1713.72;2730.67;47.3627
6.90006;1023.12;688.656;1711.77;2730.67;54.0672
6.91006;1023.12;679.312;1702.43;2730.67;49.7717
6.92006;1023.12;692.867;1715.98;2730.67;48.3259
6.93006;1023.12;687.534;1710.65;2730.67;53.4895
6.94006;1023.12;679.547;1702.66;2730.67;50.3505
6.95006;1023.12;690.975;1714.09;2730.67;55.1719
6.96006;1023.12;682.03;1705.15;2730.67;54.8337
6.97006;1023.12;679.697;1702.81;2730.67;50.794
6.98006;1023.12;698.824;1721.94;2730.67;47.53
6.99007;1023.12;684.334;1707.45;2730.67;45.8144
7.00007;1023.12;680.233;1703.35;2730.67;44.0013
7.01007;1023.12;694.983;1718.1;2730.67;49.7487
7.02007;1023.12;683.175;1706.29;2730.67;54.4329
7.03007;1023.12;676.86;1699.97;2730.67;50.5148
7.04007;1023.12;691.617;1714.73;2730.67;53.1095
7.05007;1023.12;682.752;1705.87;2730.67;51.3477
7.06007;1023.12;681.463;1704.58;2730.67;48.7454
7.07007;1023.12;691.897;1715.01;2730.67;49.3961
7.08007;1023.12;681.797;1704.91;2730.67;48.295
7.09007;1023.12;685.994;1709.11;2730.67;43.8323
7.10007;1023.12;695.658;1718.77;2730.67;44.6396
7.11007;1023.12;677.493;1700.61;2730.67;46.0233
7.12007;1023.12;684.441;1707.56;2730.67;45.589
7.13007;1023.12;690.638;1713.75;2730.67;51.7607
7.14007;1023.12;676.731;1699.85;2730.67;51.2038
7.15007;1023.12;682.339;1705.45;2730.67;46.9321
7.16007;1023.12;697.275;1720.39;2730.67;49.1891
7.17007;1023.12;679.164;1702.28;2730.67;47.218
7.18007;1023.12;683.745;1706.86;2730.67;45.4807
7.19007;1023.12;689.679;1712.79;2730.67;51.6561
7.20007;1023.12;678.988;1702.1;2730.67;49.1599
7.21007;1023.12;681.588;1704.7;2730.67;45.1203
7.22007;1023.12;692.871;1715.99;2730.67;46.0864
7.23007;1023.12;677.874;1700.99;2730.67;46.6339
7.24007;1023.12;687.846;1710.96;2730.67;45.7527
7.25007;1023.12;687.937;1711.05;2730.67;50.6462
7.26007;1023.12;678.698;1701.81;2730.67;48.5719
7.27007;1023.12;690.003;1713.12;2730.67;44.4644
7.28007;1023.12;692.983;1716.1;2730.67;44.0659
7.29007;1023.12;677.297;1700.41;2730.67;44.8853
7.30007;1023.12;686.864;1709.98;2730.67;44.6653
7.31007;1023.12;688.622;1711.74;2730.67;51.0381
7.32007;1023.12;673.554;1696.67;2730.67;48.9223
7.33007;1023.12;685.958;1709.07;2730.67;44.859
7.34007;1023.12;692.246;1715.36;2730.67;44.4734
7.35007;1023.12;678.351;1701.47;2730.67;44.4798
7.36007;1023.12;687.461;1710.58;2730.67;43.283
7.37007;1023.12;684.423;1707.54;2730.67;44.192
7.38007;1023.12;675.624;1698.74;2730.67;42.6459
7.39007;1023.12;689.72;1712.83;2730.67;40.3569
7.40007;1023.12;683.923;1707.04;2730.67;42.1287
7.41007;1023.12;676.594;1699.71;2730.67;43.3871
7.42007;1023.12;690.966;1714.08;2730.67;48.2489
7.43008;1023.12;682.021;1705.14;2730.67;50.5858
7.44008;1023.12;673.375;1696.49;2730.67;47.5222
7.45008;1023.12;694.546;1717.66;2730.67;44.2754
7.46008;1023.12;683.574;1706.69;2730.67;44.6659
7.47008;1023.12;680.07;1703.19;2730.67;46.3724
7.48008;1023.12;688.856;1711.97;2730.67;48.2126
7.49008;1023.12;678.933;1702.05;2730.67;52.2395
7.50008;1023.12;683.81;1706.93;2730.67;48.4467
7.51008;1023.12;692.884;1716;2730.67;47.5187
7.52008;1023.12;677.646;1700.76;2730.67;48.3035
7.53008;1023.12;681.601;1704.72;2730.67;46.6554
7.54008;1023.12;690.188;1713.3;2730.67;53.575
7.55008;1023.12;670.788;1693.9;2730.67;49.8834
7.56008;1023.12;684.95;1708.07;2730.67;46.6696
7.57008;1023.12;692.316;1715.43;2730.67;49.2328
7.58008;1023.12;676.098;1699.21;2730.67;48.6829
7.59008;1023.12;682.099;1705.21;2730.67;48.7883
7.60008;1023.12;682.711;1705.83;2730.67;51.197
7.61008;1023.12;672.567;1695.68;2730.67;48.6732
7.62008;1023.12;690.105;1713.22;2730.67;44.7118
7.63008;1023.12;682.433;1705.55;2730.67;44.6161
7.64008;1023.12;675.235;1698.35;2730.67;42.9917
7.65008;1023.12;688.866;1711.98;2730.67;44.9376
7.66008;1023.12;681.961;1705.08;2730.67;50.9139
7.67008;1023.12;670.829;1693.94;2730.67;46.6638
7.68008;1023.12;691.422;1714.54;2730.67;49.4743
7.69008;1023.12;680.921;1704.04;2730.67;49.4895
7.70008;1023.12;675.015;1698.13;2730.67;47.5361
7.71008;1023.12;687.816;1710.93;2730.67;52.2806
7.72008;1023.12;681.001;1704.12;2730.67;53.6662
7.73008;1023.12;678.065;1701.18;2730.67;48.9925
7.74008;1023.12;691.327;1714.44;2730.67;47.2916
7.75008;1023.12;675.426;1698.54;2730.67;45.9108
7.76008;1023.12;677.415;1700.53;2730.67;44.8083
7.77008;1023.12;686.698;1709.81;2730.67;50.2951
7.78008;1023.12;672.879;1695.99;2730.67;51.657
7.79008;1023.12;677.394;1700.51;2730.67;46.9358
7.80008;1023.12;693.223;1716.34;2730.67;50.3958
7.81008;1023.12;675.32;1698.43;2730.67;47.7857
7.82008;1023.12;680.531;1703.65;2730.67;45.8694
7.83008;1023.12;685.089;1708.2;2730.67;51.8659
7.84008;1023.12;673.205;1696.32;2730.67;49.0491
7.85008;1023.12;682.32;1705.44;2730.67;44.98
7.86009;1023.12;682.294;1705.41;2730.67;47.4186
7.87009;1023.12;673.809;1696.92;2730.67;46.9157
7.88009;1023.12;686.312;1709.43;2730.67;50.4611
7.89009;1023.12;681.764;1704.88;2730.67;54.0971
7.90009;1023.12;674.255;1697.37;2730.67;51.1117
7.91009;1023.12;688.628;1711.74;2730.67;46.3161
7.92009;1023.12;682.368;1705.48;2730.67;47.2218
7.93009;1023.12;675.876;1698.99;2730.67;46.7157
7.94009;1023.12;685.12;1708.24;2730.67;46.8106
7.95009;1023.12;680.446;1703.56;2730.67;53.0678
7.96009;1023.12;670.479;1693.59;2730.67;49.554
7.97009;1023.12;689.192;1712.31;2730.67;46.1561
7.98009;1023.12;676.988;1700.1;2730.67;46.7047
7.99009;1023.12;678.938;1702.05;2730.67;45.5505
8.00009;1023.12;687.395;1710.51;2730.67;52.1544
8.01009;1023.12;672.65;1695.77;2730.67;49.2195
8.02009;1023.12;676.634;1699.75;2730.67;45.8674
8.03009;1023.12;690.486;1713.6;2730.67;44.6731
8.04009;1023.12;672.92;1696.04;2730.67;45.9938
8.05009;1023.12;681.781;1704.9;2730.67;47.2911
8.06009;1023.12;677.751;1700.87;2730.67;48.8387
8.07009;1023.12;670.808;1693.92;2730.67;47.0586
8.08009;1023.12;684.571;1707.69;2730.67;43.247
8.09009;1023.12;680.597;1703.71;2730.67;44.3762
8.10009;1023.12;671.746;1694.86;2730.67;43.189
8.11009;1023.12;688.247;1711.36;2730.67;48.7685
8.12009;1023.12;675.83;1698.94;2730.67;51.3152
8.13009;1023.12;669.891;1693.01;2730.67;47.3717
8.14009;1023.12;689.414;1712.53;2730.67;49.6865
8.15009;1023.12;679.744;1702.86;2730.67;50.4977
8.16009;1023.12;672.622;1695.74;2730.67;49.19
8.17009;1023.12;686.473;1709.59;2730.67;51.9622
8.18009;1023.12;673.032;1696.15;2730.67;50.8001
8.19009;1023.12;681.51;1704.63;2730.67;47.6757
8.20009;1023.12;685.946;1709.06;2730.67;47.3737
8.21009;1023.12;673.858;1696.97;2730.67;51.3222
8.22009;1023.12;674.223;1697.34;2730.67;49.1106
8.23009;1023.12;688.132;1711.25;2730.67;54.8738
8.24009;1023.12;667.13;1690.24;2730.67;51.9416
8.25009;1023.12;681.715;1704.83;2730.67;48.1208
8.26009;1023.12;687.372;1710.49;2730.67;52.5279
8.27009;1023.12;674.012;1697.13;2730.67;49.5833
8.28009;1023.12;676.171;1699.29;2730.67;47.8437
8.29009;1023.12;685.513;1708.63;2730.67;53.159
8.30009;1023.12;669.47;1692.59;2730.67;49.821
8.31009;1023.12;684.137;1707.25;2730.67;45.7571
8.3201;1023.12;678.669;1701.78;2730.67;48.7848
8.3301;1023.12;674.142;1697.26;2730.67;47.164
8.3401;1023.12;680.081;1703.2;2730.67;45.5958
8.3501;1023.12;682.848;1705.96;2730.67;50.1486
8.3601;1023.12;669.004;1692.12;2730.67;47.2906
8.3701;1023.12;687.141;1710.26;2730.67;43.9606
8.3801;1023.12;678.461;1701.58;2730.67;47.226
8.3901;1023.12;671.462;1694.58;2730.67;45.2602
8.4001;1023.12;680.947;1704.06;2730.67;46.3155
8.4101;1023.12;680.507;1703.62;2730.67;52.1346
8.4201;1023.12;665.882;1689;2730.67;48.9431
8.4301;1023.12;687.214;1710.33;2730.67;46.9775
8.4401;1023.12;674.187;1697.3;2730.67;47.8295
8.4501;1023.12;673.73;1696.85;2730.67;45.8747
8.4601;1023.12;682.33;1705.45;2730.67;47.0297
8.4701;1023.12;673.564;1696.68;2730.67;45.8285
8.4801;1023.12;670.492;1693.61;2730.67;42.4457
8.4901;1023.12;687.72;1710.84;2730.67;41.8372
8.5001;1023.12;671.609;1694.72;2730.67;43.7592
8.5101;1023.12;675.2;1698.32;2730.67;42.3559
8.5201;1023.12;681.817;1704.93;2730.67;47.6191
8.5301;1023.12;671.064;1694.18;2730.67;46.7163
8.5401;1023.12;673.445;1696.56;2730.67;43.5387
8.5501;1023.12;685.577;1708.69;2730.67;43.8176
8.5601;1023.12;669.858;1692.97;2730.67;43.2324
8.5701;1023.12;684.71;1707.82;2730.67;46.888
8.5801;1023.12;677.863;1700.98;2730.67;50.0103
8.5901;1023.12;668.651;1691.77;2730.67;48.4082
8.6001;1023.12;686.702;1709.82;2730.67;48.7265
8.6101;1023.12;679.034;1702.15;2730.67;48.6967
8.6201;1023.12;673.902;1697.02;2730.67;49.3665
8.6301;1023.12;682.242;1705.36;2730.67;48.9638
8.6401;1023.12;674.605;1697.72;2730.67;54.685
8.6501;1023.12;672.009;1695.12;2730.67;49.9715
8.6601;1023.12;686.114;1709.23;2730.67;47.7341
8.6701;1023.12;672.159;1695.27;2730.67;47.5104
8.6801;1023.12;675.052;1698.17;2730.67;46.7977
8.6901;1023.12;684.088;1707.2;2730.67;53.0707
8.7001;1023.12;666.201;1689.32;2730.67;49.6586
8.7101;1023.12;675.842;1698.96;2730.67;45.9064
8.7201;1023.12;689.491;1712.61;2730.67;44.3483
8.7301;1023.12;670.421;1693.54;2730.67;43.141
8.7401;1023.12;676.321;1699.44;2730.67;43.3094
8.7501;1023.12;678.301;1701.42;2730.67;48.9951
8.76011;1023.12;668.048;1691.16;2730.67;47.5533
8.77011;1023.12;681.019;1704.13;2730.67;45.7641
8.78011;1023.12;677.456;1700.57;2730.67;47.5418
8.79011;1023.12;669.416;1692.53;2730.67;46.4629
8.80011;1023.12;681.562;1704.68;2730.67;46.9482
8.81011;1023.12;676.017;1699.13;2730.67;51.5621
8.82011;1023.12;664.165;1687.28;2730.67;47.3653
8.83011;1023.12;686.697;1709.81;2730.67;48.4025
8.84011;1023.12;676.642;1699.76;2730.67;49.7618
8.85011;1023.12;667.551;1690.67;2730.67;48.7694
8.86011;1023.12;680.638;1703.75;2730.67;50.3068
8.87011;1023.12;677.058;1700.17;2730.67;55.169
8.88011;1023.12;672.424;1695.54;2730.67;50.7878
8.89011;1023.12;684.893;1708.01;2730.67;48.4884
8.90011;1023.12;672.597;1695.71;2730.67;47.6322
8.91011;1023.12;670.113;1693.23;2730.67;45.4704
8.92011;1023.12;681.003;1704.12;2730.67;49.6407
8.93011;1023.12;670.185;1693.3;2730.67;53.4473
8.94011;1023.12;667.444;1690.56;2730.67;48.4501
8.95011;1023.12;688.633;1711.75;2730.67;50.6378
8.96011;1023.12;671.66;1694.78;2730.67;48.8795
8.97011;1023.12;671.189;1694.3;2730.67;46.4545
8.98011;1023.12;682.811;1705.93;2730.67;48.8974
8.99011;1023.12;668.997;1692.11;2730.67;47.6872
9.00011;1023.12;669.934;1693.05;2730.67;43.5701
9.01011;1023.12;679.251;1702.37;2730.67;46.2378
9.02011;1023.12;669.404;1692.52;2730.67;46.44
9.03011;1023.12;677.701;1700.82;2730.67;49.932
9.04011;1023.12;679.209;1702.32;2730.67;54.1814
9.05011;1023.12;668.704;1691.82;2730.67;51.8938
9.06011;1023.12;682.594;1705.71;2730.67;49.6104
9.07011;1023.12;676.634;1699.75;2730.67;51.1802
9.08011;1023.12;669.097;1692.21;2730.67;49.3638
9.09011;1023.12;679.031;1702.15;2730.67;48.3847
9.10011;1023.12;673.784;1696.9;2730.67;54.9934
9.11011;1023.12;664.218;1687.33;2730.67;49.9578
9.12011;1023.12;683.929;1707.04;2730.67;46.5377
9.13011;1023.12;668.736;1691.85;2730.67;47.4143
9.14011;1023.12;673.351;1696.47;2730.67;45.7308
9.15011;1023.12;681.157;1704.27;2730.67;52.0657
9.16011;1023.12;665.65;1688.76;2730.67;49.4446
9.17011;1023.12;673.225;1696.34;2730.67;45.9502
9.18011;1023.12;683.464;1706.58;2730.67;43.7641
9.19011;1023.12;667.505;1690.62;2730.67;43.7798
9.20012;1023.12;677.386;1700.5;2730.67;44.3335
9.21012;1023.12;671.175;1694.29;2730.67;47.65
9.22012;1023.12;665.265;1688.38;2730.67;46.8111
9.23012;1023.12;678.729;1701.84;2730.67;44.1452
9.24012;1023.12;672.82;1695.94;2730.67;45.5391
9.25012;1023.12;666.335;1689.45;2730.67;45.2288
9.26012;1023.12;681.701;1704.82;2730.67;49.0448
9.27012;1023.12;670.397;1693.51;2730.67;48.4332
9.28012;1023.12;663.027;1686.14;2730.67;45.2544
9.29012;1023.12;685.585;1708.7;2730.67;44.1554
9.30012;1023.12;674.2;1697.32;2730.67;46.3122
9.31012;1023.12;669.414;1692.53;2730.67;47.3252
9.32012;1023.12;680.002;1703.12;2730.67;50.5034
9.33012;1023.12;667.765;1690.88;2730.67;50.9174
9.34012;1023.12;675.494;1698.61;2730.67;47.7825
9.35012;1023.12;681.575;1704.69;2730.67;46.074
9.36012;1023.12;667.957;1691.07;2730.67;46.3845
9.37012;1023.12;669.834;1692.95;2730.67;44.9171
9.38012;1023.12;680.919;1704.03;2730.67;51.684
9.39012;1023.12;660.472;1683.59;2730.67;49.8454
9.40012;1023.12;676.113;1699.23;2730.67;47.354
9.41012;1023.12;679.902;1703.02;2730.67;51.5218
9.42012;1023.12;667.013;1690.13;2730.67;49.1445
9.43012;1023.12;671.023;1694.14;2730.67;47.0121
9.44012;1023.12;676.65;1699.77;2730.67;51.1933
9.45012;1023.12;662.589;1685.7;2730.67;48.3795
9.46012;1023.12;680.537;1703.65;2730.67;44.4637
9.47012;1023.12;672.398;1695.51;2730.67;47.7436
9.48012;1023.12;667.238;1690.35;2730.67;45.6346
9.49012;1023.12;676.171;1699.29;2730.67;48.4331
9.50012;1023.12;675.833;1698.95;2730.67;53.9863
9.51012;1023.12;661.376;1684.49;2730.67;50.7241
9.52012;1023.12;684.285;1707.4;2730.67;47.3867
9.53012;1023.12;671.174;1694.29;2730.67;47.2711
9.54012;1023.12;665.303;1688.42;2730.67;45.1125
9.55012;1023.12;676.017;1699.13;2730.67;45.1859
9.56012;1023.12;671.951;1695.07;2730.67;52.7181
9.57012;1023.12;661.407;1684.52;2730.67;47.633
9.58012;1023.12;682.265;1705.38;2730.67;46.5438
9.59012;1023.12;665.465;1688.58;2730.67;47.6865
9.60012;1023.12;668.937;1692.05;2730.67;45.5453
9.61012;1023.12;675.897;1699.01;2730.67;52.609
9.62012;1023.12;666.281;1689.4;2730.67;51.2319
9.63013;1023.12;665.554;1688.67;2730.67;46.8882
9.64013;1023.12;682.704;1705.82;2730.67;44.4167
9.65013;1023.12;665.823;1688.94;2730.67;43.5808
9.66013;1023.12;669.744;1692.86;2730.67;43.1613
9.67013;1023.12;674.984;1698.1;2730.67;49.2454
9.68013;1023.12;665.341;1688.46;2730.67;49.0653
9.69013;1023.12;668.22;1691.34;2730.67;45.4335
9.70013;1023.12;675.664;1698.78;2730.67;47.1811
9.71013;1023.12;663.734;1686.85;2730.67;46.7447
9.72013;1023.12;676.858;1699.97;2730.67;47.318
9.73013;1023.12;673.426;1696.54;2730.67;50.5778
9.74013;1023.12;664.165;1687.28;2730.67;47.3581
9.75013;1023.12;679.236;1702.35;2730.67;43.5455
9.76013;1023.12;676.807;1699.92;2730.67;44.4343
9.77013;1023.12;666.31;1689.43;2730.67;45.0864
9.78013;1023.12;675.852;1698.97;2730.67;47.7506
9.79013;1023.12;672.502;1695.62;2730.67;51.1105
9.80013;1023.12;660.721;1683.84;2730.67;47.665
9.81013;1023.12;679.779;1702.89;2730.67;44.204
9.82013;1023.12;670.296;1693.41;2730.67;44.7191
9.83013;1023.12;668.156;1691.27;2730.67;43.6193
9.84013;1023.12;677.737;1700.85;2730.67;47.8903
9.85013;1023.12;662.507;1685.62;2730.67;47.4251
9.86013;1023.12;664.912;1688.03;2730.67;45.4606
9.87013;1023.12;682.08;1705.2;2730.67;46.2887
9.88013;1023.12;664.285;1687.4;2730.67;45.282
9.89013;1023.12;668.954;1692.07;2730.67;44.5443
9.90013;1023.12;672.584;1695.7;2730.67;50.2696
9.91013;1023.12;662.541;1685.66;2730.67;47.7995
9.92013;1023.12;672.047;1695.16;2730.67;44.0823
9.93013;1023.12;674.051;1697.17;2730.67;48.4097
9.94013;1023.12;663.155;1686.27;2730.67;48.0077
9.95013;1023.12;676.842;1699.96;2730.67;53.0757
9.96013;1023.12;669.637;1692.75;2730.67;53.8266
9.97013;1023.12;658.358;1681.47;2730.67;49.7936
9.98013;1023.12;679.559;1702.67;2730.67;47.506
9.99013;1023.12;671.335;1694.45;2730.67;48.2833
10.0001;1023.12;661.092;1684.21;2730.67;46.7967
10.0101;1023.12;674.844;1697.96;2730.67;47.8265
10.0201;1023.12;668.774;1691.89;2730.67;54.8273
10.0301;1023.12;667.971;1691.09;2730.67;50.3622
10.0401;1023.12;677.427;1700.54;2730.67;50.4937
10.0501;1023.12;667.948;1691.06;2730.67;51.7419
10.0601;1023.12;663.279;1686.39;2730.67;48.9217
10.0701;1023.12;675.841;1698.96;2730.67;49.0265
10.0801;1023.12;661.115;1684.23;2730.67;47.4908
10.0901;1023.12;667.247;1690.36;2730.67;44.2887
10.1001;1023.12;680.862;1703.98;2730.67;46.0088
10.1101;1023.12;665.535;1688.65;2730.67;45.5985
10.1201;1023.12;665.234;1688.35;2730.67;45.24
10.1301;1023.12;676.527;1699.64;2730.67;51.9869
10.1401;1023.12;661.467;1684.58;2730.67;52.4804
10.1501;1023.12;667.919;1691.03;2730.67;47.8624
10.1601;1023.12;669.308;1692.42;2730.67;49.1594
10.1701;1023.12;663.489;1686.6;2730.67;46.702
10.1801;1023.12;670.519;1693.63;2730.67;46.5933
10.1901;1023.12;672.979;1696.09;2730.67;52.017
10.2001;1023.12;660.983;1684.1;2730.67;48.2576
10.2101;1023.12;676.712;1699.83;2730.67;45.2879
10.2201;1023.12;670.081;1693.2;2730.67;48.4978
10.2301;1023.12;662.234;1685.35;2730.67;47.011
10.2401;1023.12;672.387;1695.5;2730.67;49.4944
10.2501;1023.12;669;1692.12;2730.67;51.122
10.2601;1023.12;657.45;1680.56;2730.67;47.4801
10.2701;1023.12;678.212;1701.33;2730.67;44.6716
10.2801;1023.12;661.98;1685.1;2730.67;45.5978
10.2901;1023.12;665.908;1689.02;2730.67;44.1163
10.3001;1023.12;674.106;1697.22;2730.67;48.4818
10.3101;1023.12;660.782;1683.9;2730.67;48.7895
10.3201;1023.12;662.414;1685.53;2730.67;44.5982
10.3301;1023.12;676.714;1699.83;2730.67;43.2518
10.3401;1023.12;661.673;1684.79;2730.67;44.0492
10.3501;1023.12;667.965;1691.08;2730.67;42.8497
10.3601;1023.12;670.865;1693.98;2730.67;47.9074
10.3701;1023.12;660.957;1684.07;2730.67;46.2761
10.3801;1023.12;668.024;1691.14;2730.67;42.9086
10.3901;1023.12;674.338;1697.45;2730.67;43.365
10.4001;1023.12;659.938;1683.05;2730.67;44.6974
10.4101;1023.12;674.766;1697.88;2730.67;49.3936
10.4201;1023.12;666.193;1689.31;2730.67;51.1458
10.4301;1023.12;657.497;1680.61;2730.67;48.0569
10.4401;1023.12;677.703;1700.82;2730.67;44.7194
10.4501;1023.12;666.724;1689.84;2730.67;44.6078
10.4601;1023.12;665.143;1688.26;2730.67;46.145
10.4701;1023.12;672.493;1695.61;2730.67;48.7701
10.4801;1023.12;660.696;1683.81;2730.67;51.3
10.4901;1023.12;669.392;1692.51;2730.67;48.6646
10.5001;1023.12;676.634;1699.75;2730.67;49.3979
10.5101;1023.12;659.758;1682.87;2730.67;49.442
10.5201;1023.12;666.997;1690.11;2730.67;47.0938
10.5301;1023.12;672.249;1695.36;2730.67;53.0785
10.5401;1023.12;654.27;1677.39;2730.67;49.2364
10.5501;1023.12;670.575;1693.69;2730.67;46.4388
10.5601;1023.12;672.344;1695.46;2730.67;50.8943
10.5701;1023.12;659.517;1682.63;2730.67;49.5643
10.5801;1023.12;667.899;1691.01;2730.67;50.3114
10.5901;1023.12;665.602;1688.72;2730.67;53.0801
10.6001;1023.12;658.004;1681.12;2730.67;49.8535
10.6101;1023.12;676.955;1700.07;2730.67;45.5719
10.6201;1023.12;665.341;1688.46;2730.67;44.6323
10.6301;1023.12;660.121;1683.24;2730.67;42.9482
10.6401;1023.12;675.244;1698.36;2730.67;47.531
10.6501;1023.12;661.784;1684.9;2730.67;52.4608
10.6601;1023.12;660.409;1683.52;2730.67;47.3257
10.6701;1023.12;667.725;1690.84;2730.67;50.1933
10.6801;1023.12;661.822;1684.94;2730.67;48.397
10.6901;1023.12;664.836;1687.95;2730.67;46.6264
10.7001;1023.12;670.933;1694.05;2730.67;52.1848
10.7101;1023.12;657.857;1680.97;2730.67;48.6423
10.7201;1023.12;673.205;1696.32;2730.67;44.7771
10.7302;1023.12;666.273;1689.39;2730.67;48.0026
10.7402;1023.12;659.61;1682.73;2730.67;46.5146
10.7502;1023.12;669.369;1692.48;2730.67;48.9701
10.7602;1023.12;665.622;1688.74;2730.67;50.9754
10.7702;1023.12;654.935;1678.05;2730.67;47.4239
10.7802;1023.12;675.099;1698.21;2730.67;44.6918
10.7902;1023.12;657.815;1680.93;2730.67;45.5097
10.8002;1023.12;664.028;1687.14;2730.67;43.9918
10.8102;1023.12;670.824;1693.94;2730.67;48.7317
10.8202;1023.12;655.89;1679.01;2730.67;48.0594
10.8302;1023.12;664.195;1687.31;2730.67;44.3218
10.8402;1023.12;673.054;1696.17;2730.67;43.5189
10.8502;1023.12;659.336;1682.45;2730.67;43.5431
10.8602;1023.12;668.764;1691.88;2730.67;42.5654
10.8702;1023.12;663.14;1686.26;2730.67;43.6501
10.8802;1023.12;656.033;1679.15;2730.67;42.0252
10.8902;1023.12;672.575;1695.69;2730.67;40.0629
10.9002;1023.12;660.368;1683.48;2730.67;42.527
10.9102;1023.12;659.375;1682.49;2730.67;42.6707
10.9202;1023.12;668.836;1691.95;2730.67;47.7309
10.9302;1023.12;658.654;1681.77;2730.67;48.2114
10.9402;1023.12;658.643;1681.76;2730.67;44.9393
10.9502;1023.12;673.629;1696.74;2730.67;48.5438
10.9602;1023.12;657.668;1680.78;2730.67;46.8177
10.9702;1023.12;670.137;1693.25;2730.67;48.8319
10.9802;1023.12;664.305;1687.42;2730.67;51.3083
10.9902;1023.12;653.132;1676.25;2730.67;47.5109
11.0002;1023.12;674.132;1697.25;2730.67;49.5531
11.0102;1023.12;664.76;1687.88;2730.67;50.8066
11.0202;1023.12;655.993;1679.11;2730.67;48.9551
11.0302;1023.12;671.112;1694.23;2730.67;48.6935
11.0402;1023.12;656.992;1680.11;2730.67;47.3815
11.0502;1023.12;667.292;1690.41;2730.67;44.7081
11.0602;1023.12;668.121;1691.24;2730.67;47.3945
11.0702;1023.12;657.338;1680.45;2730.67;49.3221
11.0802;1023.12;662.34;1685.46;2730.67;48.4382
11.0902;1023.12;670.28;1693.4;2730.67;55.9139
11.1002;1023.12;650.501;1673.62;2730.67;52.0062
11.1102;1023.12;669.846;1692.96;2730.67;47.9009
11.1202;1023.12;661.955;1685.07;2730.67;49.0398
11.1302;1023.12;658.018;1681.13;2730.67;46.7951
11.1402;1023.12;665.308;1688.42;2730.67;47.8458
11.1502;1023.12;661.57;1684.69;2730.67;53.175
11.1602;1023.12;653.733;1676.85;2730.67;48.1717
11.1702;1023.12;674.282;1697.4;2730.67;46.416
11.1802;1023.12;659.519;1682.63;2730.67;45.8952
11.1902;1023.12;659.65;1682.77;2730.67;43.7802
11.2002;1023.12;669.747;1692.86;2730.67;49.6571
11.2102;1023.12;658.091;1681.21;2730.67;49.0217
11.2202;1023.12;659.966;1683.08;2730.67;44.8925
11.2302;1023.12;666.409;1689.52;2730.67;46.2061
11.2402;1023.12;655.649;1678.76;2730.67;44.5867
11.2502;1023.12;668.754;1691.87;2730.67;48.6639
11.2602;1023.12;663.529;1686.64;2730.67;51.4932
11.2702;1023.12;655.943;1679.06;2730.67;48.5179
11.2802;1023.12;671.951;1695.07;2730.67;44.781
11.2902;1023.12;658.331;1681.45;2730.67;45.2215
11.3002;1023.12;664.336;1687.45;2730.67;46.092
11.3102;1023.12;665.954;1689.07;2730.67;48.2062
11.3202;1023.12;655.854;1678.97;2730.67;50.4778
11.3302;1023.12;666.839;1689.95;2730.67;47.46
11.3402;1023.12;668.89;1692;2730.67;48.4591
11.3502;1023.12;655.622;1678.74;2730.67;48.3044
11.3602;1023.12;667.637;1690.75;2730.67;47.3045
11.3702;1023.12;660.283;1683.4;2730.67;47.7037
11.3802;1023.12;661.783;1684.9;2730.67;44.8847
11.3902;1023.12;671.036;1694.15;2730.67;43.4686
11.4002;1023.12;659.227;1682.34;2730.67;46.0649
11.4102;1023.12;659.217;1682.33;2730.67;45.4314
11.4202;1023.12;669.427;1692.54;2730.67;52.6037
11.4302;1023.12;650.376;1673.49;2730.67;49.2264
11.4402;1023.12;664.407;1687.52;2730.67;46.5595
11.4502;1023.12;670.168;1693.28;2730.67;48.1459
11.4602;1023.12;655.325;1678.44;2730.67;46.0009
11.4702;1023.12;661.536;1684.65;2730.67;45.6058
11.4802;1023.12;662.563;1685.68;2730.67;51.5969
11.4902;1023.12;652.57;1675.68;2730.67;49.1179
11.5002;1023.12;671.601;1694.72;2730.67;49.6683
11.5102;1023.12;660.96;1684.08;2730.67;48.766
11.5202;1023.12;655.612;1678.73;2730.67;46.1607
11.5302;1023.12;669.978;1693.09;2730.67;48.6671
11.5402;1023.12;656.56;1679.68;2730.67;48.3704
11.5502;1023.12;657.181;1680.3;2730.67;44.2344
11.5602;1023.12;661.945;1685.06;2730.67;47.7449
11.5702;1023.12;656.14;1679.26;2730.67;46.6962
11.5802;1023.12;662.574;1685.69;2730.67;50.0102
11.5902;1023.12;665.655;1688.77;2730.67;55.2323
11.6002;1023.12;653.722;1676.84;2730.67;51.8156
11.6102;1023.12;669.071;1692.19;2730.67;46.7695
11.6202;1023.12;662.092;1685.21;2730.67;47.4856
11.6302;1023.12;655.607;1678.72;2730.67;46.0972
11.6402;1023.12;665.237;1688.35;2730.67;47.3716
11.6502;1023.12;660.824;1683.94;2730.67;51.3526
11.6602;1023.12;651.085;1674.2;2730.67;47.8463
11.6702;1023.12;670.901;1694.02;2730.67;47.3117
11.6802;1023.12;653.283;1676.4;2730.67;47.9698
11.6902;1023.12;660.64;1683.76;2730.67;45.7177
11.7002;1023.12;666.741;1689.86;2730.67;48.2146
11.7102;1023.12;651.629;1674.74;2730.67;45.4933
11.7202;1023.12;662.085;1685.2;2730.67;42.1486
11.7302;1023.12;668.4;1691.52;2730.67;40.7939
11.7402;1023.12;655.359;1678.47;2730.67;42.1588
11.7502;1023.12;665.643;1688.76;2730.67;45.6617
11.7602;1023.12;656.917;1680.03;2730.67;46.819
11.7702;1023.12;651.786;1674.9;2730.67;45.1586
11.7802;1023.12;668.485;1691.6;2730.67;42.0095
11.7902;1023.12;656.144;1679.26;2730.67;42.2693
11.8002;1023.12;655.214;1678.33;2730.67;42.4058
11.8102;1023.12;664.64;1687.76;2730.67;47.9824
11.8202;1023.12;654.651;1677.77;2730.67;49.4558
11.8302;1023.12;653.79;1676.91;2730.67;45.3367
11.8402;1023.12;669.996;1693.11;2730.67;48.1869
11.8502;1023.12;654.355;1677.47;2730.67;47.3573
11.8602;1023.12;664.098;1687.21;2730.67;48.2238
11.8702;1023.12;661.805;1684.92;2730.67;50.3936
11.8802;1023.12;649.813;1672.93;2730.67;47.2527
11.8902;1023.12;667.982;1691.1;2730.67;45.9785
11.9002;1023.12;662.62;1685.74;2730.67;48.981
11.9102;1023.12;650.923;1674.04;2730.67;47.3353
11.9202;1023.12;665.1;1688.21;2730.67;49.9513
11.9302;1023.12;658.373;1681.49;2730.67;53.4171
11.9402;1023.12;657.502;1680.62;2730.67;49.2235
11.9502;1023.12;667.134;1690.25;2730.67;46.8221
11.9602;1023.12;657.728;1680.84;2730.67;47.8684
11.9702;1023.12;653.473;1676.59;2730.67;45.6777
11.9802;1023.12;666.253;1689.37;2730.67;48.6432
11.9902;1023.12;650.137;1673.25;2730.67;51.1758
12.0002;1023.12;660.399;1683.51;2730.67;47.5501
12.0102;1023.12;667.727;1690.84;2730.67;52.9207
12.0202;1023.12;654.706;1677.82;2730.67;49.946
12.0302;1023.12;656.941;1680.06;2730.67;47.3249
12.0402;1023.12;663.012;1686.13;2730.67;51.3692
12.0502;1023.12;649.497;1672.61;2730.67;48.375
12.0602;1023.12;666.25;1689.37;2730.67;44.0618
12.0702;1023.12;657.298;1680.41;2730.67;46.6728
12.0802;1023.12;653.17;1676.29;2730.67;44.4976
12.0902;1023.12;664.133;1687.25;2730.67;50.8002
12.1002;1023.12;657.736;1680.85;2730.67;53.2543
12.1102;1023.12;650.825;1673.94;2730.67;49.2405
12.1202;1023.12;671.401;1694.52;2730.67;46.0962
12.1302;1023.12;652.594;1675.71;2730.67;45.5042
12.1402;1023.12;659.659;1682.77;2730.67;45.3689
12.1502;1023.12;661.52;1684.64;2730.67;48.5122
12.1602;1023.12;652.103;1675.22;2730.67;48.3925
12.1702;1023.12;665.62;1688.74;2730.67;45.5872
12.1802;1023.12;661.77;1684.89;2730.67;47.3089
12.1902;1023.12;655.015;1678.13;2730.67;47.3312
12.2002;1023.12;662.749;1685.86;2730.67;46.5789
12.2102;1023.12;655.642;1678.76;2730.67;46.5431
12.2202;1023.12;657.73;1680.85;2730.67;43.3801
12.2302;1023.12;667.934;1691.05;2730.67;44.4395
12.2402;1023.12;649.578;1672.69;2730.67;44.8036
12.2502;1023.12;660.787;1683.9;2730.67;46.5108
12.2602;1023.12;660.06;1683.18;2730.67;50.8785
12.2702;1023.12;647.835;1670.95;2730.67;47.5586
12.2802;1023.12;662.904;1686.02;2730.67;43.955
12.2902;1023.12;662.648;1685.76;2730.67;45.4314
12.3002;1023.12;651.584;1674.7;2730.67;44.196
12.3102;1023.12;665.467;1688.58;2730.67;49.0268
12.3202;1023.12;648.444;1671.56;2730.67;48.8862
12.3302;1023.12;655.175;1678.29;2730.67;46.243
12.3402;1023.12;669.219;1692.33;2730.67;49.718
12.3502;1023.12;653.807;1676.92;2730.67;48.8281
12.3602;1023.12;651.167;1674.28;2730.67;46.7258
12.3702;1023.12;662.657;1685.77;2730.67;52.2982
12.3802;1023.12;648.674;1671.79;2730.67;49.5494
12.3902;1023.12;659.622;1682.74;2730.67;45.2657
12.4002;1023.12;657.672;1680.79;2730.67;48.735
12.4102;1023.12;652.014;1675.13;2730.67;47.9134
12.4202;1023.12;658.88;1681.99;2730.67;49.5376
12.4302;1023.12;660.433;1683.55;2730.67;55.415
12.4402;1023.12;645.132;1668.25;2730.67;51.0695
12.4502;1023.12;666.678;1689.79;2730.67;49.1559
12.4602;1023.12;654.301;1677.42;2730.67;47.446
12.4702;1023.12;651.229;1674.34;2730.67;46.0981
12.4802;1023.12;661.993;1685.11;2730.67;49.3123
12.4902;1023.12;651.261;1674.38;2730.67;50.6323
12.5002;1023.12;660.16;1683.28;2730.67;46.3465
12.5102;1023.12;663.405;1686.52;2730.67;49.4908
12.5202;1023.12;648.291;1671.41;2730.67;47.6817
12.5302;1023.12;658.072;1681.19;2730.67;46.5887
12.5402;1023.12;658.072;1681.19;2730.67;47.4046
12.5502;1023.12;645.17;1668.29;2730.67;44.2046
12.5602;1023.12;664.789;1687.9;2730.67;42.2609
12.5702;1023.12;649.742;1672.86;2730.67;45.239
12.5802;1023.12;653.693;1676.81;2730.67;43.8048
12.5902;1023.12;661.473;1684.59;2730.67;50.5563
12.6002;1023.12;646.859;1669.97;2730.67;48.0255
12.6102;1023.12;655.81;1678.93;2730.67;44.3622
12.6202;1023.12;663.381;1686.5;2730.67;41.9661
12.6302;1023.12;650.121;1673.24;2730.67;41.6761
12.6402;1023.12;660.522;1683.64;2730.67;44.1783
12.6502;1023.12;649.919;1673.03;2730.67;46.2048
12.6602;1023.12;646.796;1669.91;2730.67;44.6993
12.6702;1023.12;664.662;1687.78;2730.67;44.863
12.6802;1023.12;648.823;1671.94;2730.67;44.3047
12.6902;1023.12;653.029;1676.14;2730.67;43.6523
12.7002;1023.12;656.957;1680.07;2730.67;49.7428
12.7102;1023.12;646.946;1670.06;2730.67;47.7858
12.7202;1023.12;657.947;1681.06;2730.67;44.1354
12.7302;1023.12;656.513;1679.63;2730.67;47.6341
12.7402;1023.12;646.581;1669.7;2730.67;46.7511
12.7502;1023.12;662.792;1685.91;2730.67;52.17
12.7602;1023.12;651.166;1674.28;2730.67;51.9635
12.7702;1023.12;643.661;1666.78;2730.67;47.8787
12.7802;1023.12;662.212;1685.33;2730.67;47.6452
12.7902;1023.12;653.733;1676.85;2730.67;50.6004
12.8002;1023.12;646.826;1669.94;2730.67;48.2333
12.8102;1023.12;661.299;1684.41;2730.67;50.957
12.8202;1023.12;648.291;1671.41;2730.67;53.9269
12.8302;1023.12;657.795;1680.91;2730.67;49.421
12.8402;1023.12;658.755;1681.87;2730.67;51.3733
12.8502;1023.12;647.764;1670.88;2730.67;49.9776
12.8602;1023.12;652.36;1675.47;2730.67;47.6125
12.8702;1023.12;660.14;1683.25;2730.67;54.305
12.8802;1023.12;641.179;1664.29;2730.67;49.8025
12.8902;1023.12;659.993;1683.11;2730.67;47.0621
12.9002;1023.12;651.827;1674.94;2730.67;50.7447
12.9102;1023.12;648.478;1671.59;2730.67;47.7758
12.9202;1023.12;655.85;1678.97;2730.67;52.2799
12.9302;1023.12;649.398;1672.51;2730.67;51.6642
12.9402;1023.12;645.614;1668.73;2730.67;47.7581
12.9502;1023.12;664.11;1687.22;2730.67;44.7988
12.9602;1023.12;647.48;1670.6;2730.67;43.5002
12.9702;1023.12;652;1675.12;2730.67;42.7126
12.9802;1023.12;654.347;1677.46;2730.67;48.4968
12.9902;1023.12;645.392;1668.51;2730.67;47.8211
13.0002;1023.12;654.682;1677.8;2730.67;44.223
13.0102;1023.12;650.792;1673.91;2730.67;46.1385
13.0202;1023.12;646.066;1669.18;2730.67;45.0926
13.0302;1023.12;659.748;1682.86;2730.67;46.8749
13.0402;1023.12;651.287;1674.4;2730.67;49.613
13.0502;1023.12;645.145;1668.26;2730.67;45.8305
13.0602;1023.12;663.238;1686.35;2730.67;44.2294
13.0702;1023.12;647.096;1670.21;2730.67;45.5776
13.0802;1023.12;655.381;1678.5;2730.67;46.2689
13.0902;1023.12;654.785;1677.9;2730.67;49.2007
13.1002;1023.12;645.232;1668.35;2730.67;47.5574
13.1102;1023.12;656.399;1679.51;2730.67;44.4044
13.1202;1023.12;659.31;1682.43;2730.67;45.9952
13.1302;1023.12;645.1;1668.22;2730.67;46.4371
13.1402;1023.12;657.563;1680.68;2730.67;47.8633
13.1502;1023.12;649.988;1673.1;2730.67;51.1271
13.1602;1023.12;652.166;1675.28;2730.67;47.5205
13.1702;1023.12;661.025;1684.14;2730.67;49.5392
13.1802;1023.12;647.506;1670.62;2730.67;49.4958
13.1902;1023.12;649.352;1672.47;2730.67;47.6937
13.2002;1023.12;657.563;1680.68;2730.67;54.4621
13.2102;1023.12;638.975;1662.09;2730.67;49.819
13.2202;1023.12;656.094;1679.21;2730.67;47.9506
13.2302;1023.12;653.586;1676.7;2730.67;51.7682
13.2402;1023.12;644.416;1667.53;2730.67;48.8269
13.2502;1023.12;654.437;1677.55;2730.67;47.4615
13.2602;1023.12;648.467;1671.58;2730.67;48.8433
13.2702;1023.12;643.289;1666.4;2730.67;45.6915
13.2802;1023.12;663.132;1686.25;2730.67;44.2685
13.2902;1023.12;648.617;1671.73;2730.67;45.563
13.3002;1023.12;645.843;1668.96;2730.67;44.4403
13.3102;1023.12;658.746;1681.86;2730.67;50.2569
13.3202;1023.12;646.004;1669.12;2730.67;52.338
13.3302;1023.12;643.066;1666.18;2730.67;47.8195
13.3402;1023.12;654.827;1677.94;2730.67;49.9412
13.3502;1023.12;646.415;1669.53;2730.67;48.0463
13.3602;1023.12;650.974;1674.09;2730.67;47.1608
13.3702;1023.12;655.425;1678.54;2730.67;50.1578
13.3802;1023.12;643.79;1666.91;2730.67;46.4994
13.3902;1023.12;658.129;1681.24;2730.67;43.5603
13.4002;1023.12;651.7;1674.81;2730.67;47.3741
13.4102;1023.12;644.743;1667.86;2730.67;45.6684
13.4202;1023.12;654.676;1677.79;2730.67;48.4473
13.4302;1023.12;648.192;1671.31;2730.67;47.7719
13.4402;1023.12;644.582;1667.7;2730.67;44.0171
13.4502;1023.12;659.846;1682.96;2730.67;43.0598
13.4602;1023.12;642.655;1665.77;2730.67;44.8364
13.4702;1023.12;652.939;1676.05;2730.67;45.0968
13.4802;1023.12;653.456;1676.57;2730.67;51.6566
13.4902;1023.12;638.11;1661.22;2730.67;48.2865
13.5002;1023.12;657.135;1680.25;2730.67;44.8819
13.5102;1023.12;650.157;1673.27;2730.67;44.9113
13.5202;1023.12;646.999;1670.11;2730.67;44.29
13.5302;1023.12;656.326;1679.44;2730.67;48.476
13.5402;1023.12;640.546;1663.66;2730.67;48.1316
13.5502;1023.12;647.019;1670.13;2730.67;44.6918
13.5602;1023.12;661.343;1684.46;2730.67;45.6859
13.5702;1023.12;642.504;1665.62;2730.67;44.9501
13.5802;1023.12;650.797;1673.91;2730.67;44.2655
13.5902;1023.12;648.474;1671.59;2730.67;44.9383
13.6002;1023.12;640.905;1664.02;2730.67;43.8384
13.6102;1023.12;656.29;1679.41;2730.67;41.3367
13.6202;1023.12;649.254;1672.37;2730.67;46.0535
13.6302;1023.12;641.149;1664.26;2730.67;44.5328
13.6402;1023.12;658.106;1681.22;2730.67;50.609
13.6502;1023.12;642.787;1665.9;2730.67;50.3199
13.6602;1023.12;645.216;1668.33;2730.67;46.0128
13.6702;1023.12;649.939;1673.05;2730.67;48.0713
13.6802;1023.12;645.449;1668.56;2730.67;46.1985
13.6902;1023.12;647.957;1671.07;2730.67;45.0835
13.7002;1023.12;653.514;1676.63;2730.67;50.6718
13.7102;1023.12;637.971;1661.09;2730.67;46.381
13.7202;1023.12;658.896;1682.01;2730.67;46.7028
13.7302;1023.12;646.808;1669.92;2730.67;48.3251
13.7402;1023.12;641.909;1665.02;2730.67;46.3661
13.7502;1023.12;651.755;1674.87;2730.67;45.482
13.7602;1023.12;647.054;1670.17;2730.67;46.2635
13.7702;1023.12;639.174;1662.29;2730.67;42.6192
13.7802;1023.12;658.643;1681.76;2730.67;41.5408
13.7902;1023.12;640.348;1663.46;2730.67;43.8271
13.8002;1023.12;646.322;1669.44;2730.67;43.2957
13.8102;1023.12;652.113;1675.23;2730.67;50.6715
13.8202;1023.12;639.34;1662.45;2730.67;48.2082
13.8302;1023.12;651.842;1674.96;2730.67;44.0932
13.8402;1023.12;649.484;1672.6;2730.67;45.475
13.8502;1023.12;642.851;1665.97;2730.67;43.4844
13.8602;1023.12;651.929;1675.04;2730.67;45.0499
13.8702;1023.12;640.924;1664.04;2730.67;46.1423
13.8802;1023.12;642.762;1665.88;2730.67;43.4828
13.8902;1023.12;655.779;1678.89;2730.67;42.4577
13.9002;1023.12;640.493;1663.61;2730.67;42.9307
13.9102;1023.12;649.284;1672.4;2730.67;42.5245
13.9202;1023.12;644.202;1667.32;2730.67;42.7178
13.9302;1023.12;637.969;1661.08;2730.67;41.2033
13.9402;1023.12;654.493;1677.61;2730.67;39.6142
13.9502;1023.12;642.516;1665.63;2730.67;42.7395
13.9602;1023.12;642.536;1665.65;2730.67;42.5522
13.9702;1023.12;649.795;1672.91;2730.67;46.5234
13.9802;1023.12;638.675;1661.79;2730.67;45.4691
13.9902;1023.12;649.122;1672.24;2730.67;42.1709
14.0002;1023.12;647.862;1670.98;2730.67;46.4504
14.0102;1023.12;638.932;1662.05;2730.67;45.0988
14.0202;1023.12;652.596;1675.71;2730.67;48.3714
14.0302;1023.12;643.312;1666.43;2730.67;50.4312
14.0402;1023.12;635.327;1658.44;2730.67;46.8706
14.0502;1023.12;651.148;1674.26;2730.67;51.0282
14.0602;1023.12;644.014;1667.13;2730.67;49.9244
14.0702;1023.12;640.243;1663.36;2730.67;47.4275
14.0802;1023.12;652.237;1675.35;2730.67;49.4022
14.0902;1023.12;637.348;1660.46;2730.67;46.6265
14.1002;1023.12;650.314;1673.43;2730.67;44.5441
14.1102;1023.12;645.34;1668.46;2730.67;47.675
14.1202;1023.12;637.465;1660.58;2730.67;46.1638
14.1302;1023.12;646.127;1669.24;2730.67;47.852
14.1402;1023.12;646.846;1669.96;2730.67;50.9719
14.1502;1023.12;632.16;1655.28;2730.67;47.0719
14.1602;1023.12;653.909;1677.02;2730.67;43.4471
14.1702;1023.12;638.606;1661.72;2730.67;46.9313
14.1802;1023.12;641.396;1664.51;2730.67;44.9734
14.1902;1023.12;648.497;1671.61;2730.67;51.1674
14.2002;1023.12;636.479;1659.59;2730.67;50.2317
14.2102;1023.12;643.72;1666.83;2730.67;46.3606
14.2202;1023.12;650.174;1673.29;2730.67;47.516
14.2302;1023.12;638.578;1661.69;2730.67;46.0082
14.2402;1023.12;646.881;1670;2730.67;45.1981
14.2502;1023.12;639.442;1662.56;2730.67;48.7845
14.2602;1023.12;636.228;1659.34;2730.67;45.315
14.2702;1023.12;651.467;1674.58;2730.67;42.7837
14.2802;1023.12;636.744;1659.86;2730.67;44.8512
14.2902;1023.12;643.014;1666.13;2730.67;44.1989
14.3002;1023.12;643.977;1667.09;2730.67;47.0913
14.3102;1023.12;635.918;1659.03;2730.67;45.8119
14.3202;1023.12;643.023;1666.14;2730.67;42.4038
14.3302;1023.12;644.271;1667.39;2730.67;44.6671
14.3402;1023.12;635.177;1658.29;2730.67;44.3398
14.3502;1023.12;650.277;1673.39;2730.67;49.2522
14.3602;1023.12;639.486;1662.6;2730.67;50.8666
14.3702;1023.12;632.822;1655.94;2730.67;47.8452
14.3802;1023.12;654.464;1677.58;2730.67;49.9447
14.3902;1023.12;641.249;1664.36;2730.67;50.156
14.4002;1023.12;639.503;1662.62;2730.67;48.9511
14.4102;1023.12;646.027;1669.14;2730.67;50.8004
14.4202;1023.12;633.062;1656.18;2730.67;47.1934
14.4302;1023.12;647.842;1670.96;2730.67;46.1783
14.4402;1023.12;643.611;1666.73;2730.67;48.097
14.4502;1023.12;632.964;1656.08;2730.67;47.1115
14.4602;1023.12;644.958;1668.07;2730.67;49.0679
14.4702;1023.12;642.385;1665.5;2730.67;53.4838
14.4802;1023.12;640.98;1664.09;2730.67;49.1569
14.4902;1023.12;648.841;1671.96;2730.67;48.4549
14.5002;1023.12;636.023;1659.14;2730.67;46.6897
14.5102;1023.12;637.571;1660.69;2730.67;45.2986
14.5202;1023.12;646.587;1669.7;2730.67;52.7501
14.5302;1023.12;630.42;1653.54;2730.67;50.6691
14.5402;1023.12;644.854;1667.97;2730.67;46.0876
14.5502;1023.12;643.692;1666.81;2730.67;48.6871
14.5602;1023.12;635.024;1658.14;2730.67;46.0278
14.5702;1023.12;642.372;1665.49;2730.67;47.0032
14.5802;1023.12;638.152;1661.27;2730.67;50.9059
14.5902;1023.12;631.888;1655;2730.67;46.3641
14.6002;1023.12;649.729;1672.84;2730.67;44.7963
14.6102;1023.12;634.134;1657.25;2730.67;45.528
14.6202;1023.12;638.267;1661.38;2730.67;43.4749
14.6302;1023.12;641.776;1664.89;2730.67;45.8797
14.6402;1023.12;632.144;1655.26;2730.67;43.7914
14.6502;1023.12;642.867;1665.98;2730.67;41.0121
14.6602;1023.12;636.846;1659.96;2730.67;43.3412
14.6702;1023.12;634.32;1657.44;2730.67;42.9732
14.6802;1023.12;643.923;1667.04;2730.67;47.0836
14.6902;1023.12;635.002;1658.12;2730.67;48.0088
14.7002;1023.12;631.483;1654.6;2730.67;44.9198
14.7102;1023.12;649.195;1672.31;2730.67;47.7962
14.7202;1023.12;631.408;1654.52;2730.67;46.9277
14.7302;1023.12;645.436;1668.55;2730.67;49.1632
14.7402;1023.12;637.544;1660.66;2730.67;50.6123
14.7502;1023.12;628.066;1651.18;2730.67;48.8004
14.7602;1023.12;649.922;1673.04;2730.67;50.161
14.7702;1023.12;639.061;1662.18;2730.67;51.4244
14.7802;1023.12;633.482;1656.6;2730.67;49.8919
14.7902;1023.12;643.89;1667.01;2730.67;50.8545
14.8002;1023.12;629.775;1652.89;2730.67;47.7372
14.8102;1023.12;642.665;1665.78;2730.67;46.0474
14.8202;1023.12;639.944;1663.06;2730.67;47.7561
14.8302;1023.12;629.414;1652.53;2730.67;47.6646
14.8402;1023.12;640.722;1663.84;2730.67;48.7374
14.8502;1023.12;640.34;1663.46;2730.67;55.2726
14.8602;1023.12;631.276;1654.39;2730.67;50.5116
14.8702;1023.12;646.331;1669.45;2730.67;48.3016
14.8802;1023.12;633.628;1656.74;2730.67;46.9408
14.8902;1023.12;632.929;1656.04;2730.67;45.2074
14.9002;1023.12;642.353;1665.47;2730.67;51.5972
14.9102;1023.12;627.999;1651.11;2730.67;51.0443
14.9202;1023.12;638.028;1661.14;2730.67;46.5507
14.9302;1023.12;643.779;1666.89;2730.67;49.4721
14.9402;1023.12;631.766;1654.88;2730.67;46.6201
14.9502;1023.12;638.695;1661.81;2730.67;46.6645
14.9602;1023.12;635.581;1658.7;2730.67;50.5778
14.9702;1023.12;628.557;1651.67;2730.67;46.0319
14.9802;1023.12;645.583;1668.7;2730.67;44.072
14.9902;1023.12;630.56;1653.68;2730.67;45.8408
