0;1023.03;-0.121242;1022.91;2048;0.859;0.891293
0.01;1023.03;-0.0509296;1022.98;2048;0.8751;0.891293
0.02;1023.03;-0.235805;1022.79;2048;0.8289;0.891293
0.03;1023.03;4.87754;1027.91;2048;1.9466;0.891293
0.04;1023.03;15.6146;1038.64;2048;4.3509;0.891293
0.05;1023.03;26.6114;1049.64;2048;5.5676;0.891293
0.06;1023.03;35.8891;1058.92;2048;5.8501;0.891293
0.07;1023.03;44.1665;1067.2;2048;3.1758;0.891293
0.08;1023.03;58.0794;1081.11;2048;2.2083;0.891293
0.09;1023.03;67.4161;1090.44;2048;2.5875;0.891293
0.1;1023.03;78.7171;1101.75;2048;5.2306;0.891293
0.11;1023.03;93.5616;1116.59;2048;6.003;0.891293
0.12;1023.03;102.617;1125.65;2048;7.51;0.891293
0.13;1023.03;106.019;1129.05;2048;6.543;0.891293
0.14;1023.03;114.105;1137.13;2048;6.5417;0.891293
0.15;1023.03;123.622;1146.65;2048;7.168;0.891293
0.16;1023.03;136.433;1159.46;2048;8.4313;0.891293
0.17;1023.03;146.075;1169.1;2048;12.2117;0.891293
0.18;1023.03;151.285;1174.31;2048;13.5658;0.891293
0.19;1023.03;153.451;1176.48;2048;13.8011;0.891293
0.2;1023.03;162.507;1185.54;2048;13.6553;0.891293
0.21;1023.03;170.317;1193.35;2048;14.0074;0.891293
0.22;1023.03;178.424;1201.45;2048;15.0976;0.891293
0.23;1023.03;181.045;1204.07;2048;17.7598;0.891293
0.24;1023.03;184.285;1207.31;2048;19.6355;0.891293
0.25;1023.03;192.106;1215.13;2048;17.0786;0.891293
0.26;1023.03;198.757;1221.79;2048;18.0517;0.891293
0.27;1023.03;199.517;1222.55;2048;17.4569;0.891293
0.28;1023.03;209.396;1232.42;2048;19.6397;0.891293
0.29;1023.03;214.021;1237.05;2048;19.3021;0.891293
0.3;1023.03;216.085;1239.11;2048;17.7452;0.891293
0.31;1023.03;226.885;1249.91;2048;18.3509;0.891293
0.32;1023.03;224.068;1247.1;2048;18.4702;0.891293
0.33;1023.03;226.752;1249.78;2048;17.0802;0.891293
0.34;1023.03;234.187;1257.22;2048;18.2813;0.891293
0.35;1023.03;236.325;1259.35;2048;17.9368;0.891293
0.36;1023.03;246.835;1269.86;2048;19.8101;0.891293
0.37;1023.03;243.068;1266.1;2048;20.0729;0.891293
0.38;1023.03;247.974;1271;2048;18.4031;0.891293
0.39;1023.03;247.755;1270.78;2048;22.2784;0.891293
0.4;1023.03;258.188;1281.22;2048;23.581;0.891293
0.41;1023.03;256.935;1279.96;2048;23.1017;0.891293
0.42;1023.03;267.42;1290.45;2048;24.3902;0.891293
0.43;1023.03;264.645;1287.67;2048;23.3473;0.891293
0.44;1023.03;266.05;1289.08;2048;20.5207;0.891293
0.45;1023.03;264.521;1287.55;2048;19.4942;0.891293
0.46;1023.03;266.661;1289.69;2048;20.2509;0.891293
0.47;1023.03;276.812;1299.84;2048;21.5535;0.891293
0.48;1023.03;274.642;1297.67;2048;20.9945;0.891293
0.49;1023.03;274.921;1297.95;2048;21.8876;0.891293
0.5;1023.03;279.363;1302.39;2048;23.0299;0.891293
0.51;1023.03;282.621;1305.65;2048;22.9448;0.891293
0.52;1023.03;283.793;1306.82;2048;22.4486;0.891293
0.53;1023.03;280.56;1303.59;2048;23.2593;0.891293
0.54;1023.03;281.466;1304.49;2048;22.9673;0.891293
0.55;1023.03;292.37;1315.4;2048;22.567;0.891293
0.56;1023.03;288.936;1311.96;2048;20.4378;0.891293
0.57;1023.03;288.056;1311.08;2048;22.2669;0.891293
0.58;1023.03;292.128;1315.16;2048;22.9238;0.891293
0.59;1023.03;296.437;1319.47;2048;23.5809;0.891293
0.6;1023.03;297.084;1320.11;2048;23.6744;0.891293
0.61;1023.03;296.773;1319.8;2048;26.6104;0.891293
0.62;1023.03;295.098;1318.13;2048;25.7651;0.891293
0.63;1023.03;302.866;1325.89;2048;24.4522;0.891293
0.64;1023.03;302.9;1325.93;2048;22.9639;0.891293
0.65;1023.03;302.912;1325.94;2048;25.5436;0.891293
0.66;1023.03;305.104;1328.13;2048;25.8562;0.891293
0.67;1023.03;306.091;1329.12;2048;24.5806;0.891293
0.68;1023.03;307.874;1330.9;2048;22.179;0.891293
0.69;1023.03;314.326;1337.35;2048;27.6764;0.891293
0.7;1023.03;308.713;1331.74;2048;28.3198;0.891293
0.71;1023.03;310.29;1333.32;2048;27.7555;0.891293
0.72;1023.03;312.154;1335.18;2048;26.9872;0.891293
0.73;1023.03;319.138;1342.17;2048;26.2722;0.891293
0.74;1023.03;318.312;1341.34;2048;25.5465;0.891293
0.75;1023.03;314.609;1337.64;2048;23.5936;0.891293
0.76;1023.03;314.564;1337.59;2048;22.3272;0.891293
0.77;1023.03;322.406;1345.44;2048;24.3066;0.891293
0.78;1023.03;323.784;1346.81;2048;25.1546;0.891293
0.79;1023.03;320.438;1343.47;2048;25.1137;0.891293
0.8;1023.03;318.562;1341.59;2048;27.0838;0.891293
0.81;1023.03;321.104;1344.13;2048;26.1286;0.891293
0.82;1023.03;327.727;1350.76;2048;25.5326;0.891293
0.83;1023.03;326.041;1349.07;2048;24.8576;0.891293
0.839999;1023.03;322.034;1345.06;2048;25.0791;0.891293
0.849999;1023.03;322.182;1345.21;2048;25.207;0.891293
0.859999;1023.03;328.501;1351.53;2048;24.2018;0.891293
0.869999;1023.03;327.492;1350.52;2048;22.4627;0.891293
0.879999;1023.03;329.844;1352.87;2048;29.3923;0.891293
0.889999;1023.03;325.876;1348.9;2048;29.8449;0.891293
0.899999;1023.03;328.424;1351.45;2048;29.2794;0.891293
0.909999;1023.03;331.163;1354.19;2048;27.9827;0.891293
0.919999;1023.03;335.417;1358.45;2048;28.8013;0.891293
0.929999;1023.03;333.203;1356.23;2048;28.215;0.891293
0.939999;1023.03;331.82;1354.85;2048;26.0959;0.891293
0.949999;1023.03;331.166;1354.19;2048;25.0951;0.891293
0.959999;1023.03;337.326;1360.36;2048;28.6822;0.891293
0.969999;1023.03;339.751;1362.78;2048;29.876;0.891293
0.979999;1023.03;333.479;1356.51;2048;29.1772;0.891293
0.989999;1023.03;333.546;1356.57;2048;30.4144;0.891293
0.999999;1023.03;338.005;1361.03;2048;30.5732;0.891293
1.01;1023.03;338.616;1361.64;2048;30.1888;0.891293
1.02;1023.03;337.832;1360.86;2048;28.4849;0.891293
1.03;1023.03;333.555;1356.58;2048;27.9577;0.891293
1.04;1023.03;331.466;1354.49;2048;27.6597;0.891293
1.05;1023.03;340.897;1363.93;2048;26.8242;0.891293
1.06;1023.03;336.533;1359.56;2048;25.0881;0.891293
1.07;1023.03;337.107;1360.14;2048;33.1784;0.891293
1.08;1023.03;338.566;1361.59;2048;33.06;0.891293
1.09;1023.03;338.797;1361.83;2048;32.5869;0.891293
1.1;1023.03;340.987;1364.02;2048;31.1252;0.891293
1.11;1023.03;345.506;1368.53;2048;31.1388;0.891293
1.12;1023.03;339.236;1362.26;2048;30.2481;0.891293
1.13;1023.03;341.75;1364.78;2048;28.2272;0.891293
1.14;1023.03;339.749;1362.78;2048;25.8234;0.891293
1.15;1023.03;340.683;1363.71;2048;29.7303;0.891293
1.16;1023.03;343.814;1366.84;2048;31.1583;0.891293
1.17;1023.03;338.845;1361.87;2048;30.1693;0.891293
1.18;1023.03;341.675;1364.7;2048;28.7851;0.891293
1.19;1023.03;347.013;1370.04;2048;29.5074;0.891293
1.2;1023.03;339.665;1362.69;2048;29.1748;0.891293
1.21;1023.03;339.974;1363;2048;27.677;0.891293
1.22;1023.03;339.833;1362.86;2048;26.3326;0.891293
1.23;1023.03;340.692;1363.72;2048;28.332;0.891293
1.24;1023.03;339.584;1362.61;2048;28.4284;0.891293
1.25;1023.03;342.782;1365.81;2048;27.2951;0.891293
1.26;1023.03;337.81;1360.84;2048;25.3335;0.891293
1.27;1023.03;338.342;1361.37;2048;24.246;0.891293
1.28;1023.03;338.472;1361.5;2048;29.4067;0.891293
1.29;1023.03;343.741;1366.77;2048;30.1825;0.891293
1.3;1023.03;338.966;1362;2048;28.954;0.891293
1.31;1023.03;342.515;1365.54;2048;29.7759;0.891293
1.32;1023.03;346.011;1369.04;2048;32.4192;0.891293
1.33;1023.03;338.763;1361.79;2048;31.9578;0.891293
1.34;1023.03;342.945;1365.97;2048;30.5857;0.891293
1.35;1023.03;338.93;1361.96;2048;28.7162;0.891293
1.36;1023.03;339.414;1362.44;2048;27.9348;0.891293
1.37;1023.03;346.104;1369.13;2048;26.9806;0.891293
1.38;1023.03;338.451;1361.48;2048;25.4027;0.891293
1.39;1023.03;340.794;1363.82;2048;28.8391;0.891293
1.4;1023.03;345.559;1368.59;2048;29.9793;0.891293
1.41;1023.03;341.768;1364.8;2048;29.6709;0.891293
1.42;1023.03;342.875;1365.9;2048;28.5057;0.891293
1.43;1023.03;343.617;1366.65;2048;27.904;0.891293
1.44;1023.03;340.755;1363.78;2048;27.0723;0.891293
1.45;1023.03;343.008;1366.04;2048;25.0308;0.891293
1.46;1023.03;340.482;1363.51;2048;24.3254;0.891293
1.47;1023.03;344.268;1367.3;2048;30.0713;0.891293
1.48;1023.03;344.081;1367.11;2048;30.3217;0.891293
1.49;1023.03;339.951;1362.98;2048;29.7871;0.891293
1.5;1023.03;341.976;1365;2048;31.5884;0.891293
1.51;1023.03;346.403;1369.43;2048;32.9003;0.891293
1.52;1023.03;345.804;1368.83;2048;32.7382;0.891293
1.53;1023.03;343.272;1366.3;2048;30.3195;0.891293
1.54;1023.03;338.739;1361.77;2048;29.5261;0.891293
1.55;1023.03;343.201;1366.23;2048;28.6878;0.891293
1.56;1023.03;345.562;1368.59;2048;27.522;0.891293
1.57;1023.03;341.719;1364.75;2048;25.938;0.891293
1.58;1023.03;341.62;1364.65;2048;36.8703;0.891293
1.59;1023.03;339.158;1362.19;2048;35.6834;0.891293
1.6;1023.03;342.752;1365.78;2048;34.3365;0.891293
1.61;1023.03;343.083;1366.11;2048;32.3473;0.891293
1.62;1023.03;342.812;1365.84;2048;30.3488;0.891293
1.63;1023.03;341.719;1364.75;2048;29.3969;0.891293
1.64;1023.03;342.704;1365.73;2048;27.1012;0.891293
1.65;1023.03;340.402;1363.43;2048;25.4753;0.891293
1.66;1023.03;343.89;1366.92;2048;32.171;0.891293
1.67;1023.03;343.93;1366.96;2048;32.1467;0.891293
1.68;1023.03;339.936;1362.97;2048;31.0612;0.891293
1.69;1023.03;341.954;1364.98;2048;33.6611;0.891293
1.7;1023.03;345.016;1368.05;2048;32.2045;0.891293
1.71;1023.03;345.808;1368.84;2048;31.2736;0.891293
1.72;1023.03;342.15;1365.18;2048;29.275;0.891293
1.73;1023.03;337.772;1360.8;2048;28.3447;0.891293
1.74;1023.03;343.342;1366.37;2048;28.8923;0.891293
1.75;1023.03;343.171;1366.2;2048;27.5551;0.891293
1.76;1023.03;341.665;1364.69;2048;25.7929;0.891293
1.77;1023.03;341.412;1364.44;2048;35.9428;0.891293
1.78;1023.03;334.516;1357.54;2048;35.1546;0.891293
1.79;1023.03;341.263;1364.29;2048;33.2484;0.891293
1.8;1023.03;340.365;1363.39;2048;30.7191;0.891293
1.81;1023.03;337.836;1360.86;2048;29.1212;0.891293
1.82;1023.03;341.28;1364.31;2048;28.4539;0.891293
1.83;1023.03;337.885;1360.91;2048;25.9902;0.891293
1.84;1023.03;338.297;1361.33;2048;26.6604;0.891293
1.85;1023.03;347.29;1370.32;2048;32.9514;0.891293
1.86;1023.03;339.6;1362.63;2048;32.3944;0.891293
1.87;1023.03;338.095;1361.12;2048;31.7719;0.891293
1.88;1023.03;341.801;1364.83;2048;31.3602;0.891293
1.89;1023.03;336.972;1360;2048;30.6913;0.891293
1.9;1023.03;344.367;1367.4;2048;29.9643;0.891293
1.91;1023.03;336.804;1359.83;2048;27.6751;0.891293
1.92;1023.03;334.054;1357.08;2048;30.1924;0.891293
1.93;1023.03;340.349;1363.38;2048;30.8134;0.891293
1.94;1023.03;336.648;1359.68;2048;29.1572;0.891293
1.95;1023.03;338.305;1361.33;2048;29.0992;0.891293
1.96;1023.03;340.48;1363.51;2048;34.6296;0.891293
1.97;1023.03;332.512;1355.54;2048;34.3475;0.891293
1.98;1023.03;336.9;1359.93;2048;32.8692;0.891293
1.99;1023.03;333.425;1356.45;2048;30.3762;0.891293
2;1023.03;331.069;1354.1;2048;28.8185;0.891293
2.01;1023.03;337.951;1360.98;2048;28.0333;0.891293
2.02;1023.03;330.236;1353.27;2048;25.7545;0.891293
2.03;1023.03;332.541;1355.57;2048;26.3167;0.891293
2.04;1023.03;337.415;1360.44;2048;27.9628;0.891293
2.05;1023.03;332.109;1355.14;2048;27.7574;0.891293
2.06;1023.03;332.514;1355.54;2048;27.6695;0.891293
2.07;1023.03;334.171;1357.2;2048;28.4543;0.891293
2.08;1023.03;328.546;1351.57;2048;27.4528;0.891293
2.09;1023.03;335.699;1358.73;2048;25.7187;0.891293
2.1;1023.03;329.053;1352.08;2048;24.1569;0.891293
2.11;1023.03;328.044;1351.07;2048;26.8278;0.891293
2.12;1023.03;333.6;1356.63;2048;27.8611;0.891293
2.13;1023.03;328.083;1351.11;2048;27.0768;0.891293
2.14;1023.03;330.366;1353.39;2048;29.8809;0.891293
2.15;1023.03;334.121;1357.15;2048;34.3309;0.891293
2.16;1023.03;331.118;1354.15;2048;33.9437;0.891293
2.17;1023.03;330.099;1353.13;2048;31.6599;0.891293
2.18;1023.03;324.684;1347.71;2048;29.8859;0.891293
2.19;1023.03;327.144;1350.17;2048;28.5065;0.891293
2.2;1023.03;331.419;1354.45;2048;27.6056;0.891293
2.21;1023.03;325.352;1348.38;2048;25.705;0.891293
2.22;1023.03;325.612;1348.64;2048;34.9968;0.891293
2.23;1023.03;322.795;1345.82;2048;34.2224;0.891293
2.24;1023.03;325.781;1348.81;2048;32.7319;0.891293
2.25;1023.03;326.292;1349.32;2048;31.0592;0.891293
2.26;1023.03;324.972;1348;2048;29.3873;0.891293
2.27;1023.03;324.871;1347.9;2048;28.5039;0.891293
2.28;1023.03;322.861;1345.89;2048;26.0972;0.891293
2.29;1023.03;323.03;1346.06;2048;25.2671;0.891293
2.3;1023.03;329.045;1352.07;2048;27.2828;0.891293
2.31;1023.03;323.944;1346.97;2048;27.3824;0.891293
2.32;1023.03;321.73;1344.76;2048;26.976;0.891293
2.33;1023.03;326.62;1349.65;2048;28.8914;0.891293
2.34;1023.03;323.42;1346.45;2048;28.0508;0.891293
2.35;1023.03;327.617;1350.65;2048;28.7772;0.891293
2.36;1023.03;321.014;1344.04;2048;27.18;0.891293
2.37;1023.03;318.035;1341.06;2048;28.2359;0.891293
2.38;1023.03;324.86;1347.89;2048;28.7329;0.891293
2.39;1023.03;321.784;1344.81;2048;27.2699;0.891293
2.4;1023.03;321.853;1344.88;2048;26.4407;0.891293
2.41;1023.03;322.451;1345.48;2048;34.4136;0.891293
2.42;1023.03;318.603;1341.63;2048;34.1094;0.891293
2.43;1023.03;321.132;1344.16;2048;32.1899;0.891293
2.44;1023.03;318.06;1341.09;2048;30.4866;0.891293
2.45;1023.03;315.188;1338.22;2048;29.0125;0.891293
2.46;1023.03;320.986;1344.02;2048;27.9556;0.891293
2.47;1023.03;315.663;1338.69;2048;25.6423;0.891293
2.48;1023.03;316.777;1339.81;2048;24.9005;0.891293
2.49;1023.03;321.23;1344.26;2048;26.5016;0.891293
2.5;1023.03;316.35;1339.38;2048;26.4758;0.891293
2.51;1023.03;315.925;1338.95;2048;26.1741;0.891293
2.52;1023.03;319.908;1342.94;2048;27.7592;0.891293
2.53;1023.03;313.919;1336.95;2048;27.4855;0.891293
2.54;1023.03;318.576;1341.61;2048;26.1086;0.891293
2.55;1023.03;313.825;1336.85;2048;24.8231;0.891293
2.56;1023.03;313.677;1336.71;2048;26.2563;0.891293
2.57;1023.03;319.312;1342.34;2048;26.7048;0.891293
2.58;1023.03;314.019;1337.05;2048;25.5523;0.891293
2.59;1023.03;314.709;1337.74;2048;27.4115;0.891293
2.6;1023.03;318.889;1341.92;2048;29.6162;0.891293
2.61;1023.03;316.139;1339.17;2048;30.5142;0.891293
2.62;1023.03;315.103;1338.13;2048;28.9436;0.891293
2.63;1023.03;310.354;1333.38;2048;27.9808;0.891293
2.64;1023.03;310.96;1333.99;2048;27.7733;0.891293
2.65;1023.03;316.382;1339.41;2048;27.0509;0.891293
2.66;1023.03;311.183;1334.21;2048;24.8457;0.891293
2.67;1023.03;310.877;1333.91;2048;28.0268;0.891293
2.68;1023.03;306.183;1329.21;2048;28.6174;0.891293
2.69;1023.03;310.209;1333.24;2048;28.0678;0.891293
2.7;1023.03;310.976;1334;2048;27.3512;0.891293
2.71;1023.03;313.886;1336.91;2048;26.9588;0.891293
2.72;1023.03;308.136;1331.16;2048;26.472;0.891293
2.73;1023.03;309.453;1332.48;2048;25.222;0.891293
2.74;1023.03;307.203;1330.23;2048;24.1349;0.891293
2.75;1023.03;315.456;1338.48;2048;26.5295;0.891293
2.76;1023.03;312.15;1335.18;2048;26.4238;0.891293
2.77;1023.03;307.017;1330.05;2048;25.8672;0.891293
2.78;1023.03;307.239;1330.27;2048;27.7899;0.891293
2.79;1023.03;312.576;1335.6;2048;30.1245;0.891293
2.8;1023.03;313.058;1336.09;2048;30.3434;0.891293
2.81;1023.03;308.85;1331.88;2048;28.3423;0.891293
2.82;1023.03;303.62;1326.65;2048;27.4431;0.891293
2.83;1023.03;306.884;1329.91;2048;27.3103;0.891293
2.84;1023.03;310.426;1333.46;2048;26.0393;0.891293
2.85;1023.03;306.68;1329.71;2048;24.7557;0.891293
2.86;1023.03;304.852;1327.88;2048;27.3103;0.891293
2.87;1023.03;301.005;1324.03;2048;27.8194;0.891293
2.88;1023.03;304.901;1327.93;2048;27.2964;0.891293
2.89;1023.03;305.417;1328.45;2048;26.3509;0.891293
2.9;1023.03;306.073;1329.1;2048;26.2691;0.891293
2.91;1023.03;303.978;1327.01;2048;25.7366;0.891293
2.92;1023.03;302.446;1325.47;2048;23.7089;0.891293
2.93;1023.03;301.687;1324.72;2048;23.4351;0.891293
2.94;1023.03;307.839;1330.87;2048;25.4994;0.891293
2.95;1023.03;304.988;1328.02;2048;25.4948;0.891293
2.96;1023.03;301.079;1324.11;2048;25.0365;0.891293
2.97;1023.03;303.45;1326.48;2048;27.9032;0.891293
2.98;1023.03;306.114;1329.14;2048;30.3126;0.891293
2.99;1023.03;307.16;1330.19;2048;30.5219;0.891293
3;1023.03;302.012;1325.04;2048;28.3774;0.891293
3.01;1023.03;297.593;1320.62;2048;29.2199;0.891293
3.02;1023.03;303.431;1326.46;2048;29.2661;0.891293
3.03;1023.03;303.203;1326.23;2048;27.5599;0.891293
3.04;1023.03;301.33;1324.36;2048;25.8607;0.891293
3.05;1023.03;299.742;1322.77;2048;33.2508;0.891293
3.06;1023.03;297.78;1320.81;2048;33.5541;0.891293
3.07;1023.03;300.171;1323.2;2048;31.6425;0.891293
3.08;1023.03;298.982;1322.01;2048;29.889;0.891293
3.09;1023.03;295.379;1318.41;2048;28.296;0.891293
3.1;1023.03;299.51;1322.54;2048;27.5594;0.891293
3.11;1023.03;296.385;1319.41;2048;25.2853;0.891293
3.12;1023.03;295.857;1318.89;2048;24.6123;0.891293
3.13;1023.03;301.019;1324.05;2048;25.1793;0.891293
3.14;1023.03;297.222;1320.25;2048;24.7802;0.891293
3.15;1023.03;295.552;1318.58;2048;24.1359;0.891293
3.16;1023.03;301.323;1324.35;2048;26.8926;0.891293
3.17;1023.03;296.542;1319.57;2048;26.8635;0.891293
3.18;1023.03;298.876;1321.91;2048;25.8421;0.891293
3.19;1023.03;294.298;1317.33;2048;24.6679;0.891293
3.2;1023.03;292.054;1315.08;2048;26.0815;0.891293
3.21;1023.03;298.852;1321.88;2048;26.4842;0.891293
3.22;1023.03;295.297;1318.33;2048;25.1263;0.891293
3.23;1023.03;294.233;1317.26;2048;25.8726;0.891293
3.24;1023.03;296.019;1319.05;2048;32.9413;0.891293
3.25;1023.03;294.787;1317.82;2048;33.3781;0.891293
3.26;1023.03;294.541;1317.57;2048;31.4457;0.891293
3.27;1023.03;291.158;1314.19;2048;29.9686;0.891293
3.28;1023.03;288.961;1311.99;2048;28.5214;0.891293
3.29;1023.03;294.955;1317.98;2048;27.6075;0.891293
3.3;1023.03;291.006;1314.03;2048;25.0215;0.891293
3.31;1023.03;289.934;1312.96;2048;27.2693;0.891293
3.32;1023.03;286.106;1309.13;2048;26.9222;0.891293
3.33;1023.03;289.457;1312.49;2048;26.0535;0.891293
3.34;1023.03;289.778;1312.81;2048;25.3948;0.891293
3.35;1023.03;294.031;1317.06;2048;25.9735;0.891293
3.36;1023.03;287.249;1310.28;2048;26.067;0.891293
3.37;1023.03;289.101;1312.13;2048;25.3554;0.891293
3.38;1023.03;286.188;1309.22;2048;23.835;0.891293
3.39;1023.03;293.386;1316.41;2048;24.7387;0.891293
3.4;1023.03;292.348;1315.38;2048;24.7127;0.891293
3.41;1023.03;286.944;1309.97;2048;23.7557;0.891293
3.42;1023.03;286.013;1309.04;2048;24.6374;0.891293
3.43;1023.03;291.199;1314.23;2048;28.2233;0.891293
3.44;1023.03;290.817;1313.85;2048;29.0398;0.891293
3.45;1023.03;287.855;1310.88;2048;27.8856;0.891293
3.46;1023.03;283.097;1306.13;2048;27.5392;0.891293
3.47;1023.03;283.424;1306.45;2048;27.0031;0.891293
3.48;1023.03;289.019;1312.05;2048;25.7532;0.891293
3.49;1023.03;284.908;1307.94;2048;23.4455;0.891293
3.5;1023.03;283.207;1306.24;2048;25.7495;0.891293
3.51;1023.03;279.657;1302.69;2048;26.4322;0.891293
3.52;1023.03;282.362;1305.39;2048;25.6272;0.891293
3.53;1023.03;283.414;1306.44;2048;24.7438;0.891293
3.54;1023.03;287.173;1310.2;2048;25.3908;0.891293
3.55;1023.03;281.29;1304.32;2048;24.9061;0.891293
3.56;1023.03;280.918;1303.95;2048;23.3306;0.891293
3.57;1023.03;278.846;1301.88;2048;22.2309;0.891293
3.58;1023.03;284.749;1307.78;2048;23.084;0.891293
3.59;1023.03;284.348;1307.38;2048;23.2461;0.891293
3.6;1023.03;279.273;1302.3;2048;22.5566;0.891293
3.61;1023.03;279.325;1302.35;2048;25.5539;0.891293
3.62;1023.03;283.592;1306.62;2048;28.8203;0.891293
3.63;1023.03;283.921;1306.95;2048;29.3029;0.891293
3.64;1023.03;280.253;1303.28;2048;27.528;0.891293
3.65;1023.03;275.26;1298.29;2048;28.4706;0.891293
3.66;1023.03;279.102;1302.13;2048;27.8055;0.891293
3.67;1023.03;281.32;1304.35;2048;26.2497;0.891293
3.68;1023.03;278.11;1301.14;2048;24.1285;0.891293
3.69;1023.03;276.309;1299.34;2048;31.4115;0.891293
3.7;1023.03;276.123;1299.15;2048;31.2037;0.891293
3.71;1023.03;276.451;1299.48;2048;29.2751;0.891293
3.72;1023.03;275.918;1298.95;2048;27.7617;0.891293
3.73;1023.03;274.061;1297.09;2048;26.9014;0.891293
3.74;1023.03;276.422;1299.45;2048;26.2152;0.891293
3.75;1023.03;274.272;1297.3;2048;24.4167;0.891293
3.76;1023.03;272.258;1295.29;2048;23.58;0.891293
3.77;1023.03;276.361;1299.39;2048;23.4886;0.891293
3.78;1023.03;275.099;1298.13;2048;23.4366;0.891293
3.79;1023.03;272.204;1295.23;2048;22.6769;0.891293
3.8;1023.03;277.272;1300.3;2048;25.6174;0.891293
3.81;1023.03;274.732;1297.76;2048;25.9487;0.891293
3.82;1023.03;274.518;1297.55;2048;26.5324;0.891293
3.83;1023.03;271.588;1294.62;2048;25.2249;0.891293
3.84;1023.03;272.627;1295.66;2048;26.5583;0.891293
3.85;1023.03;275.561;1298.59;2048;26.3993;0.891293
3.86;1023.03;272.323;1295.35;2048;24.7671;0.891293
3.87;1023.03;269.881;1292.91;2048;22.898;0.891293
3.88;1023.03;271.879;1294.91;2048;29.8379;0.891293
3.89;1023.03;273.1;1296.13;2048;30.7185;0.891293
3.9;1023.03;270.8;1293.83;2048;28.8218;0.891293
3.91;1023.03;267.477;1290.51;2048;27.6706;0.891293
3.92;1023.03;264.98;1288.01;2048;26.8263;0.891293
3.93;1023.03;271.555;1294.58;2048;25.7191;0.891293
3.94;1023.03;269.02;1292.05;2048;23.3085;0.891293
3.95;1023.03;266.07;1289.1;2048;23.0734;0.891293
3.96;1023.03;263.417;1286.45;2048;23.0514;0.891293
3.97;1023.03;265.884;1288.91;2048;22.605;0.891293
3.98;1023.03;266.913;1289.94;2048;21.609;0.891293
3.99;1023.03;271.974;1295;2048;24.0018;0.891293
4;1023.03;264.774;1287.8;2048;24.5413;0.891293
4.01;1023.03;264.632;1287.66;2048;23.8666;0.891293
4.02;1023.03;262.405;1285.43;2048;22.9624;0.891293
4.03;1023.03;266.998;1290.03;2048;22.9589;0.891293
4.04;1023.03;269.044;1292.07;2048;22.8348;0.891293
4.05;1023.03;263.314;1286.34;2048;21.722;0.891293
4.06;1023.03;264.103;1287.13;2048;25.4266;0.891293
4.07;1023.03;265.8;1288.83;2048;26.6003;0.891293
4.08;1023.03;263.373;1286.4;2048;26.6198;0.891293
4.09;1023.03;263.517;1286.55;2048;25.1445;0.891293
4.1;1023.03;266.711;1289.74;2048;25.1045;0.891293
4.11;1023.03;267.785;1290.81;2048;24.8397;0.891293
4.12;1023.03;261.668;1284.7;2048;22.9439;0.891293
4.13;1023.03;260.298;1283.33;2048;23.9211;0.891293
4.14;1023.03;259.994;1283.02;2048;25.9292;0.891293
4.15;1023.03;261.528;1284.56;2048;24.6034;0.891293
4.16;1023.03;260.207;1283.24;2048;24.6916;0.891293
4.17;1023.03;258.765;1281.79;2048;23.6909;0.891293
4.18;1023.03;264.557;1287.59;2048;22.6945;0.891293
4.19;1023.03;261.614;1284.64;2048;20.7993;0.891293
4.2;1023.03;265.996;1289.03;2048;24.892;0.891293
4.21;1023.03;263.516;1286.55;2048;26.2563;0.891293
4.22;1023.03;259.27;1282.3;2048;25.2744;0.891293
4.23;1023.03;259.855;1282.88;2048;24.5928;0.891293
4.24;1023.03;265.117;1288.15;2048;27.8139;0.891293
4.25;1023.03;261.552;1284.58;2048;27.4314;0.891293
4.26;1023.03;259.496;1282.52;2048;25.7121;0.891293
4.27;1023.03;255.736;1278.77;2048;24.3847;0.891293
4.28;1023.03;257.761;1280.79;2048;24.3727;0.891293
4.29;1023.03;262.88;1285.91;2048;24.2907;0.891293
4.3;1023.03;257.43;1280.46;2048;23.2864;0.891293
4.31;1023.03;255.634;1278.66;2048;27.9897;0.891293
4.32;1023.03;254.067;1277.1;2048;27.5606;0.891293
4.33;1023.03;257.681;1280.71;2048;27.1768;0.891293
4.34;1023.03;257.654;1280.68;2048;25.3456;0.891293
4.35;1023.03;256.58;1279.61;2048;26.1392;0.891293
4.36;1023.03;254.16;1277.19;2048;25.7435;0.891293
4.37001;1023.03;255.593;1278.62;2048;24.1961;0.891293
4.38001;1023.03;253.445;1276.47;2048;21.8137;0.891293
4.39001;1023.03;259.932;1282.96;2048;26.4716;0.891293
4.40001;1023.03;256.267;1279.3;2048;27.4818;0.891293
4.41001;1023.03;252.141;1275.17;2048;25.9837;0.891293
4.42001;1023.03;251.31;1274.34;2048;25.1553;0.891293
4.43001;1023.03;256.849;1279.88;2048;24.73;0.891293
4.44001;1023.03;257.069;1280.1;2048;24.0751;0.891293
4.45001;1023.03;252.89;1275.92;2048;22.9421;0.891293
4.46001;1023.03;248.622;1271.65;2048;22.2562;0.891293
4.47001;1023.03;247.918;1270.95;2048;22.4685;0.891293
4.48001;1023.03;253.734;1276.76;2048;21.9208;0.891293
4.49001;1023.03;250.965;1273.99;2048;20.8886;0.891293
4.50001;1023.03;250.587;1273.62;2048;25.722;0.891293
4.51001;1023.03;246.627;1269.66;2048;25.97;0.891293
4.52001;1023.03;249.728;1272.76;2048;25.4568;0.891293
4.53001;1023.03;249.195;1272.22;2048;23.6472;0.891293
4.54001;1023.03;251.414;1274.44;2048;24.8451;0.891293
4.55001;1023.03;251.692;1274.72;2048;24.4674;0.891293
4.56001;1023.03;246.97;1270;2048;22.9242;0.891293
4.57001;1023.03;245.614;1268.64;2048;22.5633;0.891293
4.58001;1023.03;251.795;1274.82;2048;26.0341;0.891293
4.59001;1023.03;250.203;1273.23;2048;26.9412;0.891293
4.60001;1023.03;247.853;1270.88;2048;25.3902;0.891293
4.61001;1023.03;243.878;1266.91;2048;27.8401;0.891293
4.62001;1023.03;240.393;1263.42;2048;26.5131;0.891293
4.63001;1023.03;249.337;1272.37;2048;24.8976;0.891293
4.64001;1023.03;245.751;1268.78;2048;22.7024;0.891293
4.65001;1023.03;244.156;1267.18;2048;25.1849;0.891293
4.66001;1023.03;246.002;1269.03;2048;26.3343;0.891293
4.67001;1023.03;242.777;1265.81;2048;24.9281;0.891293
4.68001;1023.03;244.152;1267.18;2048;23.6304;0.891293
4.69001;1023.03;249.346;1272.38;2048;24.0534;0.891293
4.70001;1023.03;246.89;1269.92;2048;23.9709;0.891293
4.71001;1023.03;244.449;1267.48;2048;23.2275;0.891293
4.72001;1023.03;239.52;1262.55;2048;22.8083;0.891293
4.73001;1023.03;240.405;1263.43;2048;22.5214;0.891293
4.74001;1023.03;245.679;1268.71;2048;21.5191;0.891293
4.75001;1023.03;243.167;1266.2;2048;20.3699;0.891293
4.76001;1023.03;250.133;1273.16;2048;27.3886;0.891293
4.77001;1023.03;244.828;1267.86;2048;28.5581;0.891293
4.78001;1023.03;243.218;1266.25;2048;26.1732;0.891293
4.79001;1023.03;243.956;1266.98;2048;26.3767;0.891293
4.80001;1023.03;246.815;1269.84;2048;25.8829;0.891293
4.81002;1023.03;240.316;1263.34;2048;24.5063;0.891293
4.82002;1023.03;247.801;1270.83;2048;26.4905;0.891293
4.83002;1023.03;238.451;1261.48;2048;26.8837;0.891293
4.84002;1023.03;243.702;1266.73;2048;25.3905;0.891293
4.85002;1023.03;238.95;1261.98;2048;24.199;0.891293
4.86002;1023.03;243.381;1266.41;2048;23.6966;0.891293
4.87002;1023.03;241.712;1264.74;2048;22.5562;0.891293
4.88002;1023.03;247.153;1270.18;2048;22.8254;0.891293
4.89002;1023.03;240.109;1263.14;2048;23.7345;0.891293
4.90002;1023.03;241.338;1264.37;2048;22.9271;0.891293
4.91002;1023.03;238.692;1261.72;2048;24.3577;0.891293
4.92002;1023.03;238.681;1261.71;2048;23.4007;0.891293
4.93002;1023.03;240.097;1263.13;2048;22.4353;0.891293
4.94002;1023.03;241.346;1264.37;2048;22.2246;0.891293
4.95002;1023.03;239.105;1262.13;2048;21.9847;0.891293
4.96002;1023.03;244.166;1267.19;2048;22.2476;0.891293
4.97002;1023.03;239.205;1262.23;2048;20.9236;0.891293
4.98002;1023.03;238.945;1261.97;2048;21.1322;0.891293
4.99002;1023.03;241.261;1264.29;2048;20.9035;0.891293
5.00002;1023.03;241.593;1264.62;2048;20.411;0.891293
5.01002;1023.03;247.04;1270.07;2048;23.6957;0.891293
5.02002;1023.03;242.239;1265.27;2048;24.3851;0.891293
5.03002;1023.03;240.166;1263.19;2048;22.9502;0.891293
5.04002;1023.03;235.314;1258.34;2048;23.4581;0.891293
5.05002;1023.03;237.191;1260.22;2048;23.1291;0.891293
5.06002;1023.03;240.09;1263.12;2048;22.1826;0.891293
5.07002;1023.03;238.36;1261.39;2048;22.5157;0.891293
5.08002;1023.03;244.773;1267.8;2048;22.5287;0.891293
5.09002;1023.03;238.559;1261.59;2048;23.3983;0.891293
5.10002;1023.03;235.39;1258.42;2048;21.7838;0.891293
5.11002;1023.03;236.797;1259.83;2048;21.6013;0.891293
5.12002;1023.03;238.296;1261.33;2048;21.1855;0.891293
5.13002;1023.03;238.557;1261.59;2048;20.7889;0.891293
5.14002;1023.03;241.01;1264.04;2048;24.6047;0.891293
5.15002;1023.03;241.038;1264.07;2048;25.3552;0.891293
5.16002;1023.03;234.784;1257.81;2048;23.3135;0.891293
5.17002;1023.03;240.545;1263.57;2048;22.6058;0.891293
5.18002;1023.03;235.718;1258.75;2048;21.9794;0.891293
5.19002;1023.03;237.001;1260.03;2048;21.7091;0.891293
5.20002;1023.03;233.41;1256.44;2048;21.4264;0.891293
5.21002;1023.03;241.03;1264.06;2048;21.2599;0.891293
5.22002;1023.03;236.235;1259.26;2048;19.7498;0.891293
5.23002;1023.03;240.079;1263.11;2048;22.2073;0.891293
5.24003;1023.03;237.873;1260.9;2048;22.0763;0.891293
5.25003;1023.03;236.487;1259.52;2048;22.115;0.891293
5.26003;1023.03;239.625;1262.65;2048;22.2332;0.891293
5.27003;1023.03;240.359;1263.39;2048;22.1701;0.891293
5.28003;1023.03;235.416;1258.44;2048;20.4507;0.891293
5.29003;1023.03;232.908;1255.94;2048;22.7374;0.891293
5.30003;1023.03;235.851;1258.88;2048;22.7254;0.891293
5.31003;1023.03;231.17;1254.2;2048;21.9776;0.891293
5.32003;1023.03;231.407;1254.44;2048;23.1794;0.891293
5.33003;1023.03;231.523;1254.55;2048;22.7655;0.891293
5.34003;1023.03;232.752;1255.78;2048;21.4798;0.891293
5.35003;1023.03;229.358;1252.39;2048;20.1633;0.891293
5.36003;1023.03;233.233;1256.26;2048;20.5265;0.891293
5.37003;1023.03;230.786;1253.81;2048;20.3163;0.891293
5.38003;1023.03;233.423;1256.45;2048;21.593;0.891293
5.39003;1023.03;227.852;1250.88;2048;22.2682;0.891293
5.40003;1023.03;235.547;1258.58;2048;22.2134;0.891293
5.41003;1023.03;227.692;1250.72;2048;21.791;0.891293
5.42003;1023.03;228.313;1251.34;2048;22.1078;0.891293
5.43003;1023.03;229.677;1252.71;2048;21.4589;0.891293
5.44003;1023.03;227.96;1250.99;2048;24.0972;0.891293
5.45003;1023.03;229.5;1252.53;2048;24.0674;0.891293
5.46003;1023.03;230.478;1253.51;2048;22.0042;0.891293
5.47003;1023.03;226.661;1249.69;2048;21.3441;0.891293
5.48003;1023.03;227.2;1250.23;2048;22.8044;0.891293
5.49003;1023.03;228.527;1251.56;2048;21.6715;0.891293
5.50003;1023.03;229.33;1252.36;2048;24.8548;0.891293
5.51003;1023.03;228.412;1251.44;2048;23.8613;0.891293
5.52003;1023.03;226.945;1249.97;2048;21.9522;0.891293
5.53003;1023.03;225.363;1248.39;2048;21.2193;0.891293
5.54003;1023.03;224.61;1247.64;2048;22.7787;0.891293
5.55003;1023.03;227.016;1250.05;2048;21.9435;0.891293
5.56003;1023.03;226.936;1249.96;2048;22.4364;0.891293
5.57003;1023.03;226.428;1249.46;2048;22.204;0.891293
5.58003;1023.03;227.261;1250.29;2048;20.6538;0.891293
5.59003;1023.03;225.378;1248.41;2048;22.6396;0.891293
5.60003;1023.03;225.57;1248.6;2048;23.7529;0.891293
5.61003;1023.03;226.779;1249.81;2048;22.7764;0.891293
5.62003;1023.03;222.83;1245.86;2048;22.6368;0.891293
5.63003;1023.03;230.129;1253.16;2048;22.3371;0.891293
5.64003;1023.03;224.605;1247.63;2048;21.2024;0.891293
5.65003;1023.03;231.459;1254.49;2048;21.0747;0.891293
5.66003;1023.03;226.446;1249.47;2048;22.6132;0.891293
5.67003;1023.03;226.454;1249.48;2048;20.8908;0.891293
5.68004;1023.03;227.777;1250.81;2048;23.4241;0.891293
5.69004;1023.03;228.871;1251.9;2048;23.688;0.891293
5.70004;1023.03;225.53;1248.56;2048;22.6622;0.891293
5.71004;1023.03;230.128;1253.16;2048;21.6937;0.891293
5.72004;1023.03;229.258;1252.29;2048;21.7181;0.891293
5.73004;1023.03;224.271;1247.3;2048;20.3835;0.891293
5.74004;1023.03;227.001;1250.03;2048;22.4629;0.891293
5.75004;1023.03;225.86;1248.89;2048;22.4288;0.891293
5.76004;1023.03;222.276;1245.31;2048;22.0646;0.891293
5.77004;1023.03;223.97;1247;2048;21.965;0.891293
5.78004;1023.03;228.215;1251.24;2048;21.5946;0.891293
5.79004;1023.03;220.478;1243.51;2048;19.844;0.891293
5.80004;1023.03;228.852;1251.88;2048;21.5721;0.891293
5.81004;1023.03;221.093;1244.12;2048;21.6592;0.891293
5.82004;1023.03;221.981;1245.01;2048;21.4359;0.891293
5.83004;1023.03;221.869;1244.9;2048;21.1206;0.891293
5.84004;1023.03;223.003;1246.03;2048;19.0097;0.891293
5.85004;1023.03;219.48;1242.51;2048;20.0163;0.891293
5.86004;1023.03;219.524;1242.55;2048;22.1346;0.891293
5.87004;1023.03;221.668;1244.7;2048;21.3701;0.891293
5.88004;1023.03;223.513;1246.54;2048;25.4716;0.891293
5.89004;1023.03;225.228;1248.26;2048;24.3711;0.891293
5.90004;1023.03;219.973;1243;2048;22.2214;0.891293
5.91004;1023.03;219.661;1242.69;2048;24.2384;0.891293
5.92004;1023.03;221.687;1244.72;2048;26.3942;0.891293
5.93004;1023.03;221.476;1244.5;2048;23.9884;0.891293
5.94004;1023.03;221.688;1244.72;2048;24.4959;0.891293
5.95004;1023.03;224.215;1247.24;2048;23.2841;0.891293
5.96004;1023.03;218.494;1241.52;2048;22.581;0.891293
5.97004;1023.03;224.572;1247.6;2048;24.2705;0.891293
5.98004;1023.03;223.365;1246.39;2048;26.0688;0.891293
5.99004;1023.03;217;1240.03;2048;23.5999;0.891293
6.00004;1023.03;214.637;1237.67;2048;22.6492;0.891293
6.01004;1023.03;217.556;1240.59;2048;21.3603;0.891293
6.02004;1023.03;218.52;1241.55;2048;24.1674;0.891293
6.03004;1023.03;216.935;1239.96;2048;22.8328;0.891293
6.04004;1023.03;218.918;1241.95;2048;21.694;0.891293
6.05004;1023.03;217.97;1241;2048;24.332;0.891293
6.06004;1023.03;222.16;1245.19;2048;25.9431;0.891293
6.07004;1023.03;217.571;1240.6;2048;24.1774;0.891293
6.08004;1023.03;220.209;1243.24;2048;24.3701;0.891293
6.09004;1023.03;215.779;1238.81;2048;23.3886;0.891293
6.10004;1023.03;216.869;1239.9;2048;21.3617;0.891293
6.11004;1023.03;215.335;1238.36;2048;23.7555;0.891293
6.12005;1023.03;219.201;1242.23;2048;24.6447;0.891293
6.13005;1023.03;217.677;1240.71;2048;22.5811;0.891293
6.14005;1023.03;211.937;1234.97;2048;21.4974;0.891293
6.15005;1023.03;221.058;1244.09;2048;20.0548;0.891293
6.16005;1023.03;216.762;1239.79;2048;19.5387;0.891293
6.17005;1023.03;218.813;1241.84;2048;25.2051;0.891293
6.18005;1023.03;215.491;1238.52;2048;25.0888;0.891293
6.19005;1023.03;212.384;1235.41;2048;25.3298;0.891293
6.20005;1023.03;214.947;1237.98;2048;23.8187;0.891293
6.21005;1023.03;213.549;1236.58;2048;21.8744;0.891293
6.22005;1023.03;223.539;1246.57;2048;22.0597;0.891293
6.23005;1023.03;218.166;1241.19;2048;22.5948;0.891293
6.24005;1023.03;216.417;1239.45;2048;21.2986;0.891293
6.25005;1023.03;216.597;1239.63;2048;23.711;0.891293
6.26005;1023.03;217.199;1240.23;2048;23.6755;0.891293
6.27005;1023.03;212.756;1235.78;2048;22.6369;0.891293
6.28005;1023.03;215.48;1238.51;2048;22.6707;0.891293
6.29005;1023.03;219.674;1242.7;2048;22.3378;0.891293
6.30005;1023.03;211.169;1234.2;2048;20.3672;0.891293
6.31005;1023.03;217.438;1240.47;2048;20.9665;0.891293
6.32005;1023.03;212.043;1235.07;2048;20.1459;0.891293
6.33005;1023.03;211.649;1234.68;2048;22.0326;0.891293
6.34005;1023.03;215.858;1238.89;2048;21.8525;0.891293
6.35005;1023.03;212.186;1235.21;2048;20.0506;0.891293
6.36005;1023.03;219.473;1242.5;2048;21.0787;0.891293
6.37005;1023.03;216.902;1239.93;2048;23.5219;0.891293
6.38005;1023.03;213.555;1236.58;2048;21.1963;0.891293
6.39005;1023.03;209.991;1233.02;2048;22.0966;0.891293
6.40005;1023.03;215.79;1238.82;2048;20.6208;0.891293
6.41005;1023.03;212.352;1235.38;2048;21.9542;0.891293
6.42005;1023.03;217.566;1240.59;2048;22.8652;0.891293
6.43005;1023.03;212.512;1235.54;2048;23.0198;0.891293
6.44005;1023.03;208.274;1231.3;2048;22.3549;0.891293
6.45005;1023.03;215.015;1238.04;2048;22.231;0.891293
6.46005;1023.03;209.591;1232.62;2048;20.3678;0.891293
6.47005;1023.03;215.96;1238.99;2048;20.2345;0.891293
6.48005;1023.03;212.153;1235.18;2048;20.208;0.891293
6.49005;1023.03;211.718;1234.75;2048;19.2007;0.891293
6.50005;1023.03;214.543;1237.57;2048;26.6645;0.891293
6.51005;1023.03;211.491;1234.52;2048;26.2464;0.891293
6.52005;1023.03;209.761;1232.79;2048;25.2823;0.891293
6.53005;1023.03;206.135;1229.16;2048;23.6315;0.891293
6.54005;1023.03;209.252;1232.28;2048;21.3463;0.891293
6.55006;1023.03;207.199;1230.23;2048;19.9843;0.891293
6.56006;1023.03;207.661;1230.69;2048;21.334;0.891293
6.57006;1023.03;209.42;1232.45;2048;20.1071;0.891293
6.58006;1023.03;211.17;1234.2;2048;21.6869;0.891293
6.59006;1023.03;213.037;1236.07;2048;21.8051;0.891293
6.60006;1023.03;206.506;1229.54;2048;21.182;0.891293
6.61006;1023.03;213.107;1236.14;2048;23.1763;0.891293
6.62006;1023.03;211.983;1235.01;2048;24.4039;0.891293
6.63006;1023.03;204.946;1227.98;2048;21.6377;0.891293
6.64006;1023.03;204.257;1227.29;2048;21.1763;0.891293
6.65006;1023.03;205.767;1228.8;2048;20.1194;0.891293
6.66006;1023.03;209.189;1232.22;2048;23.22;0.891293
6.67006;1023.03;208.374;1231.4;2048;22.1022;0.891293
6.68006;1023.03;208.13;1231.16;2048;20.9478;0.891293
6.69006;1023.03;211.788;1234.82;2048;22.6833;0.891293
6.70006;1023.03;208.956;1231.98;2048;23.8049;0.891293
6.71006;1023.03;206.318;1229.35;2048;22.1903;0.891293
6.72006;1023.03;204.821;1227.85;2048;22.2683;0.891293
6.73006;1023.03;210.949;1233.98;2048;20.8515;0.891293
6.74006;1023.03;203.217;1226.25;2048;20.4891;0.891293
6.75006;1023.03;208.93;1231.96;2048;20.9195;0.891293
6.76006;1023.03;205.689;1228.72;2048;20.8516;0.891293
6.77006;1023.03;201.68;1224.71;2048;25.0687;0.891293
6.78006;1023.03;209.001;1232.03;2048;24.0693;0.891293
6.79006;1023.03;204.293;1227.32;2048;22.5424;0.891293
6.80006;1023.03;209.721;1232.75;2048;21.4098;0.891293
6.81006;1023.03;208.666;1231.7;2048;22.3248;0.891293
6.82006;1023.03;202.165;1225.19;2048;20.1944;0.891293
6.83006;1023.03;203.376;1226.4;2048;21.6913;0.891293
6.84006;1023.03;201.653;1224.68;2048;20.7136;0.891293
6.85006;1023.03;204.522;1227.55;2048;24.0094;0.891293
6.86006;1023.03;199.12;1222.15;2048;22.0291;0.891293
6.87006;1023.03;203.466;1226.49;2048;20.4864;0.891293
6.88006;1023.03;200.477;1223.51;2048;24.3705;0.891293
6.89006;1023.03;203.473;1226.5;2048;25.1259;0.891293
6.90006;1023.03;202.283;1225.31;2048;22.8608;0.891293
6.91006;1023.03;198.946;1221.98;2048;21.7382;0.891293
6.92006;1023.03;204.282;1227.31;2048;19.6392;0.891293
6.93006;1023.03;202.445;1225.47;2048;20.658;0.891293
6.94006;1023.03;199.879;1222.91;2048;22.9726;0.891293
6.95006;1023.03;202.114;1225.14;2048;21.449;0.891293
6.96006;1023.03;202.696;1225.73;2048;24.0559;0.891293
6.97006;1023.03;204.964;1227.99;2048;22.8321;0.891293
6.98006;1023.03;201.53;1224.56;2048;21.9766;0.891293
6.99007;1023.03;206.091;1229.12;2048;20.2654;0.891293
7.00007;1023.03;201.705;1224.73;2048;20.1086;0.891293
7.01007;1023.03;196.975;1220;2048;19.5996;0.891293
7.02007;1023.03;203.949;1226.98;2048;20.0958;0.891293
7.03007;1023.03;198.715;1221.74;2048;19.0789;0.891293
7.04007;1023.03;203.346;1226.37;2048;18.5421;0.891293
7.05007;1023.03;202.312;1225.34;2048;17.4855;0.891293
7.06007;1023.03;199.388;1222.42;2048;17.6415;0.891293
7.07007;1023.03;201.47;1224.5;2048;22.1025;0.891293
7.08007;1023.03;197.838;1220.87;2048;22.1798;0.891293
7.09007;1023.03;195.457;1218.49;2048;24.3352;0.891293
7.10007;1023.03;201.372;1224.4;2048;22.903;0.891293
7.11007;1023.03;197.638;1220.67;2048;20.5994;0.891293
7.12007;1023.03;206.601;1229.63;2048;21.0521;0.891293
7.13007;1023.03;201.518;1224.55;2048;22.2319;0.891293
7.14007;1023.03;196.968;1220;2048;19.7241;0.891293
7.15007;1023.03;196.707;1219.74;2048;20.03;0.891293
7.16007;1023.03;196.324;1219.35;2048;19.0284;0.891293
7.17007;1023.03;204.375;1227.4;2048;20.6774;0.891293
7.18007;1023.03;195.923;1218.95;2048;20.2112;0.891293
7.19007;1023.03;196.871;1219.9;2048;19.6425;0.891293
7.20007;1023.03;200.536;1223.56;2048;23.3635;0.891293
7.21007;1023.03;197.2;1220.23;2048;23.4974;0.891293
7.22007;1023.03;195.021;1218.05;2048;22.142;0.891293
7.23007;1023.03;193.853;1216.88;2048;20.7263;0.891293
7.24007;1023.03;194.545;1217.57;2048;18.7287;0.891293
7.25007;1023.03;194.36;1217.39;2048;21.412;0.891293
7.26007;1023.03;196.744;1219.77;2048;22.9891;0.891293
7.27007;1023.03;196.024;1219.05;2048;21.0299;0.891293
7.28007;1023.03;191.629;1214.66;2048;21.0765;0.891293
7.29007;1023.03;197.031;1220.06;2048;20.1341;0.891293
7.30007;1023.03;195.455;1218.48;2048;22.9453;0.891293
7.31007;1023.03;192.995;1216.02;2048;24.1844;0.891293
7.32007;1023.03;194.312;1217.34;2048;23.8818;0.891293
7.33007;1023.03;191.321;1214.35;2048;23.9064;0.891293
7.34007;1023.03;198.36;1221.39;2048;23.5774;0.891293
7.35007;1023.03;193.794;1216.82;2048;21.2304;0.891293
7.36007;1023.03;188.929;1211.96;2048;20.2561;0.891293
7.37007;1023.03;193.884;1216.91;2048;18.3196;0.891293
7.38007;1023.03;191.399;1214.43;2048;19.9617;0.891293
7.39007;1023.03;193.655;1216.68;2048;21.5617;0.891293
7.40007;1023.03;194.469;1217.5;2048;20.4724;0.891293
7.41007;1023.03;188.748;1211.78;2048;20.5807;0.891293
7.42007;1023.03;195.276;1218.31;2048;19.6633;0.891293
7.43008;1023.03;195.063;1218.09;2048;22.8515;0.891293
7.44008;1023.03;190.716;1213.75;2048;22.8693;0.891293
7.45008;1023.03;193.563;1216.59;2048;22.321;0.891293
7.46008;1023.03;195.591;1218.62;2048;24.677;0.891293
7.47008;1023.03;193.717;1216.75;2048;24.0801;0.891293
7.48008;1023.03;191.6;1214.63;2048;23.8376;0.891293
7.49008;1023.03;190.884;1213.91;2048;22.3524;0.891293
7.50008;1023.03;191.246;1214.27;2048;20.2401;0.891293
7.51008;1023.03;194.163;1217.19;2048;24.1163;0.891293
7.52008;1023.03;193.079;1216.11;2048;25.0553;0.891293
7.53008;1023.03;190.872;1213.9;2048;22.397;0.891293
7.54008;1023.03;193.465;1216.49;2048;21.7994;0.891293
7.55008;1023.03;190.656;1213.68;2048;19.6239;0.891293
7.56008;1023.03;197.644;1220.67;2048;18.7593;0.891293
7.57008;1023.03;195.744;1218.77;2048;20.0269;0.891293
7.58008;1023.03;189.963;1212.99;2048;19.4364;0.891293
7.59008;1023.03;189.272;1212.3;2048;21.0451;0.891293
7.60008;1023.03;189.648;1212.68;2048;20.0595;0.891293
7.61008;1023.03;192.716;1215.74;2048;21.1787;0.891293
7.62008;1023.03;194.522;1217.55;2048;20.2504;0.891293
7.63008;1023.03;189.728;1212.76;2048;19.3413;0.891293
7.64008;1023.03;196.131;1219.16;2048;19.925;0.891293
7.65008;1023.03;190.783;1213.81;2048;19.7079;0.891293
7.66008;1023.03;186.275;1209.3;2048;19.9654;0.891293
7.67008;1023.03;193.235;1216.26;2048;20.0226;0.891293
7.68008;1023.03;189.222;1212.25;2048;18.9802;0.891293
7.69008;1023.03;186.711;1209.74;2048;17.7068;0.891293
7.70008;1023.03;190.778;1213.81;2048;18.1855;0.891293
7.71008;1023.03;187.794;1210.82;2048;19.2515;0.891293
7.72008;1023.03;192.307;1215.34;2048;21.3028;0.891293
7.73008;1023.03;188.827;1211.86;2048;19.6738;0.891293
7.74008;1023.03;185.599;1208.63;2048;20.2849;0.891293
7.75008;1023.03;191.44;1214.47;2048;18.366;0.891293
7.76008;1023.03;188.19;1211.22;2048;21.0629;0.891293
7.77008;1023.03;185.822;1208.85;2048;21.0132;0.891293
7.78008;1023.03;187.973;1211;2048;18.9372;0.891293
7.79008;1023.03;182.639;1205.67;2048;19.1095;0.891293
7.80008;1023.03;186.277;1209.31;2048;18.382;0.891293
7.81008;1023.03;194.712;1217.74;2048;21.8191;0.891293
7.82008;1023.03;191.735;1214.76;2048;20.5968;0.891293
7.83008;1023.03;187.691;1210.72;2048;18.754;0.891293
7.84008;1023.03;185.42;1208.45;2048;18.5085;0.891293
7.85008;1023.03;187.332;1210.36;2048;18.7362;0.891293
7.86009;1023.03;189.13;1212.16;2048;18.8578;0.891293
7.87009;1023.03;191.705;1214.73;2048;19.7577;0.891293
7.88009;1023.03;185.558;1208.59;2048;19.1341;0.891293
7.89009;1023.03;187.738;1210.77;2048;21.8141;0.891293
7.90009;1023.03;186.038;1209.07;2048;21.3849;0.891293
7.91009;1023.03;185.425;1208.45;2048;23.1203;0.891293
7.92009;1023.03;189.367;1212.4;2048;22.1924;0.891293
7.93009;1023.03;186.173;1209.2;2048;21.5562;0.891293
7.94009;1023.03;183.009;1206.04;2048;20.3136;0.891293
7.95009;1023.03;185.572;1208.6;2048;18.3404;0.891293
7.96009;1023.03;187.958;1210.99;2048;21.634;0.891293
7.97009;1023.03;185.61;1208.64;2048;22.5336;0.891293
7.98009;1023.03;184.563;1207.59;2048;20.5735;0.891293
7.99009;1023.03;188.538;1211.57;2048;20.3286;0.891293
8.00009;1023.03;184.52;1207.55;2048;18.3506;0.891293
8.01009;1023.03;189.705;1212.73;2048;17.5726;0.891293
8.02009;1023.03;188.869;1211.9;2048;17.7281;0.891293
8.03009;1023.03;182.258;1205.29;2048;19.4631;0.891293
8.04009;1023.03;188.72;1211.75;2048;22.0457;0.891293
8.05009;1023.03;184.645;1207.67;2048;20.5994;0.891293
8.06009;1023.03;181.937;1204.97;2048;20.7854;0.891293
8.07009;1023.03;187.638;1210.67;2048;18.454;0.891293
8.08009;1023.03;183.791;1206.82;2048;20.7489;0.891293
8.09009;1023.03;182.309;1205.34;2048;20.3701;0.891293
8.10009;1023.03;184.414;1207.44;2048;18.9966;0.891293
8.11009;1023.03;179.213;1202.24;2048;19.2395;0.891293
8.12009;1023.03;182.436;1205.46;2048;18.3969;0.891293
8.13009;1023.03;191.443;1214.47;2048;21.5674;0.891293
8.14009;1023.03;188.314;1211.34;2048;20.5155;0.891293
8.15009;1023.03;182.939;1205.97;2048;18.7309;0.891293
8.16009;1023.03;182.225;1205.25;2048;18.8724;0.891293
8.17009;1023.03;183.915;1206.94;2048;19.1834;0.891293
8.18009;1023.03;183.4;1206.43;2048;19.1947;0.891293
8.19009;1023.03;187.508;1210.54;2048;19.0062;0.891293
8.20009;1023.03;182.887;1205.92;2048;20.8187;0.891293
8.21009;1023.03;180.36;1203.39;2048;22.8521;0.891293
8.22009;1023.03;183.425;1206.45;2048;21.9018;0.891293
8.23009;1023.03;184.97;1208;2048;23.5815;0.891293
8.24009;1023.03;182.707;1205.74;2048;22.6569;0.891293
8.25009;1023.03;183.185;1206.21;2048;22.7368;0.891293
8.26009;1023.03;180.628;1203.66;2048;20.9996;0.891293
8.27009;1023.03;181.69;1204.72;2048;19.0951;0.891293
8.28009;1023.03;188.538;1211.57;2048;21.3004;0.891293
8.29009;1023.03;180.848;1203.88;2048;21.7199;0.891293
8.30009;1023.03;178.745;1201.77;2048;20.2948;0.891293
8.31009;1023.03;185.686;1208.71;2048;20.0163;0.891293
8.3201;1023.03;180.579;1203.61;2048;18.4786;0.891293
8.3301;1023.03;178.922;1201.95;2048;17.442;0.891293
8.3401;1023.03;181.936;1204.96;2048;17.9012;0.891293
8.3501;1023.03;180.574;1203.6;2048;19.1011;0.891293
8.3601;1023.03;183.118;1206.15;2048;21.0438;0.891293
8.3701;1023.03;180.207;1203.24;2048;19.8853;0.891293
8.3801;1023.03;177.566;1200.6;2048;20.2342;0.891293
8.3901;1023.03;179.835;1202.86;2048;18.1205;0.891293
8.4001;1023.03;182.993;1206.02;2048;21.2397;0.891293
8.4101;1023.03;182.668;1205.7;2048;21.2184;0.891293
8.4201;1023.03;177.2;1200.23;2048;19.6459;0.891293
8.4301;1023.03;179.517;1202.55;2048;19.2986;0.891293
8.4401;1023.03;177.782;1200.81;2048;17.7632;0.891293
8.4501;1023.03;185.482;1208.51;2048;18.0214;0.891293
8.4601;1023.03;181.452;1204.48;2048;16.8441;0.891293
8.4701;1023.03;176.459;1199.49;2048;16.2147;0.891293
8.4801;1023.03;181.625;1204.65;2048;16.6199;0.891293
8.4901;1023.03;179.379;1202.41;2048;15.8359;0.891293
8.5001;1023.03;175.93;1198.96;2048;16.3466;0.891293
8.5101;1023.03;178.844;1201.87;2048;15.2823;0.891293
8.5201;1023.03;184.336;1207.37;2048;16.6187;0.891293
8.5301;1023.03;182.189;1205.22;2048;18.3625;0.891293
8.5401;1023.03;176.117;1199.15;2048;18.0489;0.891293
8.5501;1023.03;179.297;1202.33;2048;20.2382;0.891293
8.5601;1023.03;176.941;1199.97;2048;19.0111;0.891293
8.5701;1023.03;176.081;1199.11;2048;19.1268;0.891293
8.5801;1023.03;181.148;1204.18;2048;17.4925;0.891293
8.5901;1023.03;176.773;1199.8;2048;20.5521;0.891293
8.6001;1023.03;176.324;1199.35;2048;20.3405;0.891293
8.6101;1023.03;176.538;1199.57;2048;18.8525;0.891293
8.6201;1023.03;173.717;1196.75;2048;18.6306;0.891293
8.6301;1023.03;174.988;1198.02;2048;17.5381;0.891293
8.6401;1023.03;182.495;1205.52;2048;17.5165;0.891293
8.6501;1023.03;179.82;1202.85;2048;16.955;0.891293
8.6601;1023.03;174.285;1197.31;2048;16.6926;0.891293
8.6701;1023.03;177.971;1201;2048;17.5753;0.891293
8.6801;1023.03;176.991;1200.02;2048;16.5773;0.891293
8.6901;1023.03;173.265;1196.29;2048;16.8101;0.891293
8.7001;1023.03;176.463;1199.49;2048;15.9657;0.891293
8.7101;1023.03;181.364;1204.39;2048;16.2855;0.891293
8.7201;1023.03;179.1;1202.13;2048;17.2682;0.891293
8.7301;1023.03;173.701;1196.73;2048;17.88;0.891293
8.7401;1023.03;176.091;1199.12;2048;19.8352;0.891293
8.7501;1023.03;174.432;1197.46;2048;18.5444;0.891293
8.76011;1023.03;172.117;1195.15;2048;18.8311;0.891293
8.77011;1023.03;177.957;1200.99;2048;17.1276;0.891293
8.78011;1023.03;175.88;1198.91;2048;19.5789;0.891293
8.79011;1023.03;174.718;1197.75;2048;19.8868;0.891293
8.80011;1023.03;172.757;1195.79;2048;18.2599;0.891293
8.81011;1023.03;171.989;1195.02;2048;18.754;0.891293
8.82011;1023.03;172.512;1195.54;2048;17.7042;0.891293
8.83011;1023.03;178.537;1201.57;2048;17.7427;0.891293
8.84011;1023.03;175.358;1198.39;2048;16.4097;0.891293
8.85011;1023.03;171.319;1194.35;2048;18.7681;0.891293
8.86011;1023.03;176.161;1199.19;2048;19.6587;0.891293
8.87011;1023.03;173.868;1196.9;2048;18.2853;0.891293
8.88011;1023.03;172.837;1195.87;2048;18.362;0.891293
8.89011;1023.03;171.85;1194.88;2048;16.8812;0.891293
8.90011;1023.03;177.222;1200.25;2048;16.6066;0.891293
8.91011;1023.03;176.699;1199.73;2048;17.5665;0.891293
8.92011;1023.03;169.716;1192.74;2048;18.2242;0.891293
8.93011;1023.03;175.52;1198.55;2048;20.8093;0.891293
8.94011;1023.03;172.244;1195.27;2048;19.5791;0.891293
8.95011;1023.03;170.325;1193.35;2048;19.3653;0.891293
8.96011;1023.03;170.412;1193.44;2048;17.4237;0.891293
8.97011;1023.03;177.775;1200.8;2048;18.4986;0.891293
8.98011;1023.03;175.614;1198.64;2048;18.1015;0.891293
8.99011;1023.03;168.014;1191.04;2048;19.6001;0.891293
9.00011;1023.03;175.306;1198.33;2048;19.7139;0.891293
9.01011;1023.03;170.729;1193.76;2048;18.4447;0.891293
9.02011;1023.03;168.354;1191.38;2048;17.8048;0.891293
9.03011;1023.03;169.525;1192.55;2048;16.1969;0.891293
9.04011;1023.03;178.626;1201.65;2048;19.9604;0.891293
9.05011;1023.03;170.316;1193.34;2048;20.4976;0.891293
9.06011;1023.03;167.208;1190.24;2048;19.4862;0.891293
9.07011;1023.03;173.07;1196.1;2048;19.1972;0.891293
9.08011;1023.03;169.357;1192.39;2048;17.4095;0.891293
9.09011;1023.03;169.133;1192.16;2048;16.8526;0.891293
9.10011;1023.03;169.617;1192.65;2048;15.4032;0.891293
9.11011;1023.03;174.167;1197.2;2048;15.9332;0.891293
9.12011;1023.03;170.037;1193.07;2048;16.7464;0.891293
9.13011;1023.03;171.604;1194.63;2048;17.7406;0.891293
9.14011;1023.03;172.924;1195.95;2048;18.5993;0.891293
9.15011;1023.03;170.126;1193.15;2048;19.4451;0.891293
9.16011;1023.03;167.377;1190.41;2048;19.7303;0.891293
9.17011;1023.03;169.201;1192.23;2048;18.2446;0.891293
9.18011;1023.03;171.413;1194.44;2048;19.6159;0.891293
9.19011;1023.03;167.555;1190.58;2048;19.2455;0.891293
9.20012;1023.03;169.612;1192.64;2048;19.2339;0.891293
9.21012;1023.03;172.785;1195.81;2048;18.2823;0.891293
9.22012;1023.03;168.704;1191.73;2048;19.8391;0.891293
9.23012;1023.03;166.687;1189.72;2048;19.6867;0.891293
9.24012;1023.03;167.56;1190.59;2048;18.0958;0.891293
9.25012;1023.03;163.871;1186.9;2048;18.2221;0.891293
9.26012;1023.03;167.355;1190.38;2048;17.6409;0.891293
9.27012;1023.03;168.906;1191.93;2048;17.7894;0.891293
9.28012;1023.03;168.466;1191.49;2048;16.4211;0.891293
9.29012;1023.03;171.749;1194.78;2048;18.2763;0.891293
9.30012;1023.03;170.531;1193.56;2048;18.727;0.891293
9.31012;1023.03;165.794;1188.82;2048;17.0384;0.891293
9.32012;1023.03;171.001;1194.03;2048;17.307;0.891293
9.33012;1023.03;166.484;1189.51;2048;16.0745;0.891293
9.34012;1023.03;164.553;1187.58;2048;15.9132;0.891293
9.35012;1023.03;166.98;1190.01;2048;14.5852;0.891293
9.36012;1023.03;172.032;1195.06;2048;16.0608;0.891293
9.37012;1023.03;168.067;1191.1;2048;17.2175;0.891293
9.38012;1023.03;163.799;1186.83;2048;17.8842;0.891293
9.39012;1023.03;169.712;1192.74;2048;19.1705;0.891293
9.40012;1023.03;165.424;1188.45;2048;18.975;0.891293
9.41012;1023.03;163.845;1186.87;2048;19.5904;0.891293
9.42012;1023.03;164.428;1187.46;2048;18.0642;0.891293
9.43012;1023.03;169.692;1192.72;2048;19.548;0.891293
9.44012;1023.03;164.431;1187.46;2048;18.9183;0.891293
9.45012;1023.03;166.706;1189.74;2048;19.7108;0.891293
9.46012;1023.03;168.607;1191.64;2048;18.7189;0.891293
9.47012;1023.03;166.392;1189.42;2048;19.6436;0.891293
9.48012;1023.03;163.654;1186.68;2048;18.8856;0.891293
9.49012;1023.03;164.304;1187.33;2048;17.6136;0.891293
9.50012;1023.03;162.443;1185.47;2048;17.9348;0.891293
9.51012;1023.03;165.1;1188.13;2048;17.8296;0.891293
9.52012;1023.03;160.339;1183.37;2048;17.6674;0.891293
9.53012;1023.03;164.134;1187.16;2048;16.5053;0.891293
9.54012;1023.03;172.385;1195.41;2048;17.7525;0.891293
9.55012;1023.03;167.419;1190.45;2048;17.0082;0.891293
9.56012;1023.03;161.665;1184.69;2048;15.8634;0.891293
9.57012;1023.03;167.36;1190.39;2048;16.1861;0.891293
9.58012;1023.03;163.967;1187;2048;15.1877;0.891293
9.59012;1023.03;164.052;1187.08;2048;15.3968;0.891293
9.60012;1023.03;162.475;1185.5;2048;14.3064;0.891293
9.61012;1023.03;166.994;1190.02;2048;14.7308;0.891293
9.62012;1023.03;164.334;1187.36;2048;15.659;0.891293
9.63013;1023.03;165.405;1188.43;2048;16.583;0.891293
9.64013;1023.03;164.426;1187.45;2048;18.1494;0.891293
9.65013;1023.03;167.989;1191.02;2048;18.8807;0.891293
9.66013;1023.03;165.901;1188.93;2048;19.3429;0.891293
9.67013;1023.03;161.594;1184.62;2048;19.1051;0.891293
9.68013;1023.03;160.632;1183.66;2048;21.6865;0.891293
9.69013;1023.03;163.432;1186.46;2048;20.2277;0.891293
9.70013;1023.03;160.004;1183.03;2048;20.7997;0.891293
9.71013;1023.03;160.171;1183.2;2048;19.5335;0.891293
9.72013;1023.03;164.757;1187.79;2048;19.335;0.891293
9.73013;1023.03;166.413;1189.44;2048;17.7257;0.891293
9.74013;1023.03;161.548;1184.58;2048;20.1732;0.891293
9.75013;1023.03;163.851;1186.88;2048;19.9614;0.891293
9.76013;1023.03;159.227;1182.26;2048;19.1742;0.891293
9.77013;1023.03;165.348;1188.38;2048;18.7334;0.891293
9.78013;1023.03;161.178;1184.21;2048;17.4636;0.891293
9.79013;1023.03;158.946;1181.97;2048;16.9002;0.891293
9.80013;1023.03;160.962;1183.99;2048;15.4487;0.891293
9.81013;1023.03;166.731;1189.76;2048;16.493;0.891293
9.82013;1023.03;161.216;1184.24;2048;17.0987;0.891293
9.83013;1023.03;162.017;1185.05;2048;18.8731;0.891293
9.84013;1023.03;161;1184.03;2048;18.5493;0.891293
9.85013;1023.03;165.014;1188.04;2048;18.9866;0.891293
9.86013;1023.03;164.529;1187.56;2048;17.8541;0.891293
9.87013;1023.03;158.978;1182.01;2048;17.168;0.891293
9.88013;1023.03;161.845;1184.87;2048;17.5737;0.891293
9.89013;1023.03;161.101;1184.13;2048;16.2572;0.891293
9.90013;1023.03;161.547;1184.58;2048;16.757;0.891293
9.91013;1023.03;158.895;1181.92;2048;15.6914;0.891293
9.92013;1023.03;157.741;1180.77;2048;15.2042;0.891293
9.93013;1023.03;161.072;1184.1;2048;14.189;0.891293
9.94013;1023.03;164.1;1187.13;2048;15.1317;0.891293
9.95013;1023.03;160.062;1183.09;2048;17.5877;0.891293
9.96013;1023.03;160.404;1183.43;2048;17.9978;0.891293
9.97013;1023.03;162.976;1186.01;2048;18.5695;0.891293
9.98013;1023.03;160.943;1183.97;2048;18.4682;0.891293
9.99013;1023.03;158.566;1181.59;2048;19.3988;0.891293
10.0001;1023.03;159.048;1182.08;2048;18.1826;0.891293
10.0101;1023.03;156.707;1179.74;2048;20.0859;0.891293
10.0201;1023.03;158.82;1181.85;2048;18.5667;0.891293
10.0301;1023.03;156.206;1179.24;2048;18.8689;0.891293
10.0401;1023.03;157.106;1180.13;2048;16.9755;0.891293
10.0501;1023.03;164.014;1187.04;2048;17.3027;0.891293
10.0601;1023.03;161.559;1184.59;2048;15.8911;0.891293
10.0701;1023.03;155.779;1178.81;2048;16.9169;0.891293
10.0801;1023.03;160.157;1183.19;2048;17.0632;0.891293
10.0901;1023.03;155.725;1178.75;2048;17.3071;0.891293
10.1001;1023.03;161.949;1184.98;2048;16.9233;0.891293
10.1101;1023.03;157.001;1180.03;2048;17.8163;0.891293
10.1201;1023.03;154.162;1177.19;2048;17.6025;0.891293
10.1301;1023.03;157.623;1180.65;2048;16.5527;0.891293
10.1401;1023.03;155.926;1178.95;2048;16.8678;0.891293
10.1501;1023.03;156.883;1179.91;2048;16.263;0.891293
10.1601;1023.03;151.729;1174.76;2048;16.4359;0.891293
10.1701;1023.03;155.58;1178.61;2048;15.2487;0.891293
10.1801;1023.03;164.062;1187.09;2048;15.4009;0.891293
10.1901;1023.03;157.329;1180.36;2048;14.6759;0.891293
10.2001;1023.03;153.371;1176.4;2048;15.5473;0.891293
10.2101;1023.03;155.896;1178.92;2048;16.2712;0.891293
10.2201;1023.03;154.566;1177.6;2048;16.7552;0.891293
10.2301;1023.03;159.605;1182.63;2048;16.0268;0.891293
10.2401;1023.03;155.246;1178.28;2048;17.4895;0.891293
10.2501;1023.03;155.298;1178.33;2048;17.2079;0.891293
10.2601;1023.03;156.578;1179.61;2048;15.9693;0.891293
10.2701;1023.03;153.998;1177.03;2048;16.2206;0.891293
10.2801;1023.03;154.974;1178;2048;15.9201;0.891293
10.2901;1023.03;151.514;1174.54;2048;15.7435;0.891293
10.3001;1023.03;155.597;1178.63;2048;14.6627;0.891293
10.3101;1023.03;160.951;1183.98;2048;14.406;0.891293
10.3201;1023.03;156.878;1179.91;2048;14.3622;0.891293
10.3301;1023.03;157.798;1180.83;2048;15.5033;0.891293
10.3401;1023.03;155.463;1178.49;2048;17.5663;0.891293
10.3501;1023.03;157.987;1181.02;2048;17.0945;0.891293
10.3601;1023.03;159.215;1182.24;2048;16.9308;0.891293
10.3701;1023.03;161.085;1184.11;2048;17.1316;0.891293
10.3801;1023.03;157.209;1180.24;2048;19.7098;0.891293
10.3901;1023.03;152.402;1175.43;2048;19.0615;0.891293
10.4001;1023.03;158.115;1181.14;2048;21.3989;0.891293
10.4101;1023.03;154.242;1177.27;2048;20.3128;0.891293
10.4201;1023.03;155.977;1179.01;2048;19.9941;0.891293
10.4301;1023.03;152.213;1175.24;2048;18.3994;0.891293
10.4401;1023.03;152.814;1175.84;2048;19.4777;0.891293
10.4501;1023.03;154.704;1177.73;2048;17.8534;0.891293
10.4601;1023.03;153.593;1176.62;2048;19.2822;0.891293
10.4701;1023.03;152.634;1175.66;2048;18.2928;0.891293
10.4801;1023.03;150.52;1173.55;2048;18.5164;0.891293
10.4901;1023.03;153.857;1176.89;2048;16.4119;0.891293
10.5001;1023.03;159.925;1182.95;2048;18.7323;0.891293
10.5101;1023.03;156.85;1179.88;2048;17.7968;0.891293
10.5201;1023.03;151.918;1174.95;2048;20.6369;0.891293
10.5301;1023.03;154.864;1177.89;2048;20.2569;0.891293
10.5401;1023.03;152.482;1175.51;2048;20.1072;0.891293
10.5501;1023.03;157.743;1180.77;2048;18.6631;0.891293
10.5601;1023.03;151.954;1174.98;2048;18.6617;0.891293
10.5701;1023.03;150.27;1173.3;2048;18.4921;0.891293
10.5801;1023.03;152.534;1175.56;2048;17.2707;0.891293
10.5901;1023.03;148.466;1171.5;2048;17.4071;0.891293
10.6001;1023.03;151.659;1174.69;2048;16.7762;0.891293
10.6101;1023.03;147.497;1170.53;2048;16.6364;0.891293
10.6201;1023.03;150.725;1173.75;2048;15.3614;0.891293
10.6301;1023.03;158.922;1181.95;2048;17.5929;0.891293
10.6401;1023.03;151.963;1174.99;2048;17.0058;0.891293
10.6501;1023.03;151.17;1174.2;2048;18.9879;0.891293
10.6601;1023.03;150.525;1173.55;2048;18.8003;0.891293
10.6701;1023.03;157.087;1180.12;2048;19.747;0.891293
10.6801;1023.03;154.509;1177.54;2048;18.2794;0.891293
10.6901;1023.03;154.93;1177.96;2048;20.2488;0.891293
10.7001;1023.03;154.816;1177.84;2048;19.3418;0.891293
10.7101;1023.03;149.478;1172.51;2048;19.3314;0.891293
10.7201;1023.03;154.109;1177.14;2048;18.6967;0.891293
10.7302;1023.03;151.028;1174.06;2048;17.3058;0.891293
10.7402;1023.03;154.9;1177.93;2048;16.3966;0.891293
10.7502;1023.03;150.522;1173.55;2048;16.2996;0.891293
10.7602;1023.03;150.637;1173.67;2048;15.9125;0.891293
10.7702;1023.03;152.236;1175.26;2048;15.1192;0.891293
10.7802;1023.03;149.811;1172.84;2048;15.4349;0.891293
10.7902;1023.03;150.827;1173.86;2048;15.1702;0.891293
10.8002;1023.03;148.147;1171.18;2048;15.109;0.891293
10.8102;1023.03;150.298;1173.33;2048;14.1292;0.891293
10.8202;1023.03;151.236;1174.27;2048;13.7325;0.891293
10.8302;1023.03;151.327;1174.36;2048;13.6147;0.891293
10.8402;1023.03;153.507;1176.54;2048;14.3865;0.891293
10.8502;1023.03;150.448;1173.48;2048;15.9182;0.891293
10.8602;1023.03;150.063;1173.09;2048;15.2833;0.891293
10.8702;1023.03;153.583;1176.61;2048;15.1285;0.891293
10.8802;1023.03;155.849;1178.88;2048;15.1278;0.891293
10.8902;1023.03;154.519;1177.55;2048;18.4629;0.891293
10.9002;1023.03;148.459;1171.49;2048;18.802;0.891293
10.9102;1023.03;152.593;1175.62;2048;21.0865;0.891293
10.9202;1023.03;149.885;1172.91;2048;20.2867;0.891293
10.9302;1023.03;153.933;1176.96;2048;20.2178;0.891293
10.9402;1023.03;150.182;1173.21;2048;19.6142;0.891293
10.9502;1023.03;149.706;1172.74;2048;20.932;0.891293
10.9602;1023.03;149.674;1172.7;2048;19.53;0.891293
10.9702;1023.03;149.587;1172.62;2048;22.0346;0.891293
10.9802;1023.03;149.313;1172.34;2048;19.9005;0.891293
10.9902;1023.03;148.856;1171.89;2048;19.9301;0.891293
11.0002;1023.03;146.987;1170.02;2048;18.2269;0.891293
11.0102;1023.03;149.421;1172.45;2048;18.0988;0.891293
11.0202;1023.03;148.442;1171.47;2048;16.5198;0.891293
11.0302;1023.03;152.233;1175.26;2048;18.6165;0.891293
11.0402;1023.03;147.672;1170.7;2048;18.0057;0.891293
11.0502;1023.03;147.19;1170.22;2048;17.8712;0.891293
11.0602;1023.03;149.778;1172.81;2048;16.15;0.891293
11.0702;1023.03;154.433;1177.46;2048;18.053;0.891293
11.0802;1023.03;153.056;1176.08;2048;17.0255;0.891293
11.0902;1023.03;146.936;1169.96;2048;20.1379;0.891293
11.1002;1023.03;150.44;1173.47;2048;19.6813;0.891293
11.1102;1023.03;147.422;1170.45;2048;19.4922;0.891293
11.1202;1023.03;152.656;1175.69;2048;17.9981;0.891293
11.1302;1023.03;150.198;1173.23;2048;19.1468;0.891293
11.1402;1023.03;149.247;1172.28;2048;17.6207;0.891293
11.1502;1023.03;146.111;1169.14;2048;16.6661;0.891293
11.1602;1023.03;149.033;1172.06;2048;17.2095;0.891293
11.1702;1023.03;147.097;1170.13;2048;16.3987;0.891293
11.1802;1023.03;148.826;1171.85;2048;16.2616;0.891293
11.1902;1023.03;147.055;1170.08;2048;15.2662;0.891293
11.2002;1023.03;145.673;1168.7;2048;14.8656;0.891293
11.2102;1023.03;148.316;1171.34;2048;13.5623;0.891293
11.2202;1023.03;151.892;1174.92;2048;14.4883;0.891293
11.2302;1023.03;148.034;1171.06;2048;14.907;0.891293
11.2402;1023.03;142.515;1165.54;2048;14.8924;0.891293
11.2502;1023.03;146.097;1169.13;2048;13.9055;0.891293
11.2602;1023.03;152.385;1175.41;2048;14.243;0.891293
11.2702;1023.03;147.857;1170.89;2048;13.0377;0.891293
11.2802;1023.03;153.175;1176.2;2048;16.103;0.891293
11.2902;1023.03;146.291;1169.32;2048;16.6112;0.891293
11.3002;1023.03;149.441;1172.47;2048;17.6247;0.891293
11.3102;1023.03;147.666;1170.7;2048;16.5784;0.891293
11.3202;1023.03;155.401;1178.43;2048;18.8973;0.891293
11.3302;1023.03;150.537;1173.57;2048;17.0155;0.891293
11.3402;1023.03;144.941;1167.97;2048;17.8882;0.891293
11.3502;1023.03;149.162;1172.19;2048;17.8062;0.891293
11.3602;1023.03;146.049;1169.08;2048;16.6605;0.891293
11.3702;1023.03;150.025;1173.05;2048;16.5348;0.891293
11.3802;1023.03;146.356;1169.38;2048;16.8777;0.891293
11.3902;1023.03;147.358;1170.39;2048;15.7735;0.891293
11.4002;1023.03;147.147;1170.18;2048;14.419;0.891293
11.4102;1023.03;145.605;1168.63;2048;14.4723;0.891293
11.4202;1023.03;147.517;1170.55;2048;14.3063;0.891293
11.4302;1023.03;145.886;1168.92;2048;14.8029;0.891293
11.4402;1023.03;145.195;1168.22;2048;14.3125;0.891293
11.4502;1023.03;144.493;1167.52;2048;13.9269;0.891293
11.4602;1023.03;146.677;1169.71;2048;13.124;0.891293
11.4702;1023.03;150.289;1173.32;2048;13.5236;0.891293
11.4802;1023.03;146.587;1169.62;2048;14.8783;0.891293
11.4902;1023.03;145.318;1168.35;2048;14.7841;0.891293
11.5002;1023.03;146.543;1169.57;2048;15.3215;0.891293
11.5102;1023.03;150.82;1173.85;2048;14.9764;0.891293
11.5202;1023.03;149.971;1173;2048;14.1978;0.891293
11.5302;1023.03;148.732;1171.76;2048;15.3434;0.891293
11.5402;1023.03;148.464;1171.49;2048;18.2896;0.891293
11.5502;1023.03;143.668;1166.7;2048;18.0806;0.891293
11.5602;1023.03;148.775;1171.8;2048;19.1043;0.891293
11.5702;1023.03;149.739;1172.77;2048;18.3875;0.891293
11.5802;1023.03;146.663;1169.69;2048;19.2582;0.891293
11.5902;1023.03;144.497;1167.53;2048;18.1207;0.891293
11.6002;1023.03;144.354;1167.38;2048;20.9086;0.891293
11.6102;1023.03;145.37;1168.4;2048;19.2917;0.891293
11.6202;1023.03;146.194;1169.22;2048;19.6312;0.891293
11.6302;1023.03;143.103;1166.13;2048;17.8457;0.891293
11.6402;1023.03;143.046;1166.08;2048;18.0002;0.891293
11.6502;1023.03;143.637;1166.67;2048;15.9662;0.891293
11.6602;1023.03;148.852;1171.88;2048;18.0323;0.891293
11.6702;1023.03;144.417;1167.45;2048;17.2991;0.891293
11.6802;1023.03;143.6;1166.63;2048;18.1745;0.891293
11.6902;1023.03;143.034;1166.06;2048;16.9028;0.891293
11.7002;1023.03;146.104;1169.13;2048;17.0565;0.891293
11.7102;1023.03;147.419;1170.45;2048;15.0074;0.891293
11.7202;1023.03;149.406;1172.43;2048;19.4752;0.891293
11.7302;1023.03;146.482;1169.51;2048;18.8328;0.891293
11.7402;1023.03;142.503;1165.53;2048;20.042;0.891293
11.7502;1023.03;146.449;1169.48;2048;18.6934;0.891293
11.7602;1023.03;148.299;1171.33;2048;19.0319;0.891293
11.7702;1023.03;148.045;1171.07;2048;17.5268;0.891293
11.7802;1023.03;142.066;1165.09;2048;19.2611;0.891293
11.7902;1023.03;143.475;1166.5;2048;19.1394;0.891293
11.8002;1023.03;142.162;1165.19;2048;18.0269;0.891293
11.8102;1023.03;146.592;1169.62;2048;17.9313;0.891293
11.8202;1023.03;142.932;1165.96;2048;17.2585;0.891293
11.8302;1023.03;142.981;1166.01;2048;16.4164;0.891293
11.8402;1023.03;143.05;1166.08;2048;14.7148;0.891293
11.8502;1023.03;142.127;1165.16;2048;15.3498;0.891293
11.8602;1023.03;144.54;1167.57;2048;14.9798;0.891293
11.8702;1023.03;139.226;1162.25;2048;15.515;0.891293
11.8802;1023.03;142.346;1165.37;2048;14.8007;0.891293
11.8902;1023.03;139.619;1162.65;2048;14.6985;0.891293
11.9002;1023.03;142.322;1165.35;2048;13.0491;0.891293
11.9102;1023.03;149.992;1173.02;2048;14.1699;0.891293
11.9202;1023.03;143.146;1166.18;2048;14.7559;0.891293
11.9302;1023.03;146.678;1169.71;2048;16.5347;0.891293
11.9402;1023.03;141.986;1165.02;2048;16.515;0.891293
11.9502;1023.03;147.235;1170.26;2048;16.3688;0.891293
11.9602;1023.03;145.395;1168.42;2048;14.9903;0.891293
11.9702;1023.03;148.529;1171.56;2048;17.9645;0.891293
11.9802;1023.03;145.031;1168.06;2048;17.6136;0.891293
11.9902;1023.03;140.393;1163.42;2048;18.6208;0.891293
12.0002;1023.03;143.517;1166.55;2048;18.4551;0.891293
12.0102;1023.03;142.675;1165.7;2048;19.1974;0.891293
12.0202;1023.03;146.829;1169.86;2048;17.775;0.891293
12.0302;1023.03;143.181;1166.21;2048;19.4853;0.891293
12.0402;1023.03;146.637;1169.67;2048;18.2124;0.891293
12.0502;1023.03;141.443;1164.47;2048;17.3797;0.891293
12.0602;1023.03;145.535;1168.56;2048;16.8908;0.891293
12.0702;1023.03;142.705;1165.73;2048;17.0297;0.891293
12.0802;1023.03;146.692;1169.72;2048;15.9009;0.891293
12.0902;1023.03;143.133;1166.16;2048;15.6456;0.891293
12.1002;1023.03;144.81;1167.84;2048;15.5541;0.891293
12.1102;1023.03;142.83;1165.86;2048;15.1781;0.891293
12.1202;1023.03;145.627;1168.66;2048;15.287;0.891293
12.1302;1023.03;143.273;1166.3;2048;14.8189;0.891293
12.1402;1023.03;144.583;1167.61;2048;14.7385;0.891293
12.1502;1023.03;142.276;1165.3;2048;14.0468;0.891293
12.1602;1023.03;141.8;1164.83;2048;13.4818;0.891293
12.1702;1023.03;143.725;1166.75;2048;12.933;0.891293
12.1802;1023.03;140.166;1163.19;2048;13.3789;0.891293
12.1902;1023.03;142.498;1165.53;2048;14.312;0.891293
12.2002;1023.03;139.062;1162.09;2048;14.4221;0.891293
12.2102;1023.03;142.244;1165.27;2048;13.858;0.891293
12.2202;1023.03;142.744;1165.77;2048;13.27;0.891293
12.2302;1023.03;143.496;1166.52;2048;14.1449;0.891293
12.2402;1023.03;145.058;1168.09;2048;15.3118;0.891293
12.2502;1023.03;141.809;1164.84;2048;17.0335;0.891293
12.2602;1023.03;142.749;1165.78;2048;16.3052;0.891293
12.2702;1023.03;144.27;1167.3;2048;16.1084;0.891293
12.2802;1023.03;147.363;1170.39;2048;15.8883;0.891293
12.2902;1023.03;145.938;1168.97;2048;16.087;0.891293
12.3002;1023.03;142.432;1165.46;2048;16.8486;0.891293
12.3102;1023.03;143.464;1166.49;2048;19.6947;0.891293
12.3202;1023.03;142.457;1165.49;2048;19.1122;0.891293
12.3302;1023.03;144.857;1167.89;2048;18.749;0.891293
12.3402;1023.03;147.708;1170.74;2048;17.624;0.891293
12.3502;1023.03;145.578;1168.61;2048;18.349;0.891293
12.3602;1023.03;140.981;1164.01;2048;18.6893;0.891293
12.3702;1023.03;144.906;1167.93;2048;22.0191;0.891293
12.3802;1023.03;139.715;1162.74;2048;21.0272;0.891293
12.3902;1023.03;144.824;1167.85;2048;21.2732;0.891293
12.4002;1023.03;146.689;1169.72;2048;20.1246;0.891293
12.4102;1023.03;143.05;1166.08;2048;20.2561;0.891293
12.4202;1023.03;140.39;1163.42;2048;19.7856;0.891293
12.4302;1023.03;141.3;1164.33;2048;23.5345;0.891293
12.4402;1023.03;140.604;1163.63;2048;20.9211;0.891293
12.4502;1023.03;143.291;1166.32;2048;20.849;0.891293
12.4602;1023.03;139.194;1162.22;2048;19.0068;0.891293
12.4702;1023.03;139.841;1162.87;2048;19.2472;0.891293
12.4802;1023.03;139.489;1162.52;2048;17.3498;0.891293
12.4902;1023.03;139.44;1162.47;2048;19.0114;0.891293
12.5002;1023.03;141.023;1164.05;2048;17.2431;0.891293
12.5102;1023.03;138.637;1161.67;2048;18.4572;0.891293
12.5202;1023.03;138.585;1161.61;2048;16.8077;0.891293
12.5302;1023.03;138.159;1161.19;2048;16.992;0.891293
12.5402;1023.03;138.966;1162;2048;14.7428;0.891293
12.5502;1023.03;142.956;1165.99;2048;16.7545;0.891293
12.5602;1023.03;140.951;1163.98;2048;15.6128;0.891293
12.5702;1023.03;138.071;1161.1;2048;16.5347;0.891293
12.5802;1023.03;139.182;1162.21;2048;15.4936;0.891293
12.5902;1023.03;138.249;1161.28;2048;15.9747;0.891293
12.6002;1023.03;139.032;1162.06;2048;14.4392;0.891293
12.6102;1023.03;144.715;1167.74;2048;17.1317;0.891293
12.6202;1023.03;139.812;1162.84;2048;16.4359;0.891293
12.6302;1023.03;142.576;1165.6;2048;17.6559;0.891293
12.6402;1023.03;138.293;1161.32;2048;16.7419;0.891293
12.6502;1023.03;137.839;1160.87;2048;17.1621;0.891293
12.6602;1023.03;141.042;1164.07;2048;15.2756;0.891293
12.6702;1023.03;145.964;1168.99;2048;17.3176;0.891293
12.6802;1023.03;142.146;1165.18;2048;16.3123;0.891293
12.6902;1023.03;141.799;1164.83;2048;19.2779;0.891293
12.7002;1023.03;138.822;1161.85;2048;18.4804;0.891293
12.7102;1023.03;141.215;1164.24;2048;18.0349;0.891293
12.7202;1023.03;141.823;1164.85;2048;16.197;0.891293
12.7302;1023.03;145.478;1168.51;2048;17.0188;0.891293
12.7402;1023.03;143.275;1166.3;2048;15.3319;0.891293
12.7502;1023.03;142.335;1165.36;2048;18.3877;0.891293
12.7602;1023.03;139.124;1162.15;2048;17.6948;0.891293
12.7702;1023.03;141.11;1164.14;2048;17.7477;0.891293
12.7802;1023.03;141.665;1164.69;2048;16.1553;0.891293
12.7902;1023.03;144.65;1167.68;2048;17.733;0.891293
12.8002;1023.03;144.224;1167.25;2048;16.5771;0.891293
12.8102;1023.03;137.611;1160.64;2048;20.136;0.891293
12.8202;1023.03;141.368;1164.4;2048;19.539;0.891293
12.8302;1023.03;137.388;1160.42;2048;19.2807;0.891293
12.8402;1023.03;142.28;1165.31;2048;17.78;0.891293
12.8502;1023.03;144.328;1167.36;2048;18.1901;0.891293
12.8602;1023.03;143.943;1166.97;2048;16.2629;0.891293
12.8702;1023.03;137.934;1160.96;2048;20.2821;0.891293
12.8802;1023.03;142.171;1165.2;2048;20.1801;0.891293
12.8902;1023.03;136.212;1159.24;2048;19.9947;0.891293
12.9002;1023.03;141.856;1164.88;2048;18.6189;0.891293
12.9102;1023.03;142.877;1165.91;2048;18.398;0.891293
12.9202;1023.03;142.551;1165.58;2048;17.1703;0.891293
12.9302;1023.03;136.243;1159.27;2048;18.005;0.891293
12.9402;1023.03;139.189;1162.22;2048;18.2564;0.891293
12.9502;1023.03;135.729;1158.76;2048;18.0434;0.891293
12.9602;1023.03;142.076;1165.11;2048;17.417;0.891293
12.9702;1023.03;137.409;1160.44;2048;17.1406;0.891293
12.9802;1023.03;139.843;1162.87;2048;16.3619;0.891293
12.9902;1023.03;136.24;1159.27;2048;16.6949;0.891293
13.0002;1023.03;136.964;1159.99;2048;16.9252;0.891293
13.0102;1023.03;135.693;1158.72;2048;16.1583;0.891293
13.0202;1023.03;142.2;1165.23;2048;16.5179;0.891293
13.0302;1023.03;136.937;1159.97;2048;16.4844;0.891293
13.0402;1023.03;141.693;1164.72;2048;15.5417;0.891293
13.0502;1023.03;136.578;1159.61;2048;14.9068;0.891293
13.0602;1023.03;136.922;1159.95;2048;15.6847;0.891293
13.0702;1023.03;135.573;1158.6;2048;15.2452;0.891293
13.0802;1023.03;139.306;1162.33;2048;15.8248;0.891293
13.0902;1023.03;136.334;1159.36;2048;15.0451;0.891293
13.1002;1023.03;139.768;1162.8;2048;15.0898;0.891293
13.1102;1023.03;136.655;1159.68;2048;15.3374;0.891293
13.1202;1023.03;136.715;1159.74;2048;15.111;0.891293
13.1302;1023.03;135.368;1158.4;2048;15.078;0.891293
13.1402;1023.03;138.419;1161.45;2048;15.6215;0.891293
13.1502;1023.03;135.893;1158.92;2048;14.8251;0.891293
13.1602;1023.03;140.25;1163.28;2048;14.9297;0.891293
13.1702;1023.03;136.457;1159.49;2048;15.8969;0.891293
13.1802;1023.03;135.851;1158.88;2048;15.4829;0.891293
13.1902;1023.03;135.666;1158.69;2048;14.4976;0.891293
13.2002;1023.03;134.976;1158;2048;15.4477;0.891293
13.2102;1023.03;135.988;1159.02;2048;14.8452;0.891293
13.2202;1023.03;138.032;1161.06;2048;15.0393;0.891293
13.2302;1023.03;135.445;1158.47;2048;14.253;0.891293
13.2402;1023.03;135.327;1158.36;2048;14.0744;0.891293
13.2502;1023.03;135.793;1158.82;2048;13.8949;0.891293
13.2602;1023.03;134.354;1157.38;2048;14.85;0.891293
13.2702;1023.03;135.548;1158.58;2048;14.1396;0.891293
13.2802;1023.03;137.979;1161.01;2048;14.8061;0.891293
13.2902;1023.03;134.873;1157.9;2048;14.2464;0.891293
13.3002;1023.03;135.112;1158.14;2048;14.3514;0.891293
13.3102;1023.03;135.174;1158.2;2048;12.9952;0.891293
13.3202;1023.03;133.156;1156.19;2048;14.0134;0.891293
13.3302;1023.03;135.707;1158.74;2048;13.3447;0.891293
13.3402;1023.03;136.124;1159.15;2048;14.269;0.891293
13.3502;1023.03;134.656;1157.69;2048;13.5639;0.891293
13.3602;1023.03;136.308;1159.34;2048;13.6279;0.891293
13.3702;1023.03;134.85;1157.88;2048;13.0978;0.891293
13.3802;1023.03;134.311;1157.34;2048;14.0606;0.891293
13.3902;1023.03;134.795;1157.82;2048;13.6497;0.891293
13.4002;1023.03;135.983;1159.01;2048;14.5396;0.891293
13.4102;1023.03;134.524;1157.55;2048;13.5213;0.891293
13.4202;1023.03;136.119;1159.15;2048;13.8507;0.891293
13.4302;1023.03;134.463;1157.49;2048;14.6671;0.891293
13.4402;1023.03;134.179;1157.21;2048;15.373;0.891293
13.4502;1023.03;134.475;1157.5;2048;14.3202;0.891293
13.4602;1023.03;135.801;1158.83;2048;14.8845;0.891293
13.4702;1023.03;134.469;1157.5;2048;14.3668;0.891293
13.4802;1023.03;137.821;1160.85;2048;14.6471;0.891293
13.4902;1023.03;134.529;1157.56;2048;14.2074;0.891293
13.5002;1023.03;134.038;1157.07;2048;14.4185;0.891293
13.5102;1023.03;134.083;1157.11;2048;14.1222;0.891293
13.5202;1023.03;133.224;1156.25;2048;15.148;0.891293
13.5302;1023.03;133.953;1156.98;2048;14.2671;0.891293
13.5402;1023.03;136.641;1159.67;2048;14.5155;0.891293
13.5502;1023.03;133.747;1156.78;2048;14.1389;0.891293
13.5602;1023.03;134.163;1157.19;2048;14.0313;0.891293
13.5702;1023.03;133.281;1156.31;2048;13.1286;0.891293
13.5802;1023.03;133.132;1156.16;2048;14.1203;0.891293
13.5902;1023.03;133.346;1156.37;2048;13.7357;0.891293
13.6002;1023.03;137.288;1160.32;2048;14.2245;0.891293
13.6102;1023.03;133.168;1156.2;2048;14.6905;0.891293
13.6202;1023.03;134.599;1157.63;2048;14.3972;0.891293
13.6302;1023.03;132.957;1155.99;2048;13.9109;0.891293
13.6402;1023.03;132.906;1155.93;2048;14.9899;0.891293
13.6502;1023.03;132.402;1155.43;2048;14.9242;0.891293
13.6602;1023.03;138.22;1161.25;2048;15.4874;0.891293
13.6702;1023.03;132.967;1156;2048;15.2057;0.891293
13.6802;1023.03;136.844;1159.87;2048;14.555;0.891293
13.6902;1023.03;132.64;1155.67;2048;15.7707;0.891293
13.7002;1023.03;133.642;1156.67;2048;16.2062;0.891293
13.7102;1023.03;131.467;1154.5;2048;15.6468;0.891293
13.7202;1023.03;138.076;1161.1;2048;16.2532;0.891293
13.7302;1023.03;132.427;1155.46;2048;16.9403;0.891293
13.7402;1023.03;138.646;1161.67;2048;15.676;0.891293
13.7502;1023.03;134.327;1157.36;2048;15.8541;0.891293
13.7602;1023.03;135.538;1158.57;2048;15.7317;0.891293
13.7702;1023.03;130.279;1153.31;2048;16.3521;0.891293
13.7802;1023.03;137.364;1160.39;2048;16.651;0.891293
13.7902;1023.03;131.345;1154.37;2048;16.2143;0.891293
13.8002;1023.03;137.58;1160.61;2048;15.6404;0.891293
13.8102;1023.03;136.528;1159.56;2048;16.0932;0.891293
13.8202;1023.03;136.841;1159.87;2048;14.5648;0.891293
13.8302;1023.03;130.564;1153.59;2048;15.1829;0.891293
13.8402;1023.03;136.326;1159.35;2048;15.9884;0.891293
13.8502;1023.03;130.589;1153.62;2048;17.1977;0.891293
13.8602;1023.03;136.043;1159.07;2048;16.4078;0.891293
13.8702;1023.03;137.391;1160.42;2048;15.7777;0.891293
13.8802;1023.03;137.672;1160.7;2048;14.4417;0.891293
13.8902;1023.03;133.025;1156.05;2048;17.8555;0.891293
13.9002;1023.03;135.802;1158.83;2048;17.88;0.891293
13.9102;1023.03;130.473;1153.5;2048;19.3887;0.891293
13.9202;1023.03;133.752;1156.78;2048;18.2697;0.891293
13.9302;1023.03;135.317;1158.35;2048;17.675;0.891293
13.9402;1023.03;136.254;1159.28;2048;15.5765;0.891293
13.9502;1023.03;137.01;1160.04;2048;17.5553;0.891293
13.9602;1023.03;135.183;1158.21;2048;17.6295;0.891293
13.9702;1023.03;131.48;1154.51;2048;19.2936;0.891293
13.9802;1023.03;131.785;1154.81;2048;18.6249;0.891293
13.9902;1023.03;133.612;1156.64;2048;17.8053;0.891293
14.0002;1023.03;134.44;1157.47;2048;15.4906;0.891293
14.0102;1023.03;137.656;1160.69;2048;16.4365;0.891293
14.0202;1023.03;134.245;1157.27;2048;15.7508;0.891293
14.0302;1023.03;135.152;1158.18;2048;18.7596;0.891293
14.0402;1023.03;130.697;1153.73;2048;18.2758;0.891293
14.0502;1023.03;129.572;1152.6;2048;17.3344;0.891293
14.0602;1023.03;131.138;1154.17;2048;15.2686;0.891293
14.0702;1023.03;133.707;1156.74;2048;15.0601;0.891293
14.0802;1023.03;132.001;1155.03;2048;13.4177;0.891293
14.0902;1023.03;135.43;1158.46;2048;16.4171;0.891293
14.1002;1023.03;130.659;1153.69;2048;16.308;0.891293
14.1102;1023.03;127.302;1150.33;2048;16.7258;0.891293
14.1202;1023.03;129.149;1152.18;2048;15.2059;0.891293
14.1302;1023.03;129.171;1152.2;2048;15.0929;0.891293
14.1402;1023.03;130.001;1153.03;2048;13.0832;0.891293
14.1502;1023.03;133.227;1156.26;2048;14.8309;0.891293
14.1602;1023.03;131.21;1154.24;2048;14.1935;0.891293
14.1702;1023.03;128.537;1151.57;2048;15.9457;0.891293
14.1802;1023.03;128.996;1152.02;2048;14.8642;0.891293
14.1902;1023.03;129.773;1152.8;2048;14.9538;0.891293
14.2002;1023.03;129.01;1152.04;2048;13.4279;0.891293
14.2102;1023.03;129.633;1152.66;2048;15.7308;0.891293
14.2202;1023.03;131.029;1154.06;2048;15.4751;0.891293
14.2302;1023.03;132.503;1155.53;2048;17.0497;0.891293
14.2402;1023.03;130.014;1153.04;2048;15.892;0.891293
14.2502;1023.03;133.08;1156.11;2048;16.4233;0.891293
14.2602;1023.03;131.335;1154.36;2048;15.6158;0.891293
14.2702;1023.03;131.846;1154.87;2048;17.6833;0.891293
14.2802;1023.03;128.788;1151.82;2048;17.0883;0.891293
14.2902;1023.03;133.831;1156.86;2048;20.2944;0.891293
14.3002;1023.03;129.259;1152.29;2048;19.1111;0.891293
14.3102;1023.03;133.763;1156.79;2048;19.1243;0.891293
14.3202;1023.03;136.233;1159.26;2048;17.6869;0.891293
14.3302;1023.03;134.057;1157.09;2048;17.8214;0.891293
14.3402;1023.03;131.868;1154.9;2048;18.0282;0.891293
14.3502;1023.03;132.886;1155.91;2048;20.6221;0.891293
14.3602;1023.03;131.646;1154.67;2048;19.2195;0.891293
14.3702;1023.03;131.758;1154.79;2048;19.3017;0.891293
14.3802;1023.03;134.767;1157.8;2048;17.5321;0.891293
14.3902;1023.03;133.954;1156.98;2048;16.7376;0.891293
14.4002;1023.03;134.163;1157.19;2048;17.0021;0.891293
14.4102;1023.03;131.827;1154.86;2048;19.7019;0.891293
14.4202;1023.03;130.773;1153.8;2048;18.2486;0.891293
14.4302;1023.03;129.581;1152.61;2048;18.3571;0.891293
14.4402;1023.03;127.379;1150.41;2048;16.73;0.891293
14.4502;1023.03;132.242;1155.27;2048;16.0305;0.891293
14.4602;1023.03;135.377;1158.41;2048;15.342;0.891293
14.4702;1023.03;131.055;1154.08;2048;16.3363;0.891293
14.4802;1023.03;131.274;1154.3;2048;15.774;0.891293
14.4902;1023.03;128.944;1151.97;2048;16.6268;0.891293
14.5002;1023.03;125.395;1148.42;2048;15.2656;0.891293
14.5102;1023.03;129.494;1152.52;2048;14.549;0.891293
14.5202;1023.03;128.105;1151.13;2048;13.4153;0.891293
14.5302;1023.03;129.737;1152.77;2048;14.5971;0.891293
14.5402;1023.03;127.501;1150.53;2048;14.2606;0.891293
14.5502;1023.03;129.333;1152.36;2048;14.847;0.891293
14.5602;1023.03;126.81;1149.84;2048;14.3921;0.891293
14.5702;1023.03;127.636;1150.66;2048;14.0876;0.891293
14.5802;1023.03;127.474;1150.5;2048;12.9018;0.891293
14.5902;1023.03;128.993;1152.02;2048;12.7712;0.891293
14.6002;1023.03;127.049;1150.08;2048;12.5656;0.891293
14.6102;1023.03;129.189;1152.22;2048;12.4877;0.891293
14.6202;1023.03;130.209;1153.24;2048;12.4588;0.891293
14.6302;1023.03;127.677;1150.71;2048;13.0144;0.891293
14.6402;1023.03;129.904;1152.93;2048;12.3012;0.891293
14.6502;1023.03;128.129;1151.16;2048;14.8435;0.891293
14.6602;1023.03;129.025;1152.05;2048;14.3577;0.891293
14.6702;1023.03;127.452;1150.48;2048;14.3871;0.891293
14.6802;1023.03;129.947;1152.98;2048;13.8738;0.891293
14.6902;1023.03;127.421;1150.45;2048;16.2999;0.891293
14.7002;1023.03;130.548;1153.58;2048;14.9663;0.891293
14.7102;1023.03;129.169;1152.2;2048;18.7161;0.891293
14.7202;1023.03;130.675;1153.7;2048;17.3564;0.891293
14.7302;1023.03;125.398;1148.43;2048;19.8136;0.891293
14.7402;1023.03;127.105;1150.13;2048;18.1979;0.891293
14.7502;1023.03;128.073;1151.1;2048;19.5561;0.891293
14.7602;1023.03;128.172;1151.2;2048;17.5022;0.891293
14.7702;1023.03;134.861;1157.89;2048;18.9679;0.891293
14.7802;1023.03;129.33;1152.36;2048;16.2428;0.891293
14.7902;1023.03;131.369;1154.4;2048;20.0536;0.891293
14.8002;1023.03;125.665;1148.69;2048;18.3072;0.891293
14.8102;1023.03;129.315;1152.34;2048;18.4172;0.891293
14.8202;1023.03;125.48;1148.51;2048;16.9963;0.891293
14.8302;1023.03;130.086;1153.11;2048;16.8894;0.891293
14.8402;1023.03;126.296;1149.32;2048;14.4951;0.891293
14.8502;1023.03;133.362;1156.39;2048;16.6717;0.891293
14.8602;1023.03;126.202;1149.23;2048;15.2872;0.891293
14.8702;1023.03;128.605;1151.63;2048;15.6951;0.891293
14.8802;1023.03;124.897;1147.93;2048;14.7413;0.891293
14.8902;1023.03;123.98;1147.01;2048;15.074;0.891293
14.9002;1023.03;124.933;1147.96;2048;13.4023;0.891293
14.9102;1023.03;126.308;1149.34;2048;14.0011;0.891293
14.9202;1023.03;126.443;1149.47;2048;12.6972;0.891293
14.9302;1023.03;123.668;1146.7;2048;13.6774;0.891293
14.9402;1023.03;125.121;1148.15;2048;12.8386;0.891293
14.9502;1023.03;127.659;1150.69;2048;13.5214;0.891293
14.9602;1023.03;125.121;1148.15;2048;14.0948;0.891293
14.9702;1023.03;125.932;1148.96;2048;14.2566;0.891293
14.9802;1023.03;123.91;1146.94;2048;13.0795;0.891293
14.9902;1023.03;127;1150.03;2048;14.2856;0.891293
